1029 121
889 239
540 125
968 601
876 84
866 739
364 132
629 24
1020 665
736 898
475 431
1019 411
508 566
311 244
1097 925
165 451
410 268
907 468
372 162
234 256
765 288
569 448
571 419
408 773
867 761
1020 526
563 789
1076 429
989 438
504 958
316 692
167 879
245 540
928 165
294 549
776 656
827 494
686 450
287 897
890 632
949 361
458 874
973 344
317 599
1015 880
739 889
1098 246
719 797
523 569
532 307
470 775
1034 875
970 762
907 838
172 59
940 368
659 742
1074 761
858 838
895 175
716 355
592 770
616 285
1043 174
1008 472
1027 541
754 372
1114 691
1043 989
959 485
296 756
573 321
914 231
558 220
557 875
582 224
894 839
851 615
966 454
942 959
843 463
528 607
515 570
294 745
592 506
203 63
495 698
544 880
558 805
704 418
582 828
365 128
363 170
538 516
221 72
871 427
838 453
794 140
450 1008
416 669
365 162
259 363
921 829
1022 868
241 369
721 254
339 727
453 871
296 133
1098 743
543 751
611 312
511 542
693 525
885 835
742 438
288 703
751 88
292 415
306 466
950 854
461 850
444 595
253 234
679 586
264 182
927 515
226 310
677 621
287 554
967 350
739 748
979 727
435 141
935 749
269 135
194 846
724 852
567 1036
398 685
365 353
653 151
595 242
652 399
889 572
369 537
927 577
511 640
371 537
466 501
740 742
962 870
936 286
973 785
301 764
743 135
478 857
803 458
674 364
594 416
962 677
739 1020
317 796
549 584
677 680
1103 619
287 270
566 244
420 890
526 453
309 881
373 480
812 640
340 365
757 191
660 476
440 350
1053 411
803 881
431 737
747 878
530 842
976 845
729 732
460 873
760 108
341 601
1040 574
587 697
591 797
941 572
352 977
1097 177
807 119
764 322
500 382
750 804
269 560
499 500
458 240
