885 875
925 646
372 210
966 350
823 628
602 475
512 704
828 261
900 947
754 926
547 635
1127 856
561 259
310 419
964 495
254 743
860 635
312 263
545 378
527 621
604 570
977 334
909 280
288 751
478 818
649 480
405 557
976 849
459 384
946 719
696 305
440 382
669 253
386 611
1058 588
866 121
950 478
390 260
823 420
564 594
646 552
932 632
1063 903
965 820
813 518
736 429
614 516
454 128
289 92
1097 46
397 930
390 591
450 472
803 801
552 690
435 59
770 147
224 661
487 890
1011 554
596 354
368 954
761 883
539 797
360 413
722 703
782 899
356 390
382 149
492 603
847 396
564 650
390 151
767 591
1038 835
1099 136
654 664
431 343
560 900
329 690
262 185
1073 576
677 662
462 598
729 319
805 878
208 113
805 265
1056 252
652 232
476 590
603 383
760 242
297 416
843 173
253 886
396 850
540 590
932 756
261 457
478 165
669 320
941 538
720 503
737 807
644 942
714 313
564 170
519 623
330 740
1098 175
550 295
1010 203
341 261
1082 930
926 586
262 733
178 311
448 745
586 712
393 575
954 290
844 538
622 856
581 130
965 732
395 232
183 458
706 506
380 625
769 954
549 396
999 534
580 807
352 164
389 -5
835 332
311 720
403 764
1028 376
888 595
649 186
993 185
362 596
480 102
261 905
308 28
985 260
890 358
292 361
315 670
509 979
572 744
710 225
887 1021
1030 128
671 808
427 766
450 1004
482 393
340 818
787 302
980 898
871 342
858 846
910 806
228 648
881 547
793 819
736 486
688 731
372 509
732 427
241 517
364 590
1033 223
252 422
1056 371
851 89
1083 197
775 336
569 652
1077 920
859 357
957 414
638 506
983 219
982 903
471 859
593 810
930 310
141 65
502 599
645 837
1024 652
307 856
914 469
763 803
713 854
907 412
