246 275
718 658
703 9
567 648
1008 73
725 907
799 184
591 699
639 483
532 525
692 903
684 606
1081 908
832 448
565 755
912 692
270 157
438 873
846 269
433 280
298 643
400 691
427 697
750 801
993 300
1008 267
936 192
439 504
715 740
994 72
817 679
189 657
411 523
816 641
1018 816
477 443
260 500
864 164
883 96
853 775
304 948
410 167
950 41
385 156
321 745
148 242
1035 26
563 734
172 446
679 298
503 212
508 499
280 480
610 294
855 248
784 584
911 299
441 110
269 476
929 180
670 618
726 705
314 480
620 278
332 -2
862 98
573 352
431 688
219 803
927 199
263 338
621 592
574 232
1032 189
685 543
670 146
913 340
935 276
646 870
136 280
392 437
796 670
884 802
540 804
858 773
264 308
769 164
914 221
309 69
626 384
965 303
679 538
481 518
264 714
574 420
522 119
518 819
436 997
935 551
458 424
918 564
252 900
699 216
403 780
1005 162
1079 313
982 472
979 737
602 653
931 696
951 485
636 626
549 1030
712 820
510 353
810 731
354 254
788 58
917 532
523 170
1035 380
827 488
488 156
503 255
585 883
1027 807
1071 423
667 746
433 332
835 641
215 301
243 384
692 595
555 636
941 710
159 841
798 529
709 553
573 734
273 643
801 591
671 743
948 360
304 591
331 694
178 948
541 634
965 528
252 258
282 256
1052 822
320 938
718 730
291 254
481 304
170 154
497 162
768 212
987 115
850 53
457 464
902 843
716 854
532 788
473 117
674 514
1073 343
605 501
887 161
604 73
1084 375
361 431
921 711
924 242
904 795
186 367
134 407
187 546
566 483
698 937
842 132
717 747
522 969
463 580
400 752
382 398
1010 1029
527 632
540 201
924 60
227 184
933 480
887 124
820 856
676 678
309 318
274 538
414 447
220 161
326 938
