944 448
784 880
233 752
186 562
239 776
251 276
987 472
221 906
511 315
733 717
216 622
904 873
961 501
913 716
278 815
864 361
1005 611
659 415
450 126
521 88
972 306
625 284
872 658
748 417
947 225
373 889
748 398
298 124
420 362
889 896
975 602
1015 888
789 440
729 430
397 840
1108 527
997 740
1035 98
491 449
1106 533
845 783
391 657
455 331
157 632
887 522
1009 500
625 808
537 90
884 158
960 260
999 608
697 775
327 422
592 264
512 815
407 489
897 966
329 92
666 278
351 908
1024 975
729 841
1106 283
794 134
330 798
711 540
405 316
264 130
374 132
837 806
712 791
721 810
388 919
408 433
1086 827
1019 221
383 595
980 922
902 541
690 122
753 702
1025 458
1057 226
450 480
519 549
1089 662
504 411
372 276
367 819
267 536
768 655
470 462
421 680
767 616
931 548
595 679
421 886
1053 836
124 1040
651 528
573 931
401 777
290 99
741 899
996 316
128 181
417 737
1018 563
201 620
842 259
313 570
770 697
437 145
628 938
484 771
396 726
696 104
1040 895
625 661
750 231
1064 309
253 962
785 552
534 699
410 554
339 146
482 293
216 864
1035 776
1035 508
841 701
1055 834
241 173
731 468
572 268
974 378
618 574
730 477
602 1029
430 470
1018 254
792 242
344 766
800 181
765 582
1148 377
766 552
714 259
686 885
292 607
662 904
466 107
826 210
898 209
945 129
1011 692
621 331
642 483
1019 597
987 554
271 986
603 525
447 703
297 138
348 187
828 142
265 644
955 793
225 602
989 214
258 977
957 287
530 769
266 921
243 531
759 600
571 656
395 235
1047 193
883 879
1023 624
260 805
894 716
478 303
250 241
1036 62
834 758
301 701
287 837
198 546
542 241
424 640
816 488
718 670
786 517
736 799
420 831
354 518
985 867
231 279
