440 802
289 246
410 907
643 838
331 731
813 605
1035 829
284 417
251 724
470 441
1040 546
917 470
685 87
885 509
247 861
583 547
411 871
445 873
341 606
256 872
387 99
479 162
795 854
469 786
539 443
1068 630
881 525
917 616
479 395
306 703
663 444
312 330
800 750
354 769
720 369
919 464
337 95
457 859
1074 675
842 888
294 269
813 798
235 847
635 69
453 710
336 719
625 759
1134 424
993 195
893 104
869 740
1016 499
390 461
689 286
1036 688
646 472
365 822
367 731
497 322
439 521
351 622
807 323
393 937
902 720
369 926
149 204
318 602
997 976
485 209
423 83
233 71
901 890
423 561
711 844
625 514
203 69
762 625
144 382
789 314
867 347
208 518
362 616
989 339
624 272
614 107
832 194
716 218
505 876
524 987
552 900
576 817
1042 235
580 93
877 976
655 454
471 504
567 246
254 396
347 213
570 385
401 195
524 940
533 175
516 811
261 140
548 441
450 121
433 719
424 571
342 397
877 821
602 98
744 737
1122 848
392 903
205 113
297 840
856 788
964 395
675 735
383 828
857 431
1038 822
593 909
851 282
616 339
854 385
868 438
1086 738
734 135
575 885
545 336
1003 838
434 754
1092 995
964 428
495 387
271 873
833 116
459 915
881 705
805 808
660 98
1039 203
173 847
614 598
655 399
315 372
354 125
748 142
336 218
462 120
356 606
496 234
1044 806
857 215
549 403
248 265
972 597
258 1016
434 832
385 218
221 775
1119 48
224 678
621 963
821 501
706 578
410 552
777 361
766 584
952 216
642 626
858 96
298 727
272 117
723 383
760 176
859 120
337 511
347 519
195 556
993 649
249 454
916 694
709 404
1003 354
782 801
1035 683
552 535
794 590
267 682
274 360
817 747
957 364
1080 625
1007 749
985 187
469 143
659 414
