841 788
779 581
698 285
1129 569
374 112
1065 981
903 784
612 956
693 346
852 891
475 773
419 955
988 244
824 338
684 541
483 475
1076 267
319 73
430 566
471 215
746 281
688 411
690 265
255 220
943 59
854 701
682 112
559 734
1040 706
632 890
699 676
522 263
514 752
740 181
203 660
571 230
1128 254
981 858
1090 980
734 701
1136 119
513 742
860 216
1029 759
1068 867
275 130
452 192
966 477
876 578
479 544
193 412
596 758
784 424
849 716
270 532
805 467
843 856
736 428
454 264
777 367
434 369
287 330
806 575
832 914
651 114
659 993
786 880
601 202
602 530
635 907
933 236
473 83
633 669
293 937
609 421
945 686
430 108
490 319
339 381
418 328
903 918
596 314
923 520
1000 459
503 261
381 743
560 612
432 525
761 297
195 623
373 582
241 124
1028 60
154 267
933 158
877 939
752 539
326 324
357 781
905 923
473 693
252 765
623 711
662 108
602 628
593 569
684 894
627 734
657 861
1078 759
203 526
904 405
1030 460
634 718
764 764
433 359
904 216
134 155
836 853
1078 381
624 140
326 538
361 251
1081 897
1017 328
241 876
876 457
375 440
784 430
290 674
657 401
754 695
1058 803
586 366
278 612
503 697
413 860
969 982
758 925
658 895
1025 361
257 546
410 628
761 915
503 745
600 10
861 328
694 789
355 616
914 714
355 401
1059 1030
568 760
933 847
560 783
186 665
582 230
691 434
115 19
1133 336
400 771
659 226
609 742
898 784
634 801
588 198
410 988
321 498
916 940
652 100
733 228
469 405
581 437
249 829
805 584
343 15
646 503
130 12
333 524
325 137
203 603
291 151
443 737
348 699
1070 161
920 608
451 283
758 619
992 545
695 334
387 349
590 560
251 391
554 375
473 171
964 942
404 149
489 242
296 134
320 691
