845 502
858 87
894 672
430 173
358 402
365 414
844 80
464 466
380 844
439 790
884 869
522 239
792 941
518 492
771 -18
235 781
924 423
343 865
1005 433
535 713
873 545
714 498
191 589
290 298
548 919
367 559
941 761
1032 36
746 744
889 231
470 299
1112 225
183 843
440 815
466 84
955 410
721 409
942 428
655 682
990 906
741 619
984 954
737 23
729 378
599 960
812 393
527 67
1046 314
842 819
393 714
888 284
721 505
539 647
621 505
523 126
190 283
640 672
237 655
713 875
408 897
589 729
582 135
724 414
1082 93
250 252
741 958
362 812
438 773
238 800
954 898
700 159
297 644
1142 433
452 665
891 696
614 678
389 774
609 942
900 562
1066 839
342 90
898 890
620 461
625 150
1031 140
625 350
601 683
517 920
421 230
1045 311
294 744
745 646
588 667
569 742
818 132
238 856
838 606
818 379
973 596
956 101
746 177
280 320
647 928
1019 199
947 273
969 756
452 488
816 255
811 711
929 57
253 664
730 180
989 311
606 729
917 187
323 822
697 869
910 791
404 694
514 925
1089 427
646 698
665 414
750 382
471 928
434 668
1108 383
849 737
639 707
440 790
613 339
961 351
326 128
878 90
597 586
496 399
971 161
650 403
357 296
878 969
1024 123
256 522
1016 507
400 366
903 702
1028 224
369 502
169 981
991 107
265 732
254 708
201 127
639 657
557 151
805 775
396 757
469 340
535 283
723 418
489 692
694 932
610 804
255 453
370 303
540 871
643 579
1089 880
614 578
410 610
197 443
786 280
443 468
841 71
292 67
658 522
383 414
769 482
929 678
861 693
1007 85
513 379
174 592
838 810
277 646
290 441
1026 889
743 729
439 830
889 768
719 460
265 470
879 561
405 904
805 468
292 185
1049 625
476 104
863 285
774 344
237 877
