1053 438
749 156
554 706
554 315
585 978
342 212
662 204
206 282
315 103
812 592
594 82
514 46
462 805
443 255
563 686
629 190
615 390
874 362
992 825
261 882
671 731
1059 203
981 357
566 653
867 63
870 221
940 394
474 370
974 119
731 887
750 546
849 141
265 804
823 288
686 667
933 426
376 107
301 540
345 563
771 669
564 437
817 746
514 784
221 146
921 293
601 751
882 736
960 620
596 1011
1053 543
503 775
983 783
850 870
633 928
463 461
815 927
436 860
533 940
441 312
281 592
615 335
819 875
411 194
1028 856
274 240
1003 199
494 789
377 909
312 847
496 613
517 515
165 58
898 347
454 221
508 789
468 157
1048 178
355 359
758 525
550 186
1001 570
286 290
632 360
585 382
967 97
753 752
636 636
769 441
666 282
526 376
477 591
552 39
288 171
879 815
889 196
494 153
487 225
387 241
239 182
588 450
1011 750
239 93
615 961
800 941
455 627
876 714
541 201
1065 218
1059 464
850 762
353 239
1031 402
255 823
417 146
667 174
586 765
1059 189
855 302
1031 398
774 130
369 322
447 576
766 247
762 716
729 881
413 467
253 523
629 928
392 465
760 931
485 820
561 801
564 265
690 303
977 643
946 876
991 307
536 707
812 526
763 780
497 472
808 882
581 102
1012 304
605 704
538 363
419 194
313 369
825 501
859 284
1075 749
710 853
494 652
507 554
828 621
779 851
304 537
585 487
632 956
1044 762
350 696
441 484
363 60
950 727
773 128
164 142
203 407
770 557
595 281
998 321
625 523
672 955
656 626
1009 673
202 140
348 353
662 741
1040 623
877 776
176 187
960 523
443 650
460 355
909 565
679 315
605 487
795 369
160 356
620 106
236 187
373 817
760 543
1097 296
479 818
980 994
1071 124
650 443
891 711
300 893
685 827
