935 316
966 632
466 867
598 682
978 119
1042 587
393 669
447 136
663 881
694 444
440 511
837 325
1125 801
1037 746
727 341
955 519
1074 52
337 176
567 190
230 290
543 489
901 110
824 695
520 169
357 598
665 316
429 672
573 748
802 797
319 837
385 874
460 581
702 688
727 146
715 783
711 206
298 818
863 585
563 392
1062 113
832 329
472 454
681 456
1028 946
1044 888
571 930
229 299
1065 1021
1038 868
516 810
280 826
489 141
475 287
1044 792
1020 538
705 280
302 279
263 132
1104 245
854 729
217 947
1015 116
267 879
1028 516
753 410
421 146
691 302
556 415
757 516
756 935
1066 605
934 71
964 907
683 508
308 967
385 581
280 656
830 654
411 750
606 0
943 273
891 82
609 641
237 670
616 641
248 344
407 201
1009 193
202 1015
678 858
475 276
759 533
1013 136
996 614
946 836
351 357
1034 934
713 30
909 1004
1038 927
591 310
718 613
742 67
1028 853
538 754
940 291
987 860
166 986
723 111
889 180
192 683
480 935
438 623
277 769
818 721
253 915
500 686
826 320
873 -1
540 578
849 501
590 227
668 237
414 215
597 550
678 484
514 88
944 486
206 17
651 61
1042 840
542 500
782 283
1024 443
519 449
289 783
1045 144
252 529
803 488
453 521
671 828
361 853
420 864
756 303
1059 375
220 536
941 801
594 275
580 593
271 928
867 719
496 554
939 861
718 574
816 352
1064 960
161 271
750 866
998 44
406 488
325 243
776 289
1000 720
489 180
291 306
265 940
297 254
854 139
894 179
231 582
484 404
443 373
940 607
223 230
737 546
358 725
841 942
424 798
947 810
226 519
620 248
350 135
555 100
898 69
1009 924
744 543
854 299
535 596
621 622
905 597
469 194
309 715
477 481
568 905
934 150
208 368
801 144
453 298
181 760
319 885
