232 282
369 536
678 267
711 395
261 482
734 618
839 844
525 438
897 596
1029 601
704 570
927 981
732 103
272 470
252 168
897 286
856 251
847 251
713 875
608 594
857 765
935 544
591 329
683 148
896 197
1109 384
789 138
389 838
369 250
154 508
938 847
628 563
808 956
905 530
656 972
541 214
989 153
365 108
428 276
899 268
866 370
570 296
744 353
496 324
709 457
441 565
415 261
614 891
234 357
900 19
1162 572
516 803
217 164
428 862
520 970
772 235
941 349
546 366
921 175
363 249
691 717
576 387
480 604
669 120
355 676
252 10
272 861
552 698
1139 182
792 687
590 367
879 688
268 770
297 254
602 454
526 670
299 613
702 387
641 401
490 301
894 710
1077 935
1001 276
573 561
1092 378
393 266
218 457
1080 848
754 870
668 117
281 729
611 448
454 769
496 927
513 943
352 169
997 824
279 465
480 370
1067 349
642 115
132 123
550 602
974 600
476 612
513 337
626 420
1058 831
887 178
328 515
475 684
1021 217
762 142
1095 953
734 498
971 218
245 905
995 450
790 680
834 964
353 240
922 385
848 743
1051 832
829 576
533 321
246 467
588 338
242 1015
569 403
404 848
1010 210
230 795
597 782
576 926
888 985
767 801
1065 490
268 799
907 611
668 283
636 352
874 881
214 375
520 532
454 616
413 721
860 487
499 204
580 226
171 247
433 920
538 1
546 952
943 265
615 943
468 257
229 581
849 441
1004 968
622 140
218 599
314 714
209 737
815 155
795 290
270 360
574 313
373 410
722 557
426 367
240 88
869 624
812 467
759 585
662 444
514 872
365 676
765 131
472 154
540 526
653 36
631 778
677 484
367 265
1052 130
551 217
786 549
873 227
814 397
1025 891
482 244
687 607
549 376
373 288
504 681
921 781
479 240
889 228
812 577
