852 334
443 674
602 542
798 564
772 729
651 754
661 781
751 679
178 641
498 321
1022 712
574 820
186 861
827 280
919 283
1111 668
380 766
569 257
861 118
944 704
710 97
460 396
904 189
264 458
444 497
623 490
564 790
734 259
190 931
384 179
771 780
786 105
181 393
342 701
689 844
699 959
395 1022
644 944
991 756
507 903
672 405
761 934
1025 549
402 608
814 864
282 450
695 505
862 557
821 673
621 90
356 34
322 627
727 344
840 585
742 148
1128 791
683 431
375 945
641 440
439 122
367 219
736 389
403 633
896 857
610 587
906 561
335 499
315 222
747 286
933 286
985 728
1082 536
230 432
643 953
525 284
622 540
477 574
107 893
166 251
925 815
1015 468
280 67
413 338
975 188
590 17
659 909
663 423
543 670
204 606
792 671
457 882
235 208
921 411
503 32
1054 754
964 582
493 878
664 316
364 831
297 714
276 336
911 422
1034 739
510 869
812 475
809 331
1049 941
483 312
967 611
1037 90
251 375
707 691
1061 42
847 169
853 241
980 887
538 753
637 843
631 815
535 711
522 913
478 876
546 518
987 143
608 355
712 364
404 573
849 148
858 639
739 579
965 117
1114 782
245 255
870 755
1091 493
596 814
635 383
955 495
978 323
406 535
337 963
595 324
272 687
896 330
601 926
1025 567
639 478
654 132
688 623
972 533
1127 930
963 642
365 659
984 822
473 862
951 153
329 826
979 206
655 851
919 249
880 913
572 342
380 479
1039 309
261 336
174 972
513 466
824 850
1074 892
858 862
226 220
395 933
625 820
344 715
513 340
854 148
428 632
1058 876
202 132
656 144
715 478
1007 401
764 372
853 952
791 331
859 712
722 306
929 838
385 133
336 479
639 601
693 94
918 188
637 358
252 522
910 101
317 513
866 826
678 526
960 253
