922 531
384 244
656 513
250 896
647 881
331 538
650 927
510 661
672 694
894 913
582 448
781 723
936 718
590 1010
795 629
1134 838
561 703
626 530
229 113
684 371
725 429
310 897
688 163
1010 841
830 739
638 152
347 700
237 820
840 778
396 937
542 522
938 226
1037 987
790 238
377 486
695 877
487 94
370 459
944 471
365 100
191 207
613 817
209 308
577 465
574 252
202 879
465 544
571 460
230 462
773 402
853 624
838 107
167 681
1022 546
693 247
1010 379
616 182
865 874
354 709
890 737
684 434
552 711
229 593
319 956
981 386
1016 527
994 825
226 312
384 617
627 124
809 326
982 896
724 532
1015 315
792 420
899 215
144 847
643 964
278 100
326 742
998 121
858 269
266 1000
307 62
985 714
874 556
542 637
422 665
504 794
606 198
1015 559
730 380
586 264
460 394
122 612
310 993
739 804
863 362
673 876
233 495
889 825
623 195
977 733
997 886
900 809
863 668
846 109
1027 906
940 311
711 389
698 470
338 598
423 205
715 127
215 538
205 88
473 842
209 490
956 160
542 516
1026 627
746 60
409 120
761 8
702 713
712 129
1104 70
901 792
859 688
959 719
296 511
243 833
323 496
724 780
247 734
953 459
213 770
712 120
624 216
870 892
471 189
352 512
489 884
324 312
936 871
345 674
733 691
277 416
855 69
536 753
998 139
1033 655
498 487
133 114
388 348
235 335
341 117
908 819
1016 710
303 340
386 844
471 954
966 76
775 115
621 218
167 239
1008 626
986 225
474 761
928 151
371 63
750 769
905 240
568 40
894 570
839 474
574 603
281 800
291 596
282 585
523 408
704 325
980 485
628 259
291 471
865 475
385 734
299 549
529 151
703 722
1085 520
474 307
989 699
926 352
342 338
363 398
556 707
723 690
733 930
319 132
