721 596
1103 471
985 794
612 572
826 779
550 476
856 945
303 456
774 87
583 284
409 299
739 438
320 280
603 522
257 348
919 422
842 580
385 541
1020 315
522 719
955 569
824 256
641 487
737 739
400 853
792 226
606 743
612 560
861 685
491 638
717 581
952 221
908 260
497 153
790 334
467 905
736 494
689 760
338 787
701 601
508 204
269 682
801 806
132 295
919 600
295 434
377 566
1029 216
1049 446
255 571
467 885
720 493
817 422
190 211
1028 303
550 268
434 633
1110 541
721 846
591 501
880 699
350 730
626 762
304 556
777 493
209 976
285 134
558 329
1099 613
411 614
528 575
325 288
636 493
684 216
688 929
642 69
785 799
224 966
439 449
444 158
1071 465
810 570
171 609
986 497
1097 677
1117 227
482 794
674 95
587 583
192 652
674 141
954 21
504 776
280 65
1075 680
1008 696
270 890
1116 883
512 534
511 649
358 260
534 88
804 363
815 926
588 171
328 606
697 517
202 379
173 722
563 767
587 908
172 677
180 642
748 508
720 721
217 355
555 252
658 434
762 53
1012 235
479 393
571 498
989 83
332 492
479 278
736 635
872 376
838 259
307 554
405 565
661 556
547 346
346 754
339 588
503 99
230 906
615 822
921 509
671 115
358 447
291 860
917 509
236 389
1095 173
942 812
827 852
1004 65
1166 968
310 965
718 152
373 530
654 710
313 131
781 538
249 717
951 485
1021 281
266 926
472 364
786 1026
657 202
1044 130
406 210
451 507
828 139
423 203
674 375
382 70
757 529
893 954
847 75
537 343
147 672
544 809
491 258
403 401
890 300
395 523
311 266
1074 557
412 681
633 302
765 637
528 947
212 71
896 530
855 274
571 97
408 395
601 50
780 736
320 166
670 434
567 817
991 230
635 400
751 455
651 640
386 365
1020 72
