935 245
733 444
873 914
937 550
428 403
787 792
985 464
738 912
813 488
1000 162
710 928
925 381
432 614
1030 955
290 793
724 127
368 585
677 168
735 335
255 529
951 137
791 676
515 405
612 366
711 813
989 468
925 320
394 242
478 769
373 375
726 170
729 510
512 3
437 141
595 767
359 363
220 634
849 79
928 167
951 771
409 602
482 490
292 579
603 400
863 582
724 709
1028 691
169 955
1107 616
822 113
478 760
338 466
670 199
232 693
931 179
987 638
657 648
270 694
906 447
869 774
1101 673
817 993
1083 847
1049 195
718 250
463 741
809 912
552 466
368 653
1126 573
609 518
578 600
222 621
261 508
732 305
997 894
758 715
413 583
859 548
309 498
267 850
391 375
795 628
191 680
897 788
868 160
778 622
761 292
778 376
568 131
703 794
620 924
703 684
532 489
925 848
715 532
714 454
844 160
691 242
518 599
901 174
969 123
584 591
496 330
814 744
604 248
380 149
213 956
991 712
438 497
221 49
794 492
743 1015
429 656
445 559
1021 847
1002 532
856 295
437 331
962 722
749 199
462 333
264 446
339 596
323 353
262 136
290 782
1035 240
589 870
769 666
584 781
702 42
578 445
475 681
196 145
535 610
621 294
991 377
1017 592
555 312
389 375
529 670
224 559
1031 455
984 447
431 400
565 609
756 417
353 316
830 218
831 243
919 678
644 894
322 475
862 854
782 663
555 588
809 756
686 587
853 629
360 748
479 727
740 355
614 981
521 750
504 349
915 352
186 581
532 864
464 590
868 910
788 581
794 578
463 87
449 872
635 776
987 642
361 42
594 241
1008 353
178 551
914 112
423 523
586 406
1022 500
522 146
881 498
489 911
586 186
437 786
606 675
579 306
514 198
769 339
284 852
296 586
486 306
277 163
533 887
615 185
