531 706
980 688
923 905
497 930
533 358
517 843
759 288
357 111
973 116
533 306
683 91
798 707
950 556
422 684
605 652
498 486
570 439
719 341
1065 107
973 814
918 99
666 787
479 931
1021 185
532 756
951 555
665 968
969 668
581 361
721 149
666 566
731 604
468 308
933 184
178 745
474 962
603 845
740 536
948 596
432 188
476 899
1148 387
430 98
628 -14
894 782
253 445
888 862
839 419
400 316
920 915
427 831
1008 368
1015 380
1036 682
266 794
723 206
957 121
531 160
968 859
948 569
589 194
1096 106
679 502
480 755
354 420
999 943
218 945
640 901
296 815
936 612
577 758
837 644
785 217
931 910
895 309
556 699
826 598
740 935
688 220
200 526
1056 108
1126 22
661 606
492 497
834 625
641 218
749 863
765 210
906 192
611 216
588 534
818 898
739 285
249 216
346 415
416 442
699 919
649 204
363 457
583 397
693 726
1081 846
699 377
680 571
700 277
112 954
352 414
575 433
1010 733
710 681
1137 724
756 224
1110 6
848 324
880 444
983 637
437 138
380 95
995 127
993 7
765 359
772 312
209 684
466 289
552 383
939 498
812 878
728 551
723 779
1056 255
978 809
615 881
1025 111
324 693
402 862
286 410
495 295
452 918
435 780
895 600
579 558
516 746
315 893
369 699
304 833
574 290
762 857
831 437
531 583
516 601
650 438
859 988
1031 311
970 229
661 158
479 779
954 418
292 850
452 610
424 644
784 532
696 665
766 887
596 587
798 209
770 374
282 116
790 240
692 80
541 477
628 224
522 284
740 753
282 69
805 494
560 552
563 41
147 349
258 451
988 467
817 571
320 488
780 460
249 216
864 323
128 875
733 578
918 525
855 576
585 961
589 191
979 164
980 740
486 911
391 443
744 891
760 881
445 221
496 205
920 199
