566 880
458 530
788 352
635 675
620 228
895 452
828 836
1036 617
439 412
464 123
338 309
1071 149
310 255
341 364
942 480
920 809
699 564
530 249
1023 159
509 412
667 984
538 781
890 590
550 82
778 201
659 65
996 728
471 403
261 222
244 147
331 782
1010 830
276 762
820 807
563 552
433 220
954 606
363 247
524 143
863 574
300 76
452 963
264 807
465 429
288 199
722 302
661 686
689 126
821 298
930 452
393 319
677 479
721 375
191 453
1024 151
619 762
497 671
257 601
783 512
671 952
866 92
293 363
782 602
1012 76
483 375
1066 185
644 386
735 317
1095 661
478 307
530 314
541 515
526 106
824 494
747 698
259 798
1065 239
569 310
308 614
966 837
750 944
236 741
791 994
537 473
364 433
730 415
876 921
598 327
520 208
741 576
720 758
435 461
766 1003
749 556
1009 239
1043 930
365 599
770 208
403 862
586 653
481 203
217 483
730 156
846 212
824 92
555 211
857 133
486 535
1024 136
254 431
990 204
183 803
192 513
383 318
332 447
633 809
447 832
942 160
964 170
336 392
1025 798
926 640
773 331
709 513
618 522
1098 794
479 699
785 528
461 206
397 228
639 749
153 799
1014 912
783 174
1133 378
813 594
1057 439
386 722
775 497
859 520
777 289
1070 131
199 964
252 426
994 469
330 511
911 920
437 758
496 892
335 607
997 700
709 726
611 110
589 945
551 583
211 76
543 41
516 645
735 542
1011 363
953 264
412 741
380 556
358 799
311 771
225 855
576 286
195 860
373 877
329 932
596 696
483 933
290 321
466 62
209 880
384 687
564 743
691 934
1134 305
476 418
356 865
802 768
632 547
894 747
726 346
233 844
334 410
1063 940
771 528
469 911
449 665
237 360
728 832
922 593
735 906
341 38
669 293
310 591
279 711
1001 862
735 704
435 798
1076 577
952 610
691 132
561 628
307 269
453 404
593 965
893 539
432 849
429 109
1047 689
582 893
1119 532
1061 1005
291 703
815 248
351 358
562 169
666 757
156 904
712 142
996 176
847 839
990 594
900 559
388 240
334 549
300 178
447 375
390 485
1010 124
970 616
630 522
842 596
488 203
849 168
931 354
657 443
239 250
981 409
983 629
491 698
561 324
594 849
1130 289
297 827
692 131
896 631
664 807
264 434
850 160
913 688
760 476
788 220
472 326
1022 161
645 349
481 539
1011 751
1072 753
335 480
896 566
1006 237
598 277
715 186
677 478
974 111
1019 469
546 319
986 387
552 668
167 989
679 730
426 540
716 417
701 577
307 845
991 161
379 722
523 176
571 350
255 909
1007 761
269 269
1041 729
978 247
972 841
364 815
574 551
473 538
272 630
613 203
830 379
470 373
931 431
295 311
954 550
430 249
678 791
481 513
575 918
712 247
111 466
969 633
966 347
614 404
1091 565
940 942
969 349
537 937
1163 565
464 113
1001 618
329 932
911 202
444 572
583 195
260 313
859 747
298 549
633 360
1134 200
454 101
682 783
377 762
269 306
723 599
374 182
1045 181
419 898
500 671
283 447
453 568
452 396
283 647
800 416
434 934
209 794
451 475
435 214
972 706
322 109
306 564
489 651
1105 497
326 482
745 570
529 727
613 852
282 18
898 92
456 436
534 395
832 695
1166 734
947 774
472 17
929 626
992 193
592 474
251 563
555 128
209 332
698 731
442 642
240 703
1007 557
965 924
517 302
636 677
1049 782
368 255
415 183
926 233
461 376
1016 177
459 271
618 251
916 293
460 147
997 619
702 290
887 56
734 860
992 741
284 88
220 80
372 245
352 392
461 224
557 906
545 398
499 522
664 183
677 746
742 522
165 598
874 739
395 617
394 323
732 944
452 488
519 725
437 767
939 849
675 563
279 750
266 715
364 613
519 348
222 823
223 184
916 678
821 849
849 732
809 358
156 274
1085 775
831 809
551 865
796 207
997 380
223 622
635 297
989 134
442 426
454 710
1032 326
932 402
403 847
133 607
829 948
481 905
522 965
481 828
908 472
866 167
663 618
827 319
405 361
659 852
390 453
482 144
321 339
471 525
927 667
526 541
708 604
973 204
458 587
883 173
1045 733
471 438
354 311
365 191
490 95
968 633
981 738
598 459
845 308
907 548
303 202
1032 301
245 826
603 621
335 251
343 317
889 553
306 894
548 183
518 365
674 332
902 759
651 892
288 193
568 476
342 166
429 948
575 780
148 349
623 160
389 165
199 551
740 124
1143 616
459 288
445 540
138 828
629 721
875 679
1052 375
238 799
546 653
967 335
382 724
527 708
545 490
957 635
328 544
371 107
541 877
941 721
253 205
584 770
553 668
1078 369
926 516
481 473
932 101
594 743
545 185
931 512
1102 122
985 704
448 624
393 350
372 642
758 448
769 863
601 274
1024 830
351 810
506 586
710 321
245 678
660 608
396 190
663 389
788 304
236 739
851 430
773 441
501 506
523 67
701 691
605 629
245 838
772 930
740 648
529 518
881 953
475 616
501 815
718 670
486 442
909 258
285 510
743 599
213 329
297 420
624 652
483 671
556 339
589 585
561 268
941 295
921 800
726 848
383 930
496 249
678 210
808 807
824 858
863 729
798 66
756 644
130 777
474 318
395 852
315 584
848 451
196 146
231 187
735 697
995 952
791 299
828 453
585 889
812 595
782 346
233 730
338 161
179 643
454 222
417 916
1165 896
828 201
415 967
1022 533
1075 852
765 64
1067 824
954 554
974 748
719 498
366 547
923 992
334 621
739 588
504 307
550 585
662 1023
375 230
840 477
776 783
519 118
304 735
864 647
702 238
954 203
559 157
1083 551
280 144
780 723
599 320
539 625
602 80
926 869
498 36
584 624
876 211
868 378
290 752
702 510
599 637
404 475
446 485
725 803
521 324
715 561
396 322
957 451
868 641
989 724
788 121
344 447
997 610
253 896
797 928
994 607
435 612
321 602
344 759
286 172
1010 497
158 1018
663 157
738 258
672 914
628 343
564 68
860 140
361 208
1061 256
350 866
1093 111
760 851
706 806
472 871
377 183
487 107
870 145
744 518
775 25
493 717
300 323
951 508
708 361
274 121
890 254
397 346
723 321
424 192
894 791
1001 785
812 557
534 765
736 219
518 755
638 125
631 504
604 423
903 496
1089 449
264 621
345 321
1004 334
1044 868
1008 504
920 805
845 612
474 588
876 781
277 406
927 148
268 569
373 612
889 80
639 233
698 638
1091 884
772 641
292 525
735 459
594 692
419 676
1017 653
1033 482
867 590
1082 562
303 211
167 891
484 92
802 822
541 295
406 393
772 224
1022 938
951 983
733 841
947 186
296 556
506 600
644 543
1067 444
676 588
1125 886
261 319
1087 919
676 692
708 181
1021 448
865 495
682 207
735 746
260 985
491 213
895 34
454 166
1012 501
743 713
789 329
943 510
881 619
403 139
583 833
625 883
818 911
372 131
371 390
437 242
396 467
874 516
601 694
500 588
468 359
503 366
843 17
799 495
397 178
633 699
542 710
465 399
376 737
845 323
1009 429
373 294
753 708
341 303
1027 377
1106 469
592 115
867 253
785 408
669 67
806 904
553 251
956 439
1116 275
844 744
908 323
624 173
129 909
470 710
295 310
433 213
613 131
724 695
789 524
473 228
530 418
916 314
817 534
866 159
555 254
551 618
649 231
933 875
473 809
700 804
286 1019
523 890
643 525
265 478
568 350
378 382
296 747
620 259
367 12
184 609
988 237
777 144
1031 778
791 47
345 713
955 277
614 463
986 686
365 353
1016 756
916 765
839 618
263 187
612 974
253 225
300 211
285 959
672 527
271 281
963 179
636 249
938 87
393 360
1007 787
532 543
1072 952
1135 363
288 611
253 865
253 854
703 240
969 530
555 668
970 595
361 642
304 420
961 499
837 383
172 6
477 881
1050 470
413 800
932 276
372 198
600 121
720 443
496 933
657 489
958 218
695 888
997 932
876 823
229 506
1050 543
467 689
945 794
857 945
357 855
363 895
662 165
1029 141
1069 468
835 196
253 -6
562 750
622 285
1065 741
662 450
742 259
1084 396
302 636
614 921
246 550
607 87
481 65
627 210
716 262
414 491
679 312
1047 312
490 249
406 616
1069 918
875 725
566 480
952 88
605 317
960 798
213 588
279 537
1062 318
486 282
924 862
402 841
311 713
220 911
486 221
289 797
998 285
579 850
816 520
302 546
187 863
767 776
566 153
748 775
154 461
783 80
745 320
757 699
687 275
537 144
520 302
777 373
727 865
400 314
784 406
748 754
289 365
537 488
827 110
842 649
379 215
299 346
610 273
1083 341
945 131
827 702
291 167
296 468
786 224
438 192
379 762
758 841
468 422
578 608
614 63
532 832
704 835
245 459
195 444
1080 929
535 625
884 94
679 418
767 704
688 477
972 495
603 590
626 480
827 100
791 197
685 930
269 442
469 959
767 827
432 339
362 746
360 861
1095 99
833 841
519 795
923 410
412 703
229 587
663 658
994 857
885 511
462 474
624 472
504 533
362 190
613 353
256 558
905 871
270 290
1022 674
808 532
524 579
732 234
635 108
748 625
1086 135
792 202
320 378
555 447
367 239
390 575
