1051 364
506 13
805 724
1081 1026
199 245
290 592
852 214
565 738
236 666
288 961
576 722
771 517
750 638
1003 475
428 643
419 829
814 787
855 723
325 914
227 617
765 560
446 504
730 271
662 695
1046 663
368 326
444 493
591 421
687 316
884 254
459 500
922 742
575 535
449 712
602 591
527 496
655 487
835 779
986 208
1075 302
781 453
686 794
584 762
371 1000
471 122
1056 454
728 830
846 763
478 33
393 147
417 724
808 654
502 137
430 64
381 401
422 243
735 227
820 459
368 787
933 794
292 575
598 318
490 176
288 194
347 916
597 390
645 619
759 187
602 569
424 481
955 928
829 494
271 514
1042 669
193 140
739 162
609 628
436 417
773 344
1038 720
960 896
235 179
707 124
523 87
213 453
499 882
952 640
811 349
636 463
747 835
539 697
367 497
746 823
695 333
932 787
939 177
1053 305
781 61
488 171
336 613
322 560
755 221
516 894
912 622
539 1003
347 723
861 572
1137 405
451 237
1000 934
1131 366
125 997
902 721
676 776
906 680
430 -15
798 518
582 893
170 965
981 791
607 622
477 334
658 901
818 242
1054 853
740 448
921 519
552 801
878 241
588 830
300 809
420 606
607 908
430 478
581 735
965 955
998 428
415 744
368 954
842 777
423 589
459 610
480 796
223 729
329 -1
934 344
730 808
1116 905
241 349
742 586
254 684
855 57
881 169
579 311
1018 483
855 288
215 556
1083 965
956 535
659 386
980 149
320 985
946 799
157 506
809 648
479 590
511 764
1021 691
194 596
924 830
829 746
416 126
1072 74
906 239
635 485
556 528
653 72
1025 99
449 313
1148 82
630 506
367 126
418 829
447 724
533 605
690 99
942 555
356 590
562 667
515 335
626 316
1122 175
197 401
1057 106
214 636
682 806
586 235
295 591
272 515
410 573
