316 493
461 775
500 462
609 109
868 428
888 399
1146 658
472 851
418 680
297 621
271 872
853 85
477 165
575 576
561 969
897 681
841 125
314 881
193 268
766 725
523 742
445 605
816 905
331 736
558 221
678 371
113 271
310 363
279 918
176 66
455 619
791 776
776 705
188 9
497 789
871 323
1145 322
460 382
903 789
198 845
348 309
559 847
582 876
292 810
639 482
504 125
504 86
524 232
615 622
576 820
449 157
639 538
469 937
248 117
955 874
654 675
488 745
596 301
1042 436
752 873
588 914
361 574
699 788
740 437
478 251
431 367
499 174
684 219
1074 739
675 462
327 777
251 641
415 123
445 909
384 724
431 591
1029 918
922 745
480 251
302 222
945 96
657 193
442 648
960 516
344 92
934 679
668 123
643 911
308 257
641 572
266 787
587 730
505 609
456 683
716 783
338 539
531 388
748 28
800 308
426 872
1040 528
763 178
889 820
703 865
515 172
759 490
473 561
357 834
1002 152
973 1026
540 936
561 708
786 446
948 508
266 816
613 407
725 649
248 408
446 887
795 741
235 79
659 455
672 137
935 134
490 572
528 671
1101 343
248 746
384 420
784 573
508 577
988 310
950 247
781 346
935 823
976 249
389 154
652 405
900 341
483 817
796 209
679 571
603 992
415 314
305 255
1098 158
598 923
235 685
465 533
721 517
337 774
1096 972
561 78
939 642
963 696
748 639
217 920
477 140
242 306
228 905
407 273
589 499
546 373
686 989
764 246
214 319
584 338
229 58
1009 361
861 162
850 675
922 240
747 805
1020 207
1128 333
636 68
1030 99
176 108
220 351
266 811
990 78
269 244
1019 558
139 108
524 368
254 734
357 656
478 677
268 364
730 756
813 83
620 845
263 503
735 23
980 762
578 376
747 277
950 304
894 276
903 580
