866 909
390 896
491 701
886 225
624 147
590 517
1080 448
542 0
247 167
765 916
276 804
298 444
625 409
490 -12
185 106
219 995
250 288
709 879
732 516
207 583
234 626
560 563
224 537
981 779
440 502
429 952
632 438
242 587
1030 708
591 272
398 546
166 408
768 112
998 308
1140 582
139 514
345 157
447 568
912 432
651 819
840 542
414 776
827 975
233 617
391 811
753 445
576 436
576 579
753 497
821 610
534 140
237 427
396 440
318 636
903 369
324 519
1070 108
748 254
266 161
1006 540
874 709
651 553
717 746
285 174
973 972
630 695
1008 320
531 536
913 220
279 853
922 294
453 576
621 585
640 416
870 676
940 464
417 774
316 472
1073 460
531 244
734 384
578 221
1134 517
418 812
811 713
243 139
290 652
272 105
171 570
979 115
610 219
682 107
750 106
276 975
583 623
928 438
393 777
708 883
542 462
975 240
228 167
386 701
343 92
780 94
362 362
313 571
451 162
867 278
557 868
650 570
403 811
719 964
585 804
609 873
277 93
625 438
574 920
789 832
500 887
965 676
905 723
804 398
857 423
723 786
367 199
1103 530
714 820
731 468
458 549
380 738
394 207
613 861
1057 441
776 320
606 334
433 870
671 404
328 738
1045 784
903 899
763 684
731 518
290 819
942 677
330 284
854 883
808 916
466 708
556 883
696 367
790 524
686 708
1022 796
973 354
326 184
769 986
1150 835
669 852
275 585
1080 768
298 656
670 430
291 108
522 129
558 511
865 205
490 782
694 176
209 238
543 566
272 131
260 904
773 687
371 739
227 144
424 497
296 932
428 943
219 402
652 602
799 577
973 671
290 1011
538 742
256 878
596 429
560 836
894 121
1005 222
679 513
992 284
648 472
788 390
942 624
682 807
578 384
622 826
568 309
541 108
501 499
