532 483
1144 173
492 135
655 545
317 620
836 964
982 945
308 527
724 367
221 474
1069 633
310 84
645 820
220 483
796 775
550 360
241 458
930 260
372 689
837 628
367 636
611 130
208 981
315 220
1107 969
336 461
826 172
876 158
913 428
791 923
1024 100
339 809
715 599
808 1015
232 504
360 796
121 184
486 715
173 461
1152 216
915 515
999 353
582 174
378 940
482 562
962 708
814 430
355 683
353 727
544 185
587 686
969 901
535 198
1006 836
930 280
783 862
806 762
396 794
813 185
993 887
242 297
452 465
956 111
1105 122
648 107
399 838
636 822
629 404
962 578
420 465
396 850
328 365
730 56
570 614
1036 415
984 613
438 715
309 182
451 174
430 456
458 290
1060 101
199 221
128 826
732 764
578 205
533 1004
823 898
778 414
874 668
952 1015
508 58
582 295
305 952
823 99
984 595
453 956
433 990
430 500
781 553
374 562
503 193
533 404
979 719
938 625
887 805
981 120
1080 97
732 581
313 869
431 850
469 865
643 353
1092 487
557 735
945 374
752 543
207 23
551 732
942 418
360 173
549 211
482 445
673 578
625 241
1027 719
919 399
281 148
685 564
460 101
577 232
924 641
681 111
922 498
223 224
282 311
915 555
548 104
1043 427
927 670
954 782
452 958
734 132
1091 353
183 418
499 250
373 283
646 838
341 16
916 723
135 436
297 664
1021 111
285 477
544 341
896 111
301 885
229 907
289 732
268 280
1031 361
958 579
599 307
568 964
1002 171
655 289
1166 671
481 352
1012 961
373 426
335 536
982 529
485 386
1040 157
241 874
932 481
845 471
318 139
1024 277
280 751
339 261
404 594
1052 158
816 823
587 531
975 926
551 320
822 340
733 234
830 271
684 998
315 922
811 896
673 875
765 513
213 723
869 683
1100 720
571 339
1120 296
