223 489
1048 546
1027 199
598 189
365 561
552 377
355 964
205 795
529 184
566 897
743 207
911 796
952 441
530 338
734 182
830 236
864 347
954 771
831 541
320 259
602 464
169 991
391 825
315 551
1084 945
798 977
1047 192
312 347
361 604
940 834
975 189
762 819
252 667
763 665
357 690
461 779
307 701
755 388
208 144
999 120
892 467
971 632
929 807
820 147
574 805
716 668
357 917
284 941
468 481
841 120
437 347
982 508
1061 210
312 300
409 558
849 493
191 637
841 730
401 967
565 872
449 489
678 403
714 106
959 361
842 916
618 374
1043 636
487 858
407 856
453 807
1148 51
157 716
806 900
308 825
833 707
462 505
521 164
1068 724
468 99
434 694
586 308
964 91
358 230
344 696
821 242
254 46
920 525
465 347
483 804
259 942
256 308
890 408
242 366
910 951
198 221
1019 351
917 538
171 868
345 761
1081 965
544 265
976 106
528 686
436 469
1013 15
773 249
814 414
867 470
602 351
1000 422
1062 816
885 443
1066 563
424 608
440 622
676 958
662 280
569 67
999 688
688 600
348 755
258 544
702 327
1021 234
826 526
255 849
474 458
492 582
636 339
322 767
944 195
533 689
565 687
883 901
440 734
779 893
412 401
584 482
689 788
1004 269
257 578
846 850
636 507
713 54
665 107
255 422
879 203
970 452
822 658
921 488
791 421
662 306
460 506
464 492
773 795
244 480
806 172
293 804
977 763
846 322
832 7
955 482
943 920
570 574
754 455
798 682
214 298
781 657
344 539
1127 984
578 390
387 790
462 326
730 709
477 500
822 410
775 133
315 941
322 621
951 685
735 149
302 619
474 132
1036 513
385 506
411 857
927 833
897 129
315 365
873 135
775 555
303 563
390 199
1002 714
899 171
946 559
535 484
477 589
755 598
501 720
