708 817
236 582
1096 767
756 106
626 723
1014 50
568 70
270 107
1026 204
737 889
960 590
1003 129
996 84
661 338
899 293
540 749
952 914
1042 272
207 305
898 529
603 333
461 801
282 363
1059 648
485 385
640 928
259 208
824 500
981 788
168 992
353 558
849 167
692 471
719 45
698 238
418 572
170 980
699 914
419 621
817 1031
294 532
733 897
414 517
255 653
274 337
456 212
320 750
395 302
567 119
454 406
658 952
599 643
867 745
742 125
734 853
419 150
389 626
845 692
547 15
584 901
337 458
979 765
714 666
735 680
665 335
479 498
593 765
1071 98
857 470
307 938
280 649
785 387
512 399
602 118
718 512
804 704
971 860
846 965
679 727
810 679
518 827
785 582
315 901
284 640
448 309
852 847
513 354
441 801
792 391
664 690
811 118
1018 933
551 912
1118 336
414 381
532 342
477 257
316 811
412 715
582 464
1042 205
857 488
257 417
348 787
1024 319
395 460
899 626
902 852
751 83
667 695
940 772
969 208
489 632
575 367
993 924
820 869
986 313
409 754
428 640
450 765
360 761
548 358
887 945
709 531
818 44
368 308
483 766
252 785
453 544
832 231
263 218
1071 708
741 560
707 296
1027 741
482 670
883 450
848 759
905 769
503 867
351 256
246 564
692 115
326 520
768 805
643 755
326 647
558 261
450 698
936 257
602 178
297 773
538 634
815 176
428 900
631 368
456 663
365 798
685 563
359 133
792 642
663 802
596 280
1106 141
423 767
597 103
682 440
298 396
1041 982
958 485
596 326
491 507
429 926
790 560
617 734
286 824
318 247
313 787
1084 100
558 825
722 799
512 503
666 79
522 802
560 312
1083 834
542 561
585 753
1016 756
667 548
372 67
804 341
920 596
1118 237
684 149
391 494
478 219
765 892
1050 242
310 624
