961 536
622 335
619 956
597 399
269 793
263 -4
814 558
268 474
928 836
798 248
360 863
787 834
974 424
487 442
352 843
554 148
1068 549
552 155
395 167
840 246
829 153
961 519
923 687
397 308
634 915
853 578
552 233
849 857
299 377
257 294
779 683
271 708
919 856
741 731
838 465
717 676
174 438
669 570
563 713
444 290
544 779
722 286
903 161
433 365
790 566
1119 946
821 659
790 581
710 288
447 727
857 934
686 49
739 293
304 156
685 404
370 591
1082 913
455 687
746 566
678 778
834 743
1008 736
439 863
860 399
607 643
401 335
397 154
1014 542
266 148
561 333
623 683
519 684
1026 124
1044 338
578 734
750 729
957 425
174 921
719 428
445 668
668 163
1071 943
1025 86
162 771
1151 585
398 925
434 116
547 106
1007 451
478 47
916 673
425 461
786 218
821 702
1172 544
768 764
1084 767
858 126
1009 940
486 925
974 612
1051 519
622 237
505 300
459 354
221 1034
998 635
892 639
482 490
965 136
701 93
654 190
374 431
645 761
186 392
862 515
469 876
158 590
710 303
783 405
343 839
1009 696
943 892
843 927
731 749
538 231
424 446
807 239
536 619
876 844
629 868
565 827
334 243
511 750
840 99
281 487
310 867
1059 433
1055 617
536 513
659 884
978 817
539 380
830 584
892 503
1037 182
567 818
534 375
587 256
118 863
467 941
1081 854
549 291
626 503
325 886
693 895
824 563
548 464
246 240
708 503
632 658
343 413
793 371
553 819
927 608
721 292
1082 261
483 337
960 658
311 172
515 349
1098 634
835 868
466 152
905 548
278 262
937 875
785 376
722 50
472 537
460 199
633 161
796 774
161 404
489 217
1077 224
423 820
315 628
822 566
337 621
385 805
915 87
734 876
352 688
766 814
688 451
302 787
927 529
1036 329
481 257
