301 613
735 389
693 853
770 76
1064 765
975 96
813 1008
543 145
694 108
1045 388
716 77
397 121
941 902
646 317
888 249
733 727
785 339
445 848
262 817
618 937
1092 499
1020 723
514 624
406 112
690 155
597 322
882 130
1088 210
928 333
506 808
873 195
803 148
395 385
457 845
738 279
1087 594
317 700
668 915
865 411
324 615
621 420
339 441
212 764
783 570
840 566
1062 654
238 476
344 947
242 350
655 139
665 771
837 353
900 871
1096 438
855 544
122 660
978 883
774 363
947 810
713 96
403 128
675 317
1075 713
341 476
1007 251
622 557
337 319
632 602
714 434
737 519
1031 303
192 45
1028 907
593 572
374 811
235 769
1152 639
1000 263
368 520
904 624
708 314
512 401
699 296
877 861
1048 772
767 795
587 201
613 416
410 53
984 766
321 361
612 989
930 719
777 927
779 508
742 714
857 693
782 508
686 166
1062 659
460 890
858 248
965 90
1000 806
976 860
838 810
1076 212
203 451
250 342
454 224
331 292
509 801
1005 837
201 103
636 216
659 262
1102 244
567 829
532 541
735 323
813 276
678 530
301 859
273 161
918 225
802 112
434 792
1000 828
569 630
452 202
945 283
1140 986
414 677
822 737
385 727
1125 828
1023 193
342 215
466 689
835 278
140 254
460 776
665 895
399 495
836 804
1074 1014
640 522
1006 842
817 381
1115 175
971 579
456 333
691 662
871 792
377 42
784 185
527 258
552 872
852 133
845 492
949 691
961 275
976 654
193 360
1060 430
278 893
1059 575
775 145
617 607
795 345
491 150
655 311
361 407
283 656
913 119
885 825
114 53
665 884
506 356
640 553
452 172
801 421
1044 385
498 422
583 141
405 331
208 397
591 937
511 806
964 380
902 196
974 795
273 632
436 532
1100 494
739 295
1105 741
351 906
649 192
778 368
