749 654
899 528
607 360
939 872
917 637
786 278
502 119
313 854
973 545
501 960
550 518
956 884
615 448
327 726
1023 545
867 203
1008 306
955 412
740 460
151 725
948 394
1090 382
611 671
991 150
654 259
711 507
944 873
765 877
807 365
972 545
749 438
910 708
1052 481
647 608
277 455
565 922
579 642
596 915
657 469
598 207
791 558
1015 228
350 632
117 242
621 119
836 948
630 478
237 699
1061 802
417 750
318 329
429 820
346 810
835 213
593 528
458 174
1015 464
676 699
284 547
579 814
895 734
330 946
720 275
305 430
545 419
795 600
1011 362
1039 863
879 401
371 739
682 387
1009 240
838 430
773 590
703 736
337 389
682 870
1061 260
802 154
618 234
515 981
334 417
1064 243
766 914
340 549
803 236
269 131
690 143
357 720
1124 207
626 51
930 538
430 260
674 381
367 320
188 798
756 446
179 414
861 935
507 869
396 815
680 939
321 87
247 70
751 334
963 608
332 865
207 739
702 144
278 437
879 871
823 280
290 143
193 795
1008 154
829 414
397 564
795 514
696 730
315 883
497 677
502 853
307 203
537 650
171 908
596 416
217 751
603 756
424 309
728 742
679 996
859 532
472 791
421 379
639 496
849 586
363 517
411 401
228 244
527 873
992 855
847 652
425 971
466 298
858 234
984 391
949 725
300 427
456 104
819 752
364 265
215 380
604 131
866 155
332 711
926 553
535 25
846 152
652 427
787 667
537 490
465 544
303 859
321 636
1006 391
309 428
1073 410
547 423
452 584
913 473
406 249
298 481
632 433
368 858
556 510
798 833
179 874
280 399
211 726
677 336
1075 320
453 866
126 39
282 400
603 905
482 382
545 343
664 905
721 128
663 408
1002 868
801 705
917 41
875 618
523 455
1041 144
371 552
142 249
210 416
524 829
