441 946
162 809
563 398
382 519
688 820
753 626
853 193
455 474
139 331
360 449
407 622
772 292
391 412
171 587
597 912
269 342
512 911
898 111
658 620
969 75
779 350
927 341
308 552
656 258
971 666
695 852
1043 946
343 355
427 362
898 333
828 348
491 137
833 554
692 467
856 583
1031 635
256 849
1003 612
771 648
997 631
903 625
663 803
1105 165
1043 406
822 294
640 810
853 767
1046 273
1016 234
916 607
280 619
313 858
907 258
306 889
707 333
565 606
629 201
419 110
934 833
227 647
292 812
554 733
980 391
748 633
303 654
382 572
1020 703
481 533
325 911
393 647
550 873
484 685
308 806
426 160
1128 709
1058 556
797 863
577 449
545 171
286 787
673 572
645 267
479 111
308 232
1013 191
923 415
245 928
629 373
239 880
376 840
762 49
1032 377
442 343
452 696
366 117
294 737
510 286
455 152
918 547
992 538
896 900
449 89
439 573
449 545
865 122
505 175
311 476
796 910
688 566
420 387
871 472
189 855
832 401
883 353
580 696
675 583
686 501
215 714
869 748
819 521
728 260
270 667
233 794
451 252
924 382
531 47
817 264
708 336
800 328
671 592
912 420
981 663
1035 450
376 131
878 195
361 598
635 700
296 622
681 852
1037 330
396 84
1160 314
493 779
791 261
804 393
305 143
280 371
1000 574
433 398
1038 337
499 289
880 496
1006 759
467 494
788 677
858 314
1054 261
505 925
844 424
727 85
273 423
306 438
346 293
782 892
432 453
901 200
702 434
821 599
707 490
357 828
552 306
888 211
554 426
257 126
757 296
404 365
497 398
463 150
1117 309
652 917
153 448
757 559
705 514
495 945
731 294
322 522
844 515
496 484
950 889
297 697
938 240
812 189
501 845
1099 860
236 938
734 318
1044 623
1059 564
521 141
543 344
