890 100
991 414
428 985
854 203
790 724
1009 907
678 330
533 715
860 271
926 915
640 808
275 654
863 904
1095 352
681 607
1131 461
824 400
915 858
812 224
775 207
467 350
442 544
661 280
986 335
418 608
300 766
713 467
857 399
802 983
791 597
781 357
555 875
915 291
440 197
459 220
182 594
858 936
701 440
708 766
427 633
233 655
395 756
462 284
970 360
720 318
669 790
511 447
352 422
872 760
531 474
1114 720
450 202
683 251
713 110
204 101
890 539
838 306
506 362
262 3
880 616
831 283
787 630
276 172
423 277
803 934
775 273
361 630
367 533
1025 352
854 418
620 897
728 562
849 724
342 99
770 514
982 336
998 212
789 451
855 826
416 749
784 388
339 746
609 910
487 624
294 979
522 469
449 676
428 811
359 319
1006 986
406 817
751 901
938 226
774 455
1021 170
410 723
276 162
194 241
568 198
667 141
826 114
1100 426
960 246
453 769
883 338
356 367
354 865
922 176
416 350
241 42
441 352
712 280
810 348
453 213
257 469
599 171
960 523
828 291
716 835
613 254
432 265
913 912
345 159
344 966
458 492
547 951
420 653
843 311
405 329
401 94
351 346
435 79
323 636
707 238
279 979
1066 313
552 905
203 365
497 901
288 367
939 243
143 174
944 314
794 229
497 118
313 134
514 452
746 409
954 158
876 1036
628 799
1028 536
1147 274
402 102
471 657
245 740
986 861
824 622
820 202
810 870
568 884
465 916
678 663
506 144
533 611
321 814
871 685
825 304
683 968
1028 468
258 712
881 777
564 287
1102 102
887 597
370 161
642 814
1068 663
1048 565
461 535
547 692
733 717
723 258
936 452
1023 373
827 831
315 367
374 91
589 115
384 169
200 69
415 796
287 110
888 189
283 719
1034 719
889 398
266 843
804 496
304 318
