993 411
305 375
577 756
966 864
1007 1003
1055 340
900 399
237 354
905 365
1062 334
247 441
370 736
302 178
766 724
488 432
314 614
906 663
877 228
487 993
806 418
819 107
377 259
250 102
856 164
660 721
456 454
369 294
1002 925
471 351
414 862
557 434
438 227
506 339
905 878
1179 286
762 363
481 318
258 584
469 156
572 129
962 594
809 766
797 183
962 788
487 779
236 584
446 674
1082 340
725 514
630 450
451 526
718 436
273 700
730 70
1020 215
1131 95
1076 401
707 680
1053 815
271 917
241 891
456 304
424 820
354 792
299 544
522 267
583 553
894 243
428 580
757 960
365 631
779 156
1087 990
920 782
709 889
791 644
745 834
845 110
414 568
779 441
283 629
805 628
860 948
347 740
639 410
462 514
213 468
503 408
1025 281
595 795
992 367
630 523
375 466
986 566
686 139
567 714
586 561
290 115
148 876
900 724
879 272
398 663
875 570
981 272
1064 595
703 246
444 915
354 381
726 824
582 115
590 879
906 363
348 142
960 567
1062 903
1064 670
822 899
526 935
313 129
482 378
911 660
486 559
683 621
481 487
538 477
294 409
1070 874
1078 611
598 339
859 909
586 224
397 879
541 501
277 580
371 413
1072 97
842 421
401 545
632 883
441 694
646 327
1088 61
350 328
706 184
516 296
171 885
385 477
498 370
501 338
1111 40
1103 519
331 815
1051 847
579 454
606 753
172 350
1090 791
585 863
308 627
554 359
591 709
429 344
534 445
235 439
1124 891
582 789
412 265
526 843
750 72
632 847
597 441
599 895
499 755
767 456
506 352
225 631
515 180
362 307
622 56
511 835
952 771
238 943
914 667
546 633
1053 462
678 343
861 689
471 134
417 448
1143 212
417 403
859 108
622 924
997 285
465 910
219 67
476 499
836 473
973 696
934 359
