387 118
172 564
699 306
513 911
615 616
949 569
815 877
911 208
293 75
1010 786
1105 621
977 214
741 811
895 796
712 79
184 873
1084 829
196 -10
839 565
507 549
748 272
367 179
361 280
411 960
610 883
195 760
392 463
764 234
763 738
1066 578
722 694
239 828
334 834
863 709
758 585
239 779
735 937
211 871
901 484
441 128
589 502
1032 742
810 360
897 614
323 488
810 420
956 146
339 352
630 122
410 776
752 618
1091 65
490 282
669 350
906 568
936 617
821 209
928 568
746 390
343 643
365 793
1070 483
334 29
782 404
579 186
654 345
214 238
600 105
423 958
806 549
646 436
548 663
891 692
244 286
201 346
360 1020
266 739
723 911
783 847
571 461
862 959
370 824
196 781
676 1032
1027 822
769 262
297 401
480 542
658 764
358 912
669 995
533 759
958 435
367 587
856 339
730 334
189 551
159 545
308 50
649 739
771 344
667 725
446 873
975 547
1041 937
837 203
412 113
305 320
904 378
802 731
369 783
578 468
440 329
384 805
675 631
985 392
223 708
687 866
1116 628
855 399
792 638
425 283
446 668
979 175
753 357
335 917
542 509
479 517
405 412
1034 457
395 383
361 711
983 885
312 778
824 386
306 450
1071 350
515 746
1017 201
756 595
247 609
842 195
937 439
976 287
709 406
1015 141
942 810
647 878
505 833
822 98
620 440
489 228
369 743
533 625
358 257
422 222
192 835
782 466
522 150
607 314
434 588
1134 279
536 195
255 372
335 314
974 1019
348 429
551 830
685 144
693 663
875 763
390 135
822 695
944 779
970 540
730 619
122 108
350 710
440 782
915 759
245 347
360 801
485 246
975 451
696 1006
535 573
567 762
476 288
545 807
688 45
439 442
852 400
381 573
366 477
277 224
396 267
746 641
807 283
919 120
650 284
