751 632
878 905
1055 288
367 419
744 454
624 307
600 608
486 495
742 825
792 125
326 298
1020 141
1038 924
633 200
578 106
494 863
1002 419
511 155
523 549
685 837
544 407
705 388
731 1017
911 542
293 774
320 393
903 570
330 764
589 636
1086 10
1112 -6
155 884
757 387
689 185
1104 614
597 432
123 624
1024 313
838 269
315 483
288 203
531 266
1128 470
986 165
150 475
845 176
655 505
213 942
392 677
774 171
700 249
1073 286
789 459
489 702
531 972
461 803
290 144
994 221
823 576
557 659
621 367
249 748
292 746
427 949
860 69
509 369
456 510
743 419
1010 774
496 117
737 762
756 641
808 302
921 903
470 63
958 110
398 992
231 877
1172 344
468 583
945 157
617 753
635 997
489 915
1044 679
372 902
894 900
648 920
633 757
286 456
637 379
555 493
485 1011
258 717
565 95
279 808
446 643
452 623
866 155
849 665
457 606
557 818
370 581
404 104
368 251
614 311
168 557
309 244
917 232
721 623
203 379
446 333
882 925
992 662
580 676
969 720
856 659
553 796
970 775
273 283
371 941
269 893
489 478
645 384
569 508
275 523
956 971
262 806
1090 778
656 512
171 800
461 857
994 124
348 77
141 828
707 506
864 167
935 507
603 206
1078 368
806 795
1025 927
866 143
939 798
271 536
576 410
530 393
448 122
425 398
425 457
821 848
838 638
1035 79
290 983
315 96
564 170
459 180
609 635
382 607
687 126
715 595
754 217
244 171
954 403
1049 450
447 375
705 637
1007 854
544 96
508 684
192 921
498 947
643 441
594 534
672 876
210 892
249 612
457 736
411 446
773 312
839 379
877 198
1024 546
756 895
511 691
518 335
590 511
117 542
1064 931
346 931
290 781
311 820
252 353
770 624
929 183
661 312
282 549
409 847
530 894
575 673
