274 573
424 630
1004 106
496 364
645 686
1060 629
435 334
420 991
803 569
1015 540
348 832
722 384
767 378
526 544
744 821
464 78
542 758
351 221
789 610
1106 487
915 133
587 277
883 453
313 364
969 404
1088 534
451 501
949 722
865 332
1017 717
842 81
368 376
678 350
908 575
778 255
523 212
370 943
1015 817
624 232
678 192
379 343
780 239
356 892
420 220
816 343
782 131
430 774
498 211
267 420
837 681
349 119
1010 337
803 780
895 696
778 746
482 258
1158 458
779 260
623 615
586 694
768 810
787 702
532 856
377 308
944 766
952 352
401 560
757 745
395 99
591 817
286 160
364 411
615 808
608 573
392 203
343 581
545 404
946 805
608 150
1022 398
866 367
683 142
484 220
1001 661
239 133
545 471
184 799
291 987
450 90
742 410
975 816
311 549
747 594
339 622
966 378
377 337
586 467
865 455
445 644
126 84
221 960
553 644
576 755
1001 760
296 349
1105 33
916 426
565 1008
1018 812
291 674
697 887
500 510
854 996
303 862
524 756
542 445
980 205
952 680
729 252
995 768
145 863
469 346
678 1000
639 257
652 837
671 562
508 210
978 318
535 909
721 956
925 542
736 200
703 380
587 278
745 391
635 221
726 720
535 750
948 74
785 308
173 312
198 420
1072 484
285 827
555 411
1021 45
650 616
603 781
774 885
396 827
687 560
332 738
884 820
259 783
784 326
624 540
145 528
224 868
423 606
775 62
801 849
348 294
694 498
278 824
481 355
992 308
393 303
384 446
861 816
281 155
894 780
214 578
183 699
914 948
246 599
835 813
326 353
468 867
582 392
742 853
515 679
290 352
903 483
561 182
624 817
826 559
367 221
1048 384
933 550
592 315
841 487
1030 499
617 355
356 873
913 147
374 970
249 874
596 343
1111 33
285 714
