31.484 -36.727 -414.744 1.103
48.748 86.806 -359.291 1.093
62.589 36.094 -374.236 1.127
28.981 81.412 -395.496 0.961
-94.807 -26.841 -395.811 1.059
85.213 77.325 -473.281 1.199
24.575 53.579 -417.855 1.041
-33.606 56.661 -343.901 1.021
-38.362 48.113 -375.006 0.990
49.483 -57.633 -324.141 0.993
71.313 39.508 -438.745 1.071
94.539 -48.954 -337.365 0.787
-82.688 71.243 -360.128 1.009
91.842 17.274 -383.000 1.119
-57.720 -45.569 -405.384 0.984
-85.709 -44.082 -439.845 0.997
96.591 44.277 -307.938 0.861
-56.656 -68.827 -414.612 0.870
-22.658 85.421 -394.001 1.166
66.894 57.098 -365.279 0.957
43.331 -48.341 -423.473 1.220
-42.548 40.844 -355.447 1.127
21.257 65.054 -375.003 0.905
25.067 -84.078 -425.206 0.937
-66.002 -47.709 -451.085 1.163
-9.336 8.475 -480.508 0.829
-12.134 86.168 -333.858 0.818
-67.572 -22.643 -372.819 1.088
-30.193 -79.289 -432.382 1.133
-5.961 57.253 -432.144 0.929
-84.496 -54.798 -325.266 1.043
60.615 47.624 -460.733 0.974
-63.630 -91.106 -440.654 0.986
20.819 71.261 -483.771 1.002
95.012 70.649 -385.899 0.942
-29.210 24.611 -342.085 1.150
-64.353 -42.692 -434.167 1.050
11.199 -30.116 -306.679 0.935
-46.879 -98.672 -454.958 0.985
-52.575 15.870 -407.391 0.900
37.349 8.957 -427.964 1.129
-73.456 9.836 -466.425 1.093
9.821 -90.073 -438.686 1.197
34.482 29.350 -485.138 1.048
97.532 -90.313 -454.374 0.929
-21.615 52.218 -338.189 1.073
-56.847 15.885 -395.931 0.934
59.940 -34.624 -361.525 1.043
-28.232 -26.825 -417.477 1.012
-30.872 -79.894 -329.792 1.042
96.222 40.575 -495.272 1.071
-21.411 3.630 -407.865 1.068
85.426 -71.647 -492.415 1.080
63.294 70.695 -417.914 0.987
-31.286 26.257 -403.837 0.974
-58.010 82.571 -461.766 1.047
58.445 30.163 -417.769 0.924
13.188 -65.675 -310.072 0.855
52.383 -49.329 -427.020 1.097
-17.304 87.219 -433.789 0.973
74.195 21.125 -324.313 1.106
29.998 -14.312 -375.598 1.028
21.588 60.859 -349.332 1.217
5.627 -53.618 -471.340 1.002
-37.703 -0.970 -344.438 0.958
98.699 81.128 -484.706 0.976
44.027 -21.944 -306.369 0.960
-92.077 55.491 -302.744 0.985
50.419 -4.692 -438.724 1.042
86.735 57.889 -346.473 0.879
-9.893 -13.956 -461.893 1.020
-5.702 -38.352 -361.089 0.875
-30.979 -89.690 -428.166 0.991
-5.815 -56.609 -388.298 1.070
83.922 -78.317 -485.967 0.899
-66.949 -93.999 -451.821 1.172
-12.752 6.902 -311.959 1.126
-91.403 -7.849 -426.058 1.119
2.822 32.246 -419.238 1.079
-64.040 -87.042 -334.923 1.050
-64.312 -60.975 -308.725 0.905
-54.485 -89.583 -406.952 1.017
92.505 -58.274 -381.723 1.050
35.817 -74.383 -409.951 1.058
21.812 20.591 -305.750 1.043
94.116 -63.678 -406.445 0.943
-25.082 89.580 -466.944 1.069
-17.075 76.296 -330.231 1.115
-99.337 59.869 -328.842 1.193
86.521 92.396 -303.728 0.929
-88.200 -40.728 -331.327 0.956
-91.179 -62.683 -401.819 1.225
70.174 -27.758 -355.741 0.893
-39.617 -1.967 -400.339 1.040
65.797 -38.659 -440.335 0.772
6.806 91.245 -402.309 1.029
-42.068 -57.420 -474.828 1.043
-51.327 -26.257 -396.833 1.051
46.655 -83.488 -485.654 1.186
67.364 39.606 -388.725 0.891
-47.936 71.373 -471.463 1.130
92.804 62.197 -421.561 1.068
-64.429 53.874 -334.169 0.711
39.602 51.849 -323.047 0.957
-52.920 -86.143 -333.552 0.837
-64.425 50.766 -369.721 1.173
-11.873 95.109 -341.439 1.039
61.968 25.161 -426.948 0.976
78.031 90.033 -305.073 1.071
48.055 -36.011 -394.729 0.970
5.173 64.984 -411.160 1.168
-36.797 86.468 -324.139 0.895
39.531 -33.148 -490.829 0.969
0.376 17.999 -384.282 0.917
-7.380 85.751 -441.004 0.901
7.697 -26.227 -468.446 1.157
-20.782 -19.742 -424.972 1.157
-18.540 -68.051 -313.882 1.004
-54.329 10.973 -437.788 0.911
-62.207 -23.813 -374.451 1.020
-76.478 62.811 -486.011 0.883
-23.833 44.542 -465.338 0.979
-37.546 -0.130 -346.834 1.028
4.634 18.558 -374.533 0.963
-46.017 -34.633 -437.439 0.811
14.033 -46.368 -358.114 1.021
48.656 -29.672 -418.549 0.946
-94.952 -35.814 -415.605 1.143
-63.079 -33.921 -440.984 1.028
-77.190 -42.758 -400.492 1.016
-74.378 53.597 -476.602 0.962
41.116 -34.346 -307.515 0.963
92.390 -1.190 -431.061 0.990
93.511 21.057 -373.593 1.051
-35.982 -59.996 -466.308 1.102
55.073 70.529 -397.489 1.065
-45.097 35.437 -349.511 1.067
-96.414 -42.024 -361.577 1.103
79.281 1.318 -499.114 1.030
12.103 14.209 -443.383 0.999
97.173 -44.229 -461.508 1.110
94.410 89.521 -405.920 0.989
46.629 5.903 -484.130 1.060
-87.014 -15.800 -397.316 1.226
90.068 -0.119 -408.043 1.075
-27.285 30.177 -384.792 0.999
-38.735 -50.074 -460.136 1.112
-57.656 24.420 -457.629 0.996
12.162 3.764 -313.886 1.138
74.505 -24.490 -399.239 0.984
18.429 -83.513 -448.344 1.090
3.972 40.742 -434.558 1.148
79.314 18.507 -473.908 0.973
3.743 -91.558 -411.400 0.996
-39.177 -99.446 -462.605 0.956
-28.892 -73.450 -335.503 0.984
41.392 -51.274 -492.952 0.671
-5.912 50.913 -474.948 0.873
72.321 -72.630 -382.448 0.968
-81.821 -27.503 -327.647 0.996
-49.337 93.703 -389.207 0.962
92.635 -3.990 -449.336 0.980
74.464 41.781 -431.999 1.123
-25.199 -24.889 -449.478 1.012
39.832 11.242 -467.969 1.127
79.352 44.462 -480.301 1.084
-98.819 22.187 -419.825 0.837
-79.854 -99.603 -459.400 1.110
23.834 -77.956 -463.602 0.963
-67.975 -65.340 -316.998 0.849
-37.455 -41.494 -478.285 1.132
-55.173 86.870 -355.124 0.899
69.528 -75.918 -434.505 1.049
96.420 -73.956 -347.033 1.106
-44.050 -3.728 -414.133 0.967
11.074 21.015 -339.198 0.896
13.594 -56.845 -375.216 1.025
-90.142 28.243 -340.327 1.115
-28.928 58.060 -388.130 0.933
-80.518 50.517 -410.575 1.116
31.394 47.629 -343.200 0.858
14.099 95.199 -355.496 0.937
36.067 -55.904 -317.650 1.047
79.045 30.938 -400.448 1.069
-38.366 -25.349 -330.461 1.047
54.747 1.839 -409.037 1.165
-25.377 -94.424 -415.693 0.868
53.531 -5.760 -364.442 0.886
-35.492 -75.364 -426.526 0.960
-12.968 -39.371 -310.006 0.924
-38.988 68.136 -415.979 1.115
-52.909 -5.102 -403.712 0.908
-52.167 -66.490 -441.811 1.042
13.888 -99.034 -477.903 1.058
78.590 -33.576 -372.924 1.027
-56.804 -64.510 -496.855 0.915
-32.562 -85.212 -334.972 0.997
20.337 -92.359 -425.722 0.873
-51.559 -24.033 -452.693 0.987
15.802 40.725 -382.230 0.897
