-73.070 56.678 -460.748 1.046
-55.994 -80.167 -381.082 1.176
51.219 -14.454 -485.685 1.064
44.510 84.107 -420.854 1.182
92.208 -52.402 -444.099 1.129
43.250 -66.388 -439.242 1.060
85.799 -36.509 -372.882 1.091
83.801 -9.251 -451.267 1.026
46.713 -52.837 -409.022 0.795
84.521 -55.775 -404.588 1.020
44.243 -54.776 -367.011 0.891
-93.164 -2.435 -376.340 0.984
75.397 -66.893 -431.261 1.124
69.289 91.041 -365.714 0.922
-63.170 12.748 -410.146 1.066
82.459 -32.706 -325.394 1.016
58.740 67.575 -498.350 1.132
-47.060 43.633 -397.858 0.946
60.501 12.505 -469.298 0.803
-15.481 -96.346 -429.351 1.114
25.735 -51.696 -385.588 0.954
14.023 18.268 -370.468 0.979
-46.265 76.633 -485.451 1.069
35.340 -24.817 -403.958 1.043
76.571 27.138 -448.202 0.886
-93.533 78.524 -400.147 1.173
87.144 61.236 -363.462 1.147
23.036 -25.935 -375.786 0.958
-31.452 -8.546 -451.635 0.942
7.069 7.223 -397.278 0.965
17.955 24.949 -405.609 0.963
31.076 -73.494 -430.295 0.846
-38.356 58.794 -410.860 1.017
29.848 31.673 -371.041 0.996
-64.094 -56.143 -468.330 0.967
74.135 77.272 -302.425 1.050
-68.352 78.698 -454.588 1.022
-9.877 -28.059 -457.707 0.901
25.108 -56.797 -365.501 1.066
2.648 63.062 -486.571 1.031
-25.625 -63.210 -480.597 0.963
-29.025 29.306 -330.696 0.895
31.641 -47.699 -489.568 1.125
-21.154 53.444 -454.219 1.189
-5.247 -93.642 -465.953 0.932
-88.136 39.161 -471.957 1.096
-85.350 -90.495 -455.444 1.042
81.488 12.355 -453.900 1.065
83.992 80.232 -383.472 0.915
-46.080 34.199 -465.742 1.029
6.277 -51.387 -430.866 1.046
-38.058 -12.340 -328.473 1.082
37.381 10.733 -414.870 0.884
66.594 -14.911 -445.701 0.932
-67.098 35.921 -314.592 0.861
6.663 95.779 -478.284 1.126
9.242 -14.944 -425.004 1.130
91.126 -91.503 -342.718 1.056
59.282 9.359 -481.219 0.945
69.417 79.558 -352.313 1.027
-4.793 -86.569 -400.471 0.863
78.112 55.325 -422.276 0.949
34.929 -39.139 -453.112 1.035
96.993 19.026 -357.112 1.064
-23.384 -55.986 -329.422 1.028
9.145 9.471 -360.364 0.989
-51.874 71.073 -490.127 1.088
-9.827 -8.016 -478.200 1.019
-31.394 7.798 -333.155 0.937
-37.220 12.795 -306.569 1.157
-83.234 96.617 -336.796 0.863
-49.773 81.537 -335.907 0.941
67.605 22.967 -402.288 0.931
-73.693 39.061 -334.108 1.035
50.903 8.298 -484.157 1.020
26.045 80.764 -486.933 1.145
23.639 -87.154 -489.668 1.078
17.731 18.670 -388.476 0.832
49.795 96.968 -379.753 1.010
75.197 38.656 -371.144 1.111
60.417 51.145 -453.822 0.914
-20.234 77.654 -458.959 0.788
23.859 -18.721 -399.553 0.884
-23.159 -49.286 -394.332 0.925
-20.390 81.111 -475.114 0.998
-7.054 10.863 -380.876 0.856
33.968 72.727 -335.889 0.936
-25.021 -34.202 -405.498 1.108
33.902 78.843 -439.793 0.747
69.943 67.313 -377.568 1.041
26.221 -21.438 -409.179 0.976
-91.605 39.037 -407.582 1.115
-78.093 -56.738 -317.467 1.020
35.611 -37.228 -346.351 0.867
86.228 -42.516 -420.410 1.169
-28.530 13.751 -380.974 0.939
-46.038 12.496 -469.288 0.871
-80.072 27.722 -348.750 0.969
-13.517 83.247 -334.304 1.063
-39.665 -28.825 -363.607 1.098
10.873 81.399 -359.258 1.071
32.424 -59.108 -345.060 0.980
98.577 -8.973 -360.270 1.154
-84.595 -14.557 -311.847 1.153
-14.855 -92.948 -452.808 0.866
-45.852 -98.758 -413.528 0.869
65.486 0.401 -441.406 1.126
-67.337 54.736 -385.714 1.073
10.098 -31.828 -426.349 1.047
67.718 11.992 -388.564 1.041
-19.182 18.852 -337.611 0.887
82.386 44.567 -467.956 0.983
8.962 -96.541 -444.706 1.111
-42.898 52.628 -385.649 0.876
36.235 16.991 -392.708 0.900
-70.412 -51.388 -432.947 0.889
-80.099 -62.206 -351.722 0.927
-21.693 8.923 -322.473 0.993
34.798 8.191 -429.767 0.927
-6.060 42.051 -336.752 1.092
27.224 88.792 -447.513 0.998
48.157 -31.323 -360.336 0.858
43.259 -60.561 -476.214 1.040
-18.118 -28.784 -398.177 1.060
-1.826 -14.835 -332.611 1.143
43.664 96.155 -330.529 0.815
-46.649 -88.247 -310.967 1.101
-56.355 -75.838 -320.063 0.918
19.337 94.898 -436.511 0.909
-92.996 68.702 -481.160 0.998
50.606 95.120 -361.105 1.035
-66.588 71.359 -344.962 1.055
94.420 57.450 -371.835 0.986
-47.420 14.039 -469.856 1.296
36.771 -22.443 -445.908 0.869
-54.147 -22.793 -417.254 0.750
72.295 -43.684 -474.482 1.057
66.316 16.011 -432.475 0.980
-29.572 -42.056 -393.421 0.993
-26.500 -32.186 -328.512 1.213
-86.292 -57.006 -348.746 1.098
-94.828 -96.435 -466.936 1.030
86.086 -72.938 -312.968 0.866
31.164 55.568 -365.024 1.020
46.289 -72.693 -370.499 1.112
99.007 13.915 -407.259 0.967
36.575 56.925 -485.601 0.907
69.858 13.854 -347.410 0.978
-96.289 -40.540 -449.933 1.109
93.234 40.107 -406.431 1.162
-49.420 -56.131 -432.676 0.996
-40.145 -52.445 -338.548 0.860
46.562 -50.323 -362.117 1.018
39.750 -68.462 -348.803 0.919
-40.732 48.729 -468.642 1.009
-78.323 2.062 -401.133 0.965
-7.965 90.819 -348.075 1.037
62.920 15.994 -423.224 0.928
5.180 -12.085 -300.448 0.775
89.371 -68.886 -431.200 0.920
-59.759 -27.932 -490.984 0.904
24.745 -94.631 -460.193 0.836
31.296 -80.197 -453.983 1.029
-28.715 41.504 -435.473 1.057
28.196 -17.725 -473.140 1.106
6.589 31.865 -469.374 1.082
93.727 18.114 -409.709 0.986
85.166 -93.764 -380.905 0.987
28.496 95.290 -461.574 1.131
21.766 74.279 -399.706 1.123
-14.002 70.060 -387.819 1.094
40.365 -87.483 -330.387 0.997
-25.635 -59.999 -390.495 1.043
-17.248 -60.044 -418.056 1.035
99.849 -75.071 -387.878 0.988
77.491 -58.639 -487.510 1.133
-8.381 -49.615 -415.150 0.986
66.875 -7.400 -342.885 1.076
76.843 -33.159 -357.295 0.944
-51.045 -0.778 -461.726 0.960
-71.744 16.526 -335.399 0.963
-25.326 -90.256 -472.876 0.964
82.727 -30.473 -390.140 0.951
-94.356 79.851 -307.549 0.846
-84.756 -37.134 -352.095 0.979
1.957 -39.299 -457.803 1.019
-50.313 -26.219 -443.860 1.046
-36.298 -34.203 -340.496 1.046
38.019 -91.717 -334.033 1.077
-91.161 -71.443 -312.762 0.971
-10.085 72.878 -436.527 1.102
60.420 -49.563 -365.500 0.976
-7.152 95.716 -453.112 1.100
-62.591 -68.803 -444.348 0.958
-67.126 -19.803 -416.717 1.002
6.106 81.706 -313.148 1.103
89.044 94.633 -427.271 1.005
19.359 -89.634 -321.642 1.070
5.748 44.531 -433.650 1.007
65.157 -96.436 -302.507 0.964
