98.308 9.234 -487.712 1.035
93.084 -37.862 -469.840 0.883
-46.991 82.371 -431.056 0.995
-82.970 37.420 -390.644 0.862
91.098 46.721 -499.329 0.966
-76.573 17.038 -357.747 1.052
72.850 98.752 -350.037 0.985
-87.065 81.375 -497.824 0.951
-34.490 69.248 -397.936 0.845
52.929 -13.432 -319.377 1.061
61.053 -50.393 -370.281 0.980
74.077 -19.557 -325.306 1.136
-13.021 22.805 -482.200 0.899
62.640 61.320 -453.887 0.998
-71.773 86.078 -436.568 1.128
69.431 -20.917 -490.472 1.048
22.669 -41.154 -474.448 1.054
-53.251 95.719 -420.516 0.888
98.989 57.661 -432.504 1.105
17.904 -39.621 -367.336 1.008
57.867 96.686 -370.357 1.015
47.263 -68.667 -415.411 0.927
43.081 -92.128 -364.417 0.951
68.421 -52.174 -357.958 1.081
44.438 89.725 -428.974 1.046
93.779 -94.136 -406.576 0.986
-17.938 99.401 -464.954 1.223
82.731 -58.001 -441.217 1.185
-0.203 -67.106 -341.209 0.960
-11.447 -18.417 -372.774 0.930
-98.653 -97.443 -458.773 1.045
-71.883 43.448 -327.967 0.992
82.923 -17.218 -316.023 0.928
-31.824 6.892 -375.586 1.042
53.184 24.516 -475.414 1.007
-20.098 -5.358 -482.392 1.016
-96.492 24.156 -424.573 0.895
-29.128 31.209 -443.805 1.075
-35.668 51.708 -495.496 1.040
-67.428 40.901 -330.648 1.159
-63.180 -11.378 -352.032 0.925
75.314 -35.609 -386.723 0.939
86.490 -62.266 -380.835 0.943
84.949 -12.216 -357.795 1.024
-92.914 94.320 -491.367 0.879
30.115 -73.914 -397.573 0.878
8.548 44.820 -491.073 1.144
17.988 -18.945 -319.625 0.957
17.357 83.567 -346.473 0.966
23.354 74.842 -306.982 0.947
-99.024 49.259 -301.504 1.159
99.374 -92.305 -439.731 0.977
5.533 12.640 -420.947 1.072
-88.422 -86.152 -378.554 1.125
-33.262 -6.816 -401.293 0.895
93.414 33.700 -396.100 0.936
18.098 -23.123 -383.410 0.951
-61.206 -63.800 -337.053 1.064
6.995 -75.357 -341.582 1.085
-45.547 -16.855 -392.133 0.913
29.662 30.065 -405.822 0.895
-9.653 -76.508 -455.751 1.068
86.567 4.723 -444.743 1.167
-75.864 -58.718 -395.797 1.025
61.937 43.090 -348.119 1.183
94.489 73.872 -419.478 1.193
99.134 -49.592 -412.416 0.951
-85.605 -69.820 -491.173 1.184
-26.895 4.017 -430.225 1.050
-54.188 -35.625 -307.087 0.860
-89.514 78.614 -489.045 0.968
75.481 -47.671 -399.723 1.021
31.929 -23.482 -388.744 1.075
-11.017 43.602 -372.869 0.923
57.150 57.616 -363.042 0.926
-32.348 97.454 -323.123 0.978
-81.538 -16.160 -342.209 1.063
-84.330 -25.292 -459.858 1.042
96.328 86.093 -426.423 0.923
-60.517 70.903 -332.897 0.989
2.668 12.024 -360.644 1.251
28.225 17.524 -358.223 0.789
-67.101 -4.382 -475.884 0.971
19.137 57.422 -422.332 1.064
38.197 -84.509 -485.251 1.006
-70.638 -1.679 -378.626 0.992
-11.522 27.720 -383.414 0.882
-48.860 -43.193 -452.003 0.923
67.085 -84.565 -423.066 0.967
-76.953 -67.345 -468.881 0.828
-91.585 97.905 -402.261 1.068
-86.452 -12.538 -453.154 0.996
-27.073 -59.362 -383.172 1.185
41.195 -73.095 -356.378 1.017
-24.288 52.820 -304.164 1.005
-91.635 -8.529 -470.269 0.823
36.438 86.099 -477.418 0.970
-49.607 -95.707 -322.180 0.826
24.385 95.650 -478.164 0.905
67.284 -99.694 -476.115 0.941
83.209 -1.266 -366.496 0.883
-97.976 -76.920 -330.179 0.941
4.476 75.475 -321.288 1.012
78.888 -47.931 -410.867 1.102
-99.312 -40.906 -347.666 0.833
-57.590 -83.417 -321.011 1.029
-84.866 -15.369 -334.295 1.021
-83.502 23.501 -392.067 1.110
36.546 64.407 -499.420 0.876
-43.812 17.860 -431.857 1.029
49.602 46.554 -300.179 0.796
-1.066 61.922 -346.997 0.940
85.069 -55.592 -448.158 0.978
15.659 -20.973 -305.504 1.096
36.656 -72.683 -384.203 1.092
72.857 -89.364 -343.482 1.029
86.451 49.951 -498.010 1.074
20.719 -63.893 -417.656 1.051
1.969 14.012 -475.648 1.278
98.697 -18.813 -372.768 0.949
3.031 -3.308 -335.787 1.087
-1.536 -78.577 -385.199 1.228
91.492 -64.376 -488.531 1.011
94.435 59.981 -368.822 0.906
62.280 -2.869 -405.693 0.995
59.094 69.427 -465.272 0.939
4.324 7.643 -333.624 0.986
-84.502 -24.697 -322.086 0.835
-29.964 -68.005 -456.415 1.177
-78.422 72.173 -404.661 0.870
-31.519 -49.191 -367.808 1.234
-22.019 96.910 -413.064 0.970
-11.188 62.886 -432.738 1.033
-49.247 -6.706 -368.513 0.937
-80.235 -77.094 -471.658 0.905
-31.378 -25.596 -419.453 1.095
-98.653 33.063 -387.445 0.914
42.899 32.656 -477.917 1.088
-35.060 99.864 -480.126 1.121
85.213 33.384 -346.013 0.889
-70.127 32.724 -433.917 1.002
-77.767 58.584 -367.888 1.049
98.552 -72.356 -410.829 1.199
85.344 -97.515 -332.030 0.991
-74.075 51.085 -340.634 1.144
-18.614 -81.471 -317.086 1.065
-34.120 31.133 -343.910 0.823
-13.328 3.083 -457.881 0.881
-41.686 -76.501 -355.099 1.111
-91.923 91.090 -378.859 1.024
-18.412 0.016 -399.414 0.924
-64.158 -65.589 -478.572 0.879
99.410 -69.530 -419.196 1.001
-42.463 -41.693 -477.698 0.759
-97.943 76.837 -430.742 1.187
-35.637 28.136 -437.170 0.945
49.340 -94.315 -358.286 1.132
60.291 14.196 -379.424 1.061
-9.785 -56.831 -335.923 1.022
25.211 79.852 -499.114 1.181
-15.655 74.758 -386.668 0.892
-32.396 62.143 -443.774 0.881
-78.451 42.147 -371.432 1.047
-10.951 7.875 -358.044 1.129
-12.105 66.249 -424.542 1.093
59.778 45.621 -413.126 0.947
-30.237 -89.528 -387.461 0.938
65.597 61.347 -459.784 0.913
60.915 65.156 -485.578 1.005
80.441 17.251 -415.423 0.973
30.029 -7.460 -454.391 0.833
22.295 -75.743 -469.599 0.955
-14.351 -53.314 -446.706 1.085
89.059 33.146 -326.739 1.123
-23.117 54.207 -302.441 0.972
90.289 -34.192 -365.869 0.879
73.025 -14.931 -448.538 0.967
38.374 84.016 -492.512 1.085
-68.480 -42.720 -454.692 0.980
70.202 47.702 -477.354 1.048
-0.417 -0.331 -327.182 0.963
-61.061 48.670 -359.150 1.042
73.070 -52.551 -438.121 0.905
-86.454 55.192 -460.224 0.874
72.014 -99.811 -387.328 1.076
19.920 65.015 -494.596 1.159
-22.287 76.253 -418.777 1.019
-56.052 39.615 -404.576 1.039
-67.285 21.655 -494.497 1.116
-5.671 14.949 -380.498 1.121
-76.574 -63.565 -470.932 1.096
85.495 69.507 -487.295 1.058
-60.580 50.685 -455.796 0.907
46.827 96.367 -478.676 1.066
4.347 99.288 -457.268 1.152
42.452 -88.458 -423.169 0.927
41.576 39.105 -351.675 0.944
40.533 18.446 -377.962 1.002
-50.335 -21.524 -322.903 1.051
20.320 52.179 -434.386 1.062
