-24.531 70.392 -419.244 0.893
-65.765 13.272 -486.596 0.952
-56.670 73.293 -328.967 1.027
-21.234 -44.525 -490.503 0.881
-84.003 -16.866 -304.564 0.931
77.014 -53.680 -367.456 1.004
-37.722 -20.437 -408.871 0.862
-96.840 -78.557 -348.848 0.991
-7.044 -40.483 -438.752 0.962
-0.073 -65.065 -437.031 0.918
-55.223 -33.855 -454.477 1.244
-79.195 63.338 -381.662 0.937
19.899 -28.999 -471.896 1.139
-66.912 33.025 -326.026 1.063
-40.027 10.958 -363.873 1.086
52.084 -78.104 -394.660 0.999
-13.140 -54.762 -403.398 1.030
62.894 54.851 -397.123 1.000
-39.847 13.837 -329.869 0.873
-14.772 37.652 -321.146 0.987
-1.246 15.776 -317.863 0.997
-15.405 0.764 -423.240 0.861
-98.448 35.821 -469.067 0.859
7.945 -76.449 -421.932 1.012
49.134 -62.073 -401.842 0.888
-41.860 76.893 -459.769 0.991
-89.864 58.622 -352.996 1.158
-39.832 6.547 -464.945 0.971
11.856 -54.497 -464.496 0.924
-94.158 -17.487 -367.843 0.975
11.379 9.837 -304.570 1.031
31.000 -28.302 -339.672 0.926
-51.574 70.695 -418.423 1.105
-19.191 -26.432 -455.388 0.997
-48.389 -57.432 -481.279 1.161
-84.732 13.544 -347.072 0.753
-91.282 -27.421 -304.206 0.933
46.228 -28.244 -342.248 1.023
-5.764 27.402 -437.521 1.055
33.902 -73.979 -371.869 0.797
-19.622 -78.032 -493.507 0.878
90.820 56.342 -341.020 0.903
13.661 -14.167 -483.918 0.927
-17.196 -19.942 -480.238 0.971
-50.143 -22.362 -407.080 1.001
-55.752 -93.588 -463.352 1.063
40.628 -39.208 -331.139 0.943
-10.597 -18.513 -319.895 0.896
-28.901 -4.922 -446.883 1.066
-24.740 55.816 -319.322 0.996
-75.860 -80.433 -311.714 0.986
-48.491 57.377 -497.573 0.923
-63.180 -36.851 -306.210 0.991
68.043 36.241 -367.758 1.086
-38.238 86.435 -333.820 0.948
65.852 65.612 -426.723 1.070
-17.156 -16.864 -331.073 0.934
-45.334 -38.319 -324.511 0.992
-81.643 -83.460 -434.973 0.962
25.266 46.939 -343.264 1.112
67.072 -0.839 -489.784 0.982
10.744 65.464 -452.603 0.838
-19.867 -88.518 -471.121 0.939
97.770 -79.983 -429.384 1.019
38.662 12.307 -499.184 1.046
-65.202 -34.189 -431.897 0.993
-68.029 -25.686 -318.410 1.073
-6.033 -7.012 -409.740 1.119
78.481 -22.645 -300.420 0.999
41.787 -79.190 -461.811 0.967
75.092 55.618 -414.610 0.929
-67.011 60.471 -307.334 0.951
-67.249 -50.542 -468.145 1.021
56.747 -91.090 -394.306 0.950
-29.707 35.377 -303.082 1.072
-72.387 -93.639 -471.492 0.892
12.513 -57.518 -491.681 1.079
-64.041 -78.139 -301.305 0.921
-44.493 -93.448 -499.169 1.153
36.063 2.436 -363.063 1.017
-13.177 -89.502 -431.148 0.876
-51.429 -71.956 -444.253 0.950
9.816 44.041 -453.102 0.956
97.957 97.252 -439.665 0.950
-46.769 2.687 -493.351 0.893
47.553 73.386 -393.007 0.954
36.697 -40.525 -435.095 0.996
-30.489 -61.111 -328.956 0.968
-78.276 74.950 -333.508 1.031
-6.730 -82.066 -348.227 0.976
8.109 26.067 -424.859 0.919
-95.353 -31.986 -330.793 1.119
-80.944 40.102 -406.780 1.093
-8.046 -16.545 -354.565 1.051
4.337 68.881 -493.414 0.963
44.948 91.915 -306.682 1.010
34.639 50.903 -477.515 1.004
-89.014 16.645 -347.133 1.027
-81.125 19.515 -351.157 0.860
-98.463 58.614 -392.347 0.994
54.955 -53.110 -478.267 1.045
-34.655 -41.646 -462.907 0.795
3.348 -98.016 -442.549 1.201
-55.694 53.735 -423.331 1.028
-80.620 -61.996 -361.591 1.023
63.474 50.013 -371.123 1.045
5.487 -72.854 -301.617 0.841
-27.056 92.821 -319.977 0.906
-14.444 41.996 -429.709 1.092
55.064 -90.223 -351.601 1.068
94.937 -81.079 -301.374 1.011
-22.626 -69.864 -382.759 1.117
38.943 18.254 -383.915 1.075
-76.676 -84.250 -321.815 1.003
-46.333 -93.765 -402.464 0.890
89.838 -56.637 -478.474 1.112
-51.309 -5.289 -407.978 1.135
9.931 51.530 -430.064 1.039
17.884 64.493 -337.300 0.931
57.723 -5.411 -313.412 0.991
-79.414 -47.505 -347.213 0.802
42.748 -76.183 -331.848 0.987
-3.976 -11.953 -314.624 1.193
26.221 32.925 -307.370 0.946
-22.137 -12.826 -371.449 0.952
-82.235 -44.704 -472.667 1.014
87.108 -55.206 -429.760 1.045
-88.624 -64.892 -473.653 1.154
-63.892 -22.409 -412.870 0.843
56.573 -80.100 -372.126 1.295
60.128 67.603 -426.463 1.014
45.539 -78.182 -423.403 0.835
78.545 70.788 -380.472 0.923
23.830 30.484 -399.297 0.943
39.401 -11.809 -472.731 0.965
-46.298 37.812 -416.530 1.185
51.448 13.249 -345.298 0.861
89.547 54.616 -338.461 1.032
76.709 -61.142 -397.689 1.042
13.624 -49.687 -450.015 1.064
6.151 82.955 -379.378 0.934
-94.003 9.025 -461.763 0.759
51.023 -65.959 -308.943 0.941
56.256 7.358 -439.014 0.971
-9.706 -67.379 -352.364 1.204
-99.213 -84.878 -407.287 1.052
16.215 96.131 -481.183 1.176
-60.053 49.728 -305.602 0.930
87.865 52.630 -448.837 1.027
-10.418 -40.251 -378.521 0.923
-23.067 -71.747 -456.865 0.998
19.226 -49.291 -313.417 1.027
-2.205 -69.611 -320.116 1.136
-21.948 -88.530 -357.025 0.840
85.872 -28.491 -452.709 1.132
76.755 -19.916 -305.870 0.956
-79.319 -63.721 -410.387 0.826
-26.606 -29.441 -388.580 1.034
95.999 1.894 -458.125 1.034
-37.086 -28.432 -403.071 0.895
-81.018 21.756 -395.519 1.097
33.811 55.272 -424.865 1.033
-43.220 16.262 -354.675 1.042
59.129 9.302 -352.895 1.127
89.312 75.084 -402.792 0.980
44.058 -63.678 -385.969 1.088
-39.173 54.716 -482.864 1.037
33.555 -87.564 -381.032 0.958
43.721 94.352 -489.009 0.920
4.164 -65.940 -434.172 1.051
16.351 97.202 -463.325 1.225
-40.125 43.858 -380.274 1.010
18.101 -47.449 -369.173 0.956
49.459 -8.271 -352.552 1.035
-3.907 -11.318 -310.888 0.888
-67.732 37.924 -361.436 1.159
-53.746 74.458 -311.496 1.029
64.750 -97.416 -459.445 1.096
-11.887 -68.283 -448.276 0.980
22.020 -63.236 -412.579 0.850
-4.325 97.607 -425.274 1.029
46.817 -97.044 -486.498 0.894
-8.971 -66.453 -375.159 0.957
29.091 31.777 -303.515 1.030
-74.691 88.356 -482.776 0.925
65.681 -53.715 -445.934 1.080
-71.441 -18.269 -395.193 1.119
-25.319 -17.041 -490.006 1.021
54.796 23.184 -476.211 0.931
47.189 35.952 -323.487 1.060
87.811 -9.719 -361.146 1.059
99.215 -98.948 -331.590 0.916
-85.208 67.748 -458.926 0.992
-42.356 82.517 -486.576 1.009
24.443 28.522 -425.849 0.846
58.761 -83.574 -394.130 1.171
-22.810 -0.310 -432.331 1.034
23.365 -90.628 -311.956 1.031
88.814 56.638 -302.065 0.893
-37.210 -25.384 -354.247 0.930
