37.957 -97.071 -348.710 0.940
-35.268 -43.837 -409.500 1.011
-75.271 -4.451 -449.856 0.980
-62.317 88.131 -387.027 0.861
-64.323 78.161 -359.158 1.158
-56.019 71.716 -498.652 1.018
78.134 -32.370 -304.182 1.005
-25.915 -31.418 -383.360 1.043
63.600 -80.391 -484.166 1.137
11.266 -99.402 -483.343 1.112
89.634 11.252 -467.081 0.914
-54.696 61.438 -496.279 1.052
32.710 19.041 -437.443 1.032
9.184 -22.253 -346.025 0.967
-44.531 -92.967 -371.250 1.094
86.129 -14.118 -464.274 1.123
64.686 58.636 -464.411 0.988
9.050 -81.857 -350.525 0.939
-15.911 85.244 -480.960 0.971
64.103 -95.132 -371.402 1.074
-95.445 -66.230 -442.069 1.038
-11.827 -4.708 -423.818 0.780
-24.863 31.844 -390.536 0.943
-68.469 -52.272 -326.421 1.125
29.350 -43.949 -478.125 1.089
93.314 -70.354 -429.108 1.022
54.521 -11.360 -474.033 0.954
96.806 15.551 -340.363 0.988
-87.810 -70.236 -392.334 0.801
95.612 -21.030 -488.880 0.978
74.481 -87.714 -407.191 1.037
23.852 21.247 -420.936 0.912
65.768 99.240 -352.455 1.035
89.384 -86.395 -311.767 1.011
-15.753 28.658 -401.075 1.075
32.944 -6.132 -450.174 1.247
-69.967 12.125 -401.112 1.007
16.846 -55.856 -454.730 0.909
-71.268 -31.122 -382.172 1.176
-81.405 -10.616 -312.914 0.848
-89.756 -52.608 -398.719 1.116
-1.763 -47.979 -378.868 0.977
64.895 -52.599 -395.410 1.095
19.379 -19.749 -423.413 1.022
-32.026 42.352 -337.778 1.061
59.856 -97.197 -360.355 0.994
-48.434 15.137 -497.151 1.036
45.997 73.654 -339.059 0.952
88.502 57.819 -336.437 1.086
20.650 41.480 -367.239 1.132
-40.762 46.974 -449.095 0.937
3.607 -68.498 -476.624 0.983
-59.195 56.343 -415.325 0.910
62.255 21.481 -328.732 1.116
-46.168 0.714 -372.238 1.176
41.030 12.330 -328.189 0.974
49.753 -71.375 -487.659 1.181
-8.471 50.901 -426.889 1.067
76.559 12.894 -398.287 1.169
-23.572 -23.166 -309.357 0.993
-27.625 64.965 -394.509 1.031
-9.324 18.631 -320.791 1.055
-42.562 60.400 -470.646 0.959
-91.414 75.731 -398.135 1.106
-12.575 38.907 -430.198 1.066
87.601 -47.225 -331.833 1.102
-46.010 -43.523 -422.838 1.089
46.377 -35.925 -468.833 0.992
70.589 99.009 -340.846 0.972
76.395 -92.843 -479.645 1.090
-57.998 90.105 -326.524 1.027
-1.421 1.497 -460.251 0.971
-55.448 96.381 -340.302 0.907
-69.057 -62.190 -373.715 1.078
70.900 -69.300 -367.521 0.869
15.935 -10.594 -364.624 1.142
-13.207 68.718 -377.732 0.939
-44.734 60.366 -455.051 1.020
-2.491 94.439 -409.556 1.048
48.609 35.987 -470.587 0.891
54.993 -36.583 -489.118 1.123
-36.897 -26.836 -338.158 0.931
55.072 30.189 -456.207 1.145
13.739 -39.921 -359.011 1.024
-86.614 -65.240 -417.716 1.082
-63.215 -96.304 -394.797 0.917
92.066 91.922 -323.648 1.088
86.011 -25.864 -422.983 1.018
5.806 -76.651 -320.320 1.092
3.527 59.587 -306.910 0.983
79.767 54.592 -309.927 0.914
57.963 86.275 -323.832 0.974
88.125 18.250 -318.034 1.024
72.132 99.002 -442.834 1.123
-0.706 76.967 -357.911 0.876
72.542 -31.362 -447.413 0.917
-51.038 -42.180 -323.398 1.016
-67.913 -14.073 -418.155 0.976
25.811 -44.598 -416.317 0.935
34.157 -74.677 -455.671 1.157
37.985 -54.817 -420.608 1.173
9.815 -32.666 -456.878 0.990
22.766 -7.526 -361.818 0.923
-52.258 -86.526 -322.725 0.975
-0.387 88.877 -492.669 0.965
-42.859 36.931 -334.398 1.010
-83.379 -23.248 -407.785 0.952
-6.263 -8.230 -432.540 1.014
68.907 -82.918 -405.579 1.146
-10.970 82.878 -417.344 0.836
67.250 -9.767 -447.761 0.939
-77.894 -62.638 -408.993 1.000
-43.848 85.831 -474.845 1.067
-73.100 89.647 -330.189 1.063
-24.844 -26.188 -451.235 0.894
14.960 32.911 -343.732 1.026
-94.940 -73.742 -389.300 1.050
93.087 11.151 -469.137 1.031
-24.979 -22.110 -390.656 0.898
87.227 -36.075 -381.951 1.139
19.627 -22.567 -353.171 1.057
71.234 94.508 -402.320 0.985
35.447 37.387 -396.488 1.070
77.365 -20.383 -435.585 1.011
40.975 71.258 -444.851 1.237
82.389 68.509 -324.099 1.036
-52.098 92.562 -337.988 1.088
2.581 -91.340 -453.612 0.955
24.990 -88.900 -437.602 0.976
-8.907 60.167 -449.751 1.081
-13.605 56.867 -495.336 0.889
67.428 4.539 -333.503 1.028
23.623 61.818 -442.176 0.933
7.941 -42.289 -337.782 1.152
55.707 -29.172 -396.672 1.082
-37.350 70.175 -326.293 1.091
-13.605 15.373 -467.414 0.931
27.287 -82.093 -433.415 0.893
-8.822 49.719 -331.727 0.949
10.236 -93.297 -355.593 0.969
-25.283 -96.633 -424.352 0.945
-76.820 92.239 -477.106 1.009
-7.544 -63.975 -395.916 1.085
-91.538 82.568 -306.688 1.047
-46.543 41.372 -343.199 0.982
89.603 -22.497 -388.433 1.065
-53.337 -31.157 -452.912 0.984
17.895 99.042 -420.604 1.000
-3.118 0.722 -371.665 1.042
4.831 -79.440 -318.843 1.027
46.943 71.180 -400.602 1.062
-71.871 -19.182 -438.840 0.991
17.894 -60.938 -362.335 1.120
-39.372 61.967 -454.610 1.181
47.048 76.787 -319.499 0.768
-34.337 16.491 -433.444 1.100
-79.754 -7.846 -402.689 0.988
16.434 94.333 -379.098 1.134
69.871 -99.979 -345.040 1.040
-49.244 -1.282 -492.202 0.827
-53.893 -58.855 -383.591 0.850
13.496 -38.154 -460.940 0.927
-80.989 -38.857 -486.152 0.979
-83.656 18.372 -365.753 0.981
-52.732 67.707 -344.684 1.057
-73.008 10.673 -333.942 0.977
15.937 58.809 -401.315 1.107
20.710 58.817 -389.360 0.990
22.208 17.709 -431.862 1.008
62.899 90.128 -328.114 0.965
40.685 -53.099 -313.746 1.042
58.877 30.599 -406.826 1.049
31.604 -28.936 -477.131 0.944
-96.541 1.245 -498.326 0.981
-47.211 31.331 -316.425 1.184
57.957 -68.859 -495.176 1.106
14.265 -69.579 -349.068 0.986
-12.198 -54.503 -467.068 0.883
98.543 -81.104 -373.648 1.036
-64.077 34.899 -456.313 0.840
-55.404 71.075 -465.470 1.026
48.109 70.696 -433.114 1.120
-12.554 -22.343 -444.278 1.078
84.826 -38.415 -464.753 0.825
34.521 -52.897 -440.170 0.939
60.682 -8.032 -456.596 1.034
35.540 0.565 -357.188 1.065
-16.471 -92.786 -459.040 0.976
24.822 12.236 -405.468 1.078
47.122 -17.839 -446.553 0.973
-94.666 -1.384 -359.421 0.880
-16.254 -99.592 -469.459 1.107
41.395 -42.116 -323.179 0.771
-82.667 -4.854 -381.844 1.055
56.396 28.078 -436.044 1.028
-77.422 -84.133 -356.225 1.186
3.555 71.838 -403.245 1.159
-53.697 56.274 -314.831 1.016
-56.622 49.860 -305.516 0.981
14.087 70.103 -354.677 0.981
