86.247 -66.813 -485.645 0.979
-97.674 -31.667 -311.914 1.124
86.855 -22.120 -383.449 1.195
55.439 -29.341 -365.787 1.029
-53.626 36.399 -301.816 1.035
34.056 17.698 -368.359 0.991
-10.273 96.988 -384.848 1.055
76.466 0.005 -352.299 1.141
94.372 -70.939 -393.136 0.895
-93.754 -18.646 -404.021 1.141
6.276 77.602 -302.925 1.030
-17.698 8.080 -379.297 1.065
47.275 -1.815 -331.730 0.978
-90.172 -89.650 -341.894 1.102
-40.148 -55.979 -441.866 1.117
97.603 38.463 -465.997 0.927
50.870 -2.781 -315.619 1.047
47.371 52.586 -446.919 1.005
-30.277 71.512 -403.844 1.071
-9.061 66.471 -376.769 0.882
-74.618 61.668 -328.153 1.138
-32.358 -89.856 -477.818 0.943
76.309 -53.295 -410.085 0.957
-57.119 18.838 -379.647 0.986
-88.935 67.504 -480.448 0.912
45.948 -1.011 -456.686 0.918
-17.630 84.039 -436.447 0.843
81.275 -87.474 -492.474 0.911
89.822 -65.131 -333.169 0.974
-78.131 -38.605 -328.280 1.058
8.979 54.622 -442.191 1.003
-87.119 66.958 -332.855 0.972
14.827 50.744 -358.332 0.989
-64.564 63.682 -451.095 0.958
96.821 60.911 -359.994 0.925
20.984 46.724 -370.345 0.892
49.615 24.664 -354.723 1.144
-43.357 -48.256 -432.395 0.922
7.595 -62.574 -372.668 1.000
-53.645 98.499 -387.656 1.039
53.903 -99.792 -491.271 1.113
-91.662 19.590 -465.899 0.969
29.892 95.955 -479.453 0.998
-70.245 2.370 -394.186 1.023
-65.957 92.004 -369.474 0.867
82.410 11.049 -444.585 1.027
-85.907 45.637 -383.808 1.029
-45.527 -26.716 -408.262 1.109
4.820 94.110 -344.333 1.066
20.853 -42.109 -358.202 0.972
16.097 -31.665 -336.456 0.907
48.197 9.157 -300.557 1.045
19.229 61.021 -389.497 1.117
35.663 -22.659 -441.414 1.005
-21.702 -71.024 -453.026 1.044
81.519 -22.988 -391.299 1.026
75.325 85.809 -462.006 1.127
-97.019 -39.505 -406.284 0.996
0.253 -20.161 -414.829 1.003
12.680 97.006 -481.940 1.107
32.708 67.260 -350.454 0.918
5.651 -84.851 -483.007 0.965
-84.160 20.569 -491.445 0.930
-84.935 51.612 -459.184 0.878
80.776 20.109 -339.191 1.007
-18.844 -33.401 -451.362 0.773
30.670 78.494 -468.511 1.015
-2.158 -68.244 -476.254 0.971
-61.427 -75.302 -479.435 0.990
82.647 -60.044 -371.734 0.910
-67.890 -61.526 -490.097 1.055
-3.430 30.608 -378.653 1.075
96.352 -63.469 -439.550 0.997
-2.008 12.306 -416.212 0.851
-9.535 17.316 -485.972 0.942
9.237 62.872 -457.136 0.983
-11.582 -30.836 -312.743 1.095
23.671 -46.492 -496.170 0.970
52.312 42.173 -449.939 0.853
-7.633 68.419 -328.737 1.077
-55.866 52.372 -341.166 1.175
-70.569 -96.895 -443.725 0.908
-33.142 -6.625 -449.900 0.793
37.421 -53.317 -326.875 0.937
-21.878 15.332 -344.075 0.973
-31.778 -83.366 -311.955 1.080
-86.027 94.072 -443.076 0.875
-87.666 54.494 -365.634 1.060
12.874 27.438 -374.793 0.910
61.918 -84.953 -309.384 0.885
89.720 -43.505 -320.119 0.949
-0.684 4.525 -492.341 1.018
96.924 -4.149 -318.519 1.004
73.207 -6.904 -472.645 1.069
30.020 83.163 -437.373 1.042
-39.280 -59.636 -421.649 0.930
-63.312 -62.017 -461.618 1.084
5.790 -14.230 -300.215 1.086
-31.260 39.733 -327.018 1.164
78.561 -38.216 -483.355 1.019
-54.422 42.366 -413.001 1.157
17.820 18.859 -306.553 1.050
17.333 -41.000 -388.598 1.099
-47.440 92.412 -472.612 1.002
14.527 -99.989 -417.592 1.051
9.958 60.261 -373.228 1.163
-88.442 61.050 -384.771 0.718
44.349 16.988 -320.669 0.909
80.955 -96.542 -488.269 1.068
8.183 -58.065 -406.307 1.032
90.913 -27.350 -385.588 1.076
47.963 -75.304 -489.306 1.010
67.161 65.396 -472.505 0.919
-26.394 -56.767 -449.767 1.002
-26.514 5.044 -480.332 1.117
-80.369 81.761 -308.628 1.054
-86.495 70.414 -305.987 0.839
-96.425 -23.428 -437.006 1.215
39.952 -94.127 -356.352 1.029
-38.997 -30.062 -389.248 1.046
89.543 -2.960 -459.556 0.871
64.802 -32.438 -404.940 0.876
45.598 -81.505 -433.466 0.812
97.962 -96.176 -497.624 1.173
-75.693 -5.789 -469.014 1.010
-79.170 -22.572 -350.948 0.925
16.891 99.146 -395.876 0.952
24.702 95.042 -463.169 1.036
-47.355 85.360 -495.362 0.829
-6.982 34.123 -314.195 0.975
43.884 -2.989 -429.454 0.787
89.225 59.086 -363.941 1.082
95.342 -30.082 -336.271 1.040
42.820 -97.511 -447.544 1.059
73.505 -87.050 -449.307 0.995
-3.588 18.825 -396.166 0.913
24.201 -77.805 -420.655 0.903
-21.161 31.982 -438.095 1.039
39.918 -11.977 -382.763 0.798
-34.173 -74.100 -438.895 0.899
27.956 3.742 -324.814 0.977
-86.613 -93.305 -357.905 0.983
60.926 -39.522 -399.627 0.841
58.435 -3.895 -499.541 0.938
-30.590 71.691 -476.930 1.130
-53.453 -24.256 -413.018 1.037
-64.774 79.573 -407.477 0.935
24.023 58.755 -471.749 1.030
-53.505 41.522 -446.720 1.311
79.975 37.340 -447.445 1.076
-63.632 -21.742 -482.037 0.987
-86.467 44.871 -453.739 1.066
68.080 14.191 -497.081 0.962
59.952 -95.798 -467.657 1.074
77.623 -69.162 -325.824 1.171
75.751 48.687 -321.075 1.215
-55.450 -49.827 -363.713 1.224
-31.983 14.989 -313.702 0.863
-15.233 74.189 -321.888 0.947
-61.060 -6.413 -321.021 0.974
-27.914 -48.551 -410.170 1.195
37.923 -32.078 -407.348 1.020
62.740 -85.151 -485.633 1.015
79.940 60.165 -319.491 1.004
-29.804 50.504 -398.239 0.849
10.695 -25.233 -353.512 1.168
-53.675 -14.410 -444.843 0.897
-73.140 -42.388 -330.822 0.941
60.309 32.828 -487.162 1.068
93.763 76.083 -437.904 0.919
33.296 44.810 -497.577 1.124
63.381 63.693 -456.225 0.930
15.397 41.573 -485.297 1.054
-83.736 46.594 -463.268 1.039
15.514 60.884 -356.025 0.791
67.708 -81.921 -381.575 1.019
13.885 40.695 -328.651 0.902
-2.194 -13.353 -327.068 1.155
11.336 -85.378 -419.452 1.064
29.830 -22.673 -439.212 0.869
83.227 -70.755 -376.616 1.012
13.498 -72.867 -401.382 0.930
-44.943 -42.548 -431.268 0.968
71.491 -76.908 -388.526 0.993
24.675 49.056 -323.493 1.006
24.004 -19.246 -495.328 1.017
-22.741 -75.755 -491.631 1.000
39.560 -88.693 -322.226 0.905
5.152 94.778 -301.025 0.898
1.037 21.567 -390.205 1.074
28.377 16.169 -314.815 0.963
-85.847 71.439 -392.138 1.030
99.964 -97.432 -332.048 1.047
-46.800 -96.301 -365.272 0.833
-82.685 52.486 -365.451 0.754
26.463 37.822 -366.145 1.071
-24.117 -53.274 -368.640 1.114
62.202 -6.911 -462.668 0.913
0.154 1.342 -416.873 1.054
79.187 -38.438 -425.614 1.118
