53.857 -37.530 -302.414 1.069
93.265 -45.176 -322.290 0.988
95.214 -59.204 -352.656 0.987
17.521 46.991 -414.214 1.047
-46.397 68.090 -358.583 1.074
-85.393 34.469 -421.155 1.040
-16.570 90.871 -352.743 1.124
48.105 14.366 -439.035 0.924
51.690 56.020 -395.066 1.072
31.899 -3.431 -488.836 0.993
15.396 8.777 -337.361 0.914
77.095 62.977 -434.732 1.064
83.087 98.096 -318.170 1.120
-97.831 -82.434 -343.764 1.014
-56.974 6.870 -309.311 0.999
-20.002 90.955 -408.636 0.888
97.081 -70.974 -499.853 1.083
28.561 -68.505 -445.704 0.891
25.633 94.927 -319.342 1.285
-44.208 82.859 -492.230 1.100
-36.036 40.518 -463.346 1.095
20.369 -79.442 -321.563 0.958
-66.991 24.416 -324.981 0.939
12.930 81.643 -443.874 0.987
95.295 -34.137 -428.584 1.070
-29.307 -64.382 -327.470 0.902
99.791 2.769 -429.801 1.066
-0.283 -39.054 -494.624 1.220
-30.368 21.372 -309.056 1.058
-6.529 91.541 -382.281 1.034
-65.885 57.915 -383.543 1.015
44.765 55.345 -344.732 1.009
13.189 14.021 -334.746 0.969
88.671 6.462 -484.652 0.997
44.263 54.979 -417.048 0.858
-86.326 -27.398 -322.960 1.039
16.593 -81.794 -395.583 0.945
-2.594 33.013 -488.653 0.989
30.509 45.000 -362.141 1.028
-45.592 48.066 -409.302 1.136
-99.309 -68.442 -405.505 0.970
64.021 -84.434 -414.877 1.063
-92.326 9.298 -345.237 1.076
-91.004 45.309 -367.418 1.023
35.923 -97.412 -327.463 1.062
6.539 89.796 -439.085 0.961
-28.937 88.995 -410.567 0.855
50.950 15.379 -400.539 1.114
-78.715 -23.093 -439.823 0.798
94.162 3.570 -365.543 0.927
72.666 -89.052 -401.381 0.965
-61.408 -38.804 -331.202 0.892
46.077 -18.538 -338.210 1.184
-94.705 -6.830 -479.276 0.997
-56.045 -7.148 -408.266 0.886
-68.192 4.616 -360.717 1.397
81.136 -80.307 -408.012 0.834
59.032 -2.329 -321.693 1.016
-31.467 91.471 -409.827 0.825
64.569 38.970 -309.709 1.054
-64.427 -14.342 -413.200 1.169
89.298 -80.727 -316.398 1.204
63.867 -28.636 -365.762 1.049
65.150 66.332 -373.510 0.962
-54.258 19.256 -333.090 0.794
-89.341 -5.947 -409.712 0.950
-30.634 -26.631 -381.829 1.023
16.345 88.504 -461.617 0.859
27.579 8.083 -489.979 0.963
89.742 -40.430 -427.245 0.892
-47.138 89.328 -333.253 1.170
-61.238 98.965 -460.248 1.062
52.798 -17.398 -403.142 1.130
-40.777 -9.328 -326.155 0.860
63.926 18.846 -453.003 0.946
-63.512 48.779 -343.150 1.002
-8.221 -44.699 -429.528 0.943
85.143 -53.032 -371.542 1.163
-29.478 86.467 -395.897 1.062
31.981 87.210 -494.922 1.047
-94.961 -33.134 -447.604 0.906
-40.737 -5.634 -446.753 1.262
6.006 -14.330 -474.531 0.923
9.835 -2.277 -413.068 0.920
6.516 -79.970 -406.660 1.228
58.270 81.384 -458.648 0.949
-16.038 -90.904 -369.288 1.037
-60.034 68.176 -487.009 0.904
-97.540 -93.461 -482.440 0.844
34.148 -7.914 -419.559 1.142
55.951 -6.442 -435.927 0.938
-19.744 93.041 -483.981 1.181
-86.192 -56.339 -377.442 0.971
-41.652 5.836 -426.657 1.042
-15.850 -31.186 -300.719 0.965
-64.588 -75.457 -484.948 0.943
67.840 33.264 -364.153 1.022
57.598 -84.022 -348.917 1.188
-71.494 -13.493 -480.327 1.052
-84.443 88.266 -394.000 1.099
38.966 -10.014 -423.771 0.957
35.585 -14.974 -499.448 0.945
-41.090 39.607 -315.914 0.909
-67.328 45.236 -371.697 0.931
-58.190 -41.875 -401.904 0.927
94.102 -89.504 -492.614 1.081
65.349 -78.504 -457.168 0.975
48.162 -45.108 -382.477 0.919
-3.847 -47.286 -330.698 1.105
33.423 -57.660 -397.989 0.924
-7.598 -52.251 -474.986 1.010
-67.822 27.661 -392.948 1.099
-42.840 75.955 -343.091 1.097
-62.213 66.933 -310.825 1.042
-14.689 32.956 -368.384 1.017
17.264 -11.654 -452.264 0.948
9.564 -21.852 -344.069 1.147
-32.907 -11.021 -464.212 1.058
18.671 20.301 -391.368 1.120
-92.495 19.612 -384.435 1.099
-55.616 -46.557 -317.164 1.011
93.805 -33.352 -420.330 0.869
42.468 -54.532 -303.963 0.933
27.546 -25.013 -452.494 1.105
63.385 -55.063 -304.213 1.022
-73.305 -48.524 -448.250 0.929
55.971 -8.731 -346.983 1.254
-32.345 -16.088 -438.005 0.909
0.012 -35.224 -479.946 0.850
-54.230 42.599 -338.326 0.986
32.134 -58.950 -465.279 0.839
36.703 -80.359 -303.020 1.070
-70.090 -68.960 -492.735 0.960
21.268 76.701 -357.530 1.155
94.126 -98.616 -344.464 1.018
-6.406 0.579 -427.186 0.936
26.964 71.768 -488.944 1.100
0.605 -91.307 -476.599 1.068
-64.682 87.601 -301.733 1.089
63.811 14.425 -352.070 0.948
91.526 -8.529 -403.215 0.892
28.759 -17.114 -444.089 1.114
4.138 -31.970 -420.491 1.083
-3.088 -18.751 -456.696 0.907
-87.764 89.071 -497.072 1.025
-35.187 -77.028 -437.968 1.157
3.403 -55.924 -325.442 0.933
-61.674 92.785 -391.582 1.031
47.043 -96.614 -442.447 0.984
-78.599 71.158 -316.437 1.130
39.336 -10.255 -486.017 1.030
-68.351 -37.099 -318.872 1.063
-26.556 86.746 -450.021 0.996
-3.945 -22.904 -341.884 1.036
64.194 -72.704 -490.374 0.736
-40.045 2.082 -448.932 0.976
-31.493 63.552 -358.512 1.217
-88.819 79.961 -451.861 1.026
-62.655 -12.834 -394.724 0.947
-26.268 88.797 -300.888 1.032
82.109 -4.699 -438.565 0.974
-34.676 -81.718 -409.492 1.023
35.529 12.317 -411.992 1.021
50.668 19.636 -328.520 1.041
65.185 81.161 -455.337 0.928
99.234 -84.875 -499.423 0.777
-10.626 17.793 -469.962 1.051
85.480 -14.287 -433.819 0.991
-72.338 -95.406 -356.181 1.060
60.899 10.912 -457.037 1.094
44.620 -50.994 -467.162 0.997
-85.743 29.420 -403.962 0.891
-24.885 -60.048 -336.438 1.052
-56.602 -59.218 -464.829 0.911
-95.625 -60.379 -430.318 1.108
63.964 -47.275 -488.630 0.816
-96.632 -48.171 -355.205 0.893
94.830 92.363 -352.598 0.809
-85.781 52.981 -491.457 0.918
90.738 91.429 -322.531 0.952
-25.092 42.538 -421.028 1.070
56.944 -92.470 -465.863 0.896
-8.748 39.104 -475.489 0.897
98.657 48.677 -358.479 1.115
-48.512 -46.757 -329.714 0.988
42.361 79.674 -368.088 0.883
-39.951 96.752 -470.717 1.190
8.688 59.305 -345.659 1.063
-73.887 -26.426 -350.960 1.072
92.240 79.906 -329.237 1.001
-50.188 -94.247 -364.693 0.883
29.329 -24.061 -370.464 0.844
-25.930 -97.162 -315.707 0.861
-69.834 -77.081 -490.104 1.171
10.635 -79.200 -384.140 0.929
-18.910 42.857 -448.537 1.045
-76.530 55.434 -368.762 0.956
32.334 -30.880 -301.170 0.958
-22.859 63.300 -455.807 1.022
17.929 -95.163 -428.648 1.131
