48.025 -81.356 -329.718 1.060
39.810 -76.124 -334.450 1.161
-28.394 -94.705 -381.629 1.005
-6.913 -53.138 -485.470 0.907
-39.972 -3.899 -320.560 0.948
-10.893 89.534 -451.442 1.203
79.654 -98.868 -474.924 0.850
-38.296 9.806 -324.423 1.091
39.260 -95.100 -320.179 0.744
89.327 -87.596 -303.187 0.960
-21.155 -21.228 -455.211 0.966
1.645 -25.882 -429.451 1.081
87.795 -11.364 -461.158 1.053
-99.253 -62.706 -380.026 1.153
-34.119 20.083 -498.883 1.002
20.006 67.544 -461.570 1.075
-54.417 -35.542 -490.230 1.092
-59.462 50.834 -465.800 1.050
-45.043 47.890 -483.427 1.023
40.163 46.206 -329.640 0.916
-29.482 -40.721 -303.723 1.041
-95.002 16.661 -342.573 1.088
-76.614 -80.435 -496.597 1.064
36.455 -28.354 -439.234 1.122
-53.364 -87.434 -479.363 1.098
-32.405 46.781 -371.699 0.917
-14.013 76.333 -495.283 1.015
77.137 88.477 -306.794 0.946
63.592 3.211 -485.415 0.907
-37.247 -6.174 -422.313 1.090
-92.207 -24.732 -324.234 0.997
-63.960 -69.347 -479.892 1.107
-52.580 29.973 -421.462 1.065
-40.996 -65.133 -375.613 0.982
-93.936 -79.082 -436.115 1.072
56.815 86.606 -474.006 1.211
-17.124 -84.609 -333.926 1.045
77.915 -94.209 -369.576 1.083
-86.688 -18.240 -434.606 1.027
-78.239 -30.754 -405.371 0.984
56.555 -62.247 -446.590 0.986
24.686 -54.647 -416.947 0.999
-79.534 68.027 -343.459 0.868
55.594 56.588 -417.112 1.193
-97.732 81.588 -382.109 1.119
44.652 92.635 -410.456 1.056
52.204 47.457 -422.182 0.991
-59.052 -11.257 -402.737 1.018
0.720 -82.997 -420.432 0.919
-94.529 -13.486 -342.228 0.923
-66.648 34.340 -346.033 0.785
94.363 -23.390 -359.529 0.975
-60.376 55.763 -461.666 0.972
-85.472 -25.201 -490.861 1.086
60.682 5.978 -449.000 1.144
67.396 -57.379 -396.136 1.222
-43.645 69.209 -360.159 0.832
7.076 86.451 -478.477 1.210
33.084 59.214 -384.292 1.005
-46.634 -53.146 -300.886 1.097
-92.240 -6.308 -497.352 0.853
-97.846 26.126 -328.199 0.951
58.388 -39.940 -409.334 1.085
73.998 73.805 -472.576 1.133
-44.634 8.998 -460.446 1.070
84.569 70.175 -353.309 0.950
60.634 -89.001 -338.293 0.995
30.908 92.707 -465.792 0.987
81.724 -25.720 -425.894 1.008
73.084 -16.896 -379.327 0.873
-22.097 91.999 -363.283 1.006
12.740 85.945 -463.358 0.964
21.765 88.939 -366.960 1.033
-89.578 -11.833 -303.116 0.980
28.664 53.229 -441.662 0.913
-75.317 14.874 -354.835 0.999
-39.468 -5.272 -466.315 0.983
4.448 31.723 -406.615 1.026
98.177 76.957 -444.395 1.120
44.169 -59.185 -312.242 1.060
73.129 -62.815 -300.041 0.991
68.554 -34.993 -392.725 0.891
-10.334 -8.978 -310.379 1.157
-57.864 13.683 -365.491 1.005
33.290 13.539 -371.389 1.046
-31.536 -47.459 -308.297 0.866
83.911 49.960 -325.865 1.086
-13.379 53.994 -472.874 1.029
-4.568 -69.858 -341.299 1.022
-64.057 45.759 -397.456 0.925
-33.548 -91.728 -385.000 0.941
-44.361 23.412 -333.407 1.015
-12.781 97.969 -444.454 1.058
96.815 -71.910 -494.577 1.157
87.757 -2.083 -332.751 1.070
-75.916 -42.553 -316.764 0.928
32.414 31.270 -301.311 0.832
29.288 -14.501 -447.135 1.055
45.347 2.458 -403.222 0.842
92.755 -4.560 -428.425 1.064
11.186 60.669 -310.323 1.054
65.227 -24.657 -301.812 0.909
82.424 34.737 -458.030 0.940
80.514 20.326 -489.548 1.141
18.439 65.157 -335.157 0.771
24.714 -30.756 -345.798 1.043
42.429 12.679 -389.829 0.891
-21.257 -10.546 -451.712 0.958
27.625 -44.376 -347.539 0.994
-0.288 -2.620 -437.518 0.998
-71.932 52.318 -488.656 0.964
81.052 17.366 -481.251 0.953
73.750 -73.736 -341.285 1.041
4.231 19.691 -422.213 0.879
64.727 59.606 -453.123 1.010
-74.512 -88.737 -498.298 0.854
47.714 93.682 -471.269 1.056
-92.764 -92.783 -420.936 1.042
54.002 -74.688 -391.252 0.996
56.201 9.854 -372.039 0.893
21.483 -12.624 -315.313 1.099
61.951 -67.312 -306.407 0.927
41.461 -14.007 -397.774 1.111
-73.399 -9.741 -417.309 0.806
2.929 -35.324 -358.620 0.867
41.004 -50.530 -374.502 1.027
-77.887 36.224 -490.198 1.005
84.562 17.336 -373.635 0.903
-0.222 87.283 -417.910 1.046
74.876 21.295 -413.102 1.080
44.899 -32.582 -352.598 0.954
-12.206 -16.877 -437.922 1.071
-90.105 -30.867 -442.065 1.022
-47.053 90.389 -349.818 1.111
85.416 -76.310 -331.958 1.034
66.049 27.777 -431.271 1.170
55.574 43.460 -416.729 1.039
13.035 79.681 -452.708 0.979
-95.732 -49.903 -492.258 0.967
-66.710 72.084 -363.112 0.940
-91.374 -52.871 -460.986 0.864
63.851 -57.744 -368.171 1.139
-36.085 -14.850 -390.650 1.017
-16.543 74.198 -429.233 0.931
-96.559 -3.899 -462.381 0.843
-86.395 -95.062 -477.112 0.911
18.798 20.783 -372.441 0.869
-96.285 -39.448 -362.545 1.131
75.534 84.209 -463.749 0.879
-70.296 -9.503 -387.424 0.941
-21.180 -25.987 -326.878 1.010
87.882 39.716 -469.965 1.040
12.156 42.936 -320.838 1.015
34.443 47.194 -385.146 1.002
-85.209 8.487 -378.556 0.944
7.397 -38.142 -442.438 0.899
50.589 -71.948 -448.163 0.940
-23.790 -45.932 -454.859 0.713
-61.751 50.534 -409.038 1.040
40.845 -4.932 -485.405 0.848
-51.073 18.008 -407.033 0.953
8.327 -55.103 -343.136 0.795
34.985 -69.722 -386.341 0.971
12.787 -97.128 -325.480 1.073
69.500 -63.625 -408.150 1.004
74.272 -6.194 -360.967 1.028
-90.585 -56.323 -317.996 1.001
82.423 -41.032 -352.464 1.104
-86.073 80.910 -357.203 0.989
13.616 -83.629 -405.693 1.040
6.850 -51.615 -475.029 0.821
3.365 80.994 -344.820 1.090
84.485 -48.663 -383.963 1.251
74.216 -31.082 -402.431 1.101
54.612 -44.888 -441.018 0.949
-41.645 41.485 -446.762 0.939
94.835 -40.153 -423.016 1.130
24.874 -92.865 -495.952 1.126
-75.291 -58.569 -498.039 0.954
67.945 -32.838 -484.494 0.981
-73.646 95.907 -375.422 0.875
-35.335 79.699 -465.202 1.015
52.319 42.863 -460.963 0.943
-78.854 -8.377 -443.281 1.275
-12.221 -63.558 -377.893 1.083
-88.768 -76.982 -488.537 1.043
-94.948 -95.576 -338.055 1.026
52.982 -48.340 -363.612 0.889
-20.517 52.441 -338.107 0.863
55.067 -90.290 -320.467 0.978
-36.160 -33.823 -331.248 0.896
-69.749 -76.199 -451.200 0.935
16.808 42.927 -442.263 1.072
75.066 25.543 -365.451 1.072
69.376 68.356 -405.713 1.008
10.767 65.195 -349.537 0.854
12.526 -32.909 -382.789 1.153
-45.570 -27.909 -455.794 1.078
-82.624 -82.466 -386.443 0.857
-86.151 -95.125 -419.498 0.924
