30.184 -70.413 -487.930 0.998
72.253 37.101 -413.031 0.919
7.776 63.973 -377.328 0.976
-69.138 -96.143 -485.583 1.242
-35.130 -47.624 -469.224 1.048
-21.615 79.680 -451.809 0.670
45.632 63.200 -367.681 0.946
-52.068 7.035 -338.097 0.842
-39.382 -13.417 -419.869 1.019
47.883 -28.329 -456.474 1.096
-77.588 -84.078 -412.090 0.958
-47.032 -70.893 -374.713 1.110
29.612 68.100 -481.449 0.991
13.552 -68.332 -477.911 1.058
-5.936 0.730 -493.046 0.759
37.484 -74.441 -305.717 1.106
17.161 -77.631 -433.173 0.870
41.798 -10.345 -424.171 0.977
-37.849 66.459 -467.176 0.929
-61.979 81.725 -377.077 0.936
-92.780 -65.438 -315.904 1.000
-96.326 64.493 -345.391 0.914
15.305 -2.568 -300.998 1.020
45.772 46.704 -372.756 1.067
-37.009 -92.736 -364.408 0.994
-23.876 -79.779 -437.843 1.234
9.413 21.712 -426.306 1.061
-21.111 -69.939 -466.814 0.977
98.281 90.723 -323.062 0.922
45.832 94.980 -475.583 0.843
36.133 47.534 -460.040 1.227
-72.038 -39.526 -471.144 0.895
94.384 -31.344 -458.751 0.963
-88.458 32.933 -433.156 1.110
-60.730 20.590 -324.508 1.066
-35.229 80.302 -351.536 0.912
56.044 -25.127 -341.438 1.041
26.019 -31.582 -350.392 1.054
-15.318 -5.607 -430.145 1.028
32.520 -37.208 -492.453 1.074
54.726 -85.482 -388.464 1.030
-56.032 88.231 -407.569 1.148
60.734 50.063 -310.876 1.065
96.088 61.065 -437.749 0.933
43.242 92.768 -415.876 0.926
36.108 -70.791 -421.309 0.929
38.723 -27.131 -467.816 1.030
44.561 65.289 -373.028 1.054
13.877 -67.561 -473.128 1.074
-84.949 -41.164 -342.800 1.075
85.644 57.355 -466.919 1.026
-57.107 3.250 -489.773 1.233
59.675 -38.491 -349.056 1.168
43.746 82.489 -370.665 1.149
-20.821 -22.805 -448.440 1.212
11.283 92.660 -498.610 1.065
84.815 -25.023 -338.132 1.191
-1.419 63.977 -420.997 1.093
81.094 -44.328 -352.057 0.916
-9.193 46.623 -436.640 1.119
-40.367 -79.094 -487.802 0.988
-62.550 63.460 -433.311 0.889
56.273 -92.834 -317.141 1.002
22.800 -84.785 -410.066 1.103
87.152 -69.834 -300.549 1.176
-80.487 -69.866 -329.522 1.002
-60.268 50.982 -353.865 1.167
40.674 -50.706 -410.285 1.100
66.976 -1.245 -378.489 1.072
-94.570 85.077 -478.603 1.131
-6.272 46.175 -490.300 0.880
-83.417 77.581 -380.424 0.777
88.402 64.218 -346.543 0.764
65.341 38.561 -499.488 0.994
-59.642 -60.742 -318.964 0.908
17.093 58.000 -416.271 1.097
-94.670 82.739 -308.167 0.975
-84.455 80.452 -499.667 1.119
87.639 64.323 -334.707 1.130
17.362 -26.260 -332.059 1.030
-56.860 -67.326 -323.157 0.908
-88.413 -85.782 -447.767 0.919
-56.369 89.218 -405.297 0.988
67.973 87.516 -469.459 1.004
71.877 -89.472 -407.060 0.963
90.328 91.650 -477.075 1.005
-31.123 -49.313 -389.050 1.018
-50.933 84.300 -371.350 0.996
-55.946 -10.044 -494.660 0.832
40.322 -25.357 -475.176 0.991
41.331 -95.761 -497.869 0.828
69.873 48.932 -463.438 0.900
65.104 71.392 -311.200 0.786
-90.156 -81.955 -345.234 1.104
-36.831 99.400 -317.870 1.008
-84.642 -59.239 -473.530 1.168
-48.668 -18.877 -412.550 1.078
12.010 -26.352 -391.165 0.971
-62.516 -54.829 -476.995 1.174
25.550 78.446 -496.198 0.989
43.491 -96.558 -414.400 1.093
-57.720 71.794 -491.294 0.994
31.590 3.383 -479.927 1.084
61.736 -64.530 -444.277 0.994
67.593 -68.933 -411.483 1.027
-21.103 -92.760 -374.585 1.081
33.891 -85.255 -319.102 1.029
-51.324 -43.841 -463.909 1.012
-72.829 44.550 -388.011 1.030
-98.268 -67.800 -308.229 0.951
-86.413 45.671 -465.113 0.854
2.694 43.870 -429.070 1.066
61.274 43.144 -451.461 1.204
65.568 9.934 -406.891 1.109
-11.233 -28.931 -487.710 1.166
86.157 -54.800 -483.889 0.962
-83.055 -34.117 -486.314 0.758
-32.120 -45.103 -458.741 1.030
54.330 89.919 -357.823 0.983
-8.317 -37.847 -482.673 0.944
-17.219 42.099 -310.330 0.908
-58.273 77.729 -445.724 1.199
76.719 70.799 -486.597 0.844
-82.332 -40.025 -432.561 0.916
97.591 -39.491 -319.566 0.925
-16.840 -62.333 -342.329 1.001
60.295 -57.060 -445.000 0.890
-69.262 -4.000 -459.605 0.951
51.057 79.243 -372.137 1.081
-31.365 38.614 -414.640 1.044
10.736 5.093 -416.585 1.093
30.896 -78.554 -337.422 0.969
-66.717 51.271 -409.793 0.975
-80.133 47.279 -433.325 1.178
-28.333 38.442 -364.170 1.025
37.710 -60.167 -401.448 1.001
93.952 37.776 -354.447 1.041
-42.796 36.385 -382.362 1.104
-45.608 31.967 -382.669 0.899
-50.249 -84.211 -403.537 0.944
-25.093 -1.546 -343.740 1.064
46.464 -86.845 -417.479 1.007
-60.913 70.981 -339.603 1.036
-79.639 -26.316 -422.527 0.901
-48.006 20.246 -420.790 0.995
99.142 77.975 -434.398 1.049
29.026 33.783 -478.435 1.018
36.500 96.696 -493.333 1.053
-99.954 -82.821 -492.603 1.229
93.284 64.156 -461.240 0.980
26.549 -39.399 -418.616 1.115
7.496 85.141 -334.565 1.051
3.728 -73.737 -342.853 0.925
-61.363 -8.034 -308.774 0.970
75.399 41.475 -405.794 0.935
-11.103 65.830 -478.382 1.008
-93.117 43.442 -377.457 0.909
60.458 31.400 -395.837 0.931
24.231 -1.894 -465.076 1.089
-50.365 -80.032 -388.917 0.977
-2.891 -75.656 -336.069 1.036
-43.379 64.739 -347.956 0.933
77.184 71.229 -359.550 1.011
77.823 -65.721 -435.988 1.034
-66.594 36.422 -361.508 0.906
-13.127 -41.610 -400.904 1.033
-81.813 12.733 -354.262 1.126
89.925 31.691 -397.567 1.092
28.005 83.175 -369.059 0.926
38.275 96.685 -313.554 0.931
19.619 16.594 -310.063 0.894
-17.101 49.170 -393.917 1.133
-49.298 -20.012 -468.399 0.877
32.168 89.719 -408.188 0.971
24.518 -41.738 -450.431 1.057
83.953 95.874 -437.325 0.924
-71.797 -56.532 -471.133 1.052
-5.376 -19.567 -474.197 1.027
29.524 72.609 -308.077 1.061
-58.064 -90.619 -313.776 1.216
32.759 37.232 -487.488 1.169
-41.245 26.510 -395.738 1.024
-37.654 -51.871 -304.717 0.949
-34.595 42.200 -447.311 1.110
21.766 -47.063 -409.167 0.849
-11.098 -79.449 -377.225 1.025
-72.009 25.941 -312.470 0.963
29.343 -6.850 -373.001 0.984
43.075 -49.048 -319.628 0.884
-66.287 48.184 -464.657 0.882
-93.899 55.952 -371.646 1.165
58.570 -9.028 -428.453 1.014
-98.970 -15.183 -384.605 1.004
41.433 -21.189 -406.894 1.061
-9.411 4.850 -419.965 1.102
-1.430 -42.058 -334.576 0.968
57.568 25.588 -315.857 0.923
9.683 -60.433 -353.021 1.015
60.783 -8.562 -457.264 1.082
35.543 -87.437 -471.776 1.159
