4.759 -62.818 -395.035 0.951
26.126 48.144 -336.471 1.027
38.564 85.418 -438.746 1.043
9.747 55.904 -416.503 1.141
-32.112 -74.157 -495.318 1.209
-88.192 -45.822 -406.877 1.020
-4.106 -60.692 -456.439 1.134
53.825 89.688 -450.929 1.082
-30.230 44.783 -407.384 0.809
45.717 38.924 -358.440 1.033
-20.611 22.407 -356.783 1.056
51.396 33.115 -351.628 1.076
-67.503 79.208 -428.208 0.911
-67.352 -60.162 -379.229 0.968
-4.809 7.184 -446.472 1.059
60.698 18.194 -472.824 0.952
2.663 69.604 -454.256 1.004
-99.651 0.227 -372.357 0.939
-9.915 46.040 -400.073 1.041
44.447 46.481 -466.192 0.984
72.199 26.765 -460.597 0.920
53.315 74.534 -340.421 0.997
27.629 -23.902 -330.698 1.083
-5.166 -42.418 -394.010 1.028
-18.968 60.311 -372.372 0.959
13.258 77.592 -478.643 1.092
78.663 -85.434 -376.061 1.107
-47.281 -75.607 -384.848 0.961
-58.736 -42.734 -488.343 1.224
-1.228 -88.618 -434.215 1.116
-0.371 -16.601 -406.744 1.117
-62.133 -93.080 -342.966 1.010
-76.340 10.944 -485.412 1.132
-8.953 29.628 -360.279 1.071
-26.231 52.744 -446.389 1.057
-8.622 29.779 -313.575 1.087
51.415 -97.822 -440.150 0.886
-31.454 41.242 -384.149 1.064
86.657 -28.081 -496.471 0.935
90.360 3.426 -355.402 0.996
-50.394 65.091 -476.945 0.912
91.694 76.960 -415.871 0.976
68.654 -36.343 -467.321 0.989
-14.724 77.928 -374.387 1.048
29.528 -27.281 -338.128 0.993
74.666 61.410 -409.588 0.988
8.299 -67.397 -320.473 0.814
12.981 -95.638 -316.261 1.036
-89.034 -14.180 -386.923 1.078
68.547 -6.883 -342.060 1.142
-55.550 36.133 -491.390 0.971
-3.863 68.437 -328.859 0.961
79.512 59.217 -441.095 0.932
-93.248 88.408 -393.085 0.917
-36.429 89.163 -348.870 0.925
-65.912 25.311 -321.540 1.149
37.546 45.161 -460.707 1.016
17.930 94.983 -320.873 1.043
-97.256 54.434 -316.033 1.030
41.422 78.186 -427.049 0.922
85.469 -42.051 -484.776 0.975
57.921 59.913 -318.137 1.021
37.726 56.695 -495.768 1.130
-52.242 38.431 -352.909 1.125
-27.385 -39.686 -476.254 0.910
35.524 58.066 -495.866 0.851
74.141 -20.816 -494.548 0.946
18.212 63.277 -399.890 1.053
43.493 -18.108 -350.103 1.066
79.137 -59.902 -329.100 0.961
-5.649 -55.823 -318.315 1.141
48.276 43.870 -447.208 1.184
54.158 -46.465 -314.649 1.001
-37.616 1.830 -491.260 1.079
-87.596 45.932 -347.323 1.137
-66.779 -88.853 -498.755 1.025
-79.172 -45.307 -478.396 1.016
-23.745 -38.287 -345.724 1.029
1.714 23.374 -400.284 1.152
-13.449 -27.482 -383.532 0.969
56.363 90.967 -426.037 0.904
27.593 51.509 -402.703 1.110
97.352 -74.284 -368.324 0.928
-70.751 20.782 -381.930 0.949
-63.380 -29.317 -466.171 0.749
48.590 -45.456 -335.672 1.096
81.840 -75.704 -427.319 0.998
72.833 60.525 -401.648 0.987
-85.350 -84.426 -337.128 1.055
-52.819 -15.236 -470.095 0.902
-68.631 70.791 -333.750 1.168
4.523 90.128 -395.664 0.947
-32.313 4.263 -318.994 0.953
-17.690 -5.485 -356.266 0.898
-20.925 -91.574 -461.508 0.965
99.850 -95.655 -369.831 1.153
-64.521 -20.410 -392.616 1.099
-62.104 16.653 -479.229 1.056
-3.577 51.341 -460.986 0.917
51.669 -26.643 -305.827 0.945
74.622 -33.150 -481.835 0.875
70.611 -95.794 -344.394 0.896
-78.125 -36.243 -416.907 1.110
82.975 -90.674 -456.726 0.945
65.473 86.753 -412.500 1.018
33.084 46.640 -315.978 0.987
-66.773 -67.377 -428.756 1.238
34.168 17.959 -485.739 0.774
-99.180 -0.554 -426.321 1.111
86.608 34.635 -398.405 1.173
-21.936 95.646 -357.761 1.041
-64.134 80.987 -350.147 1.018
56.636 83.551 -358.098 0.938
-15.465 61.751 -413.673 0.932
49.404 -35.464 -357.052 1.170
9.483 -40.988 -395.565 1.100
-73.932 74.830 -446.316 1.045
66.161 84.787 -347.175 0.905
-11.311 -27.914 -328.348 1.217
-50.501 22.009 -309.564 0.838
94.328 -69.882 -453.725 1.025
-99.272 -71.835 -372.279 1.000
71.085 62.711 -413.627 0.908
-66.343 26.434 -444.898 1.024
89.444 -51.485 -344.509 0.915
-39.900 61.392 -489.343 1.025
83.146 -50.447 -397.429 0.860
8.771 -54.806 -414.172 1.143
-37.913 -52.854 -441.377 1.096
9.799 -68.096 -483.043 1.037
63.949 -60.088 -459.453 1.082
-39.249 -39.887 -411.222 0.911
43.086 86.799 -309.593 1.064
6.984 72.936 -377.916 1.023
27.796 -43.519 -382.978 0.898
53.147 -58.425 -435.329 1.198
29.321 -65.500 -398.592 0.948
-50.712 -52.900 -366.580 1.073
-6.859 -61.735 -385.692 0.953
63.625 -59.499 -390.189 0.837
-45.678 59.785 -383.723 1.000
28.022 -51.529 -329.100 1.093
-43.705 -1.901 -483.309 0.817
79.487 53.991 -456.332 1.045
-44.928 39.579 -303.579 0.950
-65.153 51.842 -340.333 1.023
34.685 -59.485 -391.376 1.058
-32.005 -27.992 -466.718 0.963
64.656 -88.988 -474.678 1.060
-59.186 19.779 -379.998 0.903
36.423 95.461 -441.310 1.021
-46.998 36.414 -364.746 0.969
-2.084 -28.740 -435.528 0.859
8.991 5.730 -497.222 1.123
-76.082 6.396 -367.555 0.945
-53.393 85.723 -414.065 0.889
-61.879 -97.325 -387.484 0.723
21.898 37.019 -445.663 1.152
3.358 82.092 -397.293 0.923
31.494 -20.024 -466.298 1.015
-38.479 -24.680 -376.603 0.788
-78.310 -19.888 -487.019 1.108
67.976 51.873 -451.652 0.928
3.231 -77.577 -472.738 0.973
31.917 -64.637 -490.260 0.974
-30.053 -46.627 -352.436 0.923
24.698 -19.894 -361.268 0.935
-66.995 68.232 -467.585 1.158
-18.647 -11.464 -472.827 1.042
-95.544 10.342 -377.365 0.941
-24.091 -99.504 -485.842 0.808
-5.044 -41.767 -474.299 1.018
-27.173 68.458 -355.419 0.877
51.370 98.418 -331.959 1.056
33.495 -4.929 -467.824 1.119
-58.611 26.107 -303.671 1.273
38.320 -6.114 -379.767 1.051
-88.858 91.400 -368.984 1.036
80.209 40.929 -366.037 0.869
-59.524 26.568 -488.050 0.980
-41.356 18.588 -334.667 0.992
-48.708 -61.656 -459.979 0.985
83.468 -37.876 -371.968 1.021
32.490 86.716 -436.066 0.954
59.503 20.328 -338.473 0.882
86.688 44.995 -348.967 0.978
40.664 67.870 -376.302 0.938
-51.800 42.028 -427.974 1.109
78.324 27.732 -344.886 0.954
-23.675 75.752 -493.213 0.979
57.078 91.167 -409.697 1.040
-23.981 -48.718 -481.404 0.815
-39.148 -97.611 -499.187 0.995
-22.274 -5.645 -493.090 1.017
49.422 48.918 -382.875 0.828
-67.684 67.114 -327.805 0.881
53.868 12.169 -327.255 1.118
-20.253 9.659 -404.409 1.066
88.476 17.093 -315.359 1.155
-55.112 -8.824 -332.710 0.918
