-72.228 -8.320 -487.773 0.918
-81.065 -18.645 -344.197 1.048
58.227 -28.243 -435.036 1.070
-35.194 -69.753 -318.342 1.089
8.312 -85.861 -454.479 1.005
-62.865 54.187 -429.529 0.999
70.196 -31.225 -363.149 0.991
-74.412 47.436 -309.017 0.903
76.328 -33.172 -465.596 1.003
-30.753 -55.218 -364.304 1.012
67.854 -34.453 -318.299 1.156
66.509 -7.457 -478.432 1.141
65.517 -91.972 -369.956 1.134
-19.985 -84.385 -313.003 1.023
2.714 49.653 -302.616 1.032
-71.538 23.824 -446.311 0.944
-13.840 10.560 -429.394 1.018
12.871 -46.594 -480.566 0.793
-91.618 16.913 -482.769 0.901
-41.114 -9.955 -320.090 0.932
39.355 38.829 -456.163 1.049
25.047 -77.589 -408.909 1.128
79.515 -6.816 -391.572 0.947
1.745 -89.478 -344.747 1.077
89.382 4.176 -424.893 1.093
33.712 -10.314 -457.715 0.919
99.497 47.511 -429.012 0.983
86.964 90.865 -379.554 0.970
62.284 47.394 -467.354 1.080
-11.529 54.879 -416.951 0.850
-9.849 -24.237 -381.046 1.041
-65.156 25.106 -445.498 1.049
51.752 61.358 -355.319 1.076
-69.246 -88.400 -418.697 1.077
16.443 -61.121 -352.535 1.063
-88.999 59.123 -323.005 1.244
-48.952 -70.715 -437.148 0.958
-58.381 -32.171 -457.857 1.066
54.435 77.240 -434.443 1.065
-36.995 -10.899 -405.487 1.031
30.974 -71.413 -303.004 1.151
59.066 47.599 -460.971 1.018
37.366 37.703 -481.356 0.990
-18.903 82.269 -442.291 0.839
-51.476 10.755 -444.528 0.871
-19.087 69.012 -341.598 1.047
-54.941 -77.690 -403.102 1.101
-62.929 -38.830 -454.708 1.091
14.568 50.813 -496.525 0.925
-40.607 28.580 -353.742 0.717
65.098 -50.533 -394.199 0.929
67.309 38.063 -478.447 1.169
-74.880 36.373 -305.293 1.042
85.552 8.507 -308.778 1.014
-27.843 30.400 -374.099 1.086
18.748 22.770 -413.964 1.020
48.317 45.348 -487.116 0.842
23.235 -70.268 -352.679 0.982
85.209 -39.227 -329.564 0.877
7.058 84.842 -428.475 0.963
52.147 -17.281 -336.042 0.997
-20.376 -52.004 -327.509 0.894
-77.919 74.950 -319.984 0.842
-31.365 -19.906 -340.124 1.080
-82.660 43.645 -487.867 1.059
16.162 -20.784 -316.079 1.181
38.578 16.843 -324.075 0.872
91.213 22.148 -366.297 0.811
63.845 -89.271 -380.597 1.087
-60.093 -98.434 -346.480 1.065
72.233 -61.743 -496.632 1.006
-87.436 -32.703 -339.174 0.877
47.812 74.810 -409.737 1.052
-11.322 -33.025 -365.835 0.826
-6.892 53.711 -349.367 1.159
26.424 -72.777 -384.768 1.031
-33.791 -49.785 -349.273 1.023
34.753 -32.367 -463.567 1.109
-47.659 -87.707 -479.895 0.944
-67.622 36.672 -308.658 0.838
-13.445 71.266 -301.412 1.097
-11.937 5.118 -482.505 1.010
-47.208 14.140 -481.437 0.890
-22.102 17.709 -359.022 0.967
21.575 -43.695 -474.543 0.951
-27.781 95.141 -422.882 1.011
63.097 88.976 -483.350 0.930
-23.868 0.561 -435.519 1.028
-80.959 -70.947 -388.881 1.025
-88.074 -16.902 -395.847 1.218
79.470 -6.212 -469.668 1.029
60.670 90.058 -436.955 1.085
0.948 6.104 -345.501 0.909
-22.865 60.345 -494.819 1.031
15.848 -85.001 -315.657 1.031
53.376 82.088 -498.770 1.050
92.384 -81.250 -331.000 1.090
15.714 89.867 -476.819 0.984
78.577 -6.746 -379.576 0.894
65.048 97.513 -374.353 1.149
15.706 -32.059 -377.837 1.006
6.678 -87.681 -466.162 1.164
60.826 64.284 -491.782 1.191
-99.922 51.195 -313.948 0.896
-12.120 -38.567 -438.132 0.855
56.001 3.706 -499.083 0.999
-6.926 14.774 -452.901 0.974
-85.016 -66.175 -489.004 0.836
39.719 -99.023 -326.500 1.052
-42.847 27.327 -440.250 1.061
5.495 60.469 -497.523 0.983
-1.573 -10.661 -358.564 0.892
-68.510 -57.906 -384.508 0.997
-89.033 20.607 -482.158 0.962
-91.355 78.348 -473.790 0.911
-57.770 -95.280 -469.204 0.963
31.117 -38.128 -353.881 0.935
-98.077 -4.220 -394.396 0.919
-32.711 -34.881 -415.171 0.950
7.208 60.456 -490.967 0.916
-60.848 -54.528 -302.443 1.232
-8.584 -90.509 -340.870 0.930
-18.552 59.278 -310.041 0.912
-57.113 30.264 -424.133 0.889
13.800 29.723 -335.507 1.053
31.785 60.836 -331.087 1.139
-54.227 75.203 -364.980 1.037
-68.981 41.825 -413.221 1.005
86.872 74.725 -377.075 1.147
-84.654 -7.993 -430.288 1.260
53.940 42.832 -483.532 0.829
98.713 66.559 -443.568 1.003
-66.001 -11.059 -408.263 0.974
94.636 3.042 -352.765 0.908
-52.047 -95.680 -458.306 1.044
75.029 -25.621 -419.138 1.050
-38.156 69.969 -315.728 0.959
-3.294 -76.643 -385.501 0.953
93.023 -43.033 -382.848 1.086
-60.941 37.550 -457.359 1.132
-39.064 84.254 -345.224 0.994
-48.149 -0.316 -423.792 0.989
-77.695 -19.175 -464.721 1.016
32.401 55.884 -462.759 1.068
89.234 -92.410 -472.478 1.135
28.423 37.471 -440.564 0.882
54.506 -32.114 -490.846 1.106
26.020 -59.773 -403.709 1.052
-16.096 -28.085 -367.087 1.056
-69.288 15.975 -404.890 0.907
60.310 -78.208 -366.824 1.177
-14.858 -91.261 -423.618 1.118
13.244 52.326 -382.027 0.931
92.962 -57.642 -332.115 0.989
25.399 -89.178 -431.664 1.081
-26.679 -29.700 -302.158 0.996
88.969 -41.376 -461.790 1.114
-90.345 -97.554 -378.454 1.008
76.204 -10.572 -359.574 0.879
-70.279 44.009 -313.028 1.073
29.880 -72.210 -354.210 0.984
83.927 -2.879 -342.631 0.900
-78.967 -61.869 -494.646 0.990
24.847 -12.889 -428.416 1.136
-26.020 -28.657 -446.882 0.945
-60.608 -83.361 -411.957 0.976
-11.006 44.944 -438.937 1.073
-60.264 50.801 -491.153 0.886
-62.723 66.645 -440.801 0.996
24.190 -26.320 -334.160 1.180
46.223 73.011 -303.294 0.898
-0.848 -46.207 -481.180 0.940
76.513 78.716 -443.709 1.012
-96.352 98.737 -426.159 1.253
-38.824 -3.004 -484.327 0.855
88.110 47.976 -326.994 1.068
-18.492 85.526 -392.560 0.952
-39.091 -34.028 -397.424 0.794
40.033 -98.350 -455.410 0.974
79.917 44.347 -329.400 1.165
46.821 41.543 -361.345 0.929
-35.093 13.877 -442.376 1.059
-36.721 -37.755 -370.636 0.940
-33.244 20.651 -331.033 1.147
14.512 85.432 -341.342 1.008
83.267 87.085 -349.571 1.071
-20.590 7.057 -349.658 0.860
25.878 -4.189 -465.748 0.830
61.267 45.639 -413.264 1.023
-57.551 -34.115 -335.730 0.744
61.329 -54.903 -420.636 1.012
87.151 -24.460 -339.986 1.143
-32.534 53.321 -354.193 1.000
75.719 82.955 -374.480 0.882
-66.209 -30.195 -483.531 0.968
36.019 94.872 -403.781 1.039
-33.124 -62.910 -359.638 1.109
-97.019 -28.673 -384.711 0.924
-29.313 90.106 -366.127 1.035
98.532 -55.841 -396.755 1.071
