-86.508 17.716 -349.005 0.842
-23.116 13.082 -376.172 0.995
47.222 24.664 -365.657 1.033
-25.850 53.596 -310.961 1.168
81.439 -86.788 -365.652 0.996
-62.012 99.201 -409.887 1.095
30.852 -80.708 -307.698 0.995
-91.670 -51.462 -435.710 0.914
10.930 -65.342 -302.313 0.933
54.204 12.273 -420.870 1.093
91.887 -80.971 -451.699 1.159
-55.868 70.988 -347.718 0.993
-45.794 -95.518 -415.205 0.874
38.633 -22.283 -306.296 0.994
-3.915 39.672 -498.061 0.890
5.228 -38.271 -452.553 0.990
54.659 -39.697 -386.340 1.053
-64.211 -50.546 -319.870 1.042
-6.125 -64.797 -477.624 1.008
-80.248 8.511 -460.571 0.974
82.444 3.091 -321.649 0.887
-77.272 9.738 -444.717 1.010
43.097 -31.949 -367.747 0.905
2.305 40.463 -337.332 1.133
-68.458 -73.416 -446.395 1.036
-0.524 -17.485 -436.154 1.210
35.866 12.363 -319.882 1.037
-39.548 -63.187 -402.573 1.166
42.223 85.256 -496.225 0.895
-54.548 -15.261 -427.119 1.064
80.167 69.737 -388.370 1.063
11.719 22.044 -461.854 0.975
-47.522 88.255 -306.484 0.980
-43.047 -86.613 -327.311 1.066
59.922 -77.738 -496.136 0.810
5.654 12.446 -355.629 0.952
73.934 20.135 -387.811 1.027
-77.473 79.733 -320.042 1.020
16.711 27.350 -424.654 0.991
78.076 68.580 -397.700 0.864
-75.773 -20.756 -313.619 0.858
-60.818 5.605 -411.409 1.068
-74.992 96.010 -454.891 1.017
88.510 -88.064 -404.788 0.925
78.715 93.064 -468.157 0.976
-90.537 -57.893 -401.593 0.818
36.944 70.244 -376.676 1.110
-44.667 42.774 -454.131 0.847
-5.389 -17.871 -336.307 1.000
30.305 55.516 -335.080 0.970
93.436 -49.741 -410.542 0.943
24.286 -31.750 -496.049 0.814
-57.046 41.325 -342.262 1.124
-77.263 60.433 -465.124 1.143
16.027 71.551 -384.223 0.901
-20.268 25.346 -320.003 0.978
-44.341 -59.212 -452.623 1.107
-44.515 64.787 -441.943 0.963
-93.603 67.906 -343.741 0.973
-31.316 40.143 -477.126 0.972
44.854 -5.930 -316.189 0.860
15.371 -82.942 -329.441 0.853
-96.637 -98.349 -329.017 1.190
-83.052 -79.089 -424.141 0.714
-33.654 -19.933 -377.692 1.075
-21.194 75.253 -471.710 0.860
-1.121 -36.435 -383.432 1.020
72.222 -25.569 -395.232 1.047
-44.960 -52.532 -481.574 0.880
20.748 67.203 -428.280 1.016
-75.258 -91.346 -387.208 0.846
-86.429 -10.063 -316.708 1.053
-83.630 38.279 -375.416 0.912
75.432 31.902 -321.034 1.096
56.933 92.010 -400.184 1.065
57.206 -25.057 -372.143 1.001
16.861 29.795 -465.419 1.005
-75.370 2.903 -357.609 1.100
72.192 -18.655 -432.677 1.002
62.020 -89.343 -311.458 0.832
-85.402 9.658 -391.892 0.990
-42.421 -43.631 -353.947 0.724
82.799 96.615 -480.462 1.093
32.739 -33.032 -497.283 0.857
-30.804 -68.546 -386.562 0.913
-75.489 -32.492 -449.226 1.065
-34.386 -34.758 -408.710 0.850
34.413 -49.919 -315.700 0.954
10.421 -43.815 -303.790 1.159
8.457 -73.092 -352.537 0.991
82.876 -90.376 -442.561 1.018
10.174 91.875 -484.881 0.922
90.663 -91.071 -349.429 0.946
-50.152 54.064 -304.007 0.809
-79.568 3.572 -462.482 0.988
-66.593 -84.000 -461.218 1.063
-75.308 1.623 -452.782 0.994
22.594 22.959 -387.690 1.034
-81.213 -67.449 -397.118 1.042
73.199 -78.013 -460.086 1.071
-24.871 -7.717 -389.233 0.984
39.855 12.096 -347.460 0.998
51.634 -79.004 -353.626 0.979
52.327 79.924 -483.121 1.057
26.794 33.147 -348.613 0.952
-63.120 36.377 -451.728 0.936
-37.199 89.311 -485.256 0.932
80.512 -67.563 -489.158 0.880
-25.444 -6.038 -381.327 0.963
-26.401 5.181 -453.123 1.097
86.848 42.032 -413.657 0.929
-67.928 87.739 -372.411 1.138
81.668 69.640 -376.948 1.192
-49.010 49.106 -454.779 0.825
-64.891 -40.989 -337.588 1.056
-48.306 1.325 -398.562 0.968
-41.908 56.888 -330.409 1.116
60.224 -31.485 -449.701 1.152
-18.640 -36.841 -494.352 0.921
5.761 -71.026 -325.934 1.009
-1.814 7.298 -421.013 0.928
-96.264 -56.338 -339.520 1.014
28.748 8.001 -415.655 1.054
98.010 -25.716 -439.928 1.100
40.820 98.892 -356.655 1.116
70.102 -39.135 -324.739 0.885
84.566 -59.619 -334.021 0.965
78.396 -79.196 -442.530 1.059
-7.727 -13.373 -397.321 1.069
-53.032 62.224 -431.305 1.075
-83.875 -52.353 -412.326 0.840
-8.691 -61.767 -451.383 1.080
40.082 64.331 -328.289 1.063
-86.691 -83.385 -413.917 1.147
-3.697 -92.173 -400.018 0.941
-28.220 7.539 -312.345 1.050
-56.345 95.120 -359.913 0.932
68.835 83.477 -399.851 0.986
79.312 -82.631 -489.273 1.202
96.737 -23.127 -495.628 0.951
-16.820 -21.354 -404.390 1.047
-70.560 -12.682 -438.887 1.008
-7.983 16.294 -362.328 0.993
-67.507 22.395 -440.325 0.949
-37.768 -48.498 -342.797 1.179
21.726 -90.594 -453.706 1.119
-37.323 56.577 -425.255 1.133
90.411 -46.959 -414.001 1.019
-50.530 -39.509 -439.045 1.034
-98.171 -39.919 -341.948 0.911
-28.009 -99.469 -457.792 0.739
94.956 -98.021 -303.738 1.093
59.077 68.227 -475.810 0.998
-17.715 -56.938 -383.919 0.945
-92.229 -49.780 -355.877 0.982
70.063 79.885 -468.096 1.237
-12.552 31.017 -312.872 1.065
48.464 -31.388 -413.550 1.093
-44.387 71.378 -463.499 1.106
66.365 48.817 -421.935 0.908
27.647 -92.491 -457.750 0.925
-75.058 70.299 -311.252 1.115
-35.162 -55.781 -458.110 1.200
-56.736 -20.557 -494.269 1.171
-31.074 -72.671 -475.768 1.095
-24.812 28.895 -457.689 0.998
-77.743 30.015 -390.459 1.016
54.951 52.741 -332.006 0.919
-14.774 93.287 -342.383 0.741
-42.384 41.277 -453.466 1.013
94.632 2.716 -395.776 0.962
75.003 -98.655 -453.120 0.879
31.744 61.779 -394.094 1.093
51.191 6.875 -382.518 1.140
23.954 99.548 -365.802 0.793
-20.694 27.768 -314.456 0.987
79.556 50.950 -374.310 0.986
52.716 42.789 -423.732 0.904
83.914 54.933 -421.385 0.938
-99.511 81.749 -435.565 0.934
29.480 72.688 -335.193 1.037
27.612 -40.683 -310.161 1.164
48.281 -22.875 -316.781 1.098
-83.569 67.280 -413.649 0.977
-21.909 -6.788 -331.208 0.884
98.133 -23.649 -337.838 1.092
56.798 78.136 -498.280 0.854
-61.971 46.865 -338.107 0.843
-40.539 44.283 -479.785 0.899
25.397 -84.278 -338.447 1.068
-92.661 -9.396 -407.670 1.162
34.684 17.366 -394.591 1.047
9.588 -20.614 -342.408 0.983
-30.883 64.161 -321.549 1.015
60.819 -72.907 -398.339 1.201
-10.889 20.808 -312.677 1.000
-97.789 24.759 -477.612 1.043
-4.000 52.143 -446.783 1.036
92.237 -24.886 -404.425 1.167
88.476 51.323 -454.056 0.981
