-16.598 -63.054 -311.181 0.800
-46.252 14.187 -337.966 1.060
99.435 59.370 -325.778 0.919
22.556 47.948 -351.050 0.914
-76.669 57.548 -466.537 0.946
-10.625 -6.937 -474.083 0.974
-89.605 42.974 -330.586 0.986
96.827 -94.424 -385.257 1.128
80.326 96.192 -348.837 0.959
68.779 70.746 -462.512 0.823
9.421 12.523 -305.277 1.020
16.611 72.855 -419.234 1.168
-31.412 -43.602 -434.134 1.003
-89.543 -59.799 -494.406 0.973
19.490 5.883 -408.658 1.091
-37.230 -30.252 -431.509 1.049
-63.299 63.998 -483.201 0.949
17.161 66.714 -488.123 1.073
-23.659 -19.326 -402.240 1.038
-43.296 70.020 -495.166 1.093
24.970 -38.315 -352.976 0.905
-1.180 73.911 -409.138 1.091
84.559 -14.843 -456.704 1.068
-50.191 89.276 -499.174 0.943
22.479 -75.304 -336.041 0.999
61.322 -57.884 -419.070 0.851
34.658 56.533 -377.242 1.046
-3.156 -77.837 -355.548 1.046
-5.818 48.909 -354.466 0.847
63.870 -19.898 -340.527 1.067
91.600 52.352 -368.087 1.153
28.305 79.634 -439.895 0.971
22.066 49.781 -446.117 1.095
68.288 53.172 -421.179 0.994
-81.963 -28.103 -328.284 0.861
-38.559 8.621 -317.739 1.010
28.219 84.856 -421.123 0.838
-19.034 88.351 -306.977 1.000
32.479 -30.172 -498.344 0.990
-76.486 82.616 -491.661 0.939
12.789 -23.074 -478.759 1.072
78.378 21.563 -487.706 1.078
9.224 -66.295 -331.862 1.191
44.964 89.288 -365.579 0.847
-16.380 -23.484 -449.336 1.023
40.842 -30.886 -363.531 0.844
65.881 -93.405 -499.266 0.848
-85.166 91.965 -429.341 1.065
69.892 -11.712 -414.163 0.991
-90.351 53.970 -324.197 0.990
-18.676 -95.580 -473.537 1.157
-77.081 84.309 -379.212 1.118
63.243 -74.286 -342.371 1.098
-72.062 36.246 -392.164 0.960
94.525 25.554 -490.496 1.065
47.021 55.471 -399.607 0.869
10.935 10.449 -369.173 0.868
-61.947 -43.865 -446.504 0.903
30.925 -41.248 -497.441 1.068
17.470 -56.908 -396.077 0.908
39.569 76.729 -337.975 1.040
41.461 44.240 -432.069 1.050
-76.358 91.321 -486.763 0.950
31.939 -78.331 -305.131 1.021
57.670 69.785 -340.402 1.068
-9.961 -4.163 -351.461 1.056
94.049 -2.839 -487.991 1.057
-68.027 -27.531 -337.524 1.085
-37.257 -76.216 -309.760 0.971
84.442 -90.936 -308.080 1.154
-37.362 52.617 -494.824 0.979
29.242 11.272 -311.816 0.928
68.834 -28.383 -406.822 0.768
-49.037 -65.079 -423.616 1.051
41.272 32.593 -407.973 1.070
29.046 -21.340 -346.006 1.019
51.703 92.169 -356.496 0.825
-94.065 14.165 -300.161 1.180
-11.840 99.915 -351.981 0.959
7.208 -8.962 -392.134 0.856
48.698 -24.976 -397.710 0.924
20.494 72.158 -315.757 0.958
46.115 -56.755 -461.094 1.093
45.144 4.292 -347.392 1.031
-60.458 -39.840 -336.568 1.120
-60.921 44.077 -365.239 1.014
-86.093 -66.521 -398.405 1.052
-96.450 17.329 -396.622 0.875
57.330 -55.508 -362.925 0.955
-33.893 90.435 -377.285 1.027
0.476 96.697 -309.971 0.857
44.381 -34.762 -401.443 0.869
-17.060 56.008 -380.577 0.970
38.855 87.371 -369.083 0.824
54.408 49.949 -465.248 0.864
-54.363 67.623 -369.523 0.965
35.080 -29.966 -498.210 1.111
59.437 -34.021 -373.973 0.949
-77.077 22.258 -418.193 0.961
-49.674 6.502 -404.676 0.862
44.722 -2.071 -442.908 0.967
41.304 -35.100 -409.820 1.073
89.571 67.406 -352.821 0.896
51.706 -41.471 -421.040 0.911
-50.384 -60.560 -317.421 1.050
23.835 -16.488 -484.355 1.004
28.391 61.721 -321.052 0.965
-66.923 -24.668 -346.788 0.867
-68.335 -78.813 -497.732 0.958
18.786 -58.255 -386.870 0.989
78.358 -68.672 -302.886 1.060
-98.031 -78.449 -465.508 1.040
37.625 1.658 -345.945 0.851
-78.749 -88.076 -451.949 0.859
16.898 20.804 -314.019 0.968
84.381 -58.751 -451.410 0.966
28.462 -22.883 -402.904 1.121
35.056 77.774 -483.067 1.208
4.112 -74.666 -309.712 1.020
2.620 -36.785 -477.984 0.954
88.804 -67.342 -306.223 1.129
-26.616 42.787 -485.500 1.089
26.779 -69.926 -302.912 0.987
-65.314 54.923 -403.836 1.058
63.586 -45.357 -430.373 1.012
62.695 90.787 -408.775 0.963
98.275 60.196 -311.234 0.974
50.927 30.602 -393.513 0.923
3.630 50.575 -331.863 1.071
3.084 85.815 -373.230 1.302
-35.731 72.557 -400.806 0.900
53.345 50.264 -393.104 0.967
-89.805 72.757 -409.668 0.923
-10.905 -25.427 -356.752 1.063
-78.577 2.440 -378.550 0.940
-30.340 18.978 -396.787 1.039
86.609 -97.379 -367.937 1.019
77.780 -6.512 -422.269 1.061
-83.952 53.372 -453.009 1.079
-52.225 -58.110 -437.562 0.918
11.888 35.145 -327.469 1.070
-35.499 27.059 -384.091 1.183
-42.721 -36.947 -395.460 1.017
21.884 58.281 -362.697 0.983
-68.902 47.313 -449.135 1.130
23.308 81.106 -433.127 0.941
-58.103 -93.510 -465.422 1.048
-68.604 -80.068 -491.698 1.100
-4.207 34.432 -347.988 0.888
-41.587 97.589 -395.596 1.147
-65.820 -98.826 -401.037 1.025
14.385 -76.937 -300.732 1.004
59.904 44.568 -323.441 1.239
14.116 -32.263 -356.763 1.035
-27.707 44.955 -486.833 1.069
-0.842 41.899 -309.664 1.016
78.947 94.309 -403.582 1.057
-76.587 -23.872 -494.376 0.885
99.978 -47.032 -463.076 1.040
6.427 99.497 -494.485 0.904
6.311 62.344 -306.888 0.991
-2.197 99.900 -401.234 1.005
94.678 93.015 -496.849 0.970
24.851 67.742 -364.358 1.091
-16.084 -15.906 -397.583 0.979
-6.578 89.521 -411.333 0.943
-17.847 71.016 -311.550 0.865
4.390 58.013 -436.561 0.996
62.272 46.145 -404.134 1.030
-57.821 -99.536 -340.620 0.891
-88.961 -69.544 -366.994 0.960
27.813 11.613 -408.945 1.048
86.951 -3.034 -307.353 1.015
-57.160 -53.178 -368.644 0.891
44.008 63.976 -321.325 0.944
-6.431 -5.171 -338.957 1.021
-13.986 17.394 -430.308 1.058
52.890 62.392 -429.665 0.997
-55.610 -36.687 -304.811 1.136
92.217 -34.426 -417.465 1.092
-58.474 8.019 -326.063 0.941
51.820 11.060 -496.940 0.930
51.550 -28.037 -424.213 0.889
-21.935 -93.297 -483.399 0.892
-45.752 6.537 -383.844 1.048
-50.778 36.263 -395.168 0.968
-82.114 84.665 -498.456 1.060
-23.699 -19.370 -338.900 0.849
34.954 78.966 -453.893 0.978
-27.717 69.583 -369.629 0.890
-28.063 55.959 -406.622 1.124
-25.051 9.283 -370.258 0.890
45.513 -81.057 -411.322 0.910
-49.642 -22.619 -351.124 1.031
-61.656 85.307 -415.691 1.221
-54.916 -16.897 -486.298 0.989
20.794 -14.403 -408.075 0.988
25.743 -46.749 -468.830 0.958
89.882 40.057 -378.210 0.951
36.881 -38.576 -394.367 1.052
-1.475 65.243 -477.493 0.947
7.916 95.711 -410.375 0.882
-48.533 95.099 -416.336 0.967
-85.923 68.698 -379.202 0.962
-96.305 59.150 -425.864 1.015
-62.453 -18.883 -328.216 1.045
86.840 -11.969 -390.283 0.855
-69.043 44.738 -398.620 1.000
89.950 19.035 -354.954 0.932
32.786 -49.438 -372.501 1.071
-53.176 86.229 -364.051 0.949
-96.059 -74.896 -424.918 1.002
-72.129 -11.425 -488.358 1.133
-60.023 -54.213 -374.380 1.057
-88.331 -90.525 -333.077 1.079
68.492 -72.077 -300.952 0.953
-64.960 -35.960 -392.242 0.970
-46.557 66.614 -424.687 1.108
17.882 -30.048 -354.483 0.932
-50.155 -0.985 -412.311 1.024
20.982 -15.958 -449.175 0.923
55.685 -23.803 -495.778 1.025
28.700 86.344 -451.255 0.844
-65.406 -13.637 -323.834 0.975
22.408 76.894 -422.593 1.089
-90.781 43.002 -423.350 1.075
-47.835 -55.349 -336.085 0.900
-48.138 62.460 -463.600 0.843
-88.084 69.752 -417.770 1.043
44.400 -87.149 -477.255 0.917
-42.056 85.775 -483.096 0.991
64.899 -37.209 -403.103 1.048
73.118 47.580 -357.892 1.000
57.609 -52.699 -498.235 0.932
-89.988 16.915 -480.349 0.887
50.430 43.742 -495.955 0.775
-76.703 -42.693 -311.478 1.075
-2.684 18.516 -314.278 0.931
35.024 -80.686 -460.008 0.957
-86.127 83.661 -374.609 1.005
-46.598 -17.398 -413.454 1.073
46.748 -69.618 -467.376 1.282
32.538 71.122 -447.550 0.918
37.594 32.029 -443.552 0.907
-15.119 -41.281 -440.355 0.889
-22.849 -20.328 -409.520 0.856
43.731 -80.307 -321.390 1.002
89.128 50.025 -351.392 0.913
28.243 80.886 -316.573 1.123
80.699 71.173 -350.141 0.856
-96.112 -69.604 -398.447 0.933
-88.635 17.062 -444.719 0.979
65.545 70.049 -421.044 0.953
-58.722 -16.194 -327.420 1.193
-98.695 -78.592 -470.348 1.222
91.283 25.446 -343.101 0.979
73.926 -97.965 -478.326 0.971
-5.918 81.523 -397.912 0.932
79.349 -19.831 -303.879 0.815
-37.848 4.282 -434.147 1.175
-95.925 -21.510 -393.133 1.171
16.174 -24.849 -330.644 1.051
-77.329 30.430 -498.554 1.095
-39.908 10.068 -389.223 0.963
-19.781 -31.095 -361.177 0.954
-57.330 72.649 -455.478 1.179
-87.040 20.677 -478.934 1.216
67.340 38.248 -444.817 1.140
74.170 2.797 -478.696 1.105
39.566 -84.936 -485.918 0.957
-39.963 90.603 -448.825 0.994
-93.366 -88.637 -306.067 0.865
-62.465 -78.693 -387.626 1.076
17.285 -8.520 -325.017 0.868
-27.448 95.518 -301.797 1.064
97.217 29.671 -351.217 0.820
63.214 5.327 -453.524 0.977
-75.874 -4.474 -443.965 1.002
-44.698 49.328 -369.697 1.069
6.219 -78.789 -339.169 1.023
31.724 11.522 -410.153 0.821
96.511 -60.325 -374.652 1.080
-31.141 -50.184 -390.359 1.160
29.970 88.801 -492.343 0.981
-26.814 46.885 -463.501 1.067
-59.753 -45.808 -390.750 0.960
-41.112 -94.434 -386.944 0.891
-88.361 -16.505 -443.986 1.125
-4.871 -81.004 -458.386 0.912
-11.001 92.413 -488.156 1.059
-91.922 24.360 -458.376 0.901
88.060 36.331 -459.574 0.891
-5.329 -25.332 -387.644 1.014
-3.497 32.842 -387.397 0.999
30.418 84.987 -351.353 1.029
-3.891 -65.196 -442.317 1.103
30.337 -83.121 -347.121 0.805
65.027 -77.788 -461.440 1.183
58.284 27.868 -375.710 0.916
-83.220 -30.802 -302.951 1.012
-60.159 44.853 -403.896 1.011
-76.030 6.788 -457.998 1.215
95.335 12.768 -350.687 1.061
-8.685 3.735 -442.036 1.112
-38.427 3.176 -332.756 1.200
-1.053 -4.329 -434.549 0.980
-62.924 -2.357 -395.212 1.075
90.239 98.644 -322.953 0.954
-63.093 71.923 -477.086 1.046
39.599 12.301 -310.908 0.857
-54.418 -30.013 -478.579 1.058
-1.883 -81.591 -432.730 1.036
91.504 -47.780 -358.055 1.052
-47.911 99.767 -338.145 0.960
-61.708 -77.388 -334.583 0.973
39.454 -93.850 -499.908 0.942
-9.356 54.057 -498.130 0.810
-45.726 -92.860 -341.247 0.929
87.611 80.624 -302.347 1.159
14.516 93.383 -394.055 1.066
70.558 -31.528 -491.822 1.068
-43.960 -12.906 -471.799 0.852
5.903 -15.653 -431.371 1.047
-90.245 71.064 -353.830 0.981
-39.540 -98.879 -355.644 1.066
-91.432 -97.794 -366.024 0.901
-59.332 28.027 -493.415 1.073
70.991 -37.133 -325.427 0.927
-76.712 29.218 -403.736 1.030
83.480 -34.372 -480.711 1.090
-55.094 86.447 -367.868 1.130
28.515 41.428 -349.569 1.089
2.382 95.404 -449.485 0.829
24.838 -28.882 -390.614 1.001
-92.845 -38.023 -438.517 1.062
-65.847 89.753 -432.150 0.948
87.574 4.097 -426.181 0.970
46.562 65.632 -322.460 1.017
-27.834 29.429 -475.416 0.995
-25.737 88.965 -312.827 1.107
12.510 -9.060 -353.779 0.916
29.594 47.093 -398.938 1.029
2.994 -95.652 -347.156 0.888
86.653 1.262 -332.909 1.018
-3.528 -72.109 -306.051 0.840
88.867 -19.529 -391.535 0.944
65.732 7.726 -322.218 0.796
-84.039 -51.697 -321.025 0.975
18.405 17.117 -363.073 1.111
-35.264 -39.493 -426.237 1.094
-58.022 19.891 -451.577 1.019
-91.991 -18.353 -376.808 1.095
-12.957 5.481 -377.229 0.958
-35.084 10.349 -325.289 1.004
-16.112 87.883 -308.124 0.993
-17.256 -93.195 -378.661 1.047
-89.556 89.591 -443.083 1.135
-73.889 99.045 -336.841 0.955
29.936 -52.502 -402.100 1.004
55.429 -31.314 -414.845 0.865
42.669 -13.413 -378.163 0.961
27.943 -77.013 -443.288 0.902
0.482 17.235 -421.351 1.015
-34.787 -90.534 -395.965 1.167
35.416 20.890 -459.106 0.967
-89.520 32.926 -304.043 0.919
-23.681 -18.402 -393.974 0.851
-23.948 53.998 -424.269 1.057
85.853 57.877 -364.123 1.101
-32.802 -66.947 -436.499 0.796
16.810 -19.769 -349.334 1.065
-10.365 19.032 -379.702 0.929
73.518 -89.798 -337.231 0.936
-79.373 -85.050 -493.669 0.899
34.990 93.367 -322.969 0.870
30.138 -18.809 -340.528 0.892
-80.749 -94.687 -447.914 1.104
11.778 53.947 -421.044 0.998
-83.119 -75.427 -488.020 1.095
35.003 -0.772 -357.151 1.043
47.592 -40.230 -494.765 0.994
-57.865 21.448 -345.623 0.988
98.031 67.759 -466.002 0.763
-19.269 -18.472 -364.486 0.972
93.249 31.862 -322.132 1.013
-50.892 46.131 -321.680 1.121
89.140 -41.621 -379.364 1.207
-5.765 -19.421 -354.795 1.049
-36.814 -94.495 -396.246 0.960
-0.704 -20.082 -461.307 1.005
19.205 -58.407 -423.625 0.975
88.127 -89.938 -396.370 0.938
-38.784 67.395 -398.526 1.166
-46.722 -32.112 -473.385 1.101
5.082 -90.808 -329.327 1.074
1.495 64.529 -411.324 1.030
-43.207 76.701 -464.497 0.933
40.796 -13.429 -340.176 0.983
-3.864 85.416 -342.125 0.899
11.771 -56.089 -478.550 0.945
-34.588 74.729 -358.898 1.041
-64.822 36.516 -489.088 0.915
39.547 -41.267 -454.113 1.006
-3.977 -79.574 -340.955 1.030
90.960 58.307 -314.724 0.738
-38.588 -23.718 -330.108 0.962
21.873 20.255 -317.966 1.112
-9.388 -20.654 -347.477 1.182
-0.473 -45.052 -389.902 1.223
96.684 -10.970 -350.867 1.002
86.284 24.853 -399.368 1.077
-87.129 -75.889 -420.543 1.079
-54.841 21.983 -304.776 1.046
79.990 -91.875 -314.886 0.995
-4.741 84.939 -462.708 0.937
-93.591 -65.089 -432.485 0.933
25.824 -87.531 -390.299 0.920
-16.736 59.937 -479.688 0.949
64.989 68.993 -384.096 0.948
63.389 88.778 -444.786 1.114
-76.846 88.674 -365.318 0.834
-31.837 -79.628 -418.238 0.960
-25.006 -2.692 -382.824 0.858
57.623 28.410 -349.016 1.069
-92.078 62.383 -381.522 0.933
28.824 42.189 -415.424 0.961
-3.205 -51.185 -436.189 1.017
80.770 53.022 -451.384 0.980
14.579 -1.451 -322.245 0.959
43.297 -4.827 -305.322 0.894
55.868 80.304 -321.815 1.203
-16.126 -38.425 -341.137 1.143
-86.909 44.140 -495.739 0.999
-39.805 -79.867 -355.800 1.010
71.720 11.518 -415.983 1.018
-72.175 40.749 -405.819 1.132
8.261 49.163 -399.965 1.029
-0.850 -32.661 -498.614 0.894
-15.296 16.819 -408.790 1.124
66.683 27.669 -491.826 0.938
-73.621 -88.358 -444.413 1.070
17.826 -43.299 -353.733 0.903
32.417 -70.430 -349.274 0.922
-80.150 -65.119 -463.162 1.091
34.789 62.508 -478.574 0.973
-46.291 -0.890 -339.942 1.214
-40.777 -3.742 -437.868 0.964
33.055 -31.623 -353.080 1.148
65.101 -87.620 -478.541 1.133
-7.581 94.175 -370.878 0.874
34.130 25.010 -436.441 0.806
-62.608 -40.259 -462.311 1.003
-23.132 -66.745 -391.510 0.928
68.034 86.640 -300.704 0.966
43.333 87.083 -480.741 1.086
-98.214 84.139 -499.856 1.100
-8.921 -46.586 -432.690 1.165
-62.937 -45.536 -340.176 0.857
39.358 72.413 -387.660 0.854
45.832 38.705 -408.172 0.914
9.245 -56.696 -417.587 0.980
-34.127 -25.290 -416.738 0.904
80.340 52.478 -386.879 1.040
-37.348 28.019 -315.730 0.843
15.117 21.738 -461.140 1.108
30.310 -89.260 -387.714 0.899
71.512 26.719 -357.968 1.124
-82.486 65.321 -345.320 1.033
73.709 -35.765 -390.087 1.060
-12.552 -15.559 -335.209 1.234
29.008 -56.197 -305.857 1.089
50.676 -36.937 -359.107 1.119
57.407 39.090 -478.632 1.011
-29.188 14.843 -392.407 1.021
48.522 8.584 -466.184 0.829
50.806 90.033 -378.297 1.108
53.455 -1.324 -424.770 1.012
57.312 -21.156 -305.645 0.972
63.394 31.364 -448.849 1.250
79.496 -61.601 -403.162 0.980
-33.579 -72.845 -427.469 0.932
48.728 6.994 -388.373 0.979
75.337 15.967 -347.095 1.083
-46.742 -87.950 -364.147 0.838
-93.773 63.504 -407.049 0.936
66.031 -4.488 -370.719 0.961
-42.337 73.549 -447.656 1.073
94.115 59.150 -362.034 0.831
48.497 46.475 -409.604 1.024
53.140 -30.544 -458.511 0.867
-51.439 62.754 -479.250 0.899
-91.073 78.656 -478.780 0.992
-90.687 34.526 -349.247 0.976
55.912 37.263 -335.195 0.975
0.385 79.497 -363.028 0.980
42.430 -39.736 -416.472 0.994
15.485 -30.146 -485.431 0.944
15.247 11.395 -442.120 0.898
41.838 -1.637 -358.479 1.029
-50.782 59.232 -440.877 1.038
-83.249 -5.702 -340.323 0.927
-39.739 60.599 -399.220 1.010
51.514 47.979 -407.844 0.888
5.320 90.308 -476.946 1.021
-6.695 35.653 -342.123 1.058
-35.954 93.239 -428.471 0.937
96.726 -74.622 -435.889 1.043
42.614 -53.350 -332.583 1.041
-34.719 23.908 -320.078 0.976
-57.061 -47.228 -456.672 1.092
-10.267 -4.451 -443.937 0.782
58.243 -39.881 -490.740 1.104
20.354 -69.670 -331.625 0.968
2.514 -43.508 -485.777 1.083
-80.888 1.224 -305.269 1.135
59.294 -82.750 -329.108 0.967
89.720 22.892 -303.924 1.029
-4.849 -40.543 -322.176 1.106
68.172 83.581 -382.684 0.745
1.721 -38.140 -483.594 0.925
33.831 8.188 -463.136 0.915
20.396 -1.632 -339.645 0.913
-56.813 51.230 -415.289 1.051
-82.414 17.308 -499.517 0.889
72.526 -81.591 -483.641 1.013
-42.739 -46.943 -397.072 1.133
39.789 44.231 -479.323 0.954
-32.053 -21.419 -454.831 0.930
-72.468 -58.308 -483.560 1.078
37.128 23.129 -367.599 0.967
47.201 -7.135 -347.129 1.069
-96.108 17.901 -412.137 1.075
-17.623 85.601 -480.069 1.072
94.781 -38.687 -322.098 0.885
10.523 70.098 -351.752 1.180
-18.872 -41.160 -416.929 1.044
-56.916 -43.594 -462.064 0.819
24.133 91.276 -384.915 0.998
-75.657 63.225 -305.750 1.098
-58.861 89.866 -442.006 0.890
-68.908 -86.615 -332.847 0.987
-36.453 -61.304 -460.689 0.858
2.275 -68.112 -465.422 1.219
12.390 8.994 -405.537 1.069
49.014 34.434 -424.029 1.030
90.572 -75.827 -409.493 0.982
-22.759 22.430 -466.188 0.886
-17.129 -35.722 -305.178 1.138
2.768 57.681 -410.018 1.167
-70.361 -57.652 -392.274 0.950
67.402 81.892 -321.622 1.075
-46.447 -83.360 -439.079 0.879
-25.928 41.701 -462.089 1.007
53.554 -7.931 -402.857 0.978
-83.546 58.958 -463.972 0.856
-83.491 -65.220 -412.177 0.939
26.417 -7.285 -378.245 1.000
-74.895 66.527 -445.533 1.059
64.272 5.507 -332.239 1.236
-30.950 -46.196 -428.117 1.290
17.259 -6.809 -344.519 1.008
-13.080 84.273 -457.510 0.852
52.500 97.679 -387.737 1.254
-55.452 -95.683 -468.637 0.953
-9.818 -94.356 -395.866 0.928
-18.582 30.371 -364.084 0.993
-20.997 -87.897 -498.388 1.068
-77.668 30.711 -305.222 1.193
19.554 56.219 -389.411 1.008
85.801 79.350 -484.014 0.945
-41.252 -35.900 -307.535 1.044
45.424 19.603 -453.245 0.979
-79.826 87.515 -473.313 1.022
-95.295 -50.018 -300.929 0.946
34.441 -90.445 -387.661 0.982
76.806 38.228 -496.994 1.151
47.588 -84.934 -481.015 0.967
-59.815 -74.652 -337.102 0.985
17.286 93.408 -330.662 0.949
-24.589 -48.229 -300.730 0.881
-77.030 65.814 -411.910 0.984
41.378 -56.633 -383.448 1.135
11.869 30.957 -328.961 0.999
-2.454 -36.399 -487.617 1.030
74.830 65.964 -364.592 0.954
-6.581 59.676 -465.312 0.989
56.440 24.678 -478.249 1.085
-73.605 49.500 -328.300 0.893
-24.285 -80.253 -378.062 0.927
-27.207 -27.007 -394.959 0.873
16.389 -9.222 -342.103 1.051
-34.603 -65.372 -342.271 0.988
76.821 -88.365 -428.758 0.956
-62.601 76.782 -434.111 1.007
8.984 30.082 -348.319 0.916
47.462 -73.054 -369.044 1.039
31.569 99.423 -368.462 1.124
49.374 -23.993 -308.268 0.854
63.804 63.948 -436.358 0.892
-60.438 84.037 -440.628 1.033
-7.236 -77.402 -446.465 1.043
-49.910 61.088 -382.785 0.881
-34.904 -19.179 -426.802 1.015
14.334 69.162 -474.819 1.036
-40.871 12.481 -303.238 1.016
59.603 -7.387 -307.923 1.054
-48.065 -95.380 -387.082 1.029
-91.940 55.528 -388.566 1.032
10.220 35.286 -469.083 0.846
14.136 -29.881 -473.983 1.115
67.746 46.876 -315.332 0.975
52.647 -72.439 -429.635 0.936
94.377 79.626 -344.432 1.054
80.863 -46.922 -410.111 0.951
52.129 -31.058 -427.496 0.998
99.731 -90.643 -426.996 1.065
-80.740 58.694 -456.538 1.055
58.914 -80.403 -419.266 0.981
69.353 -55.057 -324.731 1.028
27.641 -86.110 -487.246 0.873
-22.099 68.951 -354.700 1.199
65.662 -9.736 -377.601 0.777
-10.676 8.860 -465.850 0.962
85.463 -18.117 -455.927 1.011
-60.185 77.809 -491.454 0.880
33.184 -96.775 -421.836 0.994
45.476 -15.607 -453.598 0.591
-37.408 36.960 -347.744 1.317
47.623 -84.682 -401.850 1.015
-99.050 -90.841 -332.590 1.100
41.428 51.153 -308.494 1.033
32.440 -10.109 -488.936 1.025
-46.441 -25.325 -448.289 0.943
-38.294 1.747 -458.553 1.006
-23.927 9.653 -414.559 0.980
-66.891 52.222 -360.065 0.892
-94.969 -22.734 -332.152 0.981
-65.474 55.634 -329.100 1.125
7.079 33.181 -367.935 1.170
-93.495 35.084 -445.937 0.868
-47.645 -51.711 -443.010 1.133
38.989 91.087 -376.646 1.030
-93.294 91.491 -400.495 1.156
-35.242 57.586 -339.948 1.074
-21.821 -70.684 -399.229 1.058
-16.386 1.683 -392.194 0.931
70.828 51.649 -341.339 0.981
74.814 -27.254 -457.267 1.134
-75.749 -24.949 -391.025 1.020
-64.125 -71.109 -421.913 0.916
-35.524 -56.139 -470.238 1.113
49.093 -56.241 -318.441 1.068
50.301 -0.866 -328.095 0.814
97.908 61.226 -496.912 0.955
86.139 -75.307 -404.630 0.845
13.590 98.499 -353.651 0.888
-91.116 -35.140 -465.887 0.975
85.122 -15.175 -480.566 1.047
-28.843 25.599 -389.915 1.015
9.117 -81.949 -406.830 0.958
16.917 35.987 -358.993 1.057
-25.308 11.218 -429.053 1.049
70.944 -97.387 -375.649 1.088
-42.994 22.731 -451.513 0.973
-26.787 -46.711 -330.315 0.967
-34.212 -69.253 -337.053 0.884
92.884 -24.555 -355.832 1.112
-3.018 -77.249 -467.220 0.887
-9.524 -82.106 -398.263 0.999
0.420 -39.906 -426.304 1.017
-10.396 -96.943 -401.457 1.263
37.406 44.757 -472.141 1.049
92.065 85.639 -457.823 1.075
91.929 -51.212 -319.300 0.973
-85.192 11.264 -430.248 1.010
-33.993 43.316 -419.518 0.870
-64.705 60.631 -432.311 1.029
-72.935 -23.580 -364.052 0.813
27.332 93.388 -381.257 0.957
-21.546 0.790 -362.686 1.038
28.917 -65.678 -378.530 1.036
-75.824 62.299 -446.494 1.169
22.249 -40.414 -401.012 0.950
14.588 35.739 -413.591 0.983
4.073 86.803 -301.899 1.029
-7.966 12.662 -366.688 0.896
73.294 75.326 -404.649 0.797
55.283 -61.104 -452.566 0.966
85.601 22.433 -399.950 1.137
41.939 28.115 -358.771 1.031
-32.868 59.980 -327.864 1.074
-61.761 44.716 -370.978 1.080
-21.433 10.147 -371.826 1.052
-72.475 58.341 -345.114 1.152
-52.049 -67.943 -353.647 1.049
-0.629 -43.531 -311.340 0.983
-42.062 8.407 -316.503 1.395
-4.471 -41.793 -365.758 0.974
40.834 36.401 -351.561 1.048
-94.003 -33.715 -423.355 1.164
-87.207 84.899 -374.623 1.050
95.523 -83.303 -434.134 0.905
96.550 -90.045 -366.496 1.019
-38.625 -35.828 -404.227 1.011
13.290 63.219 -400.145 0.924
-83.739 99.368 -473.594 0.990
-98.547 -71.057 -327.841 0.912
-15.030 -51.674 -330.481 1.027
48.831 -8.599 -336.604 1.012
60.805 64.011 -331.270 0.956
-86.089 3.971 -487.340 1.089
43.152 97.020 -433.060 0.971
-36.032 70.587 -371.133 1.042
83.602 -28.450 -397.717 0.871
-66.292 34.842 -402.835 0.997
-35.764 -22.939 -476.034 0.951
-53.217 -63.690 -423.605 0.990
-39.038 -48.000 -346.655 0.769
-81.794 8.071 -433.984 0.959
-23.005 44.894 -319.549 0.993
-93.354 -96.265 -442.822 1.136
52.519 -42.973 -374.261 0.778
-24.584 24.845 -391.897 0.799
-36.671 25.793 -466.829 1.041
96.030 -83.779 -459.814 0.893
-54.646 -15.098 -488.936 0.937
-87.273 -98.043 -492.031 1.060
-85.704 48.757 -329.308 1.058
59.206 59.868 -428.178 0.961
-94.522 -44.468 -493.398 1.033
10.076 -92.977 -466.456 1.083
-71.402 0.968 -351.006 1.043
5.948 93.580 -431.938 0.936
-1.778 40.282 -454.002 1.007
-12.506 -54.805 -481.776 1.019
4.189 -11.608 -440.350 0.847
97.855 33.753 -385.252 0.857
-28.284 30.828 -490.013 1.072
-37.818 68.032 -431.646 1.089
26.670 44.595 -417.857 0.819
79.821 86.785 -318.729 0.903
-81.730 -89.111 -331.927 1.296
23.946 -43.978 -394.820 0.973
-66.745 -23.786 -425.871 0.860
-51.932 79.384 -387.792 1.014
22.465 -94.670 -380.816 0.973
96.744 87.026 -349.594 0.783
-54.175 -49.467 -393.446 0.792
28.916 43.595 -357.224 1.116
-96.191 94.547 -307.385 1.054
-70.503 50.775 -474.630 1.016
0.423 24.064 -320.523 1.060
-35.563 -89.527 -361.476 0.916
56.312 94.592 -453.901 0.962
-8.250 49.347 -373.022 1.166
34.026 85.569 -482.665 1.111
51.874 5.188 -333.248 1.101
-72.898 -53.380 -465.150 1.002
55.943 77.280 -480.035 0.964
-28.899 -87.082 -344.521 1.028
10.764 -54.752 -367.495 0.961
11.023 42.518 -440.252 0.878
47.928 -90.316 -415.634 1.002
-53.129 73.840 -441.926 0.850
62.125 -94.030 -304.413 1.056
-80.436 -82.474 -495.433 1.035
-0.499 78.733 -353.195 0.901
-49.733 -92.755 -432.138 0.954
50.678 -57.231 -309.283 0.966
55.168 42.333 -427.778 1.064
53.493 45.140 -374.245 1.095
45.516 90.298 -322.858 1.001
-22.132 -23.069 -386.176 1.149
2.865 -64.109 -358.482 1.131
-98.913 67.023 -394.276 1.118
20.495 88.540 -433.027 1.009
52.732 52.027 -461.987 1.044
39.976 -19.244 -389.541 1.228
74.339 10.480 -441.873 1.108
-56.519 -39.410 -328.020 0.905
15.630 -92.303 -404.912 0.949
-86.473 7.179 -331.883 1.249
-89.261 -84.163 -365.841 0.960
-91.163 52.649 -447.569 0.924
26.336 3.284 -330.304 0.985
71.524 -51.052 -395.348 1.086
-31.223 -44.826 -397.845 1.107
-33.776 -1.841 -363.870 0.905
44.797 -60.262 -457.140 1.191
-3.817 5.353 -357.160 0.937
-84.098 88.609 -362.883 1.001
-62.174 13.094 -301.949 0.848
-54.487 49.671 -411.869 1.043
21.779 -41.589 -306.933 0.885
50.075 49.770 -312.964 1.011
-20.885 5.567 -388.805 0.919
36.043 16.741 -331.999 1.063
-63.549 62.376 -328.047 1.075
-78.061 -2.899 -431.615 0.988
29.552 75.011 -380.304 0.808
50.707 -52.456 -360.971 1.032
57.932 11.130 -412.304 1.142
38.744 62.711 -354.926 1.069
8.465 -70.384 -373.441 0.837
-45.396 -68.611 -326.477 0.888
-57.514 33.892 -495.302 1.112
-10.755 -80.767 -328.265 0.958
33.128 -77.103 -451.708 1.027
11.382 82.134 -497.917 0.958
42.505 23.356 -361.079 1.015
47.793 -9.875 -499.103 1.170
-78.247 5.074 -458.510 1.089
-42.957 -97.370 -324.700 1.075
60.239 97.261 -319.743 1.085
-93.809 -96.767 -383.486 0.808
41.787 81.029 -448.358 0.887
36.846 -30.213 -441.052 1.090
-43.667 31.185 -305.054 1.116
-39.005 -67.670 -435.849 1.027
-9.416 -22.632 -367.052 0.960
94.163 17.320 -407.093 1.091
73.078 -11.372 -384.340 1.082
72.718 28.200 -422.468 1.037
-49.408 86.346 -348.499 1.003
-60.449 -52.113 -425.476 0.988
25.896 29.700 -378.909 0.858
-67.621 -81.200 -453.322 1.025
-78.512 64.516 -414.683 1.233
43.913 86.279 -353.848 0.891
-36.573 50.416 -448.620 0.933
70.794 34.950 -387.056 0.990
35.718 -84.667 -478.963 0.947
-49.279 76.281 -394.400 1.094
-59.542 37.669 -434.375 0.871
44.403 34.844 -432.182 1.085
74.558 13.426 -366.957 0.876
58.975 -68.197 -417.532 0.904
31.220 58.615 -437.572 1.076
-0.689 17.251 -388.572 1.011
74.870 -33.569 -307.286 1.141
-84.834 46.133 -357.736 0.849
77.899 17.395 -316.805 0.996
71.757 -31.486 -467.042 1.079
18.047 -48.234 -437.073 1.027
-73.279 -67.266 -494.550 1.131
-70.369 -4.209 -482.486 1.084
4.258 92.463 -492.590 0.943
-24.914 -36.220 -352.900 0.994
89.068 -27.815 -376.882 0.991
-54.687 -92.541 -339.761 1.088
-87.665 -49.846 -443.107 1.009
-91.655 -66.774 -431.756 1.061
53.179 42.702 -303.063 0.880
-77.381 -2.569 -386.446 0.923
99.335 -68.734 -391.877 1.099
-51.074 4.237 -398.319 0.993
-17.373 -6.152 -346.338 1.022
-71.373 -45.643 -341.237 1.051
8.738 0.072 -414.258 1.025
47.526 -94.696 -326.965 1.164
-4.189 -74.740 -498.864 1.060
-1.564 44.216 -311.745 1.023
-16.275 23.987 -353.943 0.989
-36.164 0.357 -399.410 0.920
-38.378 -40.179 -483.448 0.866
-65.085 -15.571 -442.044 1.177
64.229 82.489 -366.586 1.034
-28.195 47.398 -441.896 1.153
-93.889 -50.294 -484.817 1.108
-44.672 96.042 -382.134 1.038
99.329 -50.501 -303.416 0.992
-27.096 20.137 -450.499 0.928
-22.122 -3.363 -335.864 0.932
88.039 67.005 -399.960 1.228
-26.223 -38.284 -493.219 1.075
19.477 42.765 -349.830 1.056
15.462 -89.961 -353.570 0.935
-67.695 19.445 -401.488 1.068
-30.238 -40.664 -343.332 0.977
49.585 -12.871 -404.587 1.125
-81.777 -38.336 -372.487 0.840
23.000 -48.836 -371.112 1.082
76.404 -76.761 -472.619 1.078
-72.057 -81.445 -341.483 1.159
4.810 -32.640 -497.696 1.115
-2.249 63.841 -449.917 1.174
-49.910 -29.882 -352.157 0.857
-76.057 -39.098 -453.854 0.927
44.162 -42.034 -493.663 0.939
-76.828 -81.855 -421.714 1.125
-5.117 -49.333 -350.418 1.135
71.381 56.040 -440.065 1.034
2.930 35.883 -466.554 1.147
39.071 79.918 -308.022 0.825
92.251 29.898 -324.430 0.958
-78.877 -79.809 -413.144 1.059
25.399 -47.913 -347.744 0.920
30.955 -76.426 -300.725 0.839
65.144 22.913 -386.754 0.938
2.413 -88.521 -392.920 0.960
-27.936 -8.222 -491.244 1.062
88.918 -65.073 -351.770 0.900
-88.928 -45.936 -483.847 1.098
57.992 -13.329 -330.352 1.175
-77.830 -12.990 -388.384 1.117
58.504 -72.207 -311.277 0.990
30.047 54.746 -390.212 1.081
0.123 -41.114 -310.259 1.083
37.985 69.020 -409.612 1.093
3.554 4.783 -354.043 1.124
-60.130 23.346 -371.244 0.976
44.508 27.062 -441.174 0.760
-70.729 -56.993 -394.954 0.931
-29.127 -88.320 -300.625 0.736
98.058 -93.453 -410.941 1.161
-8.737 -70.665 -332.629 1.049
-34.962 -84.462 -388.582 1.028
-92.725 -54.530 -330.911 0.963
69.419 78.101 -341.941 0.909
-4.234 40.140 -464.513 0.973
-62.305 88.337 -431.010 0.980
70.619 -51.781 -460.704 0.945
-41.928 12.252 -399.291 0.986
73.118 17.812 -445.595 1.059
53.273 -94.466 -481.471 0.976
89.743 43.670 -321.669 1.077
87.325 -97.288 -400.551 1.098
-18.710 -38.917 -456.225 1.107
-20.117 -31.894 -327.779 0.955
29.586 7.425 -432.642 0.920
-98.827 86.753 -475.778 1.076
-12.036 53.942 -450.295 1.048
-66.310 -35.219 -388.153 0.957
16.036 -22.264 -495.376 1.019
-58.467 -62.802 -382.393 0.906
-31.716 22.285 -327.820 1.082
81.520 -57.762 -301.263 0.971
-58.014 -5.458 -306.667 1.002
-37.296 65.210 -401.974 1.044
-88.067 -39.296 -344.248 1.181
29.257 -47.837 -405.789 0.970
38.677 3.512 -434.117 1.079
-36.919 41.280 -477.895 0.965
68.629 -54.619 -434.657 0.950
-36.168 69.376 -356.780 1.128
57.109 44.548 -381.173 0.993
-95.869 89.305 -302.350 1.036
28.304 -74.967 -353.107 0.924
-80.453 94.779 -309.561 1.041
82.928 29.221 -472.428 0.988
99.756 -61.479 -395.601 1.302
11.459 -25.361 -486.613 0.989
-20.292 83.610 -497.214 1.034
64.516 21.207 -325.547 1.066
-89.309 -79.511 -416.627 1.114
74.521 -47.531 -375.070 0.993
-9.460 -51.619 -414.204 0.876
54.272 23.019 -362.863 1.040
-44.711 47.727 -480.025 1.059
62.513 88.004 -465.986 0.994
-22.866 -45.798 -328.168 1.066
3.624 -55.928 -368.116 0.895
74.935 -43.894 -337.660 1.156
24.819 -73.445 -377.520 1.038
51.311 -80.285 -318.537 0.950
-38.778 72.463 -483.146 0.955
71.218 -89.686 -372.899 1.056
12.979 -54.673 -304.734 1.086
-32.829 -19.155 -420.409 0.911
32.940 35.847 -486.347 0.907
91.921 77.594 -424.292 0.971
-28.773 43.441 -312.525 1.081
-35.871 -54.754 -375.274 1.010
-96.924 -92.283 -406.246 1.067
-48.376 42.047 -457.461 0.998
-89.647 -34.821 -460.440 0.927
83.051 60.783 -404.405 1.098
-12.567 77.472 -373.391 0.982
-61.724 -23.642 -348.085 1.172
78.977 -11.792 -490.235 1.119
74.132 -25.842 -382.449 1.127
-84.232 -43.377 -384.605 1.000
-64.505 81.568 -481.422 0.946
-25.453 -72.777 -344.084 0.841
57.613 29.170 -400.514 0.857
24.418 69.790 -324.090 0.835
80.338 73.117 -378.270 1.059
-26.014 -85.887 -345.902 1.082
92.319 77.989 -464.639 1.180
-30.148 -67.693 -318.475 1.142
14.218 2.983 -410.974 0.961
31.430 0.041 -430.227 0.741
-79.775 51.132 -415.871 0.811
17.972 88.373 -348.738 0.975
-28.630 1.027 -436.625 1.077
-12.446 34.709 -349.442 0.883
71.790 18.655 -405.494 0.869
4.236 -17.398 -453.654 0.928
74.174 -17.609 -328.705 0.941
-25.295 -83.430 -378.401 0.954
44.329 -82.787 -331.352 0.858
-77.468 44.497 -415.808 1.171
24.617 -16.352 -397.430 0.986
35.152 -96.716 -304.806 0.924
-27.133 -70.221 -383.008 1.015
-81.091 -79.079 -357.100 1.076
0.974 11.132 -370.877 1.041
-23.746 -4.655 -331.395 1.037
-15.821 12.884 -388.697 0.974
18.763 87.385 -348.338 0.931
42.425 -79.932 -363.485 0.984
18.735 19.053 -357.180 1.175
-38.693 21.644 -449.293 1.088
0.269 15.279 -464.156 0.786
32.430 15.702 -307.687 1.055
9.954 -15.986 -472.207 1.013
38.697 29.068 -414.386 1.087
-30.655 83.398 -482.068 1.084
45.663 14.002 -422.806 0.894
92.934 93.896 -497.604 0.964
36.971 -86.887 -364.387 1.015
-1.992 -47.367 -353.314 0.730
14.852 -34.198 -392.004 0.909
-51.030 70.661 -438.574 0.878
-53.162 83.054 -410.534 1.041
56.476 84.683 -463.542 1.086
78.740 1.213 -440.247 1.110
98.388 59.267 -498.311 1.002
-66.588 -65.969 -377.276 1.109
-81.149 53.852 -479.854 1.050
7.076 -70.735 -322.464 0.959
94.478 82.729 -395.387 0.825
68.890 -84.327 -408.043 1.193
-63.489 -70.968 -341.830 0.800
6.756 -75.471 -471.913 0.897
-56.119 -61.248 -418.431 1.029
42.060 -14.015 -494.610 0.813
-38.219 -64.663 -454.840 1.055
-99.378 71.667 -441.003 1.247
-99.978 -78.683 -445.669 1.053
85.682 -82.501 -354.458 0.871
78.523 -16.607 -433.488 0.947
-8.512 -61.603 -497.177 1.078
89.062 43.518 -402.504 0.919
21.088 -10.021 -463.989 1.105
5.282 50.534 -343.057 1.024
36.057 -72.859 -406.448 0.996
45.641 -67.118 -366.540 0.890
44.319 68.364 -352.019 0.932
-32.746 -92.596 -476.810 1.055
-67.848 92.238 -351.716 0.820
42.394 34.538 -372.221 0.908
-21.980 -95.540 -359.123 0.998
75.033 90.210 -424.449 1.157
9.815 -13.658 -496.156 1.191
31.316 -94.199 -376.884 1.154
74.121 -70.277 -471.590 0.949
-28.262 -64.085 -429.890 1.016
-72.492 -79.751 -466.315 1.074
26.787 85.481 -308.283 0.939
-94.252 -10.882 -422.462 0.942
2.404 -43.560 -382.064 1.019
-63.627 -40.295 -398.257 1.114
15.523 -9.437 -357.064 0.836
9.402 52.882 -481.894 1.024
-33.151 -12.718 -481.858 0.976
44.418 76.145 -472.581 1.160
98.253 75.090 -480.835 0.913
-67.248 16.068 -398.304 0.916
91.622 34.447 -436.374 0.965
51.413 95.772 -492.381 0.926
73.478 -39.051 -346.210 0.946
12.141 -56.554 -372.398 0.907
-13.893 83.570 -431.696 0.880
68.497 -18.167 -380.311 0.818
-73.383 -98.998 -478.730 1.031
7.555 9.264 -430.618 0.866
9.650 71.752 -396.080 0.890
-77.004 -75.717 -387.307 1.062
-89.475 -66.407 -426.102 1.037
-2.108 -37.377 -464.605 0.906
41.043 -91.294 -301.641 1.024
-69.731 -90.424 -378.468 1.005
-56.203 29.701 -486.343 1.068
-89.099 -66.668 -461.570 0.888
54.735 5.835 -385.956 1.026
-7.616 99.521 -476.419 1.043
-83.606 -97.308 -339.267 0.895
-67.750 17.799 -310.159 0.906
-22.794 43.429 -457.942 1.087
19.262 16.264 -394.113 0.997
-5.355 30.101 -341.408 1.225
16.106 39.604 -390.218 0.943
35.599 -31.679 -372.645 1.189
55.051 8.543 -308.325 1.097
-5.558 -11.641 -409.934 0.988
96.703 58.426 -355.557 1.008
45.968 -83.749 -378.641 0.999
-32.204 -81.730 -355.274 0.751
38.784 -88.843 -391.804 1.166
20.902 32.331 -405.732 1.135
-38.040 -13.429 -482.341 1.113
26.298 -72.907 -366.636 1.155
91.434 -64.450 -391.848 0.989
53.468 -6.657 -322.133 0.835
-30.598 -84.169 -336.646 1.041
97.941 56.049 -406.513 0.953
-65.321 26.044 -395.212 0.997
-59.432 68.082 -344.711 1.067
85.435 -96.180 -370.990 0.969
-41.982 -96.314 -364.183 0.927
93.417 11.879 -375.611 0.904
32.405 -66.574 -426.695 0.903
-41.638 -51.451 -428.365 0.969
52.616 -54.177 -351.674 1.031
80.324 90.698 -307.960 1.046
32.070 -28.835 -376.922 1.208
4.525 32.480 -425.966 1.305
95.063 -51.050 -419.344 0.925
77.957 -84.713 -338.562 0.866
49.566 52.188 -402.310 1.142
37.936 -8.994 -472.520 0.946
-65.441 94.430 -419.360 0.844
-60.445 76.356 -448.315 1.163
77.146 22.400 -318.397 0.960
46.676 -93.961 -433.452 1.094
-53.504 21.501 -328.241 0.908
-44.652 -99.102 -487.470 1.084
-69.773 65.611 -483.159 1.032
38.793 54.893 -320.850 1.157
96.882 -80.558 -379.369 0.960
-19.248 -8.391 -498.267 0.945
18.085 31.202 -426.107 0.949
16.052 -42.194 -468.987 1.056
-10.829 48.122 -484.767 1.090
93.891 -49.807 -311.269 1.046
-24.795 -50.061 -397.521 0.909
70.506 -78.679 -388.151 1.078
19.011 4.530 -431.013 1.014
-93.310 -35.139 -309.454 0.878
-6.350 12.289 -486.727 0.874
95.419 85.889 -373.350 1.006
45.437 65.460 -341.667 0.787
95.088 41.536 -470.915 1.081
97.469 -94.573 -345.123 1.002
37.962 -87.979 -481.871 0.941
50.827 46.244 -386.365 0.913
5.540 89.257 -476.644 0.881
3.772 43.288 -313.004 0.961
68.420 -24.173 -310.516 1.066
-91.038 5.433 -388.647 0.932
-63.968 -6.720 -357.231 1.046
47.947 -51.502 -499.235 0.905
-55.276 67.010 -319.249 0.935
83.926 -9.605 -382.812 1.082
47.015 -52.325 -312.370 0.906
38.874 -4.159 -316.407 0.855
-54.048 93.870 -479.019 0.979
-29.132 -43.599 -358.543 0.800
58.436 18.476 -412.290 1.146
-51.302 70.255 -433.495 0.976
-43.654 70.399 -382.458 0.974
-99.847 63.117 -378.887 1.023
76.949 98.951 -486.051 1.058
-62.404 -31.703 -364.283 0.999
-61.969 92.909 -407.369 0.878
55.835 -15.236 -376.797 0.930
96.773 -50.837 -483.040 0.991
-75.958 -85.174 -304.716 0.933
-5.971 66.495 -349.964 0.957
-97.625 53.749 -442.159 0.920
-12.031 62.975 -470.698 0.887
29.546 26.594 -435.711 0.935
-46.186 -93.643 -450.358 0.969
-94.375 7.903 -402.525 0.896
8.225 63.235 -356.743 0.996
72.958 24.545 -476.446 0.938
-50.009 21.733 -482.057 1.254
67.051 -50.983 -401.717 1.088
65.113 56.519 -357.241 0.888
-50.783 -13.855 -352.141 0.936
56.757 29.109 -413.782 0.995
-72.116 29.884 -372.086 1.049
-9.934 -13.103 -452.164 0.956
-68.373 6.750 -342.512 0.848
71.384 -86.260 -424.083 0.950
-70.438 -34.818 -435.537 1.164
-49.289 -73.514 -409.229 0.902
88.664 -74.482 -474.661 0.950
-87.928 -18.522 -331.150 0.750
18.215 5.971 -487.256 0.827
-99.607 -9.080 -476.532 1.132
-76.065 -38.296 -337.250 1.037
81.117 -78.548 -304.628 1.037
34.861 40.320 -302.884 1.124
-97.865 -26.283 -423.947 1.061
54.153 0.029 -383.301 1.011
16.558 -11.541 -402.751 1.009
-99.784 -35.505 -381.536 0.985
94.716 -69.161 -446.622 0.856
84.623 93.104 -400.740 0.967
-50.050 71.169 -452.809 1.107
-25.995 -23.427 -412.962 1.033
-55.818 -11.448 -322.382 1.088
-47.948 -20.031 -467.913 0.948
-84.889 -77.684 -344.065 0.945
32.872 -2.936 -464.748 0.890
39.112 45.320 -303.320 0.777
41.598 26.663 -499.407 0.976
34.814 -81.680 -409.044 0.945
-3.553 -7.088 -349.047 0.839
45.225 -92.187 -329.602 1.084
24.233 -29.695 -460.242 1.006
-77.211 40.522 -374.599 0.911
58.057 51.123 -442.337 1.025
-25.367 14.332 -435.692 1.079
48.691 48.647 -345.295 0.945
83.722 -12.082 -457.136 0.813
-3.961 28.390 -447.743 1.115
-80.374 -38.396 -487.744 0.913
-62.324 -26.666 -350.030 0.995
-86.099 65.678 -360.254 0.728
72.445 -96.266 -356.264 1.049
88.228 41.118 -423.687 0.928
-37.485 2.368 -473.883 0.990
86.673 68.531 -317.725 0.910
27.001 85.869 -327.851 1.024
-36.012 52.570 -342.988 1.061
-56.432 -72.501 -310.635 1.027
96.012 0.614 -486.515 0.839
11.908 37.887 -416.930 1.193
-47.472 -78.038 -478.635 1.067
85.539 1.908 -326.917 0.996
77.997 -16.096 -467.268 1.163
-70.058 -43.405 -436.170 1.142
-13.349 7.704 -392.807 0.902
69.812 22.908 -448.833 1.059
92.708 20.525 -472.805 0.895
-47.431 -44.050 -413.488 1.062
-26.112 -92.690 -355.351 0.995
72.981 -55.105 -465.541 1.070
38.063 74.476 -377.617 0.982
-58.810 97.021 -300.152 1.061
97.696 33.595 -368.056 0.865
64.615 -48.636 -476.618 1.131
-17.640 -73.335 -390.115 1.178
-34.543 -57.573 -323.594 0.922
-11.548 -21.882 -409.560 0.983
-16.990 38.533 -378.069 1.172
82.913 -48.134 -346.825 1.014
-49.709 39.432 -342.577 0.863
93.725 40.020 -376.234 1.005
-84.796 -21.988 -317.944 1.092
79.269 -12.077 -345.056 1.172
57.714 -96.529 -486.997 0.927
-88.371 43.524 -495.763 0.981
38.933 -42.094 -401.488 0.876
-85.427 60.768 -446.660 1.084
82.801 -83.023 -307.068 0.977
-43.149 50.573 -438.450 1.010
51.754 -37.290 -323.103 1.105
38.445 44.335 -498.819 0.943
69.248 50.623 -396.602 0.960
-27.146 69.202 -396.579 1.054
-68.528 -97.798 -414.616 0.752
29.632 -19.357 -335.626 1.073
21.477 -52.135 -337.084 0.928
-9.861 65.786 -366.946 0.800
9.406 -3.907 -436.995 0.888
35.169 24.115 -423.360 1.009
29.262 -79.560 -487.724 0.981
16.447 -39.406 -331.076 1.080
15.306 -70.541 -427.289 0.962
-96.897 -37.301 -437.725 0.935
-97.330 -63.540 -425.292 1.048
32.696 -77.729 -484.113 0.855
-22.906 61.715 -385.359 1.037
63.899 -65.479 -352.739 1.130
-87.628 -15.483 -462.881 0.991
91.467 -92.269 -414.661 1.057
75.776 94.011 -351.054 1.002
48.399 -67.192 -333.007 1.177
66.260 -94.306 -451.164 0.829
79.211 19.260 -366.054 0.969
35.914 54.124 -366.527 0.895
-9.293 -27.810 -403.167 0.896
-59.855 22.774 -462.346 1.188
77.527 22.487 -363.559 0.983
72.104 -12.957 -309.305 1.112
-13.320 24.307 -353.833 0.828
-99.693 14.783 -327.946 1.031
-96.969 -88.059 -329.536 1.108
-45.541 -5.190 -306.874 1.031
-23.746 71.200 -409.743 1.015
54.304 1.773 -319.003 0.909
7.085 -63.600 -444.277 1.037
-86.352 56.363 -413.485 1.114
77.936 -11.892 -427.107 0.988
-83.126 -32.497 -490.344 1.122
95.777 -56.492 -323.677 0.975
-9.969 93.954 -330.356 1.102
51.322 -30.135 -363.391 0.901
57.222 53.359 -499.542 0.957
48.118 2.996 -494.077 1.001
26.383 -99.190 -468.841 1.087
-80.169 95.696 -491.709 1.040
39.958 -10.675 -394.561 0.783
43.440 -88.963 -350.502 1.046
17.081 34.687 -316.817 1.043
-32.914 -4.992 -330.860 0.817
-86.066 33.011 -472.165 0.986
58.921 67.756 -443.793 0.966
19.958 64.097 -402.490 1.280
45.016 87.334 -440.900 1.126
-69.797 25.109 -456.291 0.770
-67.509 -0.018 -461.123 0.759
-34.446 -93.551 -440.601 1.005
45.463 -28.824 -467.925 0.856
38.817 32.412 -462.425 0.924
-51.538 -34.601 -342.384 0.990
46.322 -96.116 -406.570 1.089
65.442 63.518 -490.080 0.891
-40.599 26.128 -461.353 1.145
-54.649 30.769 -460.613 0.976
70.241 64.788 -485.814 0.921
-95.545 -34.722 -311.550 1.049
70.400 89.126 -328.208 0.955
-2.800 -66.893 -454.243 1.003
-27.712 -72.133 -491.023 0.952
0.812 54.774 -354.130 1.063
-33.986 85.206 -455.524 0.956
-62.894 80.472 -338.577 0.912
-31.336 50.120 -370.649 1.076
72.059 53.685 -328.941 1.090
73.222 -49.375 -339.686 1.099
52.544 -29.631 -416.365 1.040
46.727 -94.012 -374.411 0.906
-88.409 11.196 -304.058 1.000
-95.808 64.899 -442.003 1.002
9.106 88.812 -422.073 0.992
-62.454 75.850 -425.613 0.960
40.971 -60.390 -447.034 1.106
11.770 52.259 -343.641 0.975
27.831 66.606 -312.753 0.918
-22.061 87.301 -311.874 1.006
-78.421 44.250 -465.501 1.055
76.692 -26.688 -355.606 1.116
-32.649 10.056 -405.083 1.052
-22.374 -37.384 -384.036 1.056
86.511 -53.038 -396.129 0.919
-9.734 79.709 -363.019 1.019
50.836 34.590 -447.514 1.005
70.298 84.498 -332.389 1.090
-13.459 -8.897 -359.892 0.819
-2.671 -99.975 -478.697 1.058
-67.084 -78.928 -363.129 0.872
42.769 28.967 -459.864 0.986
-45.480 -66.610 -390.311 0.976
-65.970 -99.548 -450.282 0.954
-68.452 25.503 -400.305 1.154
-19.216 48.652 -364.909 0.891
-4.493 75.011 -316.962 0.811
-22.914 -10.421 -358.593 1.222
-21.723 -18.402 -407.911 1.000
30.101 -28.776 -493.425 0.931
30.873 47.129 -413.344 0.914
28.089 94.083 -448.013 1.151
50.129 15.198 -372.603 1.017
61.473 63.608 -412.576 1.029
33.356 -57.271 -434.962 0.986
-12.768 -41.255 -362.652 0.977
-64.986 -97.041 -306.730 1.057
-94.463 -80.860 -368.670 1.023
91.072 46.378 -421.544 1.102
40.518 42.265 -336.407 0.933
-98.152 56.993 -483.725 1.106
-76.248 -75.559 -310.863 0.948
-32.747 56.064 -376.889 1.000
-40.900 89.312 -454.963 0.897
-85.149 -72.905 -409.083 1.086
81.741 22.094 -498.501 1.058
-77.801 49.891 -492.491 0.973
-98.278 87.976 -366.355 1.074
-53.050 26.991 -357.134 1.108
-54.110 -39.203 -450.697 1.084
48.450 13.716 -373.997 0.958
-23.200 -28.354 -338.777 1.008
31.071 -77.521 -315.221 1.007
95.006 -24.185 -460.450 0.966
65.628 -48.928 -334.916 0.907
-14.127 17.947 -465.316 0.978
5.328 -31.747 -385.099 1.001
-49.870 28.866 -387.943 1.003
24.946 35.960 -455.460 1.000
-50.452 30.191 -418.484 0.887
27.085 -53.617 -383.953 1.077
-9.549 -23.689 -405.444 0.731
93.927 -61.866 -361.154 1.115
-72.386 96.954 -460.703 0.968
-53.770 -17.585 -302.497 0.860
51.709 -19.907 -479.357 0.920
-96.903 67.500 -415.689 1.067
2.838 72.869 -336.334 0.955
31.569 76.534 -312.488 1.121
12.814 -93.367 -362.884 1.024
94.750 5.112 -469.192 1.042
10.554 74.404 -466.667 0.897
-3.090 46.211 -489.699 1.078
16.277 -45.059 -311.485 1.019
24.352 -14.286 -434.113 1.175
72.852 85.457 -465.872 0.897
81.356 -89.479 -430.716 1.027
99.132 56.038 -450.152 1.089
50.967 -93.037 -410.258 0.961
-68.883 -8.480 -419.160 0.994
-96.148 91.757 -482.720 1.029
91.812 -50.262 -396.828 0.949
50.759 25.364 -406.240 1.099
59.618 -82.687 -363.239 1.050
35.722 -19.974 -477.997 1.167
48.488 37.108 -368.589 0.936
-60.707 -7.374 -316.782 0.930
55.590 87.691 -369.943 0.817
79.346 66.957 -464.507 1.093
25.766 26.129 -353.978 0.957
-85.086 71.184 -315.716 0.889
-62.400 66.739 -490.361 1.030
-22.424 85.397 -497.887 0.927
-5.901 -11.847 -349.721 0.999
55.429 52.067 -432.060 1.059
-86.301 -43.955 -326.794 0.926
43.575 33.592 -408.759 1.019
2.068 -75.785 -363.230 1.145
95.718 -12.309 -485.822 1.115
-67.458 98.648 -335.356 0.912
55.440 97.724 -390.720 1.009
93.873 -89.967 -340.383 0.940
3.059 -18.380 -410.866 0.961
-11.416 89.558 -419.806 1.049
29.736 -9.931 -460.726 0.899
69.642 38.588 -478.108 1.243
-43.077 79.552 -340.025 0.965
-78.536 -27.655 -346.633 0.978
12.985 -43.413 -432.073 0.894
9.964 85.774 -476.171 1.140
74.523 -30.602 -320.449 0.896
-36.008 18.956 -399.575 0.888
51.468 -59.488 -445.378 1.057
64.429 -17.810 -337.777 1.221
-68.347 53.626 -364.206 1.005
-63.395 -86.198 -450.078 1.050
-16.691 -43.511 -450.060 1.034
-86.674 -94.554 -365.617 1.003
52.847 -68.369 -343.821 1.033
-52.230 27.075 -423.719 1.062
-46.965 9.948 -312.549 0.965
-38.398 35.390 -342.406 1.000
0.272 -8.941 -473.794 1.215
27.301 39.466 -326.148 0.976
-56.534 67.787 -442.703 0.961
74.603 29.639 -335.088 0.974
-79.890 88.894 -408.435 1.117
-5.840 -33.357 -300.647 1.029
47.459 88.050 -380.860 1.178
-5.650 -65.112 -470.934 1.070
28.817 37.024 -499.348 0.935
-17.720 28.358 -362.215 0.932
-77.954 -85.673 -486.911 0.936
73.199 66.478 -426.517 1.064
42.089 -37.794 -384.099 1.071
-66.342 54.942 -495.372 0.911
16.517 64.220 -357.054 0.892
98.585 43.370 -320.047 1.074
11.033 -61.972 -381.066 0.941
87.208 -24.367 -437.498 1.071
-13.264 14.099 -331.485 1.043
51.550 33.733 -348.540 0.963
88.886 -8.282 -410.960 1.076
85.057 21.899 -419.460 1.008
53.557 87.267 -336.832 1.138
-67.493 -13.781 -450.543 0.842
-20.295 30.329 -318.317 1.026
48.923 -56.122 -318.485 1.008
-6.441 -94.750 -485.329 0.982
13.078 19.225 -369.665 1.040
-39.633 -28.184 -311.288 0.786
-48.454 -72.403 -474.630 1.127
-96.782 18.017 -468.085 0.970
33.357 91.573 -440.269 1.019
-36.428 -76.435 -409.277 0.994
2.505 -34.676 -339.073 0.840
84.790 -53.051 -351.152 0.962
-48.885 -27.586 -345.894 0.991
-32.859 9.664 -400.961 1.072
34.819 -34.806 -460.234 0.935
29.203 80.136 -306.159 0.865
-80.698 61.491 -394.941 0.985
29.857 21.913 -328.943 1.182
37.174 44.816 -329.834 1.180
48.574 -8.117 -473.256 0.981
-8.283 44.918 -425.846 1.056
-68.405 -68.779 -499.914 0.961
-34.479 28.627 -372.165 1.097
81.411 79.506 -488.991 1.061
-51.705 -46.695 -392.960 1.065
-43.344 -79.158 -467.799 1.006
97.345 71.823 -355.081 1.034
76.363 71.776 -347.964 1.122
-42.674 -39.790 -409.730 0.907
36.291 26.954 -498.416 0.989
-13.992 -59.226 -327.115 1.002
-40.616 -50.715 -437.005 0.986
-43.035 -18.641 -419.962 1.074
-20.619 22.561 -330.608 0.978
82.640 75.843 -414.044 1.083
-96.816 17.596 -466.534 1.144
7.815 -0.764 -478.477 0.880
-38.567 -18.425 -329.567 1.057
-47.166 -97.705 -418.795 0.863
48.299 5.289 -402.787 0.746
97.344 33.719 -400.085 0.997
-95.883 -17.427 -464.591 0.929
93.939 83.650 -398.547 0.969
10.942 29.813 -453.637 0.902
13.937 48.356 -400.982 1.073
-42.737 -84.626 -371.569 0.867
-93.289 84.630 -309.698 1.173
78.672 -51.111 -463.568 1.035
-10.061 -94.524 -329.087 0.806
64.213 -39.273 -374.748 1.046
6.729 88.728 -316.520 0.881
16.006 40.064 -447.072 1.071
-54.586 -52.388 -448.058 0.945
-28.178 40.489 -305.678 0.815
16.328 -92.815 -359.923 1.186
-6.518 -87.002 -350.829 0.779
-50.481 -35.342 -459.479 0.932
-38.708 50.743 -325.939 0.973
74.579 12.064 -317.247 0.956
-92.853 -20.989 -320.880 1.029
-74.467 -19.618 -437.878 0.895
19.028 26.426 -369.286 1.013
-45.448 4.877 -422.504 1.022
-58.135 41.052 -396.823 0.947
-7.507 -46.818 -386.986 1.204
49.205 -93.100 -359.419 0.827
12.882 -23.650 -487.543 0.987
-28.115 79.478 -403.778 1.053
-20.027 -4.383 -314.924 0.887
-83.192 44.253 -361.411 1.065
-74.011 -95.276 -429.368 0.844
-26.214 90.662 -321.871 0.895
45.890 -40.672 -346.424 1.184
27.559 68.207 -307.465 1.134
-7.089 27.005 -388.865 0.961
31.167 35.995 -454.604 0.874
35.501 5.375 -341.926 0.981
-51.688 -48.145 -437.566 1.065
21.873 -96.746 -437.701 1.195
73.463 -8.793 -471.484 0.963
55.545 90.357 -316.175 0.857
95.868 -4.823 -479.464 1.062
-47.740 -59.363 -495.607 0.992
-50.126 -30.677 -428.688 0.953
97.495 -61.217 -454.281 1.052
90.403 99.472 -324.870 0.849
-96.997 -69.181 -495.608 1.090
98.297 55.631 -496.599 0.952
-34.021 4.335 -395.461 0.904
59.466 -7.061 -396.964 0.914
76.960 -26.322 -365.940 0.972
57.699 23.061 -404.670 0.983
-75.362 -69.237 -316.910 1.048
-73.657 -30.061 -479.317 1.075
-86.555 -1.602 -374.685 1.054
40.362 28.876 -488.701 1.069
-95.474 60.129 -429.564 1.089
24.301 86.109 -460.791 0.996
-78.311 92.078 -353.938 1.042
-8.929 86.907 -460.469 0.960
4.274 89.522 -444.024 1.034
24.378 82.835 -474.244 0.963
-38.366 -96.498 -402.807 0.947
99.218 -5.649 -359.602 0.946
-37.999 83.814 -387.547 0.985
-16.597 23.272 -381.356 1.053
-2.893 -11.047 -495.595 1.165
63.600 -93.419 -470.202 1.115
-86.808 19.433 -473.175 0.988
35.152 1.316 -325.292 0.911
95.548 -39.015 -403.544 1.198
90.749 97.446 -347.243 1.136
10.355 -77.231 -383.422 1.058
60.232 -79.996 -477.501 1.048
-96.564 -82.878 -465.063 1.161
70.539 94.965 -472.079 0.816
-25.498 9.388 -498.309 1.073
29.291 -17.274 -474.019 1.143
10.990 10.116 -477.502 0.883
52.075 22.422 -320.820 1.096
-8.688 9.001 -441.983 1.127
20.287 -2.190 -329.230 1.171
-90.264 97.757 -439.143 0.958
-0.050 -73.383 -399.514 1.081
80.933 -4.403 -493.167 1.065
-22.054 -97.645 -359.123 1.114
96.555 -4.490 -412.969 0.975
-16.749 -69.020 -316.491 0.986
56.857 84.957 -468.549 1.240
-33.465 73.741 -488.414 1.160
-4.883 57.018 -305.659 1.051
-87.944 72.964 -469.284 0.847
-79.478 77.120 -377.636 0.939
-0.623 65.650 -417.849 1.111
38.625 -92.752 -483.031 0.921
-71.732 98.530 -426.469 0.985
57.293 22.236 -425.791 0.936
76.425 -60.485 -387.019 0.790
-94.517 89.948 -373.279 1.088
9.037 -27.905 -485.402 0.968
-75.271 43.080 -392.994 1.083
-5.814 12.345 -400.711 1.000
38.088 -45.309 -375.302 0.971
32.153 -41.803 -493.949 0.922
60.251 -96.226 -395.073 0.884
1.934 -59.776 -488.871 1.222
-10.332 -86.677 -416.649 0.874
-99.161 -54.278 -355.756 0.928
-7.830 -5.104 -498.686 1.025
77.453 -41.097 -433.450 0.927
27.859 61.412 -330.179 0.999
-23.932 -39.496 -496.332 1.169
95.457 34.588 -458.202 1.139
-67.091 47.727 -450.616 1.014
-99.536 -77.317 -397.320 0.884
-61.725 56.741 -446.285 0.947
-10.060 77.186 -440.658 1.192
43.621 -3.484 -436.308 0.914
66.364 -38.073 -368.376 1.100
10.933 -39.357 -364.784 0.938
81.872 -81.310 -398.255 0.994
41.216 72.535 -495.385 0.928
-66.749 91.230 -463.470 0.888
-28.673 86.742 -316.185 1.014
60.305 -47.463 -399.963 1.019
93.337 95.982 -398.754 0.854
-19.458 40.256 -425.346 1.172
76.928 -22.891 -349.658 1.255
62.487 46.588 -343.179 1.083
46.141 -21.042 -309.012 0.922
-17.710 97.971 -337.227 0.924
69.206 7.608 -346.886 0.905
80.158 12.354 -493.756 1.010
-38.304 -33.632 -388.455 1.064
27.146 -97.439 -338.377 1.006
-87.380 64.525 -370.174 0.902
-66.604 -56.671 -413.742 0.955
92.793 43.163 -451.028 0.859
92.460 -47.683 -395.845 0.895
-21.721 -98.831 -368.923 0.913
-37.678 -92.413 -453.580 1.076
-44.470 -71.980 -418.028 1.252
-19.178 -89.103 -489.054 1.008
-68.101 34.667 -446.675 0.875
-19.063 -84.106 -370.237 0.973
49.341 -6.590 -313.608 0.931
-91.013 65.897 -424.632 0.985
86.268 -5.754 -414.890 0.898
93.398 -34.317 -360.961 0.971
-69.851 36.849 -465.285 1.098
-10.802 23.294 -487.621 1.031
24.867 -5.553 -456.717 0.860
-16.079 -25.239 -378.512 0.946
-58.219 -80.413 -491.691 0.943
-41.474 68.070 -452.788 0.970
88.501 -87.171 -491.820 0.957
87.700 5.661 -337.576 0.979
78.743 -10.770 -303.019 1.004
-43.167 58.497 -318.756 1.122
78.453 -53.356 -318.375 0.849
29.052 10.099 -404.224 1.057
-65.738 74.584 -413.257 1.292
77.998 70.823 -433.212 1.001
-99.995 -46.872 -439.822 0.968
-54.254 44.393 -429.223 0.920
-6.608 6.186 -461.819 1.011
32.287 -30.129 -417.531 1.031
-58.551 -78.690 -490.715 0.997
62.475 -90.485 -330.640 0.852
59.060 44.467 -461.500 0.926
-47.084 80.417 -343.839 1.042
-79.126 65.328 -448.445 1.181
-1.070 96.548 -314.803 1.163
-15.174 73.767 -314.648 1.127
-40.445 93.768 -328.040 0.813
-22.528 75.338 -455.785 1.053
28.553 78.485 -456.940 1.160
6.612 38.913 -402.471 1.181
-23.664 -68.982 -481.746 1.131
-42.202 -68.193 -490.719 1.029
79.209 57.299 -455.411 0.932
-19.950 -89.673 -339.948 0.945
-18.441 3.688 -383.316 0.978
-33.658 -83.505 -377.266 0.891
-6.569 -76.989 -344.510 1.118
-20.929 -76.734 -319.766 1.065
14.225 -67.149 -495.940 0.766
16.722 -33.249 -305.888 0.873
84.956 0.659 -457.431 0.842
-22.213 8.076 -319.432 0.997
-37.815 -0.580 -426.273 0.958
66.504 -9.624 -448.801 1.088
-93.000 -19.919 -329.449 0.979
-3.205 57.442 -453.279 1.175
-36.198 -17.069 -474.080 0.967
-29.413 -56.692 -416.219 0.982
-60.338 -53.082 -329.347 1.109
91.011 -94.250 -432.449 1.012
64.072 68.327 -333.953 0.982
-63.558 -86.310 -373.089 0.988
3.242 -11.110 -349.252 0.977
87.916 -17.258 -363.464 0.963
-27.327 38.066 -328.546 0.962
96.282 33.603 -337.266 1.061
80.345 -84.057 -436.021 1.162
3.699 79.862 -382.054 0.900
95.500 -84.853 -369.452 1.150
6.406 10.376 -355.958 1.146
14.167 48.465 -437.987 1.152
75.613 -4.216 -333.607 1.000
46.434 -79.835 -352.974 0.947
-72.277 -47.671 -438.731 1.053
83.090 -74.829 -315.589 1.030
8.647 2.197 -496.126 1.146
26.292 25.238 -492.754 1.220
60.347 92.046 -402.379 0.964
-4.107 52.922 -365.057 0.920
-92.208 95.471 -318.914 1.025
-76.964 -78.372 -431.490 1.106
-55.992 32.745 -397.997 1.076
44.949 86.220 -348.594 1.025
-47.924 13.421 -484.446 1.105
22.070 33.569 -499.491 1.241
-56.800 -77.724 -375.036 0.970
28.137 11.696 -360.131 0.991
50.292 -28.355 -372.747 0.856
-82.227 -49.940 -487.688 0.984
-15.578 -61.817 -308.765 0.917
-60.490 33.959 -491.347 0.937
72.871 -32.093 -401.940 0.963
-53.778 35.697 -350.884 0.939
87.512 -49.144 -437.818 1.090
14.679 -4.619 -465.212 1.005
-53.283 18.911 -346.976 0.967
16.532 3.663 -435.193 0.980
-3.488 -33.518 -306.014 0.890
-43.318 24.567 -461.213 0.866
57.730 22.042 -386.576 1.138
-73.127 -82.400 -306.188 0.927
-66.351 -50.079 -476.427 0.984
74.638 -61.839 -430.318 0.826
62.072 31.324 -487.176 0.908
96.278 -29.696 -473.659 1.063
-28.917 94.305 -362.250 1.067
-50.775 -96.371 -379.994 0.916
11.939 81.703 -358.791 1.065
-48.319 -36.346 -473.369 1.131
-45.514 -29.345 -479.652 1.044
-78.095 30.737 -320.550 0.999
76.546 31.915 -352.813 0.898
-58.302 -43.018 -450.946 1.070
-31.409 80.123 -404.286 1.033
-2.678 -46.788 -331.397 0.909
39.645 -24.125 -372.328 0.947
62.823 7.083 -361.026 0.966
65.260 -48.885 -364.350 0.987
-44.480 28.010 -412.346 1.000
73.350 9.422 -370.224 1.167
-78.276 -15.998 -391.986 0.975
62.425 35.061 -324.971 0.927
33.891 20.735 -445.238 0.934
95.308 -46.620 -357.397 0.834
7.111 55.763 -447.377 1.184
45.647 8.973 -424.197 1.099
30.320 -94.357 -379.559 1.065
20.019 -8.196 -391.810 0.915
-60.308 29.984 -335.049 1.100
98.123 80.372 -495.599 1.200
51.559 -63.962 -383.197 1.111
-81.999 40.972 -477.534 0.897
-73.378 -6.586 -337.785 1.029
-57.464 5.613 -461.798 0.822
-76.317 40.466 -402.654 1.047
23.155 17.658 -301.334 0.925
60.786 59.181 -423.711 1.006
55.489 -77.689 -352.662 1.004
23.405 -38.364 -456.853 1.111
-45.106 -25.273 -307.628 1.000
68.301 68.969 -467.307 0.886
40.974 98.783 -348.910 1.067
-3.264 -46.020 -361.677 1.135
56.777 -87.022 -431.278 1.082
11.692 69.552 -453.991 0.981
-33.143 42.480 -351.100 1.245
79.920 -14.625 -448.592 0.945
59.444 -18.934 -442.060 1.007
54.433 -27.722 -480.177 0.967
-31.187 -7.840 -363.621 1.155
-98.311 -74.340 -475.108 0.878
37.378 -39.924 -323.458 1.072
-63.688 50.134 -346.568 1.078
95.919 -50.239 -305.129 0.876
15.390 12.011 -485.173 1.077
-33.922 -5.522 -451.900 0.984
-54.736 33.762 -499.992 0.837
23.712 71.946 -432.076 1.081
57.724 -15.161 -462.173 1.125
-14.000 -48.724 -368.946 1.058
-57.503 58.491 -386.950 1.017
-48.770 94.661 -440.525 0.977
13.714 62.753 -479.132 0.983
-47.453 89.848 -489.495 0.759
77.684 97.709 -330.465 0.967
18.771 8.077 -323.474 0.931
56.930 48.438 -355.265 0.990
20.207 -41.267 -453.752 1.081
70.833 -57.728 -470.789 1.085
-21.073 5.992 -345.402 0.960
-31.900 -83.558 -431.805 1.051
-35.470 98.715 -363.688 1.098
52.264 -29.715 -314.787 0.945
2.857 40.881 -457.897 1.065
-56.238 -9.530 -310.829 1.109
74.612 3.237 -328.969 0.940
14.975 6.792 -302.491 1.024
78.859 -85.020 -463.480 1.095
-23.011 -87.203 -437.016 0.939
41.237 10.247 -348.635 0.843
41.359 25.351 -339.024 0.917
-67.581 -95.199 -380.846 1.131
95.830 17.666 -491.055 1.037
39.788 37.839 -368.128 1.119
-75.423 -22.628 -449.660 0.937
-11.852 -75.430 -363.766 1.055
-62.769 -47.599 -307.473 0.984
-6.402 -65.769 -456.834 0.848
-17.542 53.054 -431.965 0.984
-38.531 51.202 -493.145 0.983
-40.769 96.320 -331.883 0.875
98.476 -66.683 -374.606 0.941
89.130 -52.469 -341.979 1.072
-78.077 -14.263 -369.842 0.993
-68.810 -96.119 -364.105 0.938
75.113 2.723 -430.267 1.148
-26.711 -85.400 -435.191 0.858
-98.999 39.001 -459.934 1.059
40.328 43.662 -408.817 0.998
-4.745 -71.461 -467.679 0.902
-67.715 54.822 -340.311 1.114
0.676 -22.201 -396.178 1.052
-47.292 -12.385 -346.427 1.065
-45.144 95.611 -301.451 0.892
-90.797 52.501 -323.765 1.023
12.147 -10.274 -487.319 1.072
-67.201 -44.148 -347.461 1.055
-71.241 -87.900 -421.993 1.026
19.476 -35.000 -310.558 1.088
-97.272 16.907 -394.939 1.217
-42.846 -44.754 -385.329 1.057
-83.030 -22.598 -328.548 1.067
0.126 -61.510 -482.488 0.905
26.149 74.081 -449.510 1.042
-35.524 56.933 -427.126 1.158
26.231 -82.947 -398.657 1.037
33.565 14.403 -437.942 0.969
-94.906 24.763 -426.648 0.939
85.827 -1.379 -379.763 0.992
25.142 90.519 -470.324 0.829
28.159 -51.349 -376.951 1.067
-33.101 30.123 -358.450 1.063
-76.025 31.049 -390.810 0.944
6.806 -50.508 -360.705 1.013
-41.326 -2.610 -333.193 1.082
16.338 -30.263 -484.061 0.883
53.390 0.438 -375.781 0.909
-25.068 -56.486 -370.216 0.948
38.625 29.456 -306.891 1.080
-13.621 -50.785 -341.436 1.040
79.922 0.634 -439.803 1.043
-25.481 -75.761 -478.492 1.143
10.938 -38.512 -430.058 0.959
-55.449 2.844 -498.560 1.022
40.857 56.557 -340.711 0.787
-7.183 27.616 -376.737 0.852
93.624 38.540 -486.408 0.888
94.984 -62.546 -440.218 1.015
-0.662 30.258 -457.338 1.130
-61.117 -22.575 -381.992 1.083
-37.338 74.254 -417.508 0.926
-76.984 -22.621 -332.067 1.033
46.710 -62.352 -308.569 0.912
-48.448 -91.979 -359.054 0.987
14.405 -69.523 -347.872 0.996
-30.029 74.767 -463.228 0.899
12.231 99.887 -353.692 0.967
-10.717 -27.832 -462.300 0.947
-19.745 5.978 -352.032 1.093
-58.739 -48.847 -301.163 0.942
45.255 67.795 -390.831 1.088
-97.325 -59.997 -316.058 0.976
61.532 -65.076 -487.357 0.939
-68.986 69.565 -390.603 1.182
85.858 66.709 -303.437 1.063
-84.274 -36.915 -436.048 1.068
-66.338 93.252 -347.002 0.840
-23.910 -41.909 -313.811 0.937
-74.747 89.540 -344.464 0.829
50.364 -35.600 -443.965 1.014
-85.630 -28.933 -305.540 0.912
39.613 -98.891 -404.437 1.005
21.533 75.684 -336.853 1.107
34.172 -7.424 -406.800 0.950
-51.742 -58.916 -447.278 1.012
67.957 -39.071 -471.216 1.268
67.897 12.817 -443.607 0.969
-89.407 35.765 -300.292 0.955
77.123 69.331 -412.313 1.154
0.467 37.711 -440.409 0.912
17.938 -16.675 -332.786 0.966
-18.911 51.000 -303.675 0.989
89.138 90.102 -316.185 1.154
-63.083 -84.999 -351.817 0.937
-3.213 53.268 -425.362 1.189
7.243 74.173 -359.943 0.905
-51.881 22.763 -494.821 0.998
8.789 -12.051 -449.276 1.045
36.888 -10.001 -391.017 0.870
31.202 46.947 -348.456 1.154
-91.093 -86.469 -453.097 0.986
87.457 90.041 -427.798 0.923
88.017 -24.141 -451.858 0.919
-24.341 55.026 -357.830 0.933
22.956 -95.099 -428.948 1.040
-34.777 -24.950 -442.775 1.123
23.480 -70.821 -339.406 0.990
17.599 -83.646 -486.926 0.893
57.681 -62.974 -443.599 0.986
-67.225 39.467 -330.848 1.019
-22.238 33.898 -369.992 0.900
-33.710 -93.832 -478.163 1.012
41.497 95.214 -406.956 1.059
-38.735 14.795 -349.079 1.055
-33.623 12.959 -400.798 0.912
59.749 -28.318 -491.229 0.915
30.938 -42.718 -414.109 1.165
16.151 50.065 -456.541 1.057
74.997 -60.936 -434.998 0.957
36.559 -6.969 -431.793 0.883
88.919 42.183 -364.380 1.038
-91.097 -58.121 -466.321 1.048
-80.293 14.932 -318.003 1.072
88.802 -4.634 -317.931 1.102
-47.531 -99.586 -432.065 0.970
-43.129 5.711 -425.990 1.183
1.926 35.493 -489.206 0.927
53.241 74.533 -493.430 0.914
81.252 -8.542 -345.656 0.755
-12.517 -28.901 -337.211 1.022
1.178 -84.194 -425.485 1.097
8.016 -36.809 -470.709 1.042
-84.932 -87.597 -368.788 1.044
84.105 -87.167 -443.466 1.102
82.968 -25.854 -371.548 0.944
-27.677 72.036 -364.498 0.903
-10.982 96.841 -343.812 0.848
-17.150 99.835 -359.827 1.253
47.609 -74.535 -364.094 0.934
84.720 -76.317 -321.083 1.037
-93.452 33.932 -482.169 0.925
34.417 -97.477 -388.025 1.176
-18.065 47.702 -359.308 0.882
6.685 -63.671 -306.810 0.948
-92.996 -56.397 -481.093 1.034
-65.173 86.254 -426.651 1.001
-33.357 -79.543 -405.552 0.982
-58.030 62.430 -435.157 0.999
68.771 26.893 -453.815 0.928
36.718 81.224 -478.854 1.146
-60.574 6.288 -343.973 0.753
-51.516 -19.733 -398.177 1.071
-61.402 32.199 -363.895 0.972
-43.431 -0.120 -488.358 0.962
69.112 -38.240 -387.852 0.914
-17.741 12.983 -300.308 1.046
-57.673 -20.192 -441.253 1.017
-86.136 96.629 -463.000 1.113
-96.648 -69.244 -356.908 1.124
-23.785 40.431 -364.311 1.049
77.263 -15.363 -320.817 1.156
-14.853 -88.930 -333.057 1.116
