68.109 -0.537 -401.774 0.926
-13.915 -19.368 -497.856 0.962
-2.947 -75.330 -411.422 1.056
-44.846 65.590 -481.459 0.872
-65.982 -55.194 -325.787 1.253
-9.386 -1.187 -341.831 1.025
-61.291 53.054 -350.195 1.198
-11.170 -92.794 -311.281 1.080
-26.596 -19.142 -389.979 1.136
43.617 -96.268 -444.955 1.010
-69.075 14.302 -492.229 1.066
-82.649 -87.684 -383.458 0.962
62.200 -44.938 -490.252 0.910
-68.045 71.282 -434.121 0.960
-62.879 -21.591 -444.713 0.769
60.205 21.293 -312.411 1.127
-87.081 -77.355 -459.697 1.048
67.742 -76.496 -336.096 0.946
-99.922 26.173 -465.822 1.076
19.593 -60.695 -450.300 1.059
-74.022 -87.247 -401.337 0.893
14.376 76.318 -334.786 0.916
84.426 76.548 -332.146 1.072
80.736 77.421 -482.326 1.130
-82.412 -32.398 -411.108 0.986
86.790 -1.784 -335.801 1.130
25.335 5.964 -353.074 1.127
8.269 -33.082 -469.263 1.124
88.186 21.427 -413.918 1.017
-19.810 -29.366 -312.208 0.839
28.120 85.999 -409.681 0.926
17.069 43.037 -415.916 1.153
66.426 97.261 -342.518 0.945
-98.541 -62.711 -418.763 1.168
-50.982 24.542 -497.424 1.223
70.173 -46.247 -327.307 0.940
-98.558 76.312 -420.552 1.010
-31.793 -70.574 -456.058 0.963
93.210 77.540 -350.374 1.105
62.625 9.305 -309.728 1.058
-51.783 46.610 -369.782 0.978
-11.995 41.537 -460.189 1.270
40.500 -22.706 -494.562 1.165
-91.498 69.886 -335.149 0.976
41.035 84.654 -466.828 0.973
-72.920 22.507 -386.996 1.133
78.797 74.055 -334.549 0.888
12.284 -99.917 -353.804 0.959
26.257 -69.407 -471.039 0.899
-47.220 -43.793 -377.850 0.961
-86.451 18.164 -351.200 1.079
86.752 63.079 -354.269 0.979
-46.643 37.802 -420.163 1.056
99.206 -46.266 -451.843 1.065
56.075 85.505 -495.468 1.029
28.526 -20.071 -389.434 1.037
13.091 -86.940 -483.493 0.986
-19.758 4.858 -482.111 0.954
85.572 79.042 -467.708 0.989
-50.345 55.151 -417.644 0.906
18.982 93.398 -390.693 0.952
21.819 1.133 -461.389 0.987
89.910 26.935 -384.071 1.121
-40.795 49.662 -367.316 1.072
-21.062 65.629 -444.916 0.926
85.934 52.647 -410.859 0.822
-65.995 -1.256 -443.792 0.905
-42.765 -59.514 -433.997 0.967
-44.076 57.543 -398.863 0.983
-99.001 27.234 -321.694 1.199
-55.347 31.090 -460.811 0.887
-34.387 56.878 -470.727 0.926
25.905 -18.002 -421.331 1.046
69.773 87.863 -363.463 1.185
44.966 41.007 -499.682 0.950
-25.139 -6.096 -308.100 0.821
-8.059 -24.329 -370.687 1.154
-94.917 55.681 -422.012 0.918
36.782 39.170 -405.712 0.961
34.671 46.306 -443.815 0.842
-93.174 -95.005 -429.014 0.860
46.491 -67.414 -433.346 1.075
97.073 -98.353 -441.178 1.090
-10.829 52.612 -472.848 1.152
-25.770 31.358 -468.106 0.967
70.286 -31.150 -382.264 1.096
39.708 -32.748 -396.939 1.055
-98.987 -9.610 -383.723 0.873
47.379 -9.710 -348.273 0.928
-56.965 95.841 -397.190 0.936
35.616 -8.560 -467.001 1.070
-46.283 53.873 -422.116 1.088
-94.682 -4.158 -358.232 1.117
-6.481 56.776 -458.256 0.971
30.020 -76.222 -410.784 1.029
68.655 81.547 -352.995 0.899
-59.651 69.240 -463.049 0.960
65.385 35.739 -349.659 1.043
22.189 36.334 -358.831 1.057
35.271 9.748 -390.142 1.109
-34.039 -72.891 -337.953 0.958
42.918 4.205 -428.525 1.049
-16.785 -26.634 -367.488 0.849
-54.895 -20.250 -364.988 0.996
-94.184 -12.522 -440.145 1.018
83.842 -27.231 -457.135 1.072
-61.179 -41.928 -451.764 1.009
16.296 -45.268 -319.777 0.897
-12.929 -10.100 -443.956 1.143
-74.222 45.745 -450.983 0.863
60.048 -66.511 -318.330 1.198
-3.128 -56.181 -398.156 0.926
67.399 14.876 -431.769 1.202
34.242 58.980 -387.040 0.883
18.967 -10.561 -337.602 0.974
-56.339 2.270 -366.504 1.088
-19.549 -98.928 -320.705 1.108
-20.315 99.970 -395.884 0.985
34.631 9.301 -379.150 1.002
54.157 -13.039 -456.152 1.016
21.863 31.647 -369.589 1.129
85.127 -38.236 -379.019 1.122
87.561 71.116 -359.120 1.052
97.187 25.696 -438.722 1.158
64.334 -41.772 -368.830 1.166
-2.507 -83.847 -300.201 0.930
-67.084 17.200 -405.733 1.052
11.453 -24.283 -413.123 1.099
26.319 74.276 -332.378 1.099
4.117 -88.244 -330.657 0.896
-63.921 92.342 -470.182 1.060
77.082 -63.625 -464.207 0.879
1.583 99.187 -498.658 0.940
-41.504 -30.251 -400.814 1.036
91.168 -83.337 -386.326 0.996
-26.478 -81.492 -447.973 1.009
-46.705 22.535 -489.112 0.958
-75.636 60.575 -339.033 0.995
-33.372 -78.997 -425.233 0.949
45.779 -22.583 -460.910 1.154
-94.122 15.513 -419.361 1.053
-63.343 -47.251 -429.786 0.947
41.935 -93.395 -490.654 0.915
91.967 -98.886 -461.222 1.159
91.822 -49.396 -351.757 0.661
84.073 -58.737 -464.330 0.932
4.560 -53.709 -347.903 0.886
-33.662 70.547 -488.916 1.076
-71.636 -25.300 -354.591 1.110
75.398 19.111 -421.126 1.164
77.815 75.538 -390.003 1.004
-56.104 -89.626 -359.506 0.952
-34.006 -32.590 -305.545 1.158
-73.445 -82.265 -489.767 0.922
-41.453 -86.733 -369.654 0.904
81.404 -43.111 -375.859 0.951
35.231 -84.519 -414.543 0.791
-32.205 24.243 -350.280 0.856
24.458 -73.823 -467.192 0.962
-67.598 92.624 -358.071 1.064
72.936 -57.639 -312.509 0.990
-43.481 43.125 -450.288 0.872
45.605 -6.611 -410.849 1.103
21.770 -11.918 -426.712 1.018
13.532 48.059 -328.589 1.053
-17.238 32.201 -437.623 1.087
34.611 25.123 -354.603 0.799
-29.917 59.545 -410.381 0.925
11.942 -3.254 -436.176 0.841
51.186 4.488 -396.551 1.063
33.261 -52.449 -492.682 0.953
-48.866 63.977 -319.579 1.049
69.549 5.121 -328.645 0.945
-27.776 -59.110 -485.345 0.942
-84.252 9.448 -333.045 1.067
-98.167 -48.654 -482.914 0.911
86.555 -2.070 -407.175 0.874
93.295 75.327 -435.312 0.935
-18.336 6.730 -391.914 0.990
-95.064 4.308 -425.454 0.934
-7.151 -90.884 -311.840 0.992
84.726 -1.176 -346.115 0.981
-56.994 -51.754 -340.309 0.873
22.878 52.247 -327.171 1.248
-4.165 -31.586 -463.311 1.089
79.186 -14.908 -331.913 1.103
-60.837 -70.313 -474.546 1.070
34.764 -46.201 -476.303 0.934
86.868 26.088 -314.024 0.876
95.639 93.666 -445.901 1.103
-64.970 -27.342 -382.524 1.093
-17.605 92.123 -416.923 1.093
-42.684 -78.330 -452.023 1.001
63.887 69.237 -488.853 0.909
55.189 -11.203 -308.202 1.040
99.298 -87.987 -360.190 1.018
22.736 61.225 -309.939 1.068
24.240 -45.686 -309.702 1.002
-42.528 -10.952 -457.172 0.863
71.562 96.170 -303.385 0.969
-35.562 -20.482 -341.036 1.078
24.776 -5.401 -390.860 0.971
-63.130 -52.964 -444.215 1.003
34.804 66.900 -302.229 1.087
28.621 74.471 -371.843 1.110
-4.592 -77.276 -336.399 1.033
-9.261 5.260 -328.567 0.968
-81.131 -40.158 -340.157 0.962
-7.771 -72.206 -415.561 1.016
82.849 -34.281 -459.339 0.924
79.955 68.074 -387.368 1.126
14.583 17.344 -375.268 1.070
39.853 -88.083 -335.970 0.982
-56.705 49.841 -313.786 1.010
-78.287 -18.074 -416.072 0.873
72.124 87.779 -454.635 1.072
-66.501 -67.958 -380.627 0.969
-66.815 -82.748 -329.397 1.099
-84.393 73.867 -432.982 0.958
-80.517 -61.537 -325.937 0.949
-45.920 34.616 -459.091 0.954
17.872 -67.881 -410.594 0.796
81.035 -96.926 -326.752 0.964
-51.232 -59.730 -438.482 1.100
-76.352 6.471 -441.123 1.089
55.689 -20.764 -328.895 1.176
-52.983 95.266 -402.365 1.035
-73.056 34.595 -439.681 1.100
29.334 74.998 -487.696 0.942
-56.619 66.733 -488.292 1.081
-19.093 -33.616 -439.646 0.873
95.947 -85.121 -328.281 0.805
-43.781 -84.782 -325.214 1.048
7.962 12.372 -465.146 0.934
37.746 -72.534 -303.325 1.243
69.307 -98.902 -452.686 1.049
-37.756 16.891 -480.087 0.975
-8.079 -23.347 -413.969 0.939
-91.119 -35.584 -399.569 1.110
1.706 49.727 -440.740 1.099
98.755 73.420 -399.738 0.870
-58.076 45.206 -343.160 1.217
-73.446 -88.208 -488.130 1.153
-69.757 -15.274 -394.375 1.013
53.464 96.603 -398.007 1.071
48.584 -50.400 -375.271 0.967
-24.894 -12.312 -332.577 0.987
65.905 -78.439 -310.359 1.263
91.774 84.621 -349.428 0.942
62.149 94.699 -311.017 0.980
-65.043 -98.385 -439.514 0.874
90.278 -82.977 -327.535 1.128
-87.361 43.749 -317.644 1.022
-25.929 -27.463 -489.115 0.988
-34.125 -71.695 -358.772 1.129
-21.246 16.875 -346.928 0.925
13.692 -14.969 -391.086 0.797
96.217 75.732 -321.393 0.893
12.786 -99.456 -379.834 0.995
-15.867 67.678 -483.426 0.868
15.236 -11.654 -329.831 0.993
-62.893 -37.516 -471.856 0.889
75.811 -0.431 -424.808 0.941
-98.797 -36.108 -396.086 1.016
46.862 76.418 -396.175 0.854
-57.182 -94.217 -329.578 0.936
-19.279 -46.624 -442.833 0.972
-91.657 -21.775 -487.207 0.987
25.541 -66.553 -347.028 0.956
50.571 70.615 -319.415 1.050
-20.324 16.517 -364.806 0.846
-48.049 -91.621 -339.625 1.080
-63.842 -33.503 -312.495 0.961
4.274 80.885 -338.143 1.043
25.783 24.114 -379.507 0.977
-75.396 99.415 -316.878 1.081
36.088 -21.924 -466.119 1.215
-95.719 -64.596 -387.736 1.139
-51.887 -52.394 -422.465 1.164
-45.117 67.621 -424.945 0.804
-98.230 1.809 -485.599 1.089
24.356 7.191 -391.739 0.999
-32.624 -61.708 -356.297 1.010
70.565 -30.773 -453.863 0.906
50.678 -4.147 -466.182 0.943
29.324 13.408 -320.166 0.844
54.666 -25.603 -368.157 0.980
89.016 35.699 -463.214 1.086
-27.831 8.590 -469.813 0.876
65.765 62.561 -401.755 1.031
43.778 -56.317 -424.581 1.043
-14.296 -54.756 -452.933 0.998
-26.283 -1.650 -326.266 0.910
-69.121 -37.376 -412.709 1.276
-39.095 -70.818 -476.297 0.875
66.086 -11.683 -332.270 0.867
-23.955 -71.881 -337.608 0.890
3.019 -57.225 -400.703 0.892
-58.990 90.363 -489.920 0.862
25.514 25.651 -352.087 1.126
-89.328 86.274 -340.992 1.013
-78.122 -97.817 -392.030 1.022
38.703 12.919 -301.843 1.008
24.751 -59.279 -473.648 0.991
82.396 21.694 -380.390 1.078
-16.964 -31.063 -499.146 0.907
-7.390 30.622 -340.780 0.890
51.945 -18.510 -461.142 0.865
-25.563 -86.190 -330.141 0.843
-30.418 27.316 -314.647 0.937
-25.593 -27.617 -446.743 1.126
-10.913 -41.374 -482.254 1.080
-48.401 -96.278 -328.133 1.003
98.015 -82.766 -361.874 1.022
86.297 92.536 -443.453 0.849
-54.000 -45.382 -449.382 1.002
52.324 -59.500 -386.760 1.058
-50.194 -77.208 -402.864 1.088
-58.402 -5.314 -348.038 1.016
94.310 -1.884 -382.676 1.090
-13.430 71.800 -428.673 0.795
57.966 46.504 -376.619 0.994
-5.659 43.645 -331.909 0.917
-3.365 24.301 -472.720 0.985
-44.123 32.315 -336.997 1.033
37.376 -56.811 -466.014 1.187
22.469 35.626 -448.243 0.972
-49.934 -53.224 -322.902 1.031
-20.262 -35.262 -380.599 0.978
55.854 -2.727 -341.046 0.921
-71.118 30.551 -397.482 0.979
-39.230 10.681 -478.071 1.074
-28.920 -61.447 -413.902 1.087
-14.679 -75.238 -388.240 0.824
-7.069 20.293 -495.806 0.877
18.099 -29.703 -393.353 0.893
-51.129 -53.431 -408.087 1.045
96.287 61.385 -403.680 1.110
-46.814 92.767 -349.806 0.940
0.120 -50.987 -450.622 1.066
82.951 -84.052 -328.270 0.992
15.156 -75.662 -451.320 1.160
27.818 18.559 -411.602 0.982
4.675 44.540 -391.179 0.941
91.594 54.367 -415.654 0.810
11.469 26.274 -396.327 1.063
81.382 51.038 -332.295 0.890
-41.650 -77.804 -319.112 0.895
61.265 11.594 -487.887 0.971
76.656 -63.418 -464.892 0.951
74.519 -75.002 -370.642 0.970
-36.119 1.450 -430.739 1.220
-43.387 -41.892 -431.565 0.882
-5.862 -66.636 -307.202 0.940
-93.822 -21.981 -376.567 1.107
-99.530 16.772 -488.061 1.121
84.160 -17.568 -328.338 0.982
30.912 93.580 -486.946 1.078
-63.052 78.049 -471.715 0.865
-42.178 -62.593 -392.047 1.004
64.996 52.363 -482.461 0.952
-22.845 -50.836 -384.903 1.096
68.247 -92.556 -339.323 0.996
16.706 0.694 -435.614 1.027
92.023 -49.712 -327.513 1.080
-49.993 24.463 -332.126 0.788
-91.068 63.222 -341.159 0.841
96.543 78.195 -375.271 1.114
-4.314 -99.438 -323.538 0.866
-1.309 74.361 -445.614 0.962
61.762 -90.813 -412.235 1.039
89.655 42.141 -338.916 0.769
64.052 -24.656 -354.427 1.070
21.257 -99.340 -474.638 1.034
80.267 -3.458 -448.263 0.988
35.415 9.883 -467.608 0.868
67.570 -23.348 -396.440 1.138
-15.866 66.446 -463.124 1.033
10.130 -59.835 -468.297 1.028
12.249 75.909 -479.729 1.065
56.669 48.040 -319.344 1.065
29.675 -74.279 -304.957 1.132
59.625 -45.721 -327.270 1.050
19.037 -14.435 -358.137 0.949
-75.784 80.789 -389.256 0.965
-28.437 -34.498 -375.499 0.929
63.637 -14.753 -448.668 0.888
-11.515 -42.365 -417.959 1.133
-60.238 -73.837 -493.159 1.004
35.857 11.629 -395.022 0.881
49.634 88.314 -479.988 1.100
71.997 20.237 -428.883 1.051
-31.387 -48.388 -348.260 0.875
68.953 -32.592 -490.703 0.849
-11.322 36.649 -330.578 1.150
23.167 -21.047 -346.261 0.853
-29.068 -77.057 -471.866 0.864
-23.597 57.990 -314.931 1.081
-17.313 28.440 -452.546 0.955
87.147 3.205 -360.019 1.042
9.918 -53.315 -435.393 1.006
-38.503 -19.193 -311.044 0.875
12.928 52.592 -340.935 0.849
-4.785 -82.809 -353.785 1.120
34.602 8.159 -368.307 0.948
19.497 -2.578 -317.447 0.926
54.675 -82.232 -360.911 1.021
85.367 27.316 -346.565 0.941
-50.937 36.176 -453.478 0.772
61.078 90.914 -455.597 1.229
-12.694 19.044 -469.080 1.075
-93.613 34.442 -474.840 0.941
21.020 45.393 -487.207 0.923
-92.405 83.592 -304.607 1.099
-62.124 22.350 -345.257 0.882
-25.378 -24.849 -464.962 0.771
-18.588 -30.374 -409.787 1.198
89.727 -70.164 -342.203 0.916
-89.036 -85.981 -398.752 1.058
-82.782 -43.195 -407.775 0.879
-82.554 -23.656 -404.314 1.039
-43.450 24.081 -423.276 0.954
4.225 -96.079 -330.230 1.005
-84.335 -25.388 -315.499 0.822
56.514 73.204 -475.037 0.921
-23.844 -1.261 -353.699 0.984
98.183 -73.815 -479.673 1.057
-2.746 67.921 -366.014 1.039
-13.532 30.443 -371.735 0.837
-56.477 0.299 -393.694 0.996
87.994 86.184 -409.390 0.994
85.933 -69.973 -446.371 1.158
-19.385 -30.697 -453.499 0.979
-71.356 -82.187 -312.943 0.880
-6.329 83.139 -302.316 0.915
-6.809 55.313 -330.643 1.067
50.528 -34.079 -350.186 1.046
64.754 -23.205 -329.679 0.870
-96.225 20.376 -452.701 0.944
-72.086 -70.128 -485.424 0.914
-19.402 -66.249 -326.141 0.995
-20.208 18.976 -489.699 0.824
72.972 -19.089 -317.855 0.943
-31.073 89.835 -497.985 1.019
44.465 -77.593 -406.773 1.024
-2.958 57.567 -382.160 0.989
-64.016 96.081 -486.977 1.042
86.897 17.172 -341.556 1.091
0.064 45.732 -377.502 0.997
-32.653 3.875 -462.073 1.077
92.946 -65.780 -417.805 1.208
42.447 47.082 -311.853 1.058
34.834 59.053 -409.345 1.059
4.921 -27.347 -317.442 1.080
-87.704 12.112 -301.779 0.935
-7.579 -36.250 -384.245 0.879
-49.191 -0.024 -438.847 1.032
29.321 -81.569 -388.635 1.014
48.355 -30.454 -496.531 0.985
-13.654 38.836 -452.386 0.931
-88.126 -99.491 -496.653 0.946
95.227 25.335 -493.523 1.074
-3.505 57.446 -362.864 1.070
52.127 73.949 -456.857 1.132
71.407 26.466 -453.708 0.857
85.921 51.903 -403.440 0.955
19.992 -32.462 -474.326 0.870
-99.939 -36.478 -460.504 1.047
-43.279 -17.982 -420.375 1.058
67.679 -98.190 -437.762 0.961
-18.874 -63.157 -466.136 0.891
-28.854 -35.356 -362.278 0.911
-37.780 -27.497 -457.512 1.162
-91.348 -29.320 -405.681 0.911
53.521 -78.593 -443.117 1.043
-73.612 56.378 -396.342 0.953
69.844 48.058 -472.652 1.111
-93.670 -65.430 -357.579 1.032
96.215 43.990 -342.573 0.951
-6.058 18.835 -425.766 1.040
94.481 -78.987 -437.387 0.945
-68.911 80.174 -452.186 1.033
46.065 64.255 -456.247 1.061
-97.767 -59.527 -456.186 0.974
-24.897 -26.779 -372.772 0.937
-75.554 -17.797 -320.781 1.061
-64.515 13.777 -385.713 1.056
-18.136 18.070 -376.733 0.979
-58.694 7.393 -477.748 0.948
-13.821 -82.619 -337.929 1.054
13.620 -74.398 -495.942 0.968
-16.220 -19.773 -306.034 0.850
-95.393 -86.012 -313.881 0.936
69.816 -83.400 -406.682 1.136
28.804 -7.031 -484.003 1.052
76.552 41.725 -493.057 0.978
-74.865 -92.176 -425.343 0.908
-40.522 0.047 -425.956 0.978
76.420 51.682 -496.610 0.928
-56.759 59.479 -303.929 1.036
41.383 79.455 -340.673 0.839
-84.087 -5.858 -362.168 0.997
2.220 45.219 -422.420 1.047
-0.446 -89.359 -373.156 0.904
70.275 38.271 -434.889 0.842
36.983 12.624 -356.952 1.121
-81.617 -99.664 -418.564 1.050
99.836 66.269 -396.196 1.024
91.697 95.502 -443.741 0.761
49.922 47.999 -362.617 0.906
-64.373 19.458 -361.867 1.115
66.308 62.083 -347.386 1.032
-46.262 -68.670 -417.919 1.294
89.032 32.001 -346.738 0.966
34.201 -6.688 -367.325 1.017
-62.340 -73.253 -327.440 0.890
-98.775 -64.195 -450.862 1.015
-44.343 23.478 -350.300 1.124
20.199 -91.238 -358.712 1.055
-93.925 -76.016 -382.523 0.982
48.694 24.087 -479.765 0.922
57.390 -83.867 -470.387 0.883
-98.593 -43.442 -416.031 0.796
13.083 40.860 -388.356 0.868
59.049 32.030 -306.048 0.999
32.481 -92.740 -360.235 1.184
-13.562 -47.290 -388.860 0.954
-87.319 15.952 -374.590 1.140
-84.784 72.532 -497.765 0.967
55.765 75.505 -487.489 1.038
-60.041 65.143 -301.123 0.969
97.462 -89.040 -367.189 0.963
25.784 27.609 -449.930 0.952
-39.207 -94.512 -471.217 1.154
68.919 9.824 -482.049 0.791
88.294 -28.263 -352.028 1.082
-94.745 96.632 -455.982 0.985
-33.888 -26.421 -474.197 0.965
87.249 -9.710 -455.907 1.098
46.970 -23.968 -396.642 1.097
-36.665 65.042 -444.629 0.870
48.406 62.928 -478.736 1.029
5.509 45.090 -404.847 0.919
4.902 -46.083 -491.157 1.001
-40.670 66.489 -315.677 0.920
-77.714 -53.571 -425.295 0.938
-54.676 -34.725 -393.357 1.038
75.195 40.995 -496.350 0.968
-11.950 -40.772 -438.891 1.305
98.595 -5.302 -436.778 1.074
-97.170 -39.789 -431.133 0.875
39.965 -73.194 -452.182 1.181
94.722 46.203 -473.254 1.053
-75.996 -43.028 -494.232 1.106
-19.396 -96.621 -434.528 1.022
-46.638 3.508 -338.425 1.033
-11.620 6.543 -346.851 0.894
21.530 68.275 -385.140 0.869
-7.726 -33.976 -365.621 1.123
-33.967 18.149 -321.607 0.948
99.111 13.404 -395.519 0.844
-62.558 -53.965 -372.429 0.891
-54.833 62.581 -450.456 0.960
22.102 50.233 -313.294 1.010
5.188 26.090 -453.615 1.036
42.553 61.902 -340.362 1.318
23.384 -52.029 -323.735 1.204
95.695 82.095 -378.047 0.969
-67.945 -8.977 -456.946 0.985
-86.668 -55.386 -374.398 0.950
56.681 80.938 -310.856 1.135
47.796 46.043 -332.077 1.125
-83.078 36.996 -434.535 1.101
-80.998 -97.169 -309.148 1.021
-40.883 41.083 -446.290 1.042
50.902 -71.333 -473.887 0.783
62.310 -88.799 -437.926 0.950
80.681 3.833 -449.219 0.995
9.658 2.694 -368.682 0.959
-79.305 36.781 -478.540 0.966
24.744 -40.323 -309.425 0.941
59.322 -15.528 -376.371 1.137
50.381 34.550 -332.936 0.893
-57.523 64.943 -351.497 1.176
21.225 22.351 -366.228 0.893
48.951 -46.846 -442.276 0.880
-4.007 35.147 -306.006 1.112
-28.054 70.914 -344.766 0.901
-60.237 38.864 -454.513 0.869
-92.452 60.758 -350.707 0.950
6.570 -63.169 -415.823 1.013
12.448 -47.600 -340.798 0.897
82.104 -14.625 -470.691 1.027
58.061 91.957 -478.705 1.219
-69.379 -90.596 -337.310 0.954
-61.735 97.758 -494.188 0.852
66.755 61.626 -475.877 1.005
-73.276 -24.224 -469.190 0.876
-95.498 16.439 -439.815 1.082
30.536 67.427 -452.843 1.103
41.691 23.745 -343.465 1.007
-19.481 85.532 -392.069 1.044
60.082 -30.638 -300.497 0.916
-16.231 -39.993 -427.855 1.046
32.901 -41.619 -369.221 1.007
-3.291 -94.189 -363.589 1.035
8.268 91.789 -496.510 1.007
45.921 36.210 -442.800 0.915
47.903 -61.740 -394.745 0.953
-48.105 62.859 -446.934 1.046
4.465 54.409 -341.142 1.130
36.040 3.501 -351.598 0.925
31.754 84.915 -439.587 0.937
78.385 -23.267 -392.571 1.042
-30.204 42.683 -389.865 1.102
25.392 -61.658 -347.094 0.806
-47.089 9.094 -433.665 0.974
30.797 -94.741 -369.566 1.108
45.635 -1.589 -366.746 1.008
13.467 -84.490 -367.929 0.843
-96.236 -84.219 -440.060 1.003
61.206 -95.035 -453.176 0.999
-56.706 75.040 -354.285 0.956
69.831 -62.326 -485.354 1.135
43.320 52.731 -368.633 0.901
-80.032 -40.275 -328.988 1.047
48.479 -51.833 -339.072 1.027
3.896 -25.134 -411.053 1.019
95.608 -19.832 -341.796 0.907
-79.969 -80.814 -307.819 0.955
-67.725 -42.301 -346.270 0.911
-43.531 -8.986 -312.994 1.170
-78.094 57.569 -326.459 0.878
-62.730 -78.393 -490.751 1.059
75.655 -68.634 -488.697 0.929
3.278 36.954 -404.839 0.953
58.459 -56.484 -457.786 0.987
-16.715 16.511 -437.985 1.238
-28.674 68.592 -335.015 0.937
9.195 -21.363 -390.333 1.016
-1.963 0.725 -400.017 1.146
90.025 -32.045 -349.563 1.055
17.053 27.291 -335.205 0.984
1.812 97.423 -459.429 1.014
94.084 -74.284 -403.840 0.880
-57.504 -31.694 -464.021 1.080
54.000 85.105 -333.072 1.108
-83.051 96.720 -326.251 0.883
83.380 61.939 -499.536 1.089
-25.479 23.336 -412.379 1.031
58.288 -71.602 -304.317 1.104
18.029 18.800 -451.931 0.937
88.016 67.373 -417.091 0.886
-54.245 11.243 -324.099 0.962
76.272 -66.800 -379.102 0.960
-15.905 -63.692 -499.977 1.055
-41.992 97.113 -354.950 0.999
27.306 -87.937 -457.946 1.091
-62.698 -33.590 -465.262 0.909
82.493 -51.741 -338.294 1.042
-10.838 -57.946 -454.981 0.885
-40.331 23.598 -417.612 0.937
21.164 -88.776 -497.316 0.871
-93.743 -79.197 -363.895 0.975
-93.966 87.128 -459.464 1.135
6.826 -2.603 -401.946 0.941
-1.914 -56.447 -471.447 1.140
74.520 -88.652 -311.522 0.932
8.610 85.887 -376.146 1.162
32.127 -35.370 -334.394 1.086
12.061 26.615 -380.402 1.054
-57.970 24.112 -449.276 0.984
76.958 -67.453 -403.790 1.031
16.558 -98.437 -414.244 1.216
31.768 -87.974 -336.307 1.097
22.275 95.301 -467.680 1.037
72.417 -53.579 -400.068 0.905
19.348 27.457 -434.755 0.976
-14.006 40.252 -460.948 1.031
35.930 20.086 -302.169 0.985
68.442 47.121 -466.456 0.977
41.287 14.458 -451.074 1.007
32.664 -14.332 -314.257 1.047
46.380 9.574 -423.482 1.008
13.969 -77.404 -419.200 0.961
26.976 9.360 -321.395 0.989
48.746 -69.296 -466.482 0.868
41.693 16.424 -451.472 1.155
15.363 15.360 -487.198 0.967
-36.595 -42.979 -462.883 1.092
24.547 -36.205 -311.464 0.925
-52.301 64.772 -323.081 1.190
-46.576 24.852 -459.600 1.006
-1.359 34.535 -328.711 1.058
-96.398 86.617 -348.178 1.089
-36.354 -63.640 -461.067 1.125
39.649 47.436 -342.492 0.814
56.911 66.699 -309.062 1.130
-59.070 98.236 -412.780 0.987
-71.774 75.920 -436.560 1.101
-9.956 -26.961 -323.575 1.097
34.124 24.508 -345.958 0.855
47.005 5.277 -446.871 1.067
32.911 -1.246 -393.186 1.035
-66.460 -93.231 -333.104 1.258
93.664 69.646 -473.962 0.814
-70.256 -94.588 -484.626 1.091
-72.212 -19.029 -398.376 0.938
72.811 -60.656 -316.638 0.951
-61.466 26.652 -429.054 1.000
-17.944 96.434 -327.847 1.072
-65.897 10.170 -380.827 0.944
-86.976 -55.928 -394.709 1.168
84.161 -27.891 -306.590 0.773
-62.139 33.660 -486.970 1.205
-18.863 68.979 -480.823 1.097
69.600 49.648 -415.120 0.942
32.452 34.728 -339.191 1.113
80.004 8.450 -328.362 0.918
27.342 66.118 -495.032 1.002
-75.026 -45.379 -393.895 1.085
55.738 39.686 -446.063 1.073
39.277 74.965 -434.521 0.999
9.425 45.271 -300.168 0.853
71.081 -50.622 -391.564 1.164
71.849 8.275 -407.897 1.122
-81.321 86.393 -470.054 1.114
-61.155 -19.401 -344.490 1.095
50.879 -59.218 -466.393 0.932
-24.106 -80.723 -326.335 1.015
15.509 -5.876 -351.972 0.922
-10.876 -29.146 -314.046 1.033
-4.185 -42.652 -487.605 1.057
-10.416 -59.908 -354.458 0.903
69.404 23.205 -437.590 0.983
-52.810 -54.927 -490.100 0.985
-35.401 81.911 -450.996 0.990
-95.873 -91.819 -433.971 1.015
69.194 73.805 -375.812 0.927
65.774 -2.193 -414.149 0.927
-53.908 -1.254 -386.196 0.835
6.531 56.385 -346.063 0.979
-50.859 61.777 -452.194 1.114
-50.873 23.365 -438.313 1.098
26.122 54.258 -341.512 1.051
-47.955 75.712 -341.230 0.903
-95.430 -47.982 -391.964 1.047
98.116 -47.829 -333.356 1.140
14.027 72.040 -308.705 0.999
-99.234 64.026 -334.781 1.071
-77.920 42.044 -400.242 0.907
-0.957 -43.701 -465.699 1.095
82.419 -53.107 -449.771 1.116
63.807 61.787 -338.320 0.883
-61.093 -79.366 -446.212 0.938
31.231 80.051 -394.182 0.968
44.492 -52.765 -304.745 1.131
1.630 97.927 -461.694 1.021
66.503 -66.883 -358.955 0.980
25.009 66.277 -377.726 1.053
22.447 -62.292 -383.147 1.005
67.003 40.640 -355.818 0.989
-30.367 -18.790 -444.996 1.061
26.050 71.483 -447.885 1.024
75.415 68.344 -494.580 0.939
-3.160 36.166 -342.002 1.036
-20.838 53.608 -457.814 1.018
-29.714 -28.075 -405.778 1.028
16.464 87.017 -404.578 1.146
61.711 7.531 -373.779 0.913
43.477 22.558 -368.502 1.021
-74.828 -7.828 -473.229 0.932
-46.679 -39.940 -373.386 0.967
12.817 -66.861 -370.732 1.125
19.415 -87.330 -368.868 1.097
95.249 -80.744 -436.160 1.019
-17.350 26.976 -315.846 0.983
-9.315 73.340 -398.900 0.825
-7.856 4.599 -433.175 0.996
55.425 28.981 -488.685 1.142
-24.578 -5.915 -359.785 1.096
10.625 -35.132 -460.758 0.917
47.699 -48.421 -368.985 1.093
-44.027 -99.314 -354.575 1.126
-50.871 93.339 -396.206 0.947
-48.010 59.573 -481.521 1.216
19.020 87.920 -306.574 1.035
-1.119 53.082 -406.210 0.907
-94.790 -80.293 -434.179 1.021
-34.129 -58.941 -441.220 1.165
-31.958 92.000 -371.316 0.915
-28.422 87.977 -473.004 0.992
-55.827 -72.232 -396.729 0.996
-20.786 40.254 -467.829 0.971
12.486 77.392 -362.664 0.925
-6.054 59.918 -410.678 1.024
-12.058 -43.444 -308.960 0.959
29.093 -38.460 -469.444 0.917
16.069 -20.848 -339.449 1.025
-41.847 31.579 -340.228 1.047
10.355 83.688 -311.998 1.020
47.153 -1.453 -420.250 0.992
-37.457 -33.308 -402.194 1.039
-55.583 -54.816 -378.298 0.737
-73.179 -77.245 -472.200 1.155
-55.732 -97.437 -389.696 1.187
-4.051 26.986 -342.779 1.222
54.799 -19.460 -301.620 0.928
-37.062 -76.133 -370.483 0.958
-31.305 -19.533 -441.147 1.042
14.375 21.085 -408.256 1.044
-64.561 55.032 -346.197 1.064
-81.814 0.543 -437.046 1.019
-28.806 -39.598 -311.208 1.126
77.823 -99.483 -475.812 0.971
-60.147 -15.884 -389.938 0.971
-88.452 30.035 -420.481 0.991
-26.613 -57.906 -490.873 0.933
-31.520 79.074 -369.291 0.942
51.298 47.106 -419.057 1.098
-74.798 53.305 -350.590 1.097
-79.641 -15.852 -395.403 1.075
8.692 22.725 -389.487 0.883
97.186 -76.314 -484.977 1.176
11.954 81.610 -318.209 1.115
-54.952 31.489 -367.357 1.075
-76.671 -64.078 -372.364 1.013
24.609 40.701 -455.566 1.081
-28.632 26.513 -444.741 0.947
-80.991 -36.740 -487.202 1.101
-17.677 39.509 -426.573 0.955
53.317 -70.026 -306.958 1.058
-43.376 -75.052 -346.299 0.829
-33.514 54.459 -480.146 1.145
84.299 66.903 -348.420 0.933
27.927 -35.258 -353.002 1.033
-87.037 82.121 -443.216 1.061
53.378 89.311 -379.555 0.787
59.014 -46.537 -497.761 0.922
38.287 87.425 -461.012 0.999
-88.785 -77.304 -495.134 1.058
1.486 52.066 -327.846 0.848
91.643 -41.442 -404.188 1.068
-37.784 -16.505 -487.444 0.955
89.686 -52.766 -301.866 0.987
27.270 -99.893 -451.876 1.045
-32.389 3.225 -374.230 0.978
2.526 -47.071 -393.168 0.953
45.280 -44.873 -308.988 1.074
78.587 -61.961 -390.333 0.968
-37.821 -53.066 -410.176 1.076
86.793 -38.738 -459.587 0.858
-0.117 -43.916 -434.604 1.032
-43.827 10.773 -405.300 1.055
92.872 -0.634 -418.020 0.938
44.939 37.023 -472.395 0.941
-53.284 -90.391 -373.108 1.269
42.428 87.310 -493.633 1.129
68.435 25.748 -322.791 0.971
13.441 92.132 -335.559 1.085
68.219 9.568 -329.054 1.091
-91.175 61.053 -495.115 1.138
-39.896 -17.223 -474.838 1.094
10.285 -36.057 -400.904 0.929
-83.506 -12.985 -424.817 0.887
-36.390 20.000 -468.185 0.929
48.100 4.179 -413.710 0.854
-92.689 18.949 -310.133 1.039
-99.384 50.694 -427.454 1.247
-25.330 -29.755 -301.731 1.083
-91.869 -52.067 -350.848 1.099
39.878 -5.327 -385.131 0.781
-69.880 88.538 -492.511 0.978
78.243 85.670 -462.615 1.064
65.963 23.450 -320.616 1.014
-94.392 -71.438 -342.124 0.930
-19.149 74.103 -498.590 1.030
7.571 -69.232 -478.008 1.241
-14.794 28.234 -456.678 0.950
-45.982 63.216 -398.724 1.079
86.445 91.135 -491.199 0.972
-7.020 -4.790 -477.951 0.910
96.958 11.679 -461.812 1.217
-15.092 -51.122 -479.259 1.069
85.418 -0.325 -314.850 1.001
13.075 -95.996 -335.854 0.944
-56.425 63.140 -487.818 1.153
10.668 91.415 -446.924 0.851
-37.074 89.360 -383.586 0.975
2.233 -26.981 -414.668 1.109
-23.953 -40.728 -390.761 1.124
45.967 -85.127 -316.830 0.916
-24.769 64.444 -450.243 1.010
89.988 26.069 -427.023 1.013
-60.875 -66.490 -368.931 1.051
-32.410 -91.088 -413.898 1.009
86.888 -42.021 -473.290 0.918
-24.055 -94.467 -405.489 1.215
22.330 71.010 -339.524 0.952
11.664 48.315 -379.719 1.033
-73.066 81.549 -306.225 0.771
8.780 63.491 -308.733 1.098
22.216 -79.996 -301.430 0.964
-17.291 -23.731 -402.502 1.215
-33.511 -24.501 -391.443 0.949
17.021 -20.035 -312.628 1.061
-25.403 -7.582 -313.276 1.078
-9.479 65.987 -444.605 1.070
-31.904 -86.986 -424.959 1.011
94.773 6.282 -411.478 1.031
-92.358 85.212 -377.378 1.115
-7.509 51.059 -351.157 0.880
-6.538 2.562 -388.495 0.959
-3.171 -57.650 -441.018 0.894
78.562 27.116 -390.685 0.926
-60.249 23.246 -369.922 0.852
18.338 92.105 -476.998 0.930
-56.106 -84.094 -314.712 1.203
55.226 32.451 -359.291 1.010
71.713 34.928 -378.207 0.938
36.554 -94.056 -330.156 1.050
13.330 -70.822 -479.361 1.102
22.735 -0.810 -419.977 0.891
51.289 47.588 -423.328 0.890
-7.903 -26.869 -486.813 1.005
4.767 -4.020 -390.727 0.909
18.371 -38.535 -426.609 1.024
30.848 -51.984 -371.397 0.982
-8.972 32.309 -485.894 1.183
50.617 -3.389 -345.280 1.115
48.543 65.555 -411.637 0.933
32.338 -96.511 -457.978 0.816
72.345 -33.984 -444.612 1.095
71.685 -96.438 -408.372 0.872
-73.196 -56.887 -448.189 0.965
76.769 6.557 -424.306 1.031
-84.541 -11.930 -362.382 0.964
79.134 18.282 -489.668 1.052
43.212 -89.221 -378.574 0.996
-15.351 51.309 -417.775 0.916
31.025 65.395 -331.163 0.956
78.563 -95.752 -398.327 1.080
-53.753 63.597 -409.484 0.978
-50.874 -72.487 -447.300 0.826
7.252 -14.447 -314.786 0.815
-49.345 -61.165 -378.725 1.113
47.122 27.149 -455.864 0.991
1.782 41.569 -313.070 1.026
-61.594 -3.669 -448.861 0.941
3.259 99.072 -387.249 1.127
-52.167 -5.719 -325.598 0.911
-76.060 93.586 -306.294 0.956
91.225 38.737 -404.025 1.048
32.625 -54.972 -474.821 0.904
-29.837 -42.603 -487.730 1.158
65.067 24.795 -343.171 1.109
34.407 68.705 -473.247 0.783
82.702 -20.172 -335.145 0.933
-91.270 57.518 -495.450 0.979
58.064 -48.982 -412.983 0.869
-9.790 -81.465 -416.143 0.995
13.798 -72.305 -403.372 0.893
57.230 7.166 -476.876 1.262
18.036 -72.135 -400.981 1.272
30.206 6.925 -374.624 1.220
-24.061 -73.610 -477.396 1.089
-60.670 -88.726 -321.405 0.924
92.043 -76.922 -477.431 0.942
-21.926 -55.490 -409.179 1.133
88.973 -98.814 -427.458 0.953
83.328 37.569 -480.359 0.900
85.520 -36.545 -328.458 0.807
-7.202 -60.663 -347.099 1.163
17.639 -68.651 -326.563 1.032
31.162 -76.189 -415.457 1.241
-90.513 23.882 -359.188 0.898
67.333 76.770 -400.399 1.183
-19.579 -70.791 -315.443 1.076
-97.015 -3.349 -465.389 1.004
79.948 0.329 -338.889 1.212
-91.481 19.735 -393.111 0.974
88.250 -91.643 -439.854 0.970
-25.939 -38.294 -453.316 1.066
-64.078 -92.581 -362.153 0.863
-38.328 -2.887 -334.359 0.882
-29.933 10.571 -408.167 1.020
-66.548 -84.490 -372.267 0.778
81.786 16.336 -347.013 0.876
-29.732 -32.087 -438.164 1.004
-28.901 -27.207 -423.624 1.084
42.311 -22.471 -309.502 1.071
-70.438 41.559 -486.470 0.947
-62.881 51.136 -353.846 1.031
-95.549 54.858 -429.331 0.852
33.813 -46.014 -324.269 0.757
-53.279 -27.978 -466.315 0.793
67.593 -49.447 -399.270 1.211
36.826 -78.672 -326.368 1.115
11.808 -71.297 -353.700 1.048
28.756 74.410 -315.293 1.142
-51.449 -79.565 -476.120 0.978
-18.197 43.483 -489.887 0.892
-21.515 -60.729 -427.014 0.933
-88.933 -69.765 -486.749 1.084
-13.991 -51.426 -493.456 0.849
24.808 8.388 -332.118 1.015
85.789 86.812 -453.681 0.980
42.599 -34.555 -331.551 1.066
43.172 -75.691 -416.268 0.918
-19.381 3.102 -355.931 1.102
-47.092 58.290 -406.513 0.897
-63.123 88.619 -382.841 0.998
13.835 83.056 -362.628 0.950
-60.197 -85.881 -391.181 1.142
49.467 31.648 -325.161 1.074
-84.741 -11.283 -319.208 0.952
-3.016 23.121 -386.773 1.170
39.678 53.205 -465.713 1.046
15.264 -19.215 -464.772 0.964
-51.531 -99.701 -491.849 0.906
-4.565 38.899 -369.028 1.047
-68.960 81.014 -300.405 0.838
-59.940 18.505 -393.501 0.946
-81.012 -47.034 -477.157 0.998
-93.021 96.733 -325.238 1.074
-90.520 -65.879 -407.656 1.005
-19.231 -53.391 -473.397 0.813
-84.047 35.140 -350.552 0.888
-33.374 -20.986 -367.783 0.966
-91.897 -77.028 -356.743 0.970
58.918 80.543 -301.723 1.112
-84.068 56.526 -478.845 0.949
15.396 -72.117 -364.614 0.948
-96.389 -14.765 -332.944 1.022
-55.788 25.626 -317.982 1.142
73.894 67.900 -415.555 1.007
-71.948 11.613 -441.277 1.116
24.906 13.501 -474.270 0.991
38.998 29.053 -486.198 1.067
-50.545 18.527 -344.021 1.134
-15.663 -10.875 -341.716 1.015
91.266 45.562 -459.266 0.998
84.172 89.518 -362.619 0.845
-86.526 52.642 -383.695 1.006
-39.895 81.811 -358.863 1.003
53.809 72.953 -492.884 1.009
-76.300 97.079 -369.917 0.974
66.903 -8.340 -358.746 0.986
58.002 2.138 -366.080 1.192
-39.876 -12.217 -459.148 1.207
-5.881 36.890 -327.879 0.833
-76.705 -98.765 -311.239 0.939
-91.846 -27.114 -443.772 0.966
-7.823 -98.681 -489.184 0.981
86.540 16.341 -383.146 0.894
84.410 92.608 -477.637 0.965
-18.455 -76.153 -448.736 0.882
-2.114 40.071 -330.850 1.073
33.644 95.252 -374.649 1.057
-68.828 97.795 -425.619 0.894
79.954 85.224 -393.751 1.025
50.342 4.608 -421.500 1.009
76.007 57.776 -346.512 1.029
-42.498 -63.153 -453.084 1.168
67.718 32.959 -480.663 0.855
-62.435 96.702 -447.334 1.133
-40.255 16.942 -367.587 0.936
-10.281 99.036 -412.824 1.075
96.412 47.123 -367.416 1.124
27.297 44.148 -316.585 1.047
-18.571 26.484 -433.992 0.843
17.985 -77.226 -328.435 1.058
-48.697 -91.432 -333.824 0.914
-92.447 98.847 -369.011 0.948
77.777 -58.652 -446.782 0.934
-87.774 -71.956 -309.144 1.122
-79.762 57.663 -332.914 1.000
-28.047 60.519 -344.190 0.901
-81.576 -26.809 -475.544 0.993
-25.202 56.779 -433.423 1.037
-15.695 -74.725 -393.686 0.983
-30.831 77.366 -391.576 0.833
-23.291 -28.432 -304.922 0.975
59.707 -8.603 -490.041 0.846
86.835 4.615 -392.533 0.865
1.387 32.563 -340.083 1.065
-61.444 65.373 -371.571 0.980
-68.790 58.409 -331.804 1.081
-23.887 85.479 -400.076 1.109
71.902 39.012 -404.220 1.046
-2.922 67.341 -460.876 1.006
-93.855 -97.739 -473.996 0.991
-76.487 72.223 -371.465 1.104
93.741 -41.834 -473.266 1.182
-93.915 -77.313 -459.802 1.040
-27.179 79.991 -420.526 0.997
-20.773 -38.551 -482.771 0.958
-99.637 -51.602 -444.632 0.992
-27.894 -33.107 -330.018 0.878
-28.322 40.551 -471.619 1.190
56.406 -11.869 -388.649 1.086
-90.385 -11.675 -378.772 0.897
93.048 4.500 -434.340 1.098
11.814 42.319 -327.740 1.019
7.738 13.765 -341.120 1.028
-84.209 88.884 -476.023 0.927
96.085 44.772 -450.264 0.930
-14.858 16.612 -315.475 0.925
51.668 40.402 -401.136 0.847
22.797 -53.260 -491.257 1.009
-54.143 1.583 -348.379 0.985
-20.718 -41.898 -385.731 0.876
-0.341 -42.967 -447.168 0.995
23.799 28.129 -415.532 1.052
-93.367 92.921 -496.878 1.027
-92.585 -11.497 -360.569 0.964
-36.135 2.849 -450.374 1.108
5.403 81.461 -480.965 0.999
51.162 64.211 -437.394 1.152
-81.673 -2.715 -305.711 1.113
-57.011 67.634 -411.918 0.880
82.575 -47.473 -410.993 0.972
-37.957 -84.398 -338.147 1.016
45.531 -73.875 -386.362 0.886
-43.605 -89.394 -337.234 0.997
-65.264 91.143 -418.164 1.100
22.255 84.631 -345.150 0.917
43.336 31.920 -466.364 1.008
11.731 3.329 -461.098 0.857
-99.261 29.308 -343.657 1.010
-34.419 -62.153 -489.606 0.941
-87.530 34.278 -383.470 0.889
97.498 10.537 -359.212 0.881
45.932 -4.832 -406.066 0.980
-54.067 92.554 -325.040 0.884
-64.591 33.138 -455.718 0.933
62.927 -98.981 -448.423 1.053
-28.910 -72.391 -310.271 0.974
-87.659 62.510 -445.048 0.995
45.898 -71.125 -460.745 1.038
34.445 90.601 -303.882 0.984
-94.912 94.151 -482.218 1.042
-1.093 -83.054 -451.085 1.105
-24.202 -15.432 -351.297 1.095
-86.082 -23.246 -323.213 1.037
47.018 -55.043 -361.795 0.902
63.758 22.385 -338.561 1.069
-97.797 32.299 -479.400 1.073
-17.929 -11.639 -323.797 1.008
8.533 18.504 -306.892 0.978
-39.065 25.968 -371.110 1.004
-97.929 53.173 -401.010 0.869
19.374 -32.717 -456.317 1.181
-33.820 -9.594 -494.561 1.145
35.219 -85.330 -497.250 1.092
26.153 29.071 -421.256 0.851
58.475 -60.357 -427.136 0.964
-32.440 37.297 -387.594 0.987
66.162 -21.291 -465.597 1.240
25.890 8.144 -444.451 0.999
-73.557 75.221 -339.049 0.953
-1.148 9.289 -334.166 0.925
72.990 -12.628 -352.964 1.076
49.993 -10.352 -449.759 0.851
-1.951 -55.185 -408.983 0.854
-67.005 61.382 -433.875 0.970
56.153 -69.139 -358.391 1.130
67.090 77.725 -317.469 1.092
56.171 -73.510 -447.147 1.089
70.048 67.876 -403.696 0.893
42.497 -61.117 -395.708 0.944
20.498 -50.285 -434.935 0.922
-22.511 -27.097 -481.529 0.889
28.332 -74.485 -446.283 0.918
75.446 82.689 -326.794 0.950
-18.418 33.098 -499.489 0.964
-91.603 -85.077 -494.462 1.083
-12.694 -94.630 -435.433 1.239
56.113 -23.200 -408.147 0.972
-39.711 -35.773 -406.060 0.985
-46.032 2.815 -425.757 1.058
-91.835 63.986 -368.523 1.120
22.028 -79.311 -374.521 1.083
-83.670 8.145 -410.461 0.986
-97.473 16.890 -338.255 1.051
99.298 -3.654 -486.385 0.896
13.213 52.094 -327.771 0.893
83.038 -33.067 -469.168 0.982
-67.665 -33.891 -438.926 0.773
-10.066 49.020 -464.540 0.816
-80.486 -18.256 -332.508 0.905
27.199 -50.186 -352.667 0.987
96.014 2.296 -397.922 1.003
76.164 42.684 -449.604 1.150
83.561 -8.189 -362.023 0.833
72.844 -25.863 -469.693 1.045
88.973 -94.879 -457.355 1.093
-89.211 -87.516 -485.849 1.179
-66.922 -81.725 -351.712 1.070
68.931 -16.493 -455.464 1.079
38.692 44.060 -443.084 0.920
9.431 76.473 -301.846 0.957
83.505 64.119 -348.084 1.174
-2.469 55.103 -490.304 0.948
-5.047 62.316 -484.836 1.198
7.431 -1.634 -370.813 1.013
32.892 -61.388 -451.753 1.179
-80.441 -9.795 -345.061 1.035
-97.349 75.100 -465.922 1.030
43.174 -60.178 -461.874 1.129
46.274 -42.002 -352.422 1.124
-60.946 -47.803 -461.426 0.872
92.547 -60.685 -411.328 0.935
-97.344 -15.158 -355.125 1.048
69.631 -44.686 -376.452 1.075
26.036 0.070 -462.302 1.043
-40.683 84.080 -484.740 1.017
59.025 -18.982 -365.485 0.936
-73.801 -99.003 -459.303 1.009
18.058 71.212 -483.682 1.068
12.283 58.585 -392.938 0.985
-5.140 54.350 -311.086 0.891
59.157 41.832 -354.085 0.993
31.221 -90.993 -464.459 1.146
-88.689 75.713 -361.124 0.834
76.094 90.707 -426.468 1.033
-92.633 73.242 -320.540 1.046
-46.482 -43.887 -499.126 1.004
8.826 78.354 -373.563 0.964
19.072 -79.285 -498.969 1.015
-25.032 60.133 -312.984 1.031
94.766 54.910 -318.261 1.045
-66.779 -14.275 -408.583 1.002
7.543 17.973 -469.844 1.026
95.607 -79.012 -497.633 1.073
-0.459 98.861 -422.502 0.893
-32.285 30.024 -470.322 0.877
-94.848 76.715 -351.299 0.966
15.809 70.627 -441.780 1.016
54.059 47.083 -335.117 0.944
-41.801 26.710 -330.088 1.057
-21.296 65.827 -323.433 0.908
28.262 -73.240 -396.113 0.949
91.188 9.856 -451.412 0.745
-75.410 -60.547 -392.317 0.963
79.545 23.547 -380.260 0.982
-22.290 -37.341 -406.227 0.976
38.403 95.874 -430.839 0.966
90.891 -17.350 -340.052 0.989
53.503 -72.768 -497.711 1.128
-6.122 13.014 -486.078 0.999
95.459 70.217 -419.799 0.975
-1.949 12.578 -447.534 1.236
43.253 -15.880 -393.943 0.988
-95.497 -23.876 -473.218 1.016
65.556 86.196 -309.939 1.198
70.031 49.035 -434.871 0.979
-13.810 96.747 -404.865 0.870
-44.605 -25.955 -389.938 1.151
-12.751 87.099 -317.025 0.895
23.716 -96.469 -312.588 0.997
-1.004 -6.494 -398.519 0.858
6.527 -24.235 -439.082 0.932
-67.647 -21.938 -381.635 0.898
67.025 95.503 -382.885 1.027
-99.880 -43.769 -449.511 1.017
-81.275 14.495 -489.899 1.038
-73.271 -23.015 -495.715 1.059
70.486 -19.034 -380.662 1.018
-0.815 87.085 -353.628 0.926
1.552 30.453 -414.242 1.057
80.703 -84.174 -343.933 1.193
-49.379 -17.471 -330.267 0.847
-93.944 19.009 -401.916 0.952
8.371 -82.333 -302.529 1.038
66.759 96.588 -385.218 0.986
-47.776 -65.411 -329.573 1.011
16.103 24.620 -413.015 0.987
-54.080 -73.437 -444.480 0.987
-81.404 98.722 -432.284 0.908
-61.132 11.917 -302.438 0.964
-98.037 -88.789 -455.603 0.976
72.157 -32.923 -487.805 1.022
10.021 -28.430 -370.400 1.042
-63.432 14.271 -470.491 0.955
-38.695 -73.735 -385.785 0.800
11.008 75.738 -367.365 1.087
92.046 -6.012 -324.374 1.007
-85.178 87.013 -384.445 0.986
61.142 -22.795 -404.814 0.949
61.204 47.564 -363.974 1.015
50.493 85.707 -306.968 0.981
30.300 -63.275 -421.366 1.033
-33.578 0.453 -335.508 0.974
10.920 36.274 -312.380 1.118
32.092 -38.942 -304.091 0.958
58.812 8.737 -379.145 1.121
65.232 80.485 -388.155 1.057
90.073 0.716 -337.945 0.961
-40.468 -50.378 -475.999 1.110
48.467 77.739 -422.908 1.177
-42.046 59.882 -352.248 1.051
44.394 -51.211 -492.438 0.982
-13.467 -83.448 -498.024 1.005
44.174 80.698 -381.455 0.867
-50.107 -18.307 -339.289 0.911
-82.553 -94.645 -372.458 1.077
-9.988 44.469 -419.376 1.049
78.058 -1.686 -491.139 1.062
94.554 -96.999 -478.958 1.160
-1.475 82.737 -443.652 0.881
-28.513 29.004 -333.503 0.911
-20.754 97.469 -337.756 0.957
-17.863 -86.684 -456.043 1.173
0.623 -78.778 -475.481 1.110
71.366 -65.484 -430.113 0.912
-95.657 60.661 -312.803 0.976
12.118 69.726 -479.967 1.034
-73.540 22.403 -440.780 0.963
-87.587 0.747 -423.507 1.045
-19.071 6.900 -445.383 0.891
-78.377 42.579 -424.662 0.795
-18.540 -36.262 -341.500 1.003
46.141 -98.546 -309.123 1.031
-0.402 56.895 -345.749 1.069
38.889 0.073 -379.404 1.075
-3.107 -17.664 -405.647 0.894
-99.907 58.378 -323.253 0.975
30.392 26.391 -358.980 1.047
-92.508 -20.953 -332.991 0.996
-82.930 -29.949 -439.766 0.844
-20.044 -7.398 -421.808 1.007
-78.721 45.313 -429.005 1.157
54.741 54.897 -306.124 0.944
-6.217 18.479 -388.703 0.986
76.394 -89.193 -498.166 0.942
-8.755 74.794 -382.838 0.894
-21.212 -61.158 -340.516 0.998
-87.077 -72.807 -302.678 0.969
-87.502 84.541 -327.074 1.051
-50.257 26.049 -346.264 1.047
-82.744 16.765 -371.133 1.004
-56.773 49.564 -433.634 1.042
58.206 -13.207 -328.300 0.894
97.816 -5.293 -452.251 1.061
84.244 52.733 -452.377 0.938
-46.388 -45.482 -423.445 0.929
86.874 81.988 -360.549 0.992
67.228 48.079 -356.263 0.955
-38.671 39.946 -434.339 1.006
4.611 23.712 -332.253 0.882
63.460 -90.715 -438.912 1.015
56.203 4.316 -487.078 0.991
-47.940 -18.257 -393.594 1.124
44.413 -31.183 -302.069 1.065
-71.942 -92.594 -389.281 0.941
44.420 -32.147 -460.481 0.982
-15.303 62.954 -319.440 1.063
52.787 -73.879 -369.698 1.056
-30.824 12.317 -309.457 0.896
-39.640 38.806 -417.322 1.000
-63.163 49.064 -456.714 1.003
0.208 87.820 -412.068 1.104
17.741 -95.233 -305.000 0.936
92.819 63.073 -357.135 0.875
27.564 6.000 -371.287 1.108
-4.350 17.546 -330.922 0.876
-37.654 17.046 -393.145 0.925
-4.148 -50.700 -469.237 1.131
-74.686 -32.553 -302.352 1.080
97.305 29.521 -495.961 0.949
-93.646 -70.712 -481.756 0.908
90.198 5.047 -457.517 1.089
-27.890 75.698 -306.525 1.093
-53.841 -72.248 -311.369 0.993
-18.490 -58.281 -385.911 0.949
73.374 70.291 -309.930 0.950
99.710 -59.710 -488.722 0.940
-24.034 -52.787 -354.305 0.848
79.538 96.252 -381.247 0.976
-83.609 -15.646 -392.220 1.039
-71.254 23.052 -489.321 0.885
-79.120 20.941 -443.389 1.010
22.458 19.139 -463.253 0.881
-78.001 -76.943 -455.003 1.001
-55.666 87.083 -309.868 1.036
-11.133 95.610 -396.004 1.079
31.058 -70.695 -327.801 1.048
-81.825 4.698 -432.518 1.066
48.877 -23.802 -402.882 0.901
95.794 -80.347 -489.324 0.925
-94.242 40.870 -487.319 0.921
3.557 -8.191 -333.818 0.933
-67.451 -98.315 -346.318 1.108
85.217 -8.090 -368.496 0.850
67.491 58.583 -350.386 0.914
96.782 61.456 -346.745 1.083
90.074 87.840 -333.684 1.011
73.285 7.628 -312.813 0.946
-70.253 35.974 -452.440 0.842
63.461 -65.933 -446.348 1.170
20.502 15.361 -360.514 0.979
65.493 52.203 -317.294 0.914
14.812 -88.196 -484.739 1.145
-62.755 -95.414 -499.717 1.085
-0.130 87.708 -375.427 0.911
-31.123 27.636 -381.021 1.106
-79.638 4.497 -432.921 0.998
86.770 -8.579 -326.561 1.073
-0.103 -10.746 -454.009 0.988
-97.772 40.206 -309.760 0.767
-39.343 71.882 -357.536 0.927
-7.494 -38.475 -453.824 1.091
-45.575 81.238 -489.827 0.943
-29.758 94.769 -392.584 0.968
59.722 82.791 -309.025 1.124
90.282 35.859 -372.747 1.027
-75.823 81.336 -349.161 1.063
96.068 -86.140 -308.994 1.074
-4.400 96.026 -320.338 1.043
-75.127 25.632 -478.275 0.988
-61.786 -83.905 -420.329 1.073
52.186 -30.710 -365.249 1.022
-23.334 18.250 -340.738 1.017
-16.422 89.405 -384.329 0.907
-1.603 -91.220 -382.516 0.873
-81.139 -97.060 -311.763 1.135
-86.135 -20.025 -423.082 1.095
93.878 -97.656 -307.339 0.857
7.981 -81.830 -373.168 1.103
69.412 -1.939 -498.531 0.910
84.422 -16.863 -391.989 0.832
24.043 -62.507 -314.828 0.930
-58.395 41.049 -453.910 0.912
67.588 -14.913 -476.929 1.116
-37.275 -91.899 -488.906 1.026
83.775 33.630 -476.720 0.972
-25.378 -59.457 -430.426 1.150
90.449 90.016 -453.315 1.096
70.132 -98.233 -374.595 0.816
-74.684 -90.804 -481.085 0.985
77.051 50.452 -368.363 0.956
-84.700 -86.522 -390.901 1.220
48.629 -87.721 -304.571 1.118
36.370 55.081 -360.106 0.918
-21.279 55.867 -431.037 0.965
-75.810 -17.261 -324.094 0.916
67.981 58.009 -391.718 0.926
-51.389 5.903 -395.899 1.007
74.500 28.985 -310.526 0.976
-49.263 39.885 -423.736 0.975
36.301 92.934 -331.085 0.917
-67.009 67.632 -374.895 0.942
70.888 -32.933 -395.849 1.121
-79.727 23.206 -474.871 0.846
-2.608 -83.098 -314.125 0.996
-2.699 8.328 -371.423 0.949
-71.601 66.347 -426.533 1.101
-15.357 -30.961 -437.704 0.896
-37.785 70.919 -366.816 0.828
37.672 -83.920 -365.383 0.787
-27.117 -87.536 -489.553 1.232
60.430 44.309 -462.385 0.862
58.684 -59.530 -454.260 0.708
-29.191 -61.451 -454.346 1.029
-35.818 6.487 -429.146 0.999
-59.316 -72.634 -309.830 1.089
77.882 12.460 -374.836 1.017
55.604 -15.077 -434.214 1.027
-22.125 22.922 -351.568 1.071
29.549 -21.273 -326.412 1.195
70.020 -63.450 -465.193 1.031
-16.713 -17.806 -411.049 1.063
43.708 83.678 -390.724 1.097
6.129 83.448 -405.508 0.944
-67.326 99.336 -381.415 0.965
29.378 74.045 -479.067 1.013
-90.151 22.015 -402.272 1.077
-4.183 86.892 -346.025 0.993
51.400 19.775 -334.778 1.004
-16.043 51.490 -390.348 0.972
17.813 90.764 -355.035 1.115
44.715 64.427 -442.990 1.129
-75.768 -4.956 -480.936 1.222
-95.302 12.269 -335.090 1.000
9.559 7.875 -456.163 0.888
79.837 -49.403 -301.228 0.855
-25.687 8.055 -382.481 1.001
-92.819 21.948 -405.345 1.100
43.028 38.373 -488.766 1.084
-53.787 -95.886 -445.144 0.940
-64.871 -7.493 -374.198 1.073
80.885 70.513 -381.574 1.217
0.771 28.779 -411.594 1.007
-85.340 81.956 -384.375 1.087
-22.873 -25.284 -300.163 0.977
-58.821 -49.632 -395.938 0.818
13.937 41.959 -399.894 0.835
23.629 -95.613 -490.631 1.007
-99.615 -3.480 -439.905 0.968
41.800 52.992 -418.976 0.911
-0.367 -21.652 -434.643 1.105
82.327 -20.429 -425.814 1.001
52.567 27.872 -374.226 0.887
-12.183 -41.257 -419.693 1.041
96.256 -29.244 -426.680 0.842
-17.731 68.648 -480.958 0.988
-52.403 34.140 -455.769 1.101
38.313 -85.525 -447.260 1.111
94.575 -22.509 -496.945 0.970
19.034 43.311 -317.188 0.869
-24.057 -35.074 -404.530 0.990
16.540 -54.182 -303.553 1.064
51.441 30.149 -394.044 1.024
61.699 58.692 -470.556 1.089
64.275 45.424 -491.558 1.126
-83.381 -18.832 -484.441 0.978
68.421 6.329 -325.094 1.161
-2.587 -50.977 -460.714 1.223
-13.851 -37.665 -453.394 0.980
6.267 14.329 -320.617 1.008
-1.998 -13.859 -405.687 0.963
-44.815 78.037 -339.504 0.948
-86.574 -35.218 -384.891 0.937
36.457 -37.167 -480.905 0.836
20.197 -25.031 -301.774 1.078
52.242 73.033 -329.378 0.975
74.633 42.238 -379.610 0.970
-74.948 59.548 -448.574 1.079
10.348 -26.460 -474.561 1.176
66.729 51.113 -429.626 1.182
30.844 -45.604 -393.379 1.026
71.119 -47.555 -448.742 0.934
97.389 -40.272 -391.738 0.874
-47.136 -40.587 -498.919 1.153
33.333 86.116 -321.852 1.015
-17.210 -36.114 -421.803 0.815
70.351 -3.246 -360.746 1.078
-41.145 65.570 -403.738 1.011
42.027 85.813 -351.229 1.001
98.203 18.578 -452.582 1.136
-60.520 23.214 -491.132 1.120
45.782 -49.175 -486.300 1.154
-48.735 95.615 -345.656 1.024
21.698 45.611 -379.552 1.118
-9.219 58.180 -438.817 0.985
75.186 -35.109 -446.611 0.845
-67.108 49.957 -497.739 0.977
-17.473 71.298 -414.974 0.984
47.172 -24.169 -341.759 1.110
-61.909 91.317 -486.513 1.104
10.655 -2.797 -478.783 1.093
54.239 6.814 -475.338 0.952
-40.068 12.153 -321.187 1.125
-74.662 17.092 -373.886 1.092
59.368 -2.051 -410.520 1.153
46.062 94.712 -477.922 1.114
-39.759 -22.537 -416.529 0.994
-10.012 25.890 -332.315 1.116
22.910 79.535 -366.966 0.923
8.873 -41.319 -481.457 1.050
-17.585 57.322 -499.967 1.021
-29.658 85.693 -387.825 1.179
1.646 58.365 -377.417 0.803
55.610 74.907 -421.630 0.953
10.376 1.964 -456.486 1.005
-65.583 -85.579 -491.229 1.017
45.035 -87.616 -458.534 0.932
-26.155 8.288 -305.843 0.890
24.867 67.566 -423.982 1.062
58.434 25.773 -423.892 1.126
8.144 36.860 -489.772 1.094
-91.718 -42.508 -453.167 0.982
16.116 16.375 -428.304 0.965
74.502 14.133 -324.188 1.125
89.715 -91.026 -328.823 0.860
-91.217 -83.829 -494.189 1.048
11.089 7.495 -309.386 1.060
83.337 -68.734 -318.090 0.854
-71.261 16.928 -486.936 1.015
17.151 25.018 -440.454 1.008
74.477 33.007 -311.877 1.101
11.225 21.477 -409.197 0.817
54.354 -77.532 -467.417 1.106
-92.268 -1.781 -450.595 0.964
17.455 82.492 -436.969 1.109
32.945 24.478 -411.857 1.240
93.501 26.580 -358.931 0.765
-16.734 -22.159 -304.532 1.012
-4.185 -3.062 -403.211 1.116
-38.967 -39.632 -453.419 1.065
58.324 -78.031 -447.617 1.032
-43.742 89.189 -390.050 0.978
1.859 -79.298 -377.887 1.058
-79.699 97.464 -393.952 1.174
40.429 12.575 -381.176 1.009
31.078 -7.593 -422.623 0.997
33.937 35.737 -440.783 1.108
-30.437 30.043 -489.756 1.064
-40.496 -31.163 -343.455 1.065
-95.876 -5.255 -493.627 1.139
-13.798 -68.702 -429.799 1.076
-20.711 -85.891 -345.481 1.092
47.407 -75.511 -349.794 0.947
-62.639 67.243 -367.058 0.929
-7.622 -58.126 -320.328 0.943
59.193 -39.748 -346.287 0.968
-28.021 23.941 -348.130 0.935
51.290 -60.763 -369.333 1.041
-60.280 -83.621 -450.837 0.813
-93.066 75.724 -462.434 1.022
74.042 23.677 -309.247 1.011
89.185 -63.106 -392.709 1.154
-21.949 30.511 -471.571 0.894
-19.477 11.272 -438.928 1.139
-30.329 19.909 -424.137 0.905
13.220 -41.252 -331.251 1.053
17.352 -85.495 -363.492 0.672
-11.770 81.858 -361.609 0.989
85.715 -70.205 -387.583 1.106
20.968 -35.499 -313.352 0.807
28.621 -36.819 -467.382 1.009
14.347 -20.489 -322.833 1.035
-11.319 61.756 -379.323 1.123
92.441 68.537 -354.244 0.997
81.401 -83.782 -434.924 1.058
46.113 89.294 -353.673 1.018
73.890 67.155 -423.320 1.019
52.678 96.069 -320.862 1.080
-5.311 -23.684 -333.704 0.854
69.880 -6.892 -357.106 1.171
-17.816 -71.793 -365.728 0.940
6.585 -51.191 -450.356 1.068
-12.677 66.164 -453.330 0.985
66.068 65.695 -378.208 1.035
14.862 -24.911 -429.698 0.959
-81.029 91.991 -497.319 0.944
34.542 -19.398 -472.362 0.958
-9.606 -76.390 -396.573 1.064
-27.985 -82.618 -471.050 0.984
-34.380 -0.464 -380.004 1.131
77.891 -25.610 -326.712 0.895
52.515 -81.826 -310.985 0.997
58.031 48.610 -354.561 1.050
-70.734 9.800 -463.130 0.994
64.344 75.389 -428.861 0.954
34.267 -69.080 -390.126 0.996
-92.211 78.196 -475.933 0.952
1.394 -56.724 -402.462 1.013
-34.486 74.066 -380.538 1.110
-64.197 -6.695 -382.464 1.041
-61.593 37.634 -435.754 1.079
28.633 7.974 -434.110 0.866
-68.970 -31.486 -480.590 1.022
28.405 53.774 -395.938 1.014
13.542 15.581 -451.691 1.027
-38.777 -29.086 -310.677 0.922
-4.560 97.254 -408.116 1.058
72.391 54.296 -447.251 1.040
-33.948 -97.540 -467.578 1.016
98.020 41.904 -439.415 0.867
83.224 -22.445 -456.006 1.005
-31.231 62.102 -450.223 0.938
83.029 61.021 -300.681 1.129
15.074 49.651 -342.009 1.111
34.004 -78.650 -313.889 0.965
-97.877 -11.816 -303.934 0.969
-49.976 -30.704 -485.386 1.090
32.351 -38.827 -463.119 1.089
-69.853 60.751 -478.739 1.098
-10.443 -0.748 -455.692 0.997
11.046 78.655 -362.091 1.084
-19.778 5.363 -434.527 0.994
8.521 27.657 -428.916 0.930
2.564 0.638 -434.702 0.968
41.541 13.914 -334.785 0.935
-17.646 -60.766 -461.022 1.183
63.789 -93.667 -373.092 1.106
35.941 21.152 -334.548 1.009
6.350 98.563 -437.374 1.038
-88.339 91.439 -440.903 0.893
42.842 32.921 -459.202 1.151
-81.997 44.172 -346.211 1.188
-38.886 84.344 -361.066 0.980
37.959 31.990 -353.366 1.136
-99.353 -29.504 -496.573 0.934
-43.415 -44.921 -407.052 1.045
59.576 0.408 -411.162 0.903
-29.149 84.889 -470.996 1.041
-2.165 95.872 -311.079 1.026
83.616 -87.231 -487.078 0.960
21.070 -78.225 -459.413 1.180
77.501 -65.957 -470.246 1.038
-41.322 -46.826 -388.987 1.031
-61.365 2.663 -458.231 1.050
36.105 -22.825 -403.876 0.956
-23.513 -65.874 -482.817 0.960
-86.695 -55.424 -477.150 1.036
56.143 22.840 -371.169 0.980
70.685 -1.087 -441.492 1.036
-23.465 -4.614 -495.298 0.918
59.392 -98.897 -355.396 1.094
75.018 56.681 -391.929 1.077
67.286 -66.717 -305.758 0.926
79.052 -53.425 -307.807 0.931
76.873 -35.215 -496.447 1.045
19.877 -32.808 -400.268 1.135
4.876 95.205 -485.351 1.100
99.204 -34.222 -381.228 1.009
-28.106 -9.804 -330.432 1.151
65.336 -72.464 -478.768 0.880
7.833 89.339 -400.911 1.040
77.070 22.790 -361.141 0.920
-50.894 -84.549 -350.236 1.003
-42.525 67.058 -386.172 1.250
-74.493 16.142 -411.674 0.878
-76.477 91.495 -347.419 1.068
50.577 -66.810 -496.288 0.894
-83.155 45.726 -387.874 0.878
-49.440 14.823 -486.153 1.051
-76.948 23.497 -338.717 0.949
-6.904 -94.448 -473.080 0.881
-69.482 -1.175 -329.797 1.148
14.448 78.239 -375.942 1.034
-85.575 -27.177 -483.161 1.112
76.134 -22.371 -458.068 1.156
84.695 33.936 -313.722 1.004
-34.457 -93.231 -318.634 0.874
-48.640 -60.462 -376.303 1.022
46.263 -57.908 -457.064 1.083
11.431 -67.316 -442.679 0.927
33.650 17.738 -417.146 0.965
89.578 -6.133 -480.209 0.974
-30.374 43.708 -383.936 1.019
33.081 -13.420 -378.043 1.102
99.548 -5.880 -363.101 0.928
37.436 72.340 -489.316 1.108
-20.265 -52.971 -395.974 0.968
-40.972 -57.391 -495.651 1.038
50.128 -87.786 -327.016 1.017
-45.527 44.682 -495.432 0.923
-40.759 -26.062 -357.434 0.947
-97.065 63.201 -376.892 1.039
40.315 16.339 -384.123 1.021
15.528 -45.892 -327.054 0.964
75.519 -23.708 -484.723 1.037
77.682 -7.596 -343.061 1.241
-3.885 48.766 -463.837 1.009
98.478 31.420 -466.008 1.117
71.559 -72.286 -448.183 0.920
-80.240 95.650 -371.145 0.940
97.578 -74.799 -463.146 1.076
86.105 -99.339 -321.582 0.933
43.036 -68.140 -487.566 1.014
49.911 84.552 -459.040 1.162
26.475 -3.357 -492.810 1.020
51.034 75.718 -465.300 0.978
94.658 -53.978 -407.476 0.979
37.518 56.031 -446.019 0.895
26.621 -17.200 -353.704 0.880
-32.176 60.185 -480.849 1.113
79.317 -41.685 -465.658 1.027
44.102 -85.669 -426.721 1.045
67.668 -16.496 -359.823 1.020
-25.564 -14.507 -479.101 0.917
-34.411 -38.412 -421.308 1.011
-8.932 63.954 -394.203 1.042
-54.414 -56.149 -330.253 0.852
68.510 -92.149 -470.942 0.903
-18.110 -74.982 -452.168 0.849
67.180 -22.821 -454.695 1.041
41.740 44.530 -398.036 0.865
15.707 -64.959 -404.754 1.090
-15.203 -95.125 -378.343 0.823
0.684 -13.792 -350.674 0.811
-98.188 32.659 -486.943 0.953
92.654 -43.904 -349.610 0.936
-27.687 -14.275 -384.554 0.946
-95.499 -32.807 -457.003 1.025
-99.472 81.211 -364.650 0.984
-87.500 67.092 -478.621 0.898
-87.375 -79.189 -404.153 0.974
13.343 -74.188 -393.098 0.959
43.234 -11.644 -477.628 1.091
74.248 83.843 -334.048 0.962
-72.449 69.635 -455.175 0.894
53.684 92.436 -443.135 1.184
-71.130 94.188 -341.425 0.878
-65.802 -16.720 -332.704 1.113
91.288 -67.355 -497.799 0.942
-1.055 77.911 -435.216 1.058
-20.384 -9.621 -444.165 0.948
-51.045 -66.323 -344.726 1.015
15.444 10.330 -477.546 1.025
59.017 -22.196 -357.435 1.277
25.228 -57.418 -451.171 0.789
68.796 -74.701 -469.992 0.970
-5.088 -15.672 -355.770 0.900
16.213 -0.319 -350.400 1.078
86.185 -32.676 -426.278 1.120
-67.730 48.369 -457.467 1.000
-94.876 -58.070 -370.808 1.024
-48.967 -89.087 -358.911 1.071
-31.056 62.335 -355.460 0.914
99.097 -22.752 -302.746 1.070
41.566 56.761 -355.244 0.972
2.959 1.380 -455.192 0.875
72.692 61.781 -410.802 0.935
-87.338 -99.824 -376.864 1.081
11.287 -56.728 -342.335 1.070
97.437 4.843 -390.993 0.810
34.345 89.274 -452.365 0.962
-56.609 36.863 -405.848 0.930
-19.731 31.272 -453.091 0.924
-87.342 81.214 -316.037 0.968
45.456 -94.785 -471.838 0.721
-30.788 -14.418 -393.616 1.118
-12.154 75.119 -310.076 1.089
-22.758 4.500 -435.847 1.043
-98.781 -11.214 -468.969 0.916
22.551 73.629 -477.811 0.943
-82.620 -13.819 -470.469 1.102
73.486 99.002 -470.444 0.948
-3.782 -16.269 -402.670 0.846
8.294 -91.474 -428.815 1.024
-7.311 -83.414 -397.541 1.101
92.599 84.261 -329.675 0.937
84.297 -81.558 -389.713 0.841
-92.709 -1.106 -468.219 0.983
-26.680 33.327 -413.463 0.945
70.029 37.239 -443.836 1.142
-40.044 8.366 -488.221 0.993
-64.954 74.312 -398.799 1.105
-82.479 84.342 -317.375 0.986
18.494 -42.065 -351.738 0.919
75.458 -87.824 -305.848 1.051
-26.807 -44.394 -324.118 0.968
73.944 -92.999 -362.214 0.995
60.547 -51.832 -409.381 0.901
-15.634 9.805 -410.050 0.958
-47.056 77.994 -410.861 0.939
41.531 89.341 -432.807 0.993
44.852 13.100 -345.053 0.893
-32.588 93.815 -490.009 1.097
10.919 26.840 -300.877 1.100
-84.927 27.053 -315.120 0.830
-10.777 -17.602 -358.188 0.992
35.736 -14.407 -398.690 0.899
-30.814 -30.610 -373.636 1.059
27.147 83.180 -304.188 1.034
45.107 13.375 -339.650 1.003
30.744 -46.470 -373.379 0.977
-67.128 -71.084 -303.224 0.780
-64.714 71.168 -382.125 1.110
-56.778 -65.521 -329.183 1.165
-10.190 69.851 -327.311 0.987
-5.593 -33.185 -336.289 1.028
-64.125 -9.564 -332.877 1.103
-96.331 24.703 -338.353 1.178
64.626 -59.002 -313.100 1.023
-25.062 98.115 -456.452 1.109
10.850 -81.032 -468.544 0.899
-21.441 53.235 -457.510 0.914
-79.183 34.749 -412.482 0.996
-58.595 -11.400 -407.651 1.099
71.559 -95.421 -374.962 1.127
-1.196 44.151 -424.350 0.941
57.064 25.588 -396.957 1.092
8.286 91.801 -385.966 1.198
-87.179 27.782 -368.661 0.887
58.844 -84.110 -319.668 0.919
-21.345 49.891 -496.950 0.953
10.180 -55.409 -372.468 1.144
-95.451 37.953 -398.191 0.993
5.840 16.172 -443.578 0.996
18.858 55.217 -390.272 0.915
-32.021 -77.555 -488.651 0.957
-20.296 84.702 -416.030 0.995
-62.898 -29.556 -403.534 0.902
-45.990 96.202 -469.749 0.913
-43.360 -16.220 -481.454 0.952
84.122 -22.189 -353.774 0.945
77.052 -79.496 -462.330 0.902
-75.524 99.909 -498.305 0.947
-83.746 -4.476 -314.051 0.944
60.955 34.132 -342.789 0.923
70.343 -8.204 -467.262 0.998
28.644 -55.038 -394.340 1.012
10.946 -86.699 -435.847 1.116
-93.034 56.324 -382.096 0.942
-89.979 88.660 -392.944 1.023
91.450 -92.190 -406.916 0.979
28.238 27.214 -338.281 1.147
35.106 -44.764 -432.549 0.760
-73.454 -77.864 -469.269 1.156
-7.359 36.483 -339.073 1.141
-12.566 60.066 -487.322 0.920
-49.377 92.047 -444.969 0.885
-11.623 6.840 -458.852 1.251
-4.900 -70.991 -327.247 0.979
33.032 41.018 -449.628 1.120
-78.989 94.976 -407.530 0.909
-59.958 27.524 -488.961 0.870
52.581 84.402 -365.191 0.839
-61.584 93.809 -332.485 0.946
64.527 43.838 -302.551 1.213
-43.867 -51.145 -396.433 0.984
-59.854 47.423 -495.673 1.080
-43.966 73.317 -346.718 1.044
92.813 50.724 -367.322 0.965
32.059 12.571 -459.250 0.899
83.912 -97.684 -442.200 1.030
-30.724 -82.911 -435.548 0.867
30.747 86.346 -333.862 1.020
-43.633 11.760 -457.990 1.019
-37.417 -3.755 -452.418 0.899
86.978 20.112 -416.001 1.066
57.155 -55.958 -314.812 0.969
82.553 -52.254 -373.104 1.060
10.276 -2.862 -496.592 1.074
-51.683 -10.833 -431.738 1.110
23.101 -23.216 -339.800 0.986
-64.964 -87.044 -375.343 1.082
22.872 -50.395 -473.026 0.941
15.944 81.215 -350.873 0.876
-47.729 95.320 -396.086 1.105
95.157 -94.196 -499.255 0.933
52.258 -3.286 -371.251 1.021
73.606 72.958 -300.405 0.994
-13.775 66.964 -452.318 0.938
-1.044 -70.062 -499.902 0.950
35.381 -90.429 -425.816 0.943
5.539 51.957 -442.007 0.996
19.053 17.565 -303.391 0.985
82.830 -2.229 -476.210 0.968
96.094 -67.581 -366.794 1.099
6.153 77.628 -498.414 1.092
-84.455 19.184 -371.130 1.112
80.637 -56.429 -335.891 0.899
-23.140 -84.795 -375.997 1.116
13.714 69.095 -375.296 0.943
-28.112 -18.717 -472.783 0.798
94.903 -8.268 -373.662 0.972
-15.417 -4.467 -410.038 1.028
14.505 -88.038 -349.361 0.966
32.038 -49.727 -351.548 0.921
6.821 -25.871 -377.446 1.018
52.957 10.346 -361.106 0.989
2.300 32.062 -408.418 1.018
-76.214 -20.125 -396.906 0.990
1.913 -85.350 -480.224 0.855
-97.161 -66.103 -326.711 1.074
47.393 29.521 -333.389 0.977
-42.577 -46.462 -396.796 0.952
23.057 61.282 -389.574 1.024
71.705 -7.277 -372.131 1.144
-16.247 -2.067 -350.532 0.873
-64.556 52.254 -316.918 1.016
35.099 50.734 -347.895 1.073
46.097 2.494 -336.891 0.899
28.213 16.720 -401.888 0.836
66.641 -63.043 -355.723 1.063
12.776 22.196 -477.552 1.044
-14.087 -54.845 -411.731 0.919
27.545 -87.510 -489.439 1.172
71.280 -69.271 -377.890 1.081
19.709 95.588 -432.635 1.099
45.084 -86.343 -434.136 1.032
3.188 -43.652 -303.360 0.987
0.815 -40.461 -330.361 1.031
81.517 -59.112 -486.423 0.903
-28.524 21.880 -441.678 0.821
22.131 73.639 -305.510 1.034
-31.537 -41.043 -385.461 0.801
6.298 -22.992 -347.503 1.104
-69.746 -8.481 -425.090 1.075
96.862 10.892 -428.588 0.932
-82.780 -2.423 -400.182 1.105
-29.819 -25.200 -474.550 0.991
-31.658 -89.046 -435.068 1.043
-45.283 18.859 -335.521 1.088
-90.011 14.054 -420.438 0.924
34.921 -48.432 -323.870 0.854
-3.406 -66.475 -415.569 0.908
-93.184 -20.563 -400.287 1.061
-54.599 60.416 -366.314 0.871
-76.814 -45.557 -371.732 0.997
-70.790 -16.289 -400.304 0.900
-50.563 98.535 -480.244 1.086
-21.104 -35.470 -396.791 0.862
-22.689 -46.812 -300.716 0.869
-10.602 90.924 -387.170 1.128
24.582 18.492 -338.416 1.174
-80.188 39.108 -478.759 0.772
84.433 -22.064 -495.065 0.867
-15.071 26.341 -313.706 0.785
57.104 22.858 -449.843 0.908
29.618 -70.839 -394.543 0.952
-44.753 -4.582 -385.917 0.820
-75.565 98.227 -312.994 0.957
