948 354
1104 391
689 710
940 540
398 301
614 379
1048 260
851 123
469 682
1078 366
886 610
382 927
362 28
965 360
535 235
358 576
973 636
560 390
1077 777
659 688
927 822
749 550
784 143
345 662
419 807
346 334
367 267
581 643
272 515
304 307
364 87
900 495
255 871
940 618
621 635
947 359
780 172
539 362
851 898
814 494
616 588
965 839
600 571
436 527
396 412
235 568
205 894
247 826
900 661
772 855
804 738
413 475
1018 113
994 689
924 395
236 170
725 543
810 882
246 451
340 622
712 199
796 194
287 807
587 633
509 350
212 116
782 762
350 156
622 200
699 763
1009 160
488 322
150 748
617 526
141 920
413 77
333 485
844 288
276 654
745 211
611 120
599 956
1031 636
292 681
821 797
489 710
219 773
1016 837
691 623
217 142
1067 648
619 693
1030 97
996 699
971 647
233 285
754 532
978 916
1006 791
224 625
374 664
459 179
556 564
634 251
955 652
374 468
1011 438
410 572
378 862
761 873
313 861
234 297
497 415
892 622
858 362
223 91
646 397
645 288
930 858
1023 874
409 142
897 290
821 495
245 159
541 451
343 461
1122 264
718 217
956 662
793 340
396 895
582 461
378 776
994 427
455 348
378 316
801 209
816 528
428 656
1007 598
1124 416
658 122
416 863
1055 883
635 901
815 559
542 803
843 862
641 663
875 566
900 474
1038 316
852 146
675 32
337 589
193 530
608 508
418 175
514 799
745 53
262 305
1044 480
182 523
777 734
1023 309
1002 358
468 927
682 397
268 992
583 710
456 631
517 141
309 242
763 952
896 904
616 162
247 230
824 376
579 710
687 778
389 511
865 502
276 179
620 884
943 557
894 217
540 530
501 822
1029 296
552 295
639 389
138 739
625 178
831 151
953 123
224 595
362 411
413 281
859 375
732 140
1122 169
553 895
784 533
254 313
493 670
554 151
342 414
962 110
860 894
438 416
433 578
428 919
460 651
997 624
826 633
1078 887
408 674
577 707
1079 865
794 828
927 755
616 606
380 472
566 688
246 583
1056 413
878 -13
902 685
387 240
1109 344
671 253
235 733
627 583
857 747
811 653
235 237
248 888
1054 984
335 864
936 640
433 974
1038 913
677 135
863 895
304 266
369 610
392 778
564 514
437 952
956 167
669 773
204 751
951 719
213 699
430 449
1052 157
606 230
961 656
335 698
800 277
300 163
924 756
945 779
818 830
515 270
362 100
234 578
866 813
1071 255
538 518
779 536
777 270
471 543
307 325
963 845
763 944
1070 63
794 635
870 863
518 364
758 238
260 653
686 107
934 716
752 630
237 606
817 485
847 151
576 348
639 126
439 298
649 622
865 912
821 294
771 815
703 263
256 280
868 868
824 137
521 885
395 248
258 593
864 368
933 845
478 911
667 96
249 180
511 197
548 751
181 640
694 952
774 515
988 258
410 819
821 202
799 487
843 647
228 259
863 691
774 177
1039 358
176 211
829 935
360 107
1006 331
1091 918
189 202
166 41
960 115
537 474
698 539
501 100
719 397
836 216
588 868
813 130
748 144
869 314
603 568
493 800
466 540
672 208
880 1017
701 235
979 851
788 955
697 315
812 153
672 92
620 297
1091 406
514 35
801 220
1009 519
775 844
850 898
390 837
625 255
433 242
662 682
151 620
864 335
333 218
369 132
669 921
767 400
469 668
770 515
759 160
803 213
1040 391
642 824
298 108
653 360
174 435
459 787
733 914
813 814
1012 835
647 162
509 560
1101 439
378 121
1129 563
765 758
337 351
479 409
629 227
825 537
721 899
692 491
599 206
776 187
747 886
867 73
207 895
824 588
307 704
948 892
1058 383
589 204
1043 338
935 458
811 347
645 849
689 635
835 620
865 256
574 557
703 205
149 335
269 804
590 205
701 474
541 785
1117 383
828 386
244 693
627 107
751 747
740 732
780 750
409 92
506 372
230 561
443 433
575 759
879 373
608 497
516 544
634 697
597 784
692 863
714 787
922 759
1089 804
1050 456
284 846
625 531
874 286
413 653
602 446
273 560
394 428
909 804
380 345
306 187
509 697
757 161
633 418
787 550
439 439
375 430
1105 382
145 414
412 214
951 194
917 228
756 387
976 115
354 328
405 434
652 486
684 902
1077 119
822 446
316 350
1036 282
428 806
352 128
766 724
813 400
635 597
539 93
270 643
624 897
514 190
368 658
654 801
1016 242
445 240
328 260
745 894
973 918
1037 531
1005 719
624 840
763 95
763 698
138 950
648 189
730 861
782 69
583 583
507 499
1028 830
1014 870
855 902
212 336
566 809
530 365
879 261
585 896
228 240
1059 27
449 358
149 964
289 483
706 896
1044 250
955 942
789 223
762 117
574 570
731 322
532 585
648 960
824 761
885 870
307 610
225 803
469 712
1001 458
582 562
222 1003
703 646
598 887
731 175
600 175
701 588
1025 898
1055 473
623 332
847 760
447 633
316 350
581 282
960 608
577 812
292 207
263 645
712 534
926 823
1030 206
334 722
424 335
493 277
1041 224
717 800
617 964
316 533
480 479
493 509
503 267
1010 571
958 516
253 637
652 662
1034 436
630 210
430 100
264 688
707 659
415 928
773 965
692 135
980 798
796 743
271 829
885 322
796 291
280 487
354 728
598 200
644 606
534 481
340 800
213 916
502 463
278 789
744 486
829 207
251 362
291 400
853 302
765 157
180 1002
437 782
636 543
938 667
923 662
934 171
890 209
788 836
426 105
517 215
830 629
913 126
201 343
255 936
247 469
567 639
286 141
152 295
589 567
806 48
658 823
348 527
655 645
450 388
1044 636
609 187
692 548
752 839
769 252
461 74
886 353
838 332
289 144
344 126
786 563
453 872
444 853
497 444
386 954
241 461
231 782
993 750
1038 514
814 536
651 368
770 106
701 224
870 803
689 622
1001 111
1046 759
892 150
860 430
1025 177
888 223
484 664
449 268
267 188
702 774
655 471
668 97
774 828
390 442
186 834
337 228
999 321
890 524
879 460
659 276
841 821
584 186
143 231
911 85
890 308
933 76
229 654
201 370
468 818
281 340
419 555
358 514
896 625
340 366
541 217
831 621
1100 867
1030 783
547 173
438 492
749 105
655 694
324 794
234 185
874 722
937 275
568 212
551 327
619 693
904 959
694 616
910 126
378 666
422 580
522 448
658 262
646 285
435 634
870 238
959 227
778 126
634 586
152 469
373 840
611 453
719 799
232 108
889 659
505 1001
1016 579
381 349
564 640
451 832
763 661
506 236
810 630
355 976
637 844
940 710
715 460
442 663
238 631
368 854
547 642
506 253
443 453
222 560
238 223
585 382
852 399
656 307
1092 320
598 345
337 178
277 492
882 833
856 396
667 741
697 698
317 533
683 767
602 526
677 211
942 261
274 836
664 912
673 423
614 718
419 596
359 396
728 914
323 125
502 521
472 862
822 597
824 162
815 381
530 511
206 744
640 587
769 302
848 723
728 715
634 557
906 530
418 723
206 991
817 189
534 479
994 478
992 591
365 664
546 75
585 381
173 616
903 287
596 525
738 817
798 544
765 398
989 235
439 886
642 286
894 125
1002 656
628 645
649 122
911 808
492 416
1035 288
396 200
825 715
564 300
539 35
555 710
869 443
612 50
501 538
252 388
1085 919
322 711
612 278
303 770
579 308
830 32
1000 509
605 508
497 719
743 318
599 425
863 556
508 368
345 818
523 601
302 242
505 263
171 154
188 296
791 83
841 742
388 34
538 699
704 750
652 917
1123 293
283 575
610 611
756 923
1044 24
435 929
537 837
570 1018
862 654
716 220
885 391
510 632
1040 855
880 802
390 191
871 721
521 98
388 836
350 657
612 267
768 1005
360 473
911 905
628 358
473 729
964 308
478 167
887 908
616 761
427 68
1055 95
670 485
238 691
643 860
573 937
969 697
608 571
203 955
1072 672
745 623
422 82
389 131
555 952
996 299
685 144
853 711
607 648
253 669
401 677
447 789
721 308
905 287
680 393
912 480
366 899
724 245
649 122
420 714
197 536
288 184
959 345
821 377
479 103
373 145
893 372
1092 148
628 640
892 446
173 139
369 558
949 643
695 166
970 391
673 455
977 414
497 128
672 763
1029 86
167 493
478 937
728 524
693 275
629 704
463 1004
769 752
708 413
700 125
1067 400
879 325
1029 239
886 848
534 763
424 330
380 382
937 169
840 907
1001 841
470 775
1047 107
493 108
513 591
606 320
586 434
302 157
1095 602
999 103
774 307
450 959
730 126
275 880
624 235
698 672
913 956
295 412
858 402
925 253
438 727
1030 903
577 294
344 28
139 1032
1064 691
578 226
565 246
351 793
359 452
642 924
325 438
753 112
516 825
735 582
987 778
1039 120
1094 137
251 744
308 848
464 702
315 532
808 600
401 509
1076 188
466 129
222 706
961 649
243 313
868 907
243 12
906 792
595 668
281 682
878 727
1005 433
487 991
691 738
458 340
718 130
1052 778
519 889
946 770
649 25
1098 153
118 856
961 786
222 972
239 517
836 121
375 632
945 987
794 92
224 416
613 929
402 707
502 466
125 617
827 699
788 91
361 305
663 252
1101 561
615 67
969 320
