441 54
440 47
399 307
246 1007
1031 369
708 448
687 151
455 275
250 158
150 516
840 823
1039 774
464 247
888 434
346 116
416 256
324 397
375 545
714 694
945 658
690 590
196 863
1022 38
149 139
847 767
987 837
218 222
585 862
686 260
406 277
839 1035
645 844
238 889
1013 747
460 177
749 822
958 669
556 210
704 795
847 853
761 776
522 952
384 904
625 926
384 735
547 850
960 806
458 805
120 823
379 991
862 -5
830 509
736 590
630 279
712 640
964 273
200 748
757 821
395 95
935 701
272 619
425 370
791 437
592 615
471 640
541 230
734 780
732 718
1147 358
764 660
375 345
430 258
1016 497
493 608
581 345
1001 556
571 953
778 689
1114 818
396 392
412 762
797 407
266 577
165 961
521 37
867 283
926 680
611 873
634 531
934 387
1077 615
586 328
790 990
607 593
506 394
624 499
123 425
505 939
561 511
963 930
451 305
927 533
726 848
499 379
494 227
294 724
277 374
472 154
685 143
602 808
361 536
379 995
177 831
794 595
386 26
694 960
467 581
280 834
714 84
155 975
866 662
743 178
1126 526
415 848
524 726
712 323
287 730
1025 127
1020 750
955 594
920 949
663 788
423 750
247 325
480 813
1100 543
567 257
382 143
566 370
922 412
834 693
290 738
440 140
166 348
415 363
661 747
354 762
282 483
927 355
593 860
679 840
375 744
841 406
831 458
656 754
956 518
922 123
950 726
391 125
670 615
212 188
876 225
190 373
323 726
235 771
952 570
757 843
1035 574
844 433
1017 240
702 269
592 721
281 87
771 162
408 978
440 637
726 853
595 728
350 426
825 347
440 113
597 526
1065 536
659 38
1006 399
608 847
931 922
881 682
347 194
1094 474
768 345
904 852
587 120
217 762
141 678
459 734
358 441
918 625
461 614
1058 559
491 791
1076 97
410 669
553 401
330 681
707 215
301 841
980 833
655 921
545 327
384 409
218 930
649 864
345 670
613 578
240 727
319 575
271 483
1018 564
597 741
185 116
619 446
938 126
571 457
840 352
386 300
980 159
782 735
717 190
385 690
747 121
647 506
306 902
737 83
544 561
557 808
317 109
726 23
730 791
955 826
382 816
191 804
239 503
823 282
421 802
570 705
801 850
860 121
567 81
308 930
1138 553
795 203
606 554
817 319
418 740
589 414
784 629
1098 749
157 946
280 652
417 47
414 168
1045 342
405 626
222 726
1033 632
401 793
868 411
917 413
359 859
836 1038
143 167
416 251
464 765
221 111
209 421
844 272
852 537
298 850
312 710
669 298
743 316
170 811
184 371
575 161
470 328
639 899
440 702
903 362
490 994
594 387
566 184
388 499
222 693
883 331
878 960
808 525
858 177
696 410
385 205
766 253
185 180
857 874
791 509
317 372
900 333
489 226
305 876
824 879
302 598
293 735
751 393
1011 256
271 295
973 123
1078 522
850 594
267 839
293 228
879 681
994 328
899 499
325 681
548 133
898 572
761 129
1092 156
624 858
397 63
431 80
798 822
228 943
186 901
877 519
332 307
298 832
275 887
581 281
737 179
734 822
546 653
1022 694
231 357
647 754
490 533
536 872
710 509
546 291
467 290
235 779
394 594
433 500
269 750
407 361
962 975
433 613
941 403
586 656
760 424
857 581
743 608
357 231
979 199
574 957
496 696
937 591
1004 231
980 349
1068 513
708 824
753 28
660 123
356 567
708 72
803 351
655 839
351 613
534 787
950 756
168 300
119 492
747 361
806 450
476 600
842 139
642 380
473 82
161 449
993 232
233 611
767 604
286 540
507 271
417 839
599 515
457 575
249 523
972 754
654 757
1042 359
1063 774
831 922
984 697
1080 691
506 371
1061 104
350 142
505 463
863 391
453 562
680 766
447 697
599 209
320 291
751 421
505 570
563 227
773 771
301 256
681 973
463 300
616 332
634 147
691 589
665 785
1005 450
774 188
561 259
1178 160
607 834
519 561
876 775
618 263
917 861
644 396
839 149
868 554
367 500
397 203
455 632
151 670
437 194
855 924
303 239
231 533
830 408
1030 449
426 678
329 89
307 853
712 514
1008 450
658 617
159 710
1042 632
583 950
712 1042
882 650
314 652
216 215
223 843
481 237
751 560
314 177
760 3
517 544
371 578
871 901
370 305
685 881
320 580
235 824
492 804
433 548
950 395
972 50
677 711
919 94
541 141
880 711
283 544
682 551
839 509
817 159
426 834
746 138
604 464
686 591
397 392
670 552
349 152
766 217
526 520
502 879
717 180
665 709
588 248
191 454
963 596
862 356
566 821
903 889
577 681
318 818
810 260
881 456
991 966
372 185
468 646
804 277
1071 286
673 53
243 612
851 692
483 126
400 714
651 263
613 211
961 739
464 954
697 158
250 578
601 697
784 891
1034 849
564 930
1098 920
347 651
797 394
412 153
1007 654
712 273
953 863
1084 752
729 360
564 531
474 61
356 357
536 476
704 289
574 694
467 415
417 600
268 922
793 708
312 936
977 378
951 444
307 357
969 881
668 825
308 443
621 588
570 125
1064 302
1064 513
725 658
386 287
681 867
527 508
522 773
1098 808
582 149
257 317
796 441
818 774
1116 314
360 696
225 496
269 749
629 568
975 590
622 442
946 628
982 639
811 415
747 834
735 406
837 381
454 897
678 166
208 776
333 315
989 646
716 505
675 612
678 762
768 574
822 557
389 537
719 871
995 704
514 204
665 481
1028 210
777 836
495 694
762 436
845 147
702 836
670 124
126 617
554 282
530 779
654 940
927 172
666 217
423 401
1058 420
1153 148
360 895
987 145
681 619
643 335
866 217
449 470
747 398
853 383
400 426
869 582
856 840
887 227
1135 549
510 481
608 738
313 210
482 645
886 693
711 112
362 604
520 830
626 346
991 518
952 872
951 868
254 892
1036 264
425 251
573 373
721 851
201 625
310 650
870 454
792 379
476 88
727 356
923 125
355 289
336 357
570 763
963 195
642 192
366 364
586 409
305 719
556 535
405 907
371 855
823 924
1126 569
1024 419
327 731
427 210
888 938
373 750
321 728
447 62
616 840
314 803
490 376
898 465
352 980
924 931
417 338
840 33
277 956
286 636
860 517
343 440
896 122
552 781
360 493
643 382
225 585
539 947
423 98
632 437
741 521
701 588
547 644
771 113
619 377
321 145
278 742
824 817
569 856
1012 545
731 409
746 230
1062 796
668 720
509 720
391 181
718 528
204 162
905 267
565 380
775 739
970 520
794 682
646 666
211 885
1041 787
681 915
934 494
1000 173
880 547
317 660
480 425
421 226
785 487
557 771
271 743
300 362
204 663
370 278
1117 334
183 412
743 589
408 528
303 247
883 172
452 440
423 274
218 188
653 325
768 255
721 286
891 618
688 970
519 126
208 365
748 860
385 728
523 945
494 819
1075 394
1110 426
260 780
1166 312
713 446
490 673
642 862
540 494
770 265
806 223
616 484
1075 734
392 234
699 797
979 413
977 730
666 154
884 775
801 860
242 809
834 485
725 520
615 612
635 604
561 460
850 798
696 540
1071 407
548 392
996 943
696 325
979 399
879 763
869 396
831 346
805 547
806 203
334 297
462 389
736 133
477 926
448 717
173 664
890 518
1023 408
489 185
328 744
959 419
704 873
504 642
241 100
903 719
531 648
611 540
846 131
692 437
1037 817
210 828
426 536
932 272
280 894
1057 713
684 930
507 174
603 807
643 212
600 394
525 665
931 387
645 516
757 936
415 586
1002 149
512 826
884 723
1008 768
543 734
573 278
299 788
320 902
732 953
928 529
529 589
354 908
981 200
932 936
688 788
747 767
141 244
122 272
256 49
610 168
1004 594
982 490
486 321
732 92
768 414
696 746
848 54
329 484
587 194
633 683
774 696
280 744
140 278
927 785
806 561
335 195
1066 84
538 207
1057 181
672 854
570 582
452 775
304 732
267 456
608 734
631 140
327 397
364 113
426 366
639 406
600 793
1013 58
261 723
729 560
436 856
571 339
582 278
727 462
620 892
512 717
718 468
865 506
488 420
342 991
967 917
725 123
567 819
460 125
216 525
867 743
690 40
910 361
774 146
436 107
925 805
1053 238
1022 859
767 107
274 835
929 660
767 683
958 111
272 98
939 249
1081 299
528 575
1066 1049
683 685
278 303
829 564
907 556
778 856
248 522
234 713
496 847
372 833
794 553
745 894
422 935
310 429
467 453
204 527
518 146
946 800
676 983
1108 788
701 614
323 182
646 628
972 131
852 976
443 792
172 80
684 344
990 532
779 234
641 421
812 166
846 419
743 796
419 545
571 47
755 648
183 223
754 608
579 191
244 317
1077 442
621 946
1049 -2
1056 208
298 401
810 699
1005 194
800 554
845 630
1010 1021
919 426
448 283
697 94
546 149
267 381
1031 395
798 753
352 564
335 457
1114 324
405 653
321 834
773 208
411 259
511 274
405 174
230 485
885 479
640 391
954 696
999 882
657 427
326 639
278 652
400 288
308 385
404 643
1094 691
764 597
324 324
577 866
971 766
490 868
971 437
781 725
699 840
1073 985
451 518
577 893
389 240
863 480
739 251
217 635
809 430
301 528
