343 671
618 803
419 586
235 191
331 491
451 333
616 794
356 379
701 209
997 799
915 182
381 365
770 749
785 864
947 32
821 351
699 65
764 825
1072 488
541 32
327 455
977 443
1041 761
280 929
800 476
366 887
1081 228
172 327
1028 681
859 362
950 42
542 192
164 769
1074 380
958 86
790 574
543 481
451 944
850 911
667 115
237 284
982 847
885 410
548 891
556 875
533 694
479 594
350 572
637 888
403 799
132 385
538 359
296 749
567 23
418 952
946 217
881 744
699 313
334 668
549 122
839 554
238 765
528 936
506 350
675 405
313 612
708 744
917 895
387 182
937 707
984 890
705 355
518 250
820 219
255 235
711 143
819 102
292 621
654 925
851 479
1036 168
536 359
1019 329
569 797
604 369
826 231
233 712
261 760
400 716
402 239
1088 225
422 715
1009 406
832 819
842 381
893 887
236 421
698 958
389 26
1043 867
252 152
780 130
1048 757
1007 568
869 421
507 869
880 727
710 481
1074 126
349 820
753 555
1021 223
1113 834
625 356
409 597
1009 683
741 971
213 902
510 487
197 535
385 598
658 716
431 967
934 977
568 787
292 682
638 849
680 526
849 746
255 497
1069 165
409 660
872 139
863 87
552 288
798 727
881 158
282 325
1036 61
784 415
775 48
830 467
1055 517
288 134
871 173
248 861
728 207
987 528
555 154
212 225
1004 516
762 447
721 797
984 808
1054 665
284 156
458 96
352 687
879 430
790 106
719 1000
1067 318
945 459
741 780
917 799
420 619
740 999
915 522
396 537
909 195
462 225
549 378
760 607
934 434
625 589
221 59
277 640
405 687
765 501
806 852
918 547
954 776
1003 698
933 351
233 472
156 307
555 879
719 297
981 401
744 827
655 641
932 422
1008 886
442 816
541 466
741 224
273 386
299 402
807 446
443 297
612 495
395 553
173 546
418 498
434 828
769 627
817 570
432 353
233 767
487 448
717 592
1003 249
863 828
421 558
582 723
950 38
610 183
857 744
429 164
727 927
819 693
750 505
489 65
1026 89
316 776
561 696
549 890
1029 469
301 57
476 826
380 405
482 141
1087 92
851 794
1081 341
454 130
765 173
492 758
788 833
503 156
474 714
238 879
932 941
634 76
555 520
296 188
1159 512
1093 31
528 646
797 913
521 518
995 540
519 441
292 619
941 223
323 851
445 906
566 166
960 639
933 924
901 138
353 575
1047 174
935 199
669 553
538 133
834 936
716 625
986 849
488 241
738 423
520 382
762 754
555 914
982 620
1002 497
750 204
449 450
392 880
144 887
378 356
684 610
1029 684
783 398
679 584
886 913
1056 365
952 164
337 1016
252 737
750 516
445 838
486 279
518 676
506 331
411 661
983 908
698 713
1030 341
528 183
580 772
324 436
1093 199
673 929
833 505
351 540
1079 216
955 783
743 25
238 181
231 210
929 881
357 384
137 867
717 135
635 461
753 333
740 163
1032 439
493 797
362 268
205 890
865 305
602 835
1048 620
463 639
352 194
776 483
949 771
1044 498
241 582
203 630
224 963
1001 491
851 282
859 363
888 128
1103 116
698 126
785 273
494 766
861 685
500 666
873 461
638 363
1003 228
192 157
841 450
224 539
1005 603
290 599
999 539
762 451
489 446
1062 529
225 370
761 393
1046 884
763 256
451 405
328 730
666 807
314 176
731 807
355 328
577 722
348 622
968 415
520 99
740 805
990 705
683 979
675 483
469 848
786 220
809 106
836 580
325 161
211 243
858 226
776 759
965 679
772 631
189 727
241 507
645 61
683 373
565 441
831 834
565 519
186 717
1022 597
688 579
929 406
733 341
378 617
333 593
946 742
759 354
1082 208
444 500
412 148
404 426
831 65
716 318
926 184
633 863
778 542
636 109
860 927
681 987
812 688
538 346
721 405
200 22
1141 795
877 176
889 813
693 816
879 633
814 883
591 686
737 187
581 151
433 552
600 570
380 188
380 551
1033 896
562 26
789 242
890 126
883 212
128 475
1052 657
638 634
518 845
930 899
622 511
570 439
339 338
611 828
954 806
1101 203
941 877
512 314
650 638
787 583
676 882
876 173
592 133
760 636
789 853
279 789
543 739
578 537
808 988
282 221
443 440
395 389
862 515
693 422
732 917
843 663
342 847
816 377
649 449
470 142
247 522
373 437
363 233
481 153
272 147
793 234
751 780
277 559
311 961
410 567
558 406
953 109
573 231
341 723
750 582
917 400
270 612
758 270
194 346
905 672
591 152
489 617
834 237
808 507
391 360
949 655
618 618
397 285
263 569
953 658
1058 229
571 228
183 895
509 424
434 141
1038 800
809 999
872 719
708 389
576 281
652 443
253 683
602 647
986 1004
540 455
555 446
226 375
550 172
686 542
625 429
397 386
188 215
325 309
231 635
1025 488
221 528
882 127
243 442
862 576
765 734
438 916
718 358
463 962
1011 208
856 423
1054 236
574 208
293 180
413 158
615 746
867 759
803 317
570 465
286 99
1087 349
863 377
417 768
1050 151
693 224
969 664
1049 648
513 341
1002 466
855 410
209 313
521 433
900 661
815 933
243 225
915 406
301 193
1008 270
313 315
295 972
382 255
590 311
861 694
443 698
580 619
460 673
727 558
262 184
366 123
576 354
540 406
707 188
387 385
232 789
795 342
739 443
910 175
794 333
868 728
1048 925
722 756
829 634
1003 556
1075 840
407 559
345 802
851 776
200 290
648 711
547 459
680 277
934 932
798 538
1042 850
434 152
496 751
681 415
794 580
584 875
337 210
1015 515
488 702
643 232
352 350
691 347
1027 578
774 921
334 720
494 539
783 131
933 585
587 586
820 667
420 503
482 745
357 807
1112 66
923 125
1001 742
401 297
824 327
407 240
490 692
673 359
230 464
508 677
197 270
180 782
395 903
673 261
684 830
859 319
359 442
466 203
476 853
776 572
693 134
537 140
1001 448
302 874
239 237
891 370
348 356
462 264
1112 630
321 190
877 368
800 385
708 796
1047 975
1044 428
445 117
470 320
379 866
862 551
872 442
1009 359
1111 144
352 701
417 910
753 663
1074 362
230 808
852 515
214 911
768 881
377 203
567 720
453 707
924 598
790 772
184 577
662 149
239 374
499 217
360 638
879 740
627 788
628 115
337 184
361 757
1044 234
669 168
986 724
206 313
999 717
296 632
347 880
511 112
835 565
321 350
651 603
743 223
568 457
319 684
455 292
1019 107
983 708
693 624
956 784
951 641
581 916
671 613
261 651
676 628
994 779
763 323
685 30
1072 209
713 109
497 688
298 160
935 476
783 622
815 664
1008 127
512 752
456 911
344 697
549 484
837 580
962 33
301 143
461 193
354 800
1091 582
577 124
718 174
497 450
897 965
394 181
1029 651
382 936
654 747
742 732
373 430
948 896
1042 839
213 975
268 926
479 976
730 500
900 885
275 213
621 667
915 695
448 729
301 251
919 93
497 684
772 474
836 697
785 397
602 875
1029 221
301 667
1009 714
705 412
665 241
644 213
883 727
871 778
721 318
438 553
845 529
793 472
1072 821
756 204
951 779
1000 181
277 499
1083 31
534 435
410 121
1098 835
690 268
826 166
545 457
558 522
461 165
435 746
370 628
259 657
714 601
942 929
1105 792
248 244
433 899
1156 917
351 925
405 717
839 273
326 749
543 850
988 496
806 665
316 725
577 388
975 76
660 701
173 94
491 528
476 760
413 825
461 121
793 15
345 500
1071 827
431 385
417 272
361 173
968 683
1020 401
462 981
379 444
699 162
513 114
257 83
1041 514
728 322
990 245
558 159
773 212
368 807
644 917
701 730
816 938
356 763
756 364
268 191
410 915
198 17
307 811
586 192
248 1016
687 432
320 791
719 554
917 383
269 424
971 38
315 920
776 915
630 396
977 721
629 155
960 478
731 255
296 476
793 149
950 331
1000 503
559 351
575 803
507 937
688 539
1029 106
233 690
1013 758
524 415
861 273
977 274
686 402
759 705
658 144
338 140
889 575
284 258
959 175
1095 548
905 340
508 205
126 821
385 234
581 874
637 612
277 554
860 945
300 545
742 912
615 781
551 641
222 198
264 700
622 851
889 224
676 821
950 640
764 385
487 176
586 902
486 742
1027 784
1063 187
1035 949
347 127
482 624
758 831
754 823
1072 764
450 435
585 845
944 616
492 197
916 62
958 369
731 624
452 262
783 646
1031 822
673 272
940 350
956 362
655 796
883 530
653 610
872 272
531 231
594 362
862 667
612 763
1123 765
252 877
840 873
843 274
901 480
575 471
632 139
1061 161
349 418
332 705
587 222
185 837
480 722
345 907
684 549
612 97
949 551
937 796
1014 611
433 833
1054 780
680 811
750 819
823 986
703 510
402 490
835 847
946 602
610 977
661 877
640 583
357 495
642 661
984 434
502 612
592 876
205 750
451 418
984 153
780 717
621 825
887 686
565 104
273 106
600 279
827 356
534 292
1061 630
879 416
332 384
497 80
404 599
1030 149
1027 653
407 668
685 602
565 593
709 995
527 886
733 290
901 746
619 808
499 243
181 648
1096 679
1071 75
480 -5
334 107
1100 884
882 409
1091 160
292 481
583 536
595 594
1136 397
997 260
516 582
