-12.163 16.709 -357.378 1.089
81.487 29.075 -429.943 1.066
-41.638 -32.016 -368.068 0.949
-93.012 -88.164 -312.389 0.932
99.642 -53.353 -311.752 0.929
-8.077 63.977 -427.703 0.634
11.819 50.621 -475.556 1.006
70.531 27.227 -469.451 1.106
-4.597 11.407 -359.610 0.883
-71.776 -84.487 -441.306 0.882
-90.160 30.602 -427.860 1.022
59.452 -2.316 -397.108 0.876
27.608 -81.989 -410.572 1.088
-69.361 -63.831 -303.265 0.856
92.260 -23.332 -471.857 1.016
-64.646 -85.533 -484.215 0.819
-1.100 27.299 -337.976 1.203
79.618 -31.199 -446.797 0.995
4.489 -99.518 -385.263 1.004
-97.783 35.126 -451.390 1.136
-25.498 12.284 -482.185 0.812
75.566 58.469 -330.140 1.058
-6.835 -50.978 -498.769 1.021
79.532 15.162 -364.371 0.891
54.873 -85.038 -443.512 0.939
-30.545 33.395 -410.819 1.033
27.249 50.764 -419.622 1.019
50.387 6.252 -389.735 0.898
12.518 -80.359 -389.928 0.995
-62.497 -79.929 -319.342 0.837
0.748 -54.741 -378.938 0.955
63.419 -56.268 -356.877 0.966
96.869 -50.886 -458.445 0.858
-68.229 -81.096 -380.824 0.936
-36.408 -62.026 -304.643 1.015
9.184 53.358 -483.925 1.112
-78.028 20.287 -426.357 0.998
66.493 31.393 -499.268 0.930
-41.351 9.136 -472.385 0.837
-20.895 -69.434 -402.445 0.967
-25.737 13.886 -466.944 0.921
53.769 -40.774 -334.466 0.887
-35.218 84.090 -363.798 0.947
98.342 -67.912 -385.097 1.178
-0.667 -63.258 -326.171 1.054
19.104 -10.036 -318.572 0.972
-45.254 92.633 -361.075 0.945
-96.091 52.600 -481.783 1.143
-79.765 72.799 -352.155 1.002
24.056 25.108 -493.986 1.107
-71.923 -37.570 -457.636 1.300
-41.426 -36.431 -348.391 0.987
11.826 -94.016 -405.906 0.976
87.549 -55.542 -430.251 1.010
0.334 54.850 -468.900 1.007
-87.494 -28.261 -425.099 0.982
9.501 41.037 -320.344 1.005
24.837 78.251 -466.624 0.962
98.273 25.133 -305.782 0.992
60.056 40.704 -363.172 1.176
16.352 -22.473 -457.834 1.105
57.744 -30.330 -338.677 1.111
-33.176 42.628 -489.342 1.134
44.669 71.998 -401.698 1.095
-48.962 87.968 -339.543 1.102
92.819 -29.481 -396.519 0.923
41.576 70.904 -380.050 1.083
35.214 -70.381 -413.727 0.961
34.471 76.509 -405.456 1.047
-88.087 59.204 -325.276 0.966
-35.455 53.682 -395.161 1.134
-85.416 -5.275 -378.106 1.027
-61.581 -49.868 -458.291 0.891
96.630 -28.547 -325.904 0.990
85.270 -94.307 -450.314 1.011
19.182 -72.252 -422.429 1.042
64.260 49.840 -362.172 0.852
25.776 -67.895 -492.917 1.005
7.487 -22.203 -469.902 0.861
-26.526 -55.183 -335.047 0.893
16.748 -76.114 -497.213 1.058
-39.529 10.765 -353.376 1.094
27.105 84.725 -344.679 1.038
-21.048 92.214 -491.757 1.106
12.598 -37.158 -455.955 0.981
43.034 55.232 -423.374 1.091
78.703 95.807 -474.209 0.868
87.599 17.744 -420.867 1.090
64.506 94.101 -468.257 0.979
4.636 -16.923 -387.170 1.078
32.798 9.964 -393.150 1.118
1.686 84.077 -341.929 0.839
72.563 37.183 -332.775 0.968
-58.331 25.587 -376.596 1.073
7.105 -42.408 -332.550 1.195
88.384 40.566 -318.226 1.024
-93.371 -19.722 -317.243 1.013
-11.423 62.350 -372.308 1.096
61.065 -16.951 -425.613 1.080
-87.989 91.311 -333.472 1.061
-42.338 -90.273 -395.279 0.938
60.400 -3.953 -362.435 1.072
-11.796 -54.966 -413.877 0.914
-18.172 33.069 -372.986 1.132
-24.851 7.711 -388.266 1.029
-81.623 -17.417 -435.395 1.005
-73.690 32.924 -314.386 1.095
93.864 4.558 -453.320 0.995
15.482 -42.752 -300.062 0.912
-59.309 62.263 -490.633 1.226
-45.715 -67.794 -458.707 1.009
16.742 35.748 -402.581 1.009
53.399 82.325 -387.487 0.793
25.222 50.602 -460.181 0.881
-18.172 62.067 -424.345 1.143
-71.364 60.411 -335.067 0.924
0.757 -39.477 -392.271 1.013
89.358 -34.231 -326.788 0.880
-79.066 88.274 -437.046 0.979
86.249 -25.614 -337.102 1.093
34.427 -67.031 -334.278 1.074
-20.288 3.822 -491.108 0.806
70.469 -75.892 -416.611 0.965
-17.869 -44.701 -384.876 0.822
-36.876 -1.256 -457.190 1.014
-50.779 -84.093 -444.559 1.132
-96.098 82.175 -400.102 1.136
-55.015 -66.786 -318.853 0.901
-21.177 -94.840 -359.296 0.936
20.152 -96.085 -389.999 0.980
-99.098 2.808 -375.180 0.865
52.079 51.901 -330.832 0.866
91.107 -31.594 -373.543 0.870
-73.666 26.946 -457.678 1.211
-77.793 64.016 -475.300 1.151
66.252 -26.071 -303.598 0.987
6.292 -98.031 -439.482 1.193
29.069 -4.664 -358.839 0.979
82.173 -18.641 -384.294 0.993
7.231 -9.031 -459.530 0.845
73.557 -37.403 -466.585 1.061
-89.858 -24.210 -344.577 1.076
7.383 -66.671 -498.315 0.939
22.725 -40.532 -354.027 0.990
92.963 -55.193 -371.216 1.067
66.777 88.571 -323.520 1.069
31.767 -46.003 -340.242 1.084
17.706 -15.595 -465.620 1.088
99.806 -57.178 -307.334 1.014
85.692 -30.309 -380.019 1.080
-55.868 54.337 -444.882 1.125
4.317 -83.969 -333.597 1.176
-43.094 -26.657 -358.949 1.062
-2.501 -74.732 -411.379 1.137
28.904 -1.800 -406.988 0.914
-16.631 30.993 -350.293 1.010
-1.572 -18.615 -384.498 0.930
35.024 -43.338 -399.329 1.091
9.038 42.070 -352.096 1.011
-34.012 -55.456 -461.291 0.912
0.296 -69.954 -469.796 1.032
-47.955 -32.936 -380.499 0.887
-25.211 87.808 -386.056 1.092
34.315 -87.923 -343.237 0.909
80.282 45.874 -327.619 0.999
-56.229 -24.870 -413.799 0.975
-50.614 26.857 -411.047 0.925
79.595 22.572 -330.181 0.977
-80.686 -24.136 -479.836 1.112
37.972 -54.994 -377.961 1.034
-82.941 46.029 -431.962 0.930
-16.846 -13.877 -448.119 0.813
-12.343 -60.823 -405.622 0.945
-78.737 -23.735 -456.389 0.787
-39.978 -44.381 -396.726 1.079
-4.656 73.169 -322.742 1.201
8.993 -54.779 -461.714 0.915
-60.869 -55.586 -399.312 1.014
-27.358 45.835 -417.173 1.042
30.513 -18.221 -468.814 0.922
-65.655 -39.510 -476.203 1.210
-58.692 44.298 -468.462 0.873
63.505 58.729 -375.007 0.945
36.766 69.232 -368.664 0.973
-94.432 -44.699 -429.487 0.980
32.727 94.934 -418.260 1.030
-8.173 20.885 -346.697 1.048
-89.037 19.426 -434.119 0.982
-2.478 -47.201 -414.048 0.898
57.216 -43.389 -327.451 1.015
16.312 53.026 -315.073 1.070
-96.010 59.464 -491.865 0.926
-36.864 61.735 -312.522 0.952
47.309 18.430 -361.110 1.238
-98.983 -26.331 -389.011 0.910
97.220 38.815 -464.162 0.935
67.701 -66.994 -315.984 0.960
-55.151 5.089 -405.648 1.135
75.704 -88.210 -358.611 1.022
40.342 -79.063 -387.022 0.975
45.750 -24.020 -394.113 1.103
-25.950 68.899 -435.259 0.853
-91.539 70.341 -350.138 1.010
6.715 -6.861 -414.832 1.070
27.227 3.735 -448.169 0.951
-3.126 -65.991 -382.298 0.914
0.041 -46.271 -309.441 0.890
-14.136 -73.067 -393.131 0.909
-52.955 90.685 -394.305 0.959
-73.162 -46.337 -363.243 1.018
-33.634 -46.942 -325.658 0.934
-13.229 -22.578 -379.231 0.982
-37.374 23.430 -467.605 0.959
24.829 89.194 -336.714 1.153
89.668 -43.413 -417.406 1.016
71.643 -89.428 -394.638 1.248
-6.720 -66.935 -434.482 1.003
69.417 -36.993 -330.847 1.046
49.595 87.481 -342.540 0.844
79.466 -70.773 -373.038 0.991
-38.400 1.063 -395.262 0.873
87.399 -97.771 -360.479 0.943
98.279 43.267 -448.149 1.040
92.060 -98.424 -365.941 0.913
40.582 -41.457 -490.245 0.817
-0.195 -51.451 -497.091 0.895
-19.676 -24.111 -370.328 1.112
-55.066 -63.392 -425.586 1.082
-53.926 61.868 -420.177 1.039
37.829 54.436 -395.093 0.882
-87.855 -15.592 -423.430 1.085
65.637 34.806 -391.095 0.951
29.968 -46.336 -404.782 0.982
22.771 49.756 -420.518 0.871
59.952 73.585 -496.029 0.912
-3.462 -32.618 -415.994 1.108
9.355 93.619 -316.080 0.893
-75.124 63.014 -323.367 0.908
73.623 41.936 -467.119 0.949
88.284 -8.524 -322.805 0.868
-67.686 60.663 -343.862 1.101
71.397 79.356 -437.981 0.976
69.240 26.728 -479.541 0.948
39.302 18.896 -472.670 1.109
1.673 -79.085 -373.566 0.872
35.944 90.500 -477.301 0.933
1.006 36.036 -463.042 0.832
6.090 68.147 -302.661 1.076
20.556 -65.223 -473.759 0.996
37.652 -21.566 -458.576 1.010
-0.504 64.779 -499.320 1.051
-19.075 -81.786 -308.391 1.068
22.806 -72.432 -309.540 1.155
87.012 -15.187 -355.179 0.975
50.226 -61.198 -486.326 1.015
94.217 99.295 -467.556 0.875
-43.044 90.232 -410.944 0.886
34.863 51.511 -445.182 1.044
12.603 41.741 -313.175 1.068
9.867 -63.336 -333.336 0.981
-70.986 -4.813 -494.685 0.980
84.621 -32.856 -381.737 0.964
-87.919 -84.299 -437.562 1.003
30.322 -97.680 -322.929 0.931
-34.569 10.336 -442.415 1.015
37.789 -39.139 -472.800 0.925
-94.865 -8.083 -487.341 1.122
41.224 -17.741 -384.597 0.933
-93.385 -50.575 -477.127 1.115
-18.334 93.258 -334.417 1.101
-36.277 94.351 -385.085 0.998
42.618 -30.650 -440.221 1.036
-32.985 -54.258 -315.369 1.002
32.165 97.869 -472.875 0.977
-16.911 16.229 -406.159 0.868
-76.737 -48.587 -441.296 0.953
-77.832 30.948 -350.250 0.820
20.286 56.842 -444.726 1.072
22.230 -82.273 -453.734 0.917
66.818 79.384 -390.766 1.000
28.783 45.969 -490.102 0.964
21.733 14.921 -408.550 1.018
-24.235 -39.207 -452.316 1.009
-22.259 -88.164 -353.604 1.074
68.533 17.912 -309.037 0.952
3.407 -75.089 -499.768 0.870
-44.994 -30.972 -341.304 0.784
-44.694 40.895 -422.157 0.968
-89.479 11.186 -345.233 1.007
39.484 -26.473 -329.144 0.903
-3.718 -92.518 -344.789 1.041
-33.780 -80.928 -435.867 0.937
-16.941 -69.270 -316.588 0.905
61.575 64.532 -420.568 1.017
7.333 10.863 -389.713 0.924
1.907 -90.887 -324.079 1.021
-39.794 30.527 -462.017 1.100
-96.248 12.046 -423.423 0.881
74.416 -15.781 -445.702 1.012
-10.731 -54.105 -451.164 0.999
-34.964 -56.608 -322.482 0.884
-46.871 -46.142 -354.757 1.084
30.961 59.115 -401.677 0.939
70.890 -60.033 -302.744 0.984
-76.513 92.574 -396.267 1.028
-75.334 -27.644 -309.359 0.955
-65.959 -73.690 -446.851 0.968
57.844 4.690 -492.597 1.032
-83.655 -86.574 -381.698 1.154
-8.452 -7.931 -493.689 0.960
31.921 -3.536 -345.298 0.785
-74.939 92.206 -487.781 0.998
41.168 54.861 -459.011 0.924
-46.347 58.611 -331.274 0.935
11.746 -7.028 -407.240 1.049
58.987 -31.389 -318.002 0.967
58.480 -15.062 -373.306 1.097
61.054 22.262 -300.161 1.089
43.196 -34.844 -396.889 1.001
-5.714 14.352 -496.690 0.881
97.131 23.561 -319.912 1.070
-51.619 60.831 -466.842 1.029
97.546 24.427 -312.654 1.189
60.405 -88.698 -395.640 1.032
-24.962 20.525 -465.469 1.085
54.666 -43.506 -346.598 0.892
-26.525 -14.967 -432.239 1.087
-16.847 -0.793 -386.414 1.044
-3.551 -72.925 -314.715 0.998
93.654 -28.058 -433.590 0.977
-9.475 -24.163 -353.476 0.929
-98.701 -3.600 -409.443 0.820
78.628 -42.922 -479.220 1.123
-86.194 -77.538 -366.426 0.982
52.828 34.748 -410.216 0.928
-77.479 39.318 -475.110 0.958
-95.553 -3.414 -466.441 1.045
14.757 -84.736 -423.559 0.954
93.097 -83.064 -431.987 1.068
76.071 4.312 -374.788 0.829
-47.438 -33.274 -460.118 1.048
-21.175 69.405 -495.396 1.079
-60.969 90.676 -451.764 1.033
99.679 6.891 -395.248 0.859
-74.516 -6.192 -332.849 1.075
46.511 72.184 -446.410 0.970
11.421 89.896 -368.572 0.936
-17.195 -5.048 -338.893 1.036
13.573 19.282 -476.159 1.071
34.214 -59.693 -472.080 1.111
-0.263 -14.713 -380.332 0.946
-71.627 -88.107 -329.880 1.063
2.806 12.784 -327.418 0.950
-59.481 11.382 -451.293 1.078
50.105 -19.453 -326.759 1.186
-4.608 0.710 -411.299 1.043
-19.167 19.095 -483.159 0.983
-87.232 10.577 -430.284 1.120
86.482 33.637 -489.813 0.888
42.410 81.545 -391.949 0.911
-56.430 96.798 -449.677 0.780
-71.134 44.148 -329.114 1.115
-47.162 -19.734 -385.758 1.082
-26.503 31.020 -331.240 1.114
27.979 88.029 -310.914 1.079
69.710 29.028 -395.713 1.186
-4.372 -11.593 -386.748 0.904
-55.159 -5.882 -426.461 1.043
-16.929 71.696 -314.955 1.083
-47.494 44.809 -373.630 0.914
48.882 52.836 -431.506 1.152
92.327 -72.661 -373.405 1.024
-3.361 55.207 -391.055 1.022
-98.863 -45.067 -300.615 0.853
-61.155 -25.789 -311.368 0.978
-64.687 86.385 -403.000 0.925
-22.748 -0.878 -409.184 0.937
-49.355 -52.064 -373.656 1.031
60.458 1.690 -319.168 0.876
-51.009 31.790 -352.046 0.931
97.708 -49.794 -485.549 0.964
87.412 97.642 -459.764 0.957
-82.368 34.664 -376.474 0.956
41.537 6.071 -393.923 1.113
-28.758 82.284 -499.190 1.042
95.351 15.427 -369.549 1.055
54.470 92.005 -488.700 0.908
63.848 -30.609 -374.602 0.982
-65.408 -14.892 -404.536 0.907
-45.117 19.609 -494.755 0.975
36.275 -76.078 -358.169 0.875
-56.888 46.251 -414.452 1.128
60.450 17.794 -439.377 1.066
60.770 34.569 -451.767 1.139
35.336 -37.018 -369.516 0.905
-59.647 -11.250 -300.420 0.990
-65.901 -29.939 -338.864 0.970
-99.665 56.007 -487.957 1.172
80.163 84.334 -362.569 1.069
57.635 51.724 -384.887 0.882
94.375 19.100 -435.725 0.893
61.799 67.264 -417.948 1.046
28.604 40.088 -405.383 1.031
60.081 -52.737 -378.868 0.987
3.162 -27.841 -470.654 1.093
64.024 -20.516 -489.024 1.279
41.317 70.739 -444.514 0.952
91.326 -12.661 -412.329 1.027
-38.111 -21.308 -419.769 0.869
-89.867 13.898 -375.758 1.105
-58.580 80.061 -487.718 1.052
-89.037 59.917 -453.377 1.259
-66.702 -10.753 -430.319 1.048
32.878 83.041 -456.390 0.983
24.874 -8.907 -400.985 1.044
-61.340 1.022 -368.630 0.947
-98.928 16.109 -371.203 1.047
-71.858 -12.851 -367.121 0.906
75.981 68.508 -306.619 0.690
30.195 19.772 -375.819 1.055
31.863 -77.433 -445.964 1.074
65.358 -83.150 -356.475 1.039
-70.596 22.240 -402.754 1.094
-41.771 -53.749 -484.170 1.032
-39.033 -82.481 -355.500 1.136
94.334 87.313 -367.461 1.022
14.158 -78.503 -410.929 0.988
-88.601 -1.142 -403.254 0.915
-14.590 62.672 -473.860 0.950
-77.829 88.977 -470.069 0.905
-22.165 8.338 -308.522 0.940
69.649 77.067 -320.211 1.081
-82.237 12.525 -357.019 0.989
8.568 87.555 -407.042 0.871
-29.757 14.453 -316.231 0.870
-72.412 -37.083 -381.221 1.088
3.018 -8.809 -403.327 0.991
68.915 -24.149 -461.201 0.984
37.037 -32.055 -433.414 0.975
29.202 -83.483 -420.120 1.103
49.823 42.286 -448.189 1.013
-44.124 -62.101 -342.489 0.966
-31.343 -90.291 -432.639 0.941
40.884 39.396 -487.877 0.983
-53.160 1.357 -471.426 0.989
89.041 79.065 -327.455 0.968
-47.941 74.754 -332.531 0.987
17.837 77.006 -408.900 1.150
22.380 -24.692 -383.900 1.015
82.080 75.404 -351.170 1.057
96.530 86.234 -344.454 1.092
76.050 35.687 -382.472 1.096
2.434 1.547 -488.787 0.810
-17.679 75.426 -382.497 0.916
96.182 16.043 -349.782 0.889
80.918 13.954 -349.410 1.052
-92.834 59.176 -453.306 0.917
26.038 -2.081 -349.788 1.035
-6.945 78.720 -497.275 0.917
-83.794 -60.834 -368.325 1.002
29.582 19.211 -353.569 1.010
83.563 -48.824 -444.666 0.852
33.533 81.025 -334.736 1.081
-55.400 -99.785 -348.035 0.862
-22.729 7.351 -487.175 0.982
-47.730 55.571 -377.132 0.918
-36.239 1.200 -402.518 0.981
86.998 5.682 -431.956 1.073
-10.873 -15.136 -448.282 0.947
61.846 -56.148 -459.866 1.014
9.406 68.480 -303.041 0.858
-13.438 -40.367 -421.598 1.220
-58.910 -51.190 -423.711 1.017
-66.629 35.351 -486.976 1.016
-38.269 -26.936 -481.539 0.923
-97.974 10.547 -386.952 0.991
63.152 85.946 -463.141 1.049
59.008 -2.971 -452.718 0.994
-87.204 -25.339 -315.085 0.926
-4.826 32.091 -368.609 0.994
23.507 24.491 -404.087 0.920
-72.033 13.651 -463.684 0.970
16.403 54.663 -415.473 0.889
-80.478 62.744 -386.044 0.968
-74.499 11.939 -374.936 1.122
-57.459 -42.948 -487.869 0.906
93.240 47.946 -465.320 0.800
-3.486 2.123 -421.847 1.177
-35.481 -97.297 -469.306 0.929
67.643 -97.714 -369.236 1.004
67.173 -69.635 -306.302 0.925
60.549 95.893 -390.155 0.859
0.073 -51.885 -411.568 1.126
30.119 -13.176 -414.275 1.063
-44.333 71.108 -456.714 1.027
-3.341 -13.604 -448.535 1.156
-82.558 -23.528 -378.392 1.114
-6.593 -21.702 -326.550 0.982
-18.024 22.400 -498.407 1.070
-40.752 64.808 -340.413 1.003
81.628 -80.430 -423.665 1.199
46.886 9.660 -368.585 0.862
-68.910 63.359 -463.167 1.205
-28.476 36.657 -492.840 0.832
11.597 12.054 -442.122 1.103
-81.893 72.283 -452.551 0.882
26.785 -40.560 -326.783 1.030
84.409 -72.449 -465.088 0.955
91.787 -81.630 -490.425 0.933
65.168 16.322 -476.553 0.911
92.777 -37.811 -350.292 1.019
35.317 -20.162 -429.630 0.846
-76.081 -93.257 -326.527 1.032
-54.883 -47.108 -428.564 0.915
-81.544 7.442 -455.551 0.932
65.246 40.516 -327.862 0.861
27.823 84.521 -352.133 1.097
11.598 -71.298 -324.977 1.041
-23.131 -48.697 -351.330 1.083
88.217 -20.272 -381.890 0.918
-83.985 35.296 -337.864 1.095
79.431 22.643 -387.127 1.070
4.655 -44.164 -345.505 0.885
25.874 -22.510 -470.461 0.959
55.188 -74.980 -404.673 1.100
71.672 33.922 -385.240 1.245
-16.612 -79.507 -375.435 0.996
66.147 -38.332 -372.475 0.951
3.027 35.917 -419.063 0.948
-58.545 -71.046 -367.167 0.972
14.045 69.230 -483.142 0.975
75.046 19.336 -392.877 0.900
36.719 20.545 -357.297 1.020
33.359 -3.619 -362.542 1.141
-78.949 10.781 -334.591 1.043
56.589 8.269 -471.847 1.095
48.860 -30.776 -377.667 0.965
35.419 51.030 -338.962 1.191
-86.993 -18.352 -468.285 0.978
-37.605 6.703 -354.802 1.076
-81.618 43.270 -376.459 0.960
-1.897 26.769 -494.970 1.057
62.960 -96.177 -372.902 0.968
76.107 7.294 -315.048 0.939
-14.865 16.765 -301.458 1.056
48.459 -21.331 -464.632 0.929
65.910 -33.334 -472.938 0.959
58.929 5.365 -384.042 0.895
59.031 -64.893 -331.005 0.767
-54.586 -81.776 -493.734 0.883
-96.643 -83.399 -458.519 1.115
76.265 -43.763 -325.165 0.879
-72.653 -45.891 -480.957 0.962
88.388 -88.718 -458.958 0.865
19.085 -71.758 -452.597 1.061
23.162 72.375 -372.346 0.972
54.039 -78.215 -429.418 0.969
26.019 90.247 -495.468 1.036
-55.411 60.436 -313.336 1.030
25.673 -0.516 -465.728 1.013
77.055 70.954 -382.812 1.077
67.823 -6.086 -405.254 0.825
-18.105 -57.143 -434.496 0.928
-5.969 -17.358 -419.048 1.096
-37.610 19.577 -417.147 1.141
-70.386 66.885 -329.879 1.184
-38.577 78.487 -322.592 0.923
-92.037 74.170 -350.868 1.121
56.009 91.737 -392.987 1.050
47.900 14.926 -497.892 1.152
-37.505 -52.529 -384.452 1.207
55.860 -36.930 -405.425 1.123
22.875 -80.285 -487.835 1.072
-13.409 -10.707 -349.808 1.000
27.924 63.853 -488.668 1.081
-24.971 -29.025 -433.165 0.977
59.778 -30.857 -321.221 1.031
8.555 48.272 -310.207 0.932
-75.887 83.444 -464.142 1.144
-41.143 63.997 -428.788 1.049
94.660 -7.261 -309.903 0.909
13.616 -90.288 -478.983 0.911
78.424 58.464 -311.326 0.962
-56.111 81.643 -392.771 0.784
38.214 86.255 -449.404 0.989
56.668 -89.989 -414.299 0.965
5.828 1.386 -344.936 1.049
-93.182 75.990 -334.278 0.958
94.619 94.791 -303.747 0.943
-49.784 -3.880 -486.736 0.905
-51.351 -38.632 -402.397 0.972
29.507 62.876 -332.845 1.088
-76.934 -98.364 -356.967 1.075
-45.863 -53.186 -430.576 1.064
23.582 -84.310 -441.110 0.995
-66.694 -22.773 -326.593 0.971
-38.700 29.456 -442.012 0.988
61.801 -6.078 -323.840 0.921
47.030 28.980 -377.358 1.060
-68.079 -99.308 -484.703 1.048
-26.695 -77.797 -379.468 1.161
67.269 -51.635 -397.473 1.070
-3.071 -75.105 -344.010 0.900
39.626 -14.320 -431.797 0.914
-98.203 -59.281 -332.371 1.183
-2.654 -6.607 -402.357 1.128
58.542 -78.542 -315.350 0.992
10.884 64.352 -451.280 0.987
46.266 -92.042 -375.962 1.222
-0.334 54.209 -454.078 0.922
-52.556 66.145 -301.403 1.067
-16.271 8.311 -356.150 1.030
-56.456 58.715 -327.779 0.865
58.532 19.548 -417.396 1.008
65.181 -12.308 -462.458 0.877
97.912 -22.142 -354.172 1.068
-57.171 -22.640 -435.684 0.981
-36.279 -51.203 -445.242 0.964
-72.709 46.373 -339.101 0.969
44.403 -20.941 -423.828 1.062
-47.650 7.072 -348.182 0.959
-0.972 2.018 -315.856 0.976
-38.762 -31.523 -354.645 1.086
79.688 -3.585 -443.921 1.220
-65.908 -49.368 -405.946 1.112
-15.024 72.740 -404.118 0.656
71.306 36.647 -478.646 0.797
65.264 -5.133 -341.368 0.937
96.239 -0.961 -451.615 1.029
4.687 17.097 -444.289 1.135
64.550 3.383 -491.927 1.146
-15.891 -51.513 -304.103 0.830
-72.258 59.966 -462.404 1.051
-53.352 59.174 -307.804 0.987
-68.939 19.987 -444.363 1.052
-66.112 -92.182 -447.639 0.911
77.812 18.426 -416.020 1.113
-78.975 -21.244 -408.803 0.827
68.932 39.573 -404.276 1.038
-71.718 60.916 -432.896 1.184
-50.776 -19.157 -493.053 1.060
48.497 -35.691 -439.499 1.168
-58.416 15.893 -349.587 1.186
-9.811 84.282 -471.326 0.956
25.559 -39.444 -319.917 1.099
59.698 26.312 -313.604 0.928
-26.232 47.278 -316.976 1.012
44.479 55.721 -406.897 0.928
-90.449 -93.901 -422.804 1.081
90.778 -49.769 -378.384 1.042
9.517 -78.645 -382.378 0.843
47.576 44.901 -319.312 0.944
48.470 -22.950 -462.824 0.985
-9.012 2.091 -450.412 0.983
-30.570 89.384 -340.788 1.021
9.495 19.599 -417.332 1.180
-7.878 63.382 -303.130 1.080
45.092 -39.860 -450.436 0.910
60.771 -34.526 -441.435 1.029
67.153 75.798 -446.174 1.035
95.871 -34.358 -487.573 0.912
-45.737 -77.953 -489.061 1.010
90.714 9.715 -347.354 0.945
88.954 -83.244 -453.866 1.182
24.301 30.743 -460.441 0.984
-21.307 -74.015 -367.420 0.867
48.063 89.244 -352.050 1.130
84.342 -37.443 -325.159 1.006
23.895 3.959 -370.616 1.129
70.479 21.648 -462.502 0.874
8.325 94.525 -475.168 0.995
-66.808 -97.476 -494.790 0.953
-2.034 -58.577 -384.042 0.952
-44.667 -49.034 -348.517 0.889
72.369 36.857 -339.308 1.129
85.088 -2.943 -427.269 0.945
68.021 -4.380 -328.023 1.034
72.095 38.535 -428.749 1.000
-9.576 -9.885 -485.895 1.143
97.019 60.239 -493.886 0.871
-9.959 59.380 -317.149 1.099
98.633 64.514 -369.669 0.940
-58.524 64.497 -419.675 0.830
-96.902 5.342 -322.915 1.028
-97.180 80.516 -494.206 0.987
95.142 48.344 -473.459 0.995
85.630 -43.683 -453.269 0.905
13.446 42.334 -424.748 0.930
74.529 69.886 -312.761 0.920
-75.812 -99.350 -498.421 1.084
60.085 -19.281 -322.198 0.994
-72.477 -14.009 -381.149 1.073
-74.483 39.479 -457.330 0.899
6.028 -93.496 -457.545 1.092
-12.393 -44.637 -476.632 1.060
18.496 -24.435 -417.220 0.990
99.992 25.169 -458.735 1.131
98.602 62.358 -316.754 1.277
67.087 48.193 -374.374 0.900
81.644 -42.042 -445.338 0.987
70.734 70.325 -469.892 1.163
-45.818 -5.575 -412.592 0.998
13.661 -66.784 -304.588 1.003
-39.610 27.132 -335.654 1.145
59.772 11.323 -469.702 0.768
73.388 -35.074 -421.070 0.836
-23.664 -38.061 -334.288 1.076
28.844 -48.098 -482.411 0.829
83.893 -74.935 -363.152 0.885
98.293 -17.201 -387.691 1.148
-25.737 69.571 -402.750 0.913
29.338 19.020 -481.510 0.953
-44.078 41.832 -472.476 1.092
-19.682 -37.807 -361.175 0.877
74.324 -92.526 -399.219 1.091
-2.440 -49.763 -443.836 0.904
40.538 9.303 -348.104 0.924
22.106 -0.744 -389.599 0.968
68.909 -11.553 -394.255 1.029
78.588 -14.918 -478.441 1.091
-86.256 -28.967 -451.749 1.047
1.376 -55.372 -396.552 1.145
0.731 55.327 -310.582 0.852
46.992 -39.465 -317.380 0.992
-74.477 -13.589 -384.820 0.943
98.240 -85.230 -420.635 0.991
-67.048 77.081 -404.516 0.953
76.743 -39.797 -421.722 1.015
94.142 35.255 -436.586 0.977
-96.698 -77.586 -425.324 0.954
-21.770 -39.738 -478.226 1.072
24.370 97.196 -447.792 1.032
40.516 38.631 -347.912 1.066
-91.843 -62.252 -449.265 1.045
54.474 -23.581 -356.967 1.120
26.441 70.233 -438.938 1.011
-18.325 -97.031 -467.212 1.268
-95.430 -31.610 -451.380 1.024
14.897 -77.522 -348.914 0.892
13.293 -30.648 -491.362 1.047
92.090 47.481 -429.042 0.966
-61.625 22.707 -459.219 0.966
79.660 53.194 -443.674 0.981
-60.518 48.221 -493.432 1.100
26.518 13.551 -308.466 0.963
-10.530 37.294 -332.698 1.007
-52.629 -90.726 -471.961 1.206
21.983 -34.147 -352.157 1.163
75.074 -10.113 -388.535 0.909
-56.958 18.677 -446.907 0.861
-87.622 4.516 -391.664 1.008
25.745 4.432 -386.910 0.922
57.099 -99.554 -369.208 0.911
79.894 -3.360 -327.094 1.004
53.750 -52.144 -372.883 1.058
-25.896 -77.860 -389.577 1.031
-7.438 85.772 -423.323 0.856
-20.728 -59.432 -332.546 1.022
-48.697 -36.000 -301.547 1.064
66.486 7.060 -414.970 1.033
36.924 30.234 -347.017 0.945
97.105 39.198 -321.232 0.936
53.978 -52.590 -318.063 1.074
-18.607 -82.015 -478.969 1.086
-3.757 -31.738 -379.251 1.141
79.924 18.210 -468.369 1.128
-30.693 57.500 -334.710 1.302
-38.236 97.203 -372.838 0.978
-97.457 -88.371 -352.072 1.030
-35.993 -30.197 -307.115 1.030
-91.612 91.872 -337.228 0.987
-97.491 8.764 -494.919 0.887
-47.155 91.294 -314.700 0.828
-63.880 -11.345 -453.354 1.031
-41.282 -89.309 -489.176 1.113
7.915 36.346 -383.525 1.046
29.988 69.197 -367.678 1.090
-62.968 38.888 -438.282 1.074
-88.894 -25.798 -437.107 1.175
86.744 -84.326 -440.228 1.033
83.906 27.855 -395.995 0.918
-79.063 25.673 -445.090 1.043
56.954 2.191 -347.078 0.949
-45.188 1.173 -498.064 1.078
-97.650 40.944 -412.479 1.011
-60.900 82.241 -329.767 1.065
-52.935 -15.830 -432.212 1.013
75.567 -80.843 -324.385 1.172
-84.940 -92.847 -433.063 1.026
59.519 -53.721 -468.468 0.934
-55.727 72.673 -425.072 0.862
-65.529 -10.130 -473.372 1.175
-60.760 -79.634 -325.362 0.965
-66.628 36.814 -442.921 0.954
10.884 -89.661 -314.834 0.896
-16.738 49.732 -463.947 0.821
-28.678 63.091 -318.600 0.947
-34.658 61.827 -401.781 0.904
-80.543 -67.378 -481.638 0.901
13.759 56.242 -329.862 0.984
64.349 80.746 -451.927 0.799
55.261 -22.259 -328.634 1.146
37.113 -76.420 -382.450 0.888
3.724 48.469 -484.111 0.880
44.340 -88.517 -432.838 0.767
80.875 69.870 -465.414 0.968
-74.513 -79.321 -416.803 1.062
1.909 -36.642 -389.914 0.896
12.983 -2.776 -321.346 1.046
-8.695 -86.492 -368.485 1.069
33.011 -15.516 -414.535 0.999
48.565 31.485 -365.318 1.080
79.085 -18.493 -324.663 1.096
-29.662 95.678 -364.585 1.022
81.072 -54.046 -468.243 0.739
-85.825 97.922 -483.044 1.028
-81.108 -5.452 -309.957 1.019
-77.142 -57.238 -493.856 1.005
81.248 8.257 -400.983 0.981
-91.306 -97.318 -326.805 1.045
-81.237 10.292 -460.076 0.817
-71.940 -95.900 -300.828 0.934
-15.240 -50.291 -452.943 1.176
88.859 93.576 -333.072 1.040
53.729 55.902 -389.736 1.089
-8.839 -31.966 -390.025 1.148
-33.378 -48.371 -452.468 1.044
30.468 -74.728 -308.035 1.062
13.193 -45.208 -314.116 0.914
-85.836 83.849 -425.187 0.845
4.340 48.691 -440.768 1.004
-41.462 83.664 -400.963 0.958
-73.953 67.700 -306.447 1.088
18.316 78.327 -473.592 0.985
25.434 9.338 -419.876 0.961
42.512 -41.065 -422.944 0.911
45.296 15.709 -480.334 0.946
-66.185 -35.134 -460.459 0.926
53.805 -90.027 -427.900 1.014
-89.384 -2.390 -318.402 1.102
87.344 98.065 -313.968 0.906
-21.514 -8.465 -316.053 0.824
-27.497 -69.471 -424.564 0.938
-65.526 25.008 -445.344 1.080
-2.782 -83.677 -498.027 0.922
-88.262 57.743 -354.907 0.830
-34.317 -61.744 -309.349 1.003
-11.352 -50.928 -495.938 1.105
-5.802 8.273 -349.288 1.188
-53.060 25.389 -401.574 1.058
38.723 -59.642 -443.299 1.103
22.322 -93.285 -339.178 0.968
76.120 6.913 -321.764 1.115
28.693 42.138 -400.060 1.013
10.632 -46.838 -346.234 0.986
39.660 -25.080 -333.981 1.138
-81.225 78.216 -488.040 0.953
-52.246 87.444 -472.510 0.917
39.586 -47.060 -320.418 0.929
-11.002 -67.683 -482.118 1.113
-75.603 -98.986 -467.083 1.061
91.028 -74.549 -338.991 0.797
-67.331 -81.069 -356.010 1.056
-58.180 -75.485 -395.281 0.934
-20.743 2.223 -328.690 1.081
10.312 -93.162 -468.853 1.038
-6.913 43.841 -414.052 0.989
-87.677 -47.569 -339.468 1.090
-34.869 -42.802 -412.198 1.064
-51.936 22.450 -411.054 1.032
97.969 -2.312 -394.615 1.020
7.158 -8.682 -426.245 1.019
92.400 19.466 -423.442 1.085
37.548 13.634 -300.944 0.937
20.795 60.489 -357.926 0.943
-75.500 -11.137 -414.437 1.193
-41.430 92.046 -461.120 1.068
56.646 16.077 -372.821 0.993
55.504 23.761 -308.309 1.042
49.356 -28.238 -494.352 1.023
-47.932 -46.579 -428.231 1.119
1.415 -46.790 -449.758 1.041
-46.127 55.859 -495.012 0.995
94.372 -45.342 -376.954 0.906
-80.932 91.834 -343.576 0.866
-4.079 99.016 -319.988 0.883
-34.937 59.158 -338.082 0.902
-57.810 66.806 -406.279 0.989
40.257 69.099 -424.487 1.007
53.671 -67.904 -467.774 0.926
-11.092 -18.199 -414.035 1.037
23.019 -57.714 -437.160 0.935
-2.293 -5.146 -340.756 1.012
-2.214 44.811 -448.658 1.012
-15.388 -41.870 -399.754 1.193
95.587 52.782 -427.197 0.829
-3.370 -50.446 -496.878 1.179
68.458 -18.372 -468.910 0.956
94.530 -25.645 -315.933 0.921
61.256 -90.307 -464.147 0.920
-87.961 76.823 -489.178 1.006
95.553 -56.396 -455.019 1.082
-33.418 74.729 -496.942 0.838
-86.014 39.564 -364.645 0.960
95.142 -37.968 -428.297 0.979
37.697 67.182 -378.993 1.054
88.620 32.776 -350.408 1.125
51.575 33.017 -454.703 1.075
35.271 -90.487 -444.633 0.925
-16.581 67.496 -412.660 1.074
-94.168 18.603 -328.373 1.249
96.818 86.965 -376.789 1.144
13.786 -47.179 -326.730 0.871
-64.996 67.190 -448.716 1.034
34.494 -18.412 -310.851 0.833
99.696 81.953 -490.076 1.011
38.675 -66.262 -415.985 0.946
-65.133 -84.316 -460.495 0.838
-80.066 -48.995 -385.740 1.026
-73.016 -35.568 -301.468 1.021
54.777 -48.512 -383.482 0.953
25.299 -31.525 -462.250 1.067
98.244 -25.908 -390.682 1.015
9.944 -62.281 -456.987 1.109
-86.324 -31.181 -474.997 1.118
-14.381 -88.930 -336.039 1.005
-32.269 -99.795 -423.493 1.008
-57.755 62.008 -355.413 1.246
-44.089 -21.655 -494.599 1.009
-1.660 51.270 -432.254 0.954
-97.684 -63.542 -324.821 0.850
13.947 -69.685 -362.286 0.926
35.130 79.005 -484.250 1.047
90.949 -35.602 -468.729 0.989
87.247 -55.519 -470.368 0.947
-69.911 45.447 -404.734 0.897
-17.294 63.900 -472.371 0.994
-51.450 67.218 -383.509 0.954
68.902 26.110 -482.353 0.925
-94.677 99.930 -453.348 1.034
-96.145 -59.269 -445.203 0.867
86.512 -43.491 -395.956 1.144
36.671 82.113 -416.158 0.957
-11.474 82.837 -329.350 0.941
90.046 -51.041 -453.116 1.054
-40.615 67.838 -427.835 1.070
-46.408 77.598 -429.811 0.863
37.742 -9.794 -466.046 1.039
88.204 -25.018 -428.061 0.868
-6.994 83.846 -424.235 1.189
75.211 32.755 -420.917 1.028
-93.614 76.128 -444.533 1.064
92.479 -63.195 -372.482 1.010
-92.415 7.912 -384.876 1.178
1.733 41.826 -406.993 1.019
-17.798 51.522 -337.375 1.077
82.743 -35.507 -397.990 1.061
30.407 49.953 -418.143 1.192
-44.113 -20.092 -303.087 0.916
-79.079 61.695 -301.458 0.956
-68.263 32.038 -319.585 1.102
-31.633 54.854 -405.732 0.915
-74.879 -12.130 -418.841 1.028
48.851 -88.898 -467.472 0.927
-11.703 88.507 -354.608 0.998
-17.215 -99.286 -363.371 0.834
-84.712 6.350 -467.667 1.215
-49.154 -99.584 -432.988 0.983
-2.068 -6.299 -346.202 1.174
98.095 -88.909 -340.708 1.080
39.053 -21.711 -419.575 1.176
76.645 22.485 -440.759 0.977
71.806 -31.271 -393.215 1.030
42.422 21.001 -316.225 0.979
13.584 26.784 -353.624 0.819
-34.875 -82.204 -341.784 1.016
60.701 -72.429 -373.200 1.010
8.884 98.278 -366.491 0.861
-11.219 10.918 -397.793 1.188
-76.345 31.281 -406.399 1.151
-33.380 79.919 -487.477 0.839
45.528 68.398 -424.453 1.029
-90.882 88.963 -348.120 1.000
52.477 -61.229 -333.575 1.162
83.974 -18.453 -309.598 1.063
38.295 42.458 -407.042 0.915
-99.849 95.279 -496.571 0.900
10.052 54.603 -357.179 1.036
45.942 -51.536 -397.996 0.957
14.953 90.263 -456.024 0.956
28.167 52.412 -426.626 1.015
-6.967 22.922 -389.383 1.070
0.524 25.170 -373.637 0.967
-29.261 19.915 -431.753 1.156
-34.819 44.998 -300.069 1.011
-37.668 37.598 -422.042 0.960
-50.128 35.432 -492.276 0.965
-63.741 -21.720 -329.017 0.798
-31.094 74.036 -415.708 0.920
-22.875 43.585 -495.586 1.014
