-32.900 -90.564 -431.073 0.784
-10.173 -59.456 -418.279 1.044
29.813 -18.325 -320.822 0.930
79.302 38.988 -317.917 0.969
17.237 -47.996 -375.651 0.964
77.045 -37.763 -364.041 1.033
49.910 -43.337 -461.261 0.958
77.429 45.947 -378.181 1.167
-17.429 -42.357 -489.712 1.166
-40.205 -14.713 -383.658 1.146
-93.915 -80.260 -411.234 1.173
22.808 -44.023 -416.138 1.080
-45.930 24.297 -497.907 1.117
97.373 -69.894 -366.178 0.905
38.982 -60.857 -476.255 0.903
6.186 0.481 -461.581 0.991
40.289 23.822 -403.730 0.973
13.114 -22.593 -314.078 1.054
16.967 33.399 -331.624 0.872
75.052 -21.328 -451.863 0.813
28.042 -47.722 -378.212 1.007
-21.156 -43.232 -366.423 0.940
-53.610 -87.580 -398.550 1.104
8.804 87.258 -481.759 1.050
-20.793 73.883 -385.227 1.057
72.066 53.918 -302.508 0.885
10.085 -45.912 -499.831 1.094
-80.289 75.257 -440.332 0.982
88.569 -48.442 -449.966 1.103
21.611 81.567 -440.303 0.902
-70.540 -12.787 -428.400 0.953
90.199 54.233 -458.909 0.872
68.156 0.154 -303.740 0.974
43.402 -23.917 -402.979 1.017
33.267 18.297 -487.431 1.091
-16.193 -77.351 -339.690 1.007
36.405 -90.837 -329.102 0.918
-16.062 -73.824 -418.516 1.004
17.249 60.952 -455.951 1.005
2.931 -30.913 -383.194 0.849
39.397 70.249 -426.486 0.985
46.222 33.902 -369.789 0.931
-75.710 2.107 -337.481 0.775
-73.625 -4.057 -349.463 1.086
-0.647 -81.463 -364.869 0.839
42.608 58.089 -313.247 0.855
-79.190 3.790 -396.736 1.133
-55.724 -44.031 -343.479 1.052
-57.360 -45.609 -481.710 1.017
-86.516 -26.098 -447.427 1.067
15.379 80.299 -468.293 1.070
99.345 19.937 -446.402 1.085
4.501 -62.346 -410.268 1.081
61.693 53.953 -313.466 1.059
-35.303 68.283 -433.039 1.092
10.194 -26.451 -309.535 0.993
-92.711 -44.900 -360.901 0.959
-73.894 -8.621 -480.635 1.053
-32.146 65.462 -450.268 1.139
29.812 7.202 -345.556 1.005
17.694 12.083 -310.095 0.759
-31.590 -3.895 -314.595 1.170
-19.694 12.610 -387.221 1.089
-72.674 -26.793 -357.953 0.902
-10.350 -92.822 -363.876 0.993
79.308 17.373 -488.939 0.929
18.048 32.380 -358.083 0.865
43.193 62.930 -362.429 1.022
-81.537 85.250 -436.699 1.024
96.902 -67.670 -408.941 1.014
-36.110 -2.956 -468.471 0.890
40.807 -76.486 -452.861 1.038
-9.843 79.210 -487.621 1.015
-27.706 -17.976 -397.314 1.002
68.602 65.829 -370.715 1.157
-68.783 -5.425 -476.456 1.241
-91.338 -45.344 -416.379 0.930
-43.565 99.488 -433.487 1.021
-45.861 -33.402 -396.736 1.014
-81.447 -75.920 -408.976 1.059
-96.541 4.224 -497.977 1.028
-54.326 -33.176 -406.744 1.104
28.439 74.679 -385.944 0.965
55.214 -61.506 -354.936 1.200
29.209 -46.430 -368.204 1.000
96.310 5.400 -423.728 1.038
-90.707 61.208 -416.449 0.925
84.541 -25.468 -453.917 0.967
-21.053 52.328 -320.386 0.837
-21.572 94.588 -338.549 1.001
38.693 96.134 -357.404 0.947
-26.944 32.680 -442.337 1.118
-29.562 -23.714 -338.793 0.975
32.703 -77.892 -302.975 0.882
19.307 -51.957 -424.377 1.006
-36.557 -31.392 -304.095 0.927
32.482 26.881 -450.944 1.030
88.895 -76.146 -380.994 0.989
-96.649 33.114 -311.735 1.003
62.379 73.556 -493.142 1.013
4.762 -82.726 -376.338 1.036
62.763 -20.607 -472.589 0.831
32.941 97.825 -429.026 1.133
-16.356 77.620 -320.847 0.990
-54.466 -2.006 -351.397 0.740
56.356 -51.407 -360.529 1.003
-41.169 61.327 -488.530 0.956
-35.172 69.986 -319.330 1.043
33.479 38.944 -328.345 0.914
-12.661 -49.703 -310.052 0.991
-24.838 -46.496 -374.534 1.121
-33.685 -93.271 -458.646 0.912
-26.010 64.831 -460.891 1.011
1.800 29.626 -400.343 1.056
10.733 -4.204 -456.358 0.854
15.419 83.287 -421.634 0.993
-28.564 2.007 -370.154 0.990
-86.084 -17.511 -367.360 1.118
1.989 33.039 -402.847 0.987
-79.462 -32.118 -422.389 1.131
15.587 93.103 -400.518 0.997
54.388 -1.013 -398.801 0.963
-66.309 5.006 -385.751 1.001
-16.226 30.420 -325.763 1.033
34.900 17.286 -487.085 1.064
98.436 25.047 -385.206 1.051
-79.360 38.395 -354.897 1.094
40.433 68.760 -391.599 0.880
57.316 33.101 -344.563 1.103
45.923 -69.288 -417.154 1.072
51.103 -61.986 -470.983 1.418
-66.305 64.099 -410.226 0.937
-1.853 -69.308 -321.236 1.018
-22.781 53.725 -334.780 1.026
42.534 42.081 -401.011 1.050
75.054 14.941 -320.764 0.792
48.065 59.447 -329.159 0.959
-74.501 -24.961 -319.305 1.022
-58.988 -33.268 -476.149 1.019
23.062 48.882 -377.431 1.092
-92.311 20.205 -418.416 0.973
14.599 60.491 -348.634 0.862
-78.645 -24.229 -474.622 1.030
52.887 -89.380 -329.071 1.081
-66.956 71.249 -466.085 0.973
20.160 11.925 -475.085 1.007
-28.351 -54.178 -432.028 1.102
-85.894 86.343 -386.463 1.004
19.353 37.451 -407.389 1.097
-95.393 -90.877 -309.550 0.832
-10.185 -80.198 -424.379 0.993
-2.293 -5.892 -490.918 0.830
-9.812 -64.082 -484.292 1.040
-83.962 90.399 -326.701 1.017
-16.698 -71.502 -360.352 0.981
-42.960 -40.433 -409.504 1.209
42.866 7.165 -474.582 1.064
-17.943 -73.639 -464.426 0.848
-40.128 98.877 -303.922 1.052
2.255 77.583 -361.632 0.978
87.981 78.244 -374.048 1.055
0.095 22.554 -369.910 0.785
-94.377 -79.845 -477.189 1.092
4.273 -98.331 -330.599 0.896
69.222 73.433 -455.405 0.857
25.098 78.897 -450.308 1.043
-59.268 51.223 -451.108 1.061
-83.948 -98.185 -376.453 1.111
-1.676 -19.576 -385.571 1.213
-39.763 92.513 -419.989 1.025
0.446 98.512 -329.747 0.905
48.730 97.145 -410.564 0.836
19.073 35.217 -423.982 1.089
-69.583 66.350 -370.018 0.948
65.554 -55.513 -350.817 1.029
39.927 -86.388 -428.615 0.855
-94.453 21.214 -442.731 1.036
-88.154 95.827 -303.417 1.112
-40.536 -72.330 -320.006 0.991
77.423 98.770 -451.772 0.936
17.072 -56.866 -379.639 1.049
76.570 51.757 -356.789 1.024
-46.150 -37.191 -305.214 0.929
85.934 -15.287 -486.202 1.048
67.220 -70.993 -356.130 1.012
31.321 -56.772 -371.104 1.055
-60.951 20.021 -499.585 0.927
-17.492 61.760 -349.488 0.960
73.370 67.108 -466.282 1.069
-35.393 29.463 -417.197 0.843
-11.794 -78.381 -384.994 0.994
34.051 55.320 -376.809 0.899
97.987 71.088 -469.132 1.225
-77.622 37.155 -427.968 0.826
50.507 -74.081 -379.262 1.232
8.767 48.478 -474.789 0.802
-60.005 -85.435 -416.229 0.954
-75.072 -97.178 -330.649 0.926
58.961 23.713 -493.544 0.878
-62.644 54.480 -311.035 0.914
66.403 92.209 -470.308 1.080
-13.829 76.066 -309.162 0.956
49.763 -77.640 -394.568 0.957
-49.392 25.417 -385.444 0.982
-60.282 -55.086 -454.035 0.992
-58.001 18.979 -350.212 0.940
-56.043 -52.094 -367.415 0.859
-78.870 61.122 -334.697 0.998
-93.334 -61.900 -494.551 1.109
75.496 81.102 -320.498 1.132
73.206 -41.771 -352.710 1.069
-78.624 -63.484 -333.776 1.059
45.333 -96.704 -424.409 1.071
-40.223 31.858 -350.642 1.232
-39.760 -90.946 -344.969 0.900
91.719 44.965 -463.838 1.206
85.338 -10.764 -308.973 1.005
-29.120 -72.524 -323.361 1.021
2.556 42.181 -353.295 1.021
-51.680 81.516 -424.238 1.068
-89.586 13.657 -363.159 0.816
-79.316 4.418 -391.696 1.051
91.330 67.721 -302.530 0.935
-53.141 37.264 -403.924 1.096
-85.318 77.767 -380.884 0.976
-29.375 -28.653 -358.731 1.008
6.405 -30.854 -447.991 1.066
98.624 81.050 -355.524 1.040
-47.542 44.383 -441.836 0.960
85.862 -79.939 -353.223 0.989
-56.519 -97.003 -363.527 0.894
21.832 26.146 -355.404 0.879
-73.973 -58.045 -300.040 0.949
45.562 -70.276 -323.063 0.993
95.408 95.907 -417.314 1.186
-29.248 52.041 -323.459 0.896
-50.363 -66.893 -324.545 1.030
-94.438 11.123 -476.466 1.084
20.642 -6.723 -356.933 1.093
-93.316 -34.485 -388.458 0.846
-32.446 29.888 -309.629 1.197
-23.865 -12.675 -494.859 0.920
-8.004 82.228 -449.593 1.204
31.378 -98.456 -443.037 0.992
7.367 76.909 -444.391 0.816
78.491 49.435 -313.078 1.233
-46.833 -91.042 -416.357 1.119
-59.423 54.940 -366.482 0.787
-39.352 -2.216 -343.245 1.294
32.713 99.243 -357.100 1.082
-22.949 7.262 -329.875 0.817
-45.436 3.512 -312.230 0.859
66.005 62.441 -386.073 1.000
47.486 -60.976 -372.889 1.099
6.150 39.495 -484.508 0.965
-16.198 -66.956 -413.789 1.120
-98.640 -5.130 -320.140 0.887
85.190 15.906 -360.080 1.075
77.346 -10.242 -429.048 1.006
-40.631 -99.937 -410.409 1.033
-23.684 -38.881 -478.015 0.941
-73.205 49.979 -451.198 1.076
79.307 -9.631 -338.081 0.996
-62.005 -12.704 -391.456 1.025
95.387 -84.952 -324.438 0.868
36.064 -3.147 -324.728 0.892
-0.896 12.058 -481.454 0.990
9.943 -31.071 -427.603 0.860
20.010 -61.528 -420.251 0.996
-34.574 -15.634 -342.127 0.979
43.975 28.088 -377.595 1.004
54.493 57.871 -334.453 0.882
-62.995 -45.640 -476.425 0.872
80.154 69.895 -316.543 1.043
21.689 39.939 -390.333 1.021
94.622 10.331 -425.629 1.026
79.774 31.015 -353.153 1.028
-55.976 15.279 -370.522 1.078
21.973 -71.256 -324.522 1.106
-99.243 21.961 -349.636 1.067
44.942 1.342 -492.918 0.831
64.331 -78.235 -384.172 1.019
37.926 27.756 -319.735 0.913
-19.125 74.757 -380.165 1.038
-98.743 -35.315 -488.934 0.957
-20.451 -94.164 -465.590 1.044
40.737 -5.645 -418.778 1.057
73.309 -37.235 -374.244 0.934
53.962 23.802 -390.082 1.006
-94.100 -33.052 -313.975 0.905
98.869 -23.800 -342.073 1.129
-57.873 96.147 -430.450 1.122
82.001 89.608 -367.374 0.970
-39.421 56.074 -410.384 1.113
94.688 -41.969 -326.695 1.012
76.801 -92.367 -393.616 0.883
24.422 4.163 -322.787 1.134
-40.386 -13.905 -301.559 1.109
-29.042 23.096 -458.242 0.868
87.682 34.317 -398.413 1.142
-64.599 -52.477 -389.342 1.076
31.481 86.856 -498.355 1.001
-22.334 -47.819 -331.064 1.012
34.283 -94.369 -394.456 0.964
-84.348 36.332 -310.821 1.030
13.578 72.059 -403.431 0.954
-99.709 69.668 -412.993 0.970
38.987 63.369 -424.176 1.083
91.683 20.812 -481.437 1.017
-37.745 97.160 -308.835 0.935
32.060 85.255 -411.240 1.196
95.891 75.123 -355.874 1.086
-6.954 -37.023 -331.875 0.994
-80.348 -11.125 -398.178 0.814
-5.687 53.626 -330.939 1.036
99.160 33.989 -357.297 1.057
-97.568 -32.233 -440.644 0.964
64.974 -78.194 -395.498 1.110
-33.812 9.077 -324.427 0.937
-25.973 3.504 -307.102 0.891
2.964 38.097 -495.825 1.171
55.047 -60.477 -435.839 0.935
8.182 79.904 -379.212 0.901
24.887 36.540 -343.024 1.025
14.813 -52.331 -409.369 1.108
35.869 -87.833 -332.613 1.003
-73.147 -15.128 -459.967 1.048
-31.772 -43.029 -395.366 0.930
-63.487 77.009 -370.537 0.846
-90.026 -49.973 -361.956 0.971
9.580 -74.939 -315.347 0.837
-74.015 -95.510 -446.765 0.946
85.524 80.909 -349.158 0.867
-96.916 39.418 -432.073 1.100
81.088 61.602 -431.081 1.023
85.524 21.860 -487.059 0.994
60.838 -82.097 -398.489 1.046
-40.555 -15.994 -439.655 1.052
-42.749 19.706 -362.791 0.981
61.747 88.922 -461.065 0.978
97.323 87.637 -372.479 0.883
40.565 79.037 -395.239 0.956
-24.437 23.269 -499.840 1.180
-26.905 -60.107 -487.388 0.822
23.840 8.862 -302.819 0.929
-57.447 -86.776 -494.620 0.945
-39.255 59.278 -460.470 0.984
93.069 32.956 -385.748 0.924
47.721 20.070 -303.799 0.767
-94.527 -73.356 -425.454 1.049
50.674 41.289 -448.244 0.937
-89.118 -52.873 -440.646 0.877
-79.509 -82.849 -312.313 0.971
24.461 -89.951 -357.379 1.103
-51.682 75.922 -408.347 0.971
-14.862 81.913 -488.964 0.838
28.618 22.498 -446.945 0.976
85.352 -71.381 -350.282 0.928
96.759 54.672 -350.632 0.868
5.296 -22.148 -397.918 0.958
81.732 46.247 -377.802 1.101
45.600 92.205 -319.109 1.138
-81.752 -4.797 -451.818 1.000
69.135 -64.800 -338.504 1.014
67.387 -16.206 -458.548 1.032
16.469 -56.028 -329.304 0.884
19.611 2.104 -384.489 1.022
72.458 75.642 -315.633 1.077
-10.132 21.357 -384.240 0.945
64.282 96.926 -452.670 0.889
0.504 -33.214 -416.411 0.905
13.497 -66.364 -476.337 0.894
60.818 -32.768 -391.982 1.148
-75.835 -65.693 -326.890 1.078
-30.154 -94.697 -368.482 0.844
-63.085 94.523 -450.695 1.014
-44.553 85.631 -488.292 0.946
-46.434 -76.765 -348.321 0.877
96.172 -64.623 -414.886 1.002
44.897 16.048 -427.596 1.161
95.398 94.064 -444.401 0.817
41.884 74.789 -406.626 0.861
-67.402 69.512 -448.068 1.101
75.342 79.517 -352.233 1.021
-15.068 12.041 -380.350 0.966
3.425 75.443 -382.192 1.124
-85.327 -82.200 -372.282 1.107
85.672 18.849 -436.648 0.957
-63.616 31.177 -366.327 0.907
88.834 27.889 -306.400 0.996
-75.699 -91.224 -309.600 1.084
-24.695 -38.490 -433.609 1.118
10.066 -98.609 -353.462 0.993
-56.678 94.282 -335.742 0.964
-24.374 -52.302 -391.536 0.991
-49.421 -58.829 -308.558 1.000
-66.559 -51.865 -462.081 0.946
0.955 -75.620 -303.884 1.137
-53.000 -11.136 -413.596 0.888
51.133 -42.805 -421.341 1.085
20.659 -44.800 -366.692 0.936
53.074 82.291 -393.779 0.940
89.533 -18.129 -494.216 1.048
50.872 80.485 -391.500 1.176
-30.231 4.095 -330.762 0.953
-82.269 -33.554 -493.007 1.088
-2.524 -38.485 -355.050 1.123
81.697 4.410 -436.616 1.076
25.587 59.267 -395.175 0.821
-70.709 84.920 -368.858 1.026
93.832 -72.069 -360.954 1.105
25.086 -77.299 -418.011 1.172
-63.948 86.026 -414.613 0.783
59.017 -88.636 -318.870 0.986
-32.563 -74.514 -318.308 1.103
-74.742 56.699 -311.331 0.949
36.142 97.317 -312.074 1.230
11.506 -66.370 -300.994 0.970
60.439 27.446 -427.051 0.993
76.961 -63.787 -486.420 0.968
-99.513 76.099 -345.974 0.994
9.859 18.236 -352.376 1.030
-8.141 97.891 -427.795 1.053
81.605 -68.722 -452.062 0.817
48.230 -17.802 -375.967 0.854
-99.068 98.968 -396.829 0.862
11.446 -64.122 -303.362 1.116
59.456 -79.290 -483.350 0.989
-64.243 28.205 -364.137 0.875
62.465 -25.455 -346.481 1.149
90.091 6.193 -481.512 1.015
-67.098 -9.821 -409.330 1.083
27.998 69.876 -307.600 1.028
-75.179 56.195 -485.745 1.030
29.049 99.072 -309.750 0.901
93.399 -53.030 -332.774 1.114
17.619 92.614 -458.156 1.066
70.513 85.076 -407.141 1.041
44.026 4.957 -370.300 0.990
74.262 56.679 -303.200 1.078
53.937 4.005 -337.676 1.085
-29.950 -9.633 -434.559 0.929
-44.316 -49.977 -433.548 1.119
-12.861 26.482 -393.798 1.080
54.034 -18.515 -373.580 1.062
52.064 -54.961 -379.290 0.964
-82.124 93.199 -443.701 0.987
-8.778 -14.978 -410.063 0.848
-41.491 -60.926 -443.941 1.013
73.271 -46.560 -424.022 0.972
-23.699 49.000 -374.546 0.797
-1.677 -8.960 -336.778 1.050
89.000 -60.125 -391.221 1.206
-18.790 -53.147 -477.568 1.145
-28.866 -53.778 -387.457 0.953
-17.457 -79.651 -381.046 1.099
-52.721 -76.403 -342.475 1.040
29.081 -98.417 -433.105 1.067
-29.148 57.373 -499.163 1.076
-94.101 -33.069 -316.758 0.965
89.731 43.333 -352.451 0.846
73.805 -93.561 -357.061 0.918
-96.051 27.553 -310.656 0.975
-86.723 17.743 -380.335 1.017
-28.517 -31.287 -324.842 1.092
82.814 97.329 -477.300 0.830
-85.993 96.251 -424.083 0.958
41.780 65.296 -443.728 0.994
72.662 87.325 -349.152 0.996
-45.200 65.102 -399.903 0.923
-88.150 67.422 -314.779 1.041
83.255 94.384 -424.868 0.958
-69.162 23.851 -398.093 1.055
18.341 -75.212 -332.024 0.921
-75.936 72.530 -336.299 1.142
13.938 90.982 -394.132 1.146
94.783 68.584 -442.996 0.907
-76.692 -89.440 -355.063 1.134
39.133 83.641 -348.815 0.917
-32.095 36.054 -376.021 1.007
49.417 -24.894 -341.456 1.023
-67.653 -59.383 -302.963 1.037
59.855 -24.391 -365.030 1.057
-20.795 69.553 -368.165 1.061
41.409 3.205 -353.784 1.106
-14.454 0.041 -353.945 1.034
99.104 37.487 -440.578 0.983
-13.162 -50.199 -352.639 1.025
85.586 -64.697 -328.943 1.193
78.186 96.758 -393.026 0.936
79.110 -27.936 -495.907 1.052
-15.911 5.657 -348.088 0.725
-15.192 -81.903 -484.819 1.018
-28.793 97.297 -436.454 0.989
-24.904 83.256 -343.066 1.023
-21.997 97.282 -482.866 0.873
73.831 -56.745 -445.141 0.927
-16.038 -2.255 -372.729 0.966
48.949 -43.665 -464.832 1.161
-24.567 -64.040 -402.472 1.100
-59.794 -4.387 -386.808 0.957
14.095 -5.503 -482.166 0.981
-96.200 83.464 -439.193 0.868
-57.436 54.385 -403.829 1.183
61.496 20.169 -401.350 1.101
27.790 20.872 -449.848 0.939
-59.085 17.366 -402.472 1.068
61.162 21.521 -338.084 0.898
8.071 -83.177 -369.243 1.040
78.034 -95.058 -486.419 1.112
-59.955 31.112 -356.972 0.937
-0.719 -65.236 -426.799 1.057
27.432 45.508 -428.470 1.042
76.419 -55.966 -488.158 0.972
-73.538 -76.762 -363.933 1.109
90.648 9.732 -439.739 1.019
31.201 25.718 -434.262 0.919
56.444 -94.452 -367.362 0.954
15.928 78.183 -342.213 1.100
-7.558 68.798 -443.690 0.746
-48.865 -31.051 -359.869 1.044
-70.853 68.707 -354.223 1.005
-43.415 -16.928 -439.188 1.008
30.744 84.468 -328.661 1.055
32.275 95.023 -479.623 1.046
41.592 -23.929 -372.786 0.974
-46.795 92.651 -447.712 1.087
-70.816 40.897 -441.272 1.091
13.798 36.991 -397.174 0.885
58.055 -18.274 -306.583 1.050
41.432 46.883 -399.094 1.051
-26.044 43.260 -308.832 1.162
28.904 -54.449 -473.041 0.889
22.184 -63.946 -422.457 0.953
-35.746 76.374 -330.479 1.030
-29.192 -9.092 -367.065 1.218
61.544 90.704 -311.214 0.880
82.054 17.782 -493.860 1.052
81.620 49.809 -427.236 0.937
-49.195 -64.513 -471.374 1.043
-92.452 -21.800 -439.639 1.017
-83.007 -71.421 -427.458 0.926
-24.405 -45.544 -375.787 1.183
-94.650 98.124 -386.554 0.967
-32.980 -76.370 -337.110 1.063
69.129 -75.636 -337.141 1.111
-17.852 59.924 -386.024 1.026
1.113 21.467 -425.001 0.967
21.319 -8.867 -440.357 1.012
-7.917 22.712 -337.979 0.904
-90.714 14.093 -440.109 0.972
55.121 -45.060 -329.589 0.973
-34.129 -16.132 -448.900 0.962
38.325 97.548 -307.703 1.058
-30.735 -98.559 -367.979 0.871
77.220 -47.863 -459.552 0.989
84.180 37.635 -324.687 0.756
-86.363 -47.572 -428.049 1.009
11.355 -75.557 -333.899 1.055
-70.764 73.176 -307.313 1.036
-88.129 -57.758 -409.771 0.795
8.949 -94.346 -363.883 0.879
49.105 -78.402 -330.394 1.035
34.833 -32.855 -496.924 0.875
87.835 -99.882 -444.407 1.040
90.958 11.389 -381.256 0.932
-11.292 -17.779 -352.628 1.005
60.943 -90.179 -434.965 0.964
-0.363 64.194 -362.070 1.063
84.573 38.631 -432.350 0.977
3.358 21.249 -487.072 0.874
99.994 6.532 -468.557 1.096
-63.918 -74.110 -459.613 1.127
14.018 -97.338 -486.811 0.980
63.732 -19.265 -355.715 1.194
-50.383 45.304 -374.126 1.039
23.098 -73.216 -435.616 0.973
-44.884 40.579 -397.196 0.850
-74.769 -88.468 -383.053 0.969
45.577 -68.059 -484.154 1.073
-9.703 -3.518 -427.946 0.987
-69.312 27.584 -476.766 0.827
30.742 -60.605 -387.301 0.800
-72.393 69.105 -399.051 0.949
-88.876 16.881 -428.734 1.050
-71.164 1.474 -376.453 1.094
-21.640 -38.736 -312.882 1.081
-43.812 -90.395 -430.158 0.964
4.460 -51.931 -386.079 0.836
-66.178 -77.178 -350.808 1.086
-74.137 -67.833 -414.354 1.079
-27.688 13.725 -313.264 1.019
-19.549 52.134 -315.576 1.007
-84.707 11.722 -344.334 0.891
79.951 49.942 -431.116 1.126
85.690 -16.079 -499.846 1.055
-33.453 -30.638 -475.965 0.968
-64.699 -49.240 -333.448 1.047
-34.933 -22.074 -363.882 1.019
-76.621 -47.120 -331.627 1.240
74.677 -74.425 -394.483 0.900
93.977 98.035 -371.791 0.995
77.211 92.447 -343.218 1.096
31.929 -73.406 -477.552 1.044
-7.741 47.384 -448.278 0.809
-63.965 -40.687 -435.655 0.754
-84.917 -5.963 -454.866 0.777
35.635 38.838 -454.677 0.818
10.282 -17.730 -440.277 1.084
-80.220 30.117 -328.807 0.983
-59.054 -90.096 -489.938 1.031
99.467 30.675 -409.120 1.046
-37.481 -40.867 -497.510 0.918
6.509 -3.206 -351.795 0.918
-61.703 93.103 -304.212 1.051
58.690 -41.535 -431.996 1.041
83.825 -16.203 -421.078 0.859
68.803 30.227 -449.327 1.059
5.617 7.686 -478.033 1.175
-93.902 23.258 -365.747 1.137
36.331 77.828 -452.905 1.008
-97.900 -83.077 -345.122 1.023
74.377 -4.300 -475.153 1.049
32.158 -98.103 -376.308 0.969
80.686 -79.350 -358.763 1.061
72.346 -3.153 -318.528 1.136
4.604 -65.599 -398.575 0.801
-8.474 -43.927 -484.898 1.071
-58.790 -64.981 -392.609 0.979
47.042 -80.930 -499.072 0.927
-43.565 62.220 -439.612 0.985
-19.217 -41.480 -379.626 0.889
23.574 -77.817 -352.184 0.898
-48.830 17.200 -484.914 1.095
69.428 -96.956 -448.859 0.967
-39.278 -21.634 -316.832 1.097
-92.818 -28.608 -460.321 1.032
67.463 -42.557 -461.338 0.879
-88.955 93.881 -367.950 0.822
57.696 -18.673 -454.714 0.994
-42.645 96.261 -383.483 0.946
3.491 -49.307 -446.180 1.109
-53.557 -31.385 -446.565 1.169
-90.172 -9.447 -369.515 1.044
-60.982 80.370 -380.458 0.950
-43.549 85.910 -370.887 0.947
-22.042 19.835 -354.618 1.063
-90.639 92.704 -372.126 1.153
-1.283 -33.305 -371.591 0.951
-69.361 8.734 -430.740 1.262
-72.523 11.015 -373.985 1.040
-66.698 9.763 -460.456 0.973
-68.162 13.193 -425.601 1.007
-9.835 -36.228 -442.095 0.983
55.718 34.800 -387.154 0.981
44.073 -28.874 -433.254 1.016
-51.622 -31.320 -373.154 0.807
-16.223 -14.165 -390.532 0.913
20.831 -57.900 -433.959 0.802
-72.446 35.139 -308.170 1.153
6.707 -53.566 -414.688 1.012
80.971 68.614 -304.445 0.943
31.062 1.199 -414.653 0.989
36.952 -98.712 -381.926 1.139
97.138 22.235 -345.756 1.044
-69.416 -96.303 -327.177 1.108
-13.218 90.054 -372.291 1.048
-99.031 -97.436 -463.701 1.004
52.454 31.101 -406.014 0.902
51.992 13.694 -316.051 1.065
51.493 -10.021 -496.905 1.058
-73.862 -3.298 -308.034 0.935
78.853 95.810 -444.459 0.905
7.812 -72.463 -382.772 0.972
13.457 -69.890 -498.765 1.048
59.688 49.631 -374.849 1.114
99.333 57.489 -316.768 0.990
-90.827 -98.396 -426.248 0.945
-65.263 62.918 -407.853 0.795
-63.099 -71.080 -362.041 0.967
69.806 -89.048 -498.515 0.977
37.568 -25.248 -320.249 0.861
84.134 -79.158 -368.022 1.003
-19.050 -44.496 -433.370 1.030
32.638 -66.295 -470.641 0.844
-24.523 -72.333 -480.427 0.922
58.043 63.715 -498.111 0.993
-10.319 65.722 -308.050 0.890
48.663 66.747 -423.640 1.022
85.213 -16.082 -339.374 1.023
10.034 80.825 -438.684 1.091
78.171 82.127 -436.632 1.104
-94.125 52.802 -350.399 1.103
-67.615 -68.991 -482.928 0.954
-36.416 -35.097 -301.390 0.893
54.137 -84.247 -327.039 0.828
-70.496 -81.736 -385.294 0.991
87.552 84.641 -379.548 0.990
-65.898 2.567 -457.615 0.898
-53.309 -22.112 -455.399 0.965
-16.070 -80.034 -321.841 0.898
62.132 -88.789 -304.043 0.706
-19.851 -67.578 -398.481 1.179
54.320 0.501 -301.297 0.866
5.648 84.395 -325.338 1.161
70.284 -39.699 -430.500 1.026
-86.509 -8.280 -377.333 0.899
-29.414 -62.628 -343.693 0.948
16.232 2.813 -463.174 1.066
81.794 -72.512 -321.447 1.074
45.645 73.840 -379.383 1.082
73.161 -93.047 -444.324 0.938
35.267 -21.129 -493.478 1.118
-79.675 20.635 -364.083 1.086
21.226 -18.956 -448.981 1.047
-92.347 77.089 -371.048 0.929
15.852 93.919 -340.844 0.915
23.240 -47.100 -489.090 1.021
72.987 10.985 -322.254 1.119
-52.376 42.871 -462.978 1.080
16.544 25.645 -367.735 1.036
-29.452 -26.151 -323.041 1.167
26.613 9.092 -344.404 0.897
-11.960 19.372 -327.031 1.261
44.790 -58.226 -335.059 0.999
63.126 47.267 -373.182 0.979
-59.390 8.971 -363.529 1.042
79.518 60.640 -370.707 0.980
-25.412 -86.760 -459.640 1.188
-19.470 -23.782 -366.937 0.997
19.958 68.994 -428.800 1.168
45.244 -82.271 -489.705 0.946
54.719 51.576 -344.109 1.184
34.932 -0.661 -480.433 1.070
-76.172 -22.278 -410.931 1.000
85.526 11.777 -475.014 1.017
-46.549 84.626 -391.960 1.001
-49.183 -49.571 -468.821 0.889
35.517 -33.731 -449.151 1.069
-73.185 -14.898 -383.385 1.130
42.530 97.764 -355.086 0.985
45.039 -96.586 -433.001 1.070
29.994 -63.202 -402.181 1.208
-54.202 -78.877 -474.158 1.064
-67.429 -14.183 -472.797 0.807
-50.484 81.449 -311.670 0.919
-53.132 31.885 -354.414 1.074
80.419 -68.450 -474.647 0.958
-6.591 -79.623 -418.089 0.955
-73.642 -98.956 -470.238 0.896
-46.673 17.676 -354.110 0.985
87.557 78.360 -405.095 0.928
86.207 50.989 -327.973 0.970
-67.351 -42.105 -324.136 0.995
-79.990 -49.746 -357.685 0.960
91.481 -25.850 -411.611 0.876
74.304 -90.474 -302.618 0.855
-39.435 16.346 -450.874 1.074
-67.521 38.921 -406.501 1.072
53.952 -93.704 -435.639 1.298
-17.122 -67.481 -449.518 0.896
16.712 14.753 -340.268 0.879
31.252 -79.822 -438.052 0.964
-45.737 56.973 -303.780 1.089
-18.332 10.999 -356.668 0.927
50.997 4.127 -363.525 1.114
-77.274 19.559 -382.102 0.930
-39.874 79.545 -447.459 1.068
71.828 29.667 -483.577 1.044
32.194 -94.128 -472.828 1.125
14.337 -4.546 -311.469 0.932
-33.843 -4.477 -402.834 0.945
66.632 -54.446 -350.720 0.994
-28.944 9.079 -424.541 0.870
-90.485 19.860 -350.242 1.059
96.377 -2.222 -377.265 1.041
53.083 0.956 -327.136 0.863
-99.200 -74.927 -384.950 1.068
64.749 -15.479 -471.166 1.232
35.130 -46.645 -460.656 1.062
-50.670 58.918 -488.633 1.003
-46.703 34.442 -388.739 0.998
56.291 24.410 -481.771 1.120
95.007 -19.259 -397.980 0.980
-11.848 -9.311 -338.447 1.063
81.871 65.696 -457.548 0.793
-31.081 -11.836 -341.245 0.957
39.182 -10.473 -428.563 0.897
91.784 -17.236 -377.038 0.984
41.078 -37.759 -441.947 0.930
51.801 -13.080 -376.408 1.068
20.629 54.159 -476.025 0.940
-95.861 -93.134 -423.200 0.949
-51.876 -96.214 -308.139 0.823
52.680 -10.094 -362.995 1.169
52.922 -68.892 -333.125 1.141
-42.289 -86.664 -460.042 1.133
78.266 -89.603 -333.330 0.875
-22.975 42.893 -466.840 0.943
67.857 -21.480 -422.575 1.068
-9.492 -91.087 -489.609 1.107
-57.530 20.273 -362.181 0.839
35.999 87.678 -465.528 1.104
21.657 37.776 -469.812 0.919
36.167 68.526 -332.312 1.124
61.913 -17.863 -347.751 0.861
48.151 25.702 -429.396 1.160
64.608 -29.054 -487.751 1.103
-44.466 -48.550 -305.365 0.932
-70.382 53.949 -487.458 0.813
72.249 -54.696 -357.850 0.984
28.428 75.764 -383.223 1.007
0.617 82.240 -397.145 1.194
10.480 -38.626 -463.735 0.914
-31.015 8.889 -414.915 0.972
37.401 71.784 -455.092 1.037
11.441 -4.289 -483.778 0.855
-55.635 -96.353 -470.555 1.073
-88.078 -9.151 -492.579 1.117
38.979 81.456 -367.675 0.969
-0.778 -68.724 -429.996 1.014
-62.027 63.723 -495.256 1.034
-90.864 56.979 -431.627 1.216
14.665 -47.227 -374.879 0.850
-2.656 59.078 -468.130 0.893
0.463 31.957 -347.719 0.883
53.199 49.227 -341.063 0.853
66.301 -53.539 -368.346 1.049
61.102 -99.121 -315.651 1.085
66.309 47.250 -351.678 1.041
-74.994 -66.907 -477.377 0.991
-84.399 39.197 -311.082 1.061
4.730 42.206 -314.455 1.171
83.061 42.227 -349.172 0.945
-67.904 82.480 -317.354 0.940
33.671 -67.752 -427.148 0.922
87.533 -73.067 -492.030 0.982
-51.106 -2.824 -463.959 0.883
-19.284 -20.147 -456.152 1.080
-4.663 20.532 -491.345 0.940
-91.623 73.217 -398.068 1.066
34.052 -66.601 -367.449 0.953
-77.103 -7.453 -394.941 1.088
-14.622 -74.233 -435.256 1.066
81.890 37.122 -314.727 1.065
-83.741 50.904 -338.838 0.937
1.854 -64.097 -348.452 0.957
-51.236 87.545 -455.938 0.934
-87.267 -26.413 -328.837 0.936
-83.683 70.507 -467.350 1.024
62.547 62.110 -312.648 0.993
-57.019 -60.904 -468.818 0.976
-81.106 87.481 -492.111 0.946
92.750 -49.942 -402.838 0.931
20.108 -32.952 -360.138 0.914
64.377 -58.606 -389.426 1.009
-97.079 -6.923 -472.831 1.038
-14.799 70.202 -324.974 0.869
89.175 -59.586 -458.226 1.016
47.414 -65.948 -372.586 1.099
54.566 34.156 -360.042 1.130
68.004 67.259 -369.778 0.951
-78.745 24.288 -456.344 0.960
31.805 32.968 -451.226 1.053
4.501 -13.192 -449.064 1.090
35.700 -82.973 -481.139 1.083
-31.450 58.545 -458.006 0.958
-49.523 -90.128 -379.029 0.719
44.687 74.066 -402.912 0.961
10.038 -58.326 -425.366 1.076
15.227 72.821 -329.850 0.946
-88.246 -97.155 -486.448 1.122
20.764 -19.471 -491.503 0.948
45.945 -6.017 -308.984 1.165
79.240 -61.580 -351.645 0.938
-94.880 35.983 -439.415 0.999
-44.687 -5.315 -351.016 1.064
87.163 57.230 -486.777 1.001
41.722 -5.751 -484.841 0.997
2.604 13.057 -458.796 1.000
53.784 13.004 -433.151 1.051
-75.691 -83.475 -463.571 0.914
20.903 -29.934 -315.205 0.931
89.563 31.178 -459.283 0.798
-97.214 92.663 -383.434 0.913
-91.027 90.089 -468.694 1.010
40.710 -65.805 -306.398 0.998
45.142 24.434 -364.932 1.040
63.926 81.623 -482.015 0.897
-87.757 -92.798 -321.556 1.093
26.235 70.507 -469.301 1.129
-50.106 12.783 -337.149 1.198
-47.029 -59.240 -428.648 1.040
46.902 61.729 -478.613 1.053
-11.061 65.451 -492.515 1.119
90.029 92.884 -363.267 0.965
-79.565 97.851 -408.051 1.191
42.004 8.207 -355.065 0.893
-44.908 11.432 -389.044 1.155
-67.046 99.687 -387.922 1.053
-6.210 38.376 -318.947 1.030
30.628 47.984 -474.403 1.083
-74.068 -83.900 -493.798 1.023
56.819 -44.905 -466.104 1.088
-20.172 -35.793 -496.291 1.146
-59.491 57.035 -490.344 0.999
72.209 -59.453 -475.161 0.873
15.747 -12.223 -414.284 0.918
4.411 88.455 -387.832 0.991
-67.672 53.736 -472.432 0.982
-38.183 4.817 -456.218 1.079
82.051 13.440 -465.328 0.964
4.169 26.610 -360.818 0.930
76.868 -63.724 -484.528 0.972
-17.176 69.297 -387.417 1.016
37.911 -53.081 -476.079 1.028
-92.787 -2.798 -342.085 0.908
-74.649 -25.850 -325.133 1.189
-24.529 43.913 -368.248 1.080
10.020 72.959 -360.863 1.032
27.078 -2.163 -329.048 0.957
37.362 -51.242 -362.054 0.908
-19.964 17.757 -433.807 0.908
-9.787 -94.658 -443.885 0.890
21.943 79.940 -326.525 0.851
-20.115 -89.278 -482.584 1.116
-85.599 -1.834 -488.324 0.780
-8.640 -81.598 -409.810 1.062
-30.658 43.171 -414.705 1.136
-81.203 63.331 -334.923 0.936
86.453 -0.006 -497.957 1.082
50.704 14.901 -358.853 0.942
5.193 81.726 -380.757 0.986
60.976 92.067 -495.003 1.118
-36.828 -25.656 -410.560 1.002
-86.076 -63.660 -315.908 0.981
65.574 42.257 -314.470 1.140
8.386 15.213 -374.551 0.997
-19.232 -86.979 -488.459 1.013
-12.886 77.798 -347.541 0.988
25.956 -32.757 -438.984 0.956
-11.642 -86.839 -406.860 0.908
68.042 74.799 -321.791 1.181
88.774 -26.360 -450.225 1.082
-82.892 -77.775 -375.433 0.822
-30.159 88.872 -316.424 0.968
8.393 -89.684 -310.091 1.012
31.201 7.294 -339.369 1.105
10.988 89.309 -373.810 0.958
20.394 -16.149 -412.241 0.835
-14.218 -13.652 -468.948 0.999
-26.551 70.661 -374.895 1.054
-93.304 3.402 -480.413 1.074
47.095 94.959 -334.545 1.096
21.990 10.516 -446.100 1.075
-52.491 35.012 -410.214 0.901
-77.435 88.757 -390.472 0.914
-85.898 63.945 -471.010 1.056
-29.811 -1.628 -449.658 1.037
-96.641 27.187 -495.303 0.959
95.365 42.793 -389.157 0.963
75.669 -60.182 -317.636 1.038
-5.581 -11.052 -455.652 1.165
81.583 35.065 -399.112 1.027
96.814 60.585 -370.481 0.862
48.077 95.807 -439.517 1.054
9.780 -7.500 -385.028 1.088
-76.228 25.679 -402.312 0.989
-83.578 42.472 -484.645 0.853
-36.690 17.978 -406.754 1.025
58.131 44.197 -485.595 1.136
65.426 -20.591 -486.686 0.932
79.351 83.557 -474.952 0.988
32.187 -23.286 -353.051 0.936
-80.286 -30.809 -329.836 1.171
-97.284 -4.988 -348.174 1.045
58.116 82.954 -466.938 1.156
-92.932 56.256 -453.783 1.082
-94.882 -72.674 -319.496 1.101
94.944 -0.439 -387.523 0.953
15.633 74.446 -350.104 0.865
-64.345 -5.228 -381.675 0.919
-35.093 98.012 -311.128 1.173
20.816 -97.955 -455.814 0.951
53.736 98.551 -404.912 1.042
99.987 5.994 -357.630 0.887
11.482 51.492 -372.456 1.053
-60.894 -90.592 -315.087 1.156
93.388 8.526 -354.023 0.920
-70.526 78.047 -430.662 0.947
-57.643 95.866 -331.099 1.037
-59.535 -59.371 -420.226 1.015
-25.012 -26.540 -470.527 1.110
51.493 -83.695 -326.061 0.924
-74.486 -43.176 -487.793 0.990
65.841 -24.652 -488.506 1.041
-50.588 -93.738 -422.741 1.032
60.862 -34.096 -435.922 0.892
-54.157 -3.448 -304.953 1.066
86.424 -55.880 -340.365 0.837
