-8.247 21.936 -431.243 1.217
-78.555 -88.295 -467.501 0.917
-4.944 -68.961 -419.931 0.983
59.864 29.428 -426.955 1.101
79.248 -16.413 -362.071 0.975
4.835 -80.868 -336.689 1.104
-46.259 44.810 -412.251 0.937
-64.765 75.447 -300.990 0.997
-51.734 13.677 -330.608 1.133
3.494 63.538 -312.889 1.073
44.167 67.533 -466.428 1.158
-2.809 -5.567 -483.647 1.027
-4.326 -99.736 -311.751 0.891
-97.950 -94.679 -373.594 0.949
-52.595 -71.983 -315.056 0.914
6.039 -0.825 -329.722 1.094
-97.028 36.706 -376.919 1.030
-93.405 85.214 -457.072 1.009
-5.046 57.183 -449.131 0.973
69.923 -60.245 -487.948 1.012
-57.845 2.925 -392.721 0.925
-78.428 58.512 -362.438 0.861
59.338 -50.472 -377.903 1.004
60.993 -58.911 -348.853 0.899
-38.255 48.456 -306.258 1.024
-81.104 -14.522 -407.794 0.980
51.261 86.285 -338.137 0.731
-59.830 27.847 -379.526 1.107
12.021 16.057 -465.593 1.065
-91.858 25.053 -435.764 1.033
32.515 20.466 -346.004 1.106
-83.184 -44.240 -341.668 1.000
-37.665 19.066 -369.362 1.008
-76.705 -23.604 -396.735 0.905
-17.283 -56.524 -332.344 1.152
19.616 82.136 -398.763 1.093
-67.657 7.723 -478.037 0.951
-83.339 5.765 -340.966 0.834
-58.744 -58.390 -419.076 0.916
-7.606 73.775 -446.249 1.073
-9.146 96.585 -363.112 0.878
-35.446 -79.729 -434.799 1.020
-81.643 -63.835 -439.442 0.927
-0.455 -12.629 -358.719 0.975
-78.209 50.316 -459.456 0.933
2.673 -79.854 -379.193 1.047
-5.800 94.318 -492.273 0.936
-84.983 -79.391 -463.555 1.038
-28.362 -41.620 -446.484 0.847
-34.521 39.237 -479.215 0.950
-17.015 -97.859 -447.458 1.192
43.995 -58.103 -320.373 0.987
-99.280 -68.216 -381.227 1.256
-82.038 -57.638 -489.868 0.859
-28.387 -36.184 -470.258 1.120
86.046 33.772 -450.863 0.878
-36.855 13.773 -417.618 0.983
-19.065 -90.710 -422.698 1.068
27.097 38.096 -397.680 1.144
-32.650 16.415 -395.399 0.997
-6.326 -35.696 -401.167 1.204
47.399 -63.646 -395.007 1.012
-58.611 61.857 -458.305 1.072
89.602 -59.103 -429.877 0.980
69.515 -46.934 -413.051 0.958
61.112 -84.931 -498.342 1.143
4.931 14.433 -336.193 1.126
-62.579 81.374 -352.620 0.891
-89.653 -62.838 -406.840 1.065
-32.321 -66.909 -314.175 0.957
77.772 -53.891 -387.583 0.975
86.499 52.250 -324.039 0.998
-21.508 -2.068 -339.056 0.959
38.041 -70.124 -421.438 1.153
-82.592 -50.144 -429.615 0.918
40.464 38.944 -333.094 0.988
10.981 -8.645 -455.602 1.087
8.229 0.782 -329.632 1.016
-37.812 -90.527 -427.216 0.987
53.854 56.867 -319.913 1.101
-36.178 -77.045 -300.270 0.884
-15.454 -6.311 -357.659 1.030
-45.381 46.635 -366.411 0.913
-85.854 -99.214 -399.147 1.023
85.588 -45.922 -365.661 0.939
-15.688 79.148 -401.753 0.970
-23.079 -80.990 -428.281 1.100
-66.704 74.553 -395.395 0.975
62.077 -51.743 -352.423 1.100
72.150 -74.435 -390.964 1.055
38.101 -5.633 -335.383 0.940
-10.162 75.100 -391.321 1.096
-8.960 -40.612 -447.801 0.878
-60.899 53.434 -494.073 1.008
-4.686 -36.319 -393.896 1.038
-51.852 -5.426 -349.732 1.130
67.934 -95.929 -414.348 0.873
-11.854 92.143 -344.411 0.942
55.601 23.432 -437.237 1.087
-91.219 44.843 -328.394 1.180
-90.528 34.530 -308.611 1.020
-43.540 28.521 -414.877 1.149
-45.838 7.834 -439.937 1.037
51.002 -42.616 -398.097 1.026
44.509 -28.443 -436.565 1.044
70.047 9.639 -386.011 1.032
27.629 -52.796 -491.444 1.003
59.123 10.145 -340.379 1.087
57.184 66.409 -324.942 1.010
-87.496 -74.347 -327.432 1.014
-74.072 -19.395 -490.691 1.145
-41.818 2.019 -306.889 0.797
52.429 85.705 -356.108 0.913
54.603 5.245 -302.375 0.884
90.859 86.348 -360.408 1.042
16.424 28.871 -431.334 0.921
-73.207 47.400 -438.159 1.186
92.590 -62.321 -302.921 0.957
70.141 70.600 -314.212 1.066
58.333 69.079 -316.199 1.249
-31.383 -50.735 -342.137 1.133
16.583 -20.896 -386.707 0.823
85.753 -11.870 -414.561 0.864
27.604 40.148 -332.575 0.911
4.684 -98.584 -450.424 1.154
49.015 -10.275 -462.365 1.193
84.824 -59.027 -365.458 1.086
-29.617 -71.149 -471.317 0.969
82.130 1.586 -326.612 0.977
49.563 -12.087 -359.336 0.952
97.972 96.288 -461.248 0.903
96.118 69.560 -318.992 0.889
69.865 -73.502 -312.322 1.072
33.155 -92.343 -438.728 1.007
47.118 66.191 -456.329 1.132
55.438 -59.070 -385.197 0.952
86.954 -79.992 -450.429 1.054
-51.090 -58.349 -358.523 1.001
-95.364 83.239 -479.693 0.928
-45.182 -19.595 -358.123 0.923
-19.724 33.592 -485.243 1.011
15.805 9.958 -499.440 1.022
69.257 -26.749 -436.926 0.909
89.072 63.461 -375.103 1.010
25.925 35.803 -398.644 0.954
37.941 -36.912 -468.416 0.951
12.652 -46.339 -444.366 1.023
92.740 -96.900 -405.148 0.947
42.517 49.212 -339.709 1.038
68.735 53.589 -359.315 0.966
93.503 -73.331 -322.169 1.181
-95.085 -82.613 -466.735 0.863
48.256 45.849 -355.714 1.032
-6.187 54.463 -499.572 0.894
79.743 -11.543 -481.608 1.102
47.430 68.581 -478.027 0.993
57.192 40.304 -444.752 1.006
44.009 -76.257 -358.037 1.109
72.911 80.813 -339.431 0.988
-16.543 39.963 -455.464 1.006
82.625 -84.302 -388.915 1.036
-99.197 -24.636 -300.211 0.971
33.461 58.222 -387.218 0.957
13.856 -88.402 -306.598 0.910
-70.183 -8.392 -430.675 0.974
34.623 21.675 -426.026 0.919
28.672 21.100 -416.848 1.006
-30.733 64.771 -380.785 0.919
-66.750 -86.182 -487.233 1.032
14.242 -22.135 -419.589 0.978
25.894 -5.510 -454.149 0.919
45.211 -88.971 -310.402 0.989
-17.040 49.679 -358.675 1.011
-21.360 -54.323 -439.021 1.097
-55.785 -28.798 -455.678 0.957
74.333 -68.142 -379.401 1.163
-8.056 14.400 -374.261 1.016
-21.250 -49.513 -372.744 0.996
56.357 71.347 -448.117 1.246
80.534 -22.350 -319.348 0.924
14.264 -83.249 -401.412 0.975
86.047 -50.919 -406.923 1.018
-55.161 -49.318 -301.315 1.036
-51.325 31.238 -457.942 1.022
-59.973 -51.600 -419.465 1.070
-62.681 -66.474 -393.644 1.177
67.368 -0.113 -438.100 0.937
11.028 60.509 -396.275 1.090
-52.690 73.099 -450.578 0.860
-98.661 -14.021 -303.047 1.232
-5.193 -95.065 -427.983 1.029
29.988 -13.023 -435.920 0.862
-17.540 -5.158 -345.979 1.006
-91.959 -48.119 -347.862 1.000
29.979 42.583 -416.257 1.038
5.737 -90.748 -396.032 1.254
-81.910 36.772 -423.918 0.929
97.001 33.098 -303.776 1.068
50.253 -95.501 -349.776 0.979
35.344 -34.675 -341.746 0.721
-80.917 -52.419 -359.604 0.912
21.752 -59.719 -302.370 0.974
-83.372 -16.801 -394.515 1.057
67.786 -11.740 -424.280 0.846
95.179 -74.389 -474.122 1.122
-4.682 26.138 -362.038 0.896
23.942 -35.588 -439.795 0.890
-98.374 -63.330 -382.772 0.969
86.965 -29.818 -481.750 1.152
89.106 -44.814 -343.553 1.000
27.878 93.085 -352.289 0.822
-1.746 -68.111 -410.964 1.103
33.745 46.616 -406.582 0.819
40.506 48.091 -405.539 1.088
15.080 -38.159 -391.633 0.932
-99.878 78.294 -383.302 1.089
-33.262 -47.188 -444.608 1.046
79.379 -32.947 -401.894 0.952
7.579 -94.881 -493.035 1.092
62.396 -56.153 -377.867 1.028
-44.243 54.916 -337.503 0.910
-63.237 45.898 -372.563 0.905
-19.500 -58.542 -441.738 1.040
60.645 -88.929 -479.121 0.874
74.114 46.811 -434.387 0.972
-49.050 -68.414 -383.737 0.910
22.964 -98.185 -304.485 1.034
87.332 51.240 -323.360 1.060
77.479 62.338 -451.788 1.132
-40.692 60.095 -436.872 0.862
-37.296 -62.889 -401.356 0.906
-98.796 -21.040 -428.956 1.106
2.291 40.507 -318.134 0.833
98.966 -88.768 -435.333 1.065
-12.553 -26.675 -443.654 0.921
-56.932 79.458 -406.555 1.065
-10.250 -50.507 -357.851 0.862
61.789 92.379 -445.848 0.922
93.148 10.122 -481.520 1.042
89.568 66.326 -333.771 1.058
-30.617 -69.683 -461.735 1.070
91.175 -32.443 -333.928 0.846
53.724 -16.879 -399.998 0.757
-15.044 -88.247 -368.253 1.238
84.063 42.507 -494.586 1.043
99.831 99.237 -410.225 0.888
-8.833 96.429 -385.320 1.111
31.630 15.501 -470.594 1.022
-67.552 21.739 -418.566 1.041
24.916 -16.287 -332.570 1.010
-6.464 -99.770 -437.639 1.093
-97.872 -58.006 -337.826 1.059
76.310 3.565 -370.513 0.994
-43.721 -19.387 -391.105 1.167
-14.394 -37.135 -324.236 0.797
-18.362 95.824 -466.635 0.954
-3.694 8.518 -411.353 0.953
-56.953 62.047 -398.114 0.994
73.660 22.752 -489.541 0.855
-5.522 -88.553 -351.446 0.892
48.037 -49.956 -439.421 0.789
94.300 -56.982 -324.863 0.970
77.490 5.337 -328.448 1.056
0.356 -32.011 -351.008 1.106
89.874 -11.347 -412.016 1.116
-75.613 20.959 -336.075 0.934
40.422 56.774 -421.499 0.842
89.575 -4.663 -499.149 1.037
15.417 -40.792 -361.326 1.013
-99.371 22.693 -497.779 1.047
96.354 58.935 -427.713 0.924
84.551 93.022 -432.537 0.958
-38.166 96.735 -443.874 1.088
-46.581 40.512 -423.096 0.910
47.341 48.021 -394.638 1.069
1.223 -41.421 -323.470 0.791
73.691 -63.733 -488.844 1.082
-80.942 -29.377 -426.551 0.967
-39.284 51.431 -330.798 0.886
40.449 39.090 -417.621 1.062
-98.138 -61.786 -496.349 1.031
-92.746 61.154 -452.230 1.030
79.665 -8.016 -381.621 1.096
-68.809 6.750 -384.564 1.087
-37.922 -20.319 -305.544 0.866
72.725 77.633 -496.700 1.031
51.334 -87.220 -387.548 1.056
94.985 -49.734 -484.897 0.904
-93.360 -71.073 -474.940 0.892
-84.838 97.351 -498.504 1.024
-59.881 -25.255 -493.054 1.041
-60.699 2.573 -446.794 1.080
25.991 51.664 -495.726 1.033
-29.349 35.909 -458.795 0.984
97.265 -67.651 -465.210 0.992
-23.718 -29.475 -467.490 1.088
-17.961 58.547 -430.488 0.805
-31.467 28.730 -416.586 1.056
44.506 -3.959 -307.369 0.931
52.214 -99.972 -364.599 0.891
75.728 -39.123 -351.987 0.879
3.108 -14.499 -330.856 1.160
-16.823 72.243 -454.644 1.225
13.689 -71.370 -361.917 0.993
-45.403 -51.059 -315.529 0.962
-60.721 85.751 -372.191 0.828
-80.384 -11.422 -375.489 0.860
30.617 61.596 -365.673 1.004
29.387 69.893 -375.213 0.891
59.150 69.252 -347.546 1.036
-26.346 -15.126 -314.207 1.073
-77.438 -20.057 -423.155 1.041
-85.094 85.036 -344.031 1.094
-68.045 -87.376 -455.355 1.027
88.699 96.577 -434.830 0.947
31.925 59.591 -396.675 1.101
24.773 -65.555 -452.149 1.257
-56.713 5.534 -324.255 1.060
-38.647 -42.152 -353.394 0.918
73.467 -27.736 -482.673 1.195
-86.857 -80.816 -494.080 0.960
67.460 -95.400 -481.440 0.960
-17.429 -47.107 -360.228 0.907
-0.447 88.226 -372.261 0.917
62.655 51.975 -483.766 0.932
-72.582 -95.491 -397.753 0.890
-68.545 36.786 -310.090 0.911
56.152 -44.277 -460.479 0.994
-98.620 70.282 -329.077 0.892
32.762 -8.881 -493.444 0.907
-57.115 -28.372 -370.218 0.814
52.397 26.030 -379.357 1.009
94.863 -52.029 -425.846 1.108
-99.430 -58.015 -429.358 1.055
80.262 -40.501 -389.611 0.988
-62.098 10.722 -361.049 1.180
-25.117 -7.694 -316.739 0.861
96.876 -70.205 -337.308 1.056
25.452 9.580 -365.675 1.009
-1.580 86.182 -382.856 1.157
28.445 -41.653 -410.980 1.043
88.709 45.496 -479.237 0.919
-40.831 14.846 -383.874 0.953
-97.974 -20.980 -435.557 0.854
-14.662 75.982 -396.095 0.999
71.997 52.986 -307.677 1.090
29.825 56.719 -317.752 0.919
-62.643 -50.289 -349.302 1.020
10.573 -72.424 -351.487 0.959
-56.874 44.586 -331.699 1.016
67.529 33.400 -429.726 0.967
-1.241 52.868 -356.515 0.819
88.442 83.597 -371.507 0.986
41.925 27.348 -455.701 0.922
-70.698 -57.874 -374.545 1.097
21.421 51.554 -340.222 1.127
97.559 34.055 -304.507 1.064
-40.142 6.814 -454.877 0.888
-0.217 -15.342 -481.713 1.028
-55.941 -15.794 -332.406 1.065
-8.442 -26.233 -352.108 0.793
56.687 87.559 -458.035 0.901
-15.319 -44.820 -405.874 0.860
-75.855 96.107 -349.845 0.936
27.847 69.000 -448.812 0.926
-22.335 86.686 -444.716 0.957
-19.865 35.528 -409.980 0.856
84.352 -49.506 -368.189 1.046
89.360 -31.595 -357.633 1.090
-36.553 21.356 -431.096 1.051
-61.166 11.989 -438.366 0.778
-81.283 32.722 -480.678 0.978
97.887 -35.364 -396.292 0.956
19.432 -10.686 -385.042 1.072
-19.811 -56.592 -383.895 0.926
-90.976 63.954 -386.705 1.004
-10.150 -5.720 -321.726 1.061
98.220 46.837 -478.453 0.911
59.860 56.004 -390.932 0.876
49.716 -97.011 -459.442 1.040
-18.381 -79.742 -393.685 1.054
-1.392 14.465 -301.442 0.956
-24.957 43.038 -359.617 1.153
-73.741 93.174 -309.528 0.993
91.572 -51.458 -440.814 0.990
-75.776 48.289 -424.440 0.843
-12.705 -87.340 -351.113 0.979
-47.420 78.543 -353.809 1.115
70.882 -74.693 -371.613 1.052
70.406 31.192 -371.502 0.984
-40.500 22.726 -409.169 0.883
54.103 86.231 -457.002 1.078
-80.352 -84.218 -365.766 1.013
-95.551 12.869 -408.722 0.909
-0.526 -95.486 -414.860 1.088
79.435 30.397 -452.582 1.193
72.583 -53.282 -371.495 0.899
89.125 -44.117 -392.049 0.938
26.228 -27.717 -383.708 0.959
-70.636 -92.529 -492.877 0.842
-66.503 46.108 -318.619 1.163
-31.955 -91.643 -331.104 0.961
2.627 -95.253 -302.632 1.118
-97.552 -1.949 -393.026 0.976
29.962 -70.996 -419.462 1.116
98.852 -19.184 -377.133 0.920
29.847 60.449 -386.477 1.056
18.425 -13.858 -327.825 0.919
60.757 -0.879 -351.689 0.867
-76.436 -72.152 -368.078 0.999
27.713 9.523 -375.102 1.056
-25.104 25.526 -321.447 0.917
68.152 -18.125 -341.319 0.848
-53.689 -84.463 -472.465 0.952
26.749 7.655 -443.885 0.983
-77.962 -70.725 -484.412 1.024
78.215 -30.900 -355.340 1.063
89.052 -23.707 -325.782 0.992
20.878 -58.684 -385.550 0.976
-27.855 -0.603 -387.440 0.993
-60.180 -85.548 -498.469 0.972
33.446 -4.107 -499.299 1.076
-59.007 53.371 -441.172 0.868
-65.385 -56.232 -493.256 1.072
21.178 79.072 -387.136 0.893
44.931 47.393 -395.755 1.123
15.238 -46.518 -415.773 0.853
64.501 5.039 -363.302 0.975
76.576 50.395 -304.685 0.976
-30.273 -32.462 -341.196 1.136
-58.071 -81.591 -415.988 0.966
51.425 11.608 -438.390 1.042
20.510 27.342 -450.515 1.033
-9.969 23.498 -421.416 0.856
7.293 -74.637 -466.622 1.041
-6.482 -9.420 -366.007 1.090
79.012 -78.001 -344.036 1.032
96.381 72.074 -302.140 1.086
87.469 -85.371 -326.884 1.062
-12.692 47.229 -327.935 0.944
59.160 39.118 -498.801 0.974
-5.230 -39.268 -462.327 1.020
53.782 -50.513 -489.824 1.154
-12.512 -34.674 -339.729 1.016
81.884 12.867 -349.656 1.182
23.864 -43.539 -421.199 0.848
-92.293 27.676 -468.991 1.026
90.794 34.273 -445.141 0.955
-5.068 48.707 -339.647 0.925
-78.737 79.494 -491.207 0.858
81.782 -20.540 -476.374 0.992
83.053 99.262 -354.079 0.921
87.402 -96.929 -464.889 0.912
-39.200 38.252 -347.237 1.120
-65.102 -64.733 -329.551 1.039
-20.081 -0.947 -411.731 0.990
-22.035 -28.512 -483.727 1.057
9.532 -20.430 -466.308 1.062
65.351 64.319 -488.827 1.036
-22.088 25.480 -375.782 0.986
58.444 93.427 -419.193 0.889
37.230 -35.247 -423.717 1.152
77.608 -41.232 -348.384 0.956
-98.418 86.888 -374.619 0.971
47.056 84.470 -367.355 0.832
69.843 92.301 -356.411 0.915
64.768 -93.990 -399.080 1.042
19.787 -38.638 -300.755 0.953
94.190 -1.912 -305.113 1.163
48.954 41.087 -367.379 1.067
6.277 -20.672 -454.287 0.941
55.835 80.958 -482.795 0.776
-79.695 -57.435 -415.607 0.837
-80.269 -44.804 -434.105 0.960
63.070 19.341 -385.012 0.999
-95.131 38.542 -496.639 0.751
-63.538 88.318 -440.814 1.034
-16.223 15.678 -422.271 0.939
34.943 -18.771 -354.378 0.909
46.280 20.899 -474.292 0.919
-10.673 45.083 -426.545 0.998
-0.683 -58.583 -411.465 0.969
-18.392 -86.017 -389.041 1.228
-54.362 19.041 -361.574 1.010
7.930 27.482 -494.460 1.067
-38.945 -37.344 -402.485 0.980
69.506 -3.110 -359.148 1.005
-76.439 92.512 -394.111 1.021
37.115 88.396 -436.342 1.058
-77.166 -91.732 -408.532 0.982
76.241 95.334 -496.479 0.881
45.140 -63.576 -364.600 1.200
58.263 4.055 -406.431 0.874
10.715 62.848 -436.802 0.980
-14.141 -92.986 -480.420 0.943
-30.259 -43.917 -331.954 1.077
-72.961 77.620 -314.516 1.126
22.283 -60.220 -450.087 1.070
39.995 4.353 -494.398 1.162
-56.821 80.565 -499.768 0.951
-25.273 -47.096 -436.277 0.985
-15.402 1.851 -326.401 0.910
-38.652 31.261 -464.248 1.137
60.792 89.300 -320.236 1.119
97.225 92.901 -330.453 0.986
52.872 51.091 -443.924 1.098
70.305 9.216 -435.786 0.876
61.368 -18.419 -394.485 1.178
15.019 -41.470 -416.903 1.107
-20.748 2.820 -472.566 1.026
-95.477 -69.494 -407.080 0.967
73.692 50.817 -303.529 0.968
4.051 4.620 -343.751 0.945
-75.353 -14.898 -367.897 1.016
93.889 -44.181 -354.068 0.965
73.004 32.843 -445.969 0.895
90.174 -68.376 -357.541 1.040
27.874 -42.835 -360.122 0.869
-88.752 17.715 -313.436 1.158
-70.733 77.948 -302.137 1.063
73.998 77.303 -486.053 0.863
-90.313 -23.217 -430.401 1.037
88.439 -39.408 -443.605 0.965
4.819 15.418 -433.194 0.982
71.806 -97.604 -493.560 1.258
5.806 -17.201 -386.529 1.023
15.313 49.485 -349.246 1.087
39.912 -12.128 -374.121 1.032
-60.556 -35.177 -363.738 1.046
-88.294 -30.583 -361.856 1.083
-9.243 39.008 -439.305 1.081
-94.259 98.599 -461.371 0.901
-87.799 48.303 -351.008 1.134
62.598 40.356 -354.937 0.909
29.347 -67.251 -468.200 1.002
45.917 -68.964 -379.134 0.979
66.877 44.737 -315.768 1.237
88.749 4.419 -354.899 1.004
98.860 76.324 -409.730 0.941
39.557 47.439 -339.412 1.021
-36.542 -91.445 -414.001 0.874
81.780 -9.348 -483.597 0.889
51.666 21.104 -493.887 0.934
4.288 -34.953 -313.192 1.087
8.784 10.233 -449.275 1.022
-87.854 -98.822 -332.785 0.991
-40.948 71.604 -452.000 1.055
-8.969 -89.655 -343.727 1.019
-37.049 -55.791 -484.501 1.035
-3.911 -69.697 -387.748 0.972
-19.979 -68.118 -334.434 0.970
10.120 -75.561 -471.681 0.965
-16.573 -39.436 -472.141 1.161
-98.073 -69.374 -340.820 0.977
-44.016 -30.199 -486.789 1.186
41.780 -16.355 -360.173 1.086
9.745 87.585 -479.075 1.060
-31.434 92.115 -323.604 1.009
63.228 -87.369 -432.147 1.137
-24.561 -28.257 -486.998 0.920
31.815 -33.966 -376.660 1.007
-57.921 -4.132 -326.716 0.936
-37.960 76.539 -446.353 0.954
51.251 50.646 -436.549 1.017
66.312 -10.401 -388.328 0.815
-32.803 10.453 -385.515 0.997
40.621 -21.999 -433.351 1.208
83.708 4.376 -485.317 0.978
65.103 -86.887 -342.245 0.933
33.631 -24.148 -486.897 0.971
27.676 -9.769 -474.670 0.963
40.425 31.575 -470.920 1.114
-16.850 5.670 -305.180 1.065
-55.320 -64.836 -301.721 1.201
-22.591 41.929 -395.190 1.052
-36.767 -60.807 -356.211 0.844
-96.947 56.610 -306.142 1.046
-69.790 93.726 -359.473 0.886
-13.508 -18.096 -415.124 0.871
47.460 10.589 -357.301 0.972
14.220 -63.255 -313.828 0.902
-5.392 17.742 -475.811 0.957
-62.619 64.443 -410.358 1.045
45.439 -52.457 -428.473 1.069
81.581 92.699 -309.669 1.082
-20.896 77.594 -395.416 0.974
-45.617 -85.753 -451.724 0.873
65.425 59.280 -491.883 0.998
-16.320 -95.937 -401.703 0.862
-50.967 63.085 -451.128 0.957
53.655 21.076 -309.205 1.084
79.700 35.354 -444.606 0.912
-14.746 -90.789 -423.036 0.958
-16.436 -64.226 -424.708 1.085
61.275 23.069 -375.156 1.032
73.784 88.017 -434.699 1.027
43.977 -20.333 -307.391 0.841
71.299 -81.283 -481.509 0.952
-92.249 36.884 -496.255 0.878
-82.004 -49.230 -385.988 0.920
-3.003 -37.160 -345.759 1.046
64.431 -81.587 -390.112 1.012
-90.694 67.527 -336.394 1.189
-51.439 -94.555 -363.385 0.986
-8.369 -41.062 -371.481 0.925
-7.996 69.329 -368.627 0.944
-97.650 -4.798 -326.329 1.058
-19.248 -6.757 -457.529 0.951
-63.165 -56.843 -430.251 1.053
-64.394 -74.512 -336.643 1.150
-51.241 83.739 -309.028 0.952
76.103 12.061 -402.896 0.982
47.225 81.431 -331.217 0.911
-72.290 -39.054 -459.300 0.894
-27.646 85.843 -435.650 1.088
-95.295 -28.933 -447.121 0.839
-69.815 87.513 -426.837 1.071
-90.370 -69.070 -418.125 0.973
21.392 46.805 -300.064 1.080
-24.368 20.413 -464.761 1.106
-72.096 -42.015 -316.343 1.082
24.073 99.747 -473.385 0.974
-2.272 -55.539 -309.859 1.086
-51.301 49.616 -386.062 0.923
-46.511 -80.500 -354.886 0.929
-10.238 -18.655 -327.549 1.004
-48.969 98.536 -395.397 0.996
-50.712 90.464 -385.248 0.852
33.544 -21.678 -439.228 0.909
19.662 25.784 -408.384 1.040
-78.691 -93.595 -438.492 0.773
-53.244 37.539 -416.300 0.909
-58.036 26.943 -359.064 0.944
-86.875 -96.729 -359.766 1.024
-53.458 93.565 -475.538 0.944
31.598 -99.585 -367.175 0.839
73.572 20.592 -364.930 0.956
-91.638 44.155 -345.826 1.089
25.593 -56.230 -361.480 1.004
4.769 85.328 -375.227 1.163
-50.279 0.736 -317.334 0.993
47.421 90.115 -341.593 0.878
57.287 -38.981 -329.171 1.168
62.724 33.494 -392.466 1.007
-93.783 77.559 -414.437 1.027
-7.013 -62.439 -306.104 0.932
6.199 -34.607 -366.569 0.827
-58.244 70.369 -348.914 0.855
-5.753 25.832 -429.564 0.935
-1.830 -41.937 -451.807 1.022
38.283 -72.626 -404.836 0.912
-24.899 14.829 -300.102 0.909
-81.235 -53.644 -376.970 1.061
-38.172 37.842 -464.894 1.016
-92.287 29.933 -476.193 1.233
46.271 66.519 -312.402 1.024
36.165 -55.312 -463.848 1.032
-58.535 -99.399 -417.834 0.860
43.967 67.258 -327.548 0.990
-72.545 47.273 -482.872 1.066
46.095 69.693 -441.082 0.936
-37.751 13.293 -337.025 0.998
76.885 63.554 -373.733 0.876
30.450 71.093 -440.694 1.019
35.733 -96.103 -492.452 0.870
-65.656 76.294 -338.020 1.080
-73.983 -22.887 -446.723 0.874
-49.008 -41.087 -334.592 0.950
3.599 -37.298 -395.921 1.092
-87.173 -41.481 -323.353 0.888
38.090 41.579 -450.229 1.130
74.422 -47.578 -445.749 0.933
-17.925 40.144 -342.635 1.026
-33.833 -78.358 -300.929 1.105
-17.415 16.278 -392.397 1.179
78.386 -36.047 -352.436 1.093
-81.696 44.637 -390.898 1.227
58.246 -96.398 -335.757 1.037
70.093 -73.104 -326.696 0.943
-71.353 95.497 -461.374 0.869
64.016 43.605 -397.587 0.998
39.595 9.333 -495.730 0.861
-82.771 -91.851 -450.542 1.168
-20.345 -90.002 -300.220 0.956
-65.518 -11.575 -354.839 1.087
-48.739 41.797 -312.005 0.942
-12.279 -25.341 -458.678 0.906
92.670 -16.395 -319.371 1.059
-49.926 -67.583 -400.228 0.888
15.976 -65.536 -475.268 1.076
-86.438 -78.008 -349.958 0.922
-0.806 73.379 -365.371 0.926
-42.245 32.957 -382.235 0.979
-16.575 -97.546 -481.344 0.839
-41.173 19.074 -353.545 0.991
-51.448 81.415 -311.085 1.132
79.611 -50.138 -307.290 0.950
91.289 -82.050 -389.041 0.870
68.827 30.050 -414.079 0.859
1.581 -56.440 -350.804 0.871
84.796 77.154 -439.225 0.923
-69.540 -81.494 -424.509 1.043
0.975 83.524 -359.106 0.963
41.481 -45.270 -321.355 1.028
85.952 20.408 -495.275 0.962
57.583 31.640 -435.732 1.072
-4.600 73.368 -340.457 0.781
99.313 92.719 -485.501 1.136
-64.882 -39.608 -476.316 0.838
96.024 97.723 -481.570 0.962
10.644 -74.955 -376.193 1.072
41.672 -63.355 -352.088 1.107
73.549 6.814 -487.515 0.996
-61.177 82.871 -398.812 0.923
-87.527 50.283 -334.360 0.928
70.087 -66.936 -305.822 1.027
8.134 50.435 -392.671 0.956
-34.656 -20.636 -368.481 0.960
37.302 -85.291 -394.148 1.076
87.262 -38.847 -332.265 1.025
91.464 -26.214 -315.638 0.933
37.555 -46.275 -388.926 1.041
-6.491 -0.360 -350.858 0.903
99.055 22.914 -301.566 1.159
51.338 -84.013 -398.520 1.036
-25.079 -77.441 -447.713 0.961
55.393 -27.490 -390.635 0.993
-63.622 63.950 -490.605 0.974
1.166 0.194 -369.897 1.185
13.788 98.592 -434.873 1.054
-70.291 -79.008 -432.837 0.854
17.397 20.094 -426.291 1.099
-56.699 52.316 -450.228 0.977
-87.129 -99.797 -449.338 0.996
69.277 -47.203 -350.734 1.044
25.942 42.328 -357.733 1.090
-71.094 38.044 -330.469 1.121
-27.591 55.557 -449.712 0.954
8.859 96.726 -385.513 1.083
0.965 -21.885 -447.007 0.881
-8.545 -13.031 -392.174 0.906
-0.664 -4.972 -376.016 1.030
-19.695 15.688 -300.065 1.001
-88.427 -38.056 -494.630 0.887
21.655 4.704 -425.829 0.900
-75.210 -90.128 -456.794 1.040
32.226 37.215 -387.438 0.969
33.882 -65.973 -449.093 0.978
-11.424 -11.664 -393.878 1.025
96.567 -44.604 -407.970 1.009
-57.504 36.709 -339.908 0.985
5.012 6.549 -380.800 0.953
-5.059 85.159 -487.374 1.171
63.788 -36.540 -394.622 0.926
-95.883 95.159 -326.426 0.924
59.091 14.357 -332.602 0.800
-41.861 99.786 -382.351 0.926
-35.851 -77.971 -398.058 0.954
78.793 -67.372 -352.131 1.070
97.475 -35.824 -359.988 1.191
-16.198 -55.951 -314.573 1.095
-80.852 58.007 -394.387 0.971
-98.875 -48.727 -422.785 0.998
82.499 -4.320 -398.507 1.020
-23.752 42.218 -475.900 0.961
80.171 -51.912 -411.613 0.993
-0.969 -79.613 -421.215 0.983
-46.167 -29.093 -379.990 1.108
-59.915 -37.065 -395.014 1.068
-11.424 -21.621 -386.141 1.199
3.635 9.447 -300.762 1.099
1.615 5.719 -331.069 0.935
-42.065 -9.255 -487.123 0.948
-68.030 -14.946 -383.025 1.146
18.090 75.709 -466.912 1.065
-19.494 -18.164 -460.638 1.085
-92.480 -86.226 -430.325 1.073
-57.750 12.387 -360.444 1.159
43.767 -63.862 -451.336 0.854
5.426 -50.882 -335.307 1.065
-19.426 22.784 -478.658 1.024
40.367 -23.746 -350.537 1.178
-19.904 -22.983 -330.882 1.029
73.082 34.581 -314.156 0.877
-99.109 -5.468 -483.129 0.947
-92.928 -93.935 -376.066 1.005
-23.022 -95.504 -441.656 0.685
-65.889 36.761 -431.182 1.169
-45.563 87.702 -345.642 0.874
74.987 -0.953 -490.986 0.949
-86.042 37.595 -397.201 0.895
81.981 -73.531 -458.566 1.030
-4.132 16.231 -498.158 1.073
-10.623 -3.443 -379.472 0.733
99.485 38.366 -429.859 1.095
74.991 30.619 -350.916 1.046
41.442 -52.753 -419.023 1.012
-7.326 -42.748 -361.377 0.909
-78.975 -45.180 -341.099 1.009
27.844 -88.115 -395.030 1.117
-54.757 -22.172 -342.501 1.151
-17.077 -41.241 -397.813 0.984
98.711 -46.219 -432.576 0.986
-87.610 31.345 -341.743 1.052
6.254 76.511 -440.563 0.968
1.614 32.390 -471.740 0.923
-11.145 39.978 -444.058 1.002
50.207 -4.618 -436.507 1.036
-83.219 -6.812 -495.281 1.136
12.498 -11.884 -452.219 0.957
40.108 5.222 -326.124 1.076
66.919 -38.967 -326.572 1.031
-6.611 -35.712 -457.111 0.982
-21.144 32.921 -348.052 0.910
-63.809 -62.538 -384.407 1.037
-4.641 -63.523 -474.098 1.067
29.976 36.257 -416.561 1.119
61.758 -69.240 -332.669 1.133
-61.791 -50.861 -465.158 0.982
-69.851 -76.486 -490.720 0.900
74.437 -67.111 -409.650 0.911
-44.748 88.443 -395.751 1.211
-63.273 11.503 -499.453 0.972
-89.604 -24.777 -306.110 1.004
-87.219 46.777 -431.391 0.954
23.356 -96.099 -446.084 0.923
97.834 37.258 -484.879 0.964
-95.862 71.703 -370.747 1.061
-47.848 -81.505 -497.521 1.069
76.824 84.359 -419.714 0.843
1.354 -73.910 -359.756 0.923
-98.845 -42.224 -363.593 0.993
12.158 87.205 -413.733 1.018
3.222 44.287 -348.986 1.110
-29.632 -27.481 -417.792 0.968
71.834 -86.128 -443.897 0.853
58.818 -50.222 -373.393 1.032
-92.062 1.807 -323.243 1.092
-81.722 -96.568 -404.751 1.076
-12.477 10.218 -459.609 0.953
61.686 -49.536 -476.904 1.139
84.259 -34.183 -378.696 0.910
-75.686 -27.336 -413.196 0.921
-72.256 -81.632 -466.384 0.903
92.533 -35.228 -439.179 1.053
-82.801 -8.650 -359.096 0.922
-83.191 83.727 -471.632 1.060
-19.745 -93.510 -426.075 0.875
63.220 -88.133 -347.596 1.038
-35.151 95.345 -405.833 0.889
-65.285 77.990 -469.335 0.961
-35.223 -77.858 -395.730 1.010
-74.199 -99.111 -302.949 0.813
85.188 -59.959 -483.226 0.916
-66.044 -12.253 -384.135 0.951
37.558 -69.750 -397.218 1.058
58.057 78.714 -446.187 0.987
-46.774 -75.242 -417.010 1.019
-52.832 65.400 -466.835 0.946
-8.573 -18.819 -420.508 0.915
-69.194 34.966 -487.407 0.996
46.979 41.902 -396.518 1.125
-21.996 32.490 -363.721 0.820
-33.511 88.436 -318.295 1.060
-39.214 -52.116 -431.135 0.967
26.797 -13.302 -470.859 0.949
-71.341 -64.183 -456.739 0.910
37.081 -94.103 -448.299 1.020
-71.805 -82.873 -400.895 1.052
-72.010 -0.279 -379.365 0.860
-26.234 -20.472 -432.997 0.978
-15.042 7.014 -419.684 1.201
-4.596 31.430 -322.201 1.059
56.684 58.918 -404.467 0.984
-24.333 -33.214 -369.975 0.939
6.905 -12.680 -369.714 1.003
48.938 -4.099 -349.024 0.899
-30.849 -50.815 -460.831 1.037
25.380 -60.614 -499.047 0.937
46.441 -41.798 -420.534 1.044
-72.904 -94.180 -417.560 0.938
-59.071 -39.332 -336.677 1.142
45.452 24.113 -446.901 1.040
-59.538 82.221 -421.301 1.098
-55.900 -27.894 -434.053 1.069
-91.340 -14.822 -365.371 0.802
55.611 -18.354 -413.533 0.935
82.864 -93.026 -324.489 1.077
-15.014 45.562 -394.267 1.026
98.966 68.753 -493.805 0.897
2.768 12.344 -482.060 1.043
70.701 -32.540 -444.821 1.071
95.104 45.377 -485.890 1.060
-99.818 -14.129 -400.152 1.071
70.531 -5.384 -461.551 1.221
-38.654 63.275 -343.512 0.964
-46.385 -40.183 -333.769 0.953
-8.599 -42.684 -309.342 1.064
-20.137 -7.363 -332.113 1.082
-83.434 49.916 -481.243 1.148
-20.549 -33.491 -429.270 1.241
94.213 88.559 -377.651 0.919
94.977 13.484 -322.514 1.026
-84.051 -0.144 -462.435 1.050
63.271 73.835 -315.282 0.893
27.634 -42.940 -430.487 1.123
3.476 50.803 -454.653 1.067
9.027 -20.282 -393.014 0.776
-11.787 -13.666 -327.888 1.091
81.622 46.404 -433.303 0.939
-34.558 75.777 -309.915 1.030
-59.994 -92.372 -311.226 1.066
26.239 -32.306 -494.031 0.879
-91.848 6.825 -304.204 1.087
78.149 -34.324 -408.425 0.986
54.895 37.386 -499.690 0.977
51.742 96.519 -468.197 0.990
57.097 32.203 -495.435 0.901
-29.976 27.824 -337.241 0.913
-27.074 38.138 -343.254 0.991
-39.122 5.530 -379.065 1.033
-64.485 -14.757 -339.728 1.070
31.272 38.988 -466.658 0.976
39.028 -41.609 -471.016 0.914
-9.198 -46.651 -467.465 1.018
52.044 33.831 -336.458 1.097
-0.496 -65.414 -487.779 1.115
28.410 -85.880 -392.384 1.063
38.876 -13.810 -460.963 1.066
-56.777 2.163 -440.218 1.142
-69.007 11.698 -492.560 0.909
-17.406 -5.001 -418.107 0.929
67.221 68.832 -309.565 0.901
48.612 -48.221 -493.778 0.950
81.930 98.661 -408.994 0.994
-23.491 71.356 -443.816 0.865
47.337 91.703 -360.988 0.978
80.922 39.629 -388.675 1.108
34.144 62.775 -363.290 1.002
-17.082 -65.309 -454.289 1.043
-1.289 -71.554 -314.543 0.793
20.286 -9.701 -333.409 0.941
73.896 85.152 -383.637 1.019
29.197 -61.900 -465.191 0.958
61.199 -14.347 -349.596 0.953
-35.776 -63.740 -397.906 0.999
-64.423 21.050 -331.609 1.002
-63.837 35.027 -409.934 1.047
99.770 -86.513 -455.659 1.058
-8.587 -42.611 -429.241 1.166
-62.694 -30.871 -452.716 0.982
-9.026 -40.510 -395.465 0.847
-85.411 -8.382 -416.745 1.243
17.545 -51.523 -465.136 0.961
-37.001 38.022 -436.466 1.118
51.407 40.434 -446.359 1.168
-49.701 -17.650 -423.963 1.138
-14.124 35.015 -410.297 1.171
35.668 -4.216 -489.232 1.040
16.357 7.413 -324.336 0.848
-78.851 -15.091 -330.133 0.963
-32.978 -36.443 -387.505 1.106
81.887 97.090 -496.617 1.013
64.990 92.063 -496.715 0.975
1.681 -85.899 -351.231 0.929
-49.308 -71.290 -462.081 0.975
-73.946 47.032 -340.974 0.958
-3.100 72.874 -348.092 0.895
47.112 68.231 -458.217 1.034
-53.280 68.734 -449.008 1.093
-54.576 4.691 -373.937 0.970
45.692 -14.543 -342.155 1.182
13.867 -40.179 -445.468 1.007
-1.703 -48.913 -442.660 1.078
-18.118 -5.645 -356.144 0.961
-8.312 70.194 -358.097 1.004
21.507 -3.205 -331.269 1.000
-50.758 55.432 -388.020 0.981
60.022 -40.788 -473.045 0.991
-70.674 70.860 -495.136 0.963
20.183 38.539 -453.117 1.066
68.163 69.304 -449.071 1.102
-33.157 -65.608 -331.603 1.145
-21.080 83.397 -389.986 1.126
-25.760 43.798 -418.500 0.935
-17.990 -44.927 -322.317 0.906
-80.910 -79.484 -343.737 1.254
-56.171 -24.453 -473.409 1.010
18.800 51.733 -433.383 0.936
46.849 56.031 -476.482 0.980
-29.199 -24.772 -386.643 0.861
-7.784 74.474 -316.590 0.946
19.753 85.182 -425.622 1.005
-37.452 2.355 -390.112 1.053
-50.795 40.735 -483.082 1.053
-42.725 -57.220 -360.014 1.150
-89.557 -81.793 -402.330 1.072
-56.204 -20.446 -461.463 1.036
85.168 44.242 -330.396 0.930
38.678 -39.523 -405.116 1.048
