11.094 -2.701 -414.632 1.093
65.644 -85.520 -420.872 1.081
-6.330 -24.356 -301.545 1.044
12.020 -10.940 -402.672 1.187
-12.871 -17.316 -407.446 0.945
-83.699 -36.881 -466.780 0.965
-6.297 -15.354 -460.763 1.107
55.866 -41.787 -342.623 1.071
68.463 53.995 -314.970 1.067
78.319 27.302 -303.550 1.080
-71.767 -93.951 -393.631 0.854
92.821 -42.546 -421.626 1.005
56.887 -27.555 -450.570 1.067
11.746 -87.975 -446.647 0.972
86.483 1.530 -412.774 0.949
99.768 -30.631 -416.641 0.992
2.430 61.211 -363.766 0.842
-1.162 83.887 -433.303 0.956
56.389 30.353 -333.412 0.930
27.054 91.165 -330.051 1.074
-93.497 32.211 -469.478 1.019
-81.443 21.073 -482.180 0.938
32.213 -33.697 -471.947 0.940
-54.476 -32.609 -446.886 1.158
46.701 -33.190 -396.127 0.902
6.385 -54.349 -424.942 1.169
-65.656 -33.182 -354.778 0.931
-58.153 -5.986 -493.099 0.947
-77.733 15.307 -359.221 1.053
-25.951 -23.062 -341.107 1.077
-88.309 33.935 -358.458 1.025
62.999 35.645 -458.850 1.077
5.968 -68.173 -336.195 0.857
-94.346 81.906 -368.100 1.025
-43.490 26.031 -425.347 1.123
-99.218 88.224 -458.823 1.099
-8.695 -54.792 -330.688 0.952
-63.924 17.967 -388.924 1.026
54.863 -30.927 -431.281 0.930
41.204 -31.575 -476.593 1.092
-88.827 -45.280 -448.540 1.029
30.244 64.731 -421.147 1.058
24.059 -86.912 -395.034 1.033
-99.344 -46.252 -365.654 1.011
34.263 73.939 -335.851 1.009
76.663 -66.701 -360.321 0.976
17.403 50.536 -430.441 0.999
-30.574 29.921 -417.614 0.901
60.626 -93.178 -399.579 1.005
-57.933 -83.683 -369.629 0.982
87.159 -60.470 -322.507 1.011
80.887 4.615 -399.056 0.986
27.350 75.484 -408.696 0.828
-32.213 80.790 -413.505 1.040
-37.508 4.076 -377.412 0.911
-36.768 -40.075 -368.612 1.112
12.070 -95.766 -396.855 0.987
-79.050 -75.990 -406.983 0.782
-21.267 58.144 -383.700 1.110
-92.964 -78.916 -306.928 0.927
9.904 8.111 -309.542 1.067
45.825 74.400 -475.313 1.038
-76.514 26.286 -351.928 0.886
90.146 -29.103 -368.408 1.009
-50.057 98.415 -357.362 1.119
-99.350 75.164 -448.748 1.005
78.173 -44.826 -473.586 0.888
82.024 -43.668 -496.147 0.870
21.419 24.782 -386.970 0.973
84.133 37.098 -485.164 0.956
-3.412 62.126 -409.706 0.884
-11.433 32.734 -462.678 0.969
-15.009 -45.288 -464.707 0.990
38.667 -57.465 -444.765 1.120
52.104 -93.465 -448.537 1.168
-79.043 92.971 -472.758 0.902
19.396 -53.265 -480.525 1.149
-64.254 -28.289 -491.435 0.996
62.629 -59.783 -374.194 0.861
-72.520 -26.202 -487.301 0.959
35.494 49.229 -399.808 1.021
95.423 -5.845 -423.672 1.085
-57.028 55.637 -326.017 1.128
-29.844 -61.046 -349.823 1.086
-99.722 -70.095 -323.271 1.005
-71.970 27.994 -442.391 1.075
62.544 -29.108 -490.212 1.082
24.342 -15.688 -325.694 1.063
-27.087 -26.803 -416.490 0.997
-0.458 -87.057 -354.004 0.966
-64.588 9.193 -367.616 1.028
69.654 -65.638 -380.748 0.993
-61.210 45.921 -422.861 1.074
-53.011 -38.323 -346.075 0.992
-73.152 1.771 -475.232 1.073
1.114 -69.214 -452.240 1.149
-43.695 42.019 -379.336 0.797
6.039 -81.754 -374.495 1.031
43.556 66.610 -322.448 1.056
22.451 -87.074 -313.757 0.946
26.602 8.506 -454.643 0.990
66.273 22.020 -459.144 0.932
85.869 12.101 -400.056 1.017
63.993 -23.131 -474.036 0.948
99.726 36.778 -486.570 1.023
26.076 -85.271 -342.838 0.995
23.568 -47.046 -488.200 1.063
64.798 66.627 -494.617 1.064
-72.702 -41.215 -457.935 1.073
50.755 -15.983 -394.224 0.933
-95.890 -47.637 -449.312 0.770
-53.889 -69.457 -482.804 0.849
-78.591 -43.108 -333.188 1.032
-93.174 53.283 -417.097 1.023
-69.669 -55.976 -358.261 1.209
16.320 21.979 -472.489 0.973
-66.045 40.739 -303.236 0.796
47.434 35.196 -362.545 0.969
1.111 83.683 -341.686 0.985
21.318 65.071 -336.593 1.141
67.338 -4.043 -364.896 1.050
-16.119 99.563 -466.517 0.967
28.717 89.850 -459.159 0.965
-8.321 -39.820 -375.339 0.928
-88.100 -63.102 -475.809 1.033
-65.926 88.578 -333.108 0.881
-55.051 24.260 -401.180 0.996
64.893 40.636 -452.986 1.130
-41.251 59.405 -333.883 0.854
44.334 -52.427 -391.716 0.939
-4.058 -6.388 -356.237 1.146
-73.446 -87.560 -351.678 1.029
-78.514 53.407 -416.135 0.889
-56.336 87.805 -403.777 1.095
-68.659 -98.488 -454.004 0.839
-68.441 -68.483 -304.815 1.029
89.471 -82.015 -472.915 0.745
18.031 10.329 -339.442 1.052
-50.846 66.766 -454.587 0.958
-9.452 -90.352 -328.118 0.910
-23.151 -19.042 -424.336 0.994
-63.882 64.063 -464.759 0.836
-39.759 -62.029 -370.159 0.987
-44.130 36.136 -409.587 1.070
70.221 -40.771 -446.374 0.942
-27.615 42.889 -374.547 1.071
-13.905 -58.416 -321.495 1.098
-87.994 -93.111 -434.294 0.919
-49.267 -69.602 -308.752 1.000
52.426 -96.450 -400.925 1.040
31.273 2.256 -463.095 1.039
-21.230 90.383 -435.166 1.020
-95.299 -24.212 -326.540 1.040
-10.417 -36.711 -428.709 1.243
39.502 -9.232 -409.128 0.914
-66.037 4.533 -355.379 1.030
32.189 -41.310 -302.936 1.003
89.800 -86.076 -329.783 1.116
11.351 47.787 -334.124 1.103
14.662 24.343 -455.870 1.007
-34.479 -46.968 -334.918 1.088
61.439 33.003 -377.736 0.929
-28.030 -87.891 -366.303 1.049
10.283 86.781 -380.451 0.922
81.752 -52.617 -427.299 1.170
-94.817 54.672 -469.168 1.104
-5.535 -76.877 -327.911 0.873
64.022 -60.506 -376.463 1.115
3.831 -3.587 -403.498 0.974
-98.391 64.824 -314.974 1.018
-65.457 0.564 -318.898 0.899
62.408 82.757 -345.565 1.055
34.687 12.154 -303.775 0.948
34.178 -49.915 -415.102 0.919
30.331 3.730 -373.075 1.029
-75.281 -22.513 -490.073 0.839
-44.034 33.920 -416.597 0.937
61.191 77.737 -494.363 0.909
16.498 19.548 -499.552 1.034
-6.353 39.671 -377.527 0.913
-30.972 -76.661 -423.989 0.831
-43.457 -39.612 -355.390 0.884
-19.124 -70.160 -307.712 0.905
-17.705 -73.969 -309.275 1.013
73.564 -39.988 -371.199 1.031
-23.293 -15.670 -388.613 0.939
-13.542 2.222 -468.824 0.968
33.135 48.378 -422.067 0.899
72.517 -97.403 -308.829 1.095
-88.554 39.088 -400.193 0.957
11.871 14.172 -343.121 1.071
94.719 -33.310 -384.301 1.039
-2.057 39.762 -474.526 0.866
-14.828 18.229 -398.246 1.004
-94.484 -62.507 -451.560 1.164
83.338 29.917 -465.840 0.693
50.098 -14.437 -350.422 0.946
43.466 18.046 -499.242 1.143
27.170 79.484 -495.245 1.022
-45.681 -1.308 -443.787 0.863
