-52.643 -62.870 -334.417 1.007
60.376 -56.885 -305.119 0.928
-60.633 -21.543 -366.201 1.087
-16.576 73.130 -307.790 1.076
89.244 29.404 -397.585 0.965
-29.351 -64.234 -399.542 0.999
56.472 43.549 -399.187 1.029
52.952 -85.402 -383.781 0.953
93.194 73.887 -471.156 1.060
-94.681 33.905 -338.654 1.039
-33.846 -24.956 -430.249 0.887
-51.825 -72.757 -352.765 0.855
-67.012 23.255 -377.384 1.058
55.801 8.731 -468.583 1.138
-32.644 -25.778 -402.951 1.049
-87.934 8.565 -346.520 0.831
-38.089 -14.813 -315.391 0.896
40.035 -95.589 -330.054 0.967
-31.516 49.742 -365.746 0.930
16.282 -62.885 -345.894 0.963
-11.928 -36.415 -303.272 1.142
43.687 5.486 -494.991 1.014
-3.225 0.680 -438.189 0.968
88.270 13.598 -326.834 1.298
-49.380 -13.041 -469.109 0.924
-47.987 93.615 -497.943 0.991
-51.583 -86.195 -424.140 1.006
-49.783 84.425 -310.455 1.019
-99.045 11.134 -384.609 0.925
-87.369 87.195 -460.801 0.723
-96.188 60.422 -402.385 0.977
42.842 -57.363 -379.319 0.892
-45.512 -42.326 -419.824 0.998
89.364 1.100 -418.410 1.151
-33.600 19.052 -426.066 0.989
-26.301 61.056 -336.260 0.934
14.621 61.886 -476.155 0.957
47.836 43.806 -461.852 1.056
-10.366 11.435 -380.874 1.015
70.305 -15.402 -346.568 1.100
-80.381 -6.983 -419.599 0.962
-92.740 79.377 -423.417 0.920
-93.542 -73.995 -319.787 0.958
14.160 -29.888 -345.680 0.964
-43.458 -40.565 -422.064 0.961
77.683 -16.431 -440.473 1.066
25.323 46.159 -415.101 1.113
48.076 66.038 -330.822 0.899
56.741 -67.685 -352.608 0.988
-96.088 81.232 -493.408 1.112
50.136 73.855 -350.265 1.083
-85.124 17.863 -318.173 1.043
92.039 41.385 -463.832 1.097
38.691 -95.963 -499.748 0.832
26.156 36.504 -327.724 1.102
99.055 43.422 -459.506 1.060
82.415 -52.507 -388.121 0.876
22.834 -62.785 -439.460 0.832
72.661 -2.948 -445.748 0.798
-75.527 42.330 -342.130 1.050
41.304 -74.391 -433.803 0.974
-30.037 -13.872 -484.694 1.020
40.234 -30.217 -336.847 0.950
61.715 -86.730 -415.913 1.002
31.035 18.829 -350.673 1.005
12.679 -16.107 -385.304 0.938
-52.620 -74.792 -416.351 0.996
8.477 70.261 -414.012 0.837
-40.203 70.188 -364.698 1.043
50.480 -1.066 -349.794 1.276
37.240 27.972 -432.350 0.922
5.350 -9.193 -366.827 0.875
-49.221 -48.650 -492.137 0.866
33.317 -24.145 -375.929 1.188
21.087 5.751 -301.407 1.088
-58.099 -55.476 -369.022 0.912
-21.333 -79.857 -470.942 1.051
34.308 63.812 -370.854 1.013
38.661 -61.737 -334.927 0.979
-97.483 26.734 -323.885 0.949
-41.846 -22.036 -344.075 1.077
89.168 71.833 -318.069 0.891
8.825 52.768 -356.578 0.944
2.913 -53.305 -459.924 1.116
54.749 9.027 -488.151 1.096
-43.297 14.057 -416.995 1.169
86.391 87.078 -329.154 0.915
94.266 -13.421 -390.967 0.946
-1.194 -11.191 -300.612 1.057
76.458 39.377 -437.323 1.069
-85.620 -92.500 -412.357 0.873
-41.330 -93.761 -440.509 0.962
4.564 68.172 -320.112 0.988
40.210 -32.176 -434.588 0.875
85.432 21.842 -403.151 0.944
40.089 -3.411 -459.561 1.028
-84.579 71.658 -463.158 0.885
70.173 47.001 -484.174 0.905
0.513 29.509 -460.059 0.957
-63.767 73.737 -404.451 0.954
86.520 -11.460 -377.397 0.955
8.703 -1.816 -365.585 1.023
7.117 -53.204 -484.607 1.183
-39.758 -62.189 -361.522 1.151
63.543 -99.542 -311.481 0.978
-44.977 -45.230 -346.162 1.049
-86.875 -52.482 -312.367 1.152
-33.718 33.326 -448.906 0.950
-59.376 -75.547 -443.649 1.021
23.463 87.474 -426.162 0.769
90.493 70.184 -432.600 1.101
-31.610 -27.271 -310.754 1.033
-63.333 -10.889 -335.989 0.938
-40.535 -1.308 -320.497 0.952
-60.840 29.412 -305.529 0.913
27.638 -42.622 -344.758 1.101
-40.133 -29.083 -420.178 1.158
-12.086 58.936 -487.648 1.104
86.133 -1.735 -347.384 0.994
62.474 -11.994 -413.319 1.077
-44.761 -65.966 -400.304 0.890
0.595 -47.578 -457.315 1.033
-23.135 -34.830 -355.235 1.206
91.847 90.214 -454.246 0.968
-94.961 -41.817 -333.719 0.932
44.579 69.992 -494.843 1.014
68.476 64.581 -496.653 0.863
68.232 43.789 -335.534 0.961
77.968 16.611 -358.337 0.997
56.446 2.873 -302.010 1.164
-35.179 6.651 -464.423 0.930
-45.379 65.148 -367.472 0.875
71.746 -71.913 -489.310 0.952
69.109 -21.272 -340.909 1.033
-80.086 38.388 -334.456 0.852
47.290 9.978 -310.945 0.990
-78.557 -19.060 -317.457 0.962
-65.825 37.151 -307.140 0.943
-25.002 27.024 -346.589 0.977
-8.201 -30.905 -316.123 0.921
-57.578 16.768 -305.694 1.100
25.113 -17.444 -322.536 0.882
5.882 -73.865 -380.632 0.971
18.747 -25.117 -303.385 1.067
36.131 85.764 -348.639 1.090
-64.497 -55.386 -419.755 0.817
-26.090 -41.245 -493.498 0.975
-66.267 -30.446 -494.347 0.931
-83.450 18.832 -301.477 1.036
-74.508 -72.482 -307.230 1.023
61.304 25.461 -303.681 1.057
5.156 63.414 -372.319 0.983
83.583 52.671 -340.841 1.137
30.220 82.682 -434.616 0.923
69.317 -61.733 -320.040 1.075
-63.817 57.960 -368.658 0.908
67.659 -94.291 -308.970 0.883
-92.691 90.311 -478.982 1.161
16.168 -93.185 -435.038 1.021
10.024 64.150 -330.019 1.175
-50.502 -18.449 -462.330 0.968
-65.188 -75.408 -373.545 0.826
-16.591 96.445 -471.010 0.947
-81.219 -71.901 -405.297 1.171
-95.780 30.102 -383.686 0.910
-81.349 50.807 -341.109 1.105
-61.582 -90.477 -303.085 1.053
-3.727 38.326 -370.715 0.861
-99.252 62.275 -372.631 0.941
28.620 48.680 -494.587 1.178
-55.375 -31.677 -388.267 0.884
-95.949 -74.417 -496.405 1.104
-31.599 89.883 -333.191 0.985
-73.624 63.708 -365.195 1.092
71.604 -23.537 -455.456 1.055
-4.086 17.680 -430.616 0.941
-99.316 -50.246 -363.304 0.936
-59.245 -42.386 -445.293 0.958
71.208 37.932 -399.335 0.942
26.148 43.967 -349.469 0.967
-38.784 69.793 -466.382 0.934
31.562 -18.905 -386.831 0.772
-35.642 86.056 -480.600 1.051
-36.481 30.175 -498.710 0.958
-1.454 84.668 -403.224 0.799
47.069 71.287 -444.198 0.907
34.896 -53.337 -483.517 1.030
46.538 -70.877 -415.230 0.891
-41.978 46.404 -442.656 1.217
-6.903 38.689 -350.608 0.950
-83.849 33.463 -472.890 1.034
78.091 50.874 -414.735 0.987
-79.674 -46.379 -349.842 0.837
39.199 51.684 -386.916 1.113
-12.458 -67.740 -348.971 0.962
15.840 85.699 -358.153 0.956
-9.852 77.326 -432.739 1.106
-98.297 50.458 -303.535 1.057
-83.409 45.175 -319.250 1.143
-65.159 69.361 -360.498 0.979
