52.766 -36.597 -373.757 0.972
74.799 -10.236 -402.789 1.004
65.263 68.232 -425.153 1.084
-38.370 -56.797 -375.953 0.970
-12.931 -63.626 -457.804 0.978
60.568 95.730 -469.507 0.810
-92.899 91.910 -392.332 0.939
34.119 47.554 -334.041 0.906
12.021 -55.560 -495.298 0.818
83.990 -13.746 -336.582 1.125
85.713 -28.350 -474.343 0.881
12.144 81.478 -472.569 0.860
-38.396 52.930 -387.217 0.953
26.955 68.669 -348.150 0.993
39.308 -7.499 -426.398 0.931
-49.528 -65.574 -420.739 0.975
-3.019 -40.630 -479.387 1.018
-59.218 -9.581 -454.769 1.054
14.580 -31.215 -384.989 1.050
82.220 14.482 -411.787 0.926
-23.453 -33.520 -401.449 1.099
61.879 71.803 -464.603 0.976
-65.892 -7.922 -484.365 0.833
51.108 -46.850 -472.480 0.898
-8.206 -39.736 -304.486 1.196
68.096 35.463 -493.250 0.967
-45.216 -65.822 -341.464 1.078
99.118 -95.503 -369.941 0.920
-74.558 12.433 -355.554 1.072
68.815 -40.753 -332.775 0.965
-26.989 -44.408 -383.947 0.943
-83.907 -73.320 -458.326 1.045
77.947 -97.255 -367.695 1.144
85.702 9.228 -366.001 0.793
5.769 -87.726 -436.596 1.096
-89.295 16.189 -459.460 1.016
-72.493 -4.150 -301.882 0.949
-65.702 49.694 -443.498 0.852
-84.611 -14.987 -483.952 1.005
52.987 72.958 -316.148 1.105
-33.390 43.438 -356.587 1.122
6.247 96.007 -456.965 1.091
-40.090 -6.256 -406.863 0.943
29.719 20.217 -419.156 1.042
98.466 81.166 -460.206 0.967
71.437 69.207 -381.222 0.986
10.956 -19.519 -428.254 1.023
88.132 27.220 -332.833 1.001
-49.382 81.767 -393.269 0.965
14.944 63.562 -390.013 1.141
95.387 -23.748 -413.591 1.056
-60.944 52.823 -309.932 0.881
58.415 66.209 -499.571 1.022
-89.031 71.809 -488.198 1.069
-56.366 57.392 -384.154 0.928
-52.216 93.938 -325.943 0.998
27.791 48.159 -331.637 0.902
59.796 -10.674 -410.349 0.984
2.528 0.565 -394.687 1.097
75.325 -58.278 -416.741 1.066
26.516 -20.151 -470.661 0.975
-49.177 -1.504 -363.066 1.228
-25.832 -57.222 -355.547 0.821
4.251 18.686 -497.760 0.894
-46.102 65.283 -389.972 0.951
-95.400 -19.964 -393.822 0.949
66.073 63.448 -419.305 0.871
-23.362 68.917 -343.314 0.909
-17.295 -5.817 -439.895 1.024
67.175 41.180 -445.428 0.961
-20.886 58.437 -396.203 0.976
13.907 62.582 -471.817 1.108
42.404 91.075 -341.860 1.132
-57.696 33.030 -303.157 1.042
95.548 79.345 -407.994 0.888
79.909 -20.309 -380.392 1.070
-6.019 77.924 -408.766 1.042
81.703 41.625 -498.492 1.012
-52.658 2.873 -419.948 1.006
-29.946 53.575 -397.585 1.131
-0.832 -67.519 -430.881 1.032
78.255 4.482 -344.190 1.122
52.306 -84.944 -496.460 0.952
-75.882 -23.913 -361.775 1.076
-6.231 -88.616 -424.243 0.920
-4.660 49.964 -420.834 1.053
48.237 51.384 -368.823 0.965
11.769 23.164 -331.969 0.891
-16.788 36.021 -352.194 1.023
-98.763 -6.330 -479.952 1.148
-59.979 -80.709 -383.669 1.025
87.039 25.487 -335.702 0.974
41.806 11.555 -346.932 0.985
-86.971 74.596 -441.034 0.977
97.939 -81.297 -405.793 0.987
-77.063 10.325 -302.683 1.024
-77.363 -51.965 -428.124 1.040
82.711 -99.181 -414.781 1.017
77.653 -78.529 -367.894 1.021
5.822 30.935 -370.627 0.791
22.417 -19.584 -312.491 1.036
66.780 60.078 -331.762 1.082
52.142 23.276 -351.884 0.944
61.280 94.721 -300.842 1.102
61.651 -96.965 -495.989 0.863
-49.364 12.707 -301.474 0.852
75.930 -3.036 -464.148 0.914
-93.615 55.564 -380.784 1.065
20.668 -52.891 -374.029 0.872
11.991 5.582 -423.865 1.027
-79.249 0.080 -450.273 1.061
77.822 5.311 -356.233 0.997
39.657 36.929 -389.058 0.881
-99.082 85.999 -334.528 1.192
57.386 -17.880 -351.342 1.044
36.580 63.060 -464.662 0.978
-32.962 69.676 -410.125 0.916
-58.447 -61.744 -339.122 1.137
78.053 19.203 -443.134 0.914
13.929 -97.577 -350.891 1.141
-12.840 -30.357 -441.842 0.920
-93.908 -57.031 -484.736 0.993
48.935 90.042 -497.320 0.819
72.111 82.852 -419.360 1.154
57.069 -72.707 -432.814 0.926
11.675 -6.374 -363.384 0.870
2.230 -68.295 -387.732 0.965
25.928 -10.436 -332.976 0.966
-14.941 -56.598 -322.298 0.999
10.873 -30.917 -309.508 0.944
37.074 -50.166 -355.239 1.210
97.855 41.797 -342.497 1.235
2.486 31.100 -333.433 0.956
-89.255 47.117 -417.630 1.058
2.795 -33.937 -440.145 1.116
-52.715 -52.789 -324.329 0.889
-82.320 29.553 -312.907 0.899
-95.899 -90.762 -402.796 1.010
-66.144 -56.495 -367.444 0.947
-62.133 -73.971 -392.937 1.033
-57.403 88.103 -342.703 0.944
98.373 8.247 -406.141 0.969
58.516 72.531 -475.867 0.956
-32.354 12.369 -329.837 1.104
18.893 -12.091 -398.425 0.971
-34.556 -16.876 -324.878 0.893
-61.339 -92.550 -473.948 0.961
-87.806 -46.476 -400.615 0.931
-70.237 31.403 -471.966 0.985
-91.170 -75.434 -407.909 1.073
18.382 -9.550 -391.670 0.999
-79.386 -24.889 -437.929 0.921
36.162 44.273 -336.027 1.068
6.872 1.431 -302.740 1.126
31.233 77.549 -353.337 0.925
34.955 -49.026 -369.535 0.964
-29.806 39.606 -399.684 1.047
31.195 52.894 -473.493 0.757
6.190 -69.281 -467.526 0.995
91.407 -9.703 -416.007 1.073
-64.784 -8.389 -480.059 1.122
-12.275 -54.010 -465.493 1.119
-30.840 -28.739 -386.391 0.998
-44.433 -60.758 -441.084 0.950
91.957 -23.540 -499.538 1.020
-43.113 86.536 -464.657 1.105
14.733 21.125 -323.814 0.853
37.815 -8.655 -416.817 1.001
-74.979 -26.769 -338.357 0.972
30.155 -18.688 -402.569 0.932
-87.898 56.868 -417.309 0.920
94.814 -88.059 -352.387 0.946
-69.412 -13.292 -403.679 0.829
89.673 6.756 -397.256 1.032
22.748 -76.248 -490.579 1.092
-63.401 86.323 -476.121 1.092
-7.394 73.102 -457.732 0.958
77.184 31.671 -476.362 0.966
99.142 -10.041 -319.718 1.008
-68.308 -56.221 -372.629 1.062
79.320 -78.944 -379.401 1.092
-91.646 58.870 -337.234 1.174
51.278 -12.479 -432.569 0.807
-10.307 98.738 -313.703 0.864
70.350 25.690 -478.194 0.921
-4.589 85.927 -492.085 1.007
-16.861 -36.157 -413.369 0.889
17.984 -64.128 -450.228 0.950
-54.678 -79.102 -327.695 0.866
28.521 -68.876 -305.784 0.866
-27.974 -81.426 -401.120 0.936
38.637 -43.853 -487.757 1.160
-5.794 -33.805 -395.409 0.939
92.223 -92.085 -331.404 0.961
-12.887 -95.766 -342.726 0.943
-56.016 87.236 -398.536 1.162
29.994 91.727 -363.117 0.754
86.558 -75.866 -385.546 1.067
-29.877 89.958 -422.067 1.005
79.829 -38.948 -383.500 0.996
