-55.807 88.529 -422.715 0.891
65.220 16.541 -444.535 1.149
18.889 -13.416 -364.813 1.018
88.563 49.795 -409.502 0.892
2.233 -7.813 -403.731 0.882
57.153 -98.933 -479.737 1.069
92.321 45.636 -354.098 1.129
80.138 -33.839 -423.087 1.149
-13.933 64.946 -323.112 0.979
-21.679 62.125 -412.192 1.064
-64.603 -74.875 -310.718 1.099
20.639 -31.178 -322.559 1.145
97.110 11.227 -312.727 0.833
89.595 -60.619 -478.780 1.098
-1.708 93.649 -390.669 1.019
33.178 -46.837 -437.133 1.067
-51.486 -3.175 -455.414 1.173
-91.964 82.274 -445.169 1.079
32.629 11.121 -320.483 0.894
-75.794 91.264 -318.810 0.878
26.468 -59.688 -393.703 0.944
12.942 -78.170 -480.976 0.909
28.647 -0.591 -433.311 0.784
-94.572 77.330 -478.799 0.912
86.730 25.072 -354.080 0.827
-41.430 -28.799 -413.822 0.973
-48.760 47.159 -316.191 1.146
-82.085 36.566 -333.789 0.922
51.855 53.335 -384.809 0.966
-78.386 -78.619 -492.352 1.175
-13.924 -17.304 -304.780 1.138
-37.720 -28.227 -317.012 0.905
-45.820 -69.361 -414.514 0.841
27.764 3.286 -322.564 1.123
83.545 -3.012 -354.828 0.999
6.209 73.198 -309.626 0.944
-41.197 -17.073 -401.911 1.002
80.367 8.843 -487.201 0.987
27.156 44.423 -337.294 1.011
17.902 50.358 -431.024 1.035
79.492 -21.362 -333.072 1.191
-26.333 78.842 -322.657 1.009
47.373 -14.739 -426.809 0.951
2.205 0.674 -447.126 0.986
-32.231 35.896 -471.496 1.066
29.256 29.204 -423.672 1.062
-90.310 -63.147 -431.155 1.038
86.963 77.994 -455.079 1.039
37.561 62.686 -478.657 0.998
-77.943 6.598 -464.010 1.137
-93.318 -26.774 -455.362 0.966
79.495 -68.466 -456.412 1.071
-60.504 45.582 -338.583 1.018
5.801 44.639 -349.379 0.904
50.079 27.992 -357.213 0.983
-74.483 37.579 -461.278 0.914
82.608 41.292 -466.538 1.204
-95.016 54.246 -436.742 1.168
-58.232 -36.635 -414.726 0.891
53.182 90.329 -409.445 0.981
-44.073 12.042 -405.061 1.171
49.859 -56.525 -420.211 0.992
-82.815 -12.644 -355.214 1.069
14.106 -31.722 -385.614 0.973
18.581 93.784 -474.143 1.059
59.571 52.055 -409.639 1.012
-91.867 38.690 -385.689 1.021
-18.917 43.101 -453.398 0.906
-56.426 59.052 -302.815 0.962
-8.171 16.132 -399.619 1.008
-22.172 -93.324 -368.818 0.944
-44.729 30.559 -326.738 0.911
53.145 97.124 -462.442 1.043
95.831 79.600 -487.057 1.089
84.232 -47.716 -355.515 0.920
50.139 78.260 -383.902 1.167
-1.968 -36.248 -300.058 1.025
-34.543 -23.943 -352.212 0.857
68.950 91.298 -460.421 0.958
94.868 -69.000 -469.439 1.058
-77.609 22.758 -315.002 0.897
-22.362 36.880 -433.208 0.972
-63.102 -72.432 -405.570 0.992
-76.963 70.420 -340.625 1.104
-33.977 -56.912 -360.950 0.990
12.000 -17.112 -377.013 1.198
49.255 -22.171 -388.424 0.971
-30.831 -79.754 -401.256 0.963
67.822 -7.022 -456.134 1.117
-83.944 4.992 -390.116 0.936
74.868 87.989 -486.707 1.004
84.164 -75.810 -304.234 0.966
76.761 -79.726 -420.299 1.105
81.166 20.516 -449.685 1.007
1.193 -50.260 -467.448 0.975
3.432 -86.670 -458.028 1.011
-60.193 54.634 -314.513 1.082
-9.274 8.200 -330.464 0.931
-50.346 77.132 -453.521 0.878
45.767 31.105 -359.749 1.017
-29.502 -46.649 -340.085 0.819
92.089 39.614 -464.833 0.924
89.241 -37.660 -308.747 1.024
-78.739 -98.430 -429.783 1.099
-54.204 98.803 -377.157 0.994
39.508 -97.074 -458.772 1.083
55.367 86.527 -425.864 1.021
-53.388 -42.236 -391.286 0.910
-5.180 -80.186 -470.195 0.923
34.564 -24.763 -457.534 0.976
82.639 -82.291 -358.345 1.059
80.231 54.787 -467.588 0.953
-44.682 -91.981 -345.341 1.118
-1.914 9.480 -483.445 0.958
85.690 -92.709 -310.067 1.191
36.360 -87.793 -467.970 1.057
24.717 85.382 -463.062 1.140
-2.149 79.147 -457.300 1.114
-11.099 -1.011 -453.123 1.050
-93.463 53.985 -312.911 0.975
68.952 -89.235 -453.896 1.052
82.175 -92.346 -358.633 1.077
58.125 58.855 -348.187 1.035
74.877 -34.812 -322.978 1.040
-50.147 -97.829 -437.388 0.970
-76.541 81.462 -410.543 1.040
78.584 28.849 -381.246 1.024
-17.821 -10.703 -425.857 0.915
-61.830 -66.545 -499.704 0.942
28.525 -2.595 -371.455 1.045
-46.225 -45.934 -372.742 1.066
69.566 25.694 -400.032 0.999
-42.760 95.156 -459.114 0.958
-53.773 87.131 -369.563 0.919
-92.444 76.421 -393.914 0.942
-1.702 4.687 -479.847 0.855
-11.153 -95.467 -383.093 1.016
82.537 92.901 -431.966 0.942
-86.695 -86.692 -438.479 1.065
16.029 45.268 -426.348 1.131
-89.160 -40.250 -463.499 0.873
-96.557 -94.184 -437.132 1.025
4.132 19.076 -318.698 1.073
-65.562 -6.542 -457.832 0.790
80.192 -20.091 -477.910 1.220
5.208 45.258 -373.685 0.903
-26.594 12.197 -474.412 1.014
87.741 88.442 -368.537 0.889
65.379 -13.312 -307.774 0.868
-22.506 -90.957 -425.226 0.974
1.132 -34.116 -314.590 1.173
86.835 72.299 -352.661 1.107
68.929 -97.107 -353.174 1.012
-79.064 52.333 -307.871 1.084
79.291 -34.520 -332.815 0.888
-73.918 89.410 -313.517 0.936
-48.499 -64.158 -321.916 1.144
-63.915 84.637 -330.093 0.915
75.320 -80.562 -348.848 0.954
-61.263 51.724 -303.738 1.172
-76.333 -67.982 -331.748 0.821
82.103 86.571 -308.685 0.954
-86.859 -69.989 -455.153 0.835
39.241 72.708 -376.529 0.977
-69.708 -72.944 -309.314 1.042
-32.149 36.576 -442.175 0.881
-8.321 89.408 -344.108 1.023
9.286 -83.733 -454.081 1.194
41.755 2.090 -483.943 0.820
-6.010 12.420 -497.576 1.062
-21.961 -5.481 -488.287 0.887
-44.336 6.693 -344.798 0.961
-73.919 38.272 -420.882 0.889
-27.188 29.178 -407.358 1.127
-54.554 52.956 -378.877 0.740
24.617 92.793 -493.231 1.151
-46.082 -19.487 -467.296 0.927
-61.927 -26.769 -420.457 0.969
88.859 -50.871 -338.916 1.068
94.045 69.842 -409.687 0.923
24.016 85.726 -425.319 0.930
-30.545 -44.543 -427.926 0.848
28.264 48.470 -494.940 1.007
-60.652 -37.334 -356.403 0.803
-26.636 -19.137 -358.715 1.028
61.877 -26.812 -428.187 1.110
-74.493 -21.064 -483.034 1.072
5.294 -76.423 -489.167 0.882
-76.806 -32.023 -356.743 0.920
48.339 -29.445 -369.117 1.257
59.968 -12.194 -492.027 0.869
-90.733 64.147 -361.566 0.957
-84.938 60.067 -474.717 0.817
19.177 -81.461 -308.693 0.961
-7.557 81.263 -475.819 0.985
32.268 -70.955 -372.233 0.928
-75.097 -30.519 -418.160 1.047
-80.544 84.492 -457.975 1.107
53.012 46.265 -390.615 0.890
66.383 37.582 -367.055 1.007
