-73.204 -88.740 -455.141 1.026
60.483 -97.356 -490.860 1.161
59.166 32.468 -472.070 0.980
-16.370 55.356 -398.034 1.126
9.906 -0.572 -428.493 1.136
-91.902 -71.278 -373.830 1.050
-80.278 84.270 -475.165 0.960
49.617 17.943 -433.624 0.886
48.133 74.380 -446.547 0.852
59.608 53.142 -368.105 1.129
33.000 15.321 -354.522 0.935
93.006 -43.692 -382.346 0.926
-65.176 20.813 -323.879 0.953
93.595 -86.875 -448.915 1.154
8.766 -21.244 -431.980 0.973
-33.588 68.981 -396.041 1.000
18.550 -94.352 -459.095 0.971
41.841 -8.329 -325.134 1.237
-64.033 62.811 -412.473 1.140
13.189 -97.468 -451.618 1.035
95.163 -53.372 -356.816 0.880
2.646 -64.190 -403.450 0.926
-60.293 -77.610 -394.168 1.014
40.047 -16.860 -395.085 1.070
89.688 -57.118 -307.860 0.890
-80.908 -68.580 -378.113 1.035
46.285 -35.079 -357.267 0.885
-80.525 -72.355 -393.437 1.031
-24.387 -26.750 -477.411 0.974
86.576 -54.407 -315.128 1.071
-68.981 -25.246 -473.167 1.137
49.547 -71.975 -397.954 0.881
95.287 14.395 -371.385 0.921
-43.688 99.042 -457.408 1.161
66.602 -72.988 -330.904 1.105
-93.453 98.991 -487.447 0.976
-4.345 42.119 -452.215 0.974
60.490 99.916 -342.213 1.107
-91.185 -35.929 -306.640 1.139
67.939 -98.912 -400.456 0.828
96.333 93.840 -434.463 0.890
-8.082 -4.814 -369.006 1.016
-80.592 42.344 -430.045 0.899
49.414 -77.442 -301.285 1.177
-96.418 17.057 -380.946 0.993
-18.218 -87.276 -354.402 1.052
-52.237 46.258 -455.501 0.827
-53.143 -82.778 -354.451 1.007
-48.622 2.742 -349.520 1.140
35.502 13.275 -404.725 0.908
6.410 47.430 -441.454 0.817
8.317 -82.693 -405.911 1.016
20.118 40.380 -370.633 1.116
-30.952 11.594 -351.022 0.932
-93.357 -68.220 -449.711 1.039
71.454 -24.074 -440.773 0.828
70.932 65.308 -328.744 1.054
32.017 -63.853 -453.467 0.843
-7.106 -83.184 -387.621 1.012
26.076 33.576 -425.232 0.966
-93.967 40.841 -381.672 1.052
39.729 27.540 -411.473 0.947
49.458 -0.295 -385.153 1.015
26.477 -56.937 -473.357 1.072
-6.610 -2.819 -377.675 0.920
42.967 49.322 -420.171 1.226
-1.145 -95.115 -478.592 1.076
-38.554 97.601 -440.860 1.080
63.664 3.206 -421.924 0.939
66.686 95.533 -465.211 0.828
64.397 -70.408 -364.558 0.873
11.260 -72.201 -328.275 1.024
96.748 93.773 -439.242 1.062
60.730 -58.483 -405.658 1.070
9.953 -50.403 -442.400 0.922
-54.396 -47.817 -491.715 1.128
-4.874 61.906 -456.117 1.096
76.742 80.362 -410.125 0.934
-80.922 -9.715 -433.764 1.020
63.776 -38.014 -381.396 1.124
-17.745 -64.021 -334.947 1.121
48.388 3.402 -376.698 1.057
-51.737 9.164 -376.603 0.971
-51.608 97.098 -461.236 1.266
-43.532 -10.767 -349.869 1.015
-38.908 52.418 -405.258 1.070
-59.985 18.928 -382.288 1.060
-38.033 81.275 -438.519 0.939
-62.906 97.844 -482.333 1.067
-16.771 -87.887 -357.271 0.985
-41.569 -1.685 -499.459 1.154
1.465 -44.725 -456.197 1.104
42.317 42.222 -390.550 1.098
21.286 -92.081 -418.058 1.036
80.967 -54.349 -443.670 1.059
-19.383 98.490 -400.812 1.072
-10.668 70.632 -454.827 0.826
66.709 -75.402 -308.590 1.069
-87.808 -2.931 -468.235 1.122
13.286 -58.977 -437.164 1.036
96.953 93.549 -381.062 0.943
-37.178 -17.526 -495.421 0.955
-30.514 89.450 -459.288 0.930
-32.730 -23.960 -350.961 1.152
44.821 -8.973 -499.837 1.111
-63.246 -36.398 -362.345 0.932
95.556 1.206 -314.875 1.065
-82.764 -77.660 -326.680 1.061
84.299 -57.453 -387.551 0.935
80.036 41.298 -424.918 0.905
82.432 -88.662 -496.218 0.843
18.977 24.210 -396.186 0.906
81.934 -2.626 -372.844 1.163
-26.561 -15.284 -340.432 0.909
-4.141 -99.182 -481.933 1.161
11.944 17.157 -302.679 1.037
-86.212 -25.903 -369.183 0.855
84.013 -18.975 -438.284 1.081
-73.151 -7.246 -433.767 0.931
68.584 -3.300 -414.232 0.802
42.402 56.313 -343.940 0.869
84.076 -43.411 -359.846 0.835
-92.194 -51.747 -401.112 0.927
-17.253 73.287 -313.621 0.927
83.730 5.677 -463.385 1.101
26.236 -31.662 -384.979 0.902
16.353 -40.398 -426.560 1.067
-14.419 -61.537 -442.916 1.052
-14.331 22.546 -491.568 1.094
-45.601 -21.778 -340.109 1.076
-45.490 -58.111 -346.233 0.979
-57.591 -57.373 -355.278 1.019
-48.612 -57.829 -365.816 1.090
4.498 -49.974 -322.701 0.916
68.879 -62.377 -381.108 1.228
-1.702 96.834 -382.023 0.942
40.969 -59.759 -459.290 1.123
-90.437 -39.254 -492.356 1.029
-73.365 58.129 -305.469 1.076
40.231 29.600 -350.626 1.106
-62.809 -82.859 -392.565 1.161
-7.082 28.717 -467.990 1.162
-3.041 -22.932 -334.003 0.841
80.842 52.484 -360.190 0.913
93.475 16.902 -359.212 0.911
49.619 41.549 -410.819 1.108
2.685 -8.721 -483.431 1.047
-60.995 -74.017 -474.027 1.023
10.679 19.337 -360.107 0.957
39.151 -43.714 -350.150 1.056
72.015 28.789 -371.663 0.939
-88.530 35.997 -321.546 1.135
-9.876 2.995 -312.161 0.911
34.556 71.042 -381.863 1.020
-24.928 64.591 -309.901 0.975
-58.448 62.174 -492.114 0.949
97.813 -79.692 -347.466 0.960
21.758 -25.388 -412.038 0.959
1.416 85.059 -472.961 1.216
16.000 20.371 -395.780 1.070
81.209 87.005 -492.281 0.899
89.774 -98.406 -448.331 1.136
-11.162 63.001 -309.071 1.035
-83.383 20.474 -403.281 1.012
-78.920 -44.745 -321.577 1.053
-39.084 -69.799 -306.880 0.800
83.359 -32.774 -382.413 0.952
25.346 34.098 -313.507 0.780
-58.963 -31.384 -334.195 0.945
-43.204 23.398 -330.623 1.043
94.201 -14.029 -471.265 1.102
67.057 -93.352 -496.501 1.119
9.543 -56.238 -470.087 1.146
17.328 75.049 -306.288 0.852
43.234 60.683 -417.559 1.053
-38.673 -37.138 -310.520 0.925
21.039 85.451 -306.007 0.963
24.122 -76.702 -434.157 0.970
67.984 42.304 -416.588 0.967
5.234 83.279 -345.636 1.042
8.155 -97.273 -385.303 0.952
-57.971 91.244 -464.891 0.948
-95.235 8.727 -312.076 0.871
40.143 98.203 -476.869 0.988
-21.304 -67.283 -341.380 1.095
-24.168 43.665 -490.027 0.850
67.251 -42.109 -385.930 1.177
-42.380 -31.294 -373.892 1.163
68.827 10.423 -352.461 1.050
73.979 61.947 -368.694 1.062
-68.856 17.811 -323.507 1.005
5.873 69.663 -454.580 1.182
75.439 61.189 -436.062 1.082
46.763 -72.160 -304.001 0.976
-77.748 -33.192 -353.950 1.079
-92.651 79.748 -382.046 0.863
29.708 78.782 -417.799 0.950
-56.988 68.434 -444.700 1.056
-30.808 -0.203 -496.467 0.974
11.239 -82.994 -409.857 1.018
