87.705 -97.960 -427.003 0.992
-24.769 -43.606 -382.120 1.067
80.911 39.096 -407.085 0.999
20.475 92.672 -358.893 1.002
-10.444 21.518 -376.513 0.786
-89.560 5.369 -493.008 1.089
22.966 5.023 -394.645 1.190
4.631 49.469 -398.042 0.881
68.760 73.181 -357.785 1.207
-28.528 -18.288 -328.912 1.060
90.759 4.326 -376.750 0.980
-45.836 -30.265 -383.879 0.956
-31.695 -68.357 -352.633 0.978
21.584 63.178 -431.001 0.939
34.493 97.458 -456.277 0.799
35.389 -26.433 -425.734 1.114
66.884 72.206 -403.903 0.877
57.499 68.409 -442.717 1.008
86.413 -74.299 -430.906 0.861
-48.449 7.585 -318.193 0.900
-49.030 11.295 -322.258 0.990
-43.664 -43.886 -446.879 0.850
16.179 23.717 -345.931 1.015
66.308 75.373 -466.574 0.861
-0.330 -44.312 -380.558 1.115
-79.920 37.112 -362.557 0.860
-69.742 12.365 -439.349 1.081
-22.575 -2.881 -401.370 1.231
-5.481 -22.352 -404.573 1.045
79.920 -84.973 -337.406 1.046
72.476 0.743 -355.250 1.039
45.256 69.968 -480.035 1.047
15.231 82.498 -482.810 0.924
-34.282 31.275 -471.976 0.926
21.261 10.202 -457.861 0.928
75.003 -66.463 -335.711 1.031
28.036 -71.783 -420.846 1.083
2.004 84.064 -483.586 1.015
-38.519 -57.947 -470.627 1.075
87.606 -95.059 -456.493 0.972
-26.046 13.415 -423.012 1.019
8.318 -46.575 -428.611 1.021
10.309 -96.434 -333.409 0.898
-0.148 16.650 -332.045 0.825
-89.037 -64.016 -455.724 1.147
69.605 48.225 -479.969 0.932
17.970 -24.495 -449.620 0.940
21.539 -48.378 -377.162 0.883
90.567 -78.328 -301.001 1.043
6.339 -27.046 -490.821 0.969
35.755 12.076 -472.290 1.019
-8.063 -66.495 -450.470 1.058
80.575 93.168 -357.301 0.986
-47.283 -83.827 -423.072 0.960
-37.125 -85.876 -398.870 1.091
57.327 -3.883 -375.645 0.935
71.991 88.368 -492.183 0.933
34.908 27.366 -325.462 0.880
-20.370 59.210 -368.372 0.971
-56.323 96.255 -429.390 1.064
76.409 10.050 -485.306 0.983
36.397 95.673 -387.453 0.987
25.562 -89.709 -387.848 1.020
87.995 71.453 -400.760 1.056
76.475 42.211 -385.712 0.917
-76.945 1.599 -432.635 1.118
73.033 -83.679 -421.753 1.065
65.032 52.377 -404.471 1.008
90.135 29.579 -324.509 0.912
70.530 -88.188 -486.805 0.853
3.723 48.209 -423.317 0.872
50.958 -63.818 -346.314 0.978
79.822 45.449 -395.891 0.893
-68.946 33.261 -384.100 0.966
76.661 -64.469 -330.664 1.030
-4.796 1.450 -476.341 0.988
51.428 -3.975 -416.058 1.104
-87.129 -2.925 -361.186 1.104
87.300 23.044 -313.813 0.943
-21.100 -74.567 -455.361 0.869
-42.128 39.615 -428.171 1.256
44.438 15.100 -302.846 0.993
-13.178 -24.251 -345.385 0.907
4.155 -27.737 -404.164 0.918
-34.830 -87.639 -333.071 1.099
-35.401 -9.018 -408.477 0.934
23.623 37.641 -404.117 1.017
-40.801 -50.382 -357.320 0.983
-93.127 72.098 -343.828 0.989
71.987 -73.777 -484.620 1.052
-66.033 53.853 -305.863 1.064
-89.700 41.861 -497.950 0.968
40.303 54.099 -333.628 0.976
-69.478 -5.751 -358.295 1.040
-79.903 -1.633 -347.787 0.965
-49.051 96.306 -424.924 0.915
45.578 -65.239 -338.464 1.006
-25.629 -53.745 -400.408 1.180
84.530 35.925 -472.246 1.002
-27.478 -64.482 -347.468 1.055
28.990 -62.996 -485.556 0.981
-81.798 -47.261 -381.933 1.062
28.953 24.615 -347.585 1.177
40.221 51.974 -347.641 0.892
44.789 74.619 -305.252 1.063
-14.002 -22.556 -403.571 1.085
83.097 -95.646 -470.876 0.976
-66.381 40.295 -377.052 0.971
48.010 35.621 -422.059 0.899
-60.777 2.645 -364.554 1.012
33.229 44.359 -422.951 1.013
-63.313 -58.693 -484.386 1.117
-28.556 9.815 -343.246 0.951
29.661 95.479 -469.236 1.131
95.415 8.594 -419.272 0.927
-59.776 95.103 -491.707 0.880
34.230 48.762 -348.371 1.077
39.607 -68.210 -384.192 1.183
-45.792 93.972 -436.896 1.054
26.709 -22.226 -446.413 0.888
2.398 66.746 -320.312 0.842
-43.539 6.269 -462.288 0.981
26.328 -38.952 -306.469 1.166
15.632 -75.586 -451.592 1.015
5.321 -88.283 -341.177 1.110
3.143 1.046 -426.776 0.869
57.132 -68.438 -448.746 0.842
-60.304 17.286 -469.959 0.972
46.334 -54.835 -446.341 0.889
61.231 58.828 -464.467 1.139
90.060 96.458 -422.194 1.239
-88.026 99.214 -310.132 1.110
77.081 -36.420 -332.736 1.103
-87.240 84.476 -488.244 1.010
8.272 61.909 -388.996 1.051
-3.337 94.787 -451.956 1.142
-25.854 -87.305 -305.155 0.821
21.387 -14.022 -371.074 0.940
-42.937 15.897 -356.360 0.907
-90.300 -60.326 -418.634 0.965
-54.851 40.383 -308.750 1.024
-35.499 -66.849 -414.407 1.002
-40.071 -11.282 -387.099 1.047
-17.401 -44.910 -363.087 0.913
29.952 -4.814 -453.963 0.831
85.014 46.824 -350.615 1.089
-20.631 2.844 -423.048 0.981
-64.333 -16.087 -399.831 0.755
10.877 -49.742 -346.913 1.012
-23.918 -71.183 -442.661 0.920
-64.453 53.392 -461.404 0.977
4.277 -41.694 -348.498 1.096
40.293 -51.633 -369.271 1.010
36.351 -40.953 -439.122 0.912
-52.292 8.334 -363.735 0.926
-33.169 -83.471 -482.676 1.080
13.509 -63.021 -447.883 1.134
38.810 -5.933 -434.093 1.076
-62.187 -84.273 -435.709 0.965
98.089 -1.669 -366.575 1.097
13.136 43.577 -313.637 1.019
77.043 87.031 -325.941 1.197
39.101 17.878 -475.465 1.032
-71.329 29.991 -330.481 1.016
-49.186 43.634 -448.602 0.941
98.931 -69.124 -468.875 0.772
43.073 9.037 -340.864 1.098
58.217 -75.588 -468.412 0.871
7.554 -18.118 -334.487 1.094
-16.707 -12.534 -393.394 1.013
-3.173 36.311 -420.546 0.922
6.739 -63.634 -498.215 1.136
24.536 25.334 -321.623 0.948
-25.772 62.212 -360.745 1.130
-92.807 -89.248 -359.310 1.034
-91.392 48.565 -481.905 1.131
-42.533 17.520 -326.668 1.084
-5.765 -95.741 -315.084 0.925
-87.383 -98.316 -455.078 0.980
-32.348 8.149 -320.360 1.039
-69.664 -45.388 -410.817 1.000
-85.310 -62.119 -350.810 1.035
19.050 14.979 -413.916 0.997
-13.111 -5.372 -474.563 0.995
92.724 -26.398 -330.415 1.022
65.035 91.755 -364.457 0.986
-42.076 60.252 -464.658 0.916
-24.555 -40.434 -302.310 0.973
90.598 29.472 -312.085 1.003
-49.140 71.511 -350.954 1.092
57.022 -99.596 -474.936 0.922
-84.867 45.805 -467.622 1.040
30.252 -47.106 -314.282 0.906
-63.185 24.035 -452.473 0.985
-89.308 -25.139 -425.035 1.089
-19.767 -16.429 -394.690 1.002
-75.299 -84.362 -375.626 1.042
-33.256 22.320 -325.523 0.982
-81.321 97.057 -304.780 0.965
-20.007 -48.759 -389.428 1.059
