-21.850 9.937 -439.794 0.915
84.984 89.399 -383.456 0.981
-77.456 -74.867 -318.478 1.119
-20.057 -10.384 -475.514 0.940
-87.591 -64.498 -333.206 0.895
-72.243 -99.709 -449.743 1.080
-47.909 21.703 -344.161 1.036
-33.783 88.873 -481.824 1.061
-70.274 6.911 -394.063 0.999
54.612 90.360 -343.056 0.994
39.360 69.230 -397.200 0.868
-35.544 31.356 -492.687 0.963
-33.217 -64.193 -370.713 0.919
26.834 -94.196 -499.693 1.010
53.216 89.787 -417.793 1.034
-67.722 28.028 -387.025 1.121
-21.201 -5.669 -463.536 1.032
94.676 13.395 -311.733 0.889
-18.299 -13.590 -473.349 0.749
-75.097 -87.447 -460.164 1.017
15.708 -34.528 -409.787 1.074
23.927 77.307 -318.448 1.031
14.230 50.483 -353.958 0.997
7.865 -46.301 -404.189 0.873
88.104 69.380 -493.859 0.992
-1.954 -67.127 -300.168 0.954
6.380 -58.981 -309.051 1.044
99.789 24.847 -376.098 1.202
-28.325 -91.737 -335.619 1.048
-64.913 58.626 -347.831 0.936
-28.746 80.245 -464.976 0.973
-29.284 -41.630 -325.421 1.054
49.941 61.149 -300.784 0.927
96.199 42.686 -373.018 1.038
-50.230 65.472 -407.811 0.827
35.393 67.052 -367.283 0.891
-44.844 -47.774 -322.224 0.875
9.465 14.091 -379.179 0.823
-44.706 32.507 -483.603 1.083
58.009 90.595 -474.389 1.139
42.241 8.982 -490.716 1.056
36.925 -3.160 -421.112 1.189
-14.828 -63.910 -443.225 1.125
-85.675 20.655 -433.336 0.984
73.447 39.014 -415.135 0.930
-24.123 -33.465 -406.032 0.968
10.949 42.845 -468.911 0.977
-83.798 -87.758 -472.422 1.020
89.066 81.708 -423.918 1.006
1.509 -30.650 -466.713 1.066
90.333 29.641 -469.759 1.171
-86.024 37.301 -421.718 1.038
-92.101 -42.067 -306.536 1.119
-90.268 -13.660 -307.084 1.022
-34.765 -86.789 -366.590 0.878
95.000 -18.157 -479.806 0.909
23.945 -56.138 -385.664 0.853
26.777 50.039 -443.713 1.052
49.480 -41.746 -378.540 0.862
-54.611 -43.608 -332.039 0.976
55.915 59.919 -380.102 1.040
79.872 -64.348 -495.619 0.860
-75.123 83.629 -405.046 0.995
-38.263 10.880 -398.561 0.985
86.719 38.185 -391.961 1.013
-59.302 -80.874 -472.801 0.889
-66.670 4.279 -308.363 1.024
90.229 -83.017 -486.095 0.952
19.420 -1.104 -376.407 0.991
-45.439 -22.587 -326.762 0.952
-77.028 53.298 -330.723 1.047
97.779 35.096 -309.364 0.904
83.341 -7.475 -321.963 1.016
-28.644 62.217 -367.612 0.943
-41.837 12.544 -368.037 0.930
-60.988 78.584 -345.090 0.755
-26.617 -0.932 -420.066 0.768
72.228 31.879 -494.857 1.015
-2.371 5.030 -391.236 1.139
-20.253 71.507 -484.182 1.012
-86.729 -3.533 -430.336 1.034
90.283 -99.540 -332.726 1.022
-36.374 -16.675 -476.771 1.127
-0.144 -57.062 -490.718 1.040
84.825 44.520 -438.326 1.046
15.421 -4.686 -315.863 1.064
22.499 28.159 -378.383 0.831
-41.497 79.050 -357.005 0.976
-47.572 54.515 -347.226 0.929
-72.190 48.023 -478.485 1.084
34.106 74.023 -478.984 1.070
5.279 0.770 -358.135 0.924
3.330 64.164 -321.589 1.003
64.390 -99.061 -429.937 1.077
-26.511 -16.555 -443.236 1.056
66.407 -93.848 -459.957 0.983
-13.535 15.978 -443.209 1.001
61.428 83.223 -418.250 0.761
-0.698 -98.695 -303.917 1.030
-60.185 79.521 -318.566 0.931
68.380 -58.275 -437.788 1.156
-24.308 -67.206 -391.985 0.993
-87.593 95.740 -459.829 0.948
-53.176 -91.430 -443.666 0.944
-73.345 72.245 -442.921 0.875
80.824 -13.171 -499.564 0.967
-22.233 -86.583 -355.063 1.079
13.596 70.476 -379.661 1.000
24.571 -30.097 -368.691 0.966
97.703 90.472 -344.698 0.943
-68.393 -1.464 -390.127 1.099
92.767 -12.354 -382.348 1.083
90.375 -70.662 -428.570 0.927
60.536 39.109 -369.586 0.934
-38.003 26.990 -358.825 1.092
53.015 29.105 -389.411 1.041
-32.464 97.097 -385.338 0.972
22.203 -85.064 -372.906 1.074
-57.022 30.487 -499.433 0.992
18.285 -23.365 -438.473 1.087
59.431 31.551 -427.872 0.933
24.306 -60.360 -456.827 1.052
82.544 -13.834 -348.537 0.930
-92.935 -32.126 -475.507 0.980
37.059 3.168 -471.167 1.023
-69.078 94.656 -427.078 0.841
-65.569 -10.722 -497.617 0.695
60.794 5.304 -416.585 0.842
-18.799 6.700 -428.206 0.882
65.063 20.902 -409.601 0.914
-29.720 42.930 -331.954 1.053
19.301 -91.429 -319.824 1.096
-17.522 87.882 -426.281 1.165
56.859 78.061 -350.412 0.960
43.536 -7.063 -453.935 1.253
-21.583 5.777 -431.977 0.940
-83.094 -57.734 -409.016 0.845
65.837 75.598 -476.034 1.028
94.505 -63.472 -497.097 0.959
-41.734 -32.342 -460.750 0.903
64.426 25.393 -472.287 0.917
7.967 43.263 -451.893 0.970
-74.264 59.442 -439.777 1.074
72.174 46.514 -491.166 1.147
86.041 -3.729 -414.970 0.924
-61.149 0.477 -466.121 0.987
-1.893 -93.429 -481.743 0.853
16.917 -56.065 -468.468 0.939
4.760 -41.412 -312.186 1.172
-34.254 -29.379 -336.311 1.042
-85.032 -54.001 -454.137 0.951
-46.116 -17.443 -346.424 1.135
-46.366 10.956 -380.361 0.851
92.198 84.693 -336.416 1.102
-1.025 -10.387 -316.005 0.822
-22.483 99.448 -316.294 1.287
-27.177 -56.243 -406.646 1.197
-12.040 97.443 -337.035 0.937
71.150 -20.684 -312.100 1.059
23.478 -78.960 -483.068 1.055
48.066 -71.673 -478.288 1.084
-18.910 -31.911 -341.900 1.035
-15.808 -63.084 -408.148 1.066
50.680 -73.054 -342.439 1.039
-88.253 16.067 -313.344 0.961
3.312 52.639 -466.856 0.971
-86.266 33.407 -339.178 0.997
3.351 -97.959 -442.281 1.088
-12.011 -49.587 -387.719 1.038
-97.204 56.800 -488.463 1.026
43.106 -52.141 -385.155 1.001
28.416 -44.139 -405.209 0.933
62.132 63.512 -492.511 0.981
66.564 43.815 -367.639 1.000
-31.006 63.981 -413.355 0.926
-20.131 -87.871 -406.690 0.964
-6.453 67.763 -497.762 1.111
77.497 65.093 -321.251 0.849
61.308 -71.447 -417.049 0.952
79.744 -9.742 -326.213 1.133
-13.040 59.319 -351.072 0.930
48.067 -41.506 -395.120 1.139
84.276 65.463 -366.715 1.102
24.740 -39.390 -311.820 1.112
15.560 88.424 -322.749 1.245
65.904 31.177 -341.559 0.804
-72.465 -2.133 -315.802 0.922
-60.339 -20.691 -461.351 1.047
45.637 28.794 -381.237 0.983
-8.130 1.311 -495.865 1.099
4.661 64.002 -374.448 1.060
-29.260 70.645 -346.205 0.926
94.338 66.080 -469.402 0.993
-54.598 -18.629 -465.802 0.963
9.681 -19.337 -359.753 0.980
51.964 17.855 -354.377 0.994
85.921 10.992 -409.919 1.115
24.438 -0.132 -469.999 0.965
-63.358 -78.137 -432.025 0.952
-46.178 63.866 -331.796 0.936
