-8.124 30.274 -465.826 0.990
74.964 -37.636 -439.573 0.970
-31.075 -52.218 -487.423 0.981
-27.361 -70.916 -400.689 1.070
-5.026 67.031 -488.968 0.887
71.591 -65.722 -482.966 1.114
-18.597 92.324 -448.519 1.173
26.469 19.250 -312.834 0.928
-2.693 51.922 -460.086 1.034
52.885 -28.953 -406.611 1.049
66.564 -53.190 -366.152 1.159
10.158 -68.240 -397.314 0.951
-11.160 -33.271 -458.347 1.064
16.320 -31.558 -367.030 0.954
-0.863 -63.736 -486.465 0.995
-41.808 -36.622 -472.358 0.973
45.674 96.997 -404.858 1.231
11.709 24.371 -394.529 1.129
-86.418 12.868 -329.241 0.973
33.432 24.823 -337.772 0.990
78.117 97.970 -392.012 1.038
45.901 35.321 -321.407 1.141
67.843 98.659 -331.347 1.004
6.593 -98.127 -380.440 1.060
92.334 -18.069 -452.972 1.049
-81.510 -52.511 -340.807 0.917
98.324 -58.949 -372.481 1.126
-60.487 59.260 -475.687 1.263
-42.593 -89.437 -318.571 0.997
40.898 -92.314 -319.484 1.006
-56.931 -70.952 -451.513 0.946
27.411 81.224 -349.552 1.096
12.764 -13.345 -451.944 0.784
18.224 -45.846 -403.845 1.106
1.177 -80.442 -481.237 0.907
53.476 52.268 -336.482 1.090
21.643 -18.538 -476.756 1.095
-35.055 -54.933 -403.700 1.104
79.067 -81.122 -376.389 0.964
-26.031 -34.040 -302.541 1.180
96.058 -61.673 -355.135 1.001
51.879 23.899 -489.600 1.014
-39.568 -68.395 -385.604 0.828
-5.164 99.766 -421.686 0.942
-20.799 37.805 -334.516 0.916
-67.904 35.118 -463.434 0.964
95.724 32.121 -346.084 0.944
18.555 -67.927 -467.662 1.154
-39.678 -48.797 -303.434 0.849
51.808 0.550 -389.468 1.054
26.469 81.632 -477.426 1.104
42.731 74.715 -464.651 1.041
96.466 3.330 -363.075 1.064
67.202 -97.711 -386.042 0.895
92.371 93.032 -377.160 0.993
48.966 5.675 -359.113 1.161
60.438 72.056 -444.748 1.150
-83.130 -49.458 -321.179 1.014
-42.252 -40.881 -494.791 1.006
61.590 57.687 -326.649 1.016
23.577 1.711 -306.901 1.080
-39.147 -52.061 -322.352 0.921
15.299 -49.394 -452.336 1.033
-99.517 77.414 -394.911 0.965
64.260 88.064 -404.925 1.014
62.217 -64.191 -455.086 0.957
-72.780 -44.597 -379.029 1.117
-83.314 -90.763 -403.366 0.959
-33.537 78.820 -432.190 1.166
18.800 11.711 -393.262 1.043
87.736 -60.517 -432.621 1.062
85.971 37.558 -362.785 0.935
-6.547 -28.771 -423.552 0.905
85.516 39.816 -495.887 1.000
47.739 -89.764 -488.989 0.953
37.865 68.050 -427.402 0.982
-29.605 15.338 -462.804 0.969
-78.315 71.689 -456.592 1.051
49.123 46.993 -306.488 0.910
-31.144 -70.295 -498.940 1.036
-32.633 73.636 -470.048 0.870
20.932 64.833 -412.517 0.941
90.078 41.486 -444.919 0.950
79.220 -35.543 -414.905 0.872
54.673 -64.891 -437.395 1.004
63.639 -31.531 -374.583 0.977
-39.120 61.336 -397.676 1.006
21.028 -50.779 -495.410 1.079
95.618 35.546 -319.941 1.114
55.275 -63.058 -491.956 1.087
51.287 60.070 -327.594 1.095
88.094 66.664 -303.530 0.887
-95.845 41.002 -416.212 0.944
50.961 -26.913 -408.133 1.039
-82.221 -1.648 -395.846 1.001
-95.749 61.533 -437.439 0.965
-83.704 65.010 -418.885 1.090
14.240 -35.722 -467.867 0.970
-8.440 -79.143 -493.564 1.017
86.185 -7.139 -378.492 1.150
26.117 -36.277 -336.480 0.935
-29.638 61.203 -432.996 0.896
-2.185 -24.782 -493.152 0.803
-27.713 18.121 -480.282 0.943
-57.710 30.724 -302.100 0.980
-67.237 37.861 -452.939 1.197
51.897 -5.053 -470.728 0.965
-38.426 -45.624 -484.333 1.051
-33.081 23.345 -304.044 1.033
-93.714 94.586 -462.485 0.893
62.700 27.551 -391.120 1.060
80.371 32.380 -481.198 1.083
-85.659 -66.925 -422.817 1.172
71.670 -58.068 -447.701 1.040
-58.897 -99.587 -356.117 1.022
86.913 45.437 -382.198 0.887
-15.215 -9.008 -342.476 1.046
-30.536 40.238 -363.449 0.896
78.197 -18.510 -384.701 1.084
28.365 -56.456 -306.354 1.088
-0.428 45.602 -493.852 0.936
61.236 11.569 -421.067 1.056
20.145 -76.117 -399.851 1.180
32.292 4.784 -367.794 1.060
76.194 74.962 -373.080 1.108
86.080 1.820 -391.651 1.059
-84.040 -46.591 -342.008 1.110
-66.756 -78.206 -336.819 0.967
42.204 61.631 -415.593 1.068
-94.742 83.817 -309.472 0.952
60.698 71.084 -474.093 1.089
-87.713 54.550 -426.312 1.109
-32.233 98.655 -424.392 1.007
-37.817 91.820 -336.992 0.837
13.043 -58.491 -488.072 0.962
-20.906 -77.502 -379.152 1.033
13.599 -65.271 -304.355 0.854
-52.169 39.400 -331.889 0.867
-67.853 -34.298 -383.239 1.117
-41.381 12.118 -446.976 0.864
89.675 77.035 -419.772 1.103
-77.099 2.716 -457.067 1.163
-38.201 -48.034 -467.989 0.864
73.646 -90.419 -349.949 1.074
38.529 -51.520 -315.332 1.048
53.249 -77.494 -432.326 0.942
-58.624 -9.127 -455.308 1.015
-23.769 75.593 -353.916 1.050
-33.232 -22.598 -413.038 0.882
-44.535 22.330 -374.037 0.799
-38.460 -67.616 -350.108 1.024
-15.686 -41.820 -422.674 1.030
-68.314 -13.531 -476.399 0.957
-56.994 88.788 -340.993 1.101
-16.742 -39.541 -409.992 1.199
50.658 14.117 -369.164 0.895
-52.133 80.156 -396.582 1.008
-40.386 -8.713 -497.601 0.680
-67.023 -47.925 -385.827 0.993
85.651 23.741 -454.627 1.037
6.860 46.930 -338.942 1.108
88.435 82.525 -435.566 1.035
-1.513 31.216 -495.007 1.140
34.794 13.909 -355.378 0.902
-67.656 -63.693 -447.698 1.008
52.772 31.054 -357.856 0.819
72.830 89.918 -360.228 1.162
64.711 27.229 -373.498 0.893
82.205 92.573 -327.894 1.035
-78.563 -87.900 -440.354 1.000
-14.070 -57.484 -363.903 0.850
69.523 -85.030 -470.130 0.919
86.531 -90.909 -473.820 1.129
-87.079 -92.527 -319.752 1.039
-52.457 -4.584 -363.854 0.803
48.913 62.931 -451.657 0.968
1.477 30.849 -463.917 1.045
26.223 -48.674 -458.426 1.038
82.393 -65.206 -301.539 1.050
64.943 72.669 -376.478 0.955
-56.269 -66.398 -345.395 1.076
-68.798 -41.548 -365.959 0.899
87.460 -39.409 -320.603 1.092
-96.539 -10.950 -391.440 1.087
-92.609 72.946 -373.576 1.155
-49.393 -32.150 -394.528 1.045
23.556 84.677 -302.063 0.860
13.397 -47.434 -461.346 1.155
97.808 -56.143 -409.710 0.891
6.997 1.729 -306.127 0.828
-26.083 -11.537 -389.238 1.001
-72.626 9.449 -487.030 0.915
-1.295 52.085 -381.938 0.902
-21.509 79.771 -391.941 1.019
-11.899 77.990 -440.941 1.087
-88.187 -94.319 -475.973 0.899
-1.492 55.975 -429.179 1.035
-42.059 -25.501 -425.677 1.244
-55.370 -35.292 -420.734 1.088
-1.740 72.196 -312.371 1.021
