99.765 -41.574 -405.738 0.922
74.913 -84.386 -397.851 1.017
-72.770 -36.436 -378.919 1.013
-40.688 98.750 -304.211 1.042
-53.973 49.791 -380.905 1.021
58.378 98.962 -341.090 0.936
29.189 63.843 -359.752 1.014
47.354 53.978 -375.334 0.899
97.684 4.713 -406.863 1.029
27.853 47.021 -482.780 1.021
41.343 55.805 -428.803 1.087
-43.329 -23.024 -444.299 0.724
9.962 -40.373 -488.050 0.869
-78.574 94.032 -484.338 0.996
-48.860 -37.313 -492.114 0.993
87.707 -6.093 -411.017 0.912
-29.908 -19.255 -458.567 1.022
-82.354 -63.413 -395.189 0.975
-45.743 -64.106 -493.213 0.927
-5.990 92.744 -459.317 1.048
87.968 -69.764 -332.639 0.930
85.375 -26.661 -353.143 1.124
-68.758 -67.203 -391.890 0.893
36.377 46.509 -466.314 1.034
-71.143 -84.234 -484.549 0.961
-55.471 4.099 -345.233 0.972
15.175 -9.325 -365.503 0.859
-82.747 44.016 -495.125 1.065
9.056 -85.242 -404.282 1.069
-28.860 -2.741 -443.630 0.948
76.466 -92.464 -423.364 1.017
-70.630 2.313 -416.624 1.058
-28.639 -70.290 -379.017 1.110
1.944 -30.401 -424.662 0.981
-1.359 4.504 -424.229 0.902
-38.104 -6.893 -417.806 0.969
32.766 -14.512 -300.139 0.883
-94.489 -27.578 -460.153 0.986
-50.630 34.958 -423.519 0.864
55.066 -32.243 -364.840 1.006
-72.838 -45.589 -390.748 0.868
64.912 25.115 -476.301 0.878
38.246 57.073 -313.448 1.049
-24.295 -79.545 -485.345 1.185
65.905 27.734 -338.986 0.960
-24.245 99.426 -448.719 1.027
-31.396 -90.612 -480.209 1.047
79.471 -70.920 -367.493 0.727
42.311 18.415 -349.421 1.095
57.066 32.549 -305.637 0.960
71.034 -97.643 -452.201 1.060
-62.337 91.369 -328.754 1.082
-22.532 -99.068 -369.779 1.056
-25.040 17.253 -351.487 0.984
2.417 2.402 -332.517 1.015
-58.356 -76.531 -466.477 1.102
4.501 -51.359 -493.233 0.964
-80.076 56.180 -310.395 0.945
-93.099 41.782 -459.649 0.897
43.769 -95.375 -350.719 1.004
-40.927 94.037 -445.589 1.235
-71.369 -37.658 -342.966 1.141
-50.312 25.937 -499.497 0.917
-35.796 -54.574 -417.901 1.033
-32.145 98.900 -448.301 0.990
-54.772 46.185 -436.366 1.162
96.678 -26.339 -381.672 1.061
-64.091 11.610 -430.166 1.171
28.587 55.980 -461.155 1.102
57.598 60.522 -320.654 1.061
-48.394 97.257 -361.726 0.913
64.148 28.538 -319.420 1.065
24.648 -13.267 -308.201 1.014
7.935 -30.330 -493.441 0.952
-97.411 79.296 -418.515 1.009
-82.563 47.416 -448.658 0.872
-89.403 -5.634 -423.018 0.867
-44.238 -73.524 -451.988 0.832
24.988 -79.828 -471.265 1.011
44.484 68.811 -410.846 1.185
66.336 32.191 -484.312 1.121
68.894 53.615 -338.164 0.952
54.355 -99.325 -438.204 1.037
38.435 -56.438 -364.581 1.143
-78.734 -63.815 -467.777 0.944
62.983 76.075 -423.244 0.962
29.209 -3.239 -372.833 0.920
-46.408 -35.000 -354.975 1.045
96.959 -89.978 -424.648 1.020
-57.392 55.261 -327.340 0.963
89.122 -87.004 -379.930 1.021
-77.241 -68.748 -459.904 0.898
-66.702 -43.251 -411.587 0.898
-65.944 -3.356 -339.317 0.946
27.430 77.403 -375.258 1.069
-76.926 -33.837 -371.372 1.035
-88.153 -64.782 -389.319 0.977
-3.654 97.891 -381.548 1.023
35.391 -0.057 -460.012 1.099
65.352 11.269 -423.741 1.158
15.835 -99.376 -488.256 1.018
78.157 -41.535 -420.654 1.089
-43.360 59.229 -475.164 0.962
17.084 -2.001 -466.334 1.052
-9.248 -6.603 -351.038 0.951
-31.207 80.915 -496.931 1.223
-61.420 26.437 -327.435 0.912
-54.924 -5.167 -393.352 0.950
-84.478 1.178 -455.588 1.280
-97.306 -83.026 -422.881 1.047
-1.049 8.319 -357.375 1.055
62.974 -44.175 -445.694 1.207
13.773 54.611 -437.402 1.024
-7.641 -50.618 -311.126 0.933
-52.090 -12.770 -366.265 0.968
-32.359 -17.424 -340.438 0.967
35.400 71.221 -304.379 1.090
28.745 77.424 -324.902 0.943
-67.441 -51.844 -428.557 0.919
84.313 -2.461 -311.700 0.984
48.716 -18.970 -345.596 0.929
-90.232 -44.628 -463.910 1.058
67.374 -71.395 -462.970 0.932
-4.506 -42.644 -376.594 1.074
54.303 -85.952 -321.993 0.955
-29.718 4.536 -436.303 0.915
-9.363 59.325 -472.560 0.851
8.778 70.472 -428.874 1.116
-48.396 -18.244 -499.401 0.962
-78.863 61.494 -332.948 0.988
58.764 -7.966 -466.183 1.084
-23.091 4.581 -388.455 0.941
-77.440 -97.376 -385.813 1.011
14.240 -27.655 -313.179 0.873
-30.515 -19.539 -347.996 0.950
-80.257 -5.274 -362.843 0.995
36.509 -88.214 -379.490 1.060
53.780 33.951 -349.728 1.104
18.180 39.963 -352.998 0.900
94.525 26.313 -495.109 1.043
-49.019 67.299 -308.716 0.993
-46.992 31.537 -466.047 0.991
33.114 48.319 -418.291 1.196
-87.607 -33.279 -359.361 1.060
-67.446 80.670 -486.594 0.987
1.502 7.025 -440.083 1.158
-30.715 -75.236 -426.054 1.112
70.540 48.307 -394.201 1.008
39.310 -80.156 -417.515 1.198
45.178 57.764 -439.132 1.046
80.358 75.708 -335.640 0.985
13.718 -15.659 -441.403 1.026
-20.720 81.866 -445.538 1.127
-69.130 13.551 -366.553 1.063
-83.276 40.964 -347.388 0.915
-50.363 -98.529 -315.728 1.041
-43.131 92.572 -468.561 1.188
94.740 -47.084 -450.372 1.135
89.137 -82.858 -379.159 0.995
-81.862 70.430 -348.651 1.157
-52.663 37.662 -365.912 1.135
-29.103 -90.851 -408.613 0.999
11.506 59.032 -450.866 0.965
11.101 -40.349 -481.698 1.014
56.584 84.214 -348.337 1.020
49.916 -80.766 -399.660 1.016
29.860 -17.954 -343.839 1.072
33.247 -43.269 -426.321 1.108
18.203 81.953 -441.592 0.932
-88.346 -18.759 -360.676 1.119
-92.107 13.626 -330.155 0.957
53.821 93.552 -313.584 1.109
-52.655 45.377 -376.146 1.092
-5.249 43.195 -346.313 0.954
-95.320 -63.149 -494.206 0.972
18.170 -85.418 -432.940 0.760
43.902 -9.821 -315.054 1.215
0.726 77.900 -476.381 1.036
-31.976 44.129 -405.244 1.156
-68.909 95.776 -454.073 1.058
92.194 -83.512 -439.884 1.095
-26.681 -66.928 -324.061 0.921
-33.751 -26.498 -394.689 0.946
-87.194 87.915 -387.704 1.084
-47.596 -41.297 -416.633 0.957
-29.004 -36.983 -337.068 0.952
68.105 -94.607 -462.951 0.941
-47.469 84.582 -495.439 0.916
63.982 -16.306 -497.484 1.046
58.543 -21.637 -468.357 0.916
30.360 63.704 -312.125 0.974
67.131 69.226 -458.578 1.126
89.034 92.730 -399.689 0.959
74.443 -45.420 -349.852 0.932
23.632 -91.159 -488.636 0.962
85.711 -14.220 -307.374 1.064
-57.279 16.336 -449.496 0.925
20.512 -35.053 -409.377 0.882
-36.517 48.424 -320.078 0.969
-13.475 0.612 -334.557 1.120
