90.123 -25.472 -385.006 1.115
82.595 -43.572 -480.588 1.045
-27.834 38.534 -440.838 0.963
68.006 -82.675 -443.598 0.886
-65.286 -89.040 -427.354 0.948
-42.675 -94.073 -300.090 0.956
-34.809 -52.863 -498.371 1.001
-44.477 -52.661 -417.861 1.072
75.736 91.144 -397.364 0.809
36.589 0.651 -391.225 1.094
76.335 56.336 -491.317 1.086
-35.928 -27.775 -396.730 1.032
36.839 -42.231 -436.731 1.055
92.762 -22.118 -428.454 0.931
-17.594 43.869 -338.368 1.072
-27.829 -97.425 -430.109 1.111
2.456 -70.484 -337.159 0.863
-12.687 62.704 -324.344 1.176
-89.823 66.053 -365.560 0.849
-6.429 -18.808 -395.976 1.145
-3.112 -49.439 -345.857 1.081
23.159 25.226 -300.966 1.007
-25.658 -53.131 -405.433 1.025
-32.697 -97.572 -382.285 1.059
3.871 -51.339 -307.677 0.941
93.300 -36.311 -414.076 1.016
-32.889 92.178 -433.074 1.161
-23.975 -60.481 -439.749 0.869
42.755 -14.300 -308.306 1.162
-73.625 -59.226 -395.133 0.845
91.248 -67.135 -370.976 0.951
19.179 -6.496 -423.043 0.894
-54.895 79.714 -483.360 1.157
-59.214 79.997 -393.086 1.218
-82.953 -61.926 -401.259 0.982
-1.060 -66.629 -314.725 1.038
53.558 -26.081 -455.189 0.898
98.857 -36.366 -304.605 1.095
-17.386 88.687 -437.047 0.932
16.623 91.879 -400.368 1.021
3.220 23.557 -498.238 0.958
12.258 81.109 -324.444 1.034
-9.783 -91.736 -498.416 0.885
-19.399 74.031 -449.849 1.101
23.600 -97.819 -444.622 1.285
-73.102 -35.458 -395.374 1.053
11.197 39.958 -430.559 1.120
-54.515 57.431 -360.768 1.148
-2.955 -2.953 -389.935 0.993
70.211 -60.116 -473.182 0.956
85.887 -16.833 -372.605 0.993
-5.828 -33.077 -462.948 0.822
-14.993 23.705 -493.299 0.999
39.585 61.709 -359.611 0.878
78.471 55.550 -425.204 0.850
37.257 -91.389 -475.471 1.207
-79.985 -31.166 -481.915 0.991
-34.941 14.907 -450.859 0.952
-89.216 24.600 -414.779 0.938
97.337 -54.160 -338.892 1.016
-20.258 79.752 -308.715 1.016
-74.812 -55.130 -335.482 0.915
-84.455 78.447 -464.966 0.986
46.533 2.101 -412.591 0.947
-22.241 50.529 -409.260 0.974
54.297 -12.486 -479.640 1.179
-19.401 -44.420 -376.427 1.015
56.638 -16.633 -360.901 0.986
88.433 -95.572 -496.542 0.956
50.950 -72.308 -370.593 0.921
70.964 58.532 -346.634 0.905
-82.886 75.613 -357.941 0.924
-64.521 86.013 -422.790 0.978
-63.888 61.047 -496.786 1.026
-30.862 -12.943 -306.184 0.883
18.332 -18.775 -357.383 0.888
62.107 -60.870 -387.724 1.089
43.913 2.182 -358.369 0.912
98.122 60.622 -421.861 1.144
64.035 12.437 -496.932 1.051
44.596 49.062 -405.540 0.916
-11.499 17.171 -353.474 1.003
35.711 23.770 -413.524 0.992
-82.553 65.580 -410.452 0.836
-57.004 -95.516 -445.106 1.002
-21.512 -99.942 -474.350 0.951
-76.171 -20.145 -327.687 1.004
-92.528 -96.684 -311.098 0.957
-38.113 -72.153 -351.107 1.078
49.909 -72.884 -442.762 1.002
-51.149 74.068 -315.319 1.083
42.064 -59.559 -397.945 1.074
-30.888 84.590 -423.185 0.778
3.035 40.438 -453.117 1.095
-17.860 -56.277 -372.554 0.825
-12.879 -43.372 -319.489 1.093
33.790 -16.743 -419.068 0.965
-8.674 35.745 -369.573 0.920
75.319 -85.667 -470.194 0.875
12.953 38.752 -388.399 1.054
72.571 -65.691 -353.810 0.954
-0.625 20.246 -473.516 0.744
-27.182 84.994 -315.010 0.885
91.270 71.441 -388.305 0.900
-64.739 -16.116 -386.169 0.874
-64.878 -95.927 -324.687 0.914
81.674 -7.625 -370.996 1.078
50.446 52.405 -427.547 0.989
13.711 29.045 -373.046 0.950
10.675 86.814 -485.896 0.768
77.920 5.212 -371.974 1.005
55.050 -43.301 -352.834 1.081
-84.000 99.056 -390.390 0.934
52.883 -43.759 -337.572 0.962
12.776 -16.130 -436.462 1.180
27.827 84.659 -477.596 0.913
53.691 -65.094 -403.668 1.034
-20.723 -53.358 -451.405 1.013
-84.826 -20.744 -352.712 1.007
89.037 82.113 -366.976 0.893
17.271 98.590 -318.521 0.922
89.872 -21.012 -496.528 0.902
-11.136 74.202 -340.806 1.043
43.983 -27.978 -330.918 0.959
-38.347 -99.339 -393.225 0.988
-43.250 -76.684 -395.072 1.132
27.088 8.217 -300.007 0.909
-96.947 -85.935 -418.838 1.071
30.154 -66.173 -414.615 1.157
-48.406 -9.169 -488.910 1.133
-29.424 59.513 -399.350 0.841
-53.371 -22.704 -411.859 1.073
47.092 74.207 -322.708 1.105
82.711 97.440 -471.702 1.005
29.930 -8.492 -334.159 1.040
40.644 -18.402 -408.925 0.819
-32.805 1.983 -495.049 1.038
-29.469 -56.129 -347.078 1.100
-15.787 96.728 -346.636 1.116
-24.204 -69.502 -430.249 1.051
2.200 80.005 -401.562 1.030
-40.891 -50.539 -446.588 1.099
22.293 68.689 -302.852 0.980
84.523 -74.877 -387.051 1.045
48.314 -89.089 -347.545 1.150
-21.605 54.397 -446.632 1.053
69.387 59.094 -461.376 0.953
48.872 -33.346 -490.675 0.812
3.731 -76.303 -469.784 0.779
-48.927 -5.591 -325.785 0.974
-17.105 20.433 -471.295 0.849
-50.005 -56.124 -451.998 1.107
34.023 -59.306 -396.077 1.091
9.853 -94.657 -314.513 1.019
95.706 79.629 -318.579 1.080
17.161 -11.821 -465.845 0.981
8.431 -24.751 -449.542 0.983
99.564 -5.467 -495.146 0.981
-4.740 -11.332 -322.036 0.998
16.253 -94.088 -331.033 0.834
-99.960 -77.273 -464.249 0.854
-47.168 22.416 -428.918 0.901
-81.657 79.848 -315.311 1.052
-22.369 -52.173 -476.700 1.046
70.467 87.094 -405.953 0.817
2.687 -75.628 -371.439 1.051
89.816 58.603 -300.627 0.896
-44.405 21.567 -425.911 1.100
-65.606 28.719 -494.447 1.114
91.827 3.484 -314.467 0.916
85.850 -3.238 -456.402 1.098
-38.221 -8.254 -470.079 1.073
94.372 -15.079 -350.388 0.975
-15.180 -84.430 -422.906 1.101
-37.174 -59.377 -426.432 0.962
-18.267 5.040 -332.812 1.027
11.817 63.356 -471.749 1.094
-33.197 79.691 -359.282 0.958
-36.728 10.624 -353.079 0.957
20.391 99.687 -442.910 1.124
7.976 -51.380 -455.395 1.212
11.337 -36.279 -423.750 1.121
-6.468 9.477 -401.522 0.963
89.531 -72.323 -424.117 1.046
36.855 85.624 -376.265 1.221
1.907 -2.106 -444.986 0.878
-62.335 63.392 -430.708 1.023
-90.484 -9.362 -437.599 0.981
66.717 -8.336 -338.346 1.019
33.064 33.132 -440.674 1.108
-96.075 86.462 -464.525 0.951
-16.281 80.413 -363.819 1.049
67.366 53.564 -441.695 0.900
-52.392 13.723 -471.577 1.052
-14.868 -79.193 -387.557 0.999
-35.937 20.212 -336.278 1.089
-85.379 -77.168 -496.111 0.978
29.551 85.683 -356.586 1.065
-84.040 20.108 -377.943 0.943
37.071 -38.542 -397.144 1.139
