-92.232 12.665 -322.189 0.875
9.044 47.912 -478.626 0.882
1.159 93.220 -372.784 1.170
-36.380 -76.900 -356.284 1.179
29.386 2.720 -486.366 0.995
-20.480 -74.616 -430.750 0.975
-71.148 -18.693 -475.513 1.185
25.676 -28.509 -425.905 1.011
0.760 62.005 -413.083 0.943
59.675 84.589 -369.679 1.056
-49.305 -81.510 -342.550 1.192
79.024 -43.622 -405.744 1.157
31.311 53.800 -465.332 1.063
-33.901 -18.127 -433.819 1.120
-24.490 -14.099 -339.230 1.007
58.517 36.060 -313.631 1.055
78.964 -51.930 -395.112 0.987
96.764 58.900 -458.326 0.877
38.495 -50.637 -307.371 1.012
-59.969 19.995 -345.498 1.057
-68.490 50.512 -449.213 0.949
81.258 -64.927 -448.616 0.988
14.624 24.062 -382.935 0.967
-33.326 53.615 -492.274 0.987
-59.716 36.223 -408.767 1.055
75.032 -80.157 -463.477 1.028
-27.004 -14.359 -367.741 1.027
-91.179 2.683 -368.288 1.089
42.021 -74.874 -412.712 1.091
70.522 -4.098 -471.740 0.999
46.478 -4.203 -305.828 0.987
-58.568 6.937 -341.271 0.968
-3.201 11.771 -447.374 0.868
78.055 -20.853 -370.106 0.958
-64.163 5.307 -401.571 1.070
85.156 61.012 -364.386 1.137
9.104 -84.093 -390.363 0.887
87.371 99.656 -419.932 0.832
-35.688 43.784 -432.253 1.190
-20.832 -56.585 -492.871 0.975
-79.195 7.266 -415.002 0.880
-19.478 -97.238 -449.630 0.925
-78.023 -60.719 -432.150 0.907
6.149 97.978 -328.259 1.035
-66.144 -38.021 -313.320 1.026
66.678 -79.271 -331.754 1.121
-46.986 88.189 -358.242 1.009
82.970 -4.450 -372.046 1.075
-60.094 -18.654 -455.919 1.100
51.601 -82.735 -331.593 0.976
32.271 32.570 -318.347 0.942
-65.150 -64.329 -485.128 1.101
-9.463 -75.083 -442.846 1.034
-18.163 -69.042 -444.628 0.980
-23.185 98.219 -378.234 1.163
-22.014 18.829 -432.211 0.910
60.354 52.845 -424.245 1.154
19.006 99.583 -368.334 0.979
-89.958 39.295 -418.656 0.863
-74.135 46.758 -362.089 1.056
78.207 30.292 -343.381 0.822
-78.729 -76.170 -484.428 1.037
-1.987 10.032 -475.915 1.036
-53.107 -69.908 -371.140 1.072
30.308 99.106 -405.515 1.009
-83.612 -2.363 -326.615 1.042
26.891 -29.211 -306.093 1.032
-50.204 -19.696 -475.747 1.064
69.904 -48.750 -498.565 1.127
14.058 50.042 -323.395 0.919
25.654 -24.187 -434.306 0.963
73.591 2.773 -349.319 0.974
-90.469 -65.572 -359.833 1.025
28.160 -75.554 -354.212 0.821
-80.577 -53.196 -451.835 0.810
-22.911 21.063 -393.865 1.044
-92.339 -33.683 -431.039 1.024
68.951 -84.242 -452.271 1.018
-72.047 -5.096 -310.804 1.109
73.867 -90.443 -409.324 0.914
-96.900 -15.013 -334.956 1.034
5.299 19.837 -437.946 1.058
89.032 -57.080 -309.590 0.984
8.431 -29.287 -444.925 1.005
-22.094 -21.977 -491.376 0.914
-34.466 54.377 -313.525 1.043
-19.408 -73.957 -380.318 0.940
22.985 33.368 -488.337 0.893
78.870 81.814 -350.173 0.971
-79.150 -23.612 -324.602 1.149
55.421 53.633 -316.367 0.929
95.708 77.500 -467.617 0.915
15.812 60.142 -369.881 1.136
49.586 85.278 -311.407 1.061
88.264 27.522 -386.209 1.010
77.130 51.484 -403.794 1.091
-47.613 40.284 -427.453 1.035
47.482 -7.059 -303.070 1.012
15.035 72.750 -412.130 1.067
-72.640 -15.324 -360.355 1.088
41.808 -34.375 -377.446 0.995
-9.387 -45.826 -317.030 0.891
9.485 -85.357 -388.024 1.070
22.349 56.036 -465.671 1.170
-21.264 78.806 -310.633 1.083
-35.646 31.693 -358.434 1.075
-62.563 57.980 -343.200 0.918
-82.932 49.674 -412.842 1.136
-87.397 -88.761 -349.323 0.977
-72.568 -32.165 -417.333 0.860
17.230 -85.508 -402.627 0.959
-85.009 68.471 -355.168 1.119
76.984 -50.778 -407.921 1.039
-78.201 59.370 -353.131 1.091
4.130 -30.010 -327.017 0.959
-85.112 -2.324 -406.225 0.916
38.360 72.982 -371.149 0.915
-57.057 -34.411 -397.267 1.076
-73.630 25.735 -335.263 0.969
26.624 -42.194 -329.931 1.017
86.567 78.497 -462.089 1.174
-76.311 34.957 -333.668 0.967
80.386 -26.316 -402.330 0.875
36.960 18.474 -439.319 0.985
0.704 -98.266 -381.061 1.014
-73.868 97.163 -311.664 0.973
8.847 -22.388 -341.118 1.166
-13.055 -90.120 -331.151 0.981
-29.570 1.073 -391.563 0.963
37.799 -78.373 -480.304 0.995
-60.976 -91.056 -432.474 0.885
2.862 -95.847 -331.204 0.903
58.907 -24.791 -315.780 1.201
98.059 44.011 -490.219 0.804
24.174 80.810 -325.595 1.035
60.066 39.696 -476.454 1.033
-85.236 64.141 -339.339 1.049
-13.417 -51.151 -408.992 0.967
-18.859 92.298 -358.413 0.944
-69.429 75.966 -456.002 0.854
-45.601 40.518 -326.830 0.975
-90.927 -18.654 -379.647 1.248
11.020 -7.113 -409.100 0.940
-37.089 -24.907 -409.095 1.026
24.723 -63.998 -383.885 0.917
-7.138 -34.405 -399.637 0.969
-7.826 99.943 -395.934 0.979
17.085 -95.307 -498.100 1.090
-6.311 29.884 -361.739 1.059
41.723 -31.176 -369.277 1.080
70.192 -14.139 -484.268 0.939
-85.716 -96.623 -374.743 1.204
45.504 -99.832 -428.435 0.995
-24.779 -40.543 -395.324 0.923
-49.069 73.450 -313.560 1.074
68.904 97.718 -423.538 1.068
-16.079 -2.751 -326.193 1.013
69.861 -43.428 -412.906 1.079
-89.480 36.279 -462.009 1.068
-56.248 -51.841 -457.767 0.961
-4.615 -83.395 -441.657 0.852
5.050 -30.173 -342.138 1.057
-78.385 -32.609 -389.805 1.161
-60.398 86.216 -447.053 1.075
23.415 -73.797 -473.058 0.972
-32.811 34.492 -337.238 1.066
-16.207 -88.952 -382.321 1.081
59.311 -92.514 -330.498 0.905
64.966 91.765 -361.060 0.826
40.066 -31.251 -390.348 0.982
-16.908 -9.475 -397.938 1.000
-95.825 -81.916 -304.766 1.186
-45.963 -37.689 -453.983 0.993
19.255 37.357 -478.446 1.034
-18.052 -12.973 -443.851 0.862
-19.900 -14.795 -429.518 1.064
23.635 72.926 -337.640 1.050
-37.535 57.649 -351.066 0.923
97.315 -66.437 -476.000 0.994
29.705 -86.853 -409.917 1.029
-54.001 35.341 -403.174 1.120
-48.495 -4.859 -406.222 0.990
90.596 -6.447 -321.002 0.945
-81.909 -28.140 -354.844 0.985
31.808 -70.712 -389.264 0.849
29.814 19.000 -488.694 1.091
98.916 -32.387 -492.362 1.094
94.420 -47.040 -410.782 1.028
-92.467 -98.682 -336.330 1.029
65.675 64.219 -491.104 0.838
49.244 -67.057 -468.118 0.990
-36.772 -34.358 -499.930 0.871
-93.940 -29.996 -427.883 0.989
58.829 -9.898 -449.590 1.134
-9.332 -93.812 -306.686 0.983
96.947 29.875 -336.523 1.056
86.276 93.436 -439.550 1.105
-48.270 1.964 -377.920 0.861
-75.195 -22.794 -302.396 0.939
-15.121 22.727 -499.028 1.235
