36.662 -59.278 -471.074 0.868
-61.143 -52.334 -364.405 1.032
5.785 83.596 -460.964 0.955
-66.522 6.085 -442.459 0.789
9.944 -38.774 -494.929 1.059
-40.386 51.405 -341.480 1.092
41.971 26.250 -415.543 1.030
-33.994 67.306 -367.382 1.122
13.206 -77.084 -419.146 0.858
61.448 35.595 -320.026 0.951
-44.504 -13.076 -303.095 0.903
50.471 -39.574 -333.323 0.885
-16.299 -24.948 -402.264 1.011
54.548 36.439 -334.156 0.980
96.333 -21.236 -457.803 0.934
-74.781 -24.522 -307.510 1.073
71.397 -78.488 -389.188 1.011
28.412 53.383 -392.778 1.029
31.427 -60.878 -495.382 0.866
90.867 93.377 -383.554 1.202
-51.511 27.684 -378.329 1.014
-9.604 -64.864 -429.479 1.120
24.452 -11.936 -300.891 1.064
92.214 -34.099 -476.940 1.094
-90.149 -8.870 -477.914 1.066
-96.536 -71.202 -348.114 0.817
-97.530 54.118 -396.600 0.993
92.376 -58.255 -489.835 1.156
-48.493 45.052 -474.259 1.036
-61.446 6.472 -300.102 1.165
-33.224 87.056 -479.775 1.248
-70.366 -16.349 -391.378 1.043
-7.469 1.540 -430.835 0.932
-27.394 -68.307 -466.290 0.912
54.815 14.062 -322.008 1.188
10.017 -85.114 -323.394 0.908
-57.116 50.120 -463.569 1.105
46.928 -40.902 -402.200 0.937
-86.655 29.549 -418.786 1.025
-4.679 60.940 -406.891 0.889
35.960 -64.542 -371.766 0.924
35.685 55.503 -401.618 1.119
57.328 17.352 -371.487 1.153
54.807 21.909 -413.744 0.882
-34.362 6.497 -371.717 0.979
73.096 -43.574 -491.457 1.026
21.504 -55.945 -428.167 0.877
-21.409 -28.736 -479.383 0.986
-75.335 -46.800 -380.652 1.072
42.949 -45.308 -454.398 1.128
44.300 14.528 -450.492 0.970
11.634 33.937 -332.762 0.940
13.129 -19.112 -404.919 1.082
-35.482 40.236 -302.068 1.155
64.309 -6.265 -498.232 1.005
26.764 -64.608 -412.018 0.972
27.077 16.643 -368.685 1.068
-64.106 -11.355 -455.938 0.854
-14.491 77.994 -388.573 1.026
-11.429 29.523 -480.804 0.838
-34.303 70.162 -457.442 1.063
-18.384 -19.252 -335.492 0.961
-25.356 99.440 -333.761 0.859
-51.732 -48.893 -499.629 0.826
-34.460 59.120 -350.923 0.939
81.356 -32.418 -417.241 1.069
-35.751 -64.671 -313.683 1.026
-44.458 51.332 -391.331 0.850
-49.487 -73.899 -433.331 0.987
37.946 22.365 -466.615 1.047
92.508 25.373 -495.059 1.184
-78.187 -92.137 -325.913 1.149
-32.186 89.945 -338.136 1.085
-26.570 -81.008 -430.259 0.861
52.349 -58.082 -417.218 1.038
-86.146 -63.760 -322.229 0.769
-28.192 -6.990 -339.898 0.975
66.085 40.098 -356.408 1.021
-16.292 80.963 -458.172 1.032
-77.627 2.570 -496.932 0.920
26.071 -0.643 -389.534 1.043
-3.435 -61.495 -344.509 1.103
-39.573 57.003 -472.771 1.090
9.766 50.554 -433.907 0.996
-75.066 47.548 -350.445 1.062
-25.643 37.357 -343.632 1.011
-80.040 -8.277 -372.584 1.111
-14.186 84.053 -341.229 1.008
0.131 -50.595 -422.837 1.072
90.139 -32.868 -311.721 1.229
38.198 92.908 -335.515 1.069
-80.739 69.814 -462.327 0.979
90.921 -22.347 -422.418 0.950
-9.566 -75.057 -411.872 0.959
47.301 74.967 -308.680 1.089
3.690 -61.235 -312.192 1.025
-59.263 50.196 -335.687 1.008
21.352 38.654 -487.552 1.062
-72.228 -32.126 -331.544 1.090
-97.636 -21.547 -437.606 1.106
55.483 -73.079 -344.546 0.863
-1.799 -44.594 -368.442 0.925
-30.421 95.643 -377.454 0.987
80.466 -16.312 -396.326 0.930
-69.833 11.059 -469.159 0.988
98.896 55.020 -306.851 0.963
-75.259 -54.355 -407.741 1.035
-65.034 -32.102 -397.035 1.065
-21.632 -77.990 -364.109 0.935
88.780 9.232 -379.704 0.963
20.983 -48.812 -403.681 0.896
-42.100 29.769 -376.574 0.963
-19.028 -7.443 -470.107 0.950
53.495 -13.198 -315.882 1.038
-6.759 63.758 -427.178 0.868
70.817 98.226 -338.107 1.075
14.912 81.521 -494.310 1.071
-91.612 -86.973 -375.545 1.015
98.197 20.905 -350.611 0.808
42.436 -64.712 -323.417 1.186
-48.942 91.644 -342.758 1.024
21.304 51.868 -383.202 1.095
-3.346 46.530 -366.105 1.029
54.282 -11.912 -326.521 0.983
23.873 -74.576 -432.018 1.048
33.978 -12.316 -381.256 1.125
-84.655 97.969 -455.482 0.865
-43.873 81.814 -375.284 1.122
95.138 9.623 -304.294 0.886
55.385 86.034 -442.467 1.054
-15.872 10.711 -401.505 1.169
65.527 -42.552 -426.670 0.945
-59.975 -8.587 -428.771 0.961
96.397 -11.790 -430.446 1.169
-32.154 -93.098 -395.850 0.867
25.111 21.226 -467.504 1.168
-37.838 63.402 -467.716 0.929
-4.001 -55.769 -470.348 0.883
-39.248 17.475 -344.873 0.924
70.138 -31.447 -441.724 1.010
64.377 -93.912 -310.199 1.015
16.712 83.263 -434.118 0.936
57.075 -36.824 -398.491 1.043
-92.473 31.025 -476.705 0.915
21.136 47.618 -422.639 0.907
-25.209 14.903 -415.272 1.075
83.261 -6.938 -416.638 1.070
85.259 -61.806 -490.168 1.026
83.150 -13.680 -416.130 0.844
-26.178 -22.054 -442.627 1.003
68.025 87.735 -376.062 1.043
84.293 -6.290 -464.591 0.966
-78.132 -41.066 -411.124 1.103
-86.784 27.381 -378.348 1.117
13.876 -51.217 -394.047 1.155
81.493 9.686 -309.636 0.878
-20.760 12.541 -387.315 0.963
-88.296 -78.323 -368.254 1.032
-3.701 87.000 -476.058 0.805
-45.046 29.248 -412.493 1.042
52.500 -87.514 -444.174 0.933
79.499 -4.098 -317.986 1.017
49.241 44.054 -428.674 1.169
-4.381 67.547 -336.290 0.945
-52.802 -5.260 -445.257 0.925
-80.628 35.929 -302.157 0.962
94.070 75.337 -338.028 0.933
-43.582 -33.891 -432.392 0.651
6.811 -48.785 -300.546 1.097
-59.481 90.943 -423.849 1.139
44.946 -79.893 -376.409 0.907
80.185 40.084 -453.381 0.893
-0.038 -78.314 -413.388 0.770
0.118 99.679 -427.732 0.952
2.455 -17.947 -404.665 0.944
30.806 21.194 -324.436 0.992
-71.759 94.676 -401.489 1.024
-96.805 11.608 -492.668 0.946
40.464 8.447 -493.956 0.972
45.312 70.996 -376.797 1.003
38.338 -64.875 -399.282 0.940
-39.285 57.910 -475.661 1.004
-57.355 -53.845 -419.091 0.930
-50.848 -89.526 -420.578 0.880
5.645 97.667 -310.584 0.971
-57.874 60.966 -416.034 0.882
82.986 28.622 -371.597 0.986
1.793 95.520 -347.824 1.104
42.192 7.012 -373.985 1.095
51.605 8.831 -371.792 1.151
97.498 -43.634 -473.811 1.051
39.367 -11.650 -378.585 0.888
57.805 14.426 -385.590 1.004
-51.257 -75.590 -402.581 1.022
-99.815 82.525 -382.143 0.922
59.670 98.690 -345.982 1.153
-66.981 27.450 -415.674 1.087
-14.158 6.858 -367.230 1.166
52.841 6.434 -415.909 1.205
-74.838 -76.019 -386.210 0.888
