48.161 -31.234 -465.681 1.014
3.230 -15.695 -469.767 1.226
-83.972 94.614 -465.364 0.970
11.397 -90.155 -381.555 0.951
-46.151 96.348 -441.092 1.167
91.872 44.514 -377.633 1.129
82.608 -40.172 -325.524 1.180
95.059 45.233 -456.810 1.072
41.867 -41.563 -458.760 0.920
68.023 5.922 -479.452 0.855
59.308 61.168 -326.063 0.940
-94.637 -36.257 -483.608 1.121
-36.204 -46.249 -370.934 0.918
31.580 -36.655 -440.253 1.154
37.559 38.599 -356.974 0.969
65.036 36.223 -441.671 0.863
-18.638 -0.156 -383.556 0.932
83.837 57.221 -309.407 1.128
40.561 -38.809 -377.950 0.900
39.313 -97.294 -383.667 0.947
68.332 -89.706 -356.682 0.817
31.981 57.257 -396.933 0.840
-74.309 21.777 -473.573 1.143
-70.736 -91.297 -490.925 1.077
-58.303 13.237 -352.962 1.109
37.399 72.600 -329.684 0.895
-76.691 70.591 -376.523 0.787
-5.639 -46.490 -394.337 0.937
73.148 39.039 -427.736 1.132
84.727 86.755 -371.006 0.948
-62.853 -76.798 -382.332 1.103
5.255 -65.819 -416.131 1.176
-78.740 96.072 -457.907 1.073
96.992 85.224 -361.912 0.946
-56.948 -59.886 -319.553 0.920
-84.114 -23.461 -329.399 0.899
-56.702 -74.518 -360.698 0.818
-38.404 12.777 -412.911 1.054
33.849 62.134 -483.696 1.061
68.620 64.828 -464.942 0.829
8.119 -89.145 -331.496 0.980
-70.825 -98.375 -341.802 0.914
-22.376 98.870 -422.418 1.087
-36.193 -63.480 -441.579 1.016
-39.563 68.619 -332.919 0.786
43.811 93.930 -473.210 0.933
-27.585 60.848 -342.815 1.081
-98.141 -7.816 -479.900 0.949
-10.719 82.740 -441.976 0.890
29.538 46.169 -309.731 1.015
4.598 -44.502 -301.749 1.124
-85.918 -6.796 -475.127 0.919
-59.894 50.993 -337.596 1.082
51.523 -89.387 -400.775 0.918
65.386 77.794 -317.689 0.798
-51.673 22.222 -370.143 0.972
-13.895 6.582 -351.178 1.012
59.425 -53.787 -455.466 1.001
-32.946 -64.363 -407.729 0.776
-66.284 -34.199 -410.235 0.919
-44.831 -7.985 -404.070 0.974
86.478 69.695 -476.336 1.035
81.556 43.549 -358.773 1.025
4.263 -44.715 -473.500 1.004
34.945 95.896 -346.510 1.277
4.817 -77.308 -482.873 0.953
-13.868 -62.312 -413.037 1.022
76.894 33.976 -450.878 1.022
-90.839 94.145 -335.012 0.977
21.308 22.646 -483.563 0.993
-73.746 96.884 -378.141 0.908
-86.342 25.722 -353.879 0.913
-1.202 -81.719 -368.726 0.921
82.444 88.542 -331.755 1.112
86.369 -40.495 -300.444 0.949
-57.074 33.725 -435.118 1.122
56.784 -37.537 -330.413 1.080
12.301 75.183 -429.629 0.904
-46.922 99.230 -443.907 0.978
-81.210 -76.532 -364.080 1.158
-49.353 3.350 -380.899 0.984
-58.953 -57.146 -371.971 1.051
-6.388 -1.960 -492.112 0.818
40.679 8.970 -418.379 0.991
-63.166 46.825 -387.617 1.010
74.036 60.964 -380.839 1.114
91.621 -94.280 -353.387 0.969
-15.579 -7.089 -348.572 0.927
-10.032 -27.079 -380.112 1.077
70.744 -77.922 -455.095 0.940
11.365 -39.416 -329.783 1.039
-5.835 79.768 -354.775 0.832
-87.345 -79.114 -423.624 1.071
-3.786 37.507 -493.016 1.089
-99.030 -96.368 -397.434 0.975
-13.237 -15.500 -429.543 0.946
3.612 34.069 -332.280 0.997
-47.048 95.071 -387.035 1.192
-97.650 -84.257 -480.744 0.921
86.330 -70.584 -452.842 1.075
-95.731 63.859 -443.789 0.887
80.788 -39.339 -438.774 1.017
-16.760 35.067 -398.402 1.109
71.477 -47.960 -372.703 1.092
26.861 95.349 -434.303 1.008
-6.803 -59.878 -370.147 1.037
-72.279 14.067 -472.976 1.063
-76.971 -73.129 -401.945 1.153
-40.490 -17.596 -454.614 0.787
26.835 -1.247 -304.313 0.929
-39.763 2.531 -300.195 1.068
-41.019 -81.302 -387.225 1.219
-34.560 -60.451 -455.771 0.998
64.766 -96.597 -304.559 0.905
-47.901 -19.626 -397.109 1.095
-83.611 -74.250 -444.756 0.811
10.186 60.429 -360.365 0.992
-13.046 -31.422 -481.846 1.090
-9.822 -0.417 -351.462 0.912
78.327 34.214 -372.617 1.167
-67.423 -43.788 -338.585 0.869
-61.425 13.742 -302.779 0.933
-79.833 61.523 -470.631 0.944
58.333 -92.134 -452.099 0.963
-23.187 -92.951 -398.068 1.021
-63.744 13.748 -384.501 1.020
-56.309 22.990 -457.350 0.981
60.440 27.517 -477.510 1.066
-52.515 97.635 -340.272 0.857
-39.642 71.033 -452.054 1.058
-88.192 86.388 -451.244 0.998
-40.630 61.034 -333.187 1.202
-90.818 -64.751 -384.524 0.773
76.579 -77.381 -354.526 1.095
19.765 -81.867 -451.570 0.945
29.489 -91.349 -476.321 0.967
14.478 -18.599 -359.437 0.896
-8.951 -12.379 -418.163 1.041
17.895 -61.220 -412.545 0.830
59.441 -85.962 -405.858 0.958
71.088 98.300 -362.912 1.055
-97.819 -6.263 -465.450 1.191
67.448 -48.440 -385.006 1.124
12.307 50.394 -319.590 0.820
83.592 71.104 -353.278 1.136
-95.036 23.382 -351.020 1.168
97.994 -10.355 -414.253 0.869
57.566 -0.090 -387.792 0.957
12.646 35.043 -485.272 0.993
46.228 92.975 -339.590 1.010
73.119 0.601 -424.183 0.968
24.446 38.429 -364.392 1.140
-61.500 -70.998 -352.602 1.033
-15.190 -50.167 -352.098 0.988
41.078 -51.904 -323.901 0.862
1.158 -23.318 -354.508 0.953
9.591 -94.136 -422.078 0.928
-23.615 93.275 -359.402 0.849
-45.341 -17.060 -344.866 0.961
-80.513 -45.967 -428.028 1.135
-17.718 -0.130 -438.391 0.790
-95.210 41.621 -440.918 0.910
0.481 91.486 -319.668 0.982
13.133 24.853 -325.398 0.898
-45.329 61.779 -434.954 1.067
-50.697 -54.305 -352.146 1.058
14.748 57.460 -398.904 1.038
53.213 6.310 -495.446 0.846
-85.590 -11.471 -341.143 0.957
-20.776 -94.893 -339.129 0.966
3.790 37.227 -461.602 1.013
-59.566 -28.606 -343.567 1.078
46.565 -84.121 -381.390 0.966
29.271 29.488 -360.002 0.923
87.460 88.847 -489.532 0.926
-90.359 5.435 -309.773 1.254
-45.626 14.125 -301.588 1.090
-82.304 -12.074 -453.875 1.080
-31.001 -16.120 -349.220 1.014
-85.512 -73.833 -347.813 1.102
-47.574 -12.109 -338.897 1.003
-65.367 98.994 -485.232 1.111
31.001 -22.169 -435.863 1.096
-7.946 82.024 -346.128 1.022
89.907 -53.135 -354.685 1.064
-82.154 -33.981 -420.119 0.933
35.040 86.606 -450.004 0.952
-11.078 -84.604 -422.646 1.052
37.929 -86.422 -436.384 1.048
68.387 25.517 -444.338 0.899
-75.227 -15.544 -469.681 1.172
53.771 -60.228 -356.489 0.935
32.174 64.509 -350.244 1.042
-0.065 -81.688 -335.474 1.020
44.725 -17.368 -401.177 1.060
92.133 -70.523 -422.590 0.925
93.835 -58.613 -391.800 0.945
70.909 -23.933 -359.452 1.065
-55.459 58.745 -329.980 0.970
99.687 84.974 -485.931 1.122
