47.415 92.231 -452.382 0.974
8.027 97.243 -302.041 1.042
86.709 -95.080 -491.076 0.991
-89.116 50.208 -369.584 1.003
62.222 17.978 -342.165 1.157
-92.232 62.732 -417.281 0.986
-23.819 52.209 -426.742 1.020
30.312 86.619 -443.642 0.907
80.052 68.862 -318.651 1.032
77.828 -77.747 -374.755 0.945
63.440 -17.968 -368.317 0.969
18.124 99.795 -382.128 1.217
36.402 -39.405 -444.805 1.034
62.695 21.279 -422.921 1.059
-78.158 4.080 -330.329 1.079
37.622 81.431 -450.411 1.074
36.557 55.852 -405.023 0.857
-36.554 78.250 -484.090 1.152
-5.199 32.185 -330.171 1.107
-23.390 -95.671 -367.027 1.016
9.408 61.530 -490.525 0.899
-55.417 -4.814 -466.365 0.920
99.727 74.762 -437.996 1.200
-7.630 43.803 -464.158 0.896
-90.450 40.532 -436.878 1.089
36.034 -9.868 -318.112 1.100
52.725 58.740 -378.624 0.978
93.350 8.180 -304.469 1.063
-29.910 49.550 -382.962 0.942
23.876 -58.946 -382.830 1.060
59.725 -45.402 -465.717 0.962
34.352 57.173 -436.890 1.059
82.436 -65.679 -364.639 0.876
54.816 56.441 -305.626 1.108
58.175 53.105 -304.424 1.064
59.644 -55.749 -456.399 0.849
-21.684 -51.935 -476.802 0.922
-71.433 -82.780 -452.478 1.052
-33.466 -65.289 -426.884 1.038
-99.803 -30.383 -455.522 0.950
69.791 -26.221 -384.199 0.942
-5.086 42.265 -387.341 1.055
31.403 96.918 -468.526 1.069
89.997 -71.346 -349.088 0.913
32.394 -18.298 -359.033 0.903
13.648 -89.115 -362.431 1.151
58.619 31.416 -399.828 0.896
39.418 37.549 -477.524 1.047
7.526 -59.319 -398.674 0.909
89.814 99.537 -494.908 0.864
-58.796 -72.360 -330.836 1.041
-27.968 75.540 -320.004 0.983
-36.750 15.147 -494.334 1.012
-26.660 61.943 -454.967 0.909
-76.947 35.786 -460.409 1.008
-18.930 29.490 -466.641 1.011
-87.344 -51.473 -428.019 0.992
90.467 -75.191 -411.271 0.978
21.157 81.600 -378.388 1.078
13.589 -48.211 -418.271 1.157
49.406 72.301 -367.481 1.147
54.867 90.214 -425.087 1.252
-97.923 -35.131 -344.557 1.027
50.283 -92.530 -458.588 0.993
19.236 86.406 -305.029 0.982
23.002 -47.297 -353.095 1.049
-36.204 58.352 -346.144 0.919
34.533 -7.779 -321.518 0.944
23.329 70.471 -303.952 1.033
5.983 -86.096 -473.997 1.094
13.840 -11.617 -462.290 0.978
74.204 83.838 -303.235 1.015
-23.623 -89.618 -463.349 0.902
93.713 -92.632 -343.597 1.083
5.890 68.337 -365.599 0.835
-44.776 38.715 -432.764 1.055
-55.289 11.934 -458.983 0.987
-54.297 -90.221 -344.847 0.980
-84.122 -8.390 -497.396 1.051
-15.953 -74.390 -428.853 0.991
25.762 26.512 -426.223 0.988
-11.715 48.192 -439.939 1.107
78.857 48.122 -450.582 1.177
-31.123 -94.588 -382.535 0.909
1.997 5.526 -478.745 1.066
49.099 60.259 -443.261 0.880
-3.838 -28.680 -353.222 1.139
-1.883 -27.508 -363.088 0.983
39.804 -9.540 -492.085 1.102
-94.260 -20.026 -422.486 0.995
-30.619 28.935 -385.388 1.227
21.075 -54.553 -475.026 1.088
-12.791 -45.093 -391.998 0.992
-95.100 -99.309 -377.678 1.093
31.592 -18.659 -411.403 0.977
55.894 85.248 -458.207 0.763
87.650 13.947 -499.455 0.941
-14.438 -98.230 -485.063 1.083
-87.616 30.580 -421.786 0.779
58.730 67.274 -353.220 0.995
-35.162 91.583 -300.624 0.923
5.134 30.255 -379.074 0.886
15.934 -9.649 -369.017 0.940
68.467 -5.265 -386.835 0.953
-23.857 -91.550 -371.950 1.008
13.758 -86.473 -491.821 0.875
26.780 -74.825 -394.577 0.995
-3.189 39.555 -309.442 1.157
17.747 -58.645 -364.695 0.925
-91.722 17.378 -366.456 1.035
-18.277 17.137 -477.310 1.046
75.253 -49.788 -322.875 0.966
4.775 96.030 -313.669 0.942
-60.796 -41.928 -307.756 0.952
8.943 -56.493 -367.084 0.994
-81.012 66.321 -492.795 1.036
-79.080 -60.463 -422.515 0.901
-43.220 -9.546 -363.298 0.905
78.035 32.983 -446.891 0.791
-58.539 -49.127 -310.306 1.125
-73.743 -43.036 -499.139 0.799
83.395 -88.065 -321.220 0.918
44.134 -58.248 -452.178 0.950
-27.420 31.764 -378.927 1.140
-15.772 -34.892 -490.960 1.090
32.248 86.200 -439.144 0.883
-4.623 82.515 -411.373 0.940
-68.301 -68.016 -427.844 0.874
-85.953 52.038 -332.371 0.984
-41.091 32.849 -324.507 0.931
-98.265 93.565 -412.539 0.951
-98.601 82.082 -341.713 0.932
-20.810 65.240 -392.254 1.025
-11.937 52.957 -334.812 0.709
-89.665 9.508 -491.221 0.867
6.054 36.054 -420.642 1.155
28.570 -82.597 -303.439 0.921
44.228 91.733 -479.047 0.672
3.020 72.880 -469.105 0.942
-95.257 -53.760 -309.936 0.890
-40.137 88.364 -372.695 0.859
86.932 29.041 -465.034 1.044
-83.017 3.437 -381.963 0.942
-51.703 -25.697 -483.122 1.044
22.210 -0.105 -302.072 0.944
-10.171 -14.383 -464.935 1.077
-61.554 90.803 -400.907 0.961
-87.286 42.477 -317.073 1.039
40.637 -67.550 -451.712 0.917
-7.389 -99.683 -464.357 1.053
-78.350 88.031 -498.944 1.071
-71.158 -65.955 -410.227 1.127
29.832 -95.410 -311.884 0.913
37.872 42.035 -499.584 1.077
13.012 -95.775 -411.572 0.788
-98.105 -82.641 -466.184 0.886
48.656 25.298 -382.596 1.086
39.459 19.370 -455.366 1.013
3.695 15.588 -439.498 1.010
47.529 12.922 -387.481 0.970
-7.817 87.705 -477.170 0.985
-96.334 -69.665 -363.595 0.931
46.675 76.782 -487.408 0.939
-46.464 46.496 -423.878 1.029
75.416 -95.005 -404.219 0.864
28.945 -87.425 -303.216 1.070
-64.155 -40.467 -373.307 1.015
-77.676 73.835 -417.839 1.143
-40.612 16.112 -494.750 0.973
53.441 99.391 -499.874 0.972
-31.992 -24.136 -351.927 0.954
-97.063 22.353 -377.390 1.040
58.389 -43.945 -424.373 0.903
48.422 72.698 -323.209 1.050
63.926 40.582 -320.106 0.789
-15.700 -28.105 -386.331 1.006
1.662 47.176 -380.794 1.101
-47.938 9.291 -426.245 1.141
-41.535 -35.576 -322.496 1.024
59.384 -51.676 -332.989 0.968
-44.230 -94.449 -398.713 0.942
-93.693 -44.511 -353.630 1.054
-63.235 -5.021 -465.538 0.898
1.552 -12.010 -330.823 0.960
55.272 40.998 -465.542 1.162
72.044 -24.183 -349.669 0.920
-18.697 -90.360 -346.489 1.037
81.478 83.008 -431.372 0.970
-76.712 -95.460 -481.075 0.924
77.745 -30.660 -441.640 1.076
7.165 13.996 -480.154 1.110
70.414 72.990 -429.516 1.009
-16.678 -80.379 -481.840 0.911
27.053 -47.588 -472.562 1.261
-32.907 -3.014 -383.269 0.865
21.014 49.706 -346.537 0.997
-40.993 -53.441 -433.282 1.039
-84.271 -2.862 -339.214 0.862
-11.041 6.219 -466.736 1.067
-22.751 29.356 -357.073 1.227
