36.554 66.172 -317.860 1.134
-26.275 56.381 -305.468 0.848
8.317 17.853 -452.683 0.994
-73.735 47.582 -351.861 0.989
83.813 -74.562 -435.620 0.954
-82.948 -86.961 -304.540 1.019
45.786 65.218 -432.318 1.089
66.036 89.053 -339.316 1.146
79.996 71.421 -406.448 0.991
63.185 86.205 -333.638 1.079
-41.478 48.678 -467.239 0.918
59.424 -18.685 -425.640 1.034
98.488 52.401 -400.100 0.834
-45.603 -51.134 -461.257 1.080
93.254 -56.694 -467.258 1.026
-11.142 87.654 -433.938 1.028
-41.067 -84.287 -444.823 0.966
2.577 -77.066 -341.618 1.021
4.955 -13.378 -437.058 0.870
62.169 35.358 -344.755 0.978
-89.611 84.158 -331.894 1.036
-97.405 40.124 -317.219 0.999
49.891 -60.331 -494.003 1.132
25.143 23.929 -457.583 1.101
-26.270 -91.586 -391.952 1.069
55.945 88.091 -314.674 0.909
-15.973 -54.186 -460.422 1.045
-97.004 28.372 -357.039 1.153
56.847 -17.529 -461.820 0.949
66.017 -70.756 -326.085 1.024
99.429 84.309 -378.287 0.928
54.352 -75.918 -426.115 0.856
-26.343 -91.886 -471.395 0.990
92.787 28.403 -427.869 0.812
-91.922 -92.163 -322.722 0.813
-30.432 -65.384 -406.113 0.903
75.385 -16.042 -314.309 1.065
66.892 -71.201 -462.445 0.909
-55.633 -73.400 -393.339 0.961
-6.101 8.267 -339.750 0.968
23.462 83.124 -471.799 1.055
71.246 -96.033 -434.519 1.054
-3.119 -51.483 -374.572 1.024
-86.168 78.628 -320.827 1.029
78.528 85.117 -428.793 1.082
35.282 77.281 -304.583 0.906
-97.535 11.528 -304.039 0.910
-54.742 32.857 -330.701 1.119
-55.902 41.608 -334.585 1.156
96.455 -86.248 -477.095 1.005
-57.320 -64.376 -472.474 1.177
79.848 33.750 -485.002 1.095
-66.327 5.571 -393.311 0.954
10.513 16.508 -320.702 0.759
85.733 -64.650 -317.787 1.021
-4.377 92.472 -304.701 0.897
-72.517 -64.520 -400.612 0.862
79.089 -85.367 -379.893 0.814
68.240 66.617 -372.146 0.806
50.360 -0.693 -474.317 1.189
67.086 6.985 -411.511 1.089
-27.036 -33.803 -439.235 1.074
51.151 -14.825 -422.718 0.987
97.351 -3.742 -420.662 0.918
28.831 -33.374 -456.132 1.107
28.254 11.892 -421.504 1.011
-27.326 -29.349 -338.178 1.139
61.674 -20.755 -420.935 0.910
20.194 -40.778 -331.096 1.193
43.075 -20.209 -458.847 0.957
9.857 -51.933 -473.595 0.972
24.192 -67.462 -486.703 0.879
16.443 43.304 -413.609 1.129
65.450 4.686 -492.102 1.173
65.198 90.328 -368.281 0.833
36.430 -50.129 -448.035 1.084
-61.469 76.951 -368.884 0.997
59.120 58.724 -335.926 0.968
33.238 23.559 -371.955 1.013
71.178 -12.315 -360.153 1.080
-15.359 -73.416 -341.850 0.899
-59.761 91.765 -469.371 1.034
98.002 47.747 -456.567 0.941
-80.337 36.706 -444.635 1.126
50.425 52.315 -365.056 0.975
86.423 55.534 -383.565 0.760
81.982 5.655 -449.096 0.992
18.713 -62.621 -487.365 1.033
32.728 -51.408 -355.830 1.093
61.478 47.331 -402.694 1.215
33.543 4.960 -405.749 0.787
62.465 84.503 -424.642 1.086
89.143 -99.023 -499.456 1.001
-23.652 -43.253 -368.755 1.145
14.976 30.579 -398.533 1.027
99.285 -45.884 -451.828 1.011
43.876 -92.877 -485.446 1.070
75.108 28.762 -379.838 1.039
-4.465 -82.726 -475.366 1.111
38.443 28.783 -363.918 1.065
-41.202 -21.581 -428.032 1.125
20.921 -95.930 -320.401 0.986
51.286 44.682 -325.743 1.038
-37.227 42.330 -321.375 0.999
72.287 -97.033 -373.893 1.082
-94.962 -50.353 -493.898 1.103
-60.249 28.096 -457.428 0.916
-69.922 -98.702 -446.680 0.951
-42.521 -65.476 -396.456 1.060
28.496 16.645 -421.538 1.069
29.771 6.383 -414.333 0.985
-55.620 -8.530 -491.825 0.828
-85.990 -96.144 -428.071 0.961
6.039 -25.908 -419.979 1.044
38.890 6.293 -331.758 0.998
47.228 -76.054 -377.202 0.919
27.137 89.173 -431.042 1.126
-63.793 52.576 -403.595 0.962
-99.132 -87.544 -412.849 0.997
-8.727 -12.731 -358.120 0.976
-72.602 65.022 -437.693 0.930
-46.956 -7.844 -407.650 1.019
27.358 23.052 -468.279 0.998
-2.872 78.115 -442.266 0.917
-88.209 -88.367 -485.063 0.806
-83.071 1.962 -354.599 1.052
34.967 -43.819 -411.570 1.210
44.553 63.548 -465.848 1.060
-11.246 39.316 -336.779 1.063
48.293 -87.437 -431.689 1.066
24.412 50.652 -455.467 1.068
5.129 -94.819 -435.806 1.067
-17.997 9.406 -407.087 1.047
-3.000 65.131 -437.781 0.850
19.858 46.729 -306.201 1.071
91.310 -88.438 -496.256 0.956
-83.134 39.876 -397.590 0.890
-57.217 86.398 -311.852 1.006
-51.423 -19.637 -332.926 0.984
62.494 24.958 -420.076 0.881
19.428 -61.776 -438.925 0.966
97.484 63.862 -458.393 1.041
-74.364 -64.700 -451.556 0.859
-26.033 -2.095 -432.955 0.894
25.519 -9.494 -432.713 1.083
56.774 -4.553 -456.697 0.846
-37.610 -38.450 -355.606 0.887
62.895 52.835 -353.877 1.122
47.299 54.003 -355.015 1.084
-31.524 70.653 -334.112 0.992
-50.793 70.505 -438.760 1.016
3.858 84.668 -396.280 1.218
-30.515 -7.917 -484.755 0.851
50.207 -32.191 -373.976 0.889
-35.743 -26.402 -498.756 0.945
-62.224 -25.773 -349.652 1.046
-76.967 38.682 -457.676 1.134
24.800 -43.477 -422.235 1.002
72.425 -15.592 -478.738 0.907
12.002 85.999 -477.419 1.056
-26.832 -6.214 -364.620 0.894
32.038 -30.180 -427.166 1.067
48.816 -84.396 -444.581 1.104
-33.271 52.901 -350.351 1.015
90.768 -36.434 -328.194 1.028
70.499 -58.341 -454.638 0.982
78.830 -6.059 -361.249 0.793
9.993 45.658 -368.444 1.052
67.515 -9.828 -402.275 0.904
16.020 50.644 -384.990 0.957
47.064 56.492 -382.952 1.058
-19.087 89.263 -326.658 1.175
98.589 -24.838 -463.736 1.007
-78.789 99.240 -422.683 0.883
-90.584 -16.171 -449.399 1.121
-6.831 -34.932 -325.264 0.924
93.847 90.621 -468.119 0.918
-31.592 -54.288 -476.086 1.062
-30.758 -68.340 -451.223 0.871
58.925 26.312 -315.047 1.050
-66.604 81.703 -334.640 0.960
-3.027 -71.238 -484.271 0.981
7.176 -77.706 -478.731 1.036
-93.873 42.070 -452.113 1.064
38.130 -38.554 -324.185 1.120
-12.631 -72.176 -468.086 1.122
31.116 -33.083 -436.502 0.991
87.323 -27.369 -356.142 1.174
7.816 -96.681 -314.698 0.977
59.537 26.008 -414.461 1.068
94.444 2.131 -384.126 0.987
0.639 -55.969 -350.872 1.029
-4.671 95.339 -438.932 1.047
-67.217 21.635 -477.189 0.915
-1.363 -1.212 -321.170 0.807
-6.925 -58.668 -450.902 1.022
-34.230 -25.248 -388.266 1.212
-23.009 -92.059 -453.653 1.068
17.543 11.781 -365.073 1.003
83.353 -9.742 -436.232 1.127
