86.047 -48.184 -375.515 1.172
32.927 63.593 -443.316 0.852
-37.724 78.783 -454.545 1.016
-89.906 20.468 -344.853 0.904
-75.453 75.904 -461.222 1.071
54.959 4.459 -491.269 1.143
-98.449 97.677 -455.039 1.193
-78.455 91.823 -432.378 0.843
31.661 25.585 -362.080 1.029
67.563 -10.056 -308.065 1.031
-87.661 -39.163 -421.785 1.089
-27.329 93.180 -390.613 1.158
69.319 -6.029 -332.562 1.109
38.256 52.085 -376.260 0.926
34.873 12.473 -339.915 0.829
77.830 -94.283 -389.413 1.114
35.119 -55.612 -367.388 1.026
92.289 17.991 -464.759 0.941
91.533 95.495 -462.894 0.835
-88.957 -36.981 -424.267 1.099
-87.666 -54.403 -381.979 1.157
-30.629 -53.041 -432.762 1.059
43.480 -85.307 -379.817 0.836
-79.892 6.938 -410.805 0.849
-64.182 43.339 -430.198 0.951
-21.701 -68.907 -409.875 1.091
-83.400 0.945 -337.804 1.035
90.867 25.150 -325.418 0.994
-77.704 -9.148 -355.024 0.993
40.064 23.505 -466.040 0.901
65.293 13.263 -347.114 0.963
87.280 85.285 -403.194 1.020
-89.234 -8.800 -397.196 0.875
59.644 -11.291 -473.291 1.030
-79.794 64.681 -368.772 1.138
45.246 76.387 -455.201 0.983
69.941 36.636 -426.529 0.852
-81.479 -67.770 -380.052 1.030
42.057 -75.212 -436.031 1.136
-21.789 -87.345 -464.621 1.084
-82.179 -62.690 -420.354 0.971
28.336 73.157 -390.884 1.138
92.275 50.266 -470.438 0.967
27.306 42.477 -375.952 0.966
59.707 35.358 -310.123 1.039
73.249 6.610 -473.535 0.921
-48.301 -26.050 -381.043 1.079
-25.797 50.541 -466.574 0.948
-39.254 35.128 -343.858 0.931
-75.346 15.187 -411.125 0.964
86.553 40.888 -408.410 1.133
-47.233 45.084 -306.863 0.859
39.626 -57.983 -454.486 0.897
86.962 71.759 -477.098 0.995
71.619 63.081 -467.603 1.016
-25.182 -17.870 -367.078 1.097
-38.289 3.791 -428.408 1.172
-66.273 68.847 -415.884 0.844
-46.353 0.313 -420.162 0.874
-22.158 -25.571 -374.449 0.917
55.624 -7.164 -437.045 1.009
-29.391 -9.920 -435.448 0.867
-94.106 51.086 -313.272 0.880
23.970 70.432 -329.695 0.971
29.975 -97.408 -457.007 0.848
55.833 -74.195 -498.203 0.932
-50.269 -7.911 -342.968 0.864
88.849 70.757 -373.180 1.204
38.726 -46.997 -465.231 0.890
-70.731 -32.365 -314.530 0.957
-57.448 -7.816 -443.847 0.976
-59.717 99.037 -336.127 0.987
89.635 41.987 -350.552 0.887
33.693 -50.205 -423.191 1.053
39.282 90.689 -311.444 1.176
-40.523 5.501 -312.315 0.970
80.691 -58.783 -347.296 0.926
21.275 74.531 -371.520 1.100
18.378 47.496 -347.055 1.042
52.605 -20.483 -334.577 0.966
29.144 -72.230 -352.698 1.137
-7.872 -61.464 -364.540 1.083
54.486 -79.237 -344.842 1.093
-45.904 81.810 -314.540 0.974
-89.671 -31.990 -380.733 0.917
7.368 56.332 -384.803 1.065
36.771 14.777 -383.999 1.091
-12.281 2.338 -401.353 1.001
-61.651 -76.577 -365.710 0.967
28.519 -65.504 -324.623 0.943
-74.974 -63.415 -309.932 1.147
43.191 -0.609 -376.144 1.024
-70.846 90.597 -309.551 1.042
62.461 21.129 -443.290 1.014
20.316 22.421 -476.654 1.034
93.831 19.765 -466.835 1.042
-31.494 -80.677 -362.582 1.130
16.976 -14.822 -399.968 1.058
-48.450 58.448 -316.988 1.078
85.933 84.836 -461.406 0.908
1.565 -73.469 -315.010 0.995
-55.892 -86.308 -406.573 1.096
-3.525 -31.186 -436.907 0.927
-15.425 -85.995 -310.435 0.810
-44.780 -47.371 -350.423 1.028
-86.580 -24.307 -433.602 1.081
-69.961 25.965 -382.639 0.888
94.443 -56.077 -308.797 1.010
35.390 -75.986 -381.868 1.088
-89.154 47.285 -451.032 1.171
-92.327 64.710 -488.596 0.952
-24.180 10.692 -349.478 0.989
-45.483 65.182 -321.248 1.059
-12.987 44.199 -351.607 1.085
-85.404 8.763 -495.553 0.962
-57.833 62.107 -361.150 0.908
-61.512 14.313 -317.710 0.845
-59.492 -47.562 -448.144 0.878
-92.327 -89.338 -331.319 0.936
-66.691 -67.360 -435.989 1.200
-78.583 -6.319 -481.902 0.906
67.468 41.463 -364.675 1.011
-13.225 94.277 -453.428 1.072
-19.226 -46.166 -418.819 0.914
-0.016 -95.032 -463.017 0.953
-75.236 -84.060 -494.853 1.017
6.848 -59.917 -431.538 1.011
61.857 -21.025 -473.730 1.008
98.201 -9.457 -426.926 1.036
34.181 9.732 -474.819 0.931
-19.810 -64.907 -346.344 0.870
57.151 28.415 -316.118 0.931
-69.441 -55.740 -431.366 0.901
64.297 58.044 -430.150 0.912
-91.705 2.942 -317.702 1.116
-43.488 13.439 -469.888 1.069
-85.209 -95.874 -484.725 1.013
-83.882 -9.358 -301.324 1.027
30.894 68.673 -388.481 0.899
-59.396 -69.232 -495.034 1.022
-10.249 -80.243 -446.557 0.805
-6.074 46.281 -478.671 0.748
-3.957 14.555 -485.801 1.059
12.674 -80.565 -467.263 0.945
-82.456 -94.987 -454.313 1.041
-15.011 80.572 -441.747 1.136
-55.876 -71.342 -409.925 0.971
-40.407 -60.993 -378.098 1.013
-1.759 30.881 -462.185 1.108
14.871 9.440 -396.459 0.925
-40.512 33.698 -427.107 0.957
57.499 19.547 -322.494 0.930
47.004 38.235 -455.687 0.931
-21.044 -89.642 -422.712 0.946
42.948 82.150 -309.441 1.193
2.319 -10.443 -400.304 0.780
-68.910 -87.643 -378.575 0.951
-10.737 -12.244 -353.434 1.071
18.041 -38.870 -420.186 1.017
15.808 11.408 -334.232 0.898
-83.737 -29.041 -316.981 0.950
-22.955 33.948 -455.073 1.012
-57.027 -90.520 -337.363 1.022
-76.702 58.523 -443.894 0.915
80.924 22.437 -484.675 0.974
-27.596 1.989 -307.310 0.877
-81.220 -70.812 -493.750 0.929
56.028 -33.214 -490.903 1.106
-42.116 0.156 -477.848 1.119
-74.057 -68.524 -453.467 0.870
30.740 72.660 -414.703 1.127
-37.381 57.422 -398.844 1.050
56.456 -99.881 -328.394 1.063
36.932 -25.621 -380.264 0.858
-59.342 -54.463 -303.760 1.156
36.976 -64.657 -345.749 0.983
75.508 78.029 -472.938 1.043
-90.966 -13.046 -323.292 0.918
-86.039 60.770 -343.979 1.104
-90.105 1.211 -337.520 1.144
-61.714 99.202 -380.220 1.207
65.089 -3.950 -357.094 1.030
92.897 88.201 -379.724 1.076
-69.987 35.632 -458.025 0.922
-51.548 6.105 -438.862 0.945
-98.716 58.974 -417.886 1.051
71.656 -19.653 -316.865 0.777
68.001 71.426 -445.360 0.986
65.282 -60.133 -442.844 0.925
-27.282 -71.895 -343.912 0.910
57.808 23.106 -434.012 1.062
73.298 -74.378 -463.881 1.032
-99.439 -33.765 -360.191 1.069
15.783 75.703 -368.086 0.910
-78.690 18.751 -337.534 1.034
77.651 86.852 -410.982 1.010
-59.262 -43.124 -478.095 0.931
23.679 20.212 -313.540 0.940
-73.784 2.920 -364.826 0.958
93.983 -59.726 -322.466 0.895
-17.496 61.086 -411.509 1.172
46.032 85.439 -312.178 0.973
69.758 48.842 -398.479 1.059
-25.771 -71.159 -362.953 0.843
65.297 99.446 -477.792 0.945
28.361 -88.276 -382.832 0.871
71.151 -54.398 -337.647 0.955
12.476 60.544 -390.180 0.939
12.146 -20.774 -395.158 0.980
-18.397 -18.705 -425.648 0.940
97.400 5.468 -391.398 0.862
52.557 -40.821 -350.077 0.902
8.004 11.408 -338.997 1.216
-72.978 45.471 -456.034 1.001
-46.470 -87.617 -359.504 1.017
14.438 35.642 -495.932 1.068
46.474 -78.233 -434.567 1.001
-33.420 3.860 -380.186 0.979
-12.340 38.559 -434.751 1.110
36.831 -79.295 -367.019 1.004
7.125 15.983 -353.482 1.040
-94.711 96.613 -447.045 1.004
50.564 -6.014 -467.189 0.847
-78.609 55.303 -444.361 0.853
5.564 -44.500 -319.553 0.816
-78.698 1.855 -345.860 1.188
-28.172 -49.485 -320.658 0.973
-13.866 81.288 -306.942 0.946
15.295 -50.502 -487.788 1.029
37.380 59.333 -410.574 1.083
23.555 98.285 -334.685 1.086
-41.949 -73.179 -386.110 1.090
38.615 -75.735 -327.577 1.092
-32.044 -89.820 -493.904 1.138
-79.769 21.817 -494.504 0.841
95.096 10.924 -467.260 1.049
-99.528 -3.720 -458.780 1.040
-37.118 4.625 -423.928 1.026
40.954 75.624 -398.185 1.122
44.810 53.626 -327.402 1.240
-49.558 -7.530 -432.800 0.948
23.240 -67.526 -314.399 1.102
63.767 87.639 -335.997 0.856
39.244 13.720 -422.134 1.015
-84.396 27.513 -455.250 0.879
-8.680 -6.241 -406.247 1.067
79.730 -96.060 -308.313 0.957
-40.966 -73.606 -408.631 1.138
97.643 32.341 -331.474 1.029
69.313 5.689 -332.111 1.031
4.313 62.405 -332.225 0.902
-13.470 8.136 -342.157 1.093
-48.722 -79.974 -346.016 0.999
58.626 -60.144 -483.327 1.057
58.310 -68.464 -426.599 0.966
-12.422 75.842 -494.740 1.039
10.463 -93.299 -492.046 1.016
23.656 81.588 -451.343 0.948
0.406 -64.935 -373.385 1.067
34.169 -17.392 -371.168 0.964
-83.303 -41.158 -353.614 0.932
63.782 26.172 -402.340 0.905
-62.024 59.503 -313.061 0.888
-0.911 -78.375 -482.216 1.020
-90.237 -85.409 -454.840 0.870
-74.570 -86.464 -474.438 1.050
19.470 -48.370 -319.751 1.053
-71.640 -72.122 -344.539 1.010
18.862 7.391 -314.573 1.019
56.796 48.253 -396.117 1.013
-39.318 57.196 -322.118 0.727
-14.840 30.166 -393.962 1.010
77.018 56.103 -467.678 1.031
-51.867 -10.853 -369.310 1.021
49.503 -36.721 -469.780 0.829
4.836 81.407 -373.494 0.851
52.090 -54.233 -323.560 0.874
-80.256 19.303 -360.601 1.028
-56.766 -22.815 -348.006 1.146
38.536 -41.690 -376.333 0.916
-50.121 -95.272 -483.720 0.940
-58.497 -37.013 -308.106 1.061
3.785 73.364 -435.814 0.899
71.274 91.319 -366.334 0.983
-11.509 65.093 -304.223 1.035
-90.246 -84.880 -491.594 0.818
-74.391 -29.303 -498.026 1.000
-72.019 -81.046 -414.635 1.075
-15.789 -36.878 -458.660 1.013
23.765 -78.027 -467.885 0.978
73.537 69.122 -454.847 1.089
-0.811 29.668 -464.206 1.118
-10.810 -87.666 -460.020 1.045
-34.078 20.280 -446.137 1.206
-11.129 66.908 -363.321 0.890
-28.764 58.865 -475.789 1.063
43.028 -52.368 -361.945 1.002
55.262 52.269 -486.369 0.914
41.597 96.969 -346.658 0.915
-58.368 -86.044 -309.279 1.049
-91.448 -6.807 -367.259 1.034
-68.632 94.227 -318.919 0.689
63.627 71.246 -499.710 1.090
29.365 -23.784 -372.309 0.963
46.739 26.093 -466.577 0.950
11.190 82.654 -313.033 0.996
-47.498 -15.423 -413.920 1.128
-73.109 -0.466 -342.381 1.251
71.256 41.133 -499.303 1.024
93.309 -86.405 -468.256 0.910
26.199 8.130 -414.361 1.005
-89.348 60.676 -429.948 1.072
30.330 -79.797 -487.573 1.072
44.026 -19.405 -308.567 1.017
10.512 -1.720 -333.019 1.120
-60.469 -37.538 -420.685 1.011
-54.573 -30.457 -401.739 1.026
95.586 -78.877 -361.290 0.951
-45.766 -55.562 -464.478 0.942
60.956 98.680 -455.417 0.986
-11.162 -29.397 -374.525 0.822
-1.889 84.892 -334.277 0.859
74.867 65.468 -412.843 1.010
-2.467 -9.929 -307.649 1.076
46.288 78.064 -400.445 1.011
-66.076 -68.605 -461.227 1.145
5.109 -18.162 -488.545 0.986
-31.801 -11.282 -493.933 0.857
-63.133 -5.697 -448.196 1.097
-27.186 73.760 -408.527 0.904
-0.377 -25.862 -485.324 1.147
38.662 31.883 -455.085 1.117
12.803 26.448 -358.162 1.089
69.203 1.247 -344.485 1.129
39.810 5.018 -451.365 1.126
-41.019 57.838 -329.067 1.100
-54.426 -32.322 -361.141 1.141
88.017 72.848 -432.590 1.101
-48.983 -29.400 -317.298 1.151
-17.376 -88.141 -310.867 1.159
-25.709 -78.443 -351.617 1.126
-81.836 42.114 -395.066 0.952
-70.000 60.898 -388.885 1.068
35.898 31.242 -333.859 0.821
-75.354 54.532 -443.858 0.993
15.982 -59.127 -366.554 1.094
69.256 -67.229 -308.397 1.061
-46.953 61.513 -396.315 1.014
-40.682 52.532 -460.341 1.092
-78.044 -84.876 -330.390 0.848
-22.778 27.614 -325.514 1.005
32.418 70.827 -454.473 1.036
-88.958 84.974 -479.563 0.916
-61.631 19.032 -422.978 1.108
-11.462 -73.189 -419.864 1.226
70.295 96.801 -408.670 1.110
-21.226 -17.540 -330.696 0.974
-61.252 90.461 -305.171 1.022
-21.546 -70.822 -463.067 0.980
40.312 -81.160 -365.043 0.978
-83.309 -45.833 -487.546 1.113
66.776 16.496 -494.442 0.883
57.686 48.802 -326.571 1.010
-47.601 20.777 -311.660 0.860
-43.530 68.652 -479.727 1.061
0.157 -80.044 -460.395 1.035
81.515 48.527 -381.099 0.937
59.635 -25.450 -357.464 1.071
-43.568 -22.562 -401.735 0.926
-30.532 94.938 -496.405 1.044
7.074 -56.652 -442.545 0.926
37.623 18.098 -454.116 1.026
-83.070 78.112 -303.199 0.942
39.135 -86.993 -365.275 1.010
82.793 54.490 -325.894 1.075
-21.869 29.664 -342.594 0.912
-46.333 -10.506 -431.308 1.064
2.853 29.558 -477.035 1.005
-88.803 -47.684 -400.652 0.843
-32.662 -22.611 -463.896 1.126
7.219 54.371 -389.280 1.011
-65.697 6.066 -476.902 1.121
-45.663 65.895 -413.290 0.968
-4.899 72.616 -314.845 0.958
43.391 64.971 -410.829 1.110
49.509 -82.352 -459.933 0.920
70.042 80.148 -380.168 1.029
0.913 99.194 -378.875 0.882
-42.993 72.795 -301.902 1.065
30.433 -86.674 -428.313 0.946
-99.676 -28.346 -447.430 1.023
-49.932 -49.234 -408.003 1.099
-81.352 7.813 -385.888 1.029
72.386 13.698 -461.896 1.005
-4.882 59.991 -366.090 0.934
16.221 12.227 -461.548 0.916
-43.531 46.019 -311.233 0.998
6.027 26.506 -397.774 1.071
-93.214 69.815 -339.407 1.093
-91.203 -87.740 -412.693 0.973
57.303 -50.277 -379.977 0.889
-16.636 -14.341 -340.795 1.139
-61.349 98.293 -378.143 1.170
76.777 -0.963 -347.208 0.949
-87.135 -82.004 -405.219 0.957
-70.322 -10.192 -300.813 1.027
37.121 47.209 -451.181 0.942
75.854 46.577 -438.537 1.111
-15.367 63.392 -460.964 1.008
17.689 40.927 -446.737 1.036
84.368 77.888 -490.870 1.093
-2.288 45.912 -469.346 0.961
57.368 -27.660 -410.713 1.120
12.147 -78.163 -431.998 1.079
-64.923 54.111 -322.007 1.066
-30.919 -85.182 -324.699 0.867
-78.783 -58.134 -347.113 0.802
-80.827 -45.164 -455.659 0.879
-56.339 18.734 -368.690 1.092
-11.177 51.287 -391.766 0.950
-64.717 -35.369 -346.723 1.003
35.537 -99.191 -493.652 0.878
-67.235 84.182 -325.404 1.061
-86.969 -27.251 -399.239 1.234
-84.862 -80.424 -324.692 0.852
-46.769 59.335 -496.519 1.023
74.903 -16.621 -455.876 1.086
-75.036 -59.506 -475.980 1.043
-48.552 -82.003 -307.246 1.157
52.361 31.756 -423.663 0.991
68.802 -87.412 -436.258 1.133
-80.702 31.646 -332.306 1.087
65.836 96.232 -382.342 0.757
-62.066 -0.884 -479.159 0.957
2.531 -10.051 -467.325 1.024
-80.636 -55.312 -305.000 0.969
83.934 41.557 -436.081 0.893
-21.170 -37.764 -415.702 0.824
-11.569 -55.030 -369.034 1.060
-8.937 87.044 -317.364 1.321
-24.486 -24.473 -455.124 0.965
-66.169 40.355 -472.487 1.044
-28.117 17.172 -435.617 1.036
83.292 42.616 -336.376 1.147
75.875 -39.557 -389.140 1.102
-11.115 -35.282 -477.488 1.068
43.313 -9.440 -470.111 1.042
-33.425 -57.253 -480.126 1.058
29.904 97.184 -402.666 0.883
-42.839 53.994 -307.028 0.958
41.270 10.825 -449.840 0.928
-70.631 -30.823 -413.006 0.932
15.500 -7.618 -345.002 0.930
-16.236 -67.712 -419.476 0.884
53.368 -55.633 -474.010 1.009
-24.039 -60.083 -357.864 0.959
-86.964 -27.927 -430.457 1.170
85.931 69.635 -480.952 0.967
45.621 74.945 -389.469 0.989
-23.932 1.663 -379.558 1.075
-64.078 -36.009 -378.479 1.005
-88.413 -19.272 -379.497 1.044
32.923 12.662 -428.075 1.025
43.459 -39.019 -421.093 0.897
-49.148 -44.054 -352.363 1.187
51.258 37.020 -355.662 0.981
71.034 -93.636 -485.742 0.990
-7.639 28.651 -469.109 0.949
90.613 -55.156 -301.899 0.917
50.909 -38.391 -440.188 0.879
-75.153 -61.454 -416.139 0.913
0.875 -94.855 -351.327 0.913
16.719 65.525 -489.478 0.916
62.863 0.840 -374.243 1.021
20.311 -12.284 -313.448 1.036
-97.344 54.372 -419.803 0.859
-14.907 93.994 -324.590 1.064
72.706 -21.413 -423.277 0.886
-15.443 -63.927 -407.201 1.022
-65.240 -70.201 -401.367 1.076
-31.564 4.525 -357.503 1.011
5.170 19.274 -360.156 0.909
79.706 65.854 -329.892 0.936
64.498 -16.346 -478.205 0.834
-19.600 -94.597 -384.458 1.210
76.510 63.538 -346.904 0.949
-22.440 46.444 -351.476 0.866
-63.291 -98.729 -391.733 1.044
47.230 68.282 -413.069 1.044
10.546 -84.344 -343.148 1.057
26.279 9.076 -323.934 1.206
56.396 -94.162 -490.301 0.946
-52.618 -10.451 -445.470 1.041
29.944 4.462 -388.859 0.913
37.627 -74.558 -380.088 0.831
65.145 -50.427 -482.365 0.950
33.767 68.947 -334.390 0.936
85.413 -84.061 -494.122 1.047
12.843 21.061 -305.902 0.984
27.877 69.152 -479.566 1.034
52.449 64.767 -442.621 1.061
-78.275 -82.411 -468.581 0.932
-60.150 -2.436 -302.713 0.866
-27.124 74.127 -351.020 0.842
80.074 -1.097 -345.336 0.946
-39.171 -81.037 -376.169 0.900
62.387 37.474 -470.230 1.004
8.685 -8.575 -310.624 0.979
49.407 -97.050 -375.070 0.939
18.545 -18.308 -412.145 0.981
-46.146 80.449 -306.935 1.084
5.454 8.045 -440.418 0.977
-3.842 79.066 -329.889 1.013
81.033 -51.059 -319.477 1.022
-22.619 94.567 -354.729 1.037
-63.059 -43.645 -304.161 1.193
40.731 -98.122 -413.224 0.866
17.433 57.963 -367.797 0.734
-88.237 -99.526 -416.031 1.064
-8.025 13.346 -480.051 0.851
-18.411 -62.976 -341.382 1.066
57.033 92.541 -461.329 0.883
-77.338 -12.328 -397.765 0.960
-54.568 -37.320 -315.719 0.915
-30.766 -3.461 -482.799 1.099
-50.909 64.347 -487.916 1.029
90.469 -96.583 -391.235 0.929
-83.673 32.394 -368.463 1.018
17.851 4.359 -373.039 0.895
6.249 34.793 -445.627 0.913
40.394 -66.417 -403.301 0.974
-22.878 60.606 -352.929 0.949
-92.520 1.992 -385.231 1.082
14.773 67.140 -406.689 0.944
68.351 -74.201 -485.625 0.949
-0.237 -59.385 -388.076 0.959
-22.036 35.085 -405.114 1.124
29.107 63.891 -303.825 0.872
-59.864 -19.692 -388.483 0.979
-53.738 99.367 -396.564 0.996
32.100 -49.332 -330.133 0.930
-4.191 64.819 -368.386 0.777
1.535 53.652 -411.083 1.018
83.367 -18.294 -488.034 1.096
-61.578 -29.471 -471.080 1.094
22.003 -97.659 -487.154 1.139
-99.644 52.159 -397.397 1.007
68.675 -17.675 -471.340 0.885
53.638 52.200 -313.905 0.940
0.963 -37.649 -417.684 1.030
-43.192 -54.853 -447.885 1.030
45.422 -52.839 -498.852 0.953
79.834 -61.457 -334.689 0.978
37.497 61.275 -305.874 1.042
47.939 -19.498 -388.990 0.851
-9.471 -95.918 -340.342 1.123
-85.719 11.886 -406.130 1.060
-81.054 -72.339 -496.751 1.142
38.837 95.218 -314.840 0.843
94.039 -25.662 -304.357 1.072
96.522 39.932 -334.786 1.115
8.118 35.567 -484.647 1.173
59.147 68.965 -325.901 0.984
-43.622 -15.072 -426.733 1.108
-76.776 25.511 -342.147 1.054
96.586 98.578 -345.205 1.120
1.451 6.098 -498.324 1.010
22.808 -44.276 -355.515 0.977
-96.364 12.902 -380.382 0.988
-21.349 -79.648 -381.065 1.001
52.902 -31.080 -442.187 0.945
-18.194 84.609 -425.076 1.201
-58.897 82.601 -336.283 1.070
-72.590 51.253 -476.138 0.887
68.790 -28.280 -303.323 0.911
53.278 9.308 -472.086 1.121
17.646 96.316 -398.114 0.911
38.222 14.166 -377.111 0.958
98.407 27.111 -305.751 0.970
52.654 -5.745 -379.892 1.123
74.269 -9.331 -306.753 1.128
-57.798 -99.297 -305.503 1.068
-85.859 27.543 -317.100 0.933
24.569 -51.552 -463.381 0.915
-90.149 -54.672 -442.794 0.927
-21.134 -14.021 -351.445 0.914
-32.828 -15.399 -425.369 1.042
-91.548 -40.251 -324.650 1.132
35.424 -65.782 -449.274 0.948
75.828 31.607 -415.914 0.854
-96.844 45.270 -335.365 1.191
-37.544 28.865 -455.708 1.021
-92.109 36.951 -357.148 1.008
21.680 -3.886 -315.027 0.989
50.847 44.666 -460.762 0.943
11.670 15.374 -408.223 0.881
29.022 47.847 -316.098 1.025
98.948 14.767 -398.200 1.076
65.642 35.355 -464.232 1.012
34.346 -55.429 -437.217 0.868
-67.178 55.567 -472.884 0.828
41.708 -79.218 -302.761 1.000
42.595 -4.878 -415.911 0.925
92.627 -78.845 -432.803 0.991
-37.615 -69.827 -477.242 0.912
24.714 58.704 -355.218 0.998
49.739 -27.688 -387.420 0.983
33.623 58.049 -418.686 0.843
25.738 -42.684 -301.411 1.039
3.293 88.689 -452.633 0.933
56.996 88.528 -373.424 0.785
-59.233 14.015 -485.929 0.889
36.345 79.798 -418.128 0.776
55.821 -92.282 -394.888 1.005
-79.078 -47.224 -494.227 0.937
0.154 56.321 -481.050 1.018
-69.260 -36.057 -405.558 1.218
-56.417 -62.462 -469.353 1.039
1.448 48.039 -457.302 1.160
-19.073 99.449 -487.474 0.921
-36.866 61.632 -366.106 1.016
-51.468 38.800 -460.420 0.878
-0.193 25.216 -374.827 1.049
52.359 61.863 -418.432 1.158
-98.112 18.001 -410.888 0.956
78.666 -80.062 -326.878 0.940
-49.640 14.988 -317.085 0.935
-88.971 64.482 -460.328 1.071
-78.755 45.435 -361.463 1.128
-71.227 -38.566 -440.132 1.079
98.144 -8.781 -334.991 0.894
-71.633 18.771 -341.292 0.975
34.880 -22.515 -405.841 0.806
-87.775 27.120 -384.797 0.976
-29.957 -80.722 -303.088 0.990
-31.831 -99.940 -333.635 0.983
-5.243 -51.077 -476.213 0.968
-78.773 -20.448 -473.674 0.912
85.091 -94.558 -437.314 1.055
-3.031 -17.843 -499.542 1.212
15.667 97.426 -472.467 0.964
-57.314 6.848 -334.472 0.854
-9.811 87.554 -397.010 1.179
19.928 -82.675 -314.698 0.830
-61.449 4.616 -418.054 1.123
31.117 -61.149 -424.218 0.909
-32.565 -40.934 -412.532 0.708
-56.183 16.025 -346.131 0.877
52.003 95.716 -320.291 0.932
54.329 -13.337 -497.147 0.977
-37.969 -70.428 -398.363 1.006
15.176 40.456 -448.660 1.006
15.495 -16.939 -362.904 1.155
81.641 -8.085 -493.286 0.931
78.604 39.575 -458.108 1.232
-93.856 38.828 -376.329 1.011
95.373 0.985 -475.617 0.950
2.872 83.513 -305.597 1.117
15.306 32.112 -315.880 1.142
73.590 -51.782 -447.569 1.069
75.025 86.339 -422.659 0.995
84.960 -24.394 -400.207 1.007
43.839 57.768 -496.109 0.836
31.217 32.025 -310.635 0.864
-98.768 71.808 -311.936 1.149
58.192 -34.496 -421.334 0.839
-22.595 -16.999 -448.264 0.857
-24.192 -65.884 -376.424 1.117
72.665 3.749 -301.384 1.068
96.205 2.039 -338.017 1.073
77.845 8.156 -372.317 0.962
59.308 -62.688 -392.549 0.856
76.671 -8.740 -328.805 0.919
27.456 -44.736 -318.646 1.027
-16.856 40.669 -434.773 1.020
85.960 -48.499 -435.559 1.141
52.757 -40.888 -465.542 1.043
64.620 12.608 -496.733 1.018
40.036 44.500 -372.797 1.276
-49.166 11.919 -347.721 0.913
-34.408 69.510 -382.308 0.943
46.661 -84.193 -343.513 1.190
63.328 -80.952 -494.187 1.000
-65.465 8.102 -367.346 1.084
-62.357 69.997 -357.731 0.915
-64.046 79.169 -367.961 1.049
7.622 15.762 -482.075 1.301
83.344 -73.705 -326.800 1.080
-70.897 54.510 -330.499 1.046
-98.224 -78.825 -363.520 1.122
3.975 -23.933 -327.810 1.083
20.587 17.859 -412.058 1.118
-49.499 -4.758 -412.830 0.913
14.358 55.504 -473.946 1.093
87.924 54.100 -356.696 0.920
-12.521 -67.900 -384.126 0.976
3.106 23.379 -487.375 0.970
-10.893 34.447 -397.757 1.144
42.351 44.924 -483.177 0.894
-6.584 81.818 -466.942 0.855
-89.127 -40.512 -449.386 0.993
-10.410 84.989 -406.009 0.884
-6.919 46.085 -318.694 0.933
96.554 95.167 -412.425 0.901
-6.838 93.564 -314.694 1.017
-82.009 -65.117 -494.212 0.964
97.714 -3.399 -367.822 1.179
-0.969 2.283 -400.625 0.883
-76.450 -42.339 -449.007 1.103
40.818 97.839 -351.390 1.077
-32.627 -6.400 -406.198 0.999
-93.023 -90.868 -407.828 0.930
40.893 -36.115 -333.884 0.848
-10.060 66.583 -364.712 0.949
40.690 -38.951 -325.110 1.024
-67.826 24.755 -372.905 1.038
37.521 -5.478 -312.946 0.943
56.638 28.269 -354.656 0.923
-49.085 -27.398 -413.020 0.946
-90.487 -0.060 -460.061 1.113
-79.949 -49.576 -366.981 1.049
-3.050 -2.031 -382.257 0.913
-84.398 89.340 -415.821 0.978
-66.709 -77.379 -433.962 0.925
-78.417 -73.221 -469.652 1.038
-37.396 50.591 -364.465 1.061
-90.898 54.875 -317.794 0.988
37.532 14.845 -487.427 0.896
2.395 -21.308 -385.510 1.080
47.783 -32.975 -303.865 0.949
2.381 -63.973 -393.554 0.924
-94.497 92.590 -327.908 1.062
93.301 -60.894 -377.562 0.989
-12.643 34.640 -378.877 0.772
33.148 -4.907 -439.888 1.051
7.392 -74.587 -391.137 0.874
47.225 -2.728 -355.795 1.027
73.719 91.108 -358.831 0.827
31.619 -64.932 -456.411 0.965
97.598 -40.911 -371.626 1.091
10.418 -63.665 -382.353 0.919
33.845 38.642 -315.465 0.848
-52.162 83.007 -423.931 0.883
-83.451 46.877 -456.822 0.991
-85.384 41.076 -388.059 1.035
25.808 19.495 -358.113 0.936
85.892 -0.645 -383.280 1.100
-38.811 -31.470 -429.318 1.038
-76.811 1.330 -350.947 0.950
-2.788 -63.906 -447.088 0.992
3.585 -45.883 -357.302 0.928
-22.209 91.756 -362.741 0.958
-70.535 14.821 -467.630 1.072
22.077 -36.505 -407.597 0.952
67.191 20.830 -375.547 1.098
51.861 -98.303 -443.068 1.040
-11.446 -99.456 -356.225 1.092
13.867 69.499 -335.694 0.886
-50.971 -92.409 -472.712 0.875
83.174 63.299 -372.261 1.084
-25.883 32.800 -390.573 0.990
-7.283 50.926 -498.917 0.871
-22.691 -39.945 -472.195 0.949
38.549 -1.330 -382.569 0.998
-45.256 60.452 -310.735 0.925
-68.491 94.525 -421.651 1.096
27.740 89.852 -352.798 1.020
94.889 31.880 -318.284 0.951
89.100 -68.654 -488.779 1.128
96.161 -68.549 -328.718 0.969
-51.179 -68.972 -327.459 1.018
-41.190 -88.880 -331.836 0.914
1.152 -59.031 -314.433 0.833
2.341 77.026 -379.087 1.179
38.905 62.448 -490.619 1.100
-55.542 24.106 -327.397 0.917
63.505 11.355 -478.491 0.811
35.952 -97.024 -435.539 0.969
-44.565 98.752 -401.090 1.029
-88.680 -9.379 -497.686 0.901
36.731 -51.012 -493.410 1.036
-62.272 61.105 -467.729 1.064
24.591 31.023 -389.460 1.011
-59.075 0.531 -393.192 1.066
58.964 -61.915 -383.113 1.049
-37.916 -10.388 -394.846 1.074
52.362 -26.150 -479.977 0.944
88.009 -78.789 -324.348 0.957
-25.833 22.099 -308.406 0.942
4.420 12.454 -483.950 0.980
-74.131 47.948 -344.561 1.123
80.289 67.698 -358.011 0.868
76.181 -54.698 -322.304 0.923
-25.319 -7.380 -336.071 0.930
-4.614 63.445 -393.828 0.959
-74.180 11.396 -411.015 1.047
52.025 -98.771 -363.226 0.849
83.582 -68.956 -393.213 0.986
93.126 40.469 -410.379 0.966
-25.400 40.489 -340.128 0.967
47.277 16.414 -441.054 0.947
79.484 34.124 -454.050 1.079
30.362 -88.467 -347.997 1.007
53.651 -52.250 -369.220 0.964
-4.243 2.981 -365.862 1.136
0.657 -19.028 -407.729 1.007
72.462 8.078 -347.669 0.796
-2.890 72.531 -321.502 0.886
54.901 -73.902 -497.884 0.849
51.947 6.546 -478.902 1.125
22.231 4.352 -307.491 1.189
-32.476 -34.927 -349.275 1.106
56.049 40.453 -472.075 0.876
22.564 18.324 -333.109 1.034
1.487 -32.240 -383.852 0.997
-1.965 -70.033 -304.960 1.142
-15.547 -63.544 -370.988 1.009
66.804 77.197 -381.972 1.196
-40.288 -37.360 -332.060 1.262
96.225 75.875 -415.412 0.896
-87.792 -18.129 -435.914 0.956
42.605 -21.895 -433.398 1.209
-48.191 56.203 -485.336 1.068
47.478 -87.639 -417.714 1.075
-48.029 -63.842 -431.585 0.832
-46.159 -99.278 -378.674 0.994
64.786 -42.225 -385.503 1.076
51.060 -37.556 -388.743 0.864
29.742 40.372 -387.458 0.923
60.514 7.401 -488.457 0.957
-47.906 28.166 -352.075 0.940
-88.987 33.460 -383.315 0.946
-14.667 -6.082 -371.652 1.004
-71.536 -97.192 -312.347 1.091
54.198 59.890 -331.037 1.031
67.339 64.754 -470.690 0.941
-65.966 -18.982 -409.553 1.097
76.197 -70.918 -332.176 1.151
-40.185 -49.561 -401.275 1.051
76.983 -22.048 -326.826 1.113
87.856 63.341 -460.149 1.198
29.818 -66.574 -421.153 0.932
-21.387 57.288 -423.199 0.907
-0.457 -48.664 -465.918 1.086
34.259 61.258 -300.567 1.066
94.356 -94.259 -336.444 0.972
-98.064 90.619 -422.943 0.953
-20.596 -39.939 -416.511 1.025
10.535 56.714 -455.292 1.036
65.025 -20.581 -398.310 0.898
-65.422 12.285 -399.392 1.233
-90.537 57.424 -403.995 0.991
59.729 98.255 -465.305 0.990
-59.888 -75.873 -382.624 0.994
16.710 -72.800 -478.758 1.052
-39.124 -68.520 -384.587 1.018
81.881 -96.817 -305.729 0.976
54.983 -59.748 -350.831 1.140
-1.549 -38.166 -493.914 0.913
84.030 -7.639 -360.604 0.847
63.267 11.447 -459.047 0.878
-21.273 -62.075 -372.592 0.796
65.386 22.683 -375.174 1.007
-26.745 0.256 -472.142 0.925
-26.167 9.359 -403.711 1.005
-17.474 -34.140 -321.702 0.902
-16.964 -32.619 -361.883 0.850
-19.027 42.664 -457.204 0.991
87.038 -47.807 -371.314 1.054
-89.478 87.674 -487.544 1.173
64.415 22.969 -349.965 0.849
97.553 -12.848 -316.093 0.992
2.720 -6.128 -495.586 0.974
54.478 -96.242 -439.858 1.077
-30.541 -19.305 -343.951 0.931
-53.319 91.678 -407.789 1.084
95.869 -56.789 -418.829 0.970
38.086 12.994 -369.665 0.947
48.058 -31.566 -468.717 0.917
-5.361 79.828 -327.962 1.027
-4.355 44.836 -472.703 0.841
-29.766 -65.098 -316.511 1.061
-16.607 75.200 -455.576 0.920
87.698 -33.838 -496.506 0.860
8.670 33.941 -458.993 0.990
79.930 -38.192 -320.376 1.058
84.571 27.077 -436.351 1.083
-5.579 30.910 -319.036 0.923
16.383 88.701 -316.988 0.974
-97.333 -20.110 -325.787 0.948
87.811 -9.609 -493.176 0.977
11.355 33.907 -428.828 1.024
-55.592 -15.737 -441.284 1.089
45.136 -99.004 -331.064 0.966
-27.702 36.694 -442.247 0.967
12.620 -82.993 -328.403 1.233
72.722 95.192 -447.280 0.883
25.083 -28.226 -494.846 0.987
80.057 95.404 -465.727 1.079
-53.363 -65.167 -313.907 1.001
-66.021 -29.288 -303.033 0.773
-39.751 -52.605 -334.619 1.109
96.260 54.412 -317.858 0.843
-91.681 -58.640 -464.950 1.061
15.049 -72.543 -430.913 0.972
34.226 73.126 -415.210 1.206
-22.960 15.560 -349.068 0.902
-26.693 -35.128 -359.782 0.900
-45.584 -48.253 -332.947 1.091
-70.941 69.169 -429.950 0.879
-87.121 72.339 -343.905 1.133
89.319 94.008 -337.527 0.857
33.424 -12.427 -403.726 1.007
-56.272 31.523 -322.422 1.070
88.018 71.205 -445.254 0.974
33.637 37.737 -357.549 1.033
-31.178 80.960 -493.095 1.011
-8.276 -67.451 -322.049 0.996
0.009 -71.434 -407.526 0.957
67.180 37.185 -439.411 0.913
79.431 49.786 -377.597 0.908
53.188 22.637 -355.678 1.095
15.512 29.407 -354.606 0.935
47.096 -3.151 -438.429 0.744
-20.123 -63.530 -447.331 0.934
-25.446 2.523 -399.609 1.076
86.004 78.280 -302.712 0.905
-60.054 -30.975 -444.471 0.787
50.400 19.714 -339.769 0.953
21.481 -6.884 -491.179 0.997
6.778 -51.331 -485.763 0.859
4.099 -27.030 -461.224 0.861
28.878 -27.045 -470.350 0.945
-10.489 23.959 -348.664 0.955
80.526 5.116 -404.435 0.967
-34.652 -65.700 -382.909 0.976
22.352 49.365 -477.419 1.002
-28.212 -55.629 -408.378 1.026
46.550 -59.936 -328.618 0.972
65.943 -12.524 -461.069 0.973
-38.710 -94.185 -442.393 1.058
12.663 47.427 -390.820 0.835
-66.976 -31.834 -336.836 0.955
-59.287 -63.501 -309.639 1.010
27.307 -4.091 -329.088 0.913
24.879 76.614 -450.676 0.997
-7.862 66.337 -355.490 0.816
-19.399 48.749 -356.321 0.904
-14.432 -99.665 -437.087 0.906
93.148 -16.994 -312.641 1.201
77.076 46.312 -434.164 0.968
31.603 -53.197 -301.848 1.046
21.638 28.752 -442.835 1.136
-37.176 -95.343 -456.898 1.011
27.428 84.308 -323.116 0.986
10.387 -93.586 -385.883 1.106
20.719 -8.587 -438.739 1.063
9.715 -82.194 -419.289 1.070
-62.812 -7.393 -432.919 1.059
-67.159 -44.312 -347.117 0.941
-96.808 -32.615 -428.806 0.990
27.198 -4.243 -495.735 1.156
70.734 54.519 -335.169 1.074
-64.677 37.550 -359.013 0.998
27.361 88.814 -471.683 1.157
55.266 84.606 -474.671 1.059
61.693 98.631 -414.150 0.866
-37.796 -25.764 -400.567 0.932
-27.089 -49.187 -332.130 1.052
51.772 20.432 -336.509 1.041
80.772 30.534 -366.927 0.911
-40.407 70.607 -353.043 1.033
81.420 63.284 -303.906 0.905
-6.780 -32.779 -495.982 1.106
92.656 79.444 -435.575 1.018
45.227 -7.871 -336.944 1.079
74.308 7.608 -407.996 1.037
-27.149 35.374 -411.450 0.840
-52.102 73.523 -404.860 0.822
66.036 25.997 -315.716 0.860
-40.183 3.986 -346.698 0.930
-47.085 -33.560 -384.529 1.096
74.033 -13.995 -354.747 1.069
-73.873 -8.498 -455.556 0.893
-28.667 73.408 -409.250 1.107
-25.094 20.803 -433.495 1.144
38.794 47.363 -393.452 0.765
45.763 10.547 -338.608 1.012
36.225 -95.863 -309.591 0.994
-17.688 90.483 -374.168 0.888
-97.774 -7.331 -349.729 0.950
20.063 33.278 -437.343 1.117
25.521 31.379 -378.152 0.896
41.532 62.409 -325.768 0.943
-86.524 83.527 -458.503 0.926
84.242 3.399 -494.457 0.898
58.399 -3.681 -378.310 0.817
-20.427 -58.439 -483.782 1.088
27.666 49.440 -350.661 0.933
93.430 22.240 -364.706 0.994
