-63.144 -93.448 -303.930 0.983
-63.981 -30.106 -393.228 1.063
65.768 74.201 -333.952 1.089
-71.081 35.157 -409.526 1.090
-38.522 -24.448 -431.624 0.951
8.088 7.711 -420.116 0.892
30.014 -45.470 -359.981 0.926
-47.980 63.838 -309.079 1.001
-55.213 -92.077 -427.046 0.836
-26.204 -95.196 -377.749 1.086
23.074 -30.919 -323.003 1.135
-99.517 -70.240 -447.544 0.821
18.362 59.035 -368.022 1.020
66.495 18.723 -453.025 0.943
-63.613 3.173 -468.337 0.856
73.890 -44.352 -480.922 1.058
-51.399 -28.779 -368.386 0.976
83.470 63.447 -309.639 0.980
22.108 31.236 -368.488 1.046
28.385 -27.669 -318.416 1.051
8.516 -14.077 -345.510 0.980
-73.621 38.693 -408.896 0.949
-66.820 57.348 -327.891 1.186
71.928 -48.970 -445.877 1.109
36.237 -68.662 -393.941 0.915
-2.051 6.643 -423.652 0.901
44.523 -8.695 -486.172 1.058
-75.940 -76.207 -387.885 0.910
46.178 32.726 -307.240 1.058
-70.106 -47.420 -380.016 0.971
-13.885 50.560 -335.282 1.087
45.515 29.679 -381.414 0.929
-7.337 63.971 -329.201 0.980
60.111 -23.607 -357.116 0.994
-96.588 -17.723 -375.576 0.803
-56.008 96.592 -329.261 0.939
-63.167 6.778 -448.170 0.962
59.082 59.669 -358.351 1.038
-47.323 23.435 -303.087 0.854
16.690 -18.106 -403.433 1.178
-1.562 -10.030 -328.411 1.154
-59.729 -24.603 -446.439 1.007
-90.028 -83.356 -423.616 0.962
-79.544 -75.205 -338.798 0.972
-37.209 -1.456 -419.061 0.915
-21.930 18.780 -381.764 0.962
5.437 -0.900 -422.315 0.925
41.819 86.335 -389.560 1.000
78.000 93.393 -396.506 1.159
-85.805 87.408 -491.887 1.020
44.843 -77.391 -499.696 1.009
53.534 -17.019 -418.858 1.007
44.227 9.106 -368.851 1.104
-33.449 -59.372 -444.499 1.058
20.518 -41.556 -367.968 1.042
38.287 84.998 -491.810 0.904
-31.083 86.626 -356.999 0.890
86.175 -30.995 -438.272 0.932
35.879 -89.186 -361.285 0.978
-70.781 -8.099 -484.094 1.000
8.119 29.436 -495.118 0.972
56.350 -91.869 -437.644 1.055
-24.396 -74.512 -456.979 1.019
24.922 -70.609 -331.217 0.780
71.466 25.112 -307.455 1.092
-20.858 -48.073 -318.921 0.972
-27.670 -75.231 -474.018 1.092
61.219 26.279 -415.893 0.765
65.856 92.909 -306.643 1.176
32.887 -20.389 -394.408 0.964
-43.037 24.054 -437.984 0.814
17.631 -32.265 -367.863 0.895
56.461 81.495 -388.320 0.863
-28.506 -17.693 -395.529 1.049
-92.679 -75.289 -369.563 0.959
-92.152 75.365 -456.825 0.968
-3.361 -36.170 -357.200 0.896
42.082 34.168 -452.340 1.091
17.099 -83.802 -415.960 0.944
72.087 -41.549 -370.863 1.240
90.971 78.637 -347.713 1.182
-95.054 -14.121 -406.015 0.956
-8.868 -35.952 -354.514 1.150
43.939 -21.347 -329.807 0.906
-23.013 49.805 -300.889 1.002
-31.889 -70.780 -476.850 1.057
88.832 82.064 -442.399 0.999
-40.695 60.623 -334.486 0.944
-98.438 61.329 -360.448 0.919
-2.824 64.595 -374.761 0.839
30.454 -14.688 -496.435 0.961
8.259 29.489 -380.063 1.094
-27.543 61.501 -382.081 1.099
87.788 24.596 -306.001 0.964
-47.400 79.099 -367.801 0.933
90.181 -87.268 -368.577 1.047
53.448 -74.445 -405.212 1.128
20.894 -16.528 -429.100 1.136
-63.837 -53.520 -408.098 1.013
78.355 11.342 -439.024 0.993
30.212 64.916 -492.035 0.961
-6.475 41.949 -408.082 1.116
-71.253 -6.360 -359.059 1.027
-15.612 1.630 -471.689 1.091
-24.954 -75.366 -309.910 0.889
-0.926 -85.627 -460.963 0.794
-13.889 37.098 -494.355 1.100
18.418 83.054 -341.679 0.991
25.131 -23.124 -437.212 1.036
62.847 -46.491 -449.340 1.100
-87.561 64.153 -483.217 1.061
21.815 53.030 -337.755 0.908
-90.499 75.294 -339.201 0.884
56.655 47.482 -485.648 0.994
-88.117 -83.459 -460.306 1.153
-64.399 -16.823 -390.715 0.898
97.346 -57.110 -301.003 0.983
92.567 40.095 -457.222 1.069
39.484 -48.221 -440.348 0.928
10.448 -39.012 -473.203 0.901
63.526 -16.338 -300.838 1.068
-76.897 54.149 -338.687 0.989
-50.492 -6.652 -330.715 1.041
3.887 -75.653 -404.687 1.073
13.527 88.265 -372.990 1.072
-82.184 -55.755 -316.654 1.148
55.776 63.746 -382.335 0.975
96.442 11.255 -428.148 0.677
-15.437 1.287 -372.279 0.998
65.673 -28.686 -314.782 0.993
-28.986 -98.901 -394.081 1.024
17.924 22.786 -465.634 0.935
-91.834 -5.729 -308.412 0.871
13.308 -66.393 -392.364 1.009
70.315 84.901 -338.407 0.917
46.924 97.009 -492.242 1.102
-43.822 40.271 -392.606 0.903
74.563 -47.197 -386.164 0.967
47.501 -50.807 -455.116 0.971
-90.262 31.424 -370.765 1.051
-49.682 -16.809 -457.505 1.093
-2.092 74.900 -377.548 1.160
-90.325 83.333 -308.245 1.058
69.966 -21.339 -317.348 0.852
37.003 95.404 -369.753 1.053
87.747 -91.194 -372.643 1.165
67.290 98.108 -450.158 0.804
-67.568 49.053 -470.866 0.885
-58.869 35.991 -363.783 0.974
78.905 34.145 -384.250 1.083
83.765 -40.940 -300.813 1.029
27.774 -99.449 -423.537 0.938
16.478 -56.729 -340.412 0.976
-13.122 53.498 -493.590 0.929
-46.102 -94.967 -495.553 0.946
-89.443 87.837 -379.323 0.962
-6.067 -57.661 -473.327 1.093
54.767 -65.660 -301.350 1.056
38.420 -99.851 -450.390 1.069
39.912 30.071 -314.675 1.063
64.065 -65.596 -420.563 1.131
-36.926 52.597 -320.564 1.128
-68.376 -77.764 -455.374 0.923
-42.975 31.457 -496.397 0.997
-50.001 -76.607 -379.963 0.940
-51.828 -56.488 -480.314 1.019
92.948 -30.918 -388.178 1.016
-52.277 -7.608 -412.649 0.813
-37.496 -75.311 -336.583 0.935
-18.677 4.874 -476.385 1.032
-10.953 -49.978 -382.599 0.801
64.985 0.560 -341.645 0.964
-21.367 19.620 -374.291 1.156
99.698 -1.330 -323.076 1.040
52.755 -14.957 -482.119 1.002
-74.069 54.303 -490.319 1.060
89.947 20.751 -371.090 0.954
-85.814 29.008 -441.989 1.041
-46.520 92.769 -405.506 0.828
-97.102 68.872 -406.686 0.958
-32.815 42.494 -343.729 1.203
13.505 -26.972 -479.809 0.835
-99.434 -92.993 -384.158 0.932
-52.951 37.244 -345.563 0.899
-73.542 22.642 -373.316 1.098
0.346 1.402 -342.355 1.007
-76.854 65.399 -394.602 0.944
-85.570 -97.714 -324.191 0.999
39.623 -81.770 -362.954 1.092
12.025 -76.394 -306.221 1.030
-72.926 50.701 -319.482 1.016
92.865 83.268 -495.053 1.075
31.890 -20.183 -373.404 0.902
-1.217 -68.612 -429.712 0.891
-93.374 -33.982 -343.041 1.000
72.359 -74.795 -411.329 0.994
-51.560 7.945 -490.800 1.108
-25.396 -59.922 -443.201 0.878
-15.185 -70.434 -442.565 1.023
-60.029 22.403 -392.468 1.032
