-95.763 95.922 -334.251 0.887
-47.568 51.957 -482.929 0.883
23.484 91.076 -362.586 0.900
-65.970 -17.951 -455.536 1.020
-52.274 94.357 -402.617 1.043
-56.805 -56.967 -320.853 0.908
53.060 73.043 -479.061 1.151
1.987 92.035 -488.385 1.012
-95.461 -38.512 -321.215 1.013
-23.820 -95.045 -333.409 1.012
37.641 18.387 -381.443 1.173
-73.323 19.467 -476.381 1.057
27.387 -11.270 -435.344 1.003
70.658 57.527 -417.481 0.927
-94.369 -85.399 -441.006 1.090
94.872 12.006 -458.622 0.868
57.912 61.595 -315.791 1.034
-57.902 9.337 -413.668 1.017
51.912 67.842 -474.299 1.152
90.120 56.788 -397.759 0.992
-28.126 50.167 -392.360 1.183
14.183 12.702 -455.640 0.985
14.493 19.665 -425.395 0.795
59.200 -66.860 -308.408 1.013
-50.223 -55.090 -402.624 1.037
-88.191 -3.309 -371.923 1.022
17.061 -61.929 -396.455 1.030
-83.611 15.798 -481.423 1.042
-79.525 16.779 -383.826 0.993
25.688 -84.607 -486.472 0.986
65.342 -36.517 -453.492 0.943
88.943 -69.206 -490.639 1.058
90.363 -6.631 -379.808 0.873
-69.636 83.703 -345.662 1.010
80.966 -8.733 -365.427 0.957
-30.008 -31.687 -405.126 0.887
-46.307 4.337 -331.452 0.871
-10.097 13.514 -407.571 0.953
82.303 -89.914 -368.305 1.092
-58.949 -28.243 -362.881 1.154
-79.163 38.675 -306.170 0.878
41.781 -83.269 -377.201 0.806
-70.044 35.105 -431.958 0.925
61.461 -16.590 -484.514 0.834
-91.111 -89.400 -343.598 1.002
-20.111 -76.455 -450.788 0.950
-90.402 52.409 -466.167 1.126
-17.758 -63.495 -397.710 0.967
26.370 -13.099 -384.553 0.916
22.397 42.716 -434.215 0.943
43.624 -67.942 -301.968 1.120
-98.815 -91.120 -321.247 1.067
-64.760 -49.036 -469.071 0.921
-67.851 -82.862 -313.503 1.113
98.849 95.823 -426.803 1.073
-75.422 36.180 -319.124 0.923
-4.434 -53.598 -370.113 1.245
-99.610 -57.180 -379.492 1.059
-49.309 -73.910 -387.737 0.874
-65.568 86.419 -305.264 0.846
-18.040 36.928 -359.931 1.122
9.125 -50.180 -474.786 0.917
5.036 47.691 -430.679 1.035
-81.021 67.789 -455.626 0.971
-69.617 7.454 -488.476 0.734
-90.555 -6.783 -367.456 0.979
-21.650 26.317 -488.050 1.026
-91.593 -34.621 -477.311 0.899
-76.725 -90.769 -485.004 1.181
-80.865 6.771 -315.579 1.006
84.447 -60.108 -335.009 0.962
16.864 48.460 -310.124 1.006
-68.140 69.583 -328.685 1.103
17.078 61.297 -429.555 1.291
20.660 -91.664 -317.753 1.032
10.819 54.105 -490.355 1.000
-61.035 -78.480 -350.042 0.949
-54.539 -26.601 -300.543 0.790
-78.362 13.811 -349.252 0.932
-55.968 -82.706 -499.214 1.027
-43.429 10.328 -421.807 0.813
22.201 -18.913 -462.778 1.158
28.580 -13.478 -377.698 0.970
87.452 -59.075 -315.252 1.070
9.567 1.171 -459.910 0.913
96.798 99.639 -398.873 0.849
30.676 -39.542 -425.245 1.031
18.026 -69.218 -490.677 0.847
19.844 -71.817 -337.845 1.082
-15.105 21.923 -367.570 0.774
11.667 -63.952 -452.028 1.146
59.400 83.052 -414.187 0.833
54.546 67.241 -466.458 0.891
24.728 -1.004 -338.263 0.973
84.127 88.222 -456.059 0.966
-53.215 19.487 -377.551 0.984
-38.376 11.423 -475.258 0.939
-31.386 75.502 -449.973 0.974
38.023 -99.478 -457.315 1.174
57.543 -40.534 -302.923 1.112
56.619 72.153 -441.646 0.941
76.897 29.966 -452.733 1.033
-60.708 -68.460 -415.709 1.066
-83.538 -77.724 -409.195 0.994
99.239 35.570 -325.386 0.891
-18.660 59.224 -377.282 0.947
56.768 -40.823 -487.967 1.118
43.789 -84.306 -364.132 0.918
76.752 84.526 -394.673 0.935
-97.297 -49.233 -425.229 0.846
24.536 -61.155 -308.024 0.937
7.184 50.930 -307.327 1.087
30.253 -7.191 -363.403 0.826
-11.850 -3.038 -399.478 1.123
-55.794 -73.612 -384.040 0.889
-26.235 18.887 -307.683 0.813
81.487 -44.406 -372.758 0.903
-23.219 88.207 -435.787 1.081
71.635 19.853 -441.233 0.881
77.250 10.551 -372.848 0.945
-58.075 -64.189 -492.675 0.843
42.024 -79.741 -362.327 0.952
43.353 -18.565 -400.035 1.124
92.247 66.243 -354.037 0.979
-9.624 -17.906 -345.238 0.977
86.279 75.736 -378.330 1.054
-66.576 -0.848 -372.337 1.189
94.951 46.221 -378.364 0.986
-8.916 -26.062 -354.957 0.913
78.588 -9.574 -396.846 1.039
-81.494 40.201 -327.039 1.111
-24.732 -59.071 -323.826 0.924
-82.601 -52.352 -341.890 0.896
47.830 86.615 -367.673 0.807
-74.354 -59.811 -319.275 1.032
80.479 81.879 -411.193 1.000
93.454 -70.115 -431.741 0.866
-18.804 -76.038 -395.679 1.081
13.520 -98.372 -492.098 0.935
47.989 -34.574 -460.802 0.963
64.569 37.231 -363.435 0.919
-2.557 70.440 -470.609 1.123
11.099 67.186 -326.004 1.015
-3.082 27.625 -335.331 0.961
-61.725 -15.051 -329.610 0.957
54.078 -5.059 -457.959 0.912
-62.508 -14.286 -410.328 1.186
28.364 -28.369 -404.039 0.944
62.223 -5.896 -373.306 1.010
44.121 2.769 -310.868 1.074
-24.616 -56.351 -337.423 1.004
-81.971 -91.019 -311.502 0.989
-69.161 52.618 -369.036 0.951
-85.923 -70.582 -302.334 0.926
72.798 -54.198 -418.278 0.980
-20.624 75.285 -457.963 1.059
38.437 -82.139 -356.006 0.997
-32.507 10.547 -461.354 1.147
-8.986 38.017 -303.665 1.070
10.048 21.281 -396.047 0.990
-82.425 -42.415 -307.671 1.137
-19.522 -99.465 -470.757 0.933
73.880 -65.039 -380.150 0.983
19.916 -15.762 -407.155 1.184
-8.222 -36.765 -408.776 0.886
-93.555 -21.798 -452.946 1.087
65.382 44.811 -497.102 0.814
17.529 63.976 -352.773 0.928
53.264 -91.723 -344.210 0.987
28.723 14.697 -315.427 0.979
70.753 -79.293 -419.450 0.921
64.327 7.555 -345.490 0.990
-35.728 -26.596 -439.742 1.039
68.336 33.453 -381.826 0.968
-22.489 61.060 -483.475 1.056
-3.942 6.850 -470.721 1.028
48.799 39.329 -338.515 1.098
-79.529 19.287 -478.573 1.080
-35.096 -79.261 -418.858 0.848
45.939 -49.609 -404.505 1.088
-24.181 -82.571 -390.249 0.969
23.590 -71.170 -416.952 1.179
-79.125 -78.430 -363.003 0.848
-22.087 -54.527 -329.158 0.904
41.777 -84.101 -369.352 1.013
-25.665 86.006 -423.422 0.946
73.648 -22.125 -332.284 0.869
-85.799 -13.389 -419.263 1.006
10.450 -36.853 -462.809 0.982
10.017 -59.095 -438.815 0.897
-63.717 -12.885 -427.281 0.962
56.837 -91.875 -464.909 0.848
-88.173 64.385 -478.510 0.988
-41.637 97.694 -326.271 1.239
-28.645 43.660 -375.246 1.139
30.797 28.665 -402.042 0.986
-25.790 -68.469 -365.213 1.172
93.032 -12.108 -319.854 0.908
33.490 2.770 -354.219 0.877
35.392 52.787 -473.140 1.012
