-39.642 22.535 -322.771 0.982
56.762 -64.676 -407.484 0.948
-47.062 49.614 -301.876 0.773
59.851 73.416 -419.467 1.137
-37.189 -51.428 -412.912 1.012
-32.350 -26.290 -376.613 1.328
-27.419 65.870 -380.277 0.972
33.064 69.834 -305.024 1.005
67.793 39.891 -313.605 0.882
78.475 41.476 -481.708 1.027
-16.273 47.097 -469.909 1.231
-10.067 -20.813 -315.753 0.904
-18.734 80.258 -456.875 1.096
-16.436 4.648 -490.418 1.085
43.689 59.504 -425.759 0.901
86.784 81.615 -369.064 0.782
13.232 87.040 -471.732 1.020
-47.606 61.085 -348.666 0.933
-46.198 59.606 -321.836 1.273
37.976 -40.877 -448.317 1.078
-7.072 31.800 -438.507 1.078
45.105 60.030 -380.215 0.912
-64.575 -79.387 -341.310 0.971
87.099 88.972 -471.806 0.940
30.729 28.529 -339.287 1.079
-29.424 66.161 -300.463 0.908
-88.387 -49.515 -329.471 0.993
84.683 71.382 -310.248 1.066
23.737 -78.257 -447.663 0.867
-5.225 47.265 -436.585 0.937
25.533 74.109 -352.001 1.064
51.416 -97.690 -451.786 1.063
24.063 20.670 -444.026 1.098
84.866 -92.734 -334.095 0.951
-42.850 -91.898 -380.642 0.949
-47.803 -15.767 -329.715 1.000
23.907 -86.108 -309.795 0.822
40.778 -81.464 -372.017 1.216
6.620 -12.906 -372.647 0.871
89.706 53.667 -478.395 0.922
-31.434 -67.897 -358.223 1.042
27.933 -54.406 -393.764 0.952
69.985 -87.834 -485.061 1.024
-21.397 4.839 -497.832 0.955
-23.551 -44.402 -479.852 0.896
-62.423 -25.650 -348.773 0.976
-21.670 19.192 -391.172 0.978
54.205 73.465 -431.847 0.971
-37.030 -81.042 -341.498 1.257
-9.985 -4.573 -313.605 0.990
-79.436 -18.981 -365.439 0.924
-29.484 72.552 -368.442 0.895
-10.538 -67.217 -484.677 1.086
-92.443 -28.248 -362.748 0.970
40.604 -62.898 -302.469 1.038
-75.295 74.408 -485.789 1.020
-97.654 32.979 -474.559 0.978
68.876 -50.965 -305.548 0.935
-31.715 -58.141 -301.039 1.044
51.025 56.640 -434.917 1.048
82.740 81.828 -457.655 0.861
-93.866 86.426 -405.762 1.022
43.531 -78.993 -376.245 1.028
-96.146 -63.596 -421.069 0.860
5.926 -34.936 -414.119 1.142
-96.326 -43.199 -352.237 1.006
-21.210 14.941 -375.202 0.814
-82.820 78.820 -492.360 1.065
-20.187 33.788 -435.987 0.831
-32.282 75.304 -471.263 0.914
40.485 -70.941 -385.902 0.982
-77.879 64.165 -375.695 0.986
29.715 43.081 -363.060 0.827
17.015 -71.678 -332.582 1.082
-8.339 7.178 -368.868 1.048
-74.115 16.890 -484.124 1.062
33.998 39.924 -467.001 0.853
79.262 -64.971 -430.593 0.861
-79.434 -11.610 -323.735 0.970
87.210 -76.598 -330.743 0.905
-46.032 78.975 -488.639 0.793
-28.576 68.993 -436.595 1.089
-84.275 54.400 -399.772 0.788
35.577 -58.683 -384.214 1.007
20.459 -81.913 -450.514 1.144
-40.706 -58.893 -363.365 1.090
56.456 -93.520 -346.954 1.092
-79.283 -82.014 -411.990 0.878
83.580 23.309 -459.837 1.155
18.448 15.463 -437.772 1.165
-15.723 -49.994 -351.373 0.950
4.483 82.739 -476.644 1.050
-52.134 -45.897 -350.922 0.780
-28.165 -66.513 -442.500 0.842
-77.432 -27.307 -419.907 0.944
43.182 -34.926 -468.526 1.003
99.519 -29.934 -382.475 1.070
58.955 -63.114 -437.220 0.930
-86.143 -9.792 -444.046 1.030
-28.005 91.011 -423.703 1.053
33.432 11.216 -338.255 1.102
-53.199 -19.184 -487.369 1.095
89.557 76.156 -427.601 0.946
-57.546 -73.556 -386.667 1.062
-39.386 69.977 -425.068 1.039
-81.019 -94.052 -388.241 0.972
29.488 7.340 -379.908 1.056
-7.646 -81.670 -481.192 0.980
3.048 95.170 -363.803 0.871
17.137 12.475 -433.365 0.918
-80.226 -6.187 -483.009 1.037
16.459 96.463 -398.028 0.932
-75.351 51.708 -458.333 0.947
76.542 -40.580 -358.869 0.869
-13.409 -50.859 -455.331 0.804
1.714 -42.810 -448.264 0.951
-62.962 68.765 -447.599 1.148
-58.476 7.956 -349.078 0.945
55.951 -2.854 -317.047 1.179
-5.149 73.991 -446.626 1.088
87.588 -93.222 -335.003 0.863
-64.433 6.591 -475.358 0.925
54.466 40.816 -491.809 1.087
-16.806 -66.299 -340.995 1.046
-41.271 -38.373 -417.419 1.169
54.915 83.936 -418.486 1.144
80.726 43.989 -464.987 0.986
42.822 -58.370 -412.504 0.859
-84.414 1.165 -461.376 0.966
-50.803 -45.890 -494.762 0.952
-35.728 91.901 -357.285 1.077
73.266 -77.252 -429.657 0.913
19.209 42.310 -399.734 1.005
-97.578 50.590 -488.318 1.175
50.719 -92.622 -461.870 1.038
-47.217 -5.034 -499.767 1.067
7.258 -67.799 -379.897 1.190
10.125 -2.275 -392.057 1.119
-64.837 90.165 -483.342 1.214
40.981 65.651 -387.140 0.936
50.636 -63.763 -377.642 1.100
67.339 -8.921 -314.568 0.979
87.551 98.466 -379.235 1.006
-80.752 -49.188 -410.159 1.008
59.336 -39.248 -317.573 0.897
-49.454 3.820 -309.619 0.949
23.879 -80.231 -300.983 1.012
44.104 -49.153 -445.272 1.080
6.857 31.862 -445.053 0.857
68.398 -44.536 -427.361 0.903
-45.314 -7.214 -424.165 1.072
51.162 -82.063 -399.754 0.914
96.728 -71.409 -446.552 1.077
-75.914 -55.266 -350.682 0.923
13.077 -69.950 -496.517 1.069
19.489 -30.790 -352.191 0.983
0.889 72.353 -421.147 0.999
-92.234 -23.396 -326.887 0.906
85.701 -1.314 -341.668 0.907
96.118 78.335 -440.339 1.135
-90.436 62.247 -348.233 1.047
-10.102 36.378 -493.355 1.146
56.807 -77.259 -333.305 0.969
-81.539 -63.366 -467.134 0.962
-72.538 -8.894 -376.539 1.070
-4.039 -93.025 -456.081 0.975
-52.012 -84.416 -320.722 1.112
57.859 -58.736 -313.893 0.931
67.334 37.522 -454.632 0.970
30.651 27.422 -468.129 0.979
-13.354 -21.450 -469.074 1.256
-90.393 34.679 -426.869 1.000
91.372 -61.329 -421.513 0.875
-75.427 -62.985 -390.072 1.137
-12.534 28.133 -319.393 1.100
-85.383 -32.219 -372.961 0.991
-77.153 97.344 -370.694 1.067
-82.921 89.577 -486.850 1.036
79.243 73.717 -470.953 1.036
-54.287 1.954 -381.887 1.031
-10.462 74.903 -460.307 0.898
-47.091 30.509 -364.452 1.060
78.103 47.311 -396.145 1.070
86.444 24.659 -467.498 0.927
8.779 -25.589 -337.624 0.987
-77.230 -55.415 -323.429 1.131
39.842 5.949 -304.686 0.775
-18.943 -48.337 -479.109 0.814
-32.559 -25.444 -473.918 0.970
67.555 -93.448 -363.130 1.109
17.565 37.745 -323.555 1.147
89.512 -96.023 -363.287 1.024
74.513 -88.345 -326.362 1.146
-10.929 14.518 -335.575 1.069
-83.843 36.251 -320.903 1.143
-21.138 35.806 -385.560 1.163
-76.273 -44.405 -467.075 0.947
-23.833 -5.937 -368.582 0.999
10.446 44.050 -384.266 1.039
-64.287 -28.723 -469.771 1.067
