-63.484 13.236 -435.949 1.036
-36.200 -92.398 -320.821 1.038
96.619 -57.300 -356.060 1.095
91.888 -10.236 -450.824 0.876
91.575 -60.599 -380.408 0.889
80.056 48.532 -441.718 1.231
-86.831 9.858 -323.850 1.141
79.927 -75.415 -482.518 0.897
31.457 48.152 -334.963 1.037
-19.031 -41.671 -451.299 0.899
92.338 -24.140 -410.161 0.947
-66.137 -90.289 -322.897 0.995
-81.534 2.655 -312.372 1.049
-58.749 -43.942 -418.862 0.929
82.740 -69.636 -379.565 1.078
-50.963 34.062 -385.501 0.982
-73.777 -20.106 -453.595 0.921
-3.660 18.436 -484.436 0.966
41.466 84.243 -408.030 0.860
23.509 84.275 -460.773 1.074
-70.690 43.781 -423.571 1.109
3.524 55.535 -337.553 1.088
-52.153 -32.982 -392.042 0.981
-26.427 23.039 -338.584 0.941
-72.325 67.428 -362.835 1.097
64.883 -92.090 -339.890 0.970
-20.105 21.157 -496.855 0.852
73.130 82.915 -420.506 0.908
41.489 28.235 -488.047 0.928
-57.238 -88.149 -378.785 0.980
-74.354 -19.939 -400.159 1.068
-95.935 -96.109 -308.248 0.963
-37.063 17.733 -328.662 1.053
-22.870 20.923 -305.472 1.044
52.328 -70.879 -415.363 1.075
-95.443 -3.181 -448.073 1.030
-76.231 -48.667 -422.734 1.007
-92.776 96.802 -365.361 1.270
33.920 14.374 -380.231 1.098
-96.158 -4.426 -441.766 1.090
-44.158 -58.369 -416.974 0.786
57.531 -33.810 -372.678 0.963
38.940 38.120 -427.941 0.920
96.818 -24.207 -456.046 0.937
-62.867 -2.620 -311.386 1.090
-92.990 2.984 -317.711 0.919
3.514 -73.571 -326.955 0.977
21.055 86.287 -445.471 0.855
-52.419 75.835 -418.406 1.019
-80.299 62.908 -321.248 0.854
-82.826 -22.284 -375.162 0.843
-11.527 -53.171 -453.587 1.029
60.745 17.460 -474.101 0.979
10.860 56.041 -386.064 1.101
26.950 -64.366 -426.447 0.944
50.000 4.843 -416.640 1.021
-48.757 -86.069 -487.394 0.855
65.777 88.932 -425.740 1.011
-5.864 50.768 -410.711 1.048
68.337 -93.874 -358.783 0.854
-82.347 -99.074 -420.654 1.125
-21.755 -80.081 -341.369 1.046
-88.502 43.354 -485.968 1.159
-39.308 96.179 -309.746 0.815
76.139 -70.357 -334.711 1.063
-14.621 -5.792 -447.137 0.948
60.596 50.622 -300.243 1.004
94.195 95.839 -320.397 0.912
59.148 84.540 -396.124 0.974
-45.974 -68.700 -368.619 0.774
-13.717 -53.124 -485.448 1.059
-20.088 -73.626 -332.965 1.037
53.711 -87.108 -420.577 1.018
56.466 19.159 -338.274 0.920
-87.183 -61.511 -471.138 1.180
-97.075 74.355 -306.836 0.833
49.469 -16.131 -477.415 1.075
-64.895 -78.344 -483.108 1.200
-65.672 -7.459 -323.171 0.830
-9.678 75.347 -476.274 0.982
-25.744 -43.174 -387.121 0.975
-93.561 12.967 -343.497 1.084
-96.359 65.787 -375.464 0.908
37.515 6.309 -463.761 0.943
30.899 -9.575 -303.144 0.959
-85.107 -28.466 -487.278 1.121
33.315 24.847 -332.248 0.913
55.333 48.773 -439.510 0.932
69.092 -77.907 -313.936 0.777
89.956 -5.964 -346.578 1.115
-31.717 -35.355 -333.251 0.944
43.100 12.709 -310.306 0.964
42.563 -32.796 -471.577 1.194
-31.168 -25.573 -336.151 0.956
-54.613 -6.854 -492.241 1.063
10.665 -39.965 -355.306 0.977
49.227 -84.309 -390.910 0.996
-97.385 -76.592 -361.595 0.913
95.491 -98.033 -497.962 0.937
-2.619 -3.708 -407.496 0.941
14.182 -89.338 -422.705 1.224
46.647 -51.905 -470.722 0.905
83.758 98.835 -350.915 0.904
-25.161 -96.215 -327.860 0.903
-79.059 43.483 -398.675 1.257
96.724 62.598 -487.416 0.919
49.387 -50.122 -399.116 0.957
-92.360 -12.598 -339.601 1.110
96.832 -24.045 -401.554 0.924
-47.933 59.577 -360.235 0.888
71.414 -12.855 -407.808 0.956
-32.403 -46.180 -326.903 1.097
47.131 85.430 -368.754 0.940
2.491 -94.467 -400.352 1.020
39.861 -66.223 -307.535 0.946
55.024 -48.389 -387.930 0.968
-12.586 91.457 -392.530 0.835
-92.722 -88.707 -373.035 0.927
3.755 -38.417 -304.932 1.094
-22.510 57.171 -447.624 1.048
-98.561 46.884 -371.504 1.091
80.805 -94.189 -433.230 1.007
-28.581 -7.881 -467.125 1.091
25.984 -46.025 -335.649 1.137
43.130 -8.019 -490.400 1.093
67.254 81.890 -393.019 0.967
36.999 51.393 -362.772 1.010
86.821 -72.216 -444.692 1.129
-99.259 -66.297 -320.437 0.914
-87.359 0.750 -401.928 1.038
-43.570 -40.903 -415.355 1.037
-79.392 -61.588 -482.392 0.999
86.202 73.238 -414.788 1.197
-23.177 10.942 -311.703 1.046
16.455 59.610 -336.458 0.823
-85.197 34.023 -309.679 1.031
4.502 -12.951 -438.716 1.052
-18.770 7.168 -440.274 1.058
7.125 -98.102 -486.229 0.953
49.562 9.709 -358.788 1.005
-80.624 54.821 -422.809 0.550
-31.053 54.614 -450.250 1.104
70.433 -60.831 -353.916 0.939
-32.358 66.500 -455.601 0.834
-30.537 -17.263 -340.521 1.057
-98.155 25.922 -477.261 1.041
-27.409 -8.786 -411.238 1.196
-16.996 57.542 -382.247 0.989
-10.968 -87.434 -365.364 1.051
71.944 -19.659 -439.664 1.066
-5.128 -88.073 -391.820 1.173
36.122 84.062 -436.802 0.908
-37.023 59.817 -463.332 1.003
-48.899 57.172 -488.548 1.010
-59.703 74.765 -470.217 0.933
-74.852 -36.357 -454.658 1.095
4.492 44.954 -326.069 0.805
-0.549 6.810 -350.749 1.125
-81.426 -18.327 -419.070 0.907
-80.755 -9.835 -369.957 0.921
74.615 -95.912 -452.101 0.949
7.627 -2.857 -430.347 1.072
38.671 -38.507 -454.697 1.122
84.614 92.255 -331.637 0.851
70.483 78.501 -344.686 1.153
-36.018 70.710 -481.252 1.202
82.484 -29.117 -403.998 1.038
-80.748 -72.098 -307.010 0.864
92.606 -20.229 -394.368 0.961
-75.242 64.051 -416.479 1.036
74.179 -90.448 -473.870 1.010
-73.180 51.835 -375.466 0.946
24.361 -57.444 -395.786 0.998
78.378 -86.069 -431.006 0.870
99.125 -4.818 -322.840 1.184
-27.699 -20.417 -371.969 0.934
13.597 -28.486 -465.091 0.874
61.444 69.415 -319.254 0.997
-93.942 73.379 -375.180 1.048
-55.334 -83.490 -385.171 1.015
-74.389 -21.831 -474.630 0.982
89.731 -69.399 -360.360 0.911
-61.164 -49.203 -349.893 1.063
38.644 49.808 -353.192 0.834
96.979 67.333 -326.375 0.915
-78.126 88.744 -465.782 1.139
-45.343 -57.384 -369.986 1.075
67.123 -37.709 -462.437 0.947
70.248 -64.856 -460.350 0.927
95.728 -7.547 -412.159 1.107
23.720 65.783 -340.433 1.035
51.242 -30.594 -354.519 0.978
-38.373 5.030 -409.887 1.015
-16.099 -32.622 -444.222 0.945
-28.738 -0.982 -469.089 0.972
-23.767 -70.653 -334.430 1.019
41.956 -61.093 -482.411 1.110
69.146 -1.562 -344.145 1.008
-87.385 -89.930 -315.537 0.875
77.264 43.943 -487.136 0.997
