75.541 76.386 -471.387 1.107
-55.522 -98.571 -344.517 0.920
37.794 57.427 -426.122 0.939
94.538 1.994 -364.057 0.906
-53.507 -47.304 -357.684 0.937
-59.852 -70.511 -452.880 1.224
-36.108 92.475 -417.357 1.047
88.905 57.378 -383.923 0.975
65.973 12.089 -408.596 0.902
32.757 -63.836 -494.622 1.093
-88.544 48.963 -330.091 1.086
50.024 -4.827 -359.082 1.011
-6.690 -24.765 -379.434 1.008
-54.540 -92.104 -346.613 0.857
87.035 90.860 -435.049 0.916
40.044 27.821 -418.284 1.024
16.572 88.036 -349.757 1.011
-75.894 -54.182 -439.578 1.057
33.617 0.856 -445.169 0.963
19.648 5.596 -311.698 0.906
-29.832 15.476 -436.459 1.204
-66.574 -69.484 -307.868 1.001
-61.150 -91.027 -474.577 1.042
94.569 98.407 -498.691 0.996
-26.592 32.027 -317.181 0.792
-74.821 -30.748 -348.816 0.866
-51.970 7.249 -423.811 1.112
8.550 -12.066 -407.749 1.083
4.383 -85.769 -300.088 0.892
91.105 -2.818 -332.549 1.056
-24.971 6.074 -322.795 1.134
-25.106 -18.316 -481.637 0.903
-83.202 80.611 -360.914 0.869
43.093 -48.634 -439.789 1.051
47.801 13.388 -398.741 1.117
84.371 -69.375 -413.223 1.034
-74.973 -45.603 -324.796 0.967
4.614 8.415 -413.280 0.969
53.133 21.269 -465.374 0.940
46.855 2.330 -441.488 0.921
8.911 -13.891 -368.866 1.104
-52.911 -33.252 -346.958 1.202
58.419 76.923 -442.943 0.947
86.898 77.346 -383.841 1.056
-59.426 -30.987 -366.861 1.001
91.084 -24.901 -423.909 1.001
50.785 57.534 -437.884 1.071
-67.711 -85.641 -333.058 0.969
3.674 -47.194 -352.405 0.833
-94.987 93.801 -374.198 1.064
48.350 2.447 -415.096 1.182
-99.841 18.178 -369.874 0.959
-12.118 47.417 -308.239 1.090
-92.523 -15.265 -463.624 0.973
75.373 0.427 -497.325 0.944
92.477 -77.215 -351.304 0.978
-83.334 -82.598 -486.416 1.034
-34.498 -60.587 -401.665 1.144
-13.575 47.466 -390.098 0.935
-34.010 52.170 -416.286 0.893
1.280 -70.178 -374.411 1.028
-44.908 -20.662 -458.496 0.893
-55.339 97.238 -491.016 0.887
-6.450 6.138 -364.579 1.024
-41.621 -91.806 -478.595 0.929
-83.101 38.823 -491.983 0.991
76.055 -42.538 -435.823 0.906
-42.524 -25.753 -492.118 0.970
-59.132 -79.602 -418.121 0.924
-86.647 -60.595 -425.205 0.922
-31.933 40.937 -472.651 1.038
-36.781 37.031 -450.872 1.009
-22.075 15.128 -438.387 1.014
-49.013 92.448 -434.602 0.937
-31.067 79.576 -332.980 1.050
34.658 -88.950 -430.140 0.965
-33.055 90.934 -479.897 1.027
16.636 99.131 -491.955 1.219
14.788 34.745 -307.703 0.813
-94.027 58.898 -388.444 1.000
-58.221 -5.471 -339.352 1.091
-89.722 33.768 -448.952 1.016
-41.602 99.144 -413.954 0.942
45.125 -3.583 -305.956 1.055
61.702 -37.475 -386.495 0.886
-70.996 -2.175 -404.810 1.002
22.679 80.490 -387.309 1.033
45.006 -19.299 -386.880 1.045
29.996 31.284 -415.560 1.165
-59.103 81.012 -376.395 1.236
70.694 27.351 -419.209 1.111
-94.957 -25.563 -372.723 1.032
0.745 -41.090 -342.601 0.875
38.790 95.343 -488.170 1.117
84.841 -82.101 -334.353 1.158
25.517 -15.715 -417.680 0.826
-29.567 -53.522 -357.057 0.944
88.909 -38.292 -432.374 0.843
75.196 -1.400 -366.549 0.836
-70.042 55.474 -470.314 0.957
-3.651 -48.035 -456.962 1.153
58.643 7.830 -415.107 1.160
69.618 5.951 -355.658 0.861
28.174 17.796 -380.089 1.037
-77.788 -27.184 -329.194 0.872
64.778 -19.458 -300.626 1.189
45.105 22.493 -365.806 1.041
-2.840 52.023 -489.311 1.104
21.917 13.588 -424.149 1.006
46.212 47.583 -483.936 1.129
-99.009 -66.756 -330.673 1.046
-41.975 25.276 -311.339 1.006
-85.449 26.928 -469.094 1.066
-4.942 -67.258 -397.493 1.184
-87.806 92.282 -479.713 0.973
-35.917 23.937 -415.707 0.908
-4.343 97.000 -475.684 1.055
41.260 -97.252 -320.462 0.878
-43.218 99.589 -482.360 1.075
68.974 -60.116 -449.552 1.083
-58.518 3.325 -300.783 0.918
-37.023 71.475 -449.810 0.988
96.721 37.798 -366.996 1.114
8.145 -63.624 -490.190 1.227
9.003 55.106 -364.292 0.980
49.767 55.367 -348.865 0.922
-93.730 52.236 -444.810 1.008
0.019 6.596 -492.095 0.958
-44.069 -1.155 -440.850 0.999
82.997 -46.426 -492.221 0.951
-73.969 -89.269 -402.581 0.943
85.551 -77.295 -486.358 0.989
-58.425 -15.846 -402.423 1.050
-87.549 74.299 -328.565 1.019
-42.304 -46.243 -372.386 1.188
17.679 -92.064 -381.486 1.025
12.757 -54.330 -485.323 1.152
32.036 -93.973 -492.773 0.881
9.913 -20.913 -419.368 1.202
63.260 59.234 -389.151 0.920
-20.677 -38.093 -350.531 1.086
-17.000 18.594 -309.945 1.027
99.760 19.750 -347.718 1.090
-92.690 -33.049 -447.220 1.087
-76.768 -18.260 -460.030 1.047
1.778 -19.840 -314.541 0.911
-62.088 51.228 -398.435 0.886
-45.326 -82.901 -449.094 1.025
13.263 -1.833 -328.998 1.054
-97.705 -78.646 -494.038 1.111
-34.222 51.337 -483.953 1.208
-76.270 -30.067 -494.227 0.926
73.273 -82.444 -472.175 1.028
-32.525 38.323 -487.137 1.153
-18.720 -68.777 -422.932 1.016
-68.362 -35.310 -364.958 1.058
76.165 -8.250 -356.388 0.933
-5.147 5.044 -483.548 1.042
-3.513 8.372 -433.137 0.949
-84.452 74.516 -369.018 0.970
-89.017 68.715 -437.892 0.826
-79.114 -73.989 -304.247 1.073
80.384 13.619 -304.340 1.004
-40.470 47.898 -387.323 0.929
-97.724 5.782 -349.794 1.048
-4.262 -55.179 -408.138 0.866
-87.786 -91.973 -347.631 0.970
-95.851 -58.220 -484.770 0.891
43.568 -41.360 -323.020 0.953
3.146 85.726 -490.281 1.048
42.563 59.487 -349.754 1.023
-67.016 -62.457 -406.073 0.951
7.087 -95.759 -339.116 0.964
-56.385 -26.883 -326.557 1.028
1.309 8.411 -405.118 0.961
50.781 -85.420 -390.474 1.081
-64.516 -58.264 -484.463 0.954
9.268 -87.922 -493.122 1.067
-21.921 -55.796 -418.463 1.068
37.334 70.879 -488.082 0.965
96.941 49.978 -408.424 0.997
-98.549 -78.570 -334.293 0.811
-25.939 30.799 -300.606 1.107
89.550 94.690 -378.115 0.953
61.353 93.061 -481.684 1.181
-86.851 -37.913 -421.479 0.817
-49.362 -46.518 -306.507 0.939
-75.040 60.353 -461.813 0.937
75.356 23.677 -349.894 0.893
70.018 46.911 -376.010 0.971
-18.531 -8.249 -376.154 0.906
-9.330 76.651 -405.604 1.227
94.789 91.776 -475.324 1.118
-66.202 2.829 -446.793 0.891
17.537 68.983 -401.271 0.956
-52.437 -32.140 -327.236 1.017
6.770 51.193 -394.760 0.978
-29.190 30.111 -372.088 1.056
-82.877 58.254 -362.084 1.057
89.516 71.236 -449.209 1.202
