49.586 72.811 -336.905 0.989
-50.114 -16.036 -492.526 1.047
71.150 17.093 -365.332 1.066
-32.424 -55.427 -468.507 1.019
-46.009 -39.164 -472.369 1.010
11.935 89.673 -332.768 0.949
18.686 -29.463 -339.439 1.067
-29.693 29.113 -488.277 1.190
-49.109 -92.556 -474.535 1.111
52.034 -96.533 -479.379 1.071
-3.553 93.642 -303.737 0.921
84.695 -46.141 -387.954 1.104
57.670 -83.845 -456.823 0.949
-86.552 33.007 -394.078 0.899
-9.019 -8.863 -347.271 1.063
-1.032 24.970 -337.286 1.148
26.872 86.929 -398.575 0.922
-52.184 -29.418 -469.969 0.973
-93.138 -72.980 -415.159 1.198
-35.393 -88.209 -425.920 0.922
35.909 -61.184 -456.770 0.904
55.950 8.867 -352.999 0.951
-61.357 -59.323 -324.287 1.178
-40.912 56.604 -419.918 0.836
-32.508 -45.773 -424.960 0.933
-23.879 -55.352 -441.980 1.209
47.474 -24.851 -430.514 0.955
-9.353 -25.485 -343.929 0.950
26.741 -35.630 -369.360 0.946
35.032 55.985 -359.951 0.878
-74.629 -90.862 -385.278 1.043
39.146 -34.300 -453.864 1.050
41.708 27.924 -493.906 0.959
22.988 -58.497 -363.175 1.076
5.442 91.385 -303.541 1.017
-47.702 36.878 -465.119 0.918
61.824 -38.579 -458.721 1.004
-5.134 73.723 -362.533 0.874
-69.047 -39.328 -337.139 0.897
22.896 -53.859 -300.861 1.025
97.044 34.880 -435.797 1.066
-46.079 85.905 -417.266 1.084
-61.961 36.130 -467.706 1.129
-51.642 42.320 -483.528 1.003
77.675 19.036 -363.022 1.114
-10.041 6.333 -306.705 1.061
-63.459 -19.757 -498.428 0.748
66.633 39.459 -435.801 0.971
-18.499 40.708 -441.192 0.967
12.965 -85.840 -396.251 1.105
87.380 -87.393 -348.204 0.939
1.179 -1.139 -346.255 1.150
-97.440 12.257 -440.510 0.875
81.801 93.858 -334.340 1.163
-30.243 4.522 -302.722 1.086
40.077 -46.932 -365.803 0.968
-16.370 19.976 -451.772 0.987
80.189 -3.379 -363.338 1.141
-26.181 65.477 -494.831 0.760
76.115 22.099 -381.332 1.131
50.259 -87.658 -452.677 0.663
26.581 12.112 -331.868 0.953
-53.312 70.493 -406.250 1.084
-23.028 -30.919 -350.630 1.158
-19.831 30.303 -338.038 0.835
36.363 77.608 -389.548 1.147
-18.600 62.899 -483.946 0.997
58.008 -56.462 -475.642 1.143
-99.937 -43.315 -443.035 0.862
99.124 32.419 -304.245 1.063
5.430 77.686 -305.190 0.931
-38.271 -50.633 -314.702 0.980
51.387 41.052 -483.525 0.995
-65.825 43.063 -482.146 0.904
60.134 12.708 -318.313 0.872
91.650 10.958 -336.960 1.041
-8.521 -29.530 -428.266 1.125
-60.925 -94.568 -383.248 0.984
61.698 -91.344 -488.775 1.000
48.179 27.513 -400.262 0.883
-2.449 55.253 -387.969 0.946
-87.998 -63.968 -430.024 0.819
50.686 -93.898 -477.518 1.003
98.224 -24.241 -487.600 1.146
-21.991 0.453 -483.748 1.031
-93.485 -8.698 -483.408 1.039
-55.094 80.400 -357.462 1.079
5.627 -55.472 -404.916 1.051
66.036 -73.898 -345.518 1.055
-87.153 54.597 -345.311 1.050
70.738 44.718 -483.937 0.992
45.768 50.075 -357.744 0.860
-56.125 -73.444 -309.549 1.160
87.139 -79.645 -485.725 0.692
36.572 -60.086 -472.867 1.150
86.778 58.972 -401.512 0.969
53.070 -90.378 -447.622 0.844
16.802 12.841 -306.529 1.175
-56.475 -71.098 -358.627 0.946
-54.044 -77.916 -324.190 1.079
-75.291 46.900 -308.436 1.001
-82.995 -69.806 -395.723 1.040
19.087 -26.247 -372.802 0.836
-86.969 7.359 -403.707 1.138
-39.110 -88.307 -303.428 1.064
92.573 71.650 -479.203 0.913
61.224 10.643 -361.637 0.955
17.119 -87.653 -392.873 1.089
78.978 9.599 -495.800 1.036
-15.613 -3.696 -436.870 1.231
62.540 -98.169 -467.746 1.030
-39.163 98.079 -324.463 1.096
-50.518 -39.501 -432.718 1.077
39.571 -2.700 -427.987 1.104
0.278 0.479 -377.043 0.918
10.088 -67.439 -423.062 0.838
23.112 20.538 -333.384 0.936
78.703 -23.744 -444.917 1.153
34.190 12.368 -499.481 0.973
16.658 -95.570 -346.843 0.911
94.365 -37.445 -453.448 0.982
-18.204 88.742 -330.143 0.929
-65.420 -81.650 -356.988 0.995
26.968 50.522 -338.684 1.078
-97.765 62.132 -477.454 1.028
3.114 74.963 -422.609 1.001
-73.249 -8.791 -440.926 1.142
-85.995 81.700 -303.656 0.933
95.923 21.286 -301.032 1.061
24.982 5.119 -395.231 0.980
-73.969 -71.264 -399.961 1.001
95.764 -42.503 -396.635 0.832
-44.851 54.367 -489.303 1.002
49.785 95.812 -361.493 0.994
-6.785 9.912 -445.704 1.060
-76.037 -64.438 -398.742 1.074
-73.107 -98.704 -408.976 1.066
-14.382 42.557 -379.255 1.088
-61.902 74.121 -442.681 1.188
-10.243 -58.972 -387.844 1.085
67.497 -79.412 -347.548 0.844
86.509 97.232 -436.061 1.081
70.420 94.785 -368.119 0.826
47.062 -71.431 -486.443 0.949
-42.005 49.695 -460.141 0.932
-73.315 0.454 -472.227 1.047
-87.259 -82.429 -357.824 1.002
-72.461 -16.938 -476.021 1.166
12.161 -70.259 -375.273 0.918
63.268 38.339 -496.099 0.983
-4.415 95.419 -495.392 0.923
94.529 53.702 -346.182 0.837
16.041 12.098 -475.080 1.100
-66.721 98.424 -460.654 0.894
85.364 -16.872 -428.730 1.006
35.727 -99.567 -399.147 0.973
46.388 -42.184 -343.528 0.903
-34.256 -18.328 -450.838 1.154
-74.905 95.456 -491.212 1.227
85.980 53.333 -462.669 0.843
95.751 73.818 -427.147 0.873
39.838 75.493 -421.269 1.138
-53.813 74.546 -408.468 0.930
0.505 -70.074 -496.985 0.831
-75.624 -18.166 -407.887 0.982
-71.531 -69.636 -480.395 0.950
20.986 -27.832 -409.727 0.949
-12.079 -53.649 -494.269 1.107
-8.145 -26.766 -412.567 1.042
39.373 31.656 -421.383 1.073
84.410 90.808 -359.138 0.925
-46.085 78.822 -496.053 0.922
91.926 19.565 -402.463 1.119
-94.792 -84.930 -405.550 1.013
-34.832 -58.550 -401.402 0.904
-86.996 -74.335 -367.047 0.951
-65.018 -33.621 -372.476 1.016
-47.600 -24.351 -465.979 0.900
85.945 7.046 -469.266 1.138
-98.696 -3.859 -483.999 0.886
-24.122 85.024 -471.164 0.883
88.819 -9.640 -369.120 1.044
32.485 25.832 -330.451 1.087
-25.865 58.653 -394.846 0.769
30.482 47.494 -426.183 1.201
-91.817 -16.007 -323.170 1.079
-14.705 -55.256 -488.525 1.006
-33.174 -63.289 -497.291 1.274
-67.794 53.481 -422.796 0.941
-28.997 54.860 -489.848 0.762
-32.598 -43.311 -417.480 0.894
-11.944 -49.487 -483.809 0.855
57.145 -47.198 -436.420 0.853
57.040 3.831 -494.258 0.822
-42.069 11.524 -354.836 1.086
-9.482 -6.173 -429.662 0.971
-72.174 78.834 -342.726 1.136
63.916 -70.087 -339.580 0.962
27.066 -86.810 -386.164 0.926
-8.870 -59.306 -327.003 0.854
