24.121 -43.352 -396.233 0.926
-78.266 -40.608 -377.698 0.984
-53.222 -73.788 -492.314 1.089
32.871 -96.323 -376.202 0.860
19.582 28.406 -499.676 1.009
23.982 -65.080 -468.088 1.011
-30.281 56.530 -315.504 1.064
55.281 78.372 -469.371 1.045
-73.873 87.516 -400.209 1.014
24.631 47.458 -374.027 0.962
-8.344 80.934 -479.263 1.170
-37.950 -46.764 -351.317 1.147
-76.691 -10.960 -331.133 0.943
48.106 -38.130 -401.002 1.120
8.060 -32.530 -373.917 0.934
36.170 6.480 -308.121 0.940
13.530 14.095 -471.054 0.865
-19.414 41.513 -339.279 1.064
-87.407 82.999 -443.776 1.076
-80.104 -72.612 -348.914 1.054
-59.685 88.552 -419.296 0.978
-5.286 -55.270 -456.378 0.833
34.425 -89.940 -419.002 0.851
-76.703 65.688 -455.588 1.246
26.024 -59.423 -342.441 0.897
-68.682 -9.545 -403.102 1.205
-5.219 -94.043 -441.697 1.126
-77.075 -36.759 -365.598 0.886
13.353 34.193 -383.276 1.021
-20.153 90.217 -326.478 1.115
-6.684 -13.583 -324.503 1.055
-20.671 -21.050 -386.514 0.943
36.820 43.789 -418.305 0.970
-72.154 80.455 -333.940 0.958
92.442 -46.772 -457.493 1.001
35.726 -97.401 -414.489 0.965
8.842 -80.927 -342.048 1.228
-21.681 -5.396 -413.922 0.856
-58.042 -15.816 -490.450 0.933
52.282 81.639 -317.522 0.997
32.290 -76.456 -466.151 1.038
-98.968 24.157 -473.090 1.078
49.798 98.381 -356.266 1.069
2.236 98.792 -491.791 1.014
-48.914 -52.012 -479.846 0.991
96.155 16.543 -326.227 0.954
-51.892 -73.038 -435.468 1.126
-42.913 19.957 -417.384 0.991
52.601 42.888 -405.643 0.970
-63.130 -90.840 -390.840 0.942
43.311 -65.030 -448.164 0.943
-71.218 27.788 -476.327 1.078
-95.912 33.602 -307.937 1.015
-75.724 -32.577 -483.407 0.970
77.795 -58.837 -435.677 0.888
-21.548 78.843 -301.397 0.943
-61.110 75.200 -478.065 1.033
24.984 80.770 -378.424 1.019
-78.063 -82.503 -356.098 1.062
-79.192 -14.743 -305.731 1.033
11.476 71.987 -386.694 1.003
-94.224 83.672 -441.265 1.000
-7.747 1.773 -467.041 0.972
34.554 -52.551 -414.341 0.985
68.217 21.919 -353.798 0.960
-67.155 -80.779 -493.544 1.070
81.627 -84.019 -475.074 0.975
-0.167 -74.379 -483.232 1.010
79.387 -70.179 -374.345 1.098
-62.963 -21.277 -424.837 0.814
13.808 -53.980 -405.873 0.895
-37.405 -25.216 -485.840 1.009
-37.531 75.964 -300.514 1.092
-64.769 -88.588 -397.315 0.849
-63.042 50.097 -330.902 1.009
15.578 -35.062 -493.589 0.942
-47.561 -22.204 -307.472 0.917
-23.312 -97.988 -373.425 1.077
-11.402 68.770 -361.605 0.861
85.343 -2.855 -474.342 1.056
-97.897 94.896 -363.354 0.872
-96.893 97.617 -460.333 1.036
-5.270 -23.580 -321.374 0.928
30.117 3.042 -446.284 0.899
-49.528 -28.756 -311.159 0.870
-0.250 72.632 -330.135 1.040
-24.672 -79.257 -389.922 1.065
-27.123 65.513 -412.359 1.018
-64.216 76.936 -348.205 1.043
6.695 68.807 -369.382 0.824
12.854 -5.587 -325.937 1.101
-44.926 -97.464 -316.890 1.074
-23.483 53.230 -363.816 0.978
98.032 74.302 -319.294 0.945
73.779 24.155 -319.485 0.960
50.622 15.608 -387.806 0.755
-12.142 -82.774 -449.302 0.899
-1.883 58.998 -480.124 1.119
70.380 13.951 -311.587 0.942
13.599 27.407 -353.318 1.188
-12.717 -50.706 -359.523 1.138
-82.385 -62.372 -494.767 1.038
-14.540 32.939 -338.363 1.060
-9.009 -13.221 -394.253 1.012
-14.568 56.242 -350.901 0.998
98.807 -82.936 -492.690 1.074
60.338 20.470 -431.406 1.228
15.813 19.239 -338.892 0.963
-83.341 -49.905 -390.485 0.889
-17.915 -42.999 -314.346 1.018
-96.802 -41.288 -472.594 0.954
-29.914 73.629 -306.941 1.020
-87.814 94.309 -494.685 1.093
-47.755 42.825 -380.549 0.951
-59.677 16.859 -327.023 1.082
-80.597 -29.392 -364.151 0.978
38.924 71.936 -478.271 1.103
49.891 80.192 -478.756 0.933
-70.402 76.171 -463.125 0.750
-66.190 94.320 -493.488 0.980
-31.723 38.563 -313.284 1.125
-30.999 46.773 -365.320 0.945
98.249 -39.305 -381.607 1.065
42.017 53.834 -344.087 1.160
16.656 24.557 -482.826 1.046
-66.893 3.036 -394.513 1.201
-33.962 -72.285 -465.705 1.064
-16.606 -7.358 -494.353 0.975
-20.107 -64.214 -349.845 1.184
-96.888 59.646 -369.521 1.220
-62.679 -55.136 -497.961 0.914
6.210 -94.760 -305.118 0.994
-88.337 91.746 -379.253 0.943
70.601 -40.670 -393.365 1.003
55.503 -81.927 -366.345 1.087
75.792 21.762 -420.026 0.706
36.592 54.829 -314.025 1.028
40.968 -88.715 -408.236 0.990
44.169 -57.918 -415.911 0.814
-49.056 -16.999 -479.124 1.066
11.796 -9.115 -470.901 0.830
28.111 -53.340 -383.630 0.978
80.141 -94.319 -331.248 0.938
57.283 -39.678 -427.311 0.934
81.092 -77.547 -346.233 1.047
15.902 54.041 -339.150 1.035
-30.403 -85.673 -328.883 0.884
-47.258 18.302 -332.051 0.914
24.124 -15.970 -396.629 1.082
30.610 -22.081 -328.929 1.178
-2.551 17.984 -335.059 0.928
-45.160 -97.825 -443.629 1.149
-73.471 37.608 -491.457 0.907
-82.040 70.175 -327.993 1.014
-4.764 76.698 -412.852 0.874
34.216 -57.108 -421.237 1.085
-72.353 21.598 -377.695 1.230
71.373 -69.432 -443.880 1.262
46.008 -24.138 -335.446 1.020
54.469 -33.466 -314.267 1.070
-31.890 -4.590 -402.174 1.172
-11.758 -31.815 -439.484 1.160
-26.370 -78.385 -434.781 1.052
10.184 -17.676 -362.941 1.117
-31.312 59.763 -464.360 0.876
-27.548 29.165 -426.226 0.989
71.036 78.560 -461.809 1.016
-32.985 59.427 -407.449 0.915
-11.428 94.780 -405.577 1.063
23.351 8.225 -355.702 0.814
2.177 56.325 -469.460 1.053
30.122 58.125 -307.195 0.961
-22.250 -53.666 -398.489 0.988
66.046 81.791 -499.887 0.804
-39.867 4.086 -349.384 1.060
19.992 -10.170 -315.899 0.830
15.475 95.892 -448.569 1.057
99.644 32.806 -451.726 1.186
71.070 11.318 -495.744 1.000
-67.566 8.563 -474.517 0.917
-42.520 -14.259 -352.405 1.024
75.435 5.527 -360.510 0.965
-27.788 10.161 -464.539 1.114
97.922 74.132 -320.938 1.016
-54.770 46.042 -339.034 0.949
98.993 -70.490 -475.351 1.003
-17.837 -12.839 -480.706 1.077
-66.506 -3.322 -352.454 1.034
-40.662 -12.125 -488.349 1.022
11.522 -95.544 -424.617 1.053
10.660 67.298 -431.121 1.102
-70.629 72.237 -436.845 1.157
-86.406 -57.898 -312.279 1.066
33.352 -86.628 -412.302 1.166
59.708 16.452 -348.184 0.831
-22.744 -82.722 -409.498 0.973
-22.878 -70.210 -485.118 1.158
48.302 72.201 -326.878 0.982
32.266 68.746 -391.738 0.973
-71.982 80.311 -304.377 0.976
