-84.750 15.028 -444.976 1.176
-24.414 79.410 -394.663 1.068
21.741 -49.689 -309.096 1.071
20.468 47.182 -350.160 0.839
10.556 -89.697 -478.831 1.046
64.423 64.825 -412.934 0.958
-5.468 73.680 -350.661 0.826
96.260 51.056 -398.044 0.937
74.017 93.189 -381.693 0.881
-44.299 -20.770 -302.505 0.864
9.506 89.012 -438.934 0.981
26.682 99.056 -423.290 0.943
33.753 -55.771 -485.070 1.001
41.617 54.265 -427.570 0.951
18.889 -43.241 -330.293 1.106
2.784 81.284 -314.474 0.818
5.535 27.983 -377.227 0.906
-57.441 36.605 -335.438 1.044
-82.241 -73.178 -367.802 0.942
95.213 -93.169 -319.504 0.945
-8.090 -55.868 -309.276 0.992
-81.678 59.983 -472.618 0.964
-84.915 38.426 -327.144 1.105
17.407 -33.596 -355.794 1.040
-48.973 96.436 -418.189 0.971
-47.610 59.942 -440.685 0.946
-59.327 23.273 -464.595 1.028
36.832 31.575 -397.212 1.148
-72.714 85.241 -411.509 1.075
-21.441 -88.311 -362.761 1.034
-22.301 -6.928 -452.554 1.005
-45.918 81.425 -405.573 0.847
78.786 -61.503 -430.826 0.907
-44.487 54.208 -343.551 0.874
-11.790 -39.960 -305.955 0.964
-74.173 21.608 -315.975 1.009
62.878 96.525 -354.149 1.042
82.514 -7.068 -339.009 1.013
74.444 -13.109 -315.538 1.108
-26.278 -31.430 -458.062 1.158
16.301 16.033 -415.630 0.981
-43.734 -57.911 -331.850 0.942
26.763 -58.215 -422.092 1.252
93.081 81.296 -397.997 1.066
-65.705 51.075 -368.034 1.060
7.953 -49.062 -445.618 0.897
-52.367 -48.398 -415.696 1.017
-80.981 -27.413 -315.643 0.994
8.593 -99.362 -461.674 1.079
-91.253 -6.888 -402.280 1.049
33.692 -65.176 -331.277 0.914
-72.420 -57.376 -428.593 1.007
-49.559 -84.439 -362.714 0.997
1.191 -79.261 -485.194 1.035
44.775 12.876 -314.323 1.028
-41.483 -98.423 -359.015 1.081
48.562 -82.857 -355.215 0.994
23.800 -96.126 -392.761 0.791
50.814 51.146 -305.807 1.076
85.418 -19.126 -354.991 0.861
6.030 43.714 -329.212 1.045
-40.851 -82.804 -383.381 1.059
54.544 75.910 -353.000 0.946
-75.129 -66.742 -475.840 0.953
86.382 64.119 -360.057 0.979
-83.214 71.468 -380.113 1.135
35.694 -67.933 -336.215 1.049
52.817 -80.145 -454.376 1.153
64.346 -66.099 -467.190 0.989
36.044 -25.545 -319.175 1.218
31.257 -0.895 -307.811 0.957
96.701 92.513 -447.653 0.886
-53.114 33.839 -442.836 1.096
40.630 63.739 -405.620 1.103
32.219 -67.909 -336.668 1.119
43.688 90.447 -309.709 0.973
-86.383 70.541 -427.344 0.973
54.576 29.200 -479.791 1.116
-26.287 -3.068 -401.082 0.990
18.524 67.286 -439.418 1.124
-91.269 -14.739 -316.988 1.024
84.889 53.154 -348.927 0.984
1.754 37.546 -327.499 1.009
13.318 31.580 -339.248 1.164
-61.790 78.079 -489.388 1.020
-27.291 -57.718 -349.755 0.952
0.850 -28.764 -373.116 1.050
-26.253 14.283 -449.363 1.268
-6.797 58.806 -307.165 0.990
21.796 26.180 -477.929 1.115
40.625 -19.753 -323.779 0.998
16.356 88.703 -491.738 1.094
89.981 87.037 -307.106 1.064
-49.252 -62.592 -442.164 1.031
-47.682 60.376 -481.756 1.047
34.261 84.413 -363.006 0.846
36.910 69.464 -343.163 0.996
64.652 69.305 -305.178 1.287
91.047 74.994 -383.581 1.068
11.515 13.651 -397.554 0.885
-90.905 -58.180 -338.035 0.834
86.239 90.058 -416.514 1.057
5.429 -98.268 -408.031 1.078
-35.440 -94.745 -403.008 0.971
41.736 -26.206 -386.427 0.955
-56.899 -48.833 -347.756 0.983
21.859 68.994 -398.625 0.780
-83.509 57.620 -468.702 1.049
-82.557 9.262 -467.421 0.992
-44.865 -53.334 -423.876 1.031
55.904 53.214 -470.784 0.952
-83.674 23.459 -421.136 1.014
88.455 -71.696 -376.364 1.012
57.214 93.858 -304.019 0.897
-5.333 66.109 -470.255 0.774
11.711 -55.225 -409.288 0.862
-95.738 73.554 -382.371 1.045
-48.298 47.067 -391.715 0.933
-73.084 21.084 -494.940 0.945
-34.149 96.678 -313.364 1.112
69.571 48.898 -302.749 0.795
39.199 -13.063 -448.196 0.984
-25.087 52.198 -464.669 0.885
-30.074 -50.219 -335.201 0.978
-20.015 -82.504 -395.827 1.053
43.711 8.496 -477.617 0.965
94.347 -2.716 -338.821 0.827
2.592 -99.860 -350.768 1.062
51.613 9.684 -436.028 1.027
-28.192 -98.300 -364.740 0.961
38.813 -77.169 -321.461 1.086
17.137 -62.970 -411.652 0.971
18.461 60.020 -341.222 1.086
-11.556 47.544 -382.983 1.138
-87.049 -33.918 -302.350 1.018
-73.105 -86.826 -355.030 1.015
-86.940 50.545 -329.859 1.157
21.863 -41.553 -425.419 0.897
-41.953 -3.439 -343.188 0.822
-29.618 -64.264 -352.175 0.951
34.768 9.560 -341.160 1.096
-35.202 -77.443 -433.977 1.227
14.295 99.491 -341.642 1.071
-77.319 43.035 -437.386 0.974
7.359 -41.500 -415.730 0.984
24.282 35.421 -353.004 1.035
42.110 60.614 -482.686 0.826
63.408 27.581 -474.474 0.969
-38.100 2.261 -442.311 1.170
-41.145 42.604 -491.809 1.172
-98.378 -53.716 -387.657 0.948
-14.822 -71.600 -431.361 0.952
33.187 -32.148 -380.480 1.078
33.671 -10.725 -310.823 1.036
-44.679 -25.937 -358.146 0.805
-34.044 -82.749 -340.320 1.298
82.794 -6.233 -331.481 0.908
12.074 5.469 -398.290 1.064
1.497 -92.471 -436.447 0.978
-94.403 -58.565 -367.639 1.080
68.208 -43.322 -362.488 0.977
43.082 5.952 -410.849 0.957
52.073 84.853 -490.564 1.090
-77.863 -54.053 -320.938 0.875
-31.101 89.181 -370.375 1.045
88.699 68.993 -494.749 1.014
99.734 23.790 -380.877 0.970
-32.257 -11.324 -330.070 1.012
8.932 46.610 -451.343 1.058
-83.232 44.155 -371.413 1.106
3.233 -2.600 -412.147 0.903
-6.807 -92.158 -437.741 0.954
-3.686 -25.366 -401.732 1.123
-89.583 -39.175 -343.165 1.016
90.143 76.581 -442.450 0.998
65.115 35.321 -395.130 1.013
-5.417 -55.470 -344.595 0.944
-98.848 -27.440 -331.592 1.036
-61.034 -68.125 -302.919 1.010
96.619 67.639 -434.957 0.877
-73.848 -2.678 -375.814 1.013
50.191 -35.415 -307.785 0.860
41.494 36.282 -372.183 0.915
-60.923 -12.020 -388.638 0.993
-8.853 43.687 -396.448 0.903
7.560 5.342 -399.774 1.188
-35.827 33.023 -374.188 1.122
99.555 32.357 -437.916 1.032
4.361 88.832 -407.112 0.878
86.879 69.971 -416.284 0.900
55.752 -64.070 -432.364 0.995
-29.951 -7.874 -325.345 1.072
-87.538 41.281 -481.849 0.942
34.872 -66.873 -409.831 1.023
-66.278 -93.919 -472.568 0.768
-86.784 78.035 -455.193 1.074
-2.518 16.324 -354.406 1.025
-53.104 -42.020 -428.256 1.048
80.870 -90.889 -355.212 0.899
-10.251 -71.643 -384.176 0.816
