78.845 44.493 -475.867 1.258
65.799 -5.923 -340.923 1.037
-8.696 55.515 -385.224 0.806
-18.561 29.944 -301.311 0.981
86.279 6.663 -382.245 0.867
-22.983 -25.883 -342.300 0.994
-47.027 -78.300 -361.345 0.969
28.441 18.386 -325.586 0.827
-53.696 -17.561 -434.785 0.977
-76.078 -17.524 -471.615 0.937
-12.366 -11.198 -481.638 0.962
-59.936 -97.915 -435.123 1.112
-22.277 98.693 -344.904 1.089
89.584 10.079 -339.721 1.167
95.714 84.819 -330.698 0.931
-52.108 45.500 -452.930 0.983
-55.187 66.279 -310.157 0.888
-52.823 66.546 -309.287 1.061
-18.370 -91.284 -319.825 0.880
7.501 -19.599 -355.281 0.996
-46.273 -54.003 -423.590 1.095
-65.087 -7.116 -402.666 0.993
9.353 35.418 -473.592 0.970
-8.311 69.372 -483.486 0.898
-53.149 65.010 -439.772 0.956
-96.865 26.233 -441.586 1.120
-34.218 85.462 -380.425 0.779
55.807 -72.729 -395.844 0.856
58.090 56.159 -418.790 0.937
91.274 0.634 -490.629 1.096
-74.889 -84.328 -319.979 1.136
2.395 -11.090 -412.117 0.932
-36.618 -96.423 -412.094 0.781
-51.755 -3.580 -472.745 0.950
-3.421 -96.957 -430.148 1.001
24.751 74.665 -321.068 0.950
-75.189 77.173 -417.362 0.950
55.438 81.325 -453.606 1.018
44.031 49.095 -435.897 0.956
-56.580 53.134 -409.937 0.982
-47.368 29.689 -433.137 0.849
17.182 52.911 -335.147 1.126
-26.951 40.714 -302.111 1.015
35.205 46.092 -335.325 1.080
-13.796 10.820 -462.230 1.087
45.887 -12.437 -374.335 0.987
46.385 51.799 -439.385 0.948
5.392 -79.295 -433.463 0.974
95.134 36.248 -364.518 0.942
-51.852 98.062 -460.767 0.900
-99.791 -11.468 -483.197 1.134
31.424 -74.250 -311.046 1.092
84.273 69.365 -459.554 1.060
43.197 -71.514 -446.789 1.044
24.153 -92.824 -452.262 0.894
-31.174 65.023 -362.128 1.139
-76.030 40.914 -316.206 1.120
17.697 27.594 -486.186 0.937
-61.730 73.834 -406.063 0.929
59.744 56.780 -415.134 0.880
-11.692 -46.255 -390.028 1.104
14.385 28.199 -386.528 1.049
37.054 -21.533 -368.979 1.015
-6.537 87.576 -394.394 0.958
55.614 -32.186 -470.854 0.874
71.674 92.758 -499.480 0.862
80.984 -76.889 -403.848 1.003
21.100 -44.753 -349.245 1.191
-98.654 65.153 -464.554 0.937
-32.346 -37.282 -425.811 1.001
11.836 34.536 -354.065 0.979
-55.752 -41.054 -369.497 0.978
68.578 -47.643 -499.874 1.065
77.756 58.486 -385.364 1.045
7.647 11.839 -444.805 0.883
24.023 -33.610 -426.709 1.047
76.957 -22.919 -387.811 0.973
-15.112 30.242 -340.307 0.966
-0.359 22.571 -446.314 0.843
35.221 49.704 -360.037 0.831
-60.619 -47.328 -355.607 0.854
-92.996 -89.966 -424.196 0.968
-80.520 52.495 -397.480 1.058
15.157 -11.326 -378.527 1.122
-83.680 24.635 -498.899 0.977
61.024 60.686 -330.549 1.042
98.388 12.634 -368.540 0.904
-90.911 -69.477 -440.703 1.142
-29.285 -91.200 -310.223 0.880
-6.708 93.471 -358.357 0.939
78.672 -47.723 -404.947 0.858
6.118 13.614 -416.661 0.998
43.025 -59.489 -373.107 0.795
30.960 -89.821 -413.866 1.069
28.926 -98.615 -380.832 0.910
72.821 86.869 -313.256 1.041
-74.301 -65.048 -436.618 1.028
79.822 10.282 -399.736 0.935
40.102 35.684 -318.659 0.953
-81.499 30.936 -484.159 0.996
-0.716 95.433 -348.887 1.030
94.075 71.937 -498.138 1.116
19.661 -19.803 -407.075 0.865
-77.583 -20.495 -372.054 0.965
40.979 -25.354 -319.151 1.061
24.378 33.672 -476.884 1.044
3.073 20.480 -392.544 1.021
-84.822 -64.623 -451.572 1.202
-51.890 70.107 -431.432 0.995
73.355 -0.887 -362.610 0.918
39.271 -41.165 -354.446 1.014
-96.744 74.717 -314.027 0.905
-29.099 88.187 -354.163 0.908
-99.030 -95.840 -411.439 1.001
-21.375 3.076 -389.664 0.764
-65.024 57.600 -468.527 0.974
79.571 -79.265 -454.216 0.897
-80.153 13.832 -390.050 0.920
-32.092 -36.011 -420.624 1.001
-38.797 -90.476 -458.739 0.822
71.606 68.046 -322.261 1.163
-54.282 24.266 -478.896 0.941
-46.214 -51.392 -399.053 0.994
-92.958 -72.317 -388.564 1.064
-41.427 -14.131 -408.262 1.024
23.705 42.386 -397.109 0.842
99.404 11.320 -316.299 1.288
10.142 33.977 -469.864 0.960
75.221 -95.337 -486.976 0.752
16.020 24.509 -388.589 1.062
55.963 -80.089 -356.235 1.243
-91.093 73.990 -334.512 0.932
78.717 -54.499 -479.803 0.930
8.534 -54.139 -457.034 0.921
13.157 -86.336 -435.976 1.053
-50.684 -96.773 -446.612 1.057
-30.245 -68.616 -357.668 0.918
-99.932 5.097 -363.937 0.885
90.114 -69.758 -343.820 0.876
-61.750 -22.999 -373.637 1.124
-7.270 57.324 -320.373 1.133
0.780 39.081 -334.805 0.858
-56.768 -89.450 -344.286 0.838
80.208 25.679 -489.922 0.871
28.580 -4.968 -352.208 1.026
42.478 -23.897 -379.385 1.016
49.201 -45.571 -411.721 1.183
-53.931 5.861 -339.060 0.848
36.330 79.292 -301.329 1.131
11.163 53.872 -489.508 1.057
97.216 54.835 -437.952 1.002
39.153 -77.608 -485.595 0.943
19.580 98.607 -476.721 0.931
19.467 -92.013 -434.207 0.997
-69.221 56.160 -383.197 0.951
4.910 -87.037 -453.965 0.944
35.766 52.985 -435.732 1.005
86.821 -14.675 -426.616 0.915
-40.369 13.560 -478.567 1.116
-77.866 -97.364 -422.184 1.073
4.093 88.250 -355.967 0.871
86.321 -17.855 -445.986 0.931
83.166 -51.715 -307.816 1.108
87.951 -46.141 -447.040 1.040
-43.452 88.230 -328.995 1.199
-34.554 49.184 -398.098 0.953
90.156 37.036 -339.946 1.119
15.921 47.926 -346.143 1.026
52.703 20.015 -463.456 0.910
-20.216 -11.180 -340.106 0.893
49.143 33.401 -375.879 1.058
90.792 96.267 -384.594 0.851
-59.131 -29.006 -302.440 1.065
-43.739 11.141 -314.746 1.143
-29.479 -18.071 -332.537 1.006
-4.800 14.652 -415.510 0.915
25.239 -72.203 -457.286 0.976
65.957 -39.548 -348.868 1.037
-31.024 93.883 -332.323 0.912
39.564 84.439 -359.482 0.904
22.070 -3.265 -398.910 1.071
-2.836 96.428 -450.224 0.976
1.738 -53.472 -457.225 1.041
-9.084 6.733 -336.513 1.073
67.816 61.338 -324.934 0.999
-87.778 81.355 -423.029 0.991
21.874 73.073 -328.449 1.235
-33.745 -8.535 -377.116 0.973
-53.240 64.854 -382.882 0.916
-41.165 27.013 -362.630 1.041
-75.017 -73.862 -473.306 0.998
37.052 62.791 -364.367 0.995
-11.057 -22.320 -369.325 0.973
22.629 33.817 -325.214 1.055
57.652 48.360 -413.473 1.331
27.964 -35.042 -441.095 0.882
-66.060 -63.293 -364.410 1.078
37.057 62.694 -374.819 0.979
-61.870 70.408 -328.480 1.109
-32.190 -12.341 -493.139 0.976
