94.952 52.942 -495.249 1.083
58.023 7.086 -427.048 1.021
17.638 72.644 -365.866 0.955
-9.847 -38.203 -356.538 1.067
-36.127 -70.501 -314.070 0.787
44.593 -84.474 -312.410 0.897
-74.547 64.205 -315.514 0.974
-2.381 -3.553 -328.899 0.950
-23.146 -21.913 -456.672 0.738
95.415 -67.838 -332.693 0.961
-60.253 18.399 -456.112 0.895
-76.374 -34.446 -358.364 0.866
18.372 -29.637 -360.898 0.919
73.411 79.048 -384.185 1.087
-3.296 -30.886 -438.072 0.901
-83.251 -44.797 -419.649 0.901
41.476 5.004 -447.958 1.058
87.975 -87.421 -427.006 1.075
21.563 79.346 -410.839 0.983
85.897 -8.712 -392.033 0.842
15.341 52.058 -480.632 0.819
-77.834 -26.182 -435.175 0.971
-33.894 34.921 -494.458 0.985
-84.999 -28.163 -485.396 1.105
-87.933 70.553 -305.573 1.101
-23.681 46.836 -328.500 0.953
-78.117 -3.340 -305.320 0.997
60.416 -42.183 -443.818 0.857
-58.943 -44.760 -304.341 0.924
-9.839 78.905 -427.728 1.030
-0.883 -48.462 -477.802 0.966
-88.825 -40.100 -381.358 0.979
31.825 1.094 -392.815 1.074
6.526 -69.480 -394.696 1.081
6.379 44.866 -465.516 1.026
43.271 -67.610 -331.980 1.023
-22.373 17.142 -488.872 0.975
-70.404 -66.155 -460.850 0.898
94.758 8.617 -312.499 1.006
-52.952 62.055 -387.130 0.936
-46.535 84.710 -450.913 1.152
-43.482 -85.311 -316.985 1.072
78.654 67.688 -313.102 1.117
62.393 94.969 -465.346 0.888
80.490 86.365 -493.031 1.064
-7.377 65.006 -362.223 0.943
2.463 2.843 -310.931 1.033
7.419 70.420 -354.274 0.938
-21.101 84.330 -430.274 1.097
-21.377 47.493 -430.447 1.002
-59.022 20.624 -416.938 1.086
14.342 84.431 -300.516 0.922
29.329 -76.465 -433.700 0.912
-86.606 77.821 -468.956 0.878
48.879 32.211 -423.785 0.930
7.343 44.515 -482.576 1.138
-44.623 10.215 -400.515 1.048
-29.527 -46.232 -318.250 0.915
62.989 -2.252 -380.962 0.995
5.154 -84.796 -483.946 0.999
79.144 -74.514 -382.657 1.024
41.340 11.298 -359.440 0.880
89.985 -42.956 -368.883 1.148
49.525 -27.217 -433.275 0.904
57.890 -13.125 -434.047 0.942
16.927 74.566 -438.648 0.929
-41.159 -16.770 -303.269 0.981
64.608 -70.555 -389.576 0.936
46.697 46.669 -330.101 0.997
13.003 -24.055 -361.693 1.113
67.107 -79.694 -421.062 0.871
-6.369 93.905 -388.133 0.995
21.346 -67.812 -369.942 0.935
-29.182 -31.627 -368.633 0.859
-53.922 21.856 -418.265 0.958
88.915 58.256 -375.624 1.260
-21.144 -31.370 -434.589 1.010
63.221 15.936 -495.451 0.939
-58.572 -63.678 -498.201 1.021
-39.420 16.351 -418.619 0.869
24.467 56.705 -300.990 0.942
53.150 -27.677 -422.751 1.062
90.389 65.203 -338.273 1.090
-90.390 57.271 -314.880 1.145
44.597 -23.007 -461.518 1.034
19.402 -99.110 -356.718 0.866
-49.887 -85.132 -354.401 1.042
85.957 -70.795 -426.063 0.985
15.523 93.342 -489.000 0.958
32.836 94.339 -465.504 0.997
-1.180 41.222 -472.603 0.916
51.324 8.848 -325.685 0.984
-3.355 72.201 -346.557 1.037
24.242 16.502 -331.831 1.035
-99.615 -13.494 -474.189 0.960
22.346 -1.741 -351.684 0.939
78.030 9.740 -438.187 0.976
-24.194 85.004 -471.809 1.018
-3.434 9.222 -333.984 1.074
-16.309 -29.940 -498.321 1.145
-48.434 -57.535 -338.854 0.780
-32.322 75.003 -457.911 1.051
-84.082 -18.762 -436.914 0.993
-13.161 -70.540 -354.467 0.976
51.469 -81.435 -337.499 1.070
85.321 -82.470 -422.235 1.162
-4.305 22.543 -476.868 0.920
-83.997 41.921 -378.515 0.950
98.560 -16.447 -458.494 0.993
86.283 65.898 -447.501 1.021
30.123 2.638 -451.731 0.905
11.029 -47.125 -452.572 0.855
58.307 57.556 -495.942 1.004
6.149 52.937 -495.548 0.995
-88.422 17.789 -389.173 0.807
10.393 61.016 -479.148 1.118
86.186 -44.748 -472.641 0.942
14.712 66.181 -410.383 1.007
80.034 75.485 -354.947 1.030
-48.369 -45.162 -429.635 1.045
-14.018 -46.994 -437.433 1.017
-80.428 -41.805 -301.331 0.859
-33.269 -97.590 -477.818 0.991
-85.350 -29.670 -442.483 1.034
-35.286 80.841 -442.159 0.915
-71.287 0.581 -321.341 0.996
-66.096 -50.193 -409.602 0.944
-12.870 70.722 -341.174 0.846
-93.610 -65.263 -465.514 1.075
4.416 6.285 -379.057 0.977
-29.482 -68.859 -469.084 0.865
5.685 -45.695 -341.177 1.036
83.230 -16.877 -400.521 1.096
23.710 72.144 -354.782 0.945
-32.965 39.771 -319.640 0.907
-10.559 -56.098 -390.617 1.069
-15.026 12.759 -488.210 0.881
24.186 -37.737 -440.876 1.038
20.993 90.858 -457.445 0.992
-52.958 -69.766 -367.728 0.788
-44.598 93.537 -302.530 0.890
32.207 89.629 -361.240 1.030
59.001 42.364 -453.836 0.985
21.644 -74.849 -478.228 0.922
-80.517 39.911 -378.630 0.852
30.218 -48.793 -493.714 1.095
11.560 -75.139 -463.156 1.022
99.117 97.440 -426.326 1.104
52.711 3.062 -467.419 1.119
4.903 77.427 -368.198 0.818
-69.866 -42.765 -453.602 1.111
-40.744 18.050 -448.947 0.876
-95.256 0.399 -373.859 0.915
61.340 -6.869 -455.539 1.094
28.828 -97.003 -433.336 1.006
-37.051 -73.943 -309.389 1.120
55.641 23.307 -471.539 1.217
-57.161 -9.835 -411.447 0.948
9.956 -79.439 -406.252 1.136
93.754 -66.620 -435.174 1.102
-71.627 -88.283 -358.982 1.092
-40.311 -45.333 -389.713 0.870
-10.582 -43.302 -427.260 1.054
55.526 85.883 -321.925 1.014
-56.083 98.298 -472.194 0.935
-6.119 44.734 -430.431 0.972
26.788 -69.576 -320.271 0.990
-58.350 -3.622 -452.579 0.907
99.104 83.950 -436.132 1.029
-30.376 26.625 -430.993 0.989
4.189 -92.501 -318.808 0.896
-61.685 6.231 -345.240 0.974
-73.155 -91.929 -465.150 0.860
19.661 -41.165 -499.787 0.961
21.744 72.224 -375.668 0.850
-87.471 74.660 -493.654 1.029
84.689 -62.032 -448.494 1.105
92.641 -10.256 -415.232 0.841
73.131 82.368 -487.578 1.040
-41.505 7.008 -444.514 1.078
70.723 -50.475 -417.203 0.921
-72.373 -64.959 -401.921 1.082
-70.653 61.354 -496.552 0.877
94.952 -96.507 -380.989 0.886
-26.403 98.252 -326.686 1.099
-75.594 -15.050 -435.333 0.979
-74.019 6.203 -313.328 0.846
-96.587 -39.710 -488.069 0.953
-81.427 -88.315 -419.372 1.122
0.796 -32.166 -387.839 1.043
-99.302 -88.952 -330.574 0.854
-83.672 83.092 -307.682 0.870
-49.511 -73.009 -386.809 1.175
78.948 -51.794 -310.574 1.215
60.328 -12.560 -399.607 1.187
73.708 30.709 -300.975 0.972
26.460 77.272 -485.667 0.953
-88.813 28.872 -311.996 1.022
-59.881 13.959 -389.050 0.961
16.741 77.594 -384.521 0.980
