48.192 -70.197 -345.002 1.053
76.109 57.747 -411.773 1.102
49.251 -84.984 -418.581 0.884
-0.698 -66.398 -448.522 0.829
78.722 -55.990 -308.879 0.942
-44.495 -23.940 -304.043 1.155
-86.101 -69.102 -410.581 1.066
91.074 24.212 -306.198 1.082
98.540 -53.928 -312.466 0.960
41.735 17.448 -331.333 1.098
-76.184 -6.522 -485.027 0.971
-69.468 10.316 -322.374 1.206
-10.115 94.933 -393.907 1.054
-61.112 0.737 -325.334 1.077
79.669 -71.046 -450.098 1.096
10.576 -6.742 -492.069 1.028
52.742 -82.824 -375.670 1.051
45.023 -83.471 -374.286 0.880
66.333 -20.995 -398.191 0.998
99.066 -92.978 -300.948 1.194
59.377 96.960 -362.668 0.907
35.533 77.575 -399.439 1.008
-39.411 -86.991 -312.485 0.973
43.021 -69.375 -314.903 0.855
19.230 13.161 -481.996 1.065
-86.835 -23.947 -451.103 0.890
-55.409 -3.005 -379.052 0.943
-71.786 -26.982 -300.135 0.979
32.734 23.805 -446.950 0.894
68.199 -39.129 -446.140 0.953
-5.731 16.346 -342.854 1.315
65.956 36.683 -454.017 1.028
-31.732 -47.381 -462.897 0.924
59.608 -53.755 -434.949 0.955
-17.927 31.650 -398.990 0.924
-57.129 9.690 -445.518 0.910
60.645 83.668 -456.225 1.077
44.365 -84.539 -341.354 1.179
-87.193 -32.857 -456.735 1.048
-39.133 -72.765 -476.702 1.126
79.274 55.647 -378.626 1.090
-43.356 -71.723 -322.284 0.938
78.558 -65.089 -474.255 1.029
0.887 89.779 -450.269 0.986
42.447 -45.169 -382.446 1.123
65.700 -45.025 -413.400 0.916
3.265 -54.377 -404.651 0.892
-91.871 16.235 -496.832 1.024
-76.641 68.641 -413.052 0.983
-52.640 84.698 -436.723 1.031
-47.432 -47.236 -439.601 0.871
-89.388 3.006 -357.480 1.024
56.471 11.393 -386.134 1.020
-10.521 48.173 -422.311 1.069
-95.748 -42.544 -345.926 0.904
-1.567 10.037 -312.741 1.027
54.315 -61.329 -464.878 0.914
62.101 -50.021 -382.468 1.083
34.096 45.093 -354.134 1.068
47.913 -2.339 -354.032 1.083
53.889 -20.627 -493.396 0.951
-33.998 38.266 -449.506 0.981
46.293 -79.772 -492.080 1.130
-52.573 -41.718 -457.673 0.768
64.341 -98.621 -355.629 0.949
93.108 58.485 -485.451 0.942
64.895 -18.339 -453.898 0.962
-69.518 -90.301 -473.842 0.931
39.036 76.505 -315.427 0.840
44.159 87.461 -447.746 0.933
91.029 98.500 -394.099 1.054
-64.519 -93.145 -332.981 1.006
55.097 -12.555 -310.947 1.110
-13.935 -64.746 -472.458 0.903
3.559 -0.639 -341.984 0.967
91.637 92.909 -430.784 0.891
-30.887 -28.450 -318.140 1.021
97.165 25.392 -468.991 1.015
-27.673 36.654 -498.388 0.989
-56.833 41.072 -323.897 1.011
96.914 -1.449 -392.065 1.219
68.812 -25.829 -327.537 1.004
-74.025 36.414 -426.944 0.932
2.905 45.113 -490.874 1.180
5.715 91.607 -386.541 0.913
-39.770 65.697 -439.110 0.841
-17.037 65.387 -395.820 0.877
28.218 -76.525 -430.859 1.178
23.898 -98.476 -439.645 1.025
21.329 -94.874 -339.293 1.100
15.941 -77.251 -316.058 0.941
-90.257 61.923 -393.103 0.929
11.686 81.912 -470.348 0.947
-50.189 -97.969 -428.654 0.978
-2.870 10.987 -485.345 0.860
35.692 1.698 -425.107 0.968
18.581 68.337 -301.942 0.940
78.414 23.477 -449.636 1.336
63.036 64.356 -415.935 1.056
17.375 31.950 -318.031 1.059
61.421 81.382 -303.119 0.999
25.107 -92.902 -412.638 0.947
24.407 76.769 -381.347 1.084
27.658 -66.922 -394.745 0.997
85.736 84.051 -386.981 0.966
21.407 16.508 -363.539 1.053
41.524 85.649 -406.018 1.020
47.884 -48.052 -373.490 1.171
52.709 -14.572 -336.481 1.055
57.387 22.111 -476.707 1.185
-50.689 -65.960 -422.524 1.065
7.128 77.803 -490.933 0.956
-23.480 -50.639 -391.625 0.886
-89.883 -62.795 -495.240 0.986
54.493 -86.183 -403.128 0.877
81.630 74.818 -491.143 0.988
87.184 -83.621 -309.603 1.062
-52.664 -67.171 -341.156 0.916
-61.835 22.238 -483.353 1.104
-8.467 -52.606 -361.495 0.984
60.873 -75.075 -357.122 0.995
-47.625 17.644 -406.650 0.950
-94.057 -73.123 -361.288 0.890
10.673 -90.577 -382.881 0.927
-43.711 47.278 -441.042 1.015
5.584 41.294 -351.013 0.889
-53.089 31.307 -330.570 0.855
-57.621 18.543 -316.641 0.812
-98.163 -49.744 -404.451 1.061
-21.280 84.488 -392.625 1.111
15.990 -92.968 -326.419 1.038
17.536 32.430 -498.532 1.073
-79.314 -71.210 -409.243 1.157
50.648 -59.863 -331.861 1.051
-92.885 -99.408 -443.496 0.934
-78.333 20.053 -346.442 0.882
29.827 25.685 -439.688 1.023
75.632 -74.082 -444.873 0.930
-41.813 85.454 -415.066 1.054
33.618 -74.912 -496.629 1.083
-47.171 -37.840 -471.440 1.226
-37.536 -67.372 -384.856 0.927
-4.379 87.171 -429.528 1.066
-76.321 58.993 -482.528 1.072
95.351 -68.473 -446.874 0.993
6.369 -21.789 -317.797 1.122
-3.661 25.889 -377.403 1.033
66.708 28.650 -442.907 0.985
73.013 98.822 -307.456 1.147
-24.372 83.046 -391.382 1.086
62.275 60.280 -444.513 1.023
44.079 97.203 -327.426 1.085
67.538 -22.417 -355.310 0.931
30.379 58.843 -425.319 0.887
-97.642 -71.086 -345.703 1.079
-45.153 61.742 -436.501 0.981
18.697 22.473 -441.400 0.883
91.058 57.436 -369.274 0.918
-85.885 -21.978 -300.801 1.005
72.395 -95.770 -485.502 1.025
43.402 -67.802 -427.493 1.219
56.150 64.820 -402.770 1.213
88.117 -55.428 -430.419 1.182
-95.697 92.655 -459.163 0.984
97.312 -38.873 -366.049 0.944
3.688 -89.015 -465.570 0.963
-38.128 2.198 -430.577 1.176
-16.562 -16.690 -322.977 1.019
55.623 -9.842 -344.761 1.081
-27.495 30.199 -456.484 1.013
-23.778 -13.641 -491.486 1.252
-70.237 66.215 -392.108 1.072
-0.548 -21.623 -487.727 1.111
-44.936 85.519 -442.921 1.095
73.215 -46.178 -419.015 0.941
87.056 93.628 -357.597 1.120
-20.967 32.388 -317.244 1.135
-24.111 67.273 -457.423 0.833
-54.603 97.440 -325.370 1.031
60.441 0.059 -458.953 0.921
72.972 -1.855 -324.709 1.002
86.281 -8.603 -474.552 1.047
-78.142 -30.451 -400.626 0.834
87.386 12.871 -393.429 1.249
-60.636 -40.015 -405.846 0.982
-17.946 27.669 -300.938 0.847
-84.566 36.688 -369.825 1.063
-26.689 -54.191 -493.266 1.009
-85.336 -37.036 -415.384 0.966
20.558 -5.514 -361.935 1.115
-32.167 -16.328 -435.481 1.055
95.098 -43.434 -309.484 1.059
78.470 32.455 -419.194 0.904
-45.788 -60.704 -303.074 1.075
-66.841 31.116 -430.405 0.910
-93.528 -24.093 -424.511 0.945
-89.252 -57.605 -342.922 0.926
-77.277 72.528 -394.355 0.971
43.190 93.313 -314.817 1.207
-3.676 18.891 -476.480 0.887
