-48.173 -66.170 -352.090 1.057
-30.655 -15.258 -406.753 0.975
-13.959 53.745 -357.637 1.250
-99.316 -11.619 -450.427 1.011
62.854 94.796 -357.873 0.894
-88.542 -97.669 -436.132 0.999
-54.201 -55.956 -443.603 0.871
5.097 -83.576 -491.331 0.999
-10.196 31.834 -480.179 0.957
-53.670 -95.880 -316.131 0.915
40.829 -65.099 -326.923 1.116
42.775 -86.164 -474.059 0.865
-86.235 66.255 -330.112 1.002
-34.985 32.917 -486.140 1.255
-11.596 -7.607 -300.915 0.922
35.964 8.446 -378.354 0.918
-96.402 53.998 -402.525 1.017
60.308 82.422 -490.741 1.100
50.545 -13.097 -346.078 0.854
41.265 72.591 -337.938 0.975
-25.788 55.729 -344.751 0.869
-12.053 25.112 -323.911 1.000
-11.391 55.939 -384.339 1.084
87.934 66.490 -381.407 0.903
-61.609 91.832 -449.958 0.939
-40.881 -36.253 -482.917 1.098
-9.348 86.975 -411.002 0.964
20.132 -55.752 -321.197 0.992
-98.958 -48.073 -330.557 1.162
1.870 -89.983 -355.536 1.166
-14.676 -40.555 -333.296 0.988
25.799 54.666 -404.875 1.034
28.934 -55.366 -377.802 1.005
-24.461 80.426 -340.002 0.973
84.048 -28.671 -478.564 1.139
13.956 57.076 -450.157 0.941
-94.004 49.606 -478.350 1.043
-70.741 -71.834 -438.608 0.878
-86.239 -89.664 -481.529 1.060
-24.218 -48.257 -308.949 1.138
-99.897 79.000 -455.444 0.963
31.153 -56.630 -334.397 1.026
-46.777 62.680 -425.248 1.081
-73.191 -46.586 -490.428 1.095
-90.927 -75.299 -425.614 1.073
92.358 96.608 -314.587 1.016
48.073 81.883 -306.066 0.892
-64.727 6.748 -463.608 0.994
-49.187 -13.761 -437.134 0.904
38.982 -7.856 -343.862 0.969
94.439 20.992 -426.870 1.053
8.532 -48.114 -471.762 1.131
-34.432 20.746 -355.873 1.087
-39.500 -38.428 -490.334 0.959
70.000 -3.860 -487.263 0.992
-35.448 9.528 -420.172 0.991
-42.878 -72.465 -430.361 1.098
-18.684 16.182 -478.136 1.124
36.494 48.667 -467.313 1.021
-28.747 30.176 -435.514 0.952
50.907 35.362 -328.067 0.870
68.801 35.403 -470.751 1.109
-41.488 -15.747 -325.758 1.027
-37.069 -77.601 -478.469 1.082
-2.285 80.762 -449.060 0.928
-3.636 -91.191 -486.998 0.756
-34.143 -86.089 -367.840 1.180
9.676 77.901 -317.444 1.156
8.461 -4.213 -390.259 0.979
1.019 -80.573 -448.029 1.101
-61.070 57.350 -436.684 0.965
34.949 89.991 -430.710 0.955
1.537 -39.243 -326.984 0.870
70.278 -86.323 -450.954 1.099
7.593 22.787 -320.644 1.006
-75.952 -43.296 -327.307 1.176
49.761 96.023 -356.179 0.941
33.517 43.189 -392.398 1.073
58.220 25.220 -475.683 0.950
52.540 43.509 -357.188 0.922
-55.258 -85.331 -432.106 0.912
9.457 42.718 -412.911 1.115
-54.743 -1.733 -476.270 1.125
-89.897 12.994 -324.662 1.034
28.099 51.431 -443.313 1.099
61.385 -54.970 -355.779 0.933
20.326 -25.629 -307.984 1.076
42.109 -2.774 -449.794 1.050
-24.545 43.287 -453.232 0.869
91.399 -22.944 -442.677 1.191
56.504 -14.942 -426.447 0.956
98.142 95.501 -332.401 0.950
-77.858 90.562 -457.032 1.102
97.255 48.975 -456.971 1.047
-60.944 73.290 -438.302 0.885
-53.772 -96.687 -387.756 0.984
-27.059 -6.595 -348.551 0.861
71.938 42.971 -378.368 1.067
67.854 -64.761 -349.691 1.012
-61.220 -94.733 -376.038 1.058
39.128 -42.679 -361.907 1.162
84.388 -55.178 -409.883 0.999
3.447 -41.719 -433.809 1.128
-4.725 85.715 -424.177 1.168
8.284 -26.041 -396.054 0.829
11.948 -14.748 -302.241 0.966
-11.040 -95.675 -322.863 1.020
2.559 -43.980 -465.250 1.139
-4.477 -89.266 -308.802 0.902
-89.980 -50.807 -443.827 0.973
94.069 -3.199 -416.100 0.810
-61.118 24.551 -375.230 0.716
-99.776 13.206 -307.828 0.927
1.056 -39.220 -485.210 1.021
-26.388 -53.581 -424.914 0.876
40.583 29.899 -468.756 0.916
-49.234 54.935 -496.255 0.881
99.731 70.488 -465.190 0.929
-50.577 -87.655 -304.248 0.902
-83.238 24.702 -486.328 1.146
3.636 84.877 -380.918 1.003
63.610 -5.277 -451.290 1.067
71.460 66.930 -305.399 1.103
-82.948 -72.423 -490.704 1.035
-92.185 44.853 -339.192 0.864
77.985 -71.216 -470.310 1.083
-55.187 12.750 -368.838 0.966
53.845 14.600 -449.559 0.945
-35.883 20.330 -328.068 1.037
85.387 -39.672 -337.703 0.984
-3.934 25.237 -379.261 0.849
-21.630 -34.714 -486.712 0.951
-98.562 -68.501 -362.607 1.021
13.006 35.435 -341.846 0.982
93.061 -25.758 -302.575 0.975
33.944 -46.110 -327.776 1.070
44.641 -68.613 -466.189 0.945
-64.155 -91.716 -472.514 1.113
-25.642 -89.608 -413.638 0.830
-4.683 -96.911 -316.441 1.031
-94.013 36.627 -338.750 1.099
74.750 -6.753 -470.930 0.991
59.253 -30.191 -300.834 0.810
-26.354 -87.394 -413.956 1.232
26.033 -44.638 -481.706 0.992
7.721 98.111 -469.967 1.140
-50.894 42.002 -378.974 0.953
-10.971 -56.411 -449.886 1.007
61.309 -22.480 -415.693 0.968
-56.234 -41.456 -444.770 1.023
72.978 28.248 -305.608 0.934
-79.048 -97.690 -489.447 1.035
13.929 -48.526 -471.773 1.142
-73.167 -83.592 -325.296 0.989
20.132 -68.944 -311.351 0.839
99.153 -33.671 -407.502 1.000
12.512 61.148 -411.027 0.805
-13.179 19.820 -308.496 1.181
97.028 91.149 -498.678 1.147
-91.719 32.705 -496.403 1.111
59.999 -64.981 -321.272 1.019
-4.541 67.665 -357.480 1.107
7.125 -53.475 -371.278 1.157
-60.778 -64.193 -363.155 1.047
1.273 -64.481 -396.433 0.940
10.866 66.574 -425.372 1.030
44.753 -92.998 -471.603 1.009
61.435 2.648 -477.483 0.955
-64.029 -99.448 -372.073 1.153
-2.741 90.590 -403.072 1.011
-20.959 63.618 -392.428 1.031
40.733 25.349 -353.523 0.938
12.220 15.664 -432.525 0.990
90.895 -73.807 -369.842 0.906
-41.354 -18.243 -321.433 0.992
55.068 92.144 -497.386 0.854
-1.234 1.707 -454.112 1.133
95.878 93.928 -490.834 1.033
68.816 -2.832 -392.707 1.087
63.514 75.818 -452.247 1.047
98.769 -20.779 -386.834 0.935
76.593 79.147 -405.027 0.969
39.102 -44.861 -460.634 1.168
61.752 -39.656 -427.164 1.047
-81.236 66.077 -488.849 1.063
-53.178 -18.319 -486.609 0.854
35.842 43.416 -486.084 0.949
-22.172 -20.084 -493.071 0.906
-78.463 -7.482 -396.424 0.809
-13.116 41.796 -362.392 1.099
62.128 39.934 -334.346 0.830
11.912 -11.742 -348.586 1.061
72.818 22.632 -491.740 1.094
17.796 28.407 -437.037 0.954
40.680 83.305 -338.288 0.871
-60.427 -80.149 -495.841 0.909
45.298 69.649 -479.929 0.836
29.998 53.712 -459.897 1.030
85.153 93.559 -329.142 0.854
60.660 -34.118 -485.978 0.906
