588 524
333 911
664 606
585 561
698 591
1065 699
671 589
409 684
369 298
335 405
960 931
205 711
359 647
582 942
241 504
176 654
629 251
645 111
410 388
530 143
1117 347
1065 401
474 684
906 671
430 660
609 767
915 651
950 543
968 447
746 606
1012 368
324 333
615 790
1044 160
844 389
1136 70
675 733
923 432
378 659
426 675
1076 734
498 209
532 901
1064 709
500 210
315 794
557 271
782 372
366 932
888 871
291 753
275 491
514 166
788 138
803 494
797 683
585 942
1001 859
733 256
1003 820
601 480
403 127
959 402
253 636
850 97
1128 142
237 742
199 746
545 402
197 316
655 226
697 347
715 741
451 792
384 971
1046 34
538 789
982 662
368 770
1023 650
479 289
191 539
869 288
764 766
1039 792
989 376
307 666
542 575
765 636
641 876
916 472
335 799
927 296
859 670
1017 502
634 854
830 328
613 865
465 245
551 855
507 469
308 401
252 457
310 631
113 317
532 863
515 760
292 154
1003 717
413 583
1111 746
922 875
959 687
1072 264
934 748
556 399
896 353
438 362
635 167
552 246
352 529
721 6
496 62
676 684
1095 838
907 152
888 402
318 310
807 270
442 745
657 538
946 877
1004 264
895 113
980 1000
906 778
180 933
566 469
892 180
678 876
748 601
963 187
810 778
842 346
296 711
759 326
695 745
1061 957
833 784
402 948
482 500
741 78
1023 609
689 686
458 554
917 492
514 672
277 859
593 317
567 390
780 703
372 368
759 887
595 132
253 760
1123 233
662 821
361 774
622 528
1029 255
900 509
381 169
505 464
481 743
508 495
1039 631
844 354
312 95
550 406
667 339
785 872
822 678
714 786
709 802
323 684
743 581
709 500
484 285
355 893
1039 335
591 453
223 658
650 307
706 429
1106 820
217 360
431 572
404 414
494 85
862 518
