512 827
963 315
912 233
620 883
1105 798
843 704
357 607
1017 525
1027 856
884 849
620 334
212 546
694 756
708 757
894 467
505 25
575 855
1061 398
910 385
324 101
217 296
235 682
670 757
550 944
1015 230
1130 758
1063 753
746 369
779 206
427 313
272 626
792 715
287 266
383 667
494 813
675 356
555 500
1052 397
453 625
599 743
518 207
714 66
340 825
138 345
701 444
349 420
407 524
646 192
1015 425
421 637
427 335
986 734
488 488
280 353
1003 113
756 431
645 951
984 681
255 912
722 548
995 314
875 1002
262 293
282 820
803 174
552 527
401 378
897 569
1048 183
630 601
1019 420
274 816
1032 526
749 667
574 19
712 264
399 828
260 809
669 182
764 912
463 926
434 129
656 975
573 538
658 405
272 63
608 869
396 443
326 84
308 892
953 766
1018 341
453 824
282 251
849 840
1029 946
506 334
861 457
893 213
572 684
390 761
735 615
498 927
342 97
768 375
955 542
398 237
482 977
541 936
513 78
449 87
145 713
1024 749
1011 125
510 468
515 981
834 358
877 548
661 531
785 847
563 572
443 693
516 871
554 104
329 424
372 679
550 135
484 207
467 214
748 844
884 576
641 610
272 218
736 663
221 362
869 489
521 95
679 340
617 395
529 760
420 308
719 36
279 397
906 769
1017 127
277 272
607 216
769 131
453 740
1013 940
518 761
622 706
336 144
922 114
695 431
313 814
139 166
880 395
774 297
550 376
660 684
679 577
437 202
515 141
1143 531
514 349
271 812
992 729
635 530
652 451
960 229
1076 365
297 640
218 422
640 990
534 160
1026 748
554 0
560 57
454 378
526 449
944 599
543 175
504 187
611 672
814 732
791 670
562 633
252 650
771 490
326 913
425 158
670 926
1009 866
578 588
988 617
301 263
249 462
735 630
1063 353
