395 670
623 592
1065 32
590 906
863 45
240 318
308 673
166 286
430 719
286 481
401 266
1136 702
795 711
487 689
481 349
324 336
721 512
311 287
463 680
467 939
352 889
496 254
1022 399
1016 997
884 456
488 218
973 205
665 719
293 327
275 138
915 848
615 817
1033 32
228 150
866 750
979 606
880 827
817 453
462 186
292 183
607 873
931 916
744 48
815 819
800 233
414 29
753 261
1151 552
692 110
524 330
622 684
1083 547
884 303
407 916
380 203
862 416
698 484
344 779
790 806
944 669
843 548
192 151
295 328
618 742
495 114
614 916
703 799
260 344
1009 128
528 393
961 90
1001 404
645 862
305 153
305 668
913 350
410 663
581 155
868 28
985 837
855 497
894 758
674 522
450 470
919 304
316 245
256 906
704 541
683 630
288 899
594 671
664 177
1050 883
660 311
1085 945
702 585
625 373
847 91
1149 951
212 861
1106 201
250 701
715 354
331 719
511 55
669 769
1011 439
988 843
841 599
535 516
793 502
821 871
811 812
387 888
855 600
1047 874
596 256
708 676
681 513
301 364
916 691
878 458
1048 197
351 967
744 930
920 451
921 397
326 369
855 111
835 160
1075 85
805 264
1039 796
318 836
542 916
487 984
578 590
681 569
557 794
369 903
337 94
1135 543
342 725
591 311
289 214
1036 414
186 559
385 512
573 327
450 130
296 509
535 348
897 809
703 721
475 719
635 609
595 953
739 117
827 582
1021 729
725 512
1101 310
638 147
587 412
857 215
851 739
573 253
354 478
991 559
725 900
620 324
885 630
436 880
516 387
175 40
994 490
816 457
1048 571
769 579
995 818
834 561
983 -8
491 618
672 172
262 735
1023 670
467 85
691 908
457 927
306 387
1024 591
413 765
505 243
640 844
437 590
207 842
222 773
340 613
864 274
114 64
