745 463
266 119
947 809
743 565
995 773
995 1002
837 422
816 47
954 481
414 139
463 200
829 344
782 788
494 1021
392 94
939 388
747 540
267 459
734 581
1016 950
567 670
544 204
580 300
604 722
168 140
647 771
614 743
206 404
755 885
909 268
785 105
757 679
446 275
224 327
869 212
488 224
819 702
598 450
874 341
341 45
415 464
467 526
712 822
1049 413
299 331
749 664
584 293
1070 962
221 127
632 667
178 360
1042 337
999 676
992 565
788 883
145 606
534 759
509 268
424 693
861 688
395 250
211 857
981 131
812 463
253 341
944 927
901 495
164 949
555 516
822 602
951 296
256 374
307 541
762 245
819 458
892 187
764 516
252 341
650 489
746 136
1052 528
273 916
828 598
640 815
230 297
578 530
541 389
814 179
837 285
1014 262
462 127
617 508
626 255
334 982
768 592
306 982
705 434
354 124
642 896
879 195
310 792
748 811
1079 31
898 957
996 160
202 583
733 875
580 204
534 641
236 138
943 518
233 566
211 846
379 343
800 397
404 382
783 84
544 879
948 347
551 624
358 362
518 812
296 569
1119 677
450 495
966 64
993 569
357 487
729 480
341 416
760 337
563 876
722 97
402 186
424 547
742 484
1020 776
299 121
131 853
849 674
309 381
600 298
999 224
255 264
241 529
950 509
649 1000
553 797
621 675
779 631
1061 779
831 584
842 464
263 166
644 553
729 118
764 768
689 113
359 593
516 925
390 884
717 643
712 800
431 812
988 448
623 244
993 375
623 987
693 731
1154 211
450 741
510 712
308 173
354 324
783 216
731 913
674 146
330 252
355 843
319 551
694 264
424 697
279 232
542 667
577 158
368 383
926 520
943 616
440 385
683 504
619 234
761 219
158 174
916 606
599 593
422 437
245 461
515 512
942 884
827 253
