1003 953
318 1029
336 345
713 262
593 514
1037 820
1054 77
402 426
404 148
384 284
501 447
232 703
901 428
180 938
598 613
790 202
547 984
472 545
935 222
574 993
239 736
627 803
909 858
460 587
289 735
992 810
444 659
999 835
766 650
297 727
994 641
417 835
229 449
858 17
370 807
1133 -11
661 303
390 100
996 652
333 958
178 62
674 532
1022 310
448 812
1061 437
716 878
899 281
862 859
842 500
478 451
608 282
602 888
553 338
769 463
1099 847
293 628
353 248
481 828
671 879
517 353
1051 333
457 385
422 513
503 804
668 524
439 281
645 1006
826 39
341 496
302 28
365 812
594 803
172 59
363 778
591 756
929 766
664 203
287 143
1027 558
360 678
712 772
429 497
864 472
899 23
821 556
817 273
903 429
823 119
969 0
710 882
864 521
632 734
451 324
540 940
245 776
727 66
692 161
378 807
1087 526
576 795
215 102
839 606
792 63
776 611
397 560
908 666
262 507
972 824
267 766
263 317
196 988
554 403
286 523
749 574
661 1030
593 445
1010 623
234 603
989 546
322 527
464 279
284 695
1056 746
708 222
217 483
524 651
562 702
710 811
716 391
827 601
828 752
881 753
847 758
622 711
338 784
647 87
434 811
1122 721
926 285
472 388
920 881
676 365
652 605
297 289
244 440
411 321
625 557
954 893
594 430
476 694
329 387
993 368
678 500
488 200
737 258
951 180
234 842
539 628
632 74
568 420
206 47
199 995
683 265
1018 419
955 690
792 784
274 655
540 377
879 639
814 417
157 583
279 1014
591 799
572 218
438 229
791 657
557 178
524 879
324 315
618 167
604 940
933 50
1014 477
432 3
727 788
768 280
343 697
823 647
352 468
322 246
915 440
610 166
277 218
458 792
965 651
1046 162
501 145
917 178
805 513
588 892
