411 670
300 558
332 190
806 758
704 829
330 23
1054 102
501 318
575 810
297 568
198 658
577 93
809 278
528 226
454 547
871 818
655 723
934 559
575 649
261 445
746 663
326 148
986 553
377 752
671 666
276 322
825 782
213 922
953 459
360 677
758 707
1059 878
306 928
273 472
612 933
1087 430
921 528
959 270
1084 590
430 223
780 329
608 33
823 540
501 417
145 104
327 209
588 604
282 401
860 147
573 229
199 621
879 304
323 153
1111 132
887 259
849 134
527 316
365 561
628 509
290 782
504 615
849 518
748 752
617 411
844 222
1066 601
331 216
736 227
723 540
311 310
733 249
568 191
465 137
864 383
202 149
290 600
667 155
198 287
885 498
774 271
643 833
316 493
358 968
962 613
669 928
661 278
433 291
592 418
710 361
1154 544
903 866
285 408
466 464
1061 150
193 882
939 471
1006 758
257 970
307 848
614 378
551 589
369 268
422 414
402 145
308 1033
831 462
256 527
1049 268
550 740
583 485
1030 511
312 489
464 348
1043 162
400 586
454 192
791 192
879 765
260 418
581 919
702 659
1133 811
376 26
303 125
367 859
590 539
630 814
534 554
699 738
597 633
484 722
236 339
629 385
1055 292
626 676
851 723
964 395
1074 923
923 753
917 842
876 148
191 474
337 137
770 462
554 566
778 579
955 988
1036 722
1000 350
1057 857
558 554
1022 631
492 331
613 506
509 187
489 722
774 333
479 239
608 864
216 556
977 555
702 785
776 638
855 806
142 639
858 74
580 427
464 552
946 621
503 596
1048 247
243 880
955 572
237 481
519 917
967 65
676 146
240 348
245 551
934 754
293 856
1014 271
395 571
680 122
274 378
664 53
717 678
551 827
860 830
528 780
766 880
435 743
665 663
266 885
693 906
892 119
512 121
258 846
780 90
289 683
