1008 461
593 263
634 109
793 835
485 497
737 867
1007 608
518 646
636 225
383 148
843 847
279 710
481 239
802 598
740 569
409 369
286 744
156 217
489 710
888 429
976 263
240 830
575 406
817 226
913 346
261 916
755 573
1030 500
446 857
278 533
458 528
880 483
655 454
304 601
930 487
277 252
599 885
232 46
810 303
751 814
1006 478
735 990
1012 801
615 116
900 661
369 833
838 139
282 531
939 604
430 847
511 382
982 850
685 876
728 848
740 84
745 422
356 263
558 85
1059 328
954 313
317 387
1053 912
650 460
868 813
501 60
976 521
535 626
899 613
262 775
583 311
517 627
333 500
1022 789
521 828
1038 774
742 417
1079 672
299 928
923 532
301 926
1034 573
614 416
290 735
598 654
757 629
775 297
724 835
518 335
311 171
957 606
420 299
153 117
572 253
444 176
250 390
289 278
865 321
455 539
570 176
947 576
458 661
677 693
598 889
526 227
723 202
790 378
897 272
1022 282
1003 881
977 661
561 899
997 224
287 744
967 263
623 632
1028 522
474 197
896 666
939 407
532 682
204 116
950 369
275 631
461 422
636 941
930 129
603 604
692 876
771 507
443 920
930 946
628 900
406 610
119 278
542 187
329 306
989 249
701 746
719 122
985 133
823 348
1036 593
589 544
809 626
531 793
672 667
675 63
547 1026
666 385
460 645
271 586
1011 930
424 985
750 693
833 222
316 52
704 523
317 712
1090 329
920 770
662 916
619 636
987 656
935 89
519 891
774 371
711 902
400 886
364 123
462 650
716 554
1013 831
867 698
540 318
727 575
734 582
543 213
796 271
137 855
503 910
885 351
861 534
278 537
983 630
498 825
482 411
112 684
205 728
1017 914
290 170
389 853
839 698
1084 653
350 560
676 878
244 390
223 60
850 503
931 600
721 389
