243 624
209 739
774 325
308 914
948 933
805 876
827 797
846 756
299 102
477 509
233 212
801 636
462 715
200 616
712 332
772 974
629 799
690 260
1023 230
668 596
652 716
550 414
756 754
783 939
624 712
208 679
797 71
755 804
472 567
969 777
247 801
549 542
927 94
904 155
1015 792
644 775
373 641
254 653
723 85
564 97
622 384
590 186
692 1007
735 147
524 989
967 670
586 321
870 268
653 525
279 821
269 584
669 678
720 385
472 251
270 250
447 983
1058 674
812 438
1052 398
241 733
719 199
944 736
1067 114
425 502
741 280
357 576
724 704
399 582
164 1026
420 823
345 269
989 193
942 108
983 183
760 562
562 591
365 781
454 502
180 228
295 445
436 288
688 440
475 402
1019 210
918 978
750 1026
946 593
1003 892
799 813
397 866
842 219
450 779
785 114
624 311
717 754
691 684
482 590
677 358
254 949
582 340
335 787
643 407
747 175
235 195
925 583
900 896
288 544
401 264
580 386
583 54
303 489
409 693
1013 71
423 690
578 589
495 73
396 807
742 775
994 598
259 160
571 120
156 625
685 207
461 625
811 955
833 855
535 480
1091 912
500 818
896 560
772 243
885 616
451 215
215 12
518 546
453 596
815 501
762 744
705 111
755 842
630 149
840 759
553 245
266 842
439 881
745 245
291 214
380 689
620 901
836 534
727 407
887 789
487 777
601 885
259 195
552 571
598 633
105 541
658 557
574 892
1145 902
863 405
962 196
755 782
318 114
628 837
292 285
849 410
991 358
277 498
212 528
835 554
246 574
711 908
815 792
714 491
579 187
780 175
793 467
540 27
600 767
586 682
669 469
218 852
479 140
630 522
936 210
1075 557
366 546
479 351
1125 74
709 169
313 252
908 441
705 862
786 429
1098 926
515 151
1005 424
473 685
