494 249
742 292
598 423
948 313
237 869
963 850
421 200
369 146
274 186
383 161
850 264
359 600
195 275
869 769
165 800
693 92
840 923
629 829
616 576
383 365
1003 170
1026 352
372 834
514 392
757 919
418 163
720 783
1048 392
353 600
374 796
206 144
383 870
774 982
200 377
1007 880
778 810
342 575
302 870
888 839
665 478
519 85
298 971
653 734
983 198
267 108
502 211
1019 467
861 379
867 342
140 958
934 842
220 334
936 487
598 446
299 768
657 151
967 803
294 884
345 224
380 515
331 479
770 675
400 581
184 529
496 678
507 456
751 632
351 609
558 677
424 613
589 779
512 867
564 311
290 487
360 124
461 757
903 181
398 272
496 410
338 564
703 814
945 43
151 274
1031 332
424 288
260 268
236 484
541 842
502 728
361 297
487 489
345 114
157 1047
741 697
572 374
149 738
409 1000
311 386
663 939
476 389
835 614
556 894
433 332
788 343
327 931
1148 781
940 371
982 995
830 805
506 434
502 482
936 557
1047 967
611 632
482 486
434 842
510 87
929 273
1097 915
676 565
989 198
854 547
500 394
653 132
1103 976
988 503
479 713
414 189
685 351
409 928
518 260
615 967
722 469
654 198
562 329
149 987
1013 332
865 171
848 591
348 395
546 810
152 192
1007 831
764 522
518 557
356 534
798 673
376 290
441 285
768 224
885 171
622 132
800 553
422 651
833 654
899 619
1024 318
523 715
263 593
577 66
754 538
488 654
401 923
778 291
274 658
289 801
305 537
597 316
334 556
569 288
433 264
716 152
142 637
1009 46
1085 591
667 652
162 50
803 792
791 849
407 407
911 179
655 886
602 915
1104 304
487 666
704 879
490 671
272 627
609 894
364 391
224 502
637 745
662 51
988 399
645 516
674 801
791 623
754 968
565 461
239 558
