540 643
994 490
269 70
748 128
299 225
750 804
789 371
722 862
991 667
580 689
341 771
405 707
882 348
469 415
1069 895
434 857
341 50
783 242
1112 210
254 298
606 771
634 158
713 936
206 813
620 165
580 819
154 866
470 398
318 591
412 542
402 694
709 233
1003 709
734 441
762 365
1013 519
448 777
239 160
1130 869
803 706
679 653
241 288
627 852
282 394
525 171
457 754
971 402
923 486
881 388
238 489
760 710
412 701
943 456
512 711
983 328
827 487
896 816
175 647
905 706
809 199
1010 445
327 686
673 341
855 495
832 133
1084 654
652 272
372 127
719 -5
869 326
619 442
156 828
214 497
581 76
293 397
459 905
719 141
814 645
721 746
261 478
226 811
204 687
805 206
829 427
525 143
728 256
537 889
984 842
588 766
1097 315
975 301
1068 843
252 464
278 121
154 673
685 464
528 541
297 892
541 139
386 733
982 814
371 472
732 551
690 389
841 559
375 894
718 409
1066 385
580 268
439 128
1037 916
196 197
1073 874
872 831
338 411
536 686
354 108
545 967
309 475
1123 878
452 665
799 343
343 167
517 710
386 797
845 909
571 441
1113 627
722 171
757 724
387 645
557 757
533 526
911 611
860 844
973 320
587 760
975 74
931 281
469 345
1010 871
261 510
398 160
371 644
959 358
298 521
921 696
375 212
254 310
425 582
240 222
274 474
963 124
471 503
714 271
785 121
835 240
254 147
569 761
1017 185
379 393
423 647
442 663
999 893
318 550
363 108
959 864
298 248
144 294
674 288
763 583
963 155
492 334
768 176
650 193
625 876
1060 264
808 330
1052 433
536 179
640 597
1004 320
711 163
418 756
707 941
654 69
536 859
678 118
705 247
506 166
187 20
563 253
407 305
697 795
737 224
376 534
951 539
367 317
912 238
465 391
