361 842
216 137
407 444
355 770
927 378
481 797
992 817
637 598
671 355
338 644
268 880
1012 363
631 338
1007 849
425 392
731 115
564 923
570 280
361 774
323 605
869 697
791 359
695 364
632 806
596 606
1107 445
724 180
457 334
1077 178
680 881
816 690
346 323
1039 266
1063 136
449 89
493 918
287 643
209 76
777 832
705 752
867 286
423 544
854 729
566 404
372 454
492 288
578 941
987 408
291 197
788 668
722 419
569 496
902 264
314 870
451 100
1143 707
970 149
690 826
232 211
966 878
310 428
475 413
214 196
463 701
475 567
815 641
713 581
416 812
1106 809
1033 822
343 871
763 251
256 384
653 931
1016 588
837 845
711 931
930 714
1005 391
991 781
856 626
1057 411
531 236
484 406
422 585
651 237
401 856
525 306
433 806
902 741
272 702
823 172
624 316
1047 500
553 589
907 149
666 79
557 462
334 866
209 230
1039 217
214 989
418 571
878 495
561 525
606 420
408 854
482 300
416 370
341 546
732 663
907 371
865 360
792 813
662 630
1001 866
744 866
564 364
476 773
695 296
482 262
1008 212
737 264
858 722
638 390
823 352
1049 681
757 132
575 399
582 519
543 1023
846 139
732 352
454 226
766 366
365 381
381 490
612 137
813 1002
523 926
364 309
317 858
755 279
169 1001
766 401
843 834
513 821
540 743
457 340
735 198
347 330
251 767
786 487
943 396
813 932
471 414
807 927
623 192
771 286
558 357
817 104
833 558
825 874
831 507
544 638
396 800
688 18
718 587
631 663
1121 490
257 404
837 951
836 812
1032 216
208 37
860 177
919 963
422 410
451 622
683 564
483 599
894 624
595 420
723 139
732 162
876 300
588 279
666 148
765 540
979 147
355 886
259 530
619 351
937 582
882 249
420 178
801 335
421 169
730 934
497 834
