452 815
900 735
610 91
963 482
586 719
806 300
445 390
785 223
578 871
395 370
812 562
434 672
713 625
418 363
158 618
932 607
323 860
513 273
471 838
240 101
864 391
685 819
545 558
162 688
1107 558
1041 807
1077 269
149 821
889 279
877 486
812 58
953 584
675 504
779 858
421 455
599 852
928 258
427 697
1043 374
661 233
484 790
478 260
392 437
386 410
788 483
250 744
538 776
751 661
969 716
426 736
421 440
592 374
580 598
777 355
292 545
516 809
523 440
959 568
704 166
699 357
811 161
714 590
743 107
920 776
783 265
261 662
781 767
837 283
876 865
447 398
143 375
954 882
771 143
766 897
396 781
984 766
755 540
361 343
721 107
1057 498
524 514
654 766
843 219
593 270
952 313
745 357
985 547
698 166
639 749
285 641
484 133
1046 160
213 616
684 857
454 218
625 753
881 307
527 307
932 642
1110 615
410 813
647 703
772 95
278 585
996 455
253 297
984 760
932 656
732 844
252 471
544 733
822 382
737 550
428 564
671 210
350 110
560 75
1037 889
230 424
470 771
841 134
546 284
654 313
421 559
526 867
491 565
1061 24
830 157
269 474
370 94
711 463
330 713
924 552
181 568
784 929
512 404
832 189
660 797
802 439
299 664
387 880
560 113
383 677
1118 351
540 288
756 442
253 544
187 840
254 575
767 619
344 131
213 543
999 700
1018 392
577 740
320 474
731 456
1018 847
659 62
847 377
384 938
324 528
406 303
657 236
897 537
952 372
255 203
847 673
613 700
919 84
444 858
242 313
640 873
639 40
628 593
516 427
964 83
1156 450
423 466
443 203
467 804
842 212
907 763
877 930
617 128
908 229
282 388
632 115
457 481
417 473
138 736
468 562
385 448
872 854
1077 150
392 103
950 384
700 482
394 482
970 847
