899 675
156 505
900 778
934 630
180 110
770 272
158 276
935 563
923 902
1019 269
1043 334
644 377
245 537
238 255
1043 134
850 410
271 144
867 691
783 828
471 678
542 817
967 405
424 674
870 882
349 444
462 913
588 210
860 185
268 521
1034 667
256 784
988 481
1065 998
543 514
681 819
1048 505
878 470
721 98
786 207
361 592
901 809
533 255
199 442
1031 547
338 791
824 631
435 259
350 197
382 426
270 370
294 760
801 786
686 678
475 392
920 326
853 840
687 314
709 899
861 894
601 300
1038 162
695 794
967 225
244 625
391 712
322 597
656 311
358 565
228 833
1044 714
836 140
609 869
328 719
780 390
833 418
426 125
427 927
367 557
986 172
1089 379
419 75
368 390
211 270
240 146
375 666
843 384
979 728
967 0
1026 324
674 926
422 263
1095 950
484 646
1071 181
934 220
703 227
347 869
152 107
333 343
1124 785
505 332
234 893
281 905
546 678
939 970
954 884
303 520
727 877
558 909
925 626
958 609
993 403
314 813
813 426
1003 950
683 913
885 126
810 864
450 144
886 918
520 473
970 121
267 177
961 743
710 106
1005 421
425 601
637 178
311 455
921 725
145 579
927 810
673 673
504 910
836 659
183 832
668 811
846 518
272 39
733 783
359 586
974 336
730 653
171 226
931 377
1082 748
305 331
729 762
644 756
902 166
786 867
708 601
200 870
553 418
731 408
1124 17
605 169
963 704
139 598
411 923
567 889
898 691
745 606
596 237
287 144
1045 193
581 386
733 887
939 122
824 664
323 36
1080 731
1112 299
291 37
594 130
630 765
1060 781
234 632
676 398
630 860
644 806
889 269
498 621
564 211
848 493
966 317
497 585
496 234
588 494
470 883
422 299
954 685
448 363
779 720
313 750
683 169
679 905
996 206
244 147
705 550
