681 358
277 693
804 787
763 832
666 156
264 856
731 58
535 436
653 251
398 644
355 739
594 818
695 678
570 647
644 848
854 699
432 70
587 402
988 460
503 410
292 75
456 371
365 112
611 940
182 601
974 727
215 766
952 205
809 867
477 879
921 862
525 173
576 577
557 720
633 931
421 298
527 607
799 761
296 864
741 644
236 771
364 385
814 813
664 44
724 358
982 334
243 378
545 857
794 701
410 509
502 88
423 134
229 497
343 943
238 107
433 488
345 160
971 709
866 731
392 279
547 505
796 720
564 756
1085 165
347 111
330 831
957 706
1018 924
799 136
556 459
221 800
274 352
670 647
180 298
386 987
460 190
789 434
1030 154
448 328
808 891
806 135
543 213
200 309
273 676
376 824
364 648
815 236
527 784
259 370
345 848
433 270
297 252
1084 321
406 635
1008 519
1100 215
1030 209
567 693
685 935
264 543
533 660
781 219
651 644
784 417
863 392
972 324
374 537
841 751
768 421
1112 35
361 389
220 342
1041 826
288 796
887 930
258 312
702 549
769 340
295 593
529 732
642 267
353 457
549 855
501 491
310 188
256 503
985 703
912 831
444 226
1011 183
327 145
1054 254
791 47
794 136
570 821
731 850
587 766
851 352
937 662
842 452
221 152
1024 498
834 756
333 888
487 715
385 881
931 557
739 195
793 616
832 415
800 793
713 708
993 581
874 147
716 693
422 451
873 152
857 558
935 723
214 394
611 319
215 116
648 344
493 453
971 824
417 381
331 131
360 394
308 138
1020 937
699 756
284 946
194 979
986 880
863 531
398 201
632 356
508 755
320 764
357 196
872 786
933 689
291 669
1069 560
1040 196
860 655
548 183
572 750
191 769
612 505
755 563
1023 462
645 283
735 156
697 134
1095 999
647 246
838 632
898 677
646 227
