225 975
748 703
270 333
553 120
685 418
1118 483
537 489
619 289
350 203
755 585
245 493
841 645
772 797
537 211
468 26
473 636
336 183
360 179
228 865
832 481
835 466
853 726
573 413
303 129
641 705
979 354
976 452
742 525
664 613
313 859
335 508
404 147
560 79
815 351
533 461
334 782
508 847
629 71
837 808
203 985
762 449
600 732
598 903
640 444
1083 830
277 260
551 632
546 722
289 815
606 655
456 450
679 839
300 119
861 905
807 898
391 528
256 40
499 402
727 258
907 55
237 459
479 88
526 908
242 189
302 325
1007 504
297 903
344 273
278 393
267 977
622 285
428 776
282 308
943 365
329 772
664 504
401 530
1009 524
295 421
744 882
839 324
467 453
694 612
621 638
781 867
802 553
532 340
811 724
1024 214
261 899
897 301
1123 286
476 292
933 536
971 518
871 58
453 779
755 754
206 327
754 779
487 843
998 719
519 409
473 296
465 221
703 614
214 1001
928 336
415 345
899 500
484 303
972 820
757 471
488 24
195 471
958 5
497 309
465 811
860 60
509 620
630 246
859 480
537 664
562 885
618 874
625 507
359 848
948 423
413 780
330 214
217 59
985 122
327 659
1101 64
603 237
656 43
740 852
547 572
820 445
1060 793
854 353
804 821
817 561
713 702
491 535
285 316
736 498
930 584
594 718
756 857
964 243
622 685
466 733
464 709
862 476
813 948
573 821
454 540
938 916
220 519
588 340
330 162
438 419
928 390
881 297
135 864
463 474
343 897
609 585
714 567
654 342
603 855
542 410
749 248
1032 889
1117 258
811 441
662 890
1074 1000
768 479
960 720
995 771
551 442
707 539
264 618
362 120
852 207
735 668
283 395
845 213
345 1025
1071 278
520 698
952 393
1060 630
728 585
966 877
773 422
956 133
728 728
