715 392
1075 370
268 868
1053 1014
523 96
757 537
267 866
611 505
428 514
529 155
279 107
221 647
999 266
1020 823
1033 739
759 800
737 903
864 698
293 652
447 387
276 796
518 382
789 409
1106 142
733 541
569 720
999 868
938 946
781 290
254 64
993 185
860 140
605 316
730 781
1076 351
921 739
581 791
1043 704
624 196
499 185
235 769
287 263
263 520
779 860
1164 -8
597 73
938 990
710 530
512 801
622 150
872 128
938 618
971 738
271 772
970 908
717 73
288 480
162 370
921 712
336 212
232 168
1037 710
686 444
699 267
484 400
271 550
258 798
454 836
996 77
853 179
450 682
262 542
362 295
723 298
976 615
844 584
1050 448
930 569
738 1021
341 209
661 659
904 649
782 641
274 340
810 263
904 801
305 666
1001 698
406 886
335 625
544 406
664 753
396 764
444 698
935 375
360 340
802 399
1027 969
560 602
587 159
290 517
1094 45
597 85
283 801
461 386
956 209
1043 99
101 622
896 638
485 608
417 351
972 244
784 90
770 41
490 258
1001 884
964 530
266 425
462 849
607 892
391 264
814 110
844 189
575 616
499 253
459 343
1047 576
546 177
446 917
319 223
355 454
625 829
462 214
843 518
529 857
339 752
1017 344
288 776
637 840
882 519
1048 93
286 397
849 782
852 844
600 882
1035 568
230 438
597 584
827 55
462 394
636 498
266 322
520 151
712 786
454 739
812 895
370 53
751 823
858 542
577 471
257 105
593 386
226 924
365 224
743 196
488 284
446 358
341 1015
846 385
1044 657
895 902
596 933
349 843
702 95
576 552
320 789
972 835
552 753
621 731
546 975
849 141
261 168
240 968
283 171
319 743
928 610
410 738
449 53
633 641
852 855
869 444
342 1000
305 655
760 503
443 347
621 753
1010 673
679 511
347 81
953 762
