927 674
958 441
472 90
308 578
943 402
544 679
1051 102
1153 3
692 906
672 506
305 393
626 475
1013 664
517 965
770 375
206 842
956 318
341 441
933 136
615 888
848 871
531 747
942 390
1008 939
583 555
654 246
483 241
652 830
601 244
1059 920
895 93
778 209
1017 814
886 597
1039 159
843 755
496 388
1061 198
1025 250
636 674
491 145
349 910
429 380
1099 158
751 815
380 339
778 460
720 588
591 801
255 701
454 578
770 361
854 449
367 576
661 101
271 592
876 737
1013 483
152 707
360 676
657 486
855 274
780 686
859 433
501 394
1020 317
532 705
433 166
1040 376
928 536
398 657
291 768
207 234
298 176
803 201
975 758
937 523
189 926
506 325
818 223
488 889
313 761
294 775
686 151
403 919
1049 806
936 293
387 719
318 413
820 565
632 696
479 215
518 801
733 596
601 845
587 610
1040 466
247 231
635 763
1044 240
335 914
493 362
671 222
971 187
964 737
230 141
1027 470
388 701
930 893
717 307
643 440
673 300
444 60
826 401
402 832
361 632
670 648
287 354
256 587
1060 501
344 409
1085 125
989 318
808 216
545 185
931 7
878 671
765 482
376 377
719 224
590 299
432 855
854 698
679 366
604 956
647 558
720 376
793 215
1099 726
656 528
968 929
464 881
245 348
848 262
355 663
411 451
419 180
270 564
338 448
340 169
357 404
246 771
866 500
555 224
159 498
833 747
693 227
676 482
711 75
972 190
426 542
237 658
202 939
420 498
978 732
616 417
254 153
254 666
414 689
689 273
788 291
969 63
981 377
865 61
1056 76
245 390
248 797
367 670
801 714
319 471
1057 806
914 824
300 711
804 428
680 878
757 114
708 837
676 941
726 157
994 266
259 702
735 764
760 360
385 229
853 411
774 308
288 577
889 408
188 736
869 611
