445 840
478 821
764 926
676 791
799 527
693 69
229 1021
793 472
483 890
292 852
745 617
632 634
198 569
1073 785
824 403
539 172
929 700
941 254
876 260
477 325
754 670
1031 443
1052 944
463 648
917 966
779 310
715 102
338 166
305 495
814 540
1009 611
973 873
886 371
817 794
1091 891
347 66
709 856
305 916
1055 599
996 652
363 816
525 765
968 231
381 249
1068 154
434 86
395 289
907 563
636 899
1029 567
916 369
240 610
943 231
1094 646
341 482
337 769
824 219
603 63
494 251
820 717
1137 545
1034 406
372 695
260 133
864 466
285 218
391 876
483 41
254 633
321 585
733 120
575 78
546 131
988 557
500 253
956 449
840 538
619 367
161 136
466 745
357 755
334 668
680 547
886 453
496 453
763 697
302 311
708 234
658 799
927 306
787 915
820 416
702 34
121 897
283 520
940 680
514 390
496 583
434 500
200 533
596 273
386 607
228 338
212 404
564 246
537 639
451 455
745 564
525 696
641 524
1020 234
216 421
336 815
620 419
319 216
1042 991
395 32
1073 945
399 844
397 469
555 561
398 774
453 574
981 557
627 661
462 730
1053 319
274 437
641 105
294 413
452 648
698 593
1077 661
835 135
293 821
325 379
381 310
575 117
1150 778
923 205
1099 777
366 759
800 578
718 159
1126 531
1087 1004
558 422
1049 679
258 86
950 554
725 616
190 309
591 340
488 304
1011 475
604 697
391 865
758 740
923 280
425 537
873 429
605 739
485 819
588 901
321 803
325 538
999 735
295 683
1002 171
577 893
604 778
626 177
268 725
303 652
375 729
843 308
194 700
506 1010
1046 828
283 684
959 96
818 108
377 296
1023 552
693 788
1110 919
1028 903
414 717
723 297
420 871
786 648
984 888
558 303
319 402
323 200
595 240
585 656
866 650
1004 876
1041 955
