482 915
801 713
1010 533
915 122
911 181
942 124
335 637
753 649
306 934
580 1033
184 454
934 181
482 420
601 604
831 912
204 583
312 215
602 853
723 67
363 921
1103 833
695 534
750 370
915 722
487 740
197 845
359 570
242 448
1031 825
133 623
299 912
528 412
364 96
288 851
711 382
477 542
956 457
556 789
952 648
960 553
1044 748
647 721
349 747
548 604
770 338
386 923
900 430
451 210
278 276
551 334
840 281
621 866
914 251
388 425
839 508
474 462
376 889
680 271
295 453
732 602
763 221
677 437
857 202
1051 171
699 327
284 703
855 716
403 695
349 105
242 995
873 149
647 504
867 116
938 780
336 808
572 557
697 212
862 211
651 78
391 327
348 705
790 621
365 361
581 680
1042 815
922 942
271 143
236 633
616 817
626 279
326 297
407 166
290 439
289 30
642 187
284 665
844 680
956 577
520 718
470 883
462 768
591 674
543 543
848 858
642 37
814 361
1021 618
669 551
326 889
690 126
310 559
996 799
866 69
935 149
762 641
578 376
1061 839
165 455
751 610
257 670
557 606
317 83
480 344
268 609
440 164
309 237
853 133
627 964
519 940
683 215
713 206
366 493
525 211
607 684
389 642
790 229
709 433
509 904
675 310
596 904
758 966
1037 34
673 798
997 189
831 341
243 611
904 666
556 49
653 508
620 827
427 190
986 604
563 770
835 204
452 206
804 433
1001 547
568 100
351 925
902 518
876 770
572 703
1066 716
997 433
857 232
936 468
567 245
548 251
534 427
386 148
479 721
371 372
476 661
1161 505
827 387
329 881
580 801
701 788
213 862
959 338
920 151
410 174
701 620
210 706
472 767
337 552
490 509
722 976
526 456
409 599
1040 517
722 1020
474 680
1002 533
369 377
965 865
623 185
852 289
860 317
580 217
