468 805
726 423
301 356
383 159
203 57
261 647
621 432
994 477
406 200
205 761
570 262
533 421
729 369
1031 462
351 576
486 193
784 111
675 728
663 480
321 479
568 483
591 900
455 561
714 129
615 380
421 568
763 823
1070 95
664 829
940 87
369 521
657 607
331 290
933 430
312 618
857 434
851 392
877 259
485 247
832 780
685 242
241 262
992 435
657 322
765 954
550 120
663 491
846 762
372 710
302 815
548 867
645 566
796 532
876 446
755 874
782 722
857 837
1063 94
343 954
445 1025
802 126
692 236
1059 651
588 38
362 572
224 388
673 480
489 521
579 98
693 553
1016 903
455 678
369 630
292 400
541 749
273 262
741 299
903 369
824 611
206 326
793 331
294 156
752 244
917 637
488 144
937 520
977 729
728 878
785 318
697 111
936 715
287 666
568 516
164 174
592 248
678 174
896 535
807 108
892 141
939 88
347 888
487 487
243 891
860 533
954 217
294 684
1051 707
549 224
685 246
874 473
155 414
693 928
915 -2
747 612
678 544
550 377
867 312
682 472
636 781
427 369
358 96
787 227
579 498
1130 741
801 947
1139 534
1075 904
1001 649
1025 839
815 522
409 351
342 128
232 550
1066 237
720 250
250 875
264 461
636 837
425 611
271 761
265 752
878 243
1057 12
374 193
994 214
240 471
592 560
603 767
747 673
737 295
388 208
514 489
447 856
576 312
904 772
184 738
374 84
1037 280
655 787
434 280
1004 701
468 167
649 839
829 643
826 379
584 727
816 388
686 195
674 556
1065 65
804 374
717 127
741 814
499 197
932 375
496 463
655 778
685 810
706 132
981 481
433 388
655 116
628 175
611 904
250 319
728 97
328 776
186 66
240 220
237 430
305 576
223 890
985 96
723 351
642 796
987 224
899 335
240 431
886 348
590 642
