754 183
986 441
868 216
752 748
967 577
310 741
812 605
1042 838
673 707
640 825
914 680
986 234
537 660
908 379
810 465
406 861
699 760
357 265
801 456
698 361
644 449
712 508
1142 329
602 870
417 793
849 126
1016 266
841 478
580 787
1043 586
595 473
512 628
880 182
735 643
892 811
991 455
995 618
449 628
667 380
493 830
744 929
266 280
568 586
729 615
869 614
921 984
475 670
682 585
781 536
738 289
938 828
901 202
886 655
348 356
795 160
328 202
709 580
821 665
1031 912
535 318
283 516
586 188
741 965
175 891
430 445
950 674
910 614
667 544
336 599
429 910
292 254
902 275
982 769
386 919
755 374
1010 991
573 818
888 814
880 1017
486 501
702 938
890 862
591 293
166 41
890 497
427 184
464 706
763 758
958 207
667 853
601 389
1025 641
1009 328
673 581
616 143
464 152
460 248
1009 442
978 430
1078 250
354 787
814 722
623 988
901 259
982 775
366 296
618 794
747 142
708 312
410 888
271 826
739 818
468 431
946 848
850 936
173 806
874 536
592 267
566 248
412 533
969 709
466 820
655 559
537 383
735 567
1062 741
226 774
1096 845
934 615
395 857
356 192
426 879
296 202
532 374
437 572
854 336
427 457
273 288
295 786
572 756
613 149
1113 466
440 770
368 476
680 793
1093 899
555 10
874 318
208 253
685 687
755 869
564 706
648 789
732 884
215 652
340 589
1004 804
757 642
160 502
808 640
1002 414
480 251
821 443
392 473
234 171
445 792
845 225
493 895
408 11
620 827
557 21
815 320
562 715
433 546
655 556
927 351
851 219
315 1000
698 847
538 803
660 52
393 1023
678 800
526 388
1031 49
318 774
959 593
774 602
356 392
451 368
267 553
237 912
1066 172
863 76
524 377
377 885
748 513
548 868
295 292
796 618
