494 681
433 145
369 355
510 147
1064 632
201 114
525 262
778 278
806 303
441 742
295 321
253 712
989 210
236 436
902 719
1054 725
261 338
902 830
741 130
354 268
436 739
818 340
547 230
521 908
965 747
688 467
689 161
931 609
784 890
668 238
979 731
335 272
948 953
530 138
220 200
760 410
948 716
596 629
872 1002
880 439
463 469
1012 462
592 946
458 357
155 960
728 298
894 440
385 658
771 636
764 834
123 294
737 495
184 894
345 183
782 392
931 96
368 371
588 769
392 745
722 94
342 427
509 574
550 258
611 786
795 516
121 85
468 597
997 296
396 534
280 272
689 582
664 674
786 936
665 762
197 924
970 976
690 484
1071 549
626 361
900 866
891 750
888 921
234 767
475 853
554 431
210 802
767 56
709 203
1040 270
303 152
997 676
1052 795
345 628
818 520
321 699
609 98
856 808
870 629
394 951
341 336
885 146
205 220
902 292
481 304
855 862
916 293
688 120
347 393
335 161
424 673
616 213
787 165
429 688
638 432
675 96
600 645
737 604
713 780
901 459
909 615
1042 181
760 286
795 512
619 431
861 678
580 707
413 650
1080 677
945 676
988 705
1024 234
479 646
200 517
235 420
822 816
392 194
827 364
1049 690
211 504
581 442
151 734
209 103
395 481
1031 583
227 512
760 379
834 763
927 390
591 497
304 622
549 922
620 316
231 416
622 933
837 1013
757 811
418 785
670 249
322 830
969 622
858 96
184 531
284 312
763 634
437 454
226 280
1101 408
1040 1010
519 905
909 771
834 727
871 147
307 875
240 818
843 529
594 425
581 758
1010 396
768 255
1009 279
510 315
580 111
496 733
282 372
795 614
389 503
757 949
411 536
807 867
690 666
820 196
880 535
893 834
567 1025
300 657
945 859
772 859
544 947
895 630
570 333
