480 884
306 340
606 233
1004 1018
819 755
746 118
444 241
853 483
823 574
401 653
997 899
843 819
485 156
569 866
671 508
493 802
558 882
443 560
832 174
909 156
1007 771
1038 245
580 521
442 310
797 907
755 896
595 409
747 867
246 149
403 21
458 273
1008 714
167 668
1062 354
883 429
787 176
409 615
531 643
712 538
466 710
397 890
896 108
401 315
177 217
439 81
471 843
442 650
447 229
568 859
990 681
204 220
943 494
391 672
451 157
742 623
579 11
292 614
646 212
301 697
684 287
853 930
938 208
416 880
535 901
302 782
965 794
892 298
453 744
348 517
1131 70
673 266
1004 172
273 245
286 303
877 753
560 242
1010 188
1097 76
283 250
569 618
867 781
1073 932
896 105
293 65
311 920
172 37
777 730
859 148
939 565
431 642
417 1028
287 265
384 231
1012 850
786 117
1075 816
864 599
586 629
963 795
502 90
438 958
947 129
475 494
339 826
328 829
731 913
505 851
899 733
962 314
1024 777
1077 280
627 303
337 298
340 466
699 664
187 799
1077 691
800 737
410 132
683 710
707 346
924 132
235 138
1032 703
251 669
709 768
345 790
987 532
419 170
785 333
590 488
513 833
946 276
1022 286
760 348
469 784
245 353
827 352
840 371
868 894
743 518
423 915
889 220
1013 635
864 417
165 138
489 336
444 -4
1173 954
171 189
516 695
609 165
624 815
880 543
296 322
697 170
1045 323
368 371
517 521
863 866
651 820
820 243
313 210
266 827
922 357
699 700
983 458
235 369
519 154
488 130
562 446
716 292
891 613
492 101
519 717
235 50
1007 801
667 612
524 227
869 869
466 315
824 393
786 714
809 305
540 727
688 857
923 409
513 541
468 707
975 268
1044 270
362 554
1075 578
450 608
683 489
645 683
412 410
599 764
336 554
457 960
