120 463
164 705
863 119
1008 345
147 259
962 440
336 100
1109 73
795 200
429 565
377 728
342 590
708 392
329 207
985 98
270 623
523 724
888 64
167 236
563 681
391 96
421 830
456 904
351 732
429 86
212 941
730 8
239 793
640 787
689 591
1133 999
929 336
311 580
778 482
365 385
745 540
1094 398
781 360
831 234
912 346
904 559
307 669
261 784
281 563
1134 9
504 844
594 273
568 587
568 165
548 219
1023 321
159 958
614 452
1025 887
790 542
221 360
560 613
890 772
611 821
842 587
504 374
688 892
217 488
980 775
382 332
199 167
183 740
1095 883
767 492
851 651
1114 95
299 727
498 616
687 323
396 267
769 122
975 578
1062 638
185 105
885 224
628 461
520 438
986 534
550 242
439 956
947 519
690 390
881 725
325 908
1032 855
1054 68
1068 574
758 772
466 819
734 306
1108 555
451 65
838 894
513 15
292 1027
284 517
1036 823
622 210
277 732
1052 681
869 844
985 574
1012 407
442 163
848 426
448 331
644 255
222 784
578 593
478 831
339 880
173 242
543 809
629 439
213 593
627 525
646 858
155 852
234 254
356 525
340 160
622 480
977 610
789 850
996 183
775 722
741 64
693 211
851 540
1051 907
786 631
1076 365
417 342
822 -8
287 373
975 355
973 260
186 844
293 907
944 302
713 835
780 383
706 496
815 833
1040 114
723 511
973 852
176 836
860 728
1105 146
811 376
431 910
376 450
679 743
503 80
709 181
797 209
978 330
686 478
696 200
364 301
773 907
311 204
319 168
267 432
490 549
526 898
710 772
281 378
729 301
254 658
281 585
435 63
980 724
276 264
641 513
898 306
287 765
1073 235
321 953
533 163
743 156
894 331
1000 395
664 446
1031 837
188 144
941 259
396 11
618 16
440 927
466 348
463 431
841 598
542 262
