683 466
1067 392
880 765
967 271
518 758
658 454
399 783
319 288
868 507
772 240
217 711
731 545
681 688
459 841
675 506
429 9
826 143
538 713
573 197
171 856
453 162
469 443
720 841
831 318
795 140
443 458
685 377
1090 73
976 551
941 824
698 387
1050 472
549 196
1044 388
346 768
268 920
414 375
742 103
622 891
802 853
422 925
154 559
630 430
598 336
905 388
731 558
518 196
656 882
256 500
513 119
1023 649
722 365
493 29
470 871
405 323
565 219
1113 885
299 1028
422 576
908 396
519 281
1124 466
216 817
1143 691
443 726
898 716
1056 972
434 569
817 406
635 953
611 541
713 751
1047 792
671 275
445 359
733 533
472 116
578 163
268 677
735 481
458 101
191 15
331 708
904 919
647 236
314 501
866 386
817 525
658 769
369 940
972 297
336 633
1038 58
315 857
246 258
1112 18
943 198
358 735
782 718
435 261
719 654
1103 584
367 308
754 672
271 418
804 369
377 313
392 768
472 330
215 639
686 330
778 325
250 175
795 593
403 138
443 738
231 168
620 723
279 844
1005 485
478 709
714 822
528 202
915 686
915 925
688 734
273 966
810 969
806 549
470 11
740 459
291 815
411 114
202 921
922 129
497 660
280 233
819 615
360 67
776 456
287 309
1103 681
810 708
1086 62
717 266
993 92
386 285
234 430
980 20
488 442
636 182
335 339
394 556
1059 893
858 693
741 1006
501 861
931 338
441 510
1125 295
396 630
236 128
483 322
1013 364
344 150
346 81
1025 739
501 794
777 288
391 648
463 121
322 399
901 649
463 879
786 92
126 539
480 380
314 337
869 730
308 139
1154 140
1018 90
912 581
751 281
984 844
238 340
914 147
1053 191
561 911
957 285
517 278
314 381
739 396
548 463
478 670
542 288
1081 625
450 435
594 555
435 300
