903 465
804 437
965 815
949 457
949 608
357 149
217 95
384 356
1013 850
1054 677
817 263
256 63
606 157
653 948
602 753
251 661
580 70
801 808
223 666
552 161
972 722
899 201
931 860
274 395
717 291
1136 417
716 833
1078 712
1004 473
720 610
352 663
364 329
492 921
876 917
557 570
665 649
673 217
894 633
773 763
452 254
864 762
410 553
898 236
655 857
873 631
918 175
238 897
356 215
144 53
449 240
1084 665
859 818
574 163
735 455
497 865
1102 784
702 619
639 449
532 627
377 399
617 237
989 128
1074 321
342 785
281 109
810 367
924 105
475 96
796 864
285 400
177 249
633 922
320 881
222 685
1087 364
808 303
575 893
517 601
721 874
752 214
1075 803
951 408
786 235
793 382
300 694
260 728
997 801
874 206
343 956
1001 930
953 797
221 710
458 268
974 270
1036 644
508 426
1072 297
415 366
156 466
898 921
765 1012
732 449
502 117
545 601
193 771
303 745
927 98
655 788
305 560
933 885
808 836
557 875
405 418
476 269
711 205
228 859
890 669
597 828
405 116
657 744
388 405
256 637
504 319
353 571
164 302
460 627
940 159
602 556
979 790
949 798
256 115
583 404
573 604
198 382
197 173
410 441
717 809
722 234
264 108
833 791
1003 111
635 866
1034 81
978 571
449 655
1154 110
128 1009
1004 434
452 582
854 436
876 826
625 881
672 334
672 896
451 366
504 262
225 543
775 548
557 534
1023 859
557 808
935 284
967 188
561 391
571 473
925 21
697 670
1084 326
832 553
262 830
803 822
351 846
688 431
627 473
821 950
990 210
604 542
713 426
564 359
798 121
476 105
778 339
486 433
493 697
743 581
424 804
694 599
956 606
605 205
751 540
495 101
280 791
607 664
423 289
1027 782
688 247
1017 548
416 694
180 648
679 164
