572 517
962 615
779 640
312 567
480 832
884 193
708 674
602 946
522 21
965 827
575 805
909 455
871 571
242 207
280 604
950 795
580 683
284 406
352 578
622 913
314 554
298 293
313 567
986 829
212 703
300 515
1053 949
515 760
254 296
815 211
950 430
956 165
737 219
527 914
1088 596
648 706
209 815
497 647
207 269
656 674
1058 763
517 255
313 119
273 464
846 894
761 741
314 627
299 420
1023 746
1031 179
1021 135
451 261
638 300
691 16
971 467
279 723
731 189
782 161
680 697
278 595
590 648
906 388
217 570
872 972
246 555
1005 267
912 605
238 985
729 1008
277 666
1080 126
386 602
277 211
546 388
974 651
639 130
892 496
262 235
1024 149
314 687
528 127
932 783
464 803
530 441
335 908
834 823
995 479
512 359
1110 1000
617 392
356 670
1074 555
840 106
1076 458
440 598
350 224
389 585
497 64
988 878
457 526
941 556
799 207
617 331
559 395
456 780
482 312
257 581
647 763
225 827
1016 890
543 474
316 534
856 872
895 772
420 373
777 -14
315 273
855 910
1088 777
396 299
750 592
384 683
980 864
516 219
851 911
521 546
909 625
598 886
445 141
266 416
916 894
433 198
525 578
980 305
925 429
735 47
909 310
873 615
856 545
559 688
777 734
240 235
392 821
435 692
280 93
287 349
671 116
1030 150
797 283
500 201
898 359
636 242
327 637
789 319
920 349
436 612
742 646
856 822
632 847
420 886
197 70
415 455
688 774
870 289
778 874
1017 477
610 501
426 871
830 840
464 853
401 364
583 421
920 688
517 546
322 383
609 669
337 697
933 308
435 389
1076 220
456 478
756 763
547 888
834 790
222 962
547 225
1102 909
1072 137
207 732
1006 825
960 19
263 417
877 162
598 130
727 632
291 609
801 337
745 243
669 598
861 540
