160 309
769 158
325 591
393 243
1077 747
570 438
362 626
769 768
986 1001
960 266
827 394
904 302
908 634
397 803
622 724
706 468
700 210
1034 383
279 838
653 130
842 707
943 121
386 358
784 1042
926 352
634 895
291 549
623 611
902 644
397 651
1050 884
613 675
754 599
1042 885
949 927
149 436
938 576
796 785
726 833
810 177
264 452
1113 786
717 847
376 353
923 743
860 128
186 416
532 686
1014 299
965 566
907 820
946 684
728 815
383 790
295 365
198 832
208 256
567 90
387 537
306 406
1100 1001
599 320
913 189
243 633
1023 852
1083 393
804 1014
369 117
287 392
855 534
539 336
425 558
677 560
947 865
252 672
246 110
1056 176
967 415
679 780
253 414
523 354
1000 778
945 403
856 19
236 532
481 575
932 229
631 299
1113 326
603 558
875 972
769 801
743 545
418 683
918 94
920 261
986 221
317 230
979 147
313 772
194 568
1121 721
979 929
1076 539
291 696
726 616
457 321
623 824
144 477
990 475
271 442
950 146
496 579
1056 411
284 487
625 890
644 318
272 709
594 652
564 596
712 314
728 456
300 151
986 581
738 188
471 422
329 586
1006 769
725 663
662 840
657 636
699 212
445 689
420 318
878 893
504 703
927 921
717 692
975 699
877 130
414 106
623 585
764 484
718 622
584 618
658 286
238 174
1002 721
312 217
133 81
842 723
691 348
359 575
861 38
200 274
894 155
640 854
628 718
1008 815
980 191
769 739
409 527
707 622
546 744
880 365
430 335
396 893
542 334
487 107
674 697
836 684
694 926
1022 37
940 245
406 804
1046 472
515 345
322 749
410 233
257 561
640 549
563 750
546 461
368 632
753 278
337 778
724 244
1039 855
1002 598
603 349
984 224
264 329
450 164
964 120
556 604
819 279
578 486
1030 665
335 831
996 579
257 777
504 644
414 263
683 823
796 833
340 226
748 494
1015 707
1011 231
645 127
834 423
273 874
305 824
283 469
551 181
280 917
503 644
520 661
447 631
839 240
540 645
299 398
608 241
511 801
790 826
1058 635
516 573
493 377
517 236
261 679
829 3
915 358
874 234
740 563
837 864
893 921
729 35
941 464
378 190
993 68
260 711
731 887
485 520
844 80
616 807
257 234
432 858
380 819
1073 242
253 934
727 211
413 618
192 706
1048 758
1030 101
916 534
307 118
264 617
228 675
157 405
970 638
653 462
522 298
979 851
618 362
743 832
395 896
559 441
267 905
654 619
867 904
1044 413
348 27
297 880
1039 538
227 885
314 404
694 605
890 158
694 131
937 158
962 213
759 355
627 235
1088 186
1052 945
269 932
664 1048
746 305
413 867
352 555
310 502
965 815
1029 290
335 48
368 829
558 279
574 380
687 694
721 740
350 136
546 341
1044 729
1143 613
1066 328
898 202
446 701
548 191
537 430
566 948
961 240
507 141
305 261
229 145
279 132
387 676
662 645
500 822
816 431
1117 716
562 403
907 445
394 504
652 293
353 584
104 626
283 465
183 568
956 485
925 671
373 411
267 614
785 772
463 276
385 456
614 407
808 199
916 87
582 559
816 747
308 910
918 497
233 12
368 946
952 815
552 825
504 395
594 228
1061 446
178 633
1162 696
267 577
244 414
712 148
942 235
534 171
632 744
289 240
652 686
684 755
639 70
353 273
336 592
543 397
918 711
834 471
373 567
116 139
187 648
388 661
712 891
394 667
512 0
746 468
561 785
631 178
502 135
220 304
1033 129
1032 201
792 686
332 496
620 713
246 236
271 259
607 826
962 456
562 193
238 919
1014 300
804 358
1046 787
257 691
495 279
542 845
188 796
320 789
780 697
864 525
587 751
220 943
769 99
888 156
282 319
990 705
980 667
348 559
568 426
685 675
1041 154
417 146
828 159
519 504
783 161
953 72
614 779
353 638
860 578
823 653
421 518
1027 396
325 689
389 379
276 587
825 658
664 577
988 417
461 740
460 942
852 526
439 390
645 265
214 568
319 707
766 841
426 111
899 744
482 900
876 225
896 391
284 530
239 187
547 406
249 736
719 58
666 322
620 317
821 199
899 808
691 410
409 878
391 559
1035 704
674 138
343 450
533 286
454 415
1066 698
247 443
616 245
605 257
499 676
442 900
856 204
571 363
1000 471
611 146
462 633
819 480
435 825
712 928
628 404
579 444
795 643
646 70
602 67
863 346
326 305
372 879
930 331
849 610
425 828
1026 630
494 173
781 537
847 752
700 292
354 121
538 364
951 461
738 328
901 773
1036 645
987 194
1115 119
910 586
875 351
326 88
555 337
1097 196
582 292
310 403
723 813
886 84
728 634
846 960
1008 442
710 477
260 399
307 938
655 161
288 495
385 920
906 377
374 649
1022 231
361 536
421 784
546 311
228 649
796 859
571 293
357 760
784 805
596 472
476 541
849 806
249 894
747 264
922 736
1028 691
421 586
673 925
524 439
779 653
831 250
1072 695
536 232
715 787
203 120
810 910
761 458
357 78
930 49
267 717
805 870
214 69
150 681
932 487
676 674
864 544
549 547
775 229
360 178
518 159
515 596
797 753
884 174
354 423
900 380
165 645
419 518
782 447
705 329
515 316
427 783
343 188
585 748
764 477
349 714
582 384
777 937
1096 376
329 334
645 824
562 553
772 571
567 296
869 672
766 345
800 951
532 671
833 322
401 811
909 349
671 130
314 617
188 679
626 887
534 866
279 724
532 896
517 575
797 852
782 471
962 185
710 734
900 860
1047 800
807 395
981 291
864 265
331 288
263 576
825 940
791 647
395 401
662 781
417 557
847 45
555 356
705 203
589 857
320 145
907 438
791 664
1022 739
992 533
884 838
371 764
1095 468
773 81
402 425
1051 268
1106 273
229 362
179 226
665 818
506 781
365 229
606 729
864 90
1000 702
974 390
647 205
473 793
946 744
737 152
520 329
259 248
882 968
604 384
408 162
471 207
798 919
491 742
1044 383
703 143
548 802
907 92
225 338
583 959
206 496
737 448
297 177
1000 193
805 484
954 444
257 366
597 686
768 570
1008 604
422 147
929 551
760 742
316 825
341 373
914 740
915 110
1081 80
396 723
958 623
438 887
889 450
582 602
868 232
538 337
466 925
813 278
569 911
875 66
626 391
1022 358
984 343
871 517
665 188
693 170
778 209
788 593
610 794
448 998
964 437
566 662
365 858
616 920
817 330
798 528
175 252
268 711
842 383
229 442
642 567
623 100
926 429
978 1008
172 554
879 551
723 6
287 488
823 16
598 572
929 252
820 786
770 488
998 730
623 715
621 220
285 641
1034 755
536 107
785 419
889 125
601 852
632 536
451 129
743 285
235 825
166 415
581 242
364 559
187 448
806 728
868 421
984 411
442 410
444 713
354 790
188 470
483 464
610 165
638 452
253 156
662 143
865 364
186 218
1063 701
866 1012
354 529
140 288
774 467
198 458
769 455
274 9
498 248
284 489
312 389
241 102
627 731
940 218
286 568
489 306
793 563
223 356
546 262
980 487
510 916
802 547
995 130
568 656
771 126
411 862
1001 440
1146 655
458 52
544 775
728 335
1035 721
932 91
139 352
738 84
652 870
500 567
1041 336
1048 607
513 854
429 218
640 878
867 802
834 780
928 464
526 826
358 530
666 182
960 508
505 554
1101 365
462 402
438 505
767 358
806 506
424 95
560 166
438 324
981 727
359 280
630 889
976 288
1065 443
550 332
998 498
606 623
772 72
1021 814
733 142
334 262
298 89
320 414
652 178
940 367
498 359
845 807
777 729
646 466
975 792
493 187
998 206
879 696
851 362
793 172
1048 250
758 282
484 392
374 828
508 372
257 433
304 359
706 797
888 245
652 162
529 676
980 753
834 796
695 645
194 653
257 796
467 542
941 654
690 727
198 243
384 353
1034 901
571 278
487 819
428 621
476 452
753 716
1072 675
832 681
1003 154
308 104
598 890
642 705
714 319
1105 332
601 688
330 740
369 454
684 120
883 564
820 618
1038 789
282 616
283 649
806 360
711 839
559 859
307 892
240 669
889 471
159 912
863 606
236 773
866 740
352 520
346 451
429 481
976 409
484 407
401 806
310 416
403 988
814 252
1006 668
708 930
258 663
892 67
312 418
1011 41
866 227
209 242
404 894
639 819
533 501
206 258
490 876
485 680
354 771
989 174
714 737
773 264
891 606
251 135
992 669
321 682
712 134
401 790
544 630
510 326
980 949
804 432
1043 775
753 704
370 787
329 286
476 363
854 450
289 314
446 191
831 256
830 904
1083 216
990 483
869 295
621 429
675 332
920 305
1059 469
523 415
792 914
443 109
943 662
995 457
1052 452
999 848
656 621
237 274
656 357
421 39
554 665
623 848
593 670
861 841
715 250
485 363
1081 562
625 283
993 730
387 852
148 802
556 833
179 733
815 284
473 176
888 1023
684 897
784 981
699 698
756 601
995 607
311 365
376 661
597 865
261 574
936 579
863 124
607 841
480 798
422 405
680 386
328 952
549 731
478 901
583 85
304 269
249 695
317 754
909 578
811 634
547 126
587 289
666 656
962 206
473 636
619 305
373 225
648 39
1027 196
411 685
310 189
926 657
466 422
771 885
215 685
1049 305
1044 401
1023 581
824 368
235 644
1052 197
952 998
349 367
872 709
479 526
332 884
647 362
681 493
955 399
921 238
328 665
555 434
420 706
317 861
756 838
878 444
722 96
679 140
220 709
529 405
483 98
778 286
222 375
393 736
417 300
1017 965
539 543
355 155
463 803
916 907
822 197
708 804
1023 519
894 140
692 716
227 762
708 563
775 47
210 108
265 136
981 900
766 155
233 429
989 813
950 516
840 459
844 179
1090 66
496 554
745 925
384 807
538 481
1005 847
703 374
809 590
870 551
791 502
302 201
953 415
355 407
448 657
686 784
465 342
758 731
1137 1037
594 752
587 779
738 303
373 212
665 846
454 781
257 900
180 310
306 957
299 232
959 579
831 304
1123 596
426 538
350 760
1063 883
985 300
829 171
353 163
912 201
999 920
415 354
846 699
708 248
325 87
872 803
972 672
1145 818
375 12
515 571
232 752
985 117
763 363
408 241
809 405
414 894
317 436
1037 788
450 243
793 185
1121 290
396 179
745 490
553 201
633 572
219 346
791 185
530 655
851 327
1109 438
201 371
492 291
1027 128
999 779
503 85
614 815
445 835
692 194
234 101
941 191
296 695
541 687
945 538
738 256
882 818
878 906
905 756
848 603
917 6
662 809
1008 668
1019 601
505 1028
898 876
819 783
547 877
736 503
983 378
959 333
579 824
376 945
635 96
724 475
955 665
318 826
1075 136
578 861
738 471
615 622
279 616
324 516
456 692
939 452
430 591
547 344
934 37
978 173
629 436
213 432
365 65
671 207
797 677
718 658
883 87
481 585
411 916
433 320
463 33
935 937
919 677
787 669
1128 731
247 190
924 770
391 142
246 644
218 158
584 166
926 126
524 663
1088 195
434 87
219 327
776 623
198 468
1148 5
923 467
459 523
697 870
704 262
287 870
953 265
300 722
931 325
388 783
454 723
435 467
264 471
223 395
998 795
992 293
633 43
752 533
558 705
1044 738
533 911
503 156
361 917
578 346
862 342
859 773
1077 890
621 762
1037 397
1020 966
679 251
296 446
603 727
229 516
1022 70
435 457
906 491
1051 812
823 316
981 1014
644 448
940 211
691 789
230 1026
1035 672
922 313
1016 852
596 590
626 228
985 565
473 424
1017 884
667 127
405 68
758 61
575 423
752 22
635 929
585 439
506 967
378 521
898 300
774 251
852 421
495 371
377 333
644 912
321 29
775 195
769 582
842 902
247 711
500 665
570 542
262 527
282 128
519 637
488 696
802 162
966 742
446 331
896 417
196 137
852 339
384 450
445 773
352 205
685 928
162 608
320 235
342 905
1035 408
860 690
704 651
1061 196
641 551
1002 263
377 379
860 1014
368 152
191 639
333 812
214 659
925 654
333 799
236 674
541 734
408 381
208 683
1069 939
384 942
782 890
634 152
201 797
501 108
1072 92
833 140
505 256
444 302
726 752
260 635
446 951
337 779
556 532
442 538
324 62
1100 765
358 147
347 681
811 292
312 123
378 267
409 442
508 805
545 149
194 325
735 325
1027 569
503 498
315 893
426 710
497 779
664 353
552 334
853 599
509 251
386 559
612 303
663 410
291 599
820 353
677 904
670 300
494 800
805 721
477 577
940 141
1012 284
707 909
1060 854
1060 819
363 575
290 610
566 325
755 613
774 219
323 762
929 593
510 96
314 828
282 232
279 752
759 697
575 728
1068 687
314 683
777 277
233 832
249 389
854 386
663 445
647 798
948 487
822 255
527 636
934 776
634 456
610 304
688 125
506 318
1020 779
196 87
671 268
989 931
858 649
464 278
1002 927
798 484
1038 293
365 952
346 75
532 354
438 231
948 479
594 436
740 124
363 113
281 396
928 186
522 309
831 317
817 173
888 549
925 449
854 315
1099 61
651 616
882 889
332 622
826 561
536 392
302 1008
172 961
960 195
497 513
1057 298
591 319
417 255
932 577
290 371
456 494
799 303
528 148
374 327
790 804
551 891
1080 669
1100 957
467 526
662 162
128 894
267 521
332 423
536 144
864 409
866 902
381 697
844 783
557 231
920 824
945 192
400 814
435 431
199 78
623 321
423 570
880 75
386 241
752 526
376 897
283 537
179 332
219 773
326 539
568 886
985 218
310 863
878 242
439 182
708 618
264 483
657 990
437 430
340 723
1114 512
1012 894
788 105
410 813
878 468
442 713
684 732
488 445
953 394
274 676
273 768
829 346
746 727
652 192
1050 732
1029 443
486 744
466 554
443 468
277 667
1016 809
602 819
454 126
632 106
304 780
848 877
557 244
1064 533
705 124
943 425
899 385
523 186
578 774
810 123
440 863
770 710
1042 652
426 222
596 590
983 144
467 648
451 645
263 754
673 312
795 676
315 319
281 443
631 528
826 360
478 313
946 486
670 598
361 365
1058 145
419 -4
336 394
547 414
1057 964
660 400
188 984
562 824
770 112
758 915
421 351
609 586
377 466
931 648
353 521
638 469
714 370
378 453
358 291
775 199
856 258
269 468
449 598
1112 794
331 560
717 299
328 659
588 970
535 382
630 324
397 286
996 559
375 123
366 369
248 546
396 625
302 717
833 397
697 412
941 429
226 406
965 202
309 872
422 339
848 718
411 336
871 379
586 385
770 344
334 274
410 402
389 794
865 788
807 497
625 536
294 346
357 105
254 728
853 724
966 749
921 177
232 1005
196 399
256 236
821 508
675 274
818 435
979 531
512 806
444 361
302 116
391 573
599 491
360 86
846 468
538 462
1065 599
930 744
492 756
616 236
918 562
579 193
741 167
1109 301
734 234
1074 519
771 574
493 714
973 713
246 151
496 73
586 516
798 192
370 473
162 986
286 980
734 538
999 901
557 303
508 794
1026 661
487 402
251 584
829 831
192 433
594 575
199 888
205 13
260 489
748 636
574 928
390 487
747 764
240 326
1059 694
921 277
527 95
938 671
754 695
985 788
709 351
253 846
480 258
849 374
650 87
388 527
310 1009
639 656
264 851
920 932
530 516
937 397
632 289
835 205
1121 247
940 709
388 899
714 95
697 505
474 826
703 479
1013 847
1019 136
342 301
523 956
360 669
705 404
456 618
852 370
438 501
202 250
1136 1039
316 489
392 708
715 941
952 51
901 722
274 442
902 950
1018 412
498 890
764 878
371 756
803 215
794 299
703 520
994 834
824 678
518 481
256 489
1043 134
1061 704
992 24
708 877
844 413
792 986
437 573
429 376
688 806
320 176
698 188
177 243
839 437
175 134
805 438
664 898
625 602
572 675
645 620
338 794
641 611
964 482
713 825
422 944
533 294
825 252
978 687
402 154
769 412
442 863
934 581
1096 604
844 857
916 575
358 584
943 467
414 819
923 822
288 553
962 187
291 404
863 790
792 345
624 190
672 283
765 533
542 684
494 219
960 432
795 385
345 331
784 153
1086 501
922 380
688 892
493 298
569 378
373 962
621 565
552 251
603 893
330 93
763 790
725 406
643 865
506 482
597 425
463 879
514 676
560 459
641 727
961 51
271 475
874 206
828 539
305 686
968 491
293 712
744 686
1043 745
887 443
534 415
667 509
634 743
397 561
550 510
762 866
472 801
947 854
643 188
322 897
510 517
777 605
511 273
528 430
617 369
647 760
545 446
598 817
203 833
220 537
1084 269
642 862
691 661
729 303
255 879
327 101
462 811
844 320
618 274
842 627
540 809
859 738
866 489
953 62
524 628
686 937
888 597
366 956
653 247
885 597
996 263
509 414
863 380
558 825
971 965
599 124
1053 249
339 783
775 434
765 200
1013 754
278 795
1014 149
355 263
957 728
161 596
255 260
225 120
900 586
299 551
304 713
910 207
873 148
903 440
274 544
402 863
307 242
885 170
365 646
997 685
431 353
182 174
360 586
341 646
344 649
909 724
1011 674
665 131
300 836
386 186
841 578
721 774
222 148
250 802
386 677
526 179
412 450
234 963
366 631
1072 795
473 130
824 24
1024 821
1042 322
529 968
290 352
865 731
952 61
617 904
501 282
769 787
543 401
221 477
839 148
360 853
731 1016
218 292
500 753
534 217
1008 884
653 906
830 770
556 646
205 480
771 602
1166 78
489 670
477 1013
649 735
234 784
590 732
832 678
188 788
560 73
546 695
375 869
621 818
609 23
636 686
315 872
386 820
335 550
1016 776
945 687
480 218
670 697
271 778
617 306
1093 600
712 733
681 655
548 356
939 966
983 291
542 457
551 319
605 914
304 403
851 224
968 79
651 289
875 416
254 57
310 495
668 287
175 174
550 108
842 807
725 354
519 329
1107 144
330 567
1082 757
605 420
234 39
890 295
888 643
297 669
965 173
497 461
918 349
707 67
958 851
845 469
336 794
163 597
265 590
552 933
765 753
148 339
487 329
162 580
720 823
209 807
272 898
764 461
914 187
584 579
337 596
595 381
335 537
464 491
423 557
401 286
681 179
163 573
639 827
294 93
1106 252
295 224
216 357
992 912
1018 791
653 115
296 179
782 170
620 167
863 71
616 321
881 884
309 930
706 396
989 767
400 308
148 78
608 516
373 229
930 67
814 383
207 46
996 282
341 792
1029 92
600 467
