-9.970 -97.800 -387.641 0.882
78.062 -2.884 -378.746 1.147
50.048 35.725 -384.053 0.970
-43.060 91.267 -390.368 1.010
57.967 -52.753 -499.869 0.929
86.873 -58.230 -445.615 0.937
83.046 -85.214 -453.629 0.997
53.953 -12.206 -405.083 0.930
-28.667 -29.276 -464.428 1.041
-14.111 -78.728 -448.099 0.973
-93.916 64.810 -377.894 0.966
-72.979 83.227 -328.074 0.925
-38.178 52.577 -315.194 0.992
18.460 -52.722 -405.037 0.980
41.553 -52.978 -387.615 1.025
83.605 19.856 -490.229 0.972
-5.764 80.967 -472.174 0.736
37.161 -36.819 -440.869 1.107
10.433 -72.190 -330.081 1.096
56.411 14.441 -407.754 1.018
6.193 59.802 -448.089 1.070
-50.818 95.940 -443.262 1.042
88.856 83.102 -393.858 0.977
-61.175 47.755 -421.509 0.898
23.586 -50.231 -345.555 1.086
16.438 59.496 -366.241 1.046
48.911 -30.550 -469.801 0.761
89.226 37.532 -436.914 1.021
85.371 -19.857 -336.322 0.987
-91.222 -95.791 -420.740 0.953
-1.803 -84.483 -489.670 0.862
-6.586 -24.247 -345.042 0.967
65.950 46.754 -435.259 0.994
55.785 -86.077 -327.082 0.971
-51.230 -47.716 -459.641 1.072
-50.845 -11.524 -426.193 0.969
-98.300 70.526 -379.368 1.019
52.172 -61.288 -385.412 1.193
-13.845 73.039 -495.087 1.123
79.141 53.099 -356.212 1.079
-31.458 40.867 -302.732 0.980
-84.110 18.325 -494.706 0.885
92.348 -3.031 -332.027 0.950
90.448 -53.771 -370.815 1.132
-31.195 -13.816 -444.107 1.143
-74.419 3.008 -421.366 1.081
78.907 -28.594 -419.315 0.756
-40.525 -29.215 -372.116 1.099
44.861 8.298 -340.657 1.116
-66.939 77.471 -384.448 1.001
