-59.189 8.956 -398.239 0.895
58.305 -30.634 -330.698 1.236
-29.434 21.017 -358.075 1.011
86.339 16.068 -451.476 0.936
-28.031 79.871 -395.994 0.822
1.327 -78.495 -435.744 1.039
-31.203 73.003 -337.105 1.012
84.173 -75.055 -331.066 1.009
81.339 -48.209 -455.450 0.850
-70.296 -1.003 -358.375 1.069
-90.931 71.598 -354.045 0.780
-16.561 -96.466 -466.410 0.998
30.892 99.006 -432.519 0.837
16.380 19.061 -365.530 0.979
-45.474 2.438 -442.826 1.089
54.885 36.221 -346.726 1.118
26.495 98.796 -455.645 0.916
-4.400 -74.083 -484.303 1.189
34.585 -96.226 -407.689 1.162
32.313 -23.954 -491.656 1.129
79.667 -31.646 -484.561 1.053
14.251 -89.531 -367.495 1.068
99.319 21.543 -348.507 1.074
37.784 3.518 -346.114 1.082
49.578 94.772 -374.993 1.033
-90.760 -97.816 -424.088 1.100
-62.795 27.208 -435.595 1.052
-58.543 -85.608 -412.323 1.201
-23.688 2.275 -469.929 0.781
-81.233 -83.301 -343.350 1.143
24.662 76.924 -433.102 0.976
93.344 -26.167 -306.412 0.843
-29.522 -48.909 -408.681 0.823
40.925 23.548 -328.659 1.073
66.749 5.300 -465.846 0.982
92.161 -94.151 -327.952 1.228
-68.841 -72.246 -324.635 1.003
57.366 -86.323 -374.279 1.039
-51.059 73.568 -344.058 1.126
-96.981 1.717 -452.665 1.050
-41.137 73.849 -444.101 0.984
-54.074 5.866 -403.764 0.943
-11.707 -19.711 -442.083 0.851
73.774 -36.371 -403.891 0.875
-46.990 -79.080 -397.668 1.144
-54.080 -82.357 -309.910 1.064
23.445 64.595 -303.521 0.926
-71.533 67.598 -450.895 1.029
13.943 84.916 -332.431 0.947
79.037 38.088 -497.478 1.070
