-34.907 -57.980 -471.748 1.065
84.403 -22.521 -481.335 0.809
12.867 81.324 -409.568 1.025
82.191 69.362 -463.623 1.180
20.380 62.687 -318.484 1.185
-44.955 46.191 -446.138 1.027
-6.044 22.061 -429.756 1.086
-35.812 45.337 -351.295 0.969
7.027 5.735 -418.368 1.034
-87.705 -35.946 -432.227 0.908
-87.957 26.714 -300.923 1.035
8.899 -19.519 -357.559 1.007
94.005 -28.689 -472.799 1.006
49.531 -36.307 -418.836 1.061
-1.867 -27.004 -486.551 1.095
-0.282 1.762 -458.596 0.850
85.085 68.215 -460.391 0.922
40.848 12.454 -444.747 1.080
46.830 -53.612 -354.643 1.069
17.415 27.933 -339.567 0.748
-42.494 13.258 -471.481 1.146
-44.452 -84.900 -422.401 0.998
49.268 44.679 -336.692 0.967
23.003 85.853 -426.357 1.114
-66.357 -10.502 -465.741 1.079
-82.462 96.746 -490.242 1.007
72.297 -54.401 -424.762 1.125
-5.997 42.072 -353.483 1.068
55.740 93.059 -475.555 1.006
99.013 -67.771 -420.879 0.899
-63.350 23.530 -412.151 1.003
-18.778 54.272 -378.135 0.868
58.608 -77.033 -382.612 1.110
-94.845 -4.299 -367.093 1.058
89.307 34.733 -460.490 0.849
29.767 -59.039 -436.842 1.227
-72.079 -72.138 -417.272 1.020
84.311 30.852 -356.533 0.830
63.641 87.530 -373.040 1.118
-44.726 -46.396 -444.065 1.071
-60.515 -33.823 -300.869 1.012
57.668 97.501 -361.655 1.099
70.183 -65.332 -307.576 1.018
-80.266 -88.800 -385.514 0.955
0.850 68.574 -430.450 1.068
-94.411 92.606 -471.063 1.055
-73.785 22.766 -385.070 1.062
-15.929 -26.825 -473.412 0.813
-34.106 -99.954 -422.319 0.973
-58.360 26.398 -376.003 0.941
