-66.717 31.391 -456.814 2.098
-77.872 -94.684 -441.168 1.903
79.240 -12.472 -499.091 2.035
93.062 -83.328 -498.964 2.184
31.334 40.641 -333.634 2.066
49.136 -91.515 -370.703 1.789
-21.059 -95.449 -309.838 1.974
50.240 76.741 -349.381 2.062
66.583 20.133 -394.118 2.028
-77.314 -68.275 -346.750 1.992
12.713 59.470 -415.685 2.165
53.375 53.082 -439.975 2.016
88.763 72.568 -349.063 2.053
69.079 -86.219 -325.501 2.092
-35.635 -34.355 -479.592 1.808
-30.629 -66.894 -309.554 1.918
-61.580 37.293 -399.224 2.082
-95.667 71.005 -401.018 2.141
22.372 60.205 -430.335 1.915
-0.961 -75.459 -359.808 1.868
70.596 1.786 -393.670 2.006
-37.522 4.001 -308.525 1.970
-80.772 77.120 -396.280 2.006
-8.472 15.649 -319.385 2.088
-95.851 83.810 -495.485 1.984
51.551 92.073 -363.938 2.065
-53.289 40.828 -309.496 2.124
-60.966 -15.475 -334.728 2.058
-82.551 93.304 -343.355 1.955
43.313 -67.085 -399.137 1.832
-17.931 27.134 -380.965 1.979
-82.014 46.647 -365.945 1.950
1.733 -74.378 -417.063 2.097
-58.549 77.130 -441.944 1.994
-87.874 -91.256 -383.264 1.965
-92.589 68.439 -370.101 1.914
-64.412 64.356 -443.233 2.125
35.679 -79.116 -321.351 2.061
31.882 69.033 -392.468 2.069
18.269 34.592 -421.873 2.024
80.180 30.130 -492.880 2.043
-24.419 -45.307 -486.489 2.010
41.626 67.907 -414.453 2.019
-75.906 27.943 -339.467 1.959
-98.583 61.192 -303.528 2.143
94.952 59.967 -323.855 1.981
49.548 43.597 -310.076 1.889
-98.700 40.530 -497.313 1.846
10.882 -98.927 -328.160 2.057
-70.905 9.544 -346.195 1.959
-20.473 54.297 -372.567 2.022
57.658 -61.361 -438.301 1.895
63.578 -87.568 -461.369 1.769
-86.396 -91.185 -417.479 1.883
23.329 87.026 -359.948 1.861
66.871 3.160 -385.942 2.002
38.068 -35.261 -496.531 1.861
-56.902 93.237 -375.067 2.078
-75.655 15.757 -393.411 2.023
56.315 -74.553 -474.641 2.019
-97.060 -20.284 -440.935 1.881
-89.974 -94.699 -478.831 2.030
-6.866 24.294 -330.828 1.874
-81.349 -19.380 -456.766 1.952
90.740 -33.124 -496.140 2.161
92.604 -83.990 -358.345 2.009
36.375 -33.837 -391.975 2.233
35.237 -67.726 -434.690 2.021
43.679 -17.718 -319.141 1.806
55.688 -1.496 -358.110 2.087
20.114 27.529 -426.348 2.040
-87.811 -89.300 -498.525 1.938
23.928 55.509 -455.483 2.088
-43.328 94.828 -493.816 2.118
-28.680 16.579 -361.844 2.010
-85.974 -49.923 -323.979 1.967
47.513 25.654 -457.410 2.031
77.249 -74.051 -455.241 1.883
97.830 39.114 -341.652 1.917
19.376 45.022 -316.115 1.892
92.898 -31.996 -484.344 1.876
-46.103 -43.166 -387.607 1.794
88.315 -75.817 -316.805 1.917
-12.014 17.012 -403.435 1.980
-80.249 -78.334 -349.630 2.168
29.421 50.076 -415.248 1.969
87.455 59.552 -485.296 2.066
-3.364 -79.990 -306.768 2.069
-23.666 78.533 -332.624 2.078
48.870 -84.947 -314.475 2.043
61.761 -83.196 -415.973 1.984
-93.188 -66.711 -409.830 1.956
-35.721 -63.924 -408.041 2.140
26.668 22.975 -457.694 2.004
-96.540 50.303 -485.722 1.974
82.112 -27.997 -357.878 2.021
-74.284 41.137 -379.368 2.055
-96.785 16.770 -454.856 1.880
34.326 10.873 -313.683 2.022
31.487 89.600 -306.708 2.020
