-55.817 60.010 -402.989 0.980
28.805 -72.746 -392.023 0.928
75.603 -72.007 -447.219 0.906
90.859 -70.285 -322.716 1.161
18.602 -97.157 -341.745 1.100
69.034 29.099 -415.439 1.193
-88.015 88.021 -400.094 1.037
-35.215 28.607 -458.731 0.993
50.976 -94.006 -358.939 0.753
50.164 88.399 -444.937 0.877
81.635 78.439 -481.900 0.812
-40.488 18.609 -425.123 1.023
-7.108 -81.176 -468.248 0.935
-31.349 -29.541 -441.497 1.067
34.697 10.866 -367.964 1.010
-17.009 -88.305 -440.598 1.174
72.283 79.314 -417.740 1.026
-30.067 -98.869 -305.753 0.842
51.933 -41.902 -475.539 0.969
67.762 -91.457 -456.137 1.003
5.009 26.817 -331.062 1.151
51.723 -56.439 -416.589 1.101
24.221 -79.743 -404.642 0.810
-84.992 -21.874 -456.747 0.822
-36.941 -37.590 -342.189 1.177
74.941 -65.925 -417.624 1.023
-45.900 8.205 -473.149 1.006
77.780 -7.886 -302.160 0.960
-68.965 59.688 -303.952 1.062
-83.867 -50.018 -439.833 0.958
17.889 58.978 -448.253 1.063
-1.422 -82.576 -488.841 1.155
94.705 25.797 -448.894 1.007
23.256 -90.657 -482.404 0.973
-68.481 -60.642 -322.301 1.030
-81.453 -24.764 -443.627 1.040
16.185 -14.067 -378.743 1.019
-80.476 -90.200 -430.469 1.120
-47.377 -54.958 -358.168 1.030
30.908 -16.017 -384.829 1.078
67.948 -28.273 -425.536 1.019
13.135 -88.071 -351.627 0.983
75.823 36.790 -308.185 0.929
75.002 -69.962 -383.528 0.889
-22.646 -24.065 -426.230 1.054
84.932 16.712 -470.518 1.040
-9.662 -55.161 -440.742 1.031
-65.659 -64.612 -394.677 1.016
88.782 -26.635 -381.234 0.935
38.025 37.636 -471.373 0.849
