-93.992 -21.896 -372.484 1.050
63.093 -56.894 -417.918 0.918
-29.873 -46.029 -353.554 0.946
-69.884 -38.982 -400.304 0.802
85.295 98.442 -310.640 0.955
42.979 -79.677 -314.959 1.026
47.709 -44.826 -403.515 1.009
-6.830 -60.686 -336.516 1.059
35.973 67.104 -330.696 0.954
-99.484 -71.203 -375.859 0.987
-77.872 -62.074 -415.132 1.019
-39.473 35.375 -332.575 1.101
95.171 -86.046 -413.068 0.962
94.563 97.241 -440.571 1.095
21.978 87.796 -310.874 1.004
-28.036 -42.023 -340.379 0.893
66.682 10.390 -379.954 1.111
98.287 68.809 -446.940 1.175
-73.686 90.590 -373.420 1.164
66.865 -93.770 -414.683 0.978
87.427 -87.499 -419.692 0.881
0.843 27.823 -497.863 0.862
-40.253 2.465 -348.790 1.016
66.788 -41.154 -361.809 0.887
-76.558 66.571 -461.750 0.848
98.169 82.967 -387.112 1.102
17.357 75.267 -356.362 0.946
60.222 17.192 -318.417 0.856
30.710 -46.915 -444.880 0.902
81.836 -38.311 -403.009 1.024
-44.183 67.613 -406.517 0.925
44.549 -9.593 -492.459 0.995
2.848 -74.235 -476.709 1.065
-28.727 -84.020 -320.556 0.968
-41.029 -92.240 -306.989 1.066
14.196 -42.241 -431.235 0.979
-76.603 -6.667 -418.147 1.038
-74.068 76.945 -369.249 1.042
-17.640 92.045 -449.368 0.989
-50.302 -74.965 -425.067 1.085
-41.923 -95.555 -497.597 0.924
-74.646 64.190 -353.657 0.888
58.440 39.365 -390.341 1.183
18.785 -52.194 -497.585 1.152
55.499 -71.931 -444.716 1.132
-89.621 8.435 -406.365 1.037
13.797 -24.472 -346.556 1.114
-50.005 6.896 -388.960 0.882
5.969 -58.896 -380.476 0.988
-98.923 40.173 -411.415 0.939
