67.199 34.992 -374.092 1.090
-63.643 97.424 -353.646 1.130
-29.511 38.367 -392.702 1.023
-33.302 84.874 -314.704 0.966
44.452 -53.498 -398.557 1.078
-99.643 -35.890 -329.800 1.035
81.518 89.957 -409.759 0.980
27.081 24.219 -400.662 1.135
-22.107 25.304 -319.088 1.029
-37.137 15.252 -321.583 0.782
-95.980 50.714 -450.575 0.946
-45.850 -24.673 -439.161 0.982
44.754 1.001 -383.423 0.920
-41.804 33.142 -456.800 1.072
15.831 -5.210 -473.387 1.091
27.046 17.056 -406.339 0.874
-51.428 -96.055 -439.628 0.902
-13.354 97.152 -459.092 0.993
42.710 -29.789 -454.573 0.874
-54.016 62.799 -423.024 0.835
-8.328 73.190 -438.984 1.090
-40.245 -79.848 -497.684 1.033
9.048 -21.115 -466.803 0.998
59.203 -80.432 -481.256 1.102
13.476 -83.099 -365.542 0.870
-7.619 4.944 -437.077 1.067
16.595 70.429 -345.186 0.933
14.652 -51.522 -351.066 1.187
-28.208 -38.433 -418.153 0.902
-36.374 10.494 -401.368 1.017
-80.656 -58.301 -474.718 0.827
-39.884 64.713 -423.290 1.187
-88.383 29.171 -361.890 1.024
-94.177 -96.099 -497.005 0.850
-91.340 82.514 -473.132 0.883
98.704 31.247 -411.940 1.103
-79.065 -52.887 -303.330 0.962
64.721 -29.579 -346.859 0.923
10.152 -4.458 -428.093 0.703
-99.143 34.047 -395.890 0.899
-79.355 -20.431 -478.345 0.897
37.784 51.994 -344.342 1.046
-66.942 -45.237 -337.122 1.131
63.601 66.112 -370.152 1.030
-71.061 -78.539 -347.830 1.090
-65.026 -77.863 -472.683 1.064
86.745 71.583 -354.860 0.960
92.728 14.244 -478.103 1.033
23.417 -45.104 -364.516 0.975
-1.679 -16.240 -473.962 0.910
