-66.358 10.413 -446.763 0.828
-28.977 -40.487 -317.263 0.838
97.280 -77.198 -340.821 1.022
-37.165 88.009 -386.606 1.003
21.301 -2.582 -458.484 1.350
-11.494 12.834 -469.144 1.023
-45.856 -59.205 -370.395 0.972
-66.564 -18.044 -480.200 0.803
55.940 53.086 -313.396 1.326
95.509 -62.023 -360.961 0.907
-23.526 87.160 -436.874 1.013
-9.328 -95.431 -488.439 0.850
83.508 28.938 -411.401 0.874
-43.824 -29.092 -493.244 1.140
24.258 -80.843 -439.810 1.029
-34.688 -12.808 -374.505 0.983
71.698 76.191 -491.578 1.095
92.241 -27.514 -484.452 0.959
17.249 77.616 -436.479 1.136
35.543 92.511 -363.408 1.039
-64.327 32.475 -381.117 1.073
-49.798 82.395 -366.811 0.973
-41.024 82.077 -359.449 0.928
-77.516 68.914 -434.138 0.935
78.795 33.390 -492.646 0.845
-26.558 -91.346 -307.984 0.965
12.025 -1.151 -401.071 1.042
91.208 1.158 -304.890 0.907
10.928 -22.510 -411.498 1.176
-7.148 58.259 -397.765 1.112
13.641 87.451 -435.731 1.086
-16.615 92.279 -411.787 0.868
-98.596 0.901 -307.942 0.962
-30.984 10.631 -405.359 1.096
-17.074 41.427 -365.648 1.121
15.087 -50.152 -313.072 0.886
83.462 10.274 -428.352 0.835
-8.647 -11.544 -446.579 1.002
96.721 13.090 -429.122 1.098
-16.008 65.817 -494.452 1.025
91.688 -20.212 -469.809 1.055
4.462 69.155 -403.328 0.900
-3.840 -10.975 -481.782 0.947
28.357 88.795 -391.207 0.928
-64.520 -68.188 -301.999 1.272
-32.987 -53.301 -480.438 0.775
-63.979 -50.933 -401.917 1.171
1.498 -69.659 -355.113 1.120
-45.622 64.997 -440.915 0.970
79.645 -43.265 -337.029 0.942
