81.676 -38.283 -359.288 0.900
-98.777 30.879 -480.844 0.865
-68.380 -43.745 -352.987 1.181
56.920 -25.568 -470.052 0.988
-55.065 98.400 -311.257 1.177
-85.048 -58.001 -322.245 0.933
67.529 83.323 -356.870 1.185
98.438 -62.138 -415.026 0.808
19.870 90.794 -487.181 0.954
83.717 94.496 -368.140 0.980
-15.617 69.733 -380.942 1.111
30.254 52.666 -360.374 1.066
-70.526 66.728 -335.871 1.194
78.536 21.275 -408.585 0.978
70.988 -37.187 -417.131 1.003
-46.248 -38.904 -488.410 0.999
-55.303 22.323 -387.795 1.010
-66.598 -33.834 -475.092 1.102
-19.218 51.107 -376.661 1.002
-99.483 80.971 -312.504 1.023
-78.900 81.516 -324.552 0.790
81.583 75.366 -305.777 0.780
75.207 -21.332 -362.657 1.085
22.924 20.232 -356.097 0.864
86.113 90.966 -479.567 1.157
1.705 43.936 -391.391 0.971
93.400 19.182 -383.302 1.019
-25.769 -61.872 -461.129 1.022
-26.687 98.584 -461.222 1.036
9.350 45.506 -389.355 0.990
-31.507 25.247 -398.704 0.924
-1.500 -85.897 -495.044 1.110
-15.325 29.910 -357.758 0.990
-19.493 2.280 -337.483 1.047
-19.462 3.425 -478.027 1.104
-50.397 -55.467 -479.549 1.072
18.216 -12.217 -301.641 1.161
-97.665 -69.824 -457.942 1.067
10.519 -1.996 -477.096 0.956
-40.250 19.096 -476.922 1.117
-55.750 -95.683 -354.798 1.069
1.676 61.154 -344.849 0.824
38.904 -27.035 -489.129 1.038
74.372 54.351 -348.185 0.982
-21.822 -96.211 -382.157 0.995
-36.495 -90.469 -413.189 1.057
-18.896 9.440 -407.408 0.982
18.275 85.551 -340.153 1.040
-90.304 45.581 -475.817 1.146
-10.801 93.697 -459.018 1.071
