79.583 2.433 -442.052 1.102
60.700 94.646 -304.515 0.921
-80.279 89.110 -357.980 0.897
-94.334 57.038 -376.322 0.862
-27.208 99.351 -305.811 0.876
-7.394 60.533 -409.706 1.030
38.946 49.363 -397.526 0.866
40.841 -42.192 -419.806 1.065
60.058 63.983 -363.848 0.989
46.571 -58.661 -309.395 0.943
85.154 -28.033 -374.808 1.053
6.082 11.852 -481.333 0.907
45.913 38.791 -436.611 1.105
80.092 -51.180 -365.590 1.157
-74.997 -61.293 -436.574 0.760
-66.633 -10.545 -415.652 0.939
0.923 -69.527 -428.552 1.176
30.712 -39.091 -337.995 1.006
78.181 -92.722 -368.886 0.927
-38.497 -5.415 -324.537 1.065
69.939 -77.431 -325.056 0.985
-43.647 -53.036 -393.311 1.130
-42.369 56.259 -395.010 0.962
-42.004 -13.584 -322.586 0.971
33.146 -98.406 -407.414 0.869
-81.658 62.273 -434.085 0.968
70.921 85.228 -478.378 1.116
-29.336 -9.193 -335.033 1.143
22.614 -74.158 -304.940 1.098
86.569 -49.051 -479.222 1.029
-60.381 41.831 -471.665 1.035
-30.065 -15.923 -492.164 1.125
9.501 92.985 -396.418 1.045
-62.978 -5.580 -357.985 0.927
-34.639 -94.273 -494.072 0.911
77.932 94.239 -354.563 0.883
69.276 2.746 -484.900 1.074
-14.474 36.111 -419.291 0.930
-40.991 3.885 -398.751 1.058
52.130 98.755 -315.260 1.007
-84.278 45.907 -379.008 0.936
98.149 -16.917 -320.188 0.997
-10.243 53.157 -308.627 0.926
-44.869 93.990 -326.278 0.986
89.583 -30.961 -427.983 1.096
-96.978 -31.741 -476.399 0.950
-70.017 32.187 -340.100 0.817
42.911 -18.789 -311.985 1.030
-15.558 29.607 -465.932 0.928
-1.196 66.446 -380.483 0.932
