96.200 94.236 -459.086 0.927
-17.196 92.909 -359.674 1.086
-91.855 -33.636 -321.893 0.830
73.197 41.245 -456.494 1.059
77.734 71.920 -318.909 0.820
20.413 -0.705 -374.325 0.958
-33.841 -55.918 -330.778 1.014
81.976 69.449 -416.401 0.865
-20.329 -66.944 -359.020 0.933
-1.894 -32.651 -339.710 1.011
94.595 -96.351 -331.860 1.078
64.336 56.143 -411.851 0.977
-14.516 -43.885 -493.602 1.024
-45.721 -8.030 -412.990 1.181
-93.023 -44.803 -393.938 0.969
-33.169 86.207 -399.010 1.104
-8.172 45.498 -448.295 1.177
-23.933 99.363 -351.696 1.215
-41.891 -54.301 -410.066 1.058
-67.651 -9.839 -435.348 0.864
-83.387 69.412 -470.342 1.077
28.266 1.095 -485.109 0.924
83.073 65.910 -438.089 0.998
83.449 35.799 -337.970 0.831
62.861 84.183 -433.990 0.846
-87.904 45.761 -343.185 0.966
94.338 50.572 -424.246 0.866
-0.970 96.727 -410.654 1.111
66.980 -8.207 -445.153 1.034
-39.044 -59.188 -470.106 0.973
-34.686 -38.167 -332.977 0.997
-45.405 -68.675 -410.509 0.811
-2.647 91.297 -354.392 1.001
48.776 59.376 -314.144 0.960
-89.169 33.665 -336.677 1.008
-82.093 -93.717 -474.470 0.844
97.909 -94.203 -334.347 1.131
-20.711 -59.118 -490.487 1.056
-10.358 95.690 -343.485 0.827
-20.570 -57.812 -368.968 0.693
-74.061 30.371 -427.789 1.029
-8.053 93.070 -324.229 0.901
-34.306 48.707 -457.752 0.991
22.587 29.640 -463.044 1.040
61.493 -47.605 -482.523 1.019
-79.845 12.528 -489.417 1.250
90.212 -23.629 -360.145 1.062
-3.066 14.691 -484.573 0.958
69.905 66.892 -379.520 0.891
11.692 -76.458 -385.048 0.855
