27.350 96.140 -341.299 1.117
44.767 47.370 -328.304 0.961
6.095 -74.829 -332.196 1.134
-58.548 84.510 -393.237 0.844
19.996 -7.392 -385.354 1.139
71.895 82.582 -312.578 1.006
-75.822 89.362 -417.698 0.927
6.493 -15.180 -309.296 0.982
-98.635 19.760 -426.046 1.021
73.165 14.569 -381.589 1.105
-92.471 -39.574 -338.585 0.846
44.015 43.257 -303.026 0.869
-38.107 -15.922 -470.286 1.028
-66.627 43.156 -455.822 1.035
86.789 30.748 -404.009 0.932
-79.793 -27.836 -420.152 1.003
89.945 -74.050 -322.936 0.947
-18.320 99.733 -452.924 0.929
4.346 3.267 -355.019 0.989
-86.840 -34.240 -480.748 0.933
-84.446 -37.268 -373.591 0.834
61.055 66.532 -444.623 0.964
-46.313 76.602 -311.560 0.838
-85.507 -83.232 -387.897 0.922
-64.297 -20.613 -499.705 1.129
93.419 -96.769 -342.210 0.871
-94.606 -10.209 -485.564 0.859
90.816 86.214 -483.576 0.925
-18.980 -93.547 -369.171 1.033
-85.847 -3.862 -374.030 1.045
34.196 44.120 -401.652 0.830
-96.793 34.655 -334.936 0.902
84.994 66.574 -437.813 1.045
27.208 64.350 -400.003 1.061
-79.227 48.890 -441.654 1.094
-28.635 -88.125 -351.127 1.076
-12.693 94.239 -412.811 1.133
74.886 44.795 -473.281 1.013
1.476 21.238 -481.263 0.931
65.888 -6.487 -409.126 1.003
10.651 -60.785 -359.550 0.869
70.200 -92.955 -499.338 1.215
6.867 91.479 -389.450 0.904
-6.349 -90.150 -451.506 0.877
4.410 -50.886 -387.631 1.038
-88.124 81.813 -452.328 1.128
-33.094 -30.702 -441.831 1.048
14.747 -40.000 -497.454 1.057
-28.007 46.015 -433.017 0.912
49.955 35.403 -474.737 0.920
