52.404 -28.393 -404.243 1.017
-35.151 20.071 -401.433 0.987
-50.044 -14.613 -318.337 0.962
79.092 95.457 -364.162 0.887
46.515 60.069 -482.666 0.899
-26.563 11.761 -438.658 1.105
-24.435 -90.315 -350.479 0.976
-35.507 -10.489 -489.060 1.154
-56.660 77.718 -479.062 0.912
-68.043 -9.223 -385.366 0.982
45.576 -6.976 -400.191 1.025
-83.145 -34.256 -492.430 1.180
-45.026 94.670 -315.445 1.091
49.571 -5.544 -477.850 1.153
-81.448 -41.673 -466.676 0.868
-35.048 -55.158 -495.716 0.960
73.197 60.930 -359.663 0.982
78.186 73.467 -372.736 0.859
-27.409 -27.574 -424.251 1.085
87.313 61.875 -354.306 1.115
-21.098 23.838 -304.808 0.770
-14.179 8.245 -373.908 0.941
-85.922 -67.606 -411.010 0.980
-11.765 -80.455 -323.150 0.997
54.190 89.635 -440.468 0.986
92.538 -74.738 -472.868 1.045
36.060 -50.254 -381.315 0.997
24.661 21.708 -353.354 0.964
-10.854 45.327 -334.079 0.948
73.500 65.998 -377.282 1.098
-13.680 -28.364 -345.179 1.125
79.880 97.507 -477.499 1.061
-98.382 -66.899 -419.606 0.993
73.849 80.096 -376.512 0.918
-26.071 -2.822 -381.385 1.086
41.965 49.596 -393.681 1.007
-15.264 21.342 -308.527 1.258
-64.963 45.825 -392.598 0.963
-50.252 54.889 -329.125 0.921
40.296 95.164 -485.295 1.036
48.134 -53.617 -338.095 1.177
27.864 -20.374 -465.188 1.077
92.101 -1.105 -358.536 0.913
-54.198 -77.323 -497.133 1.086
60.981 60.215 -379.067 0.976
20.142 81.609 -468.183 1.072
-61.151 -84.555 -329.320 0.971
-35.636 6.509 -499.446 0.994
-13.416 40.808 -369.230 0.932
5.362 -87.692 -408.003 1.139
