57.100 -71.857 -348.982 1.023
36.342 57.988 -426.748 0.946
-55.577 -29.297 -365.733 0.894
-35.093 66.115 -427.571 0.925
74.174 14.685 -337.186 0.926
96.178 -88.847 -330.260 0.925
-5.656 6.849 -352.328 1.007
-25.102 26.803 -463.585 1.043
86.936 86.330 -494.255 0.974
26.460 71.062 -328.133 0.829
2.098 25.114 -472.866 0.853
75.921 -83.121 -473.087 1.159
68.434 57.087 -450.024 0.951
-66.495 -69.039 -408.871 0.960
37.885 -57.481 -364.175 1.193
88.976 -33.751 -330.412 1.025
60.853 27.127 -443.426 1.070
-41.369 -76.765 -389.929 0.866
47.898 -93.874 -318.313 0.914
-42.820 -68.825 -466.293 1.011
25.370 80.356 -453.386 0.987
-90.469 -34.962 -371.525 0.789
61.014 -94.533 -474.025 0.953
-53.479 98.182 -441.439 0.900
-68.590 -17.104 -306.674 1.090
10.444 88.506 -353.562 0.970
-7.211 -71.790 -367.507 0.912
55.319 -90.967 -332.621 0.940
-57.295 37.232 -333.644 0.912
-39.948 -59.187 -332.014 0.998
51.940 -16.200 -386.462 1.168
-40.153 -28.680 -334.125 1.099
-67.860 40.492 -304.832 1.071
-32.499 -66.667 -486.405 1.021
-73.110 -10.705 -379.798 0.961
-31.878 -92.640 -343.712 1.079
-61.935 53.093 -343.633 1.056
28.506 11.990 -366.889 1.075
-89.265 -58.469 -409.235 0.857
-36.255 -62.651 -441.012 1.049
-65.149 57.535 -416.100 1.015
-88.513 18.506 -318.111 0.951
-63.816 76.708 -378.646 1.001
91.501 39.284 -463.197 1.016
-50.914 15.368 -325.142 0.922
38.990 63.494 -343.413 1.079
72.522 70.398 -381.908 1.100
-42.896 -8.655 -350.737 1.267
24.228 79.299 -442.835 1.044
-29.358 -0.504 -378.218 1.200
