-58.119 50.960 -338.432 2.056
20.972 -2.248 -400.875 1.973
46.213 58.143 -405.314 1.834
-61.891 -17.931 -364.575 1.996
70.849 -52.398 -480.035 2.039
31.445 34.778 -419.581 1.839
-65.749 -37.820 -483.950 2.104
-85.073 -0.292 -418.821 1.931
17.121 -17.616 -395.254 2.049
-12.449 65.542 -439.765 2.080
95.520 31.201 -380.479 2.004
-20.998 -49.616 -334.749 1.899
14.126 97.243 -369.830 2.033
97.645 23.809 -331.560 1.824
-35.940 -3.344 -472.782 1.842
-90.137 93.773 -356.037 1.870
-88.824 26.276 -453.311 2.053
-81.991 22.015 -401.635 1.838
77.810 5.305 -405.854 1.958
88.058 -85.577 -306.293 2.140
-99.201 -77.233 -475.274 2.083
-24.295 10.894 -438.328 2.013
-39.422 -22.337 -435.529 2.099
69.440 -69.920 -388.048 1.894
16.207 -84.137 -378.161 2.118
-14.066 53.020 -411.262 1.984
-64.468 35.323 -499.427 2.065
74.716 49.187 -494.622 1.965
33.105 -66.435 -381.470 2.262
47.117 -43.950 -464.267 1.965
93.860 -19.957 -362.829 1.967
-89.098 -13.239 -335.271 1.897
38.228 1.441 -318.453 2.029
-8.270 -62.710 -430.334 2.070
32.745 -82.751 -458.198 1.918
8.761 36.627 -471.446 1.984
-24.924 -42.023 -378.647 2.048
82.586 97.512 -350.576 2.148
-76.269 96.025 -319.948 1.896
55.722 16.520 -338.924 1.915
21.554 58.884 -393.400 1.941
57.996 -76.916 -301.621 2.033
33.427 -26.417 -431.205 2.055
-1.000 85.180 -410.992 1.808
61.079 49.928 -463.661 2.015
-60.472 16.923 -474.524 1.774
11.226 56.763 -324.667 1.915
-45.104 -84.315 -314.598 1.887
-77.113 -40.680 -493.015 2.051
-67.046 -16.626 -301.420 1.959
4.964 32.937 -359.790 1.836
-79.523 3.908 -342.990 1.818
-88.180 -31.126 -344.258 2.133
90.815 -87.784 -302.896 2.009
-4.616 -31.935 -442.808 1.811
13.876 24.426 -345.829 1.962
-16.624 58.284 -363.824 2.042
34.880 0.729 -339.358 2.013
51.621 24.851 -470.685 1.924
16.960 26.958 -323.722 2.022
19.484 96.889 -471.854 2.116
-29.309 -27.831 -363.275 2.058
-52.039 -21.214 -456.523 2.138
25.163 9.573 -391.140 2.143
-58.622 6.805 -456.565 1.984
19.431 -55.998 -466.535 1.868
-99.443 12.239 -446.321 2.042
59.768 -76.649 -384.099 1.912
52.769 72.368 -466.722 1.860
36.502 -17.937 -419.462 1.921
27.779 -18.640 -330.605 1.991
-85.014 -4.040 -446.646 2.101
-75.808 17.259 -464.128 1.939
-21.217 25.344 -399.742 2.114
-3.621 -80.120 -312.289 2.008
34.147 -6.675 -433.634 2.010
-72.645 -16.836 -487.419 1.917
-26.888 -61.160 -402.314 2.034
83.524 -9.963 -474.902 1.961
95.037 -28.145 -443.152 2.002
-54.552 -64.534 -461.870 1.944
94.217 -40.139 -391.834 2.074
-7.431 2.400 -357.879 1.920
80.189 -94.737 -458.060 1.948
-39.771 77.460 -451.132 1.828
-41.732 -51.204 -409.566 1.981
-97.103 -43.198 -304.728 2.109
-81.173 -28.464 -374.353 1.826
-23.043 59.572 -476.140 2.059
54.465 93.732 -344.299 2.033
-79.669 4.053 -402.300 1.886
67.643 -88.273 -440.994 1.920
62.875 97.365 -322.879 2.010
-86.874 -87.862 -394.533 1.969
-79.624 -83.481 -388.220 2.006
-48.762 24.228 -436.902 2.249
58.227 33.676 -415.356 1.943
-58.285 -43.957 -470.081 2.105
0.458 -67.786 -426.855 2.084
-63.562 -99.193 -343.705 2.106
