31.178 -24.711 -365.908 0.918
-36.141 47.170 -396.849 1.024
-53.215 93.433 -434.379 1.034
21.484 -81.415 -486.869 1.003
58.821 -67.921 -352.936 1.082
73.489 39.563 -455.958 0.924
-3.049 -42.881 -421.865 0.886
77.195 81.075 -372.062 1.142
-78.213 -67.140 -386.723 1.173
-84.763 28.907 -437.400 0.902
-35.962 7.983 -455.118 0.893
99.252 24.418 -425.022 0.961
-53.278 -68.384 -326.031 1.033
-95.532 92.947 -334.263 1.007
65.958 -38.072 -394.610 0.879
9.665 -87.679 -494.258 1.167
-2.959 -9.718 -469.864 1.065
-10.116 -39.431 -306.089 1.199
-26.028 -80.365 -380.320 0.898
91.681 -58.457 -386.843 1.008
23.826 64.069 -375.406 0.889
-76.451 -97.333 -379.532 1.005
64.927 14.542 -448.496 0.902
-11.246 91.615 -499.475 0.811
-30.273 21.369 -362.496 0.940
95.501 38.557 -353.004 0.889
46.230 -57.681 -302.190 0.917
86.829 9.747 -382.235 0.999
-35.401 -98.997 -450.226 1.165
-44.808 -68.640 -497.230 0.942
-22.589 58.588 -458.441 0.900
7.372 -37.402 -357.498 0.883
31.178 -18.777 -359.935 1.008
30.846 59.180 -402.254 1.165
-75.462 84.922 -311.473 0.901
-31.772 19.745 -365.102 1.006
71.414 88.999 -455.925 0.906
-59.968 -14.059 -388.361 0.991
-33.718 -58.758 -416.749 0.861
4.906 72.141 -337.888 0.886
56.952 76.989 -419.159 1.017
99.494 -84.277 -452.799 1.072
-16.421 -78.319 -433.751 1.090
78.315 85.569 -314.174 0.980
84.685 71.117 -470.585 1.068
78.404 11.069 -402.161 1.073
-24.811 -59.809 -440.971 1.175
-49.208 -45.773 -452.726 0.910
-55.313 99.717 -446.415 1.054
-14.487 87.494 -461.950 1.054
