4.735 97.441 -419.081 2.132
-76.561 -23.594 -344.937 2.015
-49.120 -22.058 -450.682 2.012
96.337 -58.399 -384.315 1.864
-77.534 -8.489 -444.987 2.004
-58.096 -62.315 -407.353 1.937
72.488 -71.614 -394.656 1.995
7.583 15.634 -471.046 1.854
85.571 55.473 -439.710 1.798
53.893 -71.131 -487.727 2.025
-69.381 -33.624 -383.853 2.017
-75.001 -81.172 -433.764 1.960
9.774 31.190 -333.144 2.115
-81.085 -49.635 -425.076 2.080
-27.918 -40.969 -428.115 1.857
32.143 90.105 -408.720 2.080
-52.422 58.899 -300.877 1.893
3.064 5.132 -467.421 1.885
-35.542 -83.834 -388.126 2.129
61.497 -71.274 -477.259 1.992
-14.718 86.184 -488.186 1.980
37.609 -78.567 -373.916 1.877
11.362 -4.853 -302.335 2.114
86.829 61.094 -482.298 1.898
43.690 -73.407 -328.897 2.153
-23.916 89.458 -419.344 2.047
45.236 48.950 -361.980 1.917
-69.018 41.577 -313.770 1.888
60.469 84.796 -480.450 1.990
-82.087 -96.225 -349.904 2.048
66.643 46.943 -308.267 1.825
12.858 88.718 -421.687 1.950
88.607 -70.793 -379.941 2.090
-81.315 -62.264 -325.082 2.132
16.440 79.208 -430.727 2.007
16.778 80.780 -333.702 2.150
-81.096 54.832 -327.996 1.972
15.551 67.622 -482.938 2.032
-27.851 27.573 -471.972 1.820
38.724 -87.144 -494.574 2.009
-47.304 74.462 -350.235 1.847
-25.283 3.267 -381.919 2.029
4.274 -14.787 -465.861 1.934
31.635 91.702 -319.054 1.944
51.159 77.749 -327.558 1.916
54.922 -87.208 -393.190 1.657
-75.410 35.265 -334.350 1.951
-73.797 -91.656 -323.680 2.112
31.583 -88.439 -389.408 2.127
-34.767 40.448 -466.080 1.974
-2.114 97.061 -313.354 2.249
6.241 71.020 -421.116 1.957
95.582 -81.451 -363.136 1.922
96.697 58.055 -383.589 2.049
55.777 6.965 -328.359 2.083
31.211 32.650 -371.488 1.943
93.088 -39.062 -372.424 1.941
61.958 -94.426 -384.239 1.870
85.912 -70.582 -487.319 1.986
93.336 3.708 -373.448 1.974
73.114 94.532 -452.741 1.847
-36.433 97.845 -474.333 2.153
70.120 3.290 -450.665 1.986
-95.792 52.606 -324.496 2.126
-56.407 -88.535 -404.146 2.115
88.631 -5.116 -350.131 2.010
-21.901 48.312 -441.973 1.803
86.128 -29.679 -358.249 1.951
84.545 11.979 -458.611 2.074
-0.224 -4.687 -393.559 2.048
-98.112 3.940 -386.879 1.863
-58.697 -48.779 -354.323 1.952
14.122 96.091 -322.309 1.853
51.831 34.136 -427.542 1.962
-65.533 -21.174 -431.486 2.126
-31.636 73.885 -463.834 1.963
-85.707 -82.273 -497.129 2.131
-14.791 -98.288 -471.399 1.963
-97.500 68.759 -424.178 1.956
34.084 6.694 -480.096 1.982
18.333 -61.562 -400.677 1.972
35.929 -68.837 -449.692 1.990
57.513 -5.491 -312.474 2.029
-49.443 6.137 -393.053 2.236
-40.263 -28.191 -419.862 2.037
-83.366 45.389 -392.708 1.879
-37.560 37.048 -318.714 1.965
7.893 -56.949 -322.358 1.908
-87.096 78.115 -304.259 1.954
49.831 -36.700 -458.653 1.979
86.007 55.387 -390.168 1.927
-65.734 98.852 -432.082 1.960
9.043 65.502 -488.974 1.931
-69.265 -36.956 -369.545 1.965
-56.344 4.752 -317.791 1.826
-68.126 -90.342 -486.547 1.922
13.652 48.773 -437.415 1.988
34.682 12.721 -485.381 2.065
-78.230 -73.429 -354.080 1.768
-78.040 93.173 -438.729 2.101
