88.524 -42.111 -479.831 0.876
54.233 -17.626 -308.622 0.976
15.998 65.614 -401.707 0.990
92.226 -32.902 -467.066 0.941
-1.717 68.840 -497.573 1.150
98.820 20.913 -354.128 1.057
-5.187 -99.340 -330.162 0.898
46.635 92.238 -421.248 0.875
-65.724 18.315 -348.362 1.021
-77.279 68.186 -496.778 1.087
-60.124 2.760 -461.190 0.982
30.116 70.020 -343.116 1.051
-2.576 84.960 -403.523 1.076
1.416 -49.572 -448.933 0.971
-37.678 14.426 -439.613 1.025
-61.285 -44.538 -423.540 1.037
46.068 85.151 -352.427 0.934
47.416 26.004 -316.822 1.040
49.104 -12.490 -464.759 0.919
-60.910 46.688 -471.888 0.817
21.522 66.552 -416.754 1.024
25.070 -16.829 -391.973 0.992
-94.216 3.919 -406.673 0.942
-81.507 54.341 -371.858 0.901
30.857 61.007 -414.715 0.965
-83.177 -80.908 -307.503 0.939
-24.106 -14.664 -365.213 1.030
40.231 67.443 -404.081 1.060
35.415 -46.891 -490.328 1.037
33.983 70.218 -390.439 0.955
39.115 43.507 -357.824 1.027
-26.846 20.330 -414.908 1.064
23.377 97.126 -391.220 0.922
55.298 -50.980 -305.285 0.924
-44.070 97.492 -464.317 1.248
-30.461 -4.656 -456.525 0.872
-90.979 59.162 -398.473 1.090
-93.815 -91.460 -328.555 1.044
35.050 64.147 -484.482 1.036
58.337 -41.701 -359.316 1.040
-48.497 59.195 -465.039 0.866
25.855 -25.843 -424.204 1.068
-28.879 87.935 -442.195 1.085
-0.714 70.780 -320.461 1.150
-44.347 -80.441 -469.740 1.087
-43.704 -82.112 -330.015 0.996
-76.869 42.788 -338.745 1.028
-68.924 -94.053 -416.572 0.920
99.575 68.003 -467.041 1.298
-41.827 87.489 -451.719 1.004
