-18.840 4.207 -305.741 1.047
-28.543 40.742 -383.696 0.945
-14.704 61.685 -406.423 1.009
-80.962 33.393 -320.651 0.783
-11.351 0.432 -332.426 1.092
-94.864 -35.340 -450.481 1.024
-99.330 -13.848 -457.075 1.064
-16.096 -18.303 -413.871 0.998
27.230 -54.840 -498.741 1.073
80.825 -20.887 -412.957 1.050
77.970 -43.797 -382.529 0.946
24.794 56.731 -325.312 1.014
-27.735 -4.437 -315.540 0.937
33.724 -1.596 -371.561 1.231
23.084 66.641 -334.609 1.086
62.330 5.688 -490.770 1.106
93.796 82.862 -498.305 1.117
71.919 -86.402 -413.593 1.070
-95.425 -0.696 -477.476 1.072
-73.240 -70.770 -383.016 1.154
-32.902 63.531 -347.854 0.987
-36.289 -22.386 -495.414 0.869
71.347 -21.789 -305.908 1.076
-33.399 -24.017 -348.807 1.190
74.723 27.320 -353.676 0.821
84.986 -87.056 -489.497 1.048
50.993 21.265 -337.634 1.127
1.633 27.335 -414.962 0.882
77.039 -12.368 -360.287 0.929
45.767 -52.905 -427.537 0.916
-23.049 -74.485 -498.412 1.008
41.812 -22.579 -362.651 0.930
-47.170 22.196 -407.215 1.112
7.994 63.065 -365.577 1.031
-30.061 -13.278 -463.452 1.044
30.509 -99.595 -432.558 0.943
-9.490 -38.106 -403.341 1.029
-93.856 64.246 -491.990 1.012
-8.101 25.795 -413.403 1.015
1.951 -24.136 -345.499 1.135
9.892 11.246 -401.531 0.855
-49.140 65.430 -440.840 0.948
64.312 -43.809 -333.287 1.050
84.015 -86.767 -355.842 0.921
-88.857 54.397 -331.107 0.774
-61.489 -52.242 -437.827 0.932
-38.763 -92.326 -453.012 1.137
-62.748 -56.857 -336.131 0.930
10.856 -79.524 -315.757 0.955
-33.244 56.877 -409.579 1.056
