12.031 -16.815 -441.311 0.892
-48.681 65.972 -477.388 1.183
-27.816 70.574 -437.960 1.078
-49.622 81.061 -467.638 0.992
-24.138 84.546 -318.118 1.111
99.180 86.929 -406.598 1.009
-84.078 -79.849 -438.176 1.061
62.092 91.992 -380.261 1.013
19.425 -17.409 -342.018 0.885
74.560 -16.450 -332.128 0.862
-63.241 58.074 -392.484 0.961
8.177 -45.248 -399.620 1.064
98.933 -97.155 -454.669 1.232
91.709 36.132 -491.105 0.921
70.810 -72.718 -304.549 0.948
-53.664 48.510 -409.640 0.728
94.004 -37.637 -362.924 0.806
-7.802 72.867 -437.966 1.211
83.106 64.138 -486.889 0.834
-19.798 32.770 -320.384 1.048
-4.695 -47.585 -379.364 0.913
-17.960 81.242 -429.922 0.998
-7.799 -92.048 -333.412 0.942
-12.779 -9.579 -404.226 1.024
-94.532 81.675 -320.357 1.017
44.901 62.375 -332.741 1.065
-16.918 -73.732 -412.525 0.890
-99.810 73.832 -480.842 1.012
24.507 -91.943 -475.900 1.043
22.624 -36.583 -375.805 1.039
77.658 -66.659 -468.907 0.935
-69.073 -28.470 -428.409 0.875
39.837 -96.021 -424.460 1.273
30.519 -59.953 -301.679 1.000
-89.981 68.282 -414.647 1.004
-1.424 -5.344 -351.040 0.889
91.659 52.707 -360.421 0.912
-14.165 -76.097 -433.246 0.842
-55.194 -16.090 -376.672 0.896
-33.290 61.147 -495.229 1.039
67.511 -73.172 -301.968 0.998
58.742 73.567 -455.259 1.030
36.927 79.120 -335.335 1.021
33.679 -81.594 -325.327 0.880
99.868 -85.103 -366.099 0.979
-65.271 -30.359 -404.408 0.987
-55.177 -60.056 -450.223 1.021
8.792 57.905 -439.475 1.014
1.714 -21.073 -498.894 0.940
-94.670 78.420 -330.710 1.038
