-3.296 92.358 -317.315 0.892
-0.401 -41.499 -334.885 1.043
80.819 36.601 -300.565 1.085
-66.149 5.644 -391.960 1.036
-2.494 -86.724 -437.272 0.947
-23.207 17.525 -337.283 0.812
87.275 -57.159 -406.021 0.932
37.049 32.100 -336.622 1.017
26.821 80.302 -462.187 0.878
34.085 30.161 -417.192 0.902
38.172 41.217 -492.235 1.112
-63.835 -41.186 -322.538 1.079
-83.820 -25.609 -330.693 0.906
-83.985 19.962 -454.190 1.095
26.440 -76.167 -479.361 1.034
83.432 48.446 -462.785 0.896
-92.484 28.515 -361.669 0.944
53.862 84.527 -383.030 0.946
-14.526 -79.881 -466.413 1.146
75.775 -45.685 -377.044 0.728
50.333 -78.380 -420.828 0.956
-32.394 76.526 -416.638 1.143
-9.708 -98.112 -384.503 0.989
67.843 31.469 -490.116 0.844
-93.488 44.248 -473.322 1.099
99.613 -20.047 -448.193 0.805
64.901 -29.672 -468.000 0.978
90.074 -81.209 -305.392 0.951
-43.180 17.945 -413.416 1.070
89.122 -49.372 -376.532 0.973
-18.939 35.151 -412.329 1.004
-80.522 63.503 -485.489 1.229
57.434 66.497 -465.975 1.056
-14.872 79.749 -308.657 0.861
6.787 -87.392 -467.198 1.058
76.053 -85.728 -497.524 0.940
-65.926 -55.697 -436.670 1.006
24.511 -55.664 -402.030 1.024
-34.626 58.554 -363.121 1.041
-71.146 -54.426 -442.435 0.963
12.344 -39.454 -450.079 1.011
45.737 -15.856 -411.238 1.127
-59.745 65.763 -472.128 1.114
40.234 -12.078 -482.690 1.011
96.226 -53.186 -401.803 0.958
-79.702 21.064 -345.397 1.002
-82.487 42.003 -407.647 1.065
85.034 -54.387 -385.493 1.016
58.464 -9.196 -397.623 0.923
-4.385 -86.908 -364.349 0.936
