18.665 -19.822 -403.978 1.990
92.178 -26.163 -391.788 1.928
-66.891 -44.644 -347.357 2.199
-0.480 62.781 -444.123 2.059
20.713 65.081 -366.511 1.925
84.581 -10.767 -330.378 1.971
-13.268 -11.336 -307.952 1.868
68.251 15.662 -426.033 1.992
92.440 18.250 -490.744 1.955
43.563 4.473 -421.948 1.894
5.365 -34.197 -452.453 1.915
59.820 83.728 -427.684 1.994
20.253 76.108 -394.341 1.873
89.917 53.136 -446.226 2.010
32.661 73.894 -378.508 1.921
-46.822 9.982 -304.881 1.949
4.630 31.840 -416.962 2.140
-19.784 48.174 -314.998 2.158
-6.314 -93.630 -371.900 1.961
-91.773 -0.290 -362.206 2.147
-75.549 -3.655 -373.292 2.029
78.648 32.132 -340.796 2.065
17.474 51.293 -398.260 1.889
49.571 -55.677 -316.607 2.048
50.112 -96.885 -346.464 1.905
-64.621 -90.184 -373.472 1.922
41.227 -9.585 -351.033 2.081
43.559 -61.405 -469.738 2.099
57.613 -55.598 -326.929 2.102
-25.719 17.572 -385.305 2.109
43.891 -92.576 -351.593 1.843
-88.213 40.035 -434.917 2.049
-56.887 6.505 -303.884 2.176
-34.554 -10.516 -361.804 2.130
20.924 99.107 -410.829 1.757
-75.160 -79.201 -361.154 1.961
-10.640 -81.219 -353.150 2.032
-11.582 -2.461 -341.573 2.052
72.083 82.987 -356.092 2.054
-86.926 -0.230 -493.918 1.949
-75.852 -59.703 -436.212 2.123
-37.942 -22.094 -306.868 1.991
-81.000 29.522 -337.510 2.019
-91.674 -80.677 -303.226 2.003
42.617 47.605 -414.071 1.991
-43.157 55.596 -334.921 1.899
-61.194 87.080 -440.823 2.021
90.036 -43.960 -369.560 2.079
2.856 64.870 -489.488 2.117
5.601 63.564 -338.444 2.012
54.626 95.752 -336.921 2.026
77.917 81.849 -396.222 1.880
-88.337 -73.806 -469.535 2.153
-80.855 -45.159 -315.596 1.961
-91.435 -56.725 -492.861 1.876
-8.206 -88.145 -376.183 1.881
-92.767 87.237 -428.338 1.935
15.631 87.927 -424.653 2.072
45.217 -85.232 -455.480 2.130
37.703 -57.791 -355.563 2.143
72.041 86.591 -374.658 2.161
53.338 99.054 -471.178 2.128
-37.636 53.767 -445.931 1.992
26.471 -5.679 -455.394 1.924
99.307 86.585 -393.188 2.015
10.083 -55.035 -306.934 1.928
28.671 34.290 -400.512 2.090
89.773 -62.700 -334.343 1.947
36.737 -22.651 -380.848 2.211
-61.891 27.982 -386.321 1.892
31.385 42.388 -358.850 1.943
-22.601 45.515 -456.036 1.994
-52.381 23.393 -390.670 2.023
40.351 74.512 -387.219 2.141
42.150 -89.907 -356.557 2.132
7.197 -80.105 -305.519 1.965
52.464 84.085 -312.343 2.031
9.721 51.399 -405.150 1.844
8.901 10.643 -393.403 1.914
-62.671 -18.487 -439.794 2.000
-59.634 12.496 -449.372 2.092
-23.323 -7.396 -427.347 1.949
46.432 10.372 -434.683 1.864
86.106 -11.852 -437.418 1.965
-66.997 59.259 -446.752 1.983
98.943 15.076 -330.589 1.971
48.333 8.860 -488.871 1.922
58.483 -14.422 -328.842 1.919
-39.030 -17.953 -364.356 2.065
-71.445 -65.120 -427.833 1.907
-10.942 25.580 -383.298 2.009
72.300 -25.946 -385.699 2.162
72.288 44.514 -363.954 2.055
-68.282 -75.532 -422.072 2.026
-0.717 -33.764 -350.955 1.875
5.423 52.143 -446.132 2.011
91.823 71.616 -463.353 1.930
-56.847 -33.565 -331.656 2.042
83.912 1.846 -448.405 2.049
-82.989 -73.090 -435.728 1.889
