-42.517 65.873 -364.508 0.837
-53.937 80.141 -487.140 1.106
7.246 -69.316 -434.977 0.910
-20.112 34.077 -331.155 0.964
-97.360 94.846 -339.161 0.920
-6.499 -49.229 -322.877 0.965
42.865 -27.404 -307.416 1.160
7.688 -7.007 -489.651 1.028
29.639 -94.016 -339.242 1.059
-97.077 33.360 -495.685 1.077
-48.258 -46.739 -302.843 1.128
65.793 -55.186 -437.464 0.790
-37.815 -15.121 -370.747 1.041
-68.629 -88.823 -456.383 1.063
26.005 -97.303 -467.834 1.039
-56.583 59.435 -370.267 1.088
29.344 78.069 -475.908 1.028
3.776 53.973 -322.204 1.097
-73.595 0.486 -467.108 0.857
50.333 -65.633 -327.582 0.989
12.061 38.115 -440.929 0.858
91.194 -83.997 -461.965 1.140
18.052 -50.876 -456.957 0.981
-35.657 -52.859 -394.321 1.053
-52.282 -99.355 -429.361 0.984
42.573 34.743 -482.065 1.061
-89.243 -31.925 -450.874 1.089
96.804 -84.660 -369.492 0.987
-88.155 -13.317 -462.243 0.846
-32.084 -16.627 -397.887 0.915
-35.820 -57.754 -344.319 0.940
35.432 -70.577 -426.517 0.962
-83.706 -78.009 -447.982 1.073
-25.534 -79.660 -376.678 0.938
-62.328 -55.451 -338.578 1.052
80.364 -60.556 -301.147 0.952
-7.094 58.933 -302.015 1.002
77.365 -96.396 -356.127 1.029
53.966 31.827 -310.122 1.133
-51.265 39.768 -332.583 0.993
-3.683 68.070 -471.171 1.112
44.891 75.970 -385.803 0.905
-41.210 -55.694 -346.850 1.023
12.338 -69.380 -412.575 1.000
-69.701 -23.920 -411.721 0.924
88.378 -34.353 -352.676 0.874
-82.800 -33.205 -365.153 1.026
-50.986 93.429 -333.096 0.944
77.396 -92.255 -495.006 1.114
-14.531 54.969 -370.223 1.118
