92.425 -50.680 -316.607 1.140
-85.983 -46.699 -379.101 1.040
-84.930 82.240 -337.442 0.978
16.894 -7.322 -446.994 1.096
-27.940 38.245 -459.444 1.017
85.496 98.514 -309.007 1.148
-25.582 15.689 -352.259 1.082
-23.316 18.783 -370.740 0.921
50.455 36.922 -345.975 1.037
-87.933 34.973 -416.765 0.858
62.930 -33.242 -309.320 0.831
18.024 32.242 -370.965 1.018
56.814 -56.281 -309.368 0.942
-34.747 55.178 -434.584 1.101
-39.991 -79.739 -466.917 1.108
-0.825 -1.882 -487.517 1.000
52.739 -42.266 -421.417 1.118
28.581 -86.857 -471.551 1.105
14.027 92.969 -430.720 1.075
64.070 50.264 -343.677 1.005
74.852 65.812 -383.728 1.135
76.913 -60.814 -434.737 1.001
-28.324 57.623 -338.098 1.091
-11.916 59.587 -441.884 1.130
-22.579 71.994 -327.944 1.053
-99.292 34.331 -491.804 1.058
39.218 -95.555 -333.303 1.028
90.473 -56.903 -430.406 1.084
32.925 -56.560 -334.064 1.012
79.264 12.950 -336.234 0.977
9.541 73.978 -389.110 0.951
-86.870 49.627 -374.977 0.923
-60.592 -55.941 -349.309 0.934
-95.654 -89.982 -324.643 1.013
-91.173 8.083 -401.691 1.045
-8.951 -22.266 -410.481 1.021
98.830 -33.335 -347.465 0.909
-5.672 -42.472 -478.879 1.093
56.672 61.679 -407.312 1.160
-77.991 -34.147 -427.085 0.931
12.799 -40.579 -408.248 0.830
-14.613 -1.339 -403.378 1.040
95.817 6.319 -370.664 1.169
0.379 -22.699 -459.885 1.100
-26.948 -62.025 -447.965 1.091
42.178 83.321 -317.020 0.997
-57.932 5.818 -339.185 1.007
-33.114 37.240 -307.707 1.058
4.665 -84.523 -304.265 0.861
37.647 -96.083 -316.722 0.990
