-65.351 9.198 -366.444 1.042
-67.228 -37.088 -394.132 1.094
-21.505 -7.840 -420.042 0.937
-19.957 9.744 -378.105 1.025
60.168 65.828 -417.886 0.999
-46.624 41.053 -301.383 1.006
68.114 49.005 -407.370 1.146
18.303 -43.486 -324.001 0.933
-47.256 51.443 -330.098 1.106
99.061 -50.944 -376.213 1.012
97.587 10.220 -331.888 0.982
10.466 16.062 -428.725 1.030
-79.305 -22.589 -354.360 0.975
-24.817 18.425 -369.483 1.002
97.495 92.181 -367.677 0.890
-72.565 90.742 -351.162 0.913
17.796 -49.181 -335.577 0.992
77.848 43.402 -365.436 1.089
13.309 38.792 -427.816 0.933
76.340 78.837 -497.388 1.010
-13.987 80.021 -425.925 0.899
58.381 4.857 -453.264 1.056
60.648 -67.177 -425.935 1.021
79.436 39.672 -368.125 0.976
-18.202 13.251 -331.057 1.024
81.981 -87.056 -388.879 0.843
0.751 38.219 -369.308 0.996
84.148 -63.718 -370.180 1.037
-14.652 99.058 -485.092 0.953
49.498 23.863 -440.627 0.826
23.111 -49.868 -322.424 0.982
-4.051 -32.767 -464.162 0.991
-78.773 55.020 -303.837 1.021
31.792 61.155 -492.152 0.918
6.086 -39.632 -412.360 1.004
-58.980 49.646 -461.942 1.003
-31.650 -32.346 -443.993 0.958
-48.757 -35.877 -365.870 1.136
96.544 39.862 -384.741 0.969
57.595 -8.361 -322.035 1.106
1.457 -83.614 -336.614 0.900
-75.318 38.575 -367.324 0.935
-83.980 76.862 -488.664 0.935
38.307 63.041 -447.559 1.045
-15.679 -24.491 -325.115 1.006
72.904 -72.960 -433.256 1.113
-4.502 -89.482 -464.130 1.050
-8.352 -73.402 -406.279 1.065
50.690 99.427 -493.641 1.041
59.233 -38.069 -381.203 1.100
