51.306 36.326 -300.573 0.985
-82.356 92.675 -443.980 1.050
99.283 -30.504 -397.743 0.883
44.682 -16.959 -448.452 1.009
-86.209 -85.894 -328.025 0.965
20.803 25.210 -482.028 1.010
72.752 25.405 -432.352 1.037
23.252 86.930 -329.644 1.118
-83.156 76.683 -496.113 0.923
36.675 -30.417 -349.612 1.057
33.770 -7.832 -302.741 1.267
-58.023 90.319 -300.986 1.076
-63.088 -35.527 -474.694 0.965
45.164 -32.372 -473.760 1.211
39.924 98.467 -318.670 1.031
-64.434 -97.076 -316.966 0.820
-19.949 74.477 -431.889 1.042
62.300 7.449 -347.416 1.080
46.700 -78.492 -324.525 1.061
-89.984 -48.037 -301.669 0.983
-60.009 -34.443 -334.625 1.214
32.987 -6.859 -339.639 0.929
-51.505 44.433 -491.561 0.960
-49.886 15.055 -451.723 0.918
16.507 -74.383 -394.442 1.027
82.514 -19.192 -471.703 1.127
-47.261 -89.211 -444.001 0.920
20.129 -41.751 -383.803 1.026
-36.785 -90.153 -307.633 0.948
-56.978 63.683 -396.049 1.080
-9.584 51.232 -311.400 1.062
75.912 -58.788 -348.287 0.890
78.818 71.639 -431.165 0.871
32.583 -31.919 -387.237 1.109
-65.201 87.630 -387.847 1.151
-11.174 53.506 -353.209 1.061
-23.281 -75.867 -335.402 1.077
-7.598 -45.905 -495.151 0.879
71.281 -33.777 -336.300 1.080
78.216 -30.836 -301.783 0.967
2.574 -63.947 -454.381 1.077
-55.956 57.089 -440.833 1.015
-0.994 51.770 -358.488 0.976
-34.295 -50.310 -456.157 1.050
12.463 -65.717 -427.728 0.998
-1.333 28.426 -445.790 0.962
-12.294 -0.560 -492.279 0.878
-10.141 6.376 -413.022 0.994
48.999 -35.864 -385.761 0.794
14.239 27.104 -424.104 1.017
