-49.293 -82.664 -394.392 2.128
31.645 75.193 -339.487 1.750
1.943 -98.751 -466.169 2.007
29.075 22.069 -355.084 1.960
91.222 -40.412 -356.343 2.028
61.408 -82.951 -319.289 2.049
66.742 -58.971 -434.013 2.172
-0.288 57.114 -332.713 2.004
-67.956 -58.669 -310.719 2.029
94.934 7.892 -440.567 2.098
95.418 57.198 -474.338 1.811
-83.497 33.048 -483.860 2.053
-21.987 -73.021 -433.495 2.107
-80.842 -29.604 -469.728 2.231
-13.183 -47.171 -333.483 1.855
10.980 -47.369 -386.597 1.880
11.466 -44.550 -325.226 1.854
-80.999 35.201 -340.952 1.971
60.409 33.214 -482.240 2.001
4.760 -50.693 -410.452 2.035
-65.664 -90.332 -313.854 2.054
-18.351 -36.177 -307.564 2.005
53.746 74.426 -335.071 2.135
-8.615 61.818 -347.635 1.969
-40.668 -32.834 -482.438 1.972
15.485 -80.506 -439.764 1.978
-15.995 -38.635 -312.510 1.918
78.922 67.756 -371.879 2.044
-21.522 -44.397 -345.522 2.084
-72.159 -37.773 -387.173 2.039
29.130 43.970 -496.593 1.916
-52.965 -75.314 -472.211 1.937
-30.237 35.613 -363.111 2.063
-40.565 82.914 -449.420 2.026
17.098 -37.030 -468.148 1.998
-29.112 -38.619 -445.954 1.988
53.831 -27.180 -400.572 2.094
22.972 -30.221 -445.032 2.051
84.600 23.855 -441.299 2.066
-36.999 -48.297 -358.016 2.062
-19.629 -38.704 -383.404 1.821
87.083 -3.282 -325.080 2.173
74.826 -40.543 -385.504 2.019
-2.741 21.627 -398.401 1.880
76.681 95.605 -389.225 2.161
-17.462 -16.021 -328.085 2.089
-38.836 -91.902 -382.463 1.949
-1.084 92.598 -421.962 1.876
-43.838 -3.775 -450.726 1.959
-36.857 -63.357 -311.789 1.903
66.448 29.615 -428.777 2.125
21.060 67.885 -403.777 2.039
92.947 49.195 -489.712 2.059
53.542 59.728 -356.632 2.151
11.602 -92.805 -304.689 1.924
-87.055 -39.005 -392.398 2.070
77.696 85.772 -360.950 2.301
-18.303 -26.527 -396.248 2.198
32.782 95.181 -396.184 1.838
-62.954 61.207 -442.205 1.920
-20.201 -49.839 -476.522 2.196
-50.460 -11.642 -443.221 1.946
60.612 21.544 -343.330 2.087
-12.932 66.255 -396.326 1.988
-80.252 95.517 -458.310 2.051
-45.261 -25.708 -323.642 2.028
-77.235 36.369 -307.402 1.994
-94.330 -11.950 -335.580 2.101
50.477 99.258 -484.580 1.883
-63.092 -45.551 -316.234 1.846
-82.041 96.884 -349.293 2.088
39.384 70.570 -375.450 1.951
-17.295 -45.631 -452.297 1.906
81.792 97.032 -491.953 2.144
-97.264 90.450 -477.111 2.152
58.050 93.024 -344.075 1.901
25.165 97.758 -424.670 2.091
-85.492 24.457 -340.058 1.988
-1.267 52.796 -310.316 2.111
31.224 -87.568 -308.390 2.106
-26.286 -72.412 -419.001 1.969
48.636 -76.723 -453.140 2.068
-51.297 -61.233 -414.637 1.975
-16.435 -97.012 -402.279 2.056
-97.570 30.898 -376.798 2.111
63.054 50.269 -383.492 2.053
52.855 -0.723 -340.036 1.869
93.039 -88.223 -459.988 1.873
-22.772 -71.461 -348.055 1.923
7.148 38.066 -401.572 1.985
-5.998 -79.969 -416.408 2.033
-61.308 -64.438 -413.184 1.959
-7.929 2.456 -466.925 1.973
42.950 -14.014 -353.230 1.982
3.660 59.427 -427.233 2.071
-14.732 29.855 -336.935 1.971
22.080 58.620 -476.406 2.012
96.931 -54.245 -303.114 2.105
13.121 40.572 -466.684 2.141
53.115 61.426 -394.892 1.937
