-43.530 -47.062 -369.854 1.030
95.377 65.002 -474.806 1.088
84.932 -1.959 -393.505 0.897
-96.453 -62.915 -423.262 1.092
-46.403 62.527 -406.204 0.983
20.954 39.695 -454.693 0.820
0.006 -3.216 -370.605 1.113
-77.183 -46.070 -422.042 0.772
-88.499 17.274 -315.850 0.987
-77.814 -88.068 -380.925 1.194
78.740 -73.335 -395.438 0.874
-9.782 8.152 -402.498 0.970
-2.501 -91.825 -365.422 1.124
26.457 0.302 -324.647 1.017
-96.071 -29.837 -309.367 0.975
43.887 -91.539 -485.357 1.027
-59.794 -61.775 -458.380 1.004
72.239 65.604 -422.018 0.815
-74.270 89.625 -325.474 0.885
93.885 -19.698 -489.021 0.999
-57.012 -95.362 -463.190 1.022
-91.134 40.005 -498.172 0.954
-9.335 78.357 -400.189 1.015
19.603 49.587 -347.242 1.066
-31.693 69.357 -453.537 0.932
52.384 47.926 -389.256 1.152
-40.182 83.789 -333.120 0.958
54.003 54.789 -310.293 1.023
69.618 31.737 -373.049 0.968
-92.040 25.993 -316.736 0.931
-44.617 5.160 -350.779 0.972
-97.712 15.980 -311.735 1.052
39.397 -85.371 -330.216 0.957
-34.354 71.301 -306.322 1.019
-3.066 -17.361 -374.328 0.794
11.519 -65.388 -490.845 0.996
-14.682 -13.466 -350.452 1.075
-10.945 -58.815 -399.478 1.063
-74.073 45.058 -453.658 0.932
15.716 78.572 -479.416 1.007
66.223 38.389 -412.965 1.048
14.518 44.171 -340.767 1.016
-47.323 -28.195 -405.686 0.979
-32.709 -5.675 -431.883 1.145
43.971 -17.403 -401.135 0.851
-36.898 -2.005 -310.189 1.011
22.545 -88.619 -450.620 1.020
-22.582 32.676 -413.087 1.022
-55.469 -86.158 -455.153 1.081
21.913 59.204 -473.631 1.023
