-66.817 -47.305 -463.620 0.858
-37.510 -20.585 -370.307 1.030
18.114 92.910 -430.731 0.975
-54.798 -29.427 -312.299 1.077
-69.498 -43.602 -326.452 0.988
-97.612 40.268 -462.989 0.759
-55.977 -37.597 -414.706 0.912
-23.254 27.289 -359.673 0.901
-74.786 -14.338 -349.876 1.108
-86.087 28.887 -434.585 1.115
53.648 -69.640 -443.809 0.882
97.753 19.713 -319.228 1.054
41.489 -96.829 -498.285 1.055
50.687 5.274 -451.266 1.177
56.255 26.394 -499.930 1.080
-94.625 52.335 -404.581 1.034
-75.764 40.716 -436.383 1.017
56.948 48.331 -332.954 1.174
19.806 -86.589 -492.525 0.987
59.317 -2.644 -401.938 1.036
-92.019 80.842 -407.363 1.165
93.672 99.877 -371.298 1.034
-65.893 64.184 -316.615 0.969
79.524 41.861 -484.438 0.944
45.316 69.602 -391.375 1.003
23.343 7.803 -409.041 0.765
12.425 -38.781 -490.512 1.090
16.205 -67.496 -418.517 0.961
65.777 9.531 -465.396 1.036
-38.717 -33.476 -320.293 1.009
-18.391 77.135 -361.200 0.988
-9.864 43.646 -497.674 0.956
-51.991 -31.799 -351.323 0.936
33.071 31.787 -364.687 0.833
-48.264 67.263 -432.384 0.937
-97.119 61.960 -431.836 1.029
94.309 -26.361 -428.074 1.054
38.575 -79.083 -319.645 0.942
98.164 84.398 -321.567 1.216
-42.974 -30.286 -485.407 1.089
93.362 -37.234 -405.358 1.133
75.153 -50.188 -435.326 1.001
-25.502 -89.778 -428.628 0.903
26.734 31.595 -491.876 1.247
-77.528 -0.269 -337.647 0.874
-20.143 -82.739 -378.526 0.915
38.768 -9.967 -309.541 1.059
-51.102 -13.637 -489.123 1.013
30.690 73.945 -340.420 1.178
-42.314 94.849 -301.520 1.027
