-32.585 -42.969 -453.962 2.160
52.881 81.174 -409.188 2.019
67.456 0.024 -365.943 1.991
43.724 -27.778 -378.027 1.774
31.586 -23.365 -330.826 1.928
50.209 -63.359 -444.342 2.067
15.436 -37.661 -302.027 2.157
-24.014 -17.803 -459.034 1.952
32.466 -27.839 -304.028 1.998
81.807 95.349 -442.903 2.010
26.425 -36.543 -419.287 2.122
47.554 -61.238 -327.012 2.023
3.416 -66.832 -434.924 1.978
-95.035 -8.925 -390.903 1.782
13.462 -88.453 -421.057 2.068
-7.129 -49.050 -402.015 1.893
-47.722 -6.010 -341.091 2.077
87.906 49.045 -309.275 1.893
-53.123 73.377 -435.700 2.036
54.231 -73.614 -472.945 2.037
-33.233 40.741 -353.222 1.970
-9.815 -44.219 -375.867 1.807
46.718 -81.892 -373.102 1.873
45.662 82.201 -465.258 2.047
-58.698 67.274 -487.355 1.862
-18.042 86.974 -328.567 2.100
-92.563 90.228 -481.620 2.145
-59.344 57.369 -464.566 2.073
-2.656 -91.022 -432.075 2.042
19.571 -87.074 -434.993 2.020
57.434 -24.251 -433.223 2.041
13.406 82.326 -307.965 2.034
-51.569 -17.322 -436.610 1.874
-64.442 -36.751 -484.025 2.157
74.670 -81.436 -333.423 1.884
2.276 -91.878 -336.043 1.829
87.995 23.436 -332.251 1.819
63.296 -97.117 -419.199 1.919
73.118 -96.671 -343.119 1.984
-48.627 -46.668 -400.357 1.996
-33.775 -81.433 -465.848 2.088
-69.137 56.812 -436.552 2.139
-45.477 -79.026 -403.597 2.032
78.351 -29.509 -364.359 2.116
26.323 -98.072 -340.951 2.085
62.865 -93.112 -327.760 1.990
18.105 -59.139 -350.804 2.080
27.931 44.624 -435.875 2.106
-44.748 70.921 -430.878 2.087
89.810 6.558 -465.162 1.929
-0.418 72.643 -415.682 2.205
-39.442 -26.542 -497.846 1.995
8.053 99.737 -479.400 1.965
35.090 -40.800 -437.165 1.745
-84.828 -8.586 -345.916 2.164
-27.015 73.142 -364.878 1.934
-74.470 -37.275 -484.665 1.926
3.536 -64.555 -432.926 2.062
53.657 -63.936 -455.964 2.011
-3.047 -76.987 -345.096 1.976
-13.117 83.264 -316.752 1.811
-16.442 36.207 -370.888 2.001
-36.158 -35.892 -497.986 1.852
3.056 5.179 -358.170 1.961
93.578 96.872 -484.503 1.954
37.455 -27.114 -398.445 1.957
7.152 83.819 -488.942 1.971
66.934 9.588 -423.392 1.996
-30.762 86.446 -381.501 1.990
62.903 -24.841 -432.168 1.930
-91.553 93.233 -359.270 2.081
49.607 6.009 -379.505 1.999
-73.281 -88.269 -386.969 1.884
64.269 97.067 -426.691 1.837
-84.433 40.950 -385.570 2.032
-69.318 -89.501 -494.698 1.952
-12.925 -57.652 -459.553 2.032
7.426 -62.512 -384.828 2.031
-24.132 -2.526 -403.308 1.908
57.253 28.516 -435.071 2.110
12.493 33.304 -457.885 1.944
49.444 0.713 -318.552 1.936
60.522 92.437 -325.158 1.833
48.049 -52.696 -346.427 1.919
40.370 -76.177 -355.721 2.160
9.868 35.665 -459.586 2.106
-75.486 25.603 -421.304 2.052
-63.149 66.210 -302.454 1.939
33.476 -28.365 -384.974 1.842
-90.846 -88.153 -370.811 2.049
-54.179 -64.049 -364.546 2.012
-89.021 -77.931 -458.398 2.094
88.312 13.115 -477.547 2.164
-64.892 -17.426 -439.709 2.038
-39.623 -61.011 -367.143 1.854
-98.485 -68.682 -469.084 1.975
-1.433 -78.545 -481.344 2.013
56.458 70.375 -410.652 1.915
-11.025 0.890 -347.615 2.044
64.706 -86.296 -461.194 1.823
