-54.367 -92.607 -352.689 0.938
36.566 -72.528 -335.546 0.995
0.107 8.456 -304.862 1.105
73.101 59.159 -392.985 0.889
74.138 38.366 -425.805 0.968
88.312 -21.832 -345.141 1.059
90.259 63.906 -303.936 0.956
-57.916 -94.073 -462.171 0.949
76.464 -8.871 -324.153 0.912
11.178 36.626 -382.493 0.929
-42.959 52.923 -308.713 0.968
74.390 -24.095 -479.442 1.079
79.665 32.370 -449.122 1.026
2.426 -51.935 -374.879 0.988
-4.981 -16.783 -433.025 0.989
-33.721 -39.380 -361.987 1.200
9.790 37.333 -393.722 1.096
-7.283 -81.713 -356.751 1.043
-98.903 -47.393 -455.618 1.011
-79.904 54.782 -324.231 1.116
-8.116 -74.117 -412.282 1.001
-55.626 -52.322 -318.379 1.089
-50.837 16.922 -432.931 1.133
-49.319 27.051 -473.347 1.086
32.474 68.054 -447.498 1.069
34.305 -31.260 -311.458 1.029
5.947 -54.272 -342.159 1.097
-95.921 -5.145 -445.086 0.989
50.632 -47.321 -413.387 0.941
96.969 -45.225 -409.597 0.957
-42.226 -19.435 -408.162 1.092
-7.918 -45.951 -467.165 0.960
4.501 -68.188 -359.327 0.967
-2.024 59.237 -339.418 1.189
50.232 -60.251 -304.832 1.095
57.844 -31.203 -404.764 1.221
5.163 33.556 -462.044 0.931
87.487 91.210 -424.200 0.954
93.909 -85.709 -427.865 1.048
-26.517 86.492 -444.866 1.008
-64.346 -42.128 -449.268 0.939
-99.165 -74.667 -481.947 0.960
-18.814 -0.066 -460.883 0.974
31.060 -72.276 -391.713 1.115
-11.341 47.322 -468.375 0.839
-78.246 -97.120 -431.068 0.881
25.689 49.362 -457.201 1.021
31.548 -86.707 -376.452 1.037
70.729 -82.732 -443.314 0.933
-7.680 -85.133 -480.371 1.144
