70.852 6.979 -351.455 0.953
-39.590 75.096 -410.675 0.917
-43.938 -9.154 -433.407 0.972
-39.106 87.058 -414.338 1.081
-32.592 -41.569 -338.364 1.216
44.214 -27.767 -353.689 0.868
-92.095 88.648 -301.178 1.004
49.812 87.133 -466.806 1.147
-15.044 -63.838 -373.965 0.822
-59.883 -21.426 -319.318 0.965
32.199 -0.639 -332.506 0.907
4.365 50.649 -302.987 1.078
-46.588 -73.437 -495.294 0.961
13.418 -86.212 -415.971 0.901
76.013 -79.133 -329.971 1.021
-31.740 -60.115 -483.006 1.162
-91.746 35.173 -353.711 1.001
-24.040 -72.986 -381.806 0.831
87.627 10.436 -344.753 1.026
-35.278 69.018 -366.073 0.905
13.818 -46.769 -499.321 1.120
52.311 84.969 -468.209 1.019
-31.488 -41.471 -363.426 1.033
19.032 73.435 -388.216 1.164
43.722 28.371 -445.066 0.959
-38.833 -67.602 -439.930 1.169
39.509 -20.567 -330.261 0.933
-10.985 -90.706 -324.546 0.972
-13.801 9.717 -378.673 1.038
63.106 -51.464 -316.396 1.235
-61.830 -80.473 -368.198 0.884
-60.160 40.015 -494.867 1.073
-86.988 -24.183 -393.473 0.891
-21.778 -11.609 -477.540 1.004
82.230 -36.257 -493.023 0.978
-20.077 96.718 -435.489 1.067
70.145 47.306 -375.275 1.020
84.168 93.170 -408.352 1.058
4.805 98.664 -445.680 0.981
-18.090 0.769 -332.078 1.128
5.899 -16.639 -462.471 1.028
68.887 53.610 -439.077 0.954
59.211 -25.921 -352.083 0.884
-52.583 -31.183 -320.566 1.026
28.476 -35.969 -363.255 1.107
47.813 -66.276 -434.127 1.070
-55.551 -49.887 -324.855 0.885
-52.709 -87.614 -347.192 0.859
14.711 -17.300 -313.476 1.107
50.759 51.501 -351.226 0.915
