79.340 -85.810 -327.355 1.096
-60.948 -75.791 -449.957 0.969
8.529 -55.165 -390.459 1.184
30.937 -35.745 -312.518 0.932
-19.922 -30.537 -494.665 1.058
-82.034 26.169 -337.857 0.956
61.058 57.068 -337.930 1.116
87.958 70.720 -337.197 0.812
29.089 -33.012 -460.334 1.192
-50.413 88.071 -337.789 0.964
29.270 42.447 -431.530 0.977
59.954 21.750 -495.785 0.995
-79.491 16.537 -431.400 1.004
-50.838 2.726 -440.394 1.127
54.563 25.689 -438.981 1.117
95.878 4.923 -410.298 0.869
-50.007 -51.967 -369.586 1.089
-80.279 3.612 -402.043 0.734
-99.453 -72.322 -412.522 1.025
54.714 23.281 -481.371 0.917
90.618 -41.837 -389.067 0.931
96.847 62.435 -413.734 1.072
-45.555 -12.145 -345.186 0.971
90.140 -90.384 -362.135 0.923
-24.517 23.116 -353.238 0.986
-80.906 -32.436 -496.852 1.048
-78.268 76.621 -320.712 1.059
-82.559 -4.990 -401.218 1.076
-56.266 -43.906 -472.141 1.015
-98.057 -57.474 -477.282 0.924
4.796 -17.894 -411.887 0.922
-74.611 -38.856 -497.400 1.059
23.595 -40.874 -470.879 0.989
78.274 62.759 -442.588 1.035
-13.773 -3.858 -453.111 1.043
-57.591 77.078 -368.059 1.089
12.289 62.129 -399.438 1.026
-12.788 -55.780 -356.523 1.068
15.682 -11.113 -476.638 0.969
17.381 -62.909 -368.223 0.930
82.318 44.323 -311.084 1.051
-33.691 19.404 -427.149 0.939
-30.596 -11.590 -427.014 0.859
10.432 -35.725 -353.562 0.852
-15.037 9.076 -391.263 1.012
-63.601 17.172 -387.275 1.019
-22.866 -73.349 -415.066 0.891
-72.576 60.934 -400.588 0.998
-62.098 90.757 -425.420 0.978
50.988 34.521 -436.974 0.936
