-98.120 -62.389 -310.285 0.907
98.206 -17.078 -473.076 0.986
60.551 69.861 -449.640 0.966
0.535 -42.670 -487.783 1.238
-68.757 -11.251 -394.940 0.857
-33.372 -63.049 -301.303 0.755
84.257 37.679 -480.306 0.978
-34.328 -4.831 -433.755 0.880
-41.998 -63.674 -327.911 1.021
-0.693 -25.653 -347.903 0.973
0.130 4.943 -457.910 1.162
1.254 35.698 -349.875 1.033
-53.459 9.587 -408.752 1.125
-97.171 44.602 -364.091 0.951
67.534 -29.845 -335.084 1.083
81.154 -30.046 -326.455 1.195
65.726 -49.196 -489.393 0.973
-72.434 9.349 -376.068 0.816
-77.663 -37.822 -312.676 1.154
-21.991 74.491 -379.608 0.936
26.562 81.267 -443.697 0.835
92.195 -97.407 -483.316 0.934
99.440 -9.783 -436.413 0.933
-6.437 -68.608 -343.066 0.972
-43.564 55.412 -416.901 0.938
-81.722 -48.034 -470.623 1.057
46.970 85.646 -394.938 1.062
39.712 30.105 -388.304 0.943
-7.692 -57.580 -397.444 1.047
-54.076 -99.044 -335.906 1.043
-6.009 63.072 -437.188 1.183
82.506 -75.055 -384.236 1.110
-62.948 54.581 -358.346 0.974
36.449 95.054 -406.240 1.227
-33.435 84.998 -489.320 0.989
-5.957 81.388 -461.987 1.017
-23.200 -86.045 -462.291 0.946
-72.408 -44.075 -343.000 1.087
97.150 -27.462 -481.269 0.945
48.054 44.091 -447.712 1.080
21.914 -80.367 -367.616 1.172
54.784 -79.305 -447.369 1.103
-60.226 97.985 -471.016 0.859
70.199 -42.049 -458.573 0.952
68.246 -77.782 -411.061 1.102
-68.032 99.111 -471.134 1.020
67.004 64.613 -403.407 1.182
82.743 14.289 -392.664 1.282
29.666 36.781 -405.442 1.141
-39.653 23.469 -339.843 0.983
