-41.666 5.629 -494.073 0.952
-34.214 50.370 -468.953 0.962
-38.526 6.855 -427.789 0.875
-74.950 -79.352 -408.418 1.048
71.095 -86.433 -466.042 1.006
-45.173 61.300 -436.902 1.038
-61.262 32.107 -316.265 0.946
-38.343 31.290 -443.504 1.071
92.810 -8.591 -413.187 1.002
10.436 31.178 -373.173 1.040
44.860 50.183 -423.498 1.092
6.394 -4.954 -473.689 1.066
28.274 -86.615 -371.579 1.007
-88.760 -94.944 -347.309 1.058
-31.770 -7.749 -360.046 0.976
-63.396 25.001 -431.594 0.973
13.594 -31.759 -331.932 0.850
62.437 44.748 -438.043 1.034
21.635 -15.733 -439.771 1.076
-83.328 -7.387 -385.670 1.027
-59.972 20.795 -475.974 1.318
2.876 -76.417 -498.203 0.975
53.015 -92.447 -492.678 0.898
99.194 -81.420 -436.365 1.182
51.616 -78.061 -331.390 0.746
-52.577 -72.969 -308.261 1.190
-93.844 -42.514 -480.966 1.046
67.998 -90.958 -390.520 1.031
17.703 -8.503 -317.909 0.950
80.218 -63.928 -333.033 1.018
67.112 -39.628 -326.332 1.131
48.615 -75.557 -433.040 1.085
-57.086 61.131 -313.356 1.191
14.427 -98.464 -316.132 1.066
-58.501 -22.107 -357.992 0.846
-56.290 -45.867 -437.353 0.802
60.977 47.751 -307.495 0.985
46.001 97.029 -351.557 1.065
-71.539 90.296 -395.163 1.072
32.071 -22.409 -446.892 0.947
-83.137 69.759 -451.479 0.874
22.562 18.806 -376.245 0.976
-98.081 89.094 -311.656 1.028
40.690 -67.432 -333.597 1.079
-18.094 -94.320 -343.076 1.082
72.587 91.588 -416.831 0.911
23.106 -30.675 -361.237 0.981
-13.946 87.257 -486.652 0.860
-8.346 16.336 -469.139 0.904
96.378 57.396 -446.579 0.849
