-72.035 87.092 -457.493 0.850
-46.134 -0.244 -393.912 0.875
-22.946 76.865 -406.177 0.977
62.821 -65.880 -397.543 0.971
15.980 -31.680 -499.974 0.886
31.765 96.342 -458.660 1.159
30.560 -98.553 -486.475 0.895
-50.704 4.104 -312.986 1.000
78.816 -93.549 -313.628 0.932
-32.395 73.554 -394.212 1.049
17.978 2.844 -396.515 1.049
44.264 -87.064 -390.834 1.074
85.945 38.984 -402.407 0.740
-20.735 40.382 -352.650 1.095
-10.294 93.825 -398.629 0.823
88.608 -86.402 -311.620 0.888
79.859 23.206 -316.123 1.003
-73.572 -64.906 -451.607 0.980
-49.015 -20.536 -378.503 1.105
0.400 -3.726 -412.674 1.060
-10.833 -23.904 -429.892 1.193
-79.236 -48.863 -365.111 0.939
-7.497 47.444 -447.683 1.017
63.450 39.308 -468.924 0.975
99.278 -78.084 -421.676 1.174
-64.975 -20.199 -417.378 0.936
-69.740 10.596 -423.319 1.099
53.253 -11.703 -420.599 1.167
-84.516 15.971 -433.137 0.877
12.777 -11.220 -419.428 1.000
99.802 -7.437 -385.963 0.955
93.937 -46.911 -448.889 0.945
5.701 -86.273 -427.136 0.860
-91.696 67.350 -366.870 0.878
75.432 30.125 -342.630 0.972
-94.800 89.259 -353.798 0.987
95.449 5.954 -382.807 0.839
13.045 11.236 -303.491 0.929
19.725 -63.199 -354.621 0.965
63.508 1.945 -457.170 1.063
-16.883 -36.726 -381.591 1.068
-70.923 -53.911 -453.503 1.033
-1.361 -48.138 -335.184 1.039
-52.570 -41.712 -486.204 1.086
-25.979 29.191 -311.595 1.215
-64.065 -84.934 -465.621 0.906
-96.317 -5.329 -410.482 0.941
-71.814 56.701 -401.998 0.959
91.722 90.321 -380.024 1.097
-7.162 -90.235 -329.737 1.096
