84.329 17.184 -302.886 2.158
96.692 17.228 -300.332 2.217
-29.220 -53.111 -339.170 2.177
43.021 17.063 -305.347 1.903
57.434 -69.661 -346.700 2.051
-27.521 -68.580 -359.418 2.143
-74.567 -22.293 -343.222 2.203
-64.291 10.957 -490.268 2.046
-96.061 -57.241 -331.791 1.979
39.914 97.074 -322.686 1.914
38.487 -22.146 -434.454 1.857
32.846 44.849 -422.102 2.021
9.610 3.791 -391.069 1.923
-75.877 -3.143 -461.636 1.944
-62.010 97.601 -326.650 2.048
16.202 -47.534 -482.538 2.084
52.418 37.744 -341.689 1.987
-48.727 71.809 -405.605 2.122
30.842 -21.554 -325.493 2.070
77.385 16.773 -397.866 1.946
-78.840 -1.738 -455.261 2.071
-9.970 85.321 -391.803 2.143
-13.789 79.851 -362.873 2.022
5.273 -15.221 -328.824 1.975
91.070 -3.125 -470.278 2.108
-33.501 -4.301 -359.511 1.829
-13.485 6.104 -415.295 2.101
-36.958 -6.157 -380.315 1.975
42.178 14.526 -405.723 1.958
-94.193 -56.100 -462.024 1.850
41.097 -61.506 -497.830 1.967
71.191 67.923 -323.064 1.977
-10.587 80.973 -382.305 2.034
64.446 -94.448 -334.401 2.039
-25.233 -9.393 -322.527 1.951
5.017 54.764 -410.987 1.912
9.543 65.408 -384.369 1.856
-95.674 -72.217 -494.306 1.943
-88.706 68.376 -340.905 2.052
41.201 -9.151 -453.054 2.075
-23.920 5.594 -417.990 2.015
-74.531 18.948 -408.049 1.832
-64.608 32.052 -377.820 1.973
-82.111 -71.488 -312.605 1.808
9.420 92.069 -369.547 1.916
-17.746 -60.330 -382.982 1.886
24.648 79.916 -457.195 2.036
58.756 38.301 -354.903 1.992
-71.336 -39.798 -309.041 2.031
20.490 -46.025 -313.644 2.074
25.706 -24.150 -399.841 2.042
-79.901 87.779 -448.382 2.052
45.048 -35.263 -326.475 1.927
80.409 -13.919 -413.354 1.957
50.010 -3.693 -404.081 1.937
63.228 35.868 -408.724 2.053
-53.882 4.866 -352.164 2.193
90.753 3.964 -341.286 1.888
33.740 -23.395 -413.815 1.954
-55.901 -78.959 -488.123 1.971
-23.425 11.193 -336.969 2.067
2.068 -14.222 -364.090 1.934
10.858 44.515 -415.258 1.834
74.528 -11.740 -350.887 1.831
10.979 -75.622 -453.754 2.039
-15.897 -73.613 -369.766 1.892
-6.972 1.952 -341.883 2.022
-41.809 86.147 -327.331 1.893
80.489 -56.513 -473.789 1.923
13.365 71.984 -359.917 2.001
11.177 21.818 -318.519 2.024
83.871 75.033 -372.943 2.089
-60.669 43.426 -301.156 2.154
94.180 -44.890 -476.353 1.784
10.375 42.101 -405.693 2.137
3.753 42.587 -332.258 2.128
43.676 -94.480 -484.659 1.879
-95.464 -57.512 -478.517 2.138
-87.290 14.521 -318.664 1.990
-29.185 54.713 -361.578 2.044
-59.362 -1.557 -380.562 2.047
-34.089 85.470 -425.250 2.031
-94.594 -62.444 -401.114 1.882
72.720 -42.849 -426.476 1.983
-61.690 -77.981 -469.704 1.985
-84.615 -16.286 -424.382 1.879
-99.159 -52.462 -400.770 2.079
3.453 -27.645 -303.535 1.910
-51.565 95.949 -317.478 1.851
-13.744 45.566 -492.895 2.023
-15.732 53.264 -429.497 1.950
-56.800 -43.296 -353.364 2.115
15.856 -79.041 -452.473 1.926
-33.369 87.256 -405.323 2.048
72.318 1.838 -491.026 1.630
-2.191 -75.123 -325.227 1.715
-32.321 -77.332 -412.474 2.014
42.111 -20.512 -344.256 1.921
2.834 -87.363 -422.787 1.910
-95.353 -21.923 -325.790 2.177
