36.576 -36.158 -396.489 1.213
66.401 47.047 -333.204 1.068
-71.720 -96.082 -368.146 1.029
-93.577 56.043 -325.043 0.903
-5.347 -52.876 -439.654 1.163
53.478 -19.220 -349.152 0.845
15.419 89.982 -428.883 0.807
20.614 46.490 -300.896 0.968
50.427 -21.465 -455.902 1.020
-75.448 65.825 -439.509 1.089
-76.586 -66.282 -470.958 1.050
-19.844 95.526 -333.478 1.055
-17.391 97.252 -470.815 1.010
-72.313 25.924 -426.249 1.054
-68.940 -83.974 -458.376 1.034
80.764 52.923 -411.129 0.957
43.790 39.263 -454.933 1.028
74.630 -35.094 -342.692 1.120
-14.520 -37.221 -476.993 0.979
-36.068 28.886 -483.080 0.788
-27.031 -30.310 -395.487 0.902
76.087 44.944 -368.926 0.949
-50.798 55.934 -467.736 0.828
56.739 -14.140 -393.766 1.110
-67.882 1.216 -479.356 1.059
-27.238 79.177 -485.885 1.043
87.232 36.438 -438.342 1.098
96.128 -42.913 -350.373 1.097
27.328 -67.517 -405.508 1.119
18.642 5.890 -404.063 0.945
43.238 -18.486 -311.550 0.994
-73.497 25.546 -476.140 1.083
79.314 -80.508 -435.643 0.991
1.025 74.769 -494.490 0.942
47.627 -11.545 -449.290 1.157
57.546 20.425 -386.274 0.979
-5.059 -25.347 -487.295 0.766
16.740 -23.868 -307.169 0.939
-18.196 -58.662 -381.145 1.061
-56.106 30.248 -481.813 0.895
60.021 77.262 -447.648 0.955
14.613 -75.243 -402.869 1.091
21.939 -8.106 -464.093 1.145
34.475 -11.544 -379.305 0.836
96.482 -33.320 -422.008 1.006
-7.149 -37.515 -370.183 0.898
67.630 -44.447 -448.877 1.105
-43.821 -82.889 -336.259 1.053
-47.188 53.087 -452.291 1.224
31.362 33.567 -442.412 1.197
