-53.869 0.588 -454.395 1.095
-97.774 19.987 -344.433 0.985
-24.313 7.700 -442.112 1.129
16.840 30.022 -473.717 0.918
-9.003 97.955 -499.228 1.139
56.034 -64.722 -324.678 1.043
32.703 60.245 -393.671 1.068
-47.961 15.194 -444.416 1.112
-10.576 -10.785 -442.814 1.063
-18.503 -88.754 -408.879 0.969
94.497 2.361 -325.774 0.992
-29.583 -33.390 -372.593 1.082
-71.064 45.026 -403.702 1.032
67.282 -5.206 -464.408 0.836
-87.653 -8.198 -476.899 1.049
98.549 98.306 -493.091 0.994
48.356 -77.601 -368.421 1.090
17.855 -77.862 -348.839 1.134
44.619 -76.363 -381.621 1.093
37.669 -21.078 -353.691 1.168
32.776 31.283 -345.776 0.931
-83.780 -91.797 -350.767 1.168
67.982 -83.623 -480.982 1.098
-97.742 50.464 -424.311 1.034
-4.033 25.623 -396.246 1.249
13.066 46.043 -363.651 0.973
-90.923 -91.603 -354.217 0.956
-66.158 32.987 -333.149 0.931
-19.892 -10.047 -373.059 1.128
59.157 -51.391 -390.720 1.066
77.877 -83.306 -422.289 0.976
-51.981 -83.125 -339.395 0.915
-25.495 98.086 -318.565 1.012
73.050 -24.424 -391.755 1.045
-48.079 36.496 -493.477 1.193
11.940 40.708 -448.442 0.815
29.103 -5.221 -415.744 1.075
-18.817 -42.626 -323.779 1.125
25.117 -66.446 -481.173 0.913
-23.683 67.927 -496.361 1.060
79.373 -18.026 -377.979 0.960
44.092 45.341 -349.008 0.929
-72.603 -62.945 -363.851 1.068
-88.134 -97.322 -484.943 0.983
21.645 16.601 -450.932 1.025
43.343 20.324 -368.012 0.977
-88.077 -6.270 -485.476 1.139
-15.386 -55.933 -466.863 0.980
30.639 -72.819 -497.232 0.915
1.309 64.874 -347.834 1.093
