67.480 74.567 -413.127 1.237
-44.240 -24.583 -440.651 0.851
-5.930 66.321 -327.533 1.033
-87.244 88.637 -327.421 0.967
78.178 -26.450 -474.405 0.923
-82.032 -34.871 -334.641 0.789
-20.006 -85.333 -426.032 0.957
-2.007 98.920 -495.910 1.031
-30.212 -96.561 -367.863 0.884
-44.986 83.034 -342.567 0.783
-30.229 9.753 -311.494 1.014
-96.120 -33.542 -460.068 0.911
-6.194 41.507 -441.057 1.152
-78.602 44.650 -348.379 0.957
-63.468 2.808 -416.913 0.987
-0.860 43.728 -366.408 1.083
-1.988 68.858 -473.212 0.779
44.829 10.240 -384.679 0.884
80.505 -6.230 -456.550 0.843
33.744 60.516 -464.991 1.080
-42.304 99.682 -482.387 1.047
79.934 -5.273 -433.834 1.092
-12.379 -20.456 -335.413 1.117
-63.343 -53.124 -387.762 1.015
30.844 87.607 -357.447 0.957
-30.179 -28.411 -334.361 0.887
-8.336 16.515 -420.379 0.948
86.121 -26.632 -473.878 1.144
-70.114 -15.430 -453.676 0.991
-64.388 -45.114 -380.268 0.970
69.951 -45.304 -410.477 0.904
-92.601 -72.220 -328.439 1.001
40.080 -95.334 -303.278 0.920
38.255 -76.336 -444.911 0.979
87.828 45.195 -391.503 0.869
-94.187 -85.577 -366.447 1.098
-90.443 -57.716 -485.417 0.871
-9.691 13.046 -300.626 0.971
-14.600 79.693 -415.143 1.071
33.509 -21.747 -385.928 0.969
-31.072 94.497 -482.120 1.047
97.153 -92.465 -461.058 0.983
-35.163 38.559 -378.067 1.040
-1.416 -59.729 -311.852 0.975
-24.142 -7.394 -329.682 1.081
4.331 78.075 -467.278 1.229
-27.074 -44.812 -402.486 1.002
44.422 -5.363 -367.562 1.222
77.506 -88.231 -301.787 0.970
17.197 62.983 -313.715 1.185
