-85.836 -36.983 -392.019 0.854
-57.012 -88.214 -323.568 1.146
-54.460 -16.353 -302.295 0.957
-30.357 52.764 -313.385 0.979
-8.121 86.203 -343.925 1.072
-14.213 42.149 -356.176 1.070
-63.083 -93.634 -305.725 1.135
-62.025 8.602 -439.498 0.938
43.116 -97.761 -342.708 1.008
60.138 -17.615 -392.767 1.012
-18.378 -66.866 -381.439 0.942
-63.214 -98.504 -463.578 1.039
-76.394 83.938 -497.580 1.029
13.368 57.445 -327.538 1.067
26.476 61.969 -308.111 0.946
17.745 -86.901 -370.764 0.968
50.325 -84.963 -341.417 0.984
91.576 -94.503 -453.835 0.959
-70.632 -18.771 -376.609 1.123
77.793 -91.982 -483.434 1.109
-68.988 36.399 -345.533 0.921
-3.242 94.817 -400.534 1.027
-20.647 84.707 -458.853 1.009
-97.529 -95.856 -372.798 1.066
-78.342 39.676 -370.510 0.847
-23.534 96.708 -330.882 0.929
97.654 10.568 -326.924 0.989
97.539 -26.073 -338.031 0.967
0.024 -93.632 -480.220 1.113
4.600 49.545 -416.878 0.944
38.424 33.208 -330.950 1.132
-80.848 -64.703 -427.074 0.860
-9.924 90.306 -414.084 1.089
22.440 -15.426 -455.515 0.837
2.825 -84.428 -389.512 1.139
81.102 45.537 -312.096 1.084
-3.690 25.209 -478.759 1.220
98.617 -41.567 -404.917 1.158
-30.392 -81.508 -356.133 0.904
15.859 63.997 -326.076 0.973
14.135 69.826 -442.827 0.942
5.835 -89.728 -368.122 0.814
-43.103 74.529 -418.964 1.052
81.460 67.848 -390.662 0.939
-79.646 -16.373 -342.188 0.886
71.283 -76.372 -441.837 0.970
-60.443 5.407 -490.187 1.058
79.015 -89.055 -305.766 1.022
36.795 35.908 -370.442 0.996
-39.857 -88.378 -492.443 1.030
