45.501 -60.076 -485.163 0.950
-89.948 76.915 -493.963 0.891
66.338 12.846 -328.993 0.996
60.473 28.671 -400.061 1.096
45.889 -62.040 -321.957 1.169
-14.351 -69.918 -400.000 0.833
-62.688 -70.923 -408.043 1.113
-79.946 6.228 -456.981 1.013
-32.746 82.188 -374.631 0.964
36.249 -66.145 -341.671 0.920
62.300 34.087 -477.043 0.982
-63.291 -18.618 -498.681 0.921
67.362 -2.055 -441.260 1.161
-71.579 -96.460 -435.759 0.991
28.994 80.230 -393.554 1.019
49.031 48.420 -376.653 0.902
-4.749 -82.660 -304.536 1.112
92.796 22.433 -328.406 1.032
10.460 -63.775 -311.611 1.098
3.230 -90.329 -391.365 0.802
-26.133 95.152 -448.525 1.191
-70.714 -11.347 -384.668 1.022
-56.974 96.548 -424.595 0.945
-75.592 -29.708 -482.198 1.041
15.361 42.621 -351.367 0.871
-58.081 -33.064 -328.346 0.768
95.394 30.288 -353.537 1.021
95.892 -9.070 -368.430 1.061
-83.280 67.220 -394.086 1.030
91.021 83.556 -377.109 0.922
-87.460 -17.504 -376.899 1.094
-64.181 70.020 -478.330 1.027
-69.580 -68.088 -315.493 0.983
45.212 35.568 -357.589 0.860
-1.300 -93.216 -341.614 1.063
-45.491 -70.140 -354.924 0.844
-71.400 37.195 -355.683 1.157
85.137 23.680 -314.401 0.902
-24.382 89.516 -397.050 0.869
87.938 -25.776 -345.151 0.815
-59.353 -36.399 -355.238 1.089
71.228 16.803 -417.868 1.025
-71.100 69.691 -379.912 0.967
56.778 -2.081 -467.142 0.965
91.239 -60.768 -377.098 1.110
76.461 -79.634 -352.048 0.846
69.450 8.609 -410.854 0.911
92.683 87.333 -403.686 1.095
-45.602 -71.464 -321.883 0.977
-23.288 -24.937 -398.267 0.941
