-87.796 -41.483 -487.363 1.134
40.855 -62.659 -417.070 1.055
0.325 75.017 -361.200 0.837
-67.463 86.650 -410.629 0.916
81.599 -75.414 -418.247 0.926
3.729 -22.962 -488.331 1.142
32.716 5.753 -471.362 1.019
53.022 -93.271 -422.288 0.973
11.962 -76.118 -340.126 1.114
-1.316 76.951 -423.730 0.957
-12.470 -4.442 -384.383 0.917
-71.499 13.888 -389.716 0.829
15.424 99.741 -480.415 1.047
82.369 21.096 -391.928 1.056
-7.702 -18.258 -376.472 0.918
-70.163 -83.591 -468.122 1.042
35.023 80.157 -388.976 1.084
-61.277 98.659 -434.666 1.036
-80.788 -24.287 -307.062 1.166
-69.955 46.326 -377.501 1.044
83.560 87.710 -431.477 0.981
-48.919 5.439 -435.585 1.092
26.121 -78.366 -369.983 1.012
75.642 -86.863 -393.164 1.107
-72.762 -7.867 -356.343 1.098
33.603 37.511 -468.479 1.082
-47.480 30.526 -490.175 1.000
52.498 18.750 -309.899 1.037
-41.815 -21.184 -324.971 1.133
73.676 34.846 -329.908 1.009
96.549 -12.231 -410.980 0.956
-77.929 53.350 -343.812 0.847
32.737 34.831 -444.692 1.048
11.082 62.833 -455.693 1.071
-74.173 -93.888 -326.966 0.990
18.409 9.311 -397.193 1.109
47.378 -26.612 -430.180 1.017
-61.823 96.061 -459.105 0.943
-43.338 33.331 -390.684 1.057
-68.039 -86.113 -315.550 0.835
-18.485 53.707 -351.653 1.102
-99.628 -98.587 -376.366 1.106
18.699 20.681 -339.625 0.940
20.466 68.142 -488.940 0.962
10.983 17.397 -303.386 1.230
16.252 41.842 -378.363 0.919
-76.871 45.788 -367.886 0.876
6.028 35.950 -309.831 0.867
33.607 1.042 -383.354 1.044
-82.667 73.995 -485.324 0.894
