-61.970 -41.240 -460.622 0.944
-59.929 44.443 -405.879 1.043
43.207 11.929 -484.189 0.831
-99.407 18.576 -321.406 1.055
73.921 -75.412 -473.149 1.124
-66.182 -34.229 -306.654 1.197
69.166 -41.953 -320.657 0.955
8.822 -30.215 -390.063 0.915
-24.694 99.002 -426.234 1.197
81.962 -28.455 -492.746 0.830
-14.578 -67.222 -470.568 0.936
-0.072 -18.517 -369.577 0.987
-6.139 35.540 -377.173 1.109
14.751 -27.419 -490.033 0.955
-20.663 -24.133 -403.979 1.002
-74.863 -91.745 -438.903 1.029
-57.623 -50.132 -459.105 0.969
38.788 57.569 -441.239 0.954
16.939 -81.490 -336.112 1.038
53.520 -69.140 -474.729 0.905
-4.984 33.588 -499.993 1.078
64.468 -89.310 -304.642 1.078
39.516 -64.967 -356.911 1.047
39.796 95.332 -302.807 0.987
-54.528 -20.193 -464.868 0.921
-82.739 -53.371 -447.160 0.972
-26.293 74.072 -410.613 1.214
-71.424 12.067 -431.060 0.924
41.934 -52.287 -452.350 1.076
37.247 2.896 -303.814 1.115
-21.229 -70.986 -414.723 0.980
54.535 57.546 -313.647 1.087
-0.513 81.464 -312.153 0.869
-82.624 -98.469 -424.255 1.155
-95.280 7.527 -459.928 1.097
54.798 10.048 -361.980 1.049
-73.666 94.076 -370.861 0.907
75.166 -74.238 -476.731 0.958
32.288 19.557 -416.878 1.035
-98.205 4.330 -376.433 1.060
-36.794 -6.362 -391.484 1.080
-20.517 30.464 -310.906 0.919
52.021 8.172 -436.855 1.081
53.191 91.256 -375.077 0.915
-57.856 62.043 -473.599 1.050
71.284 -12.214 -354.170 0.910
58.360 -46.795 -303.406 1.045
-26.201 61.193 -438.529 0.993
-79.391 -35.681 -388.729 0.998
-1.464 -28.229 -472.351 0.894
