-23.013 -0.067 -360.813 1.130
-88.811 4.327 -435.529 1.058
48.340 86.032 -327.820 1.134
-59.609 -38.901 -314.113 0.869
-55.450 -18.553 -309.372 1.089
-55.471 8.118 -316.782 1.056
0.485 -73.813 -319.595 1.205
21.429 -47.286 -401.520 0.860
42.186 75.686 -491.725 0.975
81.601 40.905 -305.071 1.001
52.119 -4.528 -346.069 0.982
-50.142 -13.833 -490.846 0.923
-43.710 -10.056 -419.487 1.015
60.957 94.574 -479.897 0.876
53.750 38.565 -377.966 1.005
-88.266 -48.472 -457.977 1.022
-18.888 71.170 -462.614 0.947
26.768 -57.167 -338.764 0.817
-39.921 8.753 -377.334 1.032
-99.489 -35.158 -445.967 1.082
70.026 -73.071 -307.684 0.948
83.321 96.176 -383.243 0.934
-19.044 60.667 -353.008 1.066
-24.276 48.077 -399.183 0.962
58.998 76.056 -440.785 0.985
13.561 -81.293 -413.344 1.006
74.012 92.773 -489.004 1.011
30.962 92.596 -402.184 1.038
84.610 20.840 -438.807 1.003
87.422 -11.089 -436.148 0.992
53.892 -32.398 -341.103 1.117
-69.257 35.990 -457.986 0.888
-65.862 81.394 -350.266 0.985
-15.668 -85.983 -314.701 0.911
79.467 -40.122 -454.984 0.994
-75.220 -97.734 -419.792 1.060
-41.378 -64.647 -324.869 0.851
2.235 98.160 -433.520 0.859
44.375 76.230 -345.826 1.187
18.661 -20.126 -371.097 1.059
28.457 33.972 -376.774 1.026
48.707 56.895 -371.880 1.275
-83.595 32.698 -412.322 1.114
67.022 -97.328 -312.409 1.220
24.103 -41.652 -434.439 0.813
5.682 -91.393 -362.864 1.023
19.364 -93.495 -320.563 0.882
81.845 1.202 -491.866 1.148
-97.649 48.390 -494.617 1.086
97.574 -89.496 -359.505 1.130
