63.407 23.527 -302.847 0.927
-4.453 -78.651 -442.865 1.088
65.770 90.414 -324.956 0.944
44.085 43.136 -313.262 1.125
26.063 58.743 -473.266 0.926
-51.727 47.244 -471.199 1.068
99.659 -48.569 -368.418 1.043
43.347 44.660 -345.265 1.003
-91.014 -19.824 -434.567 1.021
60.282 -28.976 -351.826 1.063
-41.410 29.276 -457.612 0.921
-31.757 62.178 -301.307 1.131
70.695 -56.029 -432.740 0.927
-83.528 -44.093 -405.730 1.157
-37.615 48.135 -437.457 0.896
95.773 -82.983 -347.418 0.872
-30.830 -15.062 -429.849 1.017
-63.236 5.536 -405.556 1.036
91.404 -97.541 -426.189 1.123
-76.370 -68.761 -403.673 0.953
-92.599 -60.209 -410.970 1.051
-65.006 35.688 -442.340 0.962
-48.815 16.771 -325.473 1.089
89.052 -2.158 -335.154 1.018
-6.035 -9.275 -491.279 1.040
91.117 22.211 -302.328 0.991
79.411 64.647 -461.849 0.929
44.630 -1.076 -473.596 1.087
49.227 -55.564 -390.177 1.039
-52.825 -20.905 -371.353 0.983
-75.860 86.175 -422.093 0.998
-64.217 -1.093 -302.987 1.184
-71.047 49.952 -327.097 1.079
-28.363 -83.882 -447.184 1.060
-44.161 0.266 -413.070 0.908
71.860 62.093 -333.638 1.093
55.294 53.091 -333.862 0.983
11.721 -31.869 -482.073 1.036
-46.695 86.414 -366.484 1.229
-54.851 -92.256 -342.740 1.033
-71.099 77.739 -408.335 0.910
82.835 -79.289 -368.127 1.074
-11.216 10.567 -339.508 0.799
-89.025 -97.399 -321.152 1.001
-9.114 -91.212 -315.728 0.864
-90.024 -64.686 -465.220 0.881
-59.194 59.243 -441.123 0.896
-43.227 43.058 -324.951 0.919
59.770 30.933 -443.462 0.966
-54.175 -86.643 -420.705 1.144
