-63.525 -3.736 -432.447 0.938
53.809 87.966 -373.313 1.152
-62.440 -42.643 -480.593 1.022
43.336 -88.691 -410.926 0.939
-39.450 -40.516 -309.570 1.098
-5.440 31.598 -420.614 1.014
-4.830 -36.410 -397.856 0.926
-74.180 97.992 -495.125 1.126
1.075 -71.881 -314.611 0.974
10.916 -20.445 -419.241 0.905
-4.724 -25.382 -360.464 0.921
-96.326 -1.932 -302.234 1.035
18.301 83.448 -353.216 0.917
33.632 21.077 -411.073 0.884
2.417 -14.569 -339.684 0.908
-22.165 -8.396 -312.855 1.006
-19.271 22.130 -339.399 1.026
-44.116 84.691 -390.564 1.182
75.288 -80.274 -364.493 1.044
-7.979 -28.478 -454.717 0.854
-74.302 37.288 -354.304 0.832
-56.311 -42.097 -398.336 0.961
95.516 78.023 -300.051 1.050
89.083 -28.369 -381.885 0.918
69.501 -78.166 -465.506 1.224
73.151 -55.321 -472.406 1.146
79.502 -31.553 -408.772 1.010
81.787 -63.266 -351.438 1.056
-20.272 -8.931 -368.763 0.840
78.379 -52.380 -475.669 1.135
13.406 -43.331 -304.122 1.100
-21.835 -86.197 -415.090 1.103
-22.799 79.049 -409.559 1.066
-8.586 43.754 -494.587 0.987
-41.305 -80.984 -398.443 1.115
30.430 3.746 -420.885 0.983
91.688 42.927 -461.043 1.087
80.427 61.689 -304.122 0.973
-56.924 20.743 -427.030 0.982
45.617 36.141 -343.879 0.921
93.498 -74.907 -445.428 1.112
-0.362 93.817 -485.801 0.846
-49.451 11.098 -445.141 1.160
45.383 -89.138 -483.645 0.940
14.926 -90.114 -476.687 0.900
47.608 -71.954 -453.267 1.137
47.405 9.114 -312.967 1.035
-3.294 -11.357 -438.601 0.958
47.450 85.596 -417.002 1.059
-19.103 -60.830 -426.528 0.888
