-91.166 -5.237 -468.971 0.975
-29.763 43.090 -485.465 0.944
56.099 84.487 -302.733 1.012
-1.232 82.512 -489.372 1.080
-81.859 38.792 -392.887 1.176
-9.723 -44.971 -458.711 0.996
-71.011 -52.876 -428.990 0.864
27.872 23.188 -408.743 0.838
57.784 41.311 -398.102 1.033
13.885 23.417 -397.653 1.155
-86.822 -48.775 -304.961 1.122
-38.936 73.750 -378.906 1.101
-86.804 25.037 -371.204 1.040
4.369 -57.156 -357.656 1.085
-27.996 -76.180 -363.256 1.129
-75.993 -83.787 -434.993 1.082
-30.988 74.493 -461.089 0.923
-9.220 3.562 -363.985 0.972
-13.419 -65.165 -446.540 1.028
0.838 -39.286 -467.804 0.988
-55.768 -10.479 -395.145 0.933
77.715 -72.834 -496.684 1.005
30.109 6.136 -367.211 0.986
81.385 -74.664 -381.802 0.972
-12.675 -48.832 -446.954 1.042
71.650 95.255 -495.787 0.909
51.599 -49.227 -397.809 0.936
15.955 -49.483 -442.617 1.269
-32.146 -54.009 -489.503 1.040
48.131 -84.153 -475.557 1.072
-8.220 -21.331 -488.045 1.247
-23.009 -13.250 -413.019 1.039
-79.719 90.034 -364.771 0.822
15.652 33.592 -429.576 0.995
-98.662 -6.486 -345.423 0.919
19.866 87.603 -430.053 0.999
-18.110 21.587 -371.702 0.966
-27.610 -47.074 -379.498 0.884
66.259 25.455 -360.644 1.020
-56.581 -51.827 -301.027 0.981
-21.116 -71.636 -363.756 0.864
-9.704 15.719 -402.362 1.016
-84.641 -62.654 -331.278 0.846
-72.201 75.391 -441.894 0.968
-50.385 -27.626 -397.198 0.967
-2.904 -67.031 -458.386 1.065
-6.742 48.420 -463.981 1.027
35.512 10.934 -472.129 0.901
-91.569 51.002 -371.159 1.034
-31.303 46.483 -343.193 1.144
