-68.978 -22.684 -303.620 1.070
2.813 74.600 -499.128 0.922
39.076 49.433 -451.429 1.157
-51.477 -87.474 -452.902 1.133
-71.960 53.541 -317.939 0.955
32.874 34.163 -350.295 0.971
99.193 45.590 -371.529 1.075
-48.213 -55.995 -339.198 1.057
-20.125 -14.928 -303.507 0.947
-28.355 22.528 -429.891 1.101
84.110 89.342 -463.305 0.931
35.124 -19.635 -497.082 1.014
99.022 83.185 -354.763 1.029
56.171 -41.040 -360.529 1.053
80.094 -61.580 -403.406 1.002
-79.035 70.959 -350.817 1.184
-78.379 -70.215 -314.391 0.946
-27.500 -26.008 -450.501 0.966
68.347 67.982 -352.345 1.004
-34.154 67.933 -489.240 1.036
51.401 86.088 -362.336 0.972
-74.419 -90.668 -398.020 1.027
-97.791 51.684 -456.480 1.021
22.263 6.815 -370.476 0.939
32.579 79.345 -476.848 1.160
93.756 33.890 -444.594 0.966
90.736 -76.057 -309.943 1.013
96.493 -50.321 -485.325 1.071
-67.622 36.780 -323.301 0.929
96.961 61.746 -315.161 0.992
-65.377 86.729 -464.663 0.929
-4.657 90.256 -368.527 0.972
-48.306 -92.681 -432.279 0.787
-55.910 -79.730 -317.974 0.996
94.950 76.113 -388.564 0.997
89.007 60.464 -349.979 0.990
19.424 12.825 -454.930 0.922
-57.920 -57.707 -424.764 1.053
4.568 50.153 -489.508 0.967
-23.924 92.236 -432.877 0.987
23.868 23.534 -304.912 0.924
34.133 -96.471 -333.223 1.182
64.056 6.844 -446.016 1.107
21.873 50.952 -487.378 1.098
-10.670 99.645 -494.066 0.988
-65.612 24.251 -316.882 0.836
49.578 45.049 -445.689 0.983
31.546 -42.599 -376.379 1.107
13.927 -64.024 -484.063 1.100
-54.558 86.360 -373.914 1.039
