60.942 -48.362 -450.646 0.985
-17.496 -97.962 -392.967 1.102
66.051 38.287 -460.781 0.920
89.907 12.068 -423.368 0.894
31.847 -92.075 -377.206 0.845
17.438 5.307 -382.408 1.114
-30.010 7.594 -476.223 1.072
63.319 -88.523 -343.597 0.995
-85.147 -68.036 -478.417 0.954
-74.406 22.725 -463.855 1.010
-83.136 -19.793 -460.393 0.810
15.868 17.960 -312.730 0.921
36.176 65.517 -391.676 0.885
-79.051 39.532 -466.003 0.803
-36.449 -20.322 -335.775 1.109
-22.823 -26.110 -375.335 1.003
48.729 61.575 -467.993 0.938
-93.608 93.347 -364.836 0.922
41.281 41.533 -392.115 0.962
-52.338 84.315 -309.234 0.975
39.466 -21.326 -469.681 0.988
-31.246 23.732 -383.145 0.867
-46.726 -59.221 -473.462 1.138
34.100 -32.375 -415.388 1.012
-48.361 -28.334 -305.913 0.877
-1.791 14.041 -422.044 1.063
34.274 57.596 -470.703 0.922
70.584 53.185 -496.209 0.928
13.156 36.185 -413.428 0.960
18.418 -24.863 -411.178 1.127
49.653 52.561 -415.786 1.134
44.169 21.087 -340.007 1.092
85.473 -74.944 -485.849 0.889
-53.927 -65.301 -465.415 0.891
-97.162 -58.990 -357.438 0.980
-36.641 1.388 -320.048 0.916
-83.684 -87.006 -478.834 0.877
-80.541 76.773 -430.273 1.137
66.816 -99.644 -307.641 1.007
-53.361 92.546 -356.923 1.158
93.845 29.169 -361.608 1.033
-82.605 -72.826 -490.242 0.968
29.287 95.887 -404.586 0.981
-3.775 84.941 -374.612 1.100
2.019 98.198 -335.604 0.894
7.560 -66.855 -412.884 0.952
-37.459 88.927 -310.566 0.987
31.446 -20.456 -420.846 1.027
45.469 84.774 -439.951 1.029
-50.582 28.022 -356.685 1.012
