-90.974 -77.083 -386.333 1.984
-11.057 -79.703 -379.442 1.879
-43.512 -31.020 -467.920 1.978
83.338 -51.723 -345.355 1.954
-66.325 -73.889 -302.575 1.945
89.314 36.352 -382.000 2.026
85.052 86.116 -451.019 2.113
-60.632 -72.226 -306.434 2.188
-23.725 -91.356 -354.478 1.868
-63.885 52.293 -416.108 2.055
-77.628 -41.731 -352.503 1.754
-99.283 77.223 -449.184 1.921
-80.223 13.645 -438.783 1.968
-45.332 23.071 -364.126 2.043
-16.343 3.601 -401.102 1.938
-93.512 -76.692 -477.894 1.985
-58.442 1.003 -430.088 2.053
46.756 66.829 -340.493 1.893
-92.158 30.245 -474.854 2.290
-68.306 -11.278 -340.933 2.035
-34.120 27.437 -406.211 1.870
70.821 -96.296 -403.057 2.008
67.197 -55.607 -333.697 2.088
22.024 -6.403 -377.291 1.994
72.962 -41.362 -358.929 1.955
-11.111 -20.991 -495.784 2.048
-91.994 -40.594 -460.236 1.834
-7.648 -86.840 -474.984 2.035
-29.289 -88.572 -465.146 2.016
-3.440 -15.771 -433.416 1.820
-78.473 29.767 -426.813 1.938
10.847 62.886 -444.826 2.110
30.634 49.371 -440.016 2.258
5.348 -86.217 -407.711 1.986
-18.684 -17.214 -445.013 1.756
17.644 -75.426 -422.053 2.015
-33.981 19.650 -351.753 1.866
-46.546 14.241 -475.370 2.092
26.645 74.422 -386.665 2.097
-80.001 47.073 -315.409 1.897
99.244 -58.128 -398.055 1.808
-6.626 -42.107 -362.164 2.120
-94.796 76.455 -426.301 2.012
94.056 -52.776 -311.623 2.004
93.859 50.931 -310.373 2.087
-1.847 -17.585 -414.974 2.034
-70.850 92.848 -381.727 1.895
-43.883 80.112 -478.286 2.152
-27.230 11.539 -366.822 1.960
40.030 1.849 -448.615 2.048
73.808 -14.479 -466.911 2.105
-74.494 -16.945 -476.004 2.044
83.217 29.716 -399.116 1.920
47.369 0.293 -494.678 2.220
-0.255 -14.211 -477.185 2.239
32.262 -89.132 -433.397 2.002
-49.313 -34.520 -323.158 1.886
-56.689 94.140 -473.277 2.035
-38.444 -23.185 -468.445 2.182
-7.859 -22.407 -478.431 1.994
36.607 17.856 -413.798 1.920
95.138 -77.820 -374.374 2.131
71.495 -65.348 -309.581 2.135
-46.277 -83.052 -413.021 1.981
-22.100 -2.344 -437.496 1.981
-47.724 93.171 -447.313 2.162
25.208 97.381 -403.312 2.041
-54.052 6.201 -361.290 1.842
90.302 75.756 -465.466 1.868
99.219 -63.870 -397.746 1.977
-41.762 -40.506 -428.643 1.898
84.238 -17.977 -468.169 1.987
-81.964 -10.462 -488.820 1.964
22.576 -28.180 -346.783 2.081
-23.703 22.233 -358.123 1.868
92.884 83.352 -430.249 1.867
-82.963 -39.537 -355.880 1.973
83.216 67.877 -425.726 1.936
-44.057 -92.911 -486.821 1.987
-57.812 -72.230 -337.360 1.950
-88.261 -48.263 -440.682 2.168
-54.592 94.659 -307.274 2.117
-66.733 46.671 -396.750 2.203
59.432 -40.715 -462.856 1.839
-23.471 43.383 -488.844 2.071
-12.955 7.623 -327.266 1.999
-47.475 67.546 -315.213 2.061
39.666 -31.510 -434.874 2.055
-37.251 45.209 -331.444 2.027
2.855 37.109 -305.549 1.913
-45.410 95.927 -440.173 1.961
-27.611 66.038 -462.627 2.115
74.366 16.468 -323.014 2.140
-94.609 32.196 -476.640 1.995
18.336 -6.078 -406.896 1.860
74.119 -79.890 -382.432 2.128
-69.531 -2.085 -326.008 1.859
-29.448 -51.697 -361.239 1.889
11.354 -71.857 -374.377 1.975
-91.530 -47.462 -336.810 1.939
