50.530 -79.610 -484.718 1.100
71.599 -35.910 -458.092 0.945
-68.109 -40.366 -402.502 0.787
-24.679 -0.152 -378.099 1.000
97.259 -49.363 -475.053 0.897
-18.565 92.001 -300.070 1.179
-95.463 67.618 -305.062 0.993
-98.235 -52.001 -497.044 0.865
-95.266 98.754 -477.483 0.867
-34.574 46.173 -372.280 1.070
14.057 43.622 -428.424 1.021
-91.062 -39.576 -372.455 0.982
94.905 15.711 -464.290 0.843
57.502 65.594 -349.349 1.175
24.722 66.200 -354.251 0.944
13.480 -70.460 -469.422 0.958
-61.200 16.766 -495.501 0.962
-48.943 55.100 -428.858 0.879
-81.501 -11.281 -443.110 1.071
-90.799 -78.996 -365.379 0.948
-40.816 39.878 -493.028 1.010
28.084 -24.544 -403.967 0.941
77.634 -16.900 -456.542 0.987
24.575 -74.132 -434.218 0.934
-53.794 55.596 -365.862 1.015
50.360 -99.739 -499.654 0.981
-68.742 -79.882 -397.833 1.039
51.463 78.489 -414.993 1.077
75.754 -83.688 -482.394 0.828
-87.478 96.908 -491.412 0.885
73.102 -43.376 -302.990 1.041
-91.570 -84.295 -420.868 1.177
77.470 46.081 -433.139 1.126
-43.422 -17.512 -437.785 1.071
24.296 18.848 -486.574 0.886
78.320 34.180 -474.135 0.918
-29.678 -28.336 -482.617 1.197
-8.985 66.096 -420.339 0.881
-46.007 -54.000 -304.343 0.973
82.736 -22.530 -491.371 1.102
20.125 -21.618 -398.822 0.928
-26.949 -81.150 -361.351 0.910
-98.980 55.329 -318.097 0.998
46.709 -54.144 -456.644 1.043
92.724 -42.716 -389.243 1.157
33.301 11.523 -418.772 0.912
-29.659 -67.147 -471.813 0.933
-36.424 72.224 -401.997 1.014
-15.027 -58.945 -431.030 1.214
88.886 -95.355 -448.061 1.282
