35.228 -22.965 -320.964 1.093
-75.569 22.941 -361.881 1.098
-83.137 -81.477 -383.676 1.129
70.107 -12.702 -333.421 0.952
36.882 40.676 -425.269 1.134
75.096 72.699 -420.507 0.843
-98.143 -68.865 -462.293 1.225
47.800 -76.787 -434.858 0.898
-93.201 65.984 -435.842 0.976
89.576 43.356 -424.626 1.035
-90.506 -0.436 -307.965 0.857
10.701 1.168 -452.730 1.019
-44.846 -78.138 -462.343 0.982
-33.405 13.893 -394.632 1.001
74.406 -4.007 -344.365 1.121
-69.286 -28.103 -477.083 1.011
-30.532 -46.478 -433.551 1.076
40.046 69.845 -346.223 0.992
76.495 -0.708 -338.556 1.115
-2.761 83.477 -430.587 1.038
92.834 60.124 -449.452 0.845
-6.719 7.413 -412.747 1.253
60.047 -13.985 -435.463 0.966
31.608 71.704 -472.350 1.036
83.825 23.720 -307.925 0.863
89.295 10.126 -370.452 1.067
71.832 -61.115 -344.793 0.940
-61.205 37.133 -360.815 1.142
-20.821 -58.942 -390.710 1.203
-66.441 43.361 -380.879 0.906
-43.430 -38.653 -336.887 1.032
20.080 -2.392 -472.446 1.032
68.433 50.417 -356.063 1.013
23.903 -38.097 -458.398 1.059
-46.079 13.899 -461.177 0.900
5.550 -3.649 -395.588 1.036
78.947 -95.341 -390.918 0.867
96.348 99.019 -364.072 1.060
81.221 36.405 -490.209 0.902
83.132 -5.717 -400.420 0.940
10.356 -41.008 -492.943 0.924
-22.121 46.953 -401.080 1.141
64.244 46.553 -418.734 1.015
-61.285 87.907 -400.265 0.876
73.901 -94.664 -324.386 0.980
59.395 99.262 -315.658 1.168
-42.236 -42.772 -412.854 1.096
-11.964 -41.362 -307.233 0.956
1.962 -32.815 -306.583 1.076
-2.706 39.563 -381.007 1.027
