27.871 -34.736 -314.706 1.067
-84.838 -61.070 -440.166 1.002
-45.060 -64.435 -412.125 0.971
6.209 17.143 -420.833 0.872
9.168 21.404 -400.893 0.941
4.713 -45.368 -462.667 1.104
-91.977 98.723 -390.224 1.025
10.988 -46.268 -359.702 0.924
22.699 -6.580 -428.370 1.175
81.437 -40.507 -419.513 1.099
72.942 66.954 -349.630 1.020
98.977 -53.552 -498.694 0.922
-54.941 45.914 -441.646 1.000
-87.472 -99.070 -475.668 0.937
-13.380 -15.213 -436.429 1.039
-58.108 55.620 -328.081 1.025
-97.501 -75.971 -353.119 1.117
-19.129 -85.173 -324.244 1.072
-1.231 47.447 -339.136 0.957
57.857 -53.975 -420.457 0.815
-47.867 13.628 -464.441 1.164
-16.524 40.176 -478.606 1.087
-59.875 -62.518 -394.580 0.916
-20.184 45.389 -315.169 0.877
-56.119 17.187 -323.691 0.914
-67.147 18.069 -439.232 0.947
-33.881 9.874 -389.962 1.057
-13.874 -37.775 -482.815 1.071
-9.719 91.044 -489.017 0.983
21.190 -77.819 -415.836 1.055
77.884 77.666 -309.774 1.014
32.099 -42.955 -413.000 0.955
43.126 8.416 -400.464 1.077
62.105 -90.301 -473.233 0.932
-20.594 -11.347 -306.654 1.089
-44.341 27.785 -399.953 1.042
-69.064 58.206 -401.118 0.924
-23.116 62.968 -420.124 1.185
-91.867 3.525 -462.832 0.823
11.003 -3.201 -414.735 1.089
30.257 82.939 -499.259 0.902
-53.732 94.607 -388.192 0.832
-5.991 51.940 -374.014 0.969
-45.541 87.096 -414.952 0.958
-49.616 -61.625 -472.186 1.130
-90.156 49.511 -361.971 0.916
41.278 64.978 -498.856 1.051
-35.770 81.971 -447.570 0.937
-29.045 -65.713 -322.771 0.992
-55.027 -10.025 -420.285 0.944
