39.792 27.790 -331.375 1.109
96.704 75.257 -387.253 1.033
-54.016 -1.620 -369.514 1.079
83.386 64.541 -441.211 1.028
68.482 59.989 -380.023 1.044
11.993 -28.148 -336.965 0.926
-31.929 -67.988 -485.753 0.952
-99.049 14.900 -367.728 1.009
18.500 11.874 -306.026 0.859
-25.606 -0.702 -464.396 1.154
-20.086 45.789 -332.786 1.141
31.982 -22.038 -464.014 0.987
54.315 -39.397 -433.321 1.072
-25.575 81.605 -398.810 0.927
-41.159 29.694 -390.774 0.840
-78.798 98.555 -442.145 1.087
-72.445 8.375 -399.904 0.843
26.484 -10.219 -321.020 1.031
-55.931 56.859 -351.681 1.104
-55.666 71.221 -414.682 0.993
30.031 -60.383 -448.576 1.013
-26.939 -69.098 -471.985 0.996
52.997 -64.126 -483.800 1.028
-52.240 -34.454 -447.319 0.930
34.042 -92.339 -499.871 0.998
27.024 -87.303 -350.487 1.037
86.632 -71.342 -468.604 1.058
40.300 -87.492 -402.829 1.016
56.428 97.722 -353.874 1.296
-20.850 79.452 -369.264 0.874
90.827 -65.881 -398.521 1.113
-44.239 -40.134 -312.838 1.004
-62.288 96.404 -446.257 0.959
23.536 -13.334 -311.144 0.953
18.442 59.404 -375.100 0.863
-53.009 -74.541 -420.015 0.938
-16.191 38.945 -350.735 1.120
-0.167 47.386 -495.146 1.142
3.692 -78.772 -361.444 1.044
-14.551 21.725 -368.727 0.882
-8.573 29.226 -403.684 1.036
-88.730 22.321 -311.149 1.040
7.356 -48.573 -490.876 0.871
7.349 -62.687 -400.759 0.867
-71.502 85.978 -357.202 0.879
47.365 -36.486 -304.138 1.169
-56.415 -59.976 -489.705 0.872
2.715 2.926 -459.522 0.937
-90.493 86.996 -473.913 1.048
-63.835 -17.213 -423.634 0.754
