88.444 -46.809 -332.591 1.115
-21.743 10.503 -416.047 1.040
68.946 -11.175 -437.699 0.906
-73.377 79.373 -437.980 0.956
90.917 -35.802 -484.675 0.867
-91.386 97.977 -345.390 0.890
70.566 42.600 -375.293 1.133
23.221 32.744 -489.162 1.066
14.987 -63.343 -475.825 0.733
-8.662 46.843 -488.647 1.066
-47.097 34.228 -434.573 0.968
35.861 44.043 -414.442 1.105
-58.875 -75.097 -432.733 1.061
5.702 -95.962 -406.285 0.934
70.577 8.099 -424.084 1.032
9.248 -48.710 -380.959 0.825
55.634 57.726 -448.862 1.002
23.273 -30.615 -302.442 0.927
-89.359 -56.875 -337.994 1.167
-55.238 77.771 -303.781 1.005
-72.870 4.122 -333.817 0.852
-32.466 20.515 -407.905 0.823
-33.583 -55.733 -372.575 0.979
-64.336 -69.356 -485.911 1.119
-5.275 -34.544 -322.101 0.790
-89.376 89.996 -433.826 1.173
65.325 9.968 -474.384 1.069
-77.568 -5.538 -484.098 1.064
-93.637 87.467 -444.935 1.097
83.962 -37.008 -321.037 1.124
-1.700 -65.493 -425.101 1.022
-82.454 -37.772 -443.378 0.880
-63.136 39.393 -494.939 1.002
-79.599 -18.695 -348.892 0.877
40.097 62.292 -486.335 1.026
28.949 82.747 -484.227 0.893
-18.595 95.687 -379.780 1.057
42.569 -41.226 -320.747 1.023
-71.637 -38.410 -435.136 0.892
31.158 84.780 -341.854 1.074
9.687 26.004 -315.159 1.052
22.016 18.179 -360.780 1.065
-37.721 70.405 -484.539 1.018
-3.731 92.910 -330.432 1.027
-3.236 -51.239 -494.388 1.146
37.201 75.426 -485.558 1.060
-37.079 86.918 -352.985 1.009
98.331 47.094 -472.612 0.975
48.662 -23.590 -480.998 1.086
-88.878 -28.084 -380.519 1.065
