27.074 15.517 -346.415 0.825
93.161 -8.391 -494.375 0.992
60.791 99.966 -408.879 0.876
-52.664 -34.823 -312.085 1.217
-31.548 55.993 -430.291 0.823
61.762 -20.874 -441.131 0.912
-35.313 -46.316 -356.700 0.856
88.969 -5.386 -482.727 0.930
21.631 -38.861 -341.804 1.012
78.295 -32.157 -308.784 1.085
-55.755 -31.948 -330.131 0.842
-92.741 16.691 -335.785 1.111
95.479 62.532 -422.344 0.960
-95.634 37.081 -471.299 1.161
11.935 -3.777 -465.598 0.936
92.733 38.872 -386.006 1.081
17.488 -34.508 -405.027 0.994
48.065 -40.199 -305.696 1.178
-71.734 -25.485 -371.392 0.948
-21.888 45.138 -387.525 1.065
-2.209 17.370 -384.280 1.174
-2.960 90.069 -419.646 0.942
94.512 -85.338 -454.911 1.029
70.097 88.678 -339.723 0.986
15.960 -93.237 -477.634 1.073
26.912 -82.918 -427.593 0.943
70.717 32.089 -405.803 0.830
84.375 -27.927 -443.291 0.964
52.635 -58.082 -471.603 0.910
82.107 -63.933 -320.547 0.955
-32.197 -13.283 -468.934 0.848
-80.644 -30.949 -481.721 0.937
-55.281 -80.172 -424.882 1.009
84.223 62.303 -317.704 0.988
42.140 43.616 -435.508 1.056
-1.790 23.258 -476.376 0.902
99.899 -92.077 -374.858 0.834
-97.175 -54.067 -444.853 0.956
61.444 11.189 -390.481 0.983
-5.598 -45.124 -331.107 0.916
58.875 27.131 -475.685 1.023
67.075 -9.285 -427.290 0.880
-26.610 86.879 -388.802 1.029
97.291 8.932 -365.286 0.995
37.942 1.980 -368.337 1.123
3.499 -54.724 -432.339 0.900
-30.678 -99.019 -479.433 0.973
38.698 34.725 -424.275 1.113
-48.572 -75.285 -378.569 0.918
33.590 26.855 -463.242 0.996
