-39.417 92.100 -423.454 0.839
52.561 70.800 -445.472 0.901
-68.721 72.449 -465.504 0.939
54.079 -21.900 -387.611 1.066
-86.957 -60.962 -377.708 0.867
71.159 -33.076 -378.941 0.918
-77.482 33.742 -409.465 0.882
29.511 -17.141 -351.121 0.883
63.907 -56.485 -410.855 1.073
-47.938 -8.205 -455.610 1.053
96.433 -55.623 -425.945 0.848
84.981 -55.495 -364.276 0.896
-68.129 -37.247 -421.229 1.056
0.122 54.094 -437.548 1.072
-95.137 -84.870 -399.610 1.077
-34.846 3.013 -494.994 0.997
-18.774 -39.558 -469.751 0.984
-96.262 46.658 -322.135 1.231
-11.945 -86.158 -336.011 0.952
-68.485 0.179 -334.411 1.163
32.113 -66.780 -460.607 0.955
17.547 -89.012 -416.285 1.041
-18.963 27.657 -310.599 0.811
89.506 23.407 -471.286 0.791
6.261 61.992 -367.856 1.056
-6.042 98.073 -301.484 1.049
-98.463 30.692 -423.570 1.148
37.020 -32.078 -364.085 0.895
-46.467 37.061 -342.640 0.947
-90.488 -15.736 -488.067 1.056
-15.146 34.769 -311.717 0.893
-61.029 -23.608 -300.681 0.989
49.395 76.184 -458.817 1.098
41.076 -73.381 -467.850 0.884
52.333 30.758 -424.146 1.064
-39.314 -27.237 -482.509 1.005
25.232 -33.034 -306.706 0.999
42.562 -66.558 -481.340 1.042
11.486 79.690 -436.543 0.951
-36.066 -48.219 -418.016 1.021
-0.438 -73.923 -417.232 0.969
17.794 56.379 -356.844 1.039
-87.899 -39.928 -353.544 0.986
-62.502 35.464 -397.465 0.904
-67.627 23.334 -308.182 1.049
40.509 -59.629 -442.514 1.093
-7.651 58.691 -489.624 1.032
14.723 -6.234 -349.552 0.946
-46.777 66.677 -314.800 0.766
23.467 -55.693 -357.368 1.082
