-17.559 66.609 -423.958 0.975
-26.985 93.722 -322.239 0.821
80.456 40.785 -398.989 0.922
-14.443 -88.623 -397.683 0.933
75.572 -86.657 -412.662 0.798
-69.360 -86.423 -484.817 1.088
-86.321 -77.256 -365.454 1.081
-83.564 -62.083 -372.624 0.871
-17.863 -37.921 -408.172 0.692
23.101 13.748 -337.819 0.786
15.463 51.419 -329.818 0.769
-77.478 49.673 -325.497 0.954
44.573 47.907 -301.587 1.044
1.900 -52.961 -375.418 0.996
89.423 -42.030 -404.747 0.928
26.349 36.670 -466.104 1.058
-76.719 63.324 -487.650 0.994
97.827 27.540 -318.208 0.989
-69.268 -61.852 -423.207 1.134
-43.876 53.533 -479.180 0.976
-31.093 -78.991 -349.949 0.967
-45.190 63.878 -449.531 0.942
91.892 -37.717 -347.892 0.970
6.902 -38.781 -418.594 0.894
-1.862 -76.720 -371.478 0.981
98.302 -31.647 -497.588 1.056
72.924 -97.951 -390.087 0.989
-97.658 -70.006 -469.243 0.945
-93.321 -88.855 -495.979 0.952
-21.051 49.330 -331.502 1.073
64.104 -51.114 -445.970 1.057
-67.875 96.194 -335.628 0.966
-23.511 -27.265 -449.759 1.079
96.080 93.411 -450.482 1.006
-44.499 -90.417 -388.261 1.085
56.610 -19.725 -365.680 0.936
18.280 77.949 -388.193 0.946
-33.207 74.885 -405.045 0.982
23.262 21.971 -465.157 0.897
-73.068 49.071 -375.589 1.111
42.354 -93.545 -439.547 1.085
-57.779 -33.979 -391.700 0.890
68.474 24.346 -431.224 0.938
9.240 96.934 -306.329 0.983
88.522 41.906 -481.084 1.029
63.880 -7.996 -333.844 1.089
-15.459 -63.078 -424.431 0.981
59.196 -92.075 -433.545 0.778
-84.111 86.429 -331.929 1.183
67.271 -63.442 -332.747 1.089
