-91.663 -56.467 -381.558 0.938
48.617 -48.663 -471.752 1.016
73.963 -62.829 -403.489 1.013
-68.073 94.212 -390.600 1.049
64.259 -4.409 -468.734 0.980
15.558 80.796 -413.629 1.099
-69.695 39.084 -335.191 0.861
-77.319 67.405 -434.347 1.014
10.985 -46.413 -445.321 0.783
-49.295 -92.316 -454.600 0.999
81.265 39.527 -448.048 1.095
-36.055 6.178 -304.769 0.997
20.933 -74.035 -496.620 1.115
77.186 61.553 -475.970 1.020
64.645 21.992 -346.664 1.153
69.052 -94.015 -311.393 1.011
90.283 50.645 -472.057 0.949
-32.267 -90.949 -454.527 0.973
-45.330 82.673 -406.474 0.927
47.866 77.837 -441.695 1.079
-75.222 89.313 -437.715 1.038
27.814 -69.239 -362.014 1.042
-63.172 -92.086 -311.432 1.036
-67.916 -21.500 -404.100 1.030
-80.903 86.849 -456.578 1.113
-98.821 81.831 -491.892 1.000
9.416 57.484 -460.915 1.290
-43.577 -7.789 -321.592 1.028
50.716 9.252 -498.466 1.018
50.908 1.547 -353.070 1.017
-68.901 10.751 -397.682 1.073
-75.706 -47.770 -371.184 1.242
-45.286 19.822 -354.782 1.004
1.120 -11.983 -324.980 0.967
-63.035 36.226 -438.126 0.858
20.440 -48.648 -446.095 1.056
75.731 16.498 -493.867 1.059
-8.416 14.750 -331.619 0.779
-77.117 99.294 -453.796 0.951
17.567 -8.558 -398.905 1.001
-95.234 -36.988 -362.938 1.033
-26.468 -33.022 -342.340 1.108
61.494 4.739 -341.018 1.005
-94.059 -79.577 -437.194 0.982
-29.863 15.729 -385.239 1.168
-98.741 -30.607 -453.722 0.953
78.129 55.281 -348.332 1.035
29.663 56.437 -484.438 1.098
-90.836 -32.465 -435.527 0.898
29.131 65.216 -374.277 0.806
