91.509 -2.437 -440.884 0.934
-61.919 -32.229 -405.286 0.836
-72.576 24.981 -424.185 1.041
84.327 60.450 -422.333 1.152
-42.550 -60.890 -496.392 0.853
-83.921 -21.272 -483.870 0.892
-27.263 28.732 -328.693 1.072
-99.093 26.658 -416.204 1.067
78.344 78.614 -367.819 1.104
-59.954 -66.449 -317.881 1.112
-87.822 70.224 -421.445 0.939
-40.651 -23.348 -315.935 1.014
-76.935 99.754 -338.412 1.161
-63.917 33.480 -472.370 0.913
58.697 18.994 -424.853 0.982
85.033 25.643 -493.841 1.045
51.496 45.794 -423.158 0.998
51.602 -72.867 -419.860 1.077
5.840 6.507 -449.475 0.719
27.638 -68.599 -496.070 0.944
30.552 -46.525 -319.831 0.946
6.372 -8.639 -387.091 1.060
-81.213 -65.445 -321.437 0.950
-44.317 19.340 -412.451 1.097
-33.906 -56.338 -347.321 0.975
-34.500 -37.874 -370.101 1.115
-47.966 -8.257 -427.996 0.918
19.451 65.240 -436.410 1.090
20.625 -56.583 -378.035 0.924
80.437 7.206 -312.130 0.928
12.298 45.575 -421.923 0.901
17.056 -66.406 -392.279 1.105
75.536 49.559 -413.143 0.832
-40.336 33.125 -389.071 0.898
7.148 -6.114 -305.024 0.801
-68.345 69.265 -322.265 0.980
-94.647 -82.928 -350.663 0.870
-89.964 -58.675 -395.795 1.069
48.290 -85.564 -311.178 1.226
-26.907 -12.791 -300.071 0.883
-40.733 -93.170 -366.675 1.124
67.794 56.663 -439.566 0.986
33.105 -29.926 -319.020 0.891
-93.782 25.498 -411.860 1.079
55.313 -23.345 -335.003 1.266
95.691 52.433 -325.141 1.059
88.465 58.025 -494.066 0.840
38.532 -71.307 -492.377 0.954
-36.073 -97.135 -319.206 1.025
13.103 59.849 -368.468 1.069
