-53.910 -79.063 -442.326 0.911
-11.621 47.626 -342.966 1.103
86.158 -52.676 -353.565 1.072
-69.945 -12.483 -309.573 1.070
-71.421 -50.739 -454.555 1.065
69.440 79.808 -433.728 0.932
75.271 49.859 -319.177 1.006
71.203 -87.739 -318.484 1.069
-92.249 79.618 -448.999 1.017
40.248 -94.206 -370.028 1.036
-46.302 54.996 -435.972 1.067
73.724 34.420 -471.612 0.957
83.455 -69.566 -497.405 1.145
72.081 67.564 -479.537 1.076
80.520 -31.214 -411.038 0.978
99.517 -3.917 -335.569 0.804
46.442 -33.891 -316.326 1.056
-85.719 98.785 -467.125 1.080
56.441 23.206 -469.783 0.973
93.938 -12.775 -325.047 0.879
27.602 36.674 -471.935 0.835
-62.797 -16.352 -324.187 1.052
79.577 -34.258 -460.932 1.047
-11.026 -89.793 -402.590 0.922
-89.263 -31.176 -422.723 0.869
-49.249 77.894 -415.993 0.888
-75.858 -42.557 -388.077 1.091
-56.844 91.074 -390.006 0.950
-6.868 -46.941 -477.599 0.979
61.333 -77.765 -308.340 1.111
11.799 32.395 -385.151 1.061
-12.114 13.562 -334.652 0.921
17.361 37.896 -389.989 0.969
-4.115 -11.396 -451.360 1.072
60.812 -24.506 -334.139 1.005
-99.964 70.775 -374.555 1.001
-55.895 71.951 -498.058 1.045
48.334 0.104 -442.958 1.035
56.730 -95.112 -390.700 1.014
-45.037 -75.753 -433.680 1.133
-90.969 24.720 -395.453 0.980
11.047 82.702 -401.916 0.957
-84.468 57.291 -323.925 1.228
-31.925 -11.470 -499.459 0.858
69.206 77.452 -446.421 1.001
-30.371 11.352 -451.799 0.996
81.090 90.399 -487.477 1.019
-4.970 13.932 -318.937 1.087
-96.954 -61.413 -379.588 1.133
11.198 -99.507 -373.690 0.957
