65.617 -12.187 -369.828 0.935
-18.456 94.377 -457.690 0.934
74.760 71.261 -404.490 1.080
23.295 -64.759 -445.262 0.939
-68.926 -94.213 -437.097 1.173
-17.233 -56.083 -461.096 0.992
-1.373 -58.875 -337.975 1.055
26.045 -44.037 -348.007 1.053
95.631 -10.164 -319.112 1.212
21.140 10.006 -351.655 0.919
41.531 14.095 -437.180 1.159
11.644 84.604 -435.283 0.946
-18.077 31.334 -392.145 0.976
-84.013 89.755 -472.907 0.872
64.837 67.170 -464.008 1.094
88.801 -24.019 -493.465 0.904
-56.580 -90.541 -307.114 1.052
96.664 -18.088 -421.889 0.794
-27.915 -82.108 -344.737 1.021
96.498 66.409 -344.530 0.863
-9.361 -19.684 -401.693 0.965
8.534 55.557 -357.873 1.164
-44.172 -12.244 -417.333 1.081
54.877 -82.035 -368.517 1.086
-93.036 -8.354 -370.518 0.940
33.998 -37.955 -324.591 0.968
76.109 -75.174 -304.276 1.047
27.861 -86.878 -385.340 0.911
76.966 51.918 -338.408 1.044
47.084 -20.945 -357.881 1.058
48.045 98.872 -336.835 0.957
-38.477 81.395 -449.748 1.026
-66.575 60.896 -320.486 1.086
90.199 -1.336 -469.416 1.120
98.454 -64.645 -312.088 1.025
73.584 84.615 -493.123 1.072
2.818 61.748 -349.819 1.063
-97.225 -58.303 -328.041 0.931
96.589 67.750 -452.102 1.137
-87.180 46.941 -339.495 1.049
-74.786 18.432 -449.954 0.930
-45.409 80.304 -366.546 0.939
63.181 -4.274 -426.541 1.158
18.604 68.820 -461.813 0.862
79.484 87.314 -455.143 1.091
33.508 -66.038 -478.350 0.912
-46.728 -85.783 -340.053 0.912
55.425 63.012 -463.889 1.031
80.269 18.162 -315.408 0.953
93.655 97.668 -377.647 1.086
