-37.371 -64.325 -480.937 1.053
-31.386 32.829 -383.276 0.987
38.500 54.621 -330.548 0.990
30.226 44.406 -349.227 1.061
-48.917 56.341 -418.596 0.901
77.300 -3.154 -472.210 1.040
-94.963 2.840 -442.398 1.007
62.378 77.297 -348.558 0.969
54.851 34.891 -380.573 1.030
-74.170 68.192 -305.992 1.020
98.934 -0.698 -414.955 1.243
8.952 69.485 -444.551 0.843
77.246 -48.408 -462.591 1.025
10.871 67.628 -498.361 0.959
39.965 69.224 -363.957 0.779
-96.659 35.505 -340.609 0.938
-14.810 -88.600 -483.200 0.900
-35.801 -15.103 -376.082 1.057
-45.912 48.357 -381.664 0.941
-14.575 -72.078 -383.802 1.050
-51.152 -17.584 -451.761 0.880
57.758 8.058 -318.078 1.068
-57.810 74.365 -411.671 0.894
24.540 -55.122 -431.705 1.032
26.564 73.825 -387.987 1.008
-7.169 -5.480 -338.571 1.041
23.827 5.413 -344.247 0.887
13.417 -78.871 -450.942 0.859
-14.289 17.116 -410.231 1.022
-57.509 62.329 -325.988 1.079
-73.739 -79.428 -474.914 0.742
-33.235 89.778 -433.939 0.858
-96.134 -16.745 -387.333 1.045
-41.160 -30.609 -325.686 0.874
-54.167 -58.064 -443.336 0.884
17.754 -7.549 -467.475 1.076
-45.354 -62.947 -465.098 1.058
-54.242 50.305 -400.014 0.960
65.737 -22.207 -379.382 0.779
56.508 -62.819 -472.234 0.988
56.967 -69.595 -426.565 1.130
-76.663 41.116 -319.090 1.050
-23.820 0.664 -367.350 0.962
-89.079 68.429 -440.466 1.127
-62.446 94.679 -436.193 0.917
16.164 -29.219 -378.887 1.100
-53.081 84.670 -323.285 0.977
54.068 83.481 -401.287 0.960
-54.576 -48.772 -442.023 0.907
-30.827 -32.093 -321.498 1.066
