426 618
608 683
356 419
200 416
654 674
665 615
767 221
709 165
536 702
478 115
438 911
924 669
361 689
616 529
927 441
618 808
1007 256
995 638
801 484
470 566
228 130
621 369
563 105
531 940
422 534
381 479
185 961
519 540
1023 607
392 552
663 314
164 39
1017 489
402 128
355 105
685 955
1018 323
543 997
996 155
760 762
270 545
572 681
750 251
559 286
867 388
636 585
760 516
209 676
381 268
309 433
489 606
138 644
800 885
421 339
590 475
839 138
721 360
928 917
466 189
354 558
1064 943
551 687
782 287
430 839
273 813
825 1003
502 184
662 800
395 434
447 86
466 951
443 409
572 501
433 302
524 645
282 691
924 741
475 505
535 521
503 347
780 570
1066 450
778 335
879 712
532 321
1082 669
936 268
223 636
576 787
297 152
403 224
348 500
1046 411
756 22
880 509
167 913
348 667
691 804
262 212
428 448
808 760
539 347
851 874
770 968
742 46
521 223
784 552
848 647
240 948
388 686
357 563
610 466
658 356
302 707
868 936
413 617
182 670
361 41
714 674
121 1006
740 469
696 614
944 283
633 302
344 303
493 358
752 102
950 401
482 579
822 188
770 899
1070 948
181 832
251 149
412 354
830 921
585 568
912 706
884 213
347 697
511 713
413 127
219 253
518 79
814 229
703 157
1133 283
734 624
928 933
493 194
942 401
911 17
456 725
219 549
705 908
821 456
1151 230
431 645
449 281
691 790
789 137
427 763
885 178
543 185
812 180
635 370
698 652
471 392
1039 100
883 265
639 234
990 565
388 790
245 646
940 905
314 542
352 363
580 383
536 959
300 353
904 41
622 588
721 894
993 746
351 878
756 142
767 79
737 584
447 347
573 545
1130 886
269 904
878 102
464 456
275 631
448 703
418 345
827 774
943 269
154 529
415 294
420 130
382 526
424 448
541 326
354 772
512 174
461 638
1034 97
326 145
437 325
195 248
743 250
386 102
351 757
953 161
325 143
366 573
306 280
771 396
792 203
303 311
810 589
346 648
976 498
726 586
438 186
807 312
990 861
200 178
699 133
627 769
681 296
694 69
739 927
732 719
475 771
1031 113
665 513
430 631
812 722
166 457
390 437
1094 320
991 209
799 815
694 349
1036 743
369 655
676 648
903 259
312 146
826 249
370 428
1031 81
947 642
532 130
277 495
670 143
414 373
613 967
955 884
720 338
614 390
972 220
801 913
347 789
426 320
219 144
349 448
605 770
260 337
540 849
504 487
1141 817
350 219
619 206
253 483
1098 125
468 627
579 917
474 516
766 448
249 431
245 181
972 409
459 787
620 132
376 330
743 134
752 689
815 212
626 360
739 561
917 564
520 248
989 607
1077 -9
356 940
699 878
524 886
275 577
715 507
986 448
296 316
802 578
835 418
972 448
255 746
948 122
522 512
502 87
684 834
809 677
375 837
566 566
979 124
870 746
475 643
142 903
579 837
415 635
304 608
496 942
867 752
881 589
312 904
212 637
500 606
355 408
129 333
805 632
1010 701
996 199
131 820
570 164
999 473
340 751
920 226
850 139
1046 938
1025 225
569 147
174 21
301 556
658 861
985 572
284 764
349 795
750 797
913 521
335 438
338 179
837 804
581 682
219 142
1086 291
1103 279
785 121
659 396
794 755
1020 610
197 537
662 219
581 495
351 294
1068 393
516 184
871 392
318 708
383 1036
603 864
732 69
182 768
902 380
913 480
252 330
1039 941
336 811
688 681
673 822
912 360
415 866
181 966
733 410
454 374
557 139
557 795
317 456
695 816
227 718
712 454
504 302
221 260
920 467
411 821
984 619
525 155
414 691
707 738
876 397
632 310
789 105
366 532
972 224
609 896
340 939
368 593
435 354
699 174
643 130
459 65
290 671
696 912
916 477
835 601
370 213
996 698
600 104
1020 106
1031 227
639 611
997 467
371 241
816 181
544 791
809 341
745 895
407 109
347 979
141 198
1029 487
860 538
847 70
875 743
518 662
977 821
945 485
622 720
1008 999
910 119
278 611
609 803
369 292
502 882
625 441
495 305
804 624
1053 296
646 661
546 273
974 842
223 453
694 235
261 766
222 156
662 234
761 477
877 789
356 634
232 370
423 682
1084 271
239 447
329 422
1036 869
897 982
824 791
692 446
296 591
876 640
859 233
891 739
934 361
750 236
439 819
1113 364
797 782
631 557
189 138
599 181
479 251
1044 304
711 263
602 229
345 747
297 448
1042 533
382 587
746 880
352 816
569 900
229 726
965 135
860 795
237 71
336 133
342 659
754 118
194 448
533 276
842 181
680 796
614 165
383 746
991 843
721 805
749 537
333 614
364 975
816 651
693 277
512 431
522 894
962 204
373 553
458 491
815 489
1102 371
376 469
1047 454
844 349
540 435
492 274
535 901
380 286
230 805
1019 472
619 127
447 395
884 517
209 723
493 143
375 703
881 309
463 659
281 375
991 882
277 491
636 497
629 341
739 731
512 543
1050 129
595 363
611 233
374 477
703 424
358 301
388 278
1028 495
417 450
829 597
310 383
955 69
764 852
203 781
494 459
990 140
704 390
563 584
539 459
558 427
786 794
487 852
836 276
693 586
671 925
299 130
814 335
916 687
909 314
866 298
309 771
856 724
176 617
714 163
364 127
1040 465
560 503
524 437
768 689
911 314
238 250
800 838
779 893
811 483
631 60
750 877
1012 397
249 25
159 401
291 126
244 825
526 693
444 746
1108 943
567 746
893 97
769 145
398 327
190 924
468 361
420 836
1069 499
1057 320
289 151
1137 318
311 285
961 655
913 918
679 883
945 757
305 749
665 525
787 711
720 765
592 380
977 160
768 79
1042 610
976 699
611 744
239 182
1085 853
853 722
919 399
583 77
770 475
782 389
756 687
802 598
678 606
461 726
271 447
864 280
828 627
530 690
704 449
250 690
855 2
555 708
757 378
493 539
491 726
263 686
246 536
888 642
489 246
441 904
482 195
414 758
923 209
506 185
1137 80
390 237
274 423
525 614
710 542
815 649
798 370
328 88
230 515
894 906
244 461
480 212
354 306
525 479
332 278
499 533
1058 130
309 927
263 988
294 359
236 654
749 736
749 245
1000 367
800 907
750 526
701 912
805 441
981 377
227 642
951 873
1096 840
688 805
833 167
812 586
966 509
242 409
886 498
673 513
698 405
641 118
991 356
537 613
570 790
752 880
205 529
349 761
641 158
596 666
956 356
923 338
455 428
346 269
646 803
857 270
354 325
661 492
486 250
344 436
1062 185
661 938
885 989
1142 447
398 391
887 110
1006 84
569 684
203 493
673 181
843 425
532 939
484 461
953 331
281 855
261 324
799 885
318 648
1016 546
982 841
715 897
393 860
270 938
991 500
952 188
404 299
412 284
609 617
580 382
940 521
1132 142
888 884
826 437
843 550
251 112
1003 449
963 507
1103 441
335 744
1139 799
833 624
720 161
493 214
371 452
868 394
944 655
334 334
834 757
204 289
363 474
170 1026
404 807
413 813
706 616
860 503
306 881
374 883
565 187
1038 887
996 716
193 205
296 937
268 519
1101 91
433 57
633 906
882 120
742 1007
767 446
763 264
813 807
263 763
542 415
1060 243
333 756
524 796
782 623
368 585
787 876
911 425
1035 83
894 318
637 217
416 23
859 615
1044 975
669 165
328 317
144 412
739 622
401 899
900 241
496 193
368 561
862 891
983 232
656 642
688 674
212 222
807 995
333 490
318 695
663 522
759 699
738 116
597 486
657 825
1004 856
318 336
1109 380
322 305
1062 391
726 778
822 97
636 158
266 122
746 246
838 741
895 798
1006 876
881 440
820 859
490 115
739 838
1126 562
849 700
1129 486
752 476
637 975
767 29
342 328
284 714
358 755
410 517
668 216
795 563
587 812
759 226
434 786
685 887
968 342
849 317
1081 358
200 834
594 780
518 12
570 733
898 404
708 620
400 431
250 661
402 942
870 326
708 668
912 950
934 304
744 653
824 184
467 585
484 303
677 696
915 853
684 624
504 332
863 978
862 810
666 457
1025 326
938 416
633 273
787 834
296 656
504 207
852 681
282 143
832 522
129 526
941 550
228 514
168 115
970 710
209 159
989 702
493 362
702 187
359 488
624 581
977 298
220 854
684 879
728 483
320 81
213 330
923 340
933 568
969 184
778 490
927 271
586 765
510 771
567 688
1023 216
1020 486
694 613
735 415
467 253
481 516
522 627
738 691
816 903
898 166
680 606
783 238
801 954
1000 237
387 938
970 388
584 831
1154 858
639 585
897 277
829 155
252 782
311 750
1026 291
760 955
1090 112
1016 875
399 550
986 294
688 285
908 562
972 740
496 558
552 759
973 350
719 356
772 572
1054 73
1102 143
1106 561
955 283
939 167
865 472
705 708
297 315
1084 890
1006 613
752 913
255 244
423 643
423 241
312 806
617 531
553 520
917 888
408 967
655 422
474 9
443 841
1049 728
422 269
726 337
980 566
445 566
775 641
490 765
635 648
749 585
459 960
281 -14
408 -10
186 727
999 545
732 695
249 156
423 461
1142 334
140 196
671 207
1087 72
626 743
506 851
379 691
746 621
506 838
262 686
571 739
501 643
185 880
602 678
662 252
738 923
597 761
688 910
223 666
258 578
279 89
384 517
573 314
814 375
790 142
774 852
273 439
791 625
441 150
223 867
291 938
372 479
954 221
716 494
1050 268
788 294
294 397
425 147
627 192
904 422
543 436
980 514
871 773
307 155
503 927
593 478
1048 600
748 508
569 112
274 848
737 69
561 565
238 602
302 871
640 160
520 698
946 613
870 192
1005 230
624 577
251 322
926 358
667 827
1139 789
245 622
1013 625
546 688
311 203
901 826
988 161
424 994
796 725
423 484
475 748
293 360
787 78
557 392
396 56
445 524
725 369
367 378
962 465
766 709
508 301
617 309
486 825
943 282
536 601
672 216
740 138
509 190
1113 771
912 448
348 689
1018 313
1002 25
698 827
983 863
631 474
208 408
598 629
628 692
734 720
607 433
553 37
846 559
657 260
275 559
994 111
892 474
257 221
573 502
876 359
974 677
660 634
308 256
276 444
806 366
396 660
1006 241
345 881
1022 544
566 339
721 976
518 172
490 523
251 221
758 883
468 534
244 666
981 704
1034 509
1072 936
115 433
496 674
594 279
508 1034
740 815
716 443
298 264
176 502
932 340
892 841
365 837
1040 538
605 219
953 226
568 172
334 479
728 142
1009 426
525 676
543 172
339 575
269 330
863 291
723 344
1101 260
713 250
257 293
1103 144
486 286
986 481
953 795
145 758
259 195
830 912
980 876
619 280
487 608
230 64
464 335
663 623
346 702
833 95
994 332
564 539
404 414
402 789
412 246
757 571
146 17
466 859
402 146
1104 499
467 89
861 834
178 372
550 458
894 193
616 630
696 251
781 193
873 557
213 939
364 352
877 873
964 522
645 795
367 241
560 497
562 203
566 425
785 396
870 154
746 788
1044 314
814 323
650 904
1007 77
347 561
254 433
954 971
924 820
913 319
363 399
279 678
619 815
372 806
438 234
907 799
769 856
615 897
989 196
451 716
292 109
680 209
1069 835
470 164
224 167
899 538
1031 915
1050 222
975 368
296 150
580 235
764 286
363 923
235 379
360 530
382 845
398 206
1051 885
515 744
690 412
536 192
736 143
1035 144
345 877
494 142
882 931
710 442
1042 252
537 837
437 357
227 251
559 118
991 697
451 788
484 375
601 757
233 671
826 792
215 179
407 582
894 108
505 529
927 164
592 358
328 715
660 658
623 308
333 202
851 117
407 456
335 856
565 124
589 621
428 806
381 754
1105 54
166 446
998 908
464 373
1039 472
794 955
596 193
151 339
504 526
683 467
836 440
336 957
1066 284
797 873
952 284
625 593
321 161
932 713
584 145
864 858
795 824
556 771
482 286
592 584
611 334
361 628
926 904
1049 733
708 57
451 433
478 419
760 544
1111 588
313 1008
564 522
292 377
706 331
707 883
610 325
646 871
964 122
533 939
218 889
867 454
326 767
723 857
377 137
576 233
751 603
1120 325
1010 582
630 310
771 189
886 367
202 674
596 199
703 337
763 297
331 111
509 396
613 600
612 713
244 431
405 223
1023 666
228 854
861 615
310 461
336 362
385 212
1043 726
387 833
388 203
478 317
729 380
983 570
238 77
858 612
658 416
650 893
483 822
313 515
643 162
770 440
270 507
723 502
304 381
840 682
914 873
838 616
276 890
588 372
811 378
719 373
443 580
469 492
1017 851
707 304
105 1016
968 348
1037 132
1107 256
576 506
324 423
740 897
929 478
734 433
574 75
1042 701
944 205
293 424
572 307
884 304
491 872
602 272
464 757
1031 505
526 416
484 77
1013 390
958 668
1053 957
442 324
859 902
899 58
226 44
1037 408
1057 177
254 824
959 725
146 547
601 924
373 441
283 881
859 650
734 191
574 431
897 654
664 296
573 726
640 241
645 330
377 823
590 237
856 176
608 649
836 895
249 723
883 895
615 471
444 363
430 25
345 827
1025 158
573 186
493 300
919 220
540 768
1009 730
562 344
848 102
937 109
625 695
393 262
986 307
875 527
204 442
373 254
350 684
180 35
291 826
278 818
804 686
506 743
242 209
468 165
1053 903
854 704
857 233
673 197
867 615
924 120
1020 425
1075 291
503 714
906 889
311 840
299 329
1034 936
788 590
515 807
991 211
891 339
674 372
221 828
606 30
321 810
613 439
745 203
387 721
239 805
458 982
455 847
716 125
634 383
441 814
477 300
397 427
192 686
999 171
359 83
434 646
700 837
754 285
274 753
851 517
821 73
1034 638
364 891
350 849
789 871
732 268
366 680
994 847
152 774
504 623
306 741
1034 906
606 86
652 269
373 134
279 689
727 841
1060 798
980 142
917 778
901 723
721 382
120 621
919 770
595 85
446 302
299 747
727 780
409 953
646 698
242 366
582 643
652 707
789 878
960 66
878 400
547 681
928 97
1028 207
333 262
481 748
705 667
237 789
337 254
636 395
757 286
511 629
733 638
349 757
465 376
193 164
929 139
612 506
897 333
380 753
393 973
1028 247
817 184
272 724
478 517
698 132
538 502
457 641
1045 633
1022 339
540 414
914 513
655 812
262 122
795 884
768 130
577 181
598 797
1106 606
591 175
842 281
676 835
307 516
508 668
781 557
1010 74
261 621
605 851
233 237
592 101
334 366
610 413
892 905
373 836
1031 192
555 721
263 123
485 857
654 87
206 136
767 648
1079 998
783 70
799 782
286 330
595 716
371 369
727 623
597 848
285 338
852 939
934 780
765 503
872 754
588 243
1126 935
401 715
490 464
327 0
855 665
184 349
452 714
377 593
665 887
1153 44
505 880
595 652
850 461
973 325
613 176
682 421
1073 928
904 426
853 458
1086 314
361 773
702 170
460 648
428 446
543 318
699 444
989 680
948 705
682 563
745 776
416 610
710 737
686 700
403 289
391 393
875 859
1010 718
392 337
899 26
1100 23
783 510
669 127
238 762
583 371
751 533
951 542
681 820
481 852
253 479
337 867
455 338
605 137
379 69
271 174
272 356
525 473
789 430
980 121
784 499
850 420
626 994
668 541
644 889
715 395
351 322
660 619
958 355
209 319
812 430
509 604
265 795
992 779
320 543
518 830
358 458
480 956
950 851
909 144
218 878
658 525
579 369
1047 165
691 718
792 343
180 807
637 622
1036 631
449 223
644 132
725 605
715 730
177 1022
638 829
864 437
818 524
637 444
1059 643
887 185
382 567
1038 640
573 508
1061 281
439 515
828 137
1046 840
742 629
560 399
329 876
844 842
663 507
532 847
572 892
664 402
292 460
758 205
1108 1016
548 462
514 232
1085 181
487 416
567 270
680 278
366 717
400 873
663 597
1024 339
220 30
287 351
337 584
576 110
232 547
371 872
991 807
634 454
921 526
864 527
448 136
520 374
614 959
1008 503
467 496
855 485
197 784
598 630
645 245
693 423
260 130
488 341
782 220
587 23
207 806
456 385
1048 731
1083 764
736 357
258 319
286 481
993 255
814 303
326 710
211 181
489 547
205 762
166 602
441 856
704 175
1061 127
901 389
785 422
288 186
1145 698
373 135
747 59
423 794
277 736
277 390
365 819
624 899
1056 771
567 921
881 866
624 544
656 625
336 393
341 344
457 811
565 100
489 888
875 505
807 731
252 958
273 234
627 960
488 770
566 285
847 490
391 539
366 168
638 277
849 384
679 606
334 674
871 172
261 826
752 734
750 179
704 816
523 296
416 691
735 330
1101 515
702 1009
854 185
905 378
798 764
704 341
976 629
754 854
777 568
1103 318
309 741
679 203
907 782
943 508
297 571
280 745
828 808
671 411
927 448
537 347
541 239
669 266
901 571
569 245
1051 431
659 723
1058 950
673 466
715 290
884 134
285 677
355 401
889 204
301 370
316 685
979 212
489 946
468 377
751 742
292 388
362 565
616 428
370 169
424 791
495 216
252 919
954 369
686 98
805 897
927 450
929 815
891 184
264 566
493 264
417 348
808 753
624 926
192 103
1059 207
953 193
1074 762
569 317
539 796
817 881
399 566
974 263
960 279
812 791
633 271
617 550
873 804
989 1012
744 936
1089 195
972 733
1026 88
653 713
994 726
253 690
1024 699
432 144
938 435
791 752
177 797
560 527
740 183
708 345
935 794
736 230
365 485
999 947
662 523
197 190
230 646
841 865
910 391
403 213
505 487
290 884
348 641
631 891
892 570
420 121
669 92
602 327
336 726
578 568
377 834
840 611
923 156
933 275
1108 513
456 809
1093 301
258 833
626 724
978 992
778 494
383 877
884 565
780 447
969 881
549 83
424 451
975 737
778 618
570 237
981 168
1053 982
1112 835
408 247
273 804
982 733
830 420
390 208
808 151
786 821
721 340
892 994
392 612
374 705
408 169
465 582
754 1011
833 707
881 875
343 382
740 278
691 622
459 533
404 374
345 613
252 292
352 171
360 608
278 196
714 268
619 155
814 879
708 357
259 708
816 202
1057 928
241 489
848 604
350 136
268 197
228 179
818 888
573 733
744 703
891 433
438 685
976 164
1068 472
818 165
767 814
243 898
429 789
796 215
246 16
818 234
823 64
283 973
589 572
711 427
256 227
953 678
956 494
243 969
583 333
473 595
474 315
541 409
