379 335
721 879
908 239
915 328
1070 127
524 261
1106 236
694 205
641 488
287 118
440 715
651 785
1085 361
879 445
765 548
246 411
484 435
756 790
555 241
594 155
690 860
655 177
517 579
853 835
562 847
359 896
674 156
1027 998
872 119
905 549
1093 550
728 636
804 601
420 501
760 491
223 554
871 153
853 530
639 182
263 246
1031 808
687 270
509 246
1024 244
538 662
1049 904
483 646
190 612
574 902
145 339
943 750
943 642
306 660
328 537
1000 359
124 256
336 539
450 204
611 890
789 260
400 156
881 267
339 690
1022 710
533 335
353 684
810 827
217 771
376 912
291 393
877 182
587 111
472 462
465 563
1082 337
333 382
770 454
445 849
867 842
1059 620
155 748
1008 306
857 292
347 493
766 277
397 827
927 618
657 594
673 745
1096 329
554 194
685 996
1063 681
406 741
953 100
491 720
364 281
1068 421
930 668
890 201
391 641
559 1012
841 151
804 109
683 531
882 630
742 263
799 208
709 950
569 1005
604 926
1034 699
693 469
252 525
600 165
694 149
608 490
777 858
552 253
876 192
431 525
265 706
473 529
315 619
480 939
569 450
636 215
901 390
666 943
977 200
1000 827
709 644
849 104
740 29
853 692
1005 734
459 233
656 373
984 446
572 265
674 632
988 789
711 634
794 1012
476 251
817 880
1083 510
256 218
474 868
542 325
741 522
984 62
578 317
689 583
416 269
757 254
393 836
273 883
206 993
339 659
438 760
1051 179
583 689
740 638
1027 301
373 174
935 14
753 490
996 846
826 327
762 361
889 817
502 692
688 509
618 97
756 756
1034 717
994 924
763 95
259 68
770 136
346 609
843 401
1080 860
586 264
832 286
1018 602
901 260
742 491
544 489
222 419
603 159
944 324
413 762
591 877
462 211
837 399
892 593
874 762
250 615
611 240
1064 661
171 1011
183 803
286 893
870 481
926 397
380 665
630 504
877 458
282 620
326 717
610 547
1129 674
588 324
932 457
618 125
683 579
210 945
730 113
165 958
806 838
681 314
416 425
364 796
612 261
179 962
937 56
834 95
794 395
480 327
409 889
232 483
434 514
446 464
813 693
474 766
586 613
407 121
634 597
594 883
507 624
481 816
795 817
731 700
245 604
768 307
419 543
589 693
1085 953
285 659
475 154
1027 481
1085 595
472 499
278 420
361 94
1059 251
955 424
1035 510
821 154
380 512
193 127
730 807
982 477
523 580
342 567
916 266
695 959
271 624
959 429
814 164
999 190
695 152
1029 483
652 322
970 136
397 172
414 93
880 936
330 370
996 844
305 390
769 371
612 625
1013 851
1044 939
114 465
224 561
652 368
957 601
693 177
859 394
840 939
1158 340
365 947
680 306
118 129
554 856
796 351
472 992
1002 614
922 580
640 716
904 314
266 126
858 468
974 343
649 802
957 595
484 669
381 313
801 798
1053 257
254 679
111 254
368 414
777 435
1049 80
340 214
693 188
535 679
262 313
603 512
735 802
609 405
373 330
877 23
430 838
429 244
504 458
721 511
1095 8
884 125
228 567
674 311
316 277
711 971
237 454
540 104
170 290
799 159
975 765
1016 501
707 609
981 251
354 323
790 883
642 514
796 377
284 307
876 667
427 696
765 231
1074 569
626 783
337 603
423 533
555 937
1107 686
1025 145
371 787
759 301
238 481
701 806
1071 403
570 272
897 703
882 418
277 330
822 112
683 868
984 220
252 827
855 742
1042 903
330 719
1078 300
594 662
1123 127
687 410
364 815
413 294
862 229
976 502
547 503
287 798
195 226
851 489
967 785
950 227
537 639
246 552
653 760
1027 335
871 610
1042 214
279 285
434 870
311 499
366 25
947 531
296 786
781 641
278 771
588 712
257 872
770 715
290 293
737 541
865 479
327 843
485 335
444 359
960 462
498 570
914 59
504 826
225 581
396 683
475 906
947 193
820 856
257 882
1012 39
840 380
873 751
997 826
303 426
978 349
324 814
956 737
872 471
1009 22
238 892
778 249
1015 527
287 713
592 606
356 347
878 20
572 883
728 289
571 355
466 555
862 414
316 781
775 526
1102 996
856 880
890 24
917 918
898 906
426 113
692 501
284 308
154 355
286 153
430 813
765 970
385 295
504 456
370 956
709 336
549 492
707 408
714 67
391 591
795 894
537 463
623 416
813 136
992 270
329 197
324 487
725 444
340 78
1125 805
404 980
950 536
548 846
537 294
892 810
693 405
375 951
959 834
279 907
333 543
665 709
799 632
841 509
697 505
921 689
824 550
447 455
737 701
438 554
532 881
1031 457
322 466
580 722
367 395
275 651
862 294
507 818
668 795
512 729
416 571
1037 176
400 905
921 684
511 758
517 379
627 677
315 206
1013 746
850 117
621 858
998 599
797 225
512 367
578 539
597 303
311 401
313 177
376 309
265 733
634 638
696 549
269 152
1017 772
876 520
853 79
467 537
867 290
929 613
435 790
1104 912
539 72
931 785
372 791
758 781
973 748
633 150
708 342
312 705
611 32
232 505
716 160
222 406
698 508
247 668
339 847
297 356
405 809
664 10
839 733
979 871
754 785
611 644
814 475
564 468
886 477
489 838
985 129
456 119
916 697
567 815
475 427
332 286
428 91
1068 512
847 837
249 186
886 185
357 555
245 659
200 885
460 989
314 548
405 734
654 230
443 170
595 304
726 513
370 758
343 741
652 707
252 646
880 323
941 418
370 164
951 424
877 398
593 168
263 145
974 283
833 742
981 74
631 177
714 809
199 34
494 657
1117 309
750 654
443 595
500 542
959 893
419 337
750 331
368 668
487 376
1087 673
966 293
409 540
230 509
437 466
1041 952
490 767
232 1018
533 432
288 278
653 214
514 116
964 156
744 670
227 156
572 941
854 825
433 717
612 422
989 701
894 434
322 638
522 531
605 565
870 429
361 764
346 290
361 152
835 876
1007 477
698 880
1006 384
405 601
779 542
475 542
1046 447
1025 341
572 670
615 729
464 275
1001 727
392 358
743 510
498 235
480 215
1033 220
761 495
955 589
702 107
340 850
218 509
883 551
681 659
952 904
840 815
952 549
798 889
1014 334
1086 151
456 109
952 108
247 447
880 392
579 402
351 116
930 922
546 679
581 752
579 197
734 813
844 848
554 719
1054 824
226 347
452 303
862 221
378 210
561 777
469 102
579 197
587 374
1108 608
563 514
549 172
340 209
845 596
359 411
1124 27
947 300
1000 765
685 280
790 954
687 804
991 386
934 311
268 366
779 472
755 593
744 713
771 660
340 280
244 925
1048 122
677 186
1042 933
905 619
292 585
765 261
1112 101
882 387
671 283
178 609
475 131
600 176
1090 397
406 88
901 250
297 968
1113 936
636 355
1082 75
495 450
588 761
834 879
301 408
325 782
1013 121
755 854
717 474
663 984
441 275
826 807
646 334
271 225
996 424
227 68
544 247
678 93
1017 412
739 408
1035 410
574 551
852 99
909 213
621 956
769 453
426 1010
327 267
577 402
907 707
269 653
720 543
953 1043
394 611
959 638
1012 988
597 509
606 667
1127 318
906 861
1025 759
597 142
1056 757
1016 379
848 92
767 953
503 743
839 685
828 99
826 185
796 895
683 300
734 460
264 644
1027 875
955 560
710 306
652 838
990 298
243 652
380 610
172 422
1000 642
1030 301
635 278
406 273
615 164
382 411
717 723
353 526
456 922
1023 509
917 362
558 651
1045 857
356 509
938 563
846 694
1068 999
774 925
832 293
747 67
595 444
648 459
367 390
687 632
275 372
535 445
763 512
1079 301
257 315
993 211
626 490
256 718
851 754
775 659
391 283
700 532
252 130
992 758
292 278
411 845
856 350
677 77
268 844
650 864
243 403
165 31
455 815
404 358
420 776
807 3
626 401
1054 737
669 844
312 103
487 740
683 337
417 84
390 368
915 756
650 600
569 866
821 436
158 47
351 169
879 572
278 851
348 309
539 216
793 85
310 623
307 539
536 656
911 316
1052 182
611 99
325 198
717 465
646 452
1141 981
602 325
664 632
618 91
646 223
545 869
826 481
628 558
228 326
858 913
680 125
702 552
759 674
753 325
536 169
1013 950
812 700
959 278
871 366
1106 713
163 418
433 776
500 967
849 172
715 611
828 565
272 378
1107 328
379 74
985 485
905 156
545 778
856 831
673 665
571 689
245 279
333 107
506 47
876 502
630 885
1011 892
350 802
172 705
521 305
548 109
754 920
989 501
711 434
231 310
1056 681
832 829
449 110
604 566
508 450
950 515
521 632
1106 601
1022 330
713 447
1098 66
1075 613
353 792
947 858
299 584
899 669
375 813
1015 735
368 553
943 499
887 639
345 496
992 398
170 735
1054 531
320 343
680 292
762 572
1027 323
729 494
609 901
320 403
743 476
881 889
1017 318
515 864
492 400
641 223
427 821
911 857
606 916
766 360
933 931
541 730
554 555
297 414
842 35
872 511
372 538
201 647
1084 232
735 386
462 335
950 339
582 533
1006 116
544 300
648 285
365 138
825 498
846 749
886 420
410 1006
849 741
255 645
326 581
456 895
655 515
691 825
531 433
708 821
305 400
967 63
867 981
377 789
714 370
816 839
545 766
381 421
