880 734
862 504
352 167
898 15
359 76
1010 207
619 844
1036 661
494 239
472 197
730 182
281 787
280 350
968 222
332 326
218 982
674 349
272 440
329 128
286 475
849 908
335 250
461 180
1043 718
379 852
806 250
977 444
233 778
838 668
522 646
352 717
796 811
309 506
384 274
284 684
1011 168
991 381
984 782
531 394
617 395
1024 942
351 890
373 312
202 568
605 425
265 643
566 272
617 613
260 457
291 250
639 556
503 922
832 570
696 992
565 344
219 662
688 694
592 466
744 57
721 545
293 320
589 120
1040 638
684 793
238 58
211 86
912 86
278 463
724 325
328 240
869 875
429 668
479 314
745 290
517 148
964 365
552 492
754 317
512 858
346 822
719 352
1033 876
880 943
545 451
958 615
268 829
683 541
964 779
576 428
351 568
313 844
877 199
583 566
945 639
544 735
837 313
425 649
872 250
321 960
315 78
1005 99
709 205
683 605
1029 238
510 414
780 345
500 760
340 152
272 443
538 226
305 327
176 511
843 742
428 852
489 627
709 102
704 291
1086 711
1011 557
180 568
793 863
846 659
855 778
752 308
187 574
788 705
368 98
186 565
250 865
839 727
1031 499
771 502
793 279
253 889
627 807
620 845
861 388
829 881
249 632
964 394
174 104
499 339
621 44
680 782
932 632
262 717
482 770
190 795
770 426
314 711
378 647
397 749
498 614
371 486
1120 900
281 35
358 651
617 416
364 40
844 492
600 87
611 169
945 737
1061 633
480 53
311 323
539 308
275 760
331 869
1007 523
639 198
462 500
456 512
847 760
648 308
865 823
398 39
569 317
708 543
540 619
838 148
771 817
684 702
667 737
1027 169
435 755
658 258
677 844
1078 53
386 855
726 682
504 345
577 701
175 969
660 625
816 385
829 908
716 945
415 447
997 849
330 960
957 332
762 341
496 490
820 483
348 138
907 1002
660 277
685 316
411 350
603 922
743 826
1054 570
728 599
943 642
770 430
1041 461
802 18
927 437
1004 331
301 45
794 462
678 192
410 590
278 312
1115 768
687 164
980 402
957 155
1008 598
953 671
882 39
906 352
522 868
621 734
866 768
922 261
195 239
1057 163
824 87
451 292
747 549
424 352
951 525
943 354
345 612
954 812
532 841
634 462
703 681
930 326
998 860
468 207
944 189
692 729
823 556
452 271
162 41
467 82
571 792
395 538
785 844
1093 38
899 863
1055 541
1052 741
591 311
716 250
1003 652
720 652
501 662
747 705
304 643
420 961
678 372
370 640
548 204
1003 264
928 70
374 465
913 540
450 577
533 305
717 513
702 627
590 255
928 316
826 41
610 897
573 849
856 128
814 262
1016 732
979 636
167 158
687 923
786 104
1042 319
896 280
467 609
898 965
310 816
265 139
422 201
516 729
441 531
375 785
1019 662
1119 784
853 468
281 218
358 190
329 182
315 440
302 231
314 833
897 396
796 426
693 76
642 541
787 193
946 909
269 345
497 783
387 899
281 400
862 313
278 540
960 807
799 428
551 723
583 548
449 87
730 350
827 400
869 102
617 908
609 698
1157 660
207 143
651 627
974 463
790 215
399 867
692 261
682 195
588 488
284 604
266 407
538 162
445 417
252 308
1147 762
909 189
682 389
813 834
458 493
831 -13
425 360
981 116
894 902
945 445
623 624
902 415
455 268
869 478
814 356
518 90
876 425
545 749
878 93
970 477
953 601
675 110
284 776
684 421
961 722
785 574
667 760
1024 370
1146 159
747 365
281 966
412 277
647 803
1075 529
253 483
720 818
599 458
803 808
592 438
838 170
304 518
653 355
173 565
717 140
795 427
1052 719
906 794
599 398
399 613
806 773
268 692
326 357
929 259
917 703
534 71
312 166
780 844
801 620
255 989
164 937
752 582
499 637
385 564
716 687
751 290
589 748
1038 800
991 678
692 581
609 446
442 310
473 522
624 761
388 516
1137 828
261 353
799 877
905 138
862 259
210 165
604 552
330 894
473 649
279 314
547 500
1066 64
475 331
587 286
446 41
714 374
995 74
1008 498
932 609
553 778
693 131
430 324
537 372
237 171
601 298
551 345
608 281
1054 846
699 454
203 894
1004 883
886 246
546 704
992 736
974 136
490 222
683 685
533 282
277 868
1049 629
611 425
555 748
479 572
226 599
555 208
953 563
358 81
773 752
520 343
362 848
513 789
932 363
354 194
472 449
961 804
709 639
1034 605
667 321
843 90
940 150
508 436
677 821
693 698
739 471
338 58
858 387
1124 769
209 576
642 81
640 620
677 560
298 297
667 441
888 853
1049 757
915 56
335 779
856 664
407 495
874 507
841 272
343 525
275 238
824 874
516 317
1026 471
560 916
190 401
429 12
885 757
345 200
447 273
605 678
495 210
644 403
475 928
278 165
513 768
973 946
1076 262
758 283
336 350
436 588
574 832
290 553
1010 92
892 381
733 741
589 233
597 190
283 -4
292 590
870 982
1012 609
1019 657
899 523
604 874
437 605
1109 162
986 458
164 250
310 602
918 632
361 484
688 235
949 275
246 658
1104 464
482 727
338 408
410 445
622 918
553 131
569 893
996 306
475 250
771 396
127 881
245 265
483 473
985 265
743 149
653 806
321 581
642 754
168 412
1041 936
304 52
648 775
740 708
383 177
427 483
915 356
659 924
836 318
749 314
454 431
585 773
1121 564
792 165
604 260
996 342
1049 1005
979 696
685 940
566 676
623 765
652 232
737 677
310 299
955 768
287 686
834 403
831 98
331 731
1000 891
598 0
962 148
985 143
914 250
1035 911
321 601
288 595
475 181
233 486
829 701
886 439
258 206
843 594
711 578
983 208
544 744
852 553
215 393
440 170
848 323
438 486
627 110
588 340
288 621
385 739
1050 1041
997 181
445 387
697 274
415 410
448 161
621 61
992 532
1069 457
171 228
113 989
1060 738
225 913
981 828
1035 188
228 58
775 969
722 480
913 456
425 877
895 856
592 349
239 0
1028 615
197 673
249 604
433 310
920 829
554 174
902 133
699 686
581 687
592 517
414 175
722 536
807 216
760 317
771 679
626 338
878 513
1057 1018
645 508
538 264
450 800
807 672
1094 572
806 652
181 765
350 853
229 662
984 933
1015 892
761 607
364 188
1080 477
691 456
371 563
393 662
982 169
1035 175
541 612
419 428
554 662
495 861
867 825
845 387
814 171
247 509
623 259
296 360
527 170
792 756
828 619
906 380
803 -7
842 649
624 340
1137 703
941 714
638 505
598 176
961 476
275 737
891 296
1003 820
291 802
393 420
1118 417
238 652
894 325
312 695
323 841
521 928
556 139
532 903
934 747
817 630
242 729
1051 798
982 832
631 516
942 909
459 985
760 303
647 593
772 895
470 177
224 651
321 259
1169 740
237 585
1137 861
484 829
804 765
241 163
728 176
1018 801
226 197
1006 359
1029 177
735 383
532 167
747 200
909 889
318 114
551 29
513 618
911 154
565 352
1061 541
853 295
185 531
205 495
866 897
725 321
545 792
319 478
1051 413
323 630
611 848
765 772
281 661
384 650
266 271
698 247
289 823
406 442
205 665
334 371
413 470
973 183
733 731
645 245
798 681
208 94
600 299
586 874
596 310
636 63
380 378
642 249
770 502
1023 413
229 547
350 184
706 970
456 232
294 437
1051 502
380 670
623 952
988 325
372 176
306 23
321 652
755 57
857 800
218 898
843 306
691 715
393 335
989 368
662 613
408 257
557 925
107 673
738 756
1057 327
603 66
347 902
406 511
663 556
885 505
390 160
898 740
1026 783
980 957
1115 893
881 817
308 483
734 477
349 541
339 481
343 438
697 765
950 976
581 588
663 287
670 552
802 404
451 626
926 401
908 509
990 545
247 943
639 646
319 403
386 473
1026 210
589 284
777 490
1052 116
253 108
260 210
1039 274
331 163
599 982
554 577
415 335
956 691
1004 458
782 667
836 587
709 672
642 901
915 658
330 874
486 487
531 566
1022 281
1018 249
344 679
255 735
605 425
641 775
1088 124
166 846
252 289
267 360
794 968
521 782
110 925
886 155
756 215
316 313
328 625
240 654
436 738
747 645
256 435
1004 371
358 752
1014 788
197 869
764 852
457 620
596 898
572 986
412 487
267 384
772 464
826 712
1101 187
287 279
502 171
811 732
545 644
454 148
441 612
669 920
605 565
728 575
597 803
1005 498
332 151
444 174
330 724
583 465
388 620
456 674
540 448
779 66
943 515
139 5
670 403
1007 806
679 261
393 473
437 120
753 479
310 364
611 925
795 704
967 734
447 51
246 529
142 624
701 176
398 598
441 866
792 656
335 601
901 415
835 462
586 152
221 520
904 232
414 772
432 793
707 276
246 307
650 508
664 736
933 412
195 910
1067 917
1018 541
283 771
514 327
563 698
421 424
1136 240
1042 556
620 120
209 631
234 100
759 644
831 650
1037 413
813 816
726 777
421 509
1036 775
511 164
844 232
443 699
647 219
578 181
630 359
137 939
362 158
903 694
746 770
680 803
663 844
952 682
512 180
811 312
341 888
1036 612
1017 156
644 402
1082 307
897 656
256 973
412 928
163 220
898 473
391 915
428 475
330 245
836 889
666 91
