273 958
699 518
698 744
940 627
735 153
783 447
987 396
588 198
832 742
1110 305
581 805
555 382
578 429
617 53
509 96
218 802
517 93
412 736
819 650
467 442
635 401
1039 356
291 515
984 864
653 668
530 116
994 642
491 243
271 564
796 930
646 1008
226 652
850 611
297 833
697 348
261 676
833 772
695 851
230 229
452 682
585 768
740 772
1031 552
247 912
956 674
300 209
674 115
220 542
668 269
850 935
1100 655
250 374
698 474
717 257
942 434
256 813
281 607
539 791
543 818
539 368
989 195
1086 467
290 676
342 398
329 718
891 228
620 571
837 219
710 252
949 435
590 357
626 528
320 1016
282 829
916 164
1156 583
765 187
585 558
563 210
731 856
853 815
557 8
202 242
278 752
244 236
244 66
994 907
768 566
1033 470
609 888
1110 715
847 900
290 510
403 632
495 749
252 297
521 700
552 569
750 559
926 385
653 248
1040 357
793 166
1027 964
1037 320
973 375
882 857
810 423
365 507
706 140
357 71
391 417
794 571
271 337
399 517
942 225
737 465
1087 33
625 645
652 895
403 600
618 868
275 442
190 171
733 952
563 380
685 405
691 199
420 256
645 464
697 958
314 376
793 244
788 110
450 974
612 670
675 45
460 918
599 178
334 327
333 298
286 332
312 278
722 902
253 842
351 528
734 889
1059 59
757 782
865 616
286 998
821 917
454 815
1079 95
639 329
353 318
696 345
1075 946
373 885
938 830
1001 613
466 146
443 837
712 113
879 853
310 55
241 79
723 163
911 520
181 911
779 848
733 380
1118 268
946 780
703 819
768 806
845 629
581 753
707 686
1034 344
207 681
263 277
351 455
779 421
936 758
345 178
375 350
191 40
616 326
819 355
637 989
916 942
1018 559
192 148
1080 585
984 483
407 592
271 473
463 785
410 924
367 562
1027 235
644 611
552 696
456 647
897 565
978 902
676 604
410 132
701 735
194 1004
866 728
282 950
306 911
614 579
394 593
604 483
413 467
550 200
489 219
643 754
395 248
741 213
851 238
575 694
958 691
968 152
384 892
685 940
467 761
860 346
143 83
1032 204
330 100
312 654
495 716
200 166
946 926
642 915
847 728
856 430
279 414
971 746
931 414
777 251
763 629
214 70
969 704
396 142
1001 173
623 509
880 652
503 187
878 474
704 653
621 193
588 95
374 200
348 402
760 539
500 843
491 653
129 535
592 733
928 968
1121 361
1019 463
224 429
221 168
456 551
326 836
287 748
745 339
679 643
645 363
1046 89
382 132
302 422
758 877
967 604
150 507
468 141
548 389
318 106
656 890
699 921
225 56
973 899
273 654
1013 592
979 209
597 730
885 469
504 934
462 389
526 533
591 169
677 515
942 174
801 792
650 222
615 733
530 140
733 385
802 271
912 364
607 905
408 741
345 547
479 744
335 146
373 385
947 496
301 874
855 466
785 142
954 675
324 592
419 317
572 462
813 660
778 190
1023 1022
1012 62
1012 966
983 324
834 727
740 200
172 97
876 441
949 417
687 825
415 610
923 960
499 709
258 674
644 379
1036 707
1077 861
789 413
186 451
992 716
977 920
987 443
396 72
452 829
937 572
1110 748
854 940
875 314
811 576
782 678
735 835
645 449
707 333
428 880
130 757
629 380
528 178
780 388
985 704
290 900
176 749
498 438
677 209
355 839
546 152
869 884
829 769
993 489
933 694
699 646
387 844
482 586
426 275
346 950
493 522
1129 958
618 837
260 158
380 343
1060 743
707 424
498 145
683 821
329 667
982 790
746 396
284 557
394 604
548 154
444 154
510 628
373 132
355 593
777 184
958 397
512 416
483 443
530 756
574 510
1101 948
766 498
767 856
793 291
1062 155
842 732
469 1020
819 296
605 385
772 488
698 691
431 96
240 215
679 737
850 117
243 824
910 613
733 678
922 1028
593 50
345 346
880 813
937 109
950 921
917 572
817 549
611 97
495 859
789 530
927 396
536 666
702 446
1059 34
1077 541
560 339
394 442
600 827
816 239
952 303
525 544
911 360
967 411
1132 173
574 133
934 444
263 184
591 897
1116 675
258 743
334 167
871 365
526 507
952 513
964 136
349 402
600 764
439 913
304 169
341 380
607 297
1070 177
381 803
339 233
814 202
690 606
695 229
987 800
312 -27
442 408
770 676
630 765
713 590
386 652
907 773
854 299
903 200
477 46
432 874
816 512
465 472
295 856
753 637
710 306
523 126
424 696
316 99
590 839
938 778
419 877
459 635
687 394
494 118
489 87
674 861
797 584
1150 105
400 468
639 794
438 100
867 742
889 127
868 617
169 657
681 935
243 664
996 840
751 320
174 418
468 741
897 582
1020 892
489 508
171 69
919 149
909 555
897 672
383 564
1014 181
266 593
327 352
222 145
725 840
506 65
383 69
627 313
403 528
591 346
1009 78
729 924
651 328
818 525
703 746
541 642
984 897
579 758
576 246
948 674
604 209
464 484
599 671
317 261
577 786
823 433
525 427
371 756
688 232
891 336
896 204
893 867
826 782
1020 257
549 124
464 221
451 368
569 922
177 828
857 622
345 357
928 865
431 1002
328 345
562 86
905 223
497 856
857 319
1077 721
779 534
677 866
731 431
669 544
381 698
876 779
829 945
421 466
462 629
277 106
298 273
1012 883
644 49
607 738
576 481
349 302
593 531
710 308
421 515
314 594
885 359
367 902
285 444
834 213
432 711
957 605
854 873
440 423
446 776
304 296
711 253
769 635
803 249
779 423
438 697
361 642
504 193
441 492
581 360
751 345
813 574
515 624
843 125
592 379
553 558
989 847
341 818
969 494
261 332
687 877
260 272
275 624
396 586
413 912
203 816
287 731
961 191
402 968
811 214
311 81
956 127
473 372
641 580
632 331
711 837
696 227
358 117
918 652
440 279
354 566
252 424
616 678
327 856
511 825
891 334
354 591
693 337
393 221
278 154
688 219
404 893
418 126
304 845
711 622
432 844
772 535
965 603
730 675
309 668
782 710
768 139
529 705
1079 422
794 945
327 851
992 181
612 758
953 76
1008 369
1051 499
482 891
211 464
481 341
765 569
625 611
1130 553
556 922
283 520
388 925
501 925
472 373
566 450
348 331
926 835
730 604
1116 894
314 998
487 836
674 244
609 771
852 192
217 472
342 862
861 385
791 285
876 128
535 296
365 647
243 272
679 621
191 451
599 228
406 120
476 898
673 235
835 53
726 164
386 580
1025 618
710 717
452 267
892 227
828 575
270 661
1030 125
235 470
200 905
333 245
873 680
514 801
547 200
1081 329
457 658
772 350
554 703
817 680
794 822
814 375
377 164
883 523
462 855
938 792
342 227
632 473
847 419
478 330
494 654
621 737
951 793
1093 313
740 348
458 872
811 586
1055 581
493 332
417 909
941 783
836 665
402 679
536 653
736 197
1037 534
451 113
629 500
1007 808
295 426
452 658
886 466
917 786
270 187
661 200
1012 7
943 215
570 127
362 819
995 501
906 493
509 718
1020 790
402 145
662 971
822 306
334 862
382 889
1057 403
724 1022
728 240
289 348
369 760
481 193
396 503
554 447
561 404
983 352
1021 852
371 77
948 212
880 507
341 278
579 614
745 217
629 461
435 789
773 899
472 594
851 897
533 487
623 64
890 203
218 138
680 752
296 756
495 117
1073 821
178 925
616 648
290 196
869 837
988 395
809 510
186 813
625 306
354 569
861 607
397 294
439 523
933 580
538 571
837 598
917 905
894 569
744 182
1048 561
984 246
652 53
1118 974
416 802
486 661
634 549
1076 92
759 162
805 703
294 647
727 286
458 977
346 398
638 125
365 205
280 121
194 516
137 404
930 892
701 410
819 97
285 714
407 361
705 682
178 13
861 803
350 305
1007 303
406 654
1049 608
712 598
439 558
998 786
831 929
470 917
634 657
793 858
385 683
745 193
809 735
1093 976
1011 32
252 498
218 572
768 753
445 183
849 384
792 105
895 747
1011 345
316 637
945 546
896 978
839 737
810 774
557 771
519 147
432 959
313 531
508 208
704 626
900 631
1105 344
553 774
203 485
672 249
539 473
565 884
305 790
315 435
229 462
1043 970
773 904
975 353
255 32
548 333
801 1000
246 793
349 699
1005 956
613 216
657 754
749 433
578 730
658 207
625 497
1013 326
620 67
985 807
453 577
423 420
1033 610
876 501
1040 986
731 829
1027 630
456 626
388 152
781 518
256 338
683 692
843 126
765 359
417 932
894 78
300 730
1095 743
352 619
951 228
933 579
1024 1028
601 611
850 260
358 554
600 299
766 998
937 829
731 655
434 367
244 927
257 650
1088 942
262 525
757 370
178 606
503 703
290 570
386 643
535 879
921 568
928 243
585 369
778 822
908 666
263 629
971 116
690 190
1027 258
688 184
689 753
772 349
1023 526
957 895
918 19
285 602
979 856
343 545
457 515
972 489
741 43
1051 790
863 834
489 843
763 366
804 691
604 275
337 682
621 412
318 804
426 645
689 672
1037 759
479 165
934 697
157 348
272 298
1060 839
350 736
182 340
645 329
677 397
220 735
1012 520
466 43
670 633
922 481
448 141
1044 509
488 616
826 920
