1146 866
991 790
373 640
507 501
313 292
382 702
537 175
239 902
753 785
1082 433
351 655
266 166
429 188
833 724
818 243
931 775
914 897
854 667
1002 85
953 245
587 765
896 739
482 948
476 669
285 326
760 446
199 629
444 331
357 218
904 796
559 74
828 615
660 459
522 310
400 777
936 81
1064 653
596 397
462 242
588 318
1024 715
723 490
711 813
631 825
844 191
768 585
581 809
758 873
354 697
642 812
901 341
695 837
538 194
801 140
911 672
413 563
916 475
337 842
1019 492
414 416
959 807
565 288
156 585
613 472
414 120
1041 983
919 443
383 386
445 771
314 929
322 240
382 1019
831 381
773 235
625 393
298 709
756 471
253 304
956 535
330 906
988 899
927 246
1085 146
359 38
468 658
1115 641
863 199
983 711
859 976
220 622
873 812
536 589
578 537
857 131
398 861
280 719
1017 825
565 131
127 378
823 523
632 896
250 659
151 781
936 864
910 488
525 692
885 352
220 862
353 449
637 352
1113 323
921 677
956 688
872 269
573 843
655 517
360 564
826 36
135 236
913 266
516 205
797 519
569 133
785 239
887 392
899 337
435 150
846 567
508 742
901 933
856 796
736 508
268 181
762 541
802 62
514 171
640 463
240 548
333 808
485 139
1088 460
751 435
560 796
831 677
318 349
293 118
413 135
871 357
808 851
460 245
396 644
931 582
611 540
670 105
1030 49
658 104
377 673
673 129
218 832
416 276
404 178
696 627
857 503
605 395
1081 381
763 846
334 474
493 100
367 878
375 343
780 604
442 592
1041 728
446 1014
522 693
946 818
345 184
678 291
372 122
392 651
1010 826
573 913
769 753
1026 431
133 341
247 474
790 455
1035 615
580 622
829 604
851 366
377 200
723 223
378 238
392 370
647 729
870 838
397 883
516 536
329 382
372 228
599 895
775 313
367 228
849 502
560 674
857 750
935 984
1037 474
740 686
1008 372
862 162
867 410
575 361
601 604
408 557
571 398
885 894
392 276
339 508
652 127
986 298
695 351
355 703
299 498
870 221
170 1000
581 965
360 350
189 388
192 726
316 130
1093 639
368 227
452 564
697 596
612 191
377 630
669 837
1095 454
743 398
869 125
466 465
960 587
410 721
152 841
307 710
900 645
1115 940
458 112
690 327
336 130
273 56
461 285
353 941
583 768
756 915
918 185
159 569
291 233
732 894
518 953
581 345
570 61
542 796
993 239
715 406
243 307
324 699
977 437
594 610
837 399
389 155
608 159
368 705
461 588
988 52
226 374
755 486
381 461
1041 857
1088 811
697 949
869 522
859 551
884 748
172 732
576 24
443 30
540 328
756 181
210 922
506 595
293 739
285 690
1096 164
387 197
695 381
1075 199
422 645
905 167
989 801
844 98
294 788
556 236
427 185
833 330
303 793
460 833
459 1001
910 265
430 494
824 518
598 472
990 944
614 445
925 629
376 803
759 415
1055 623
874 473
316 547
732 674
698 89
751 936
1137 271
666 66
884 813
415 114
903 592
967 889
594 421
582 218
558 748
839 687
272 413
325 838
604 716
744 211
250 851
867 687
302 429
212 334
1114 185
859 834
806 665
184 404
630 389
738 431
396 625
884 267
305 854
700 583
181 442
514 844
997 318
1033 80
803 616
554 838
806 104
766 324
394 318
976 520
1018 422
484 208
869 156
344 167
931 181
603 641
219 569
569 280
954 517
602 851
1147 648
773 325
306 844
303 356
731 581
1006 156
1033 630
606 457
361 675
639 422
585 132
291 369
254 361
931 26
152 656
816 726
803 955
739 543
763 657
598 612
927 679
999 518
1137 758
998 701
749 699
1045 259
790 247
571 748
256 776
533 861
799 644
309 650
587 880
788 358
820 686
863 146
1098 474
616 478
709 240
600 238
633 238
885 340
362 691
644 227
294 113
659 339
463 925
874 670
621 919
489 444
494 339
185 947
695 582
507 612
1022 486
407 741
263 258
946 569
261 491
678 134
323 518
501 106
567 874
287 479
742 218
943 122
471 292
552 588
708 272
418 302
1102 347
734 200
1050 380
741 440
489 576
1010 143
1010 612
296 420
999 839
343 599
251 363
742 793
844 135
706 736
941 743
804 888
184 185
665 916
325 637
317 29
683 733
738 545
380 775
226 149
330 725
739 884
951 145
245 565
895 464
1118 685
822 155
222 987
248 474
1017 255
540 722
591 504
812 824
835 902
939 377
959 324
666 478
845 807
1024 843
902 93
729 971
639 137
978 108
535 159
827 505
944 701
358 778
842 434
328 840
693 253
902 376
597 964
773 291
252 555
1039 922
497 765
544 585
258 308
988 218
466 746
260 467
640 142
638 682
1041 158
307 177
254 172
290 528
622 792
303 782
630 557
676 937
908 181
289 761
1048 435
784 332
753 360
443 325
1037 83
828 168
995 469
777 400
499 274
776 190
901 530
1070 625
890 420
942 670
1037 281
599 896
1084 132
741 416
676 621
228 502
261 265
413 116
1014 308
609 441
1103 802
132 576
963 182
469 489
676 176
409 536
640 865
440 938
795 747
422 983
838 408
409 64
227 347
232 779
1063 381
1031 294
341 547
230 395
341 720
655 613
1031 647
355 225
232 642
686 790
575 459
415 226
681 796
350 157
1006 536
601 454
778 750
1064 487
866 317
841 860
939 422
615 427
700 597
1003 127
487 436
519 850
657 770
578 777
679 688
998 455
895 431
375 557
935 671
929 267
625 286
843 431
912 382
617 624
415 874
268 746
1029 870
286 522
905 619
451 706
468 212
441 716
409 799
551 476
679 323
403 273
983 313
315 313
958 803
317 174
613 473
1026 284
830 627
565 338
353 229
1077 54
259 348
378 747
390 889
1033 249
290 854
799 73
937 743
616 247
997 793
607 565
445 112
897 322
356 299
384 533
681 617
841 349
558 600
853 621
375 869
407 129
821 120
305 131
949 616
246 776
600 815
941 192
355 629
689 279
869 273
247 725
810 496
235 707
231 380
711 118
646 331
881 509
670 767
519 360
460 677
419 333
307 916
659 860
903 211
368 295
519 823
988 379
1052 866
1032 662
465 771
374 628
857 915
976 559
749 142
463 844
872 494
347 163
526 126
412 412
569 891
917 872
586 512
850 17
819 817
360 692
177 214
973 765
629 855
1040 465
210 835
521 798
629 595
603 573
270 116
511 507
605 555
198 502
305 521
717 432
1075 613
624 487
138 580
1042 529
649 124
914 823
536 897
330 888
778 178
910 733
383 204
786 618
1017 753
354 816
500 214
450 292
692 119
949 536
293 558
703 200
226 328
585 318
263 743
708 535
194 500
282 247
309 804
916 542
960 764
969 385
792 590
1039 85
208 818
589 1012
927 399
442 581
865 241
170 826
957 603
676 343
1031 873
676 641
787 906
570 719
630 480
485 351
342 923
722 176
496 796
254 474
683 286
495 81
620 70
241 958
457 555
300 769
185 840
191 410
320 327
439 863
575 650
440 138
274 368
523 401
739 234
424 591
966 839
509 584
217 940
558 694
516 361
286 317
469 144
592 231
531 614
898 247
279 526
253 460
858 751
498 66
243 735
156 813
550 577
468 434
304 819
358 585
593 864
653 836
952 249
917 1001
464 480
952 601
654 90
945 449
208 894
533 519
869 631
913 476
1003 686
277 577
523 353
675 888
196 931
308 818
855 745
683 520
330 378
513 894
1033 503
458 315
249 632
403 55
535 786
965 70
407 265
362 569
855 32
878 873
870 272
955 834
416 543
140 261
299 220
270 553
592 345
419 788
613 1016
602 238
626 744
340 188
457 914
700 746
366 941
293 290
987 328
357 179
431 664
465 301
893 110
690 248
992 130
760 486
923 504
736 238
810 393
970 767
544 718
881 944
417 259
453 261
1053 631
375 464
1030 463
391 799
322 323
177 632
907 662
524 166
452 300
329 172
318 855
361 733
400 764
1035 900
421 514
327 900
473 839
479 471
587 785
585 843
434 985
772 350
651 119
486 397
374 420
263 388
752 189
474 122
851 440
865 101
690 717
848 351
1009 747
165 971
569 600
807 519
1042 616
667 639
1021 344
906 826
694 962
899 804
750 760
578 938
934 661
676 709
913 541
1039 745
476 841
263 645
997 840
799 970
891 205
965 724
165 20
306 395
345 257
532 579
411 536
308 446
266 233
1009 341
975 1026
421 93
627 304
481 787
848 539
542 988
996 840
727 833
845 94
1063 592
984 341
1030 73
491 256
872 283
535 560
862 523
968 291
1016 243
771 386
965 584
500 771
459 253
1059 669
802 407
559 686
996 396
214 786
351 686
963 596
961 811
814 218
631 638
994 653
782 740
439 594
726 850
684 105
944 711
1047 380
266 147
874 140
918 719
301 348
830 844
713 432
601 831
424 499
508 344
576 558
873 492
386 602
296 709
1050 219
527 273
539 645
186 741
123 639
438 399
894 848
916 215
812 679
662 229
598 99
1016 244
304 803
759 352
690 517
754 734
772 842
751 431
259 444
280 804
289 144
905 510
757 708
818 893
1083 374
945 822
919 151
828 468
838 518
429 342
374 820
375 763
467 507
495 611
874 683
435 275
1070 905
454 282
432 920
966 416
