1081 204
1007 119
988 913
747 876
494 561
638 546
776 295
353 428
1003 298
618 185
706 112
758 601
694 436
255 365
593 530
841 553
664 490
152 249
767 256
375 880
589 948
574 475
515 525
527 487
239 34
861 172
698 632
346 915
633 160
710 732
865 807
908 231
1076 320
382 440
756 354
816 659
928 403
561 806
778 295
874 720
182 732
372 484
688 350
384 279
362 773
297 118
387 574
539 335
908 130
1044 511
287 280
310 525
374 419
927 856
392 218
694 696
617 446
707 91
554 306
335 529
320 310
720 171
1017 616
935 79
798 165
619 1024
171 969
525 297
884 412
263 911
842 732
1036 968
234 809
1027 377
1097 590
371 517
345 750
851 406
581 662
1180 92
629 510
838 344
291 1037
1026 789
842 819
482 962
522 670
746 703
1102 473
641 430
1026 786
228 294
485 266
1029 454
634 182
437 226
1082 988
1132 442
292 852
469 159
400 210
1046 493
1081 709
311 545
674 848
407 63
261 62
500 363
279 348
657 408
702 807
369 667
972 145
781 405
411 293
270 446
137 850
940 548
706 348
462 737
679 653
390 803
625 632
305 369
269 579
816 681
876 856
508 943
604 896
906 476
1089 422
708 528
822 891
202 64
356 209
840 398
946 237
603 689
294 899
620 110
433 429
398 234
471 564
215 432
228 138
479 895
264 286
970 917
1044 122
410 450
1089 676
863 414
932 201
242 253
940 547
1052 421
261 906
296 400
434 934
948 477
311 612
817 974
710 533
926 344
361 656
203 907
383 134
774 191
727 -13
167 502
193 657
288 218
156 682
876 682
1083 248
581 422
278 273
264 527
576 371
526 888
221 976
585 702
531 258
881 119
695 209
815 111
1132 432
937 99
488 389
806 177
739 274
694 453
969 856
654 38
1004 167
408 768
1053 82
605 175
758 304
668 318
685 446
921 253
694 605
637 239
681 760
366 842
288 530
502 832
745 233
818 721
726 136
824 847
590 0
265 490
448 311
823 267
462 592
227 386
397 509
882 877
888 670
329 113
628 370
426 542
588 522
702 45
604 762
798 511
797 691
879 652
324 214
1154 397
332 160
437 340
582 53
474 767
897 375
827 475
1047 135
290 858
596 696
700 629
983 480
1040 895
765 271
824 545
764 341
249 579
1069 656
889 283
909 658
892 309
121 471
346 894
329 907
214 337
1001 499
588 677
543 846
340 625
451 408
883 798
983 592
875 657
866 266
800 491
360 471
391 71
643 85
939 695
838 942
677 744
708 160
435 678
237 302
653 447
534 85
656 957
495 780
727 190
827 892
720 549
247 841
288 703
391 413
359 468
468 397
898 290
600 113
545 789
1021 419
423 720
1084 487
478 580
808 661
799 228
222 880
893 485
1038 153
863 807
1022 181
880 799
843 635
687 868
753 883
745 398
310 211
838 129
253 752
410 436
1011 532
512 817
955 247
534 985
585 804
573 437
629 832
481 164
831 466
515 326
829 554
408 158
430 606
644 192
566 792
676 815
679 874
998 811
385 47
787 405
880 858
755 826
846 40
334 793
915 725
775 353
556 298
687 613
1009 285
433 770
841 816
1000 914
1046 657
504 264
847 284
1076 941
257 527
829 427
843 851
973 890
872 965
176 59
406 901
716 616
1001 478
506 702
253 481
880 654
770 671
597 670
882 788
205 61
625 341
852 663
744 810
788 680
789 343
1021 548
1037 527
1075 879
801 579
253 27
785 785
985 115
820 697
283 463
919 134
575 1008
989 181
976 509
897 500
1086 850
826 564
647 622
977 26
567 575
938 686
388 234
958 738
1049 191
769 956
790 570
180 843
441 850
538 198
696 148
467 544
267 167
775 375
502 637
589 900
699 938
691 327
447 473
614 914
435 508
884 627
391 230
548 833
630 389
246 171
509 278
692 403
781 777
877 505
252 425
751 946
259 941
915 280
423 1025
333 330
453 668
981 399
1067 952
516 755
335 751
621 335
1005 625
490 593
347 269
419 192
403 696
304 838
935 663
968 879
558 866
364 140
212 302
586 572
260 831
836 571
685 582
159 444
665 84
422 499
1075 300
1090 379
714 778
208 882
581 521
521 715
365 495
700 914
593 701
292 745
519 307
533 757
550 634
452 531
439 58
165 629
549 490
357 833
281 155
679 269
669 483
409 521
811 1032
285 1003
669 341
317 256
917 174
583 485
205 371
567 806
580 909
727 -7
343 570
790 551
736 904
516 597
339 437
213 641
656 862
415 742
549 828
763 836
494 630
456 447
883 563
831 307
434 469
670 206
1126 454
727 355
1155 6
816 508
483 212
465 888
1078 607
289 262
795 776
477 750
267 918
1003 726
926 733
453 333
1025 447
405 342
821 413
1058 439
778 378
1066 115
339 209
888 591
1040 235
814 494
712 228
257 35
527 373
665 134
462 259
885 441
618 282
626 988
893 599
443 882
285 308
919 181
478 77
664 201
735 224
353 618
987 574
728 221
493 749
821 229
628 224
392 416
269 87
828 231
338 390
326 710
702 188
852 845
318 258
904 966
894 203
575 387
662 457
558 113
848 106
327 158
1037 847
786 472
1039 442
546 136
686 535
837 232
605 841
872 550
1095 183
1056 308
847 330
934 688
407 831
460 889
346 229
1164 310
1123 984
497 937
482 483
843 78
907 433
914 876
366 286
757 365
757 82
521 667
314 546
634 416
999 182
411 216
208 226
615 819
482 911
477 353
956 906
908 737
627 837
648 770
922 705
954 513
292 96
585 370
555 883
708 475
587 200
153 810
366 309
420 978
645 337
283 731
421 620
580 801
878 747
872 277
1009 937
643 757
778 688
711 878
696 300
849 781
521 499
1004 371
1056 655
292 902
405 869
475 170
680 307
700 55
247 159
1008 918
196 121
1005 95
256 782
493 544
433 625
204 887
496 919
992 667
891 244
341 527
274 450
1011 649
613 241
678 277
798 468
548 178
863 667
812 891
237 259
198 285
135 277
839 568
739 861
519 500
474 516
802 718
796 174
354 328
139 475
1004 463
377 92
229 488
1129 515
757 657
348 179
507 651
881 273
858 653
367 187
884 547
286 424
933 180
700 176
518 313
574 828
726 601
849 733
252 382
879 953
301 620
257 739
811 304
709 629
440 957
1090 458
669 314
255 792
935 671
477 594
891 333
968 925
263 112
466 913
453 322
558 443
690 113
392 791
726 405
432 271
520 182
361 147
1111 156
291 485
865 388
391 798
980 316
769 284
490 160
961 898
277 838
658 500
693 134
781 773
216 718
482 738
790 573
859 456
427 126
1068 127
784 902
893 262
998 256
513 510
332 434
286 675
214 126
458 668
324 903
415 903
782 596
1078 220
903 889
909 399
485 159
868 134
953 144
471 440
1029 844
469 485
625 727
444 142
613 910
607 218
646 131
994 664
311 109
579 758
722 264
631 647
853 908
820 789
212 479
255 271
711 814
608 868
864 782
171 542
1074 450
510 395
142 234
314 234
948 897
1118 260
493 611
713 290
313 250
446 696
805 217
883 358
648 906
1019 317
400 143
499 337
735 779
1062 872
821 255
891 658
1112 972
235 939
332 1002
737 696
927 762
295 427
754 474
604 221
595 60
861 173
756 834
294 516
799 798
1075 823
603 844
893 308
493 217
1013 501
689 38
435 810
634 316
461 299
982 358
447 784
214 1041
530 1014
689 763
349 448
1019 576
1062 431
974 497
343 233
701 427
463 623
750 358
766 219
547 643
857 328
722 883
1017 839
402 504
996 539
365 254
337 911
549 254
868 579
908 389
435 660
977 450
298 627
1071 297
697 792
236 588
391 366
1033 500
616 205
873 29
1072 630
274 137
212 177
862 249
130 371
742 747
806 827
307 666
301 89
691 250
506 107
190 793
647 558
756 108
764 682
784 382
597 151
838 89
608 698
1163 64
899 309
953 275
321 254
463 188
660 540
208 472
137 780
1018 154
434 227
247 877
735 731
729 651
327 517
702 322
320 9
540 231
779 236
641 384
1010 172
416 765
234 372
392 370
891 103
764 712
515 277
197 254
950 619
992 885
430 422
952 720
792 477
627 547
817 442
552 58
624 588
1091 241
662 157
316 479
992 848
329 941
453 178
594 683
258 756
1044 399
564 664
252 632
688 204
428 66
604 375
477 89
189 145
1002 301
718 503
342 855
700 565
846 746
563 709
680 688
980 218
498 783
342 651
951 326
511 103
1057 298
274 149
692 141
788 94
1048 801
201 896
585 828
213 143
248 256
310 784
868 184
993 885
994 243
713 388
287 269
720 205
265 846
911 656
307 914
359 112
463 85
231 148
370 569
937 812
990 874
273 449
762 462
1042 464
1124 20
351 257
936 987
781 865
489 223
487 277
970 680
601 403
1139 626
243 712
619 298
1015 789
758 829
971 889
571 902
260 44
1036 730
382 399
162 605
468 588
884 504
716 389
853 531
879 541
449 675
696 900
1141 411
603 755
233 916
462 989
282 487
999 528
513 206
860 224
425 437
987 404
465 521
894 100
1141 265
298 168
489 243
272 154
335 678
648 785
805 703
1039 676
238 497
1069 322
820 527
742 243
642 386
353 748
1135 766
951 984
772 373
699 632
794 231
564 521
951 264
998 946
449 156
767 630
