953 500
240 364
551 328
788 918
571 116
257 395
987 279
1070 636
779 629
894 -21
953 222
797 424
429 160
968 847
1034 129
426 584
859 352
382 882
926 861
437 280
964 497
632 501
1041 307
187 531
598 494
356 150
306 449
347 783
639 546
277 327
288 195
1096 39
935 3
489 603
681 258
302 501
1052 729
273 90
340 189
609 185
427 387
598 291
660 890
376 797
977 489
473 136
1083 957
263 384
1043 785
872 577
475 882
702 899
887 505
732 497
1033 83
291 521
221 268
229 146
211 329
714 555
818 942
785 804
688 867
689 206
296 858
545 829
410 738
744 573
1062 186
525 201
297 499
413 449
307 623
291 185
427 493
494 506
661 659
409 177
1104 236
981 696
892 822
268 625
556 856
436 634
1033 264
545 285
318 672
1008 578
675 503
196 772
341 234
368 451
393 921
974 894
595 310
295 163
885 377
747 657
1147 235
835 129
651 805
880 139
445 267
595 591
306 316
892 892
1006 336
605 689
649 600
826 867
820 980
323 922
1051 581
877 106
393 313
268 501
558 577
447 416
282 92
188 946
253 718
677 268
715 574
1030 192
302 818
958 924
445 446
596 540
984 99
188 83
339 144
670 817
1063 552
704 578
400 337
818 857
607 714
282 309
866 255
617 699
273 651
755 663
207 785
796 791
758 768
1120 995
995 904
938 180
1033 279
632 107
246 134
938 965
261 625
759 159
215 356
444 503
567 782
730 735
260 876
815 253
787 166
471 493
620 857
589 206
425 815
816 250
467 320
711 814
233 304
971 561
555 497
570 131
406 425
867 400
436 112
790 200
1057 574
435 611
597 181
404 854
306 204
506 659
783 734
763 635
265 702
412 150
840 846
1015 550
872 385
753 520
477 334
187 80
895 386
603 291
662 513
991 666
402 298
565 351
499 803
220 798
876 741
362 404
762 470
689 159
460 899
564 434
793 659
812 277
275 513
257 936
653 980
359 776
450 627
1049 893
438 835
804 593
401 632
661 378
1068 682
657 264
504 198
303 889
535 536
422 352
636 582
321 420
905 933
799 668
747 412
985 369
989 346
544 34
393 457
953 755
713 837
551 283
841 927
778 667
744 715
461 148
803 616
175 239
426 210
445 746
187 342
795 571
936 791
474 880
497 709
452 717
350 4
360 362
791 875
1019 565
491 493
627 816
682 483
954 417
800 756
941 114
252 741
1052 213
381 684
591 127
262 776
282 895
823 330
781 408
995 231
747 580
873 758
460 463
406 511
499 123
685 292
218 242
263 884
1026 524
476 638
543 287
306 440
840 579
1119 151
537 906
456 848
993 748
798 595
869 93
360 616
700 578
841 867
326 932
692 785
950 326
271 215
1135 627
1042 257
354 272
678 178
457 920
768 375
352 243
331 921
1034 306
841 773
333 108
282 218
818 408
402 373
616 923
939 539
769 90
792 975
320 435
348 758
377 950
883 662
190 656
1046 715
770 669
789 1021
195 362
560 200
842 373
353 132
417 276
852 718
758 542
727 164
963 252
1035 567
373 571
324 751
1117 492
317 724
486 183
867 1006
1021 389
529 522
427 826
902 57
375 830
1068 192
717 358
1025 184
925 724
921 520
942 362
779 864
779 669
603 162
594 512
764 785
569 751
442 426
779 364
659 88
444 633
951 145
907 239
847 196
750 819
405 18
349 462
401 532
776 358
985 812
854 760
323 122
902 515
617 552
696 714
471 157
810 718
224 399
545 144
1009 192
377 944
1040 768
709 97
620 460
542 944
404 920
624 553
406 441
1119 683
249 864
568 705
1128 205
277 583
888 962
986 567
704 774
963 600
935 106
417 340
608 117
307 438
1029 860
352 614
843 321
980 903
516 663
367 857
189 525
972 880
777 449
786 1003
711 949
242 486
668 950
925 537
691 172
243 665
524 566
589 248
661 854
583 526
1001 234
448 376
465 723
928 496
537 257
599 911
1063 332
509 477
453 665
392 315
370 740
559 506
866 215
713 195
961 521
1015 283
339 750
694 454
798 646
874 911
236 586
915 773
581 385
841 697
779 383
962 298
326 835
901 715
310 376
462 924
296 924
429 386
579 259
246 660
367 395
592 620
279 532
377 610
489 373
593 839
494 657
567 556
638 21
791 77
498 842
562 380
981 593
454 851
314 1
1065 289
688 581
326 966
534 665
884 434
695 255
729 158
536 733
708 518
545 853
903 584
351 773
933 154
603 715
594 129
821 868
883 67
612 922
239 368
885 311
487 491
681 75
1064 566
670 905
607 265
698 742
796 673
910 540
657 405
726 954
226 867
1128 136
576 26
554 475
659 289
1117 691
479 608
414 555
1077 906
767 685
617 195
451 81
562 570
958 189
466 733
1022 459
706 186
324 197
332 572
286 486
126 478
865 469
774 879
462 816
847 870
1009 939
362 490
725 134
810 331
273 903
528 287
949 460
1020 186
434 338
683 869
253 365
270 304
427 768
881 620
195 823
254 425
544 829
213 964
576 483
609 944
1053 211
1040 243
777 106
1083 217
795 242
558 707
573 863
557 309
572 839
909 507
1033 490
361 993
760 654
558 186
725 680
326 690
184 185
856 778
187 503
500 674
342 726
553 822
1112 572
445 519
691 266
722 714
341 532
491 832
514 635
629 490
370 969
951 507
988 606
981 835
574 354
467 245
763 726
500 707
450 680
535 933
607 534
793 647
165 786
1030 416
915 865
471 400
714 870
367 547
1045 837
869 272
297 479
365 70
790 814
540 276
453 614
293 824
803 322
926 205
331 577
837 893
221 701
216 217
597 312
373 355
652 1000
483 584
715 366
521 791
956 436
582 393
931 635
1051 736
420 944
637 571
161 631
361 164
498 767
353 243
367 307
634 202
1027 114
230 572
888 703
562 793
969 340
602 525
643 1004
549 405
722 498
340 106
668 413
348 438
812 666
719 207
931 404
682 430
527 374
445 890
723 222
310 352
249 741
524 284
527 285
916 708
1104 663
931 832
973 326
951 476
259 246
878 757
347 381
1030 83
1080 850
249 494
871 502
949 807
916 124
954 364
1032 77
432 329
484 731
972 563
676 601
671 275
1053 920
239 632
855 428
642 113
708 716
486 566
571 595
541 118
163 602
446 399
644 226
420 771
934 371
327 510
558 530
636 342
695 480
475 243
887 876
1047 423
292 311
670 271
291 132
372 560
271 358
265 380
843 644
812 266
737 827
358 464
228 823
704 200
457 89
1133 894
1153 553
488 873
681 447
1171 121
541 864
614 225
689 459
1032 684
868 392
220 380
690 103
1036 829
283 720
341 389
495 407
259 460
725 277
371 655
875 280
953 193
607 672
650 270
424 342
963 709
733 202
941 132
501 996
832 47
609 812
932 866
437 512
651 550
718 901
337 235
680 610
1050 346
641 922
952 622
350 488
990 538
776 711
793 688
241 558
458 784
279 405
370 127
675 505
626 321
591 537
492 856
782 88
659 830
768 911
340 223
944 405
621 651
976 299
365 171
1151 516
540 139
280 943
979 489
597 252
272 668
378 381
726 150
979 965
751 254
597 797
172 800
174 161
267 270
651 337
849 434
855 449
664 636
1064 348
972 732
311 600
803 461
775 644
770 821
172 421
639 134
337 813
408 535
304 428
360 126
1110 906
1118 76
709 790
569 795
1072 117
462 625
692 808
305 857
1033 320
332 662
764 75
869 267
471 96
404 208
508 555
1032 166
858 502
897 610
812 163
1108 40
693 549
730 899
706 432
243 327
525 176
662 258
250 660
731 684
897 740
994 157
581 129
288 439
633 823
515 750
780 295
529 568
525 85
442 754
133 137
320 615
289 845
846 394
790 763
1054 915
693 761
359 409
1126 925
1111 493
1013 130
306 715
984 323
583 847
678 736
894 170
621 287
563 801
400 207
695 898
834 439
1075 370
754 645
344 782
255 927
1044 309
326 364
154 547
656 615
379 455
314 43
446 194
619 259
256 463
508 506
630 417
969 413
535 476
664 611
395 314
602 836
597 465
300 341
343 423
481 269
505 137
586 177
1028 793
351 832
354 262
256 278
675 199
542 917
331 928
1037 71
1013 847
817 739
423 803
1053 863
161 987
240 376
997 250
252 525
266 111
969 839
269 149
868 85
649 879
685 781
537 591
696 380
573 844
307 191
200 1
465 525
803 416
1047 872
222 302
810 458
1014 506
841 198
809 319
537 728
534 662
463 329
813 252
420 902
402 208
403 848
820 959
361 624
327 612
813 429
301 271
452 447
912 980
998 798
540 934
1098 -11
604 913
1055 875
859 371
950 368
288 817
858 488
912 623
1031 318
622 317
246 77
962 161
299 791
452 37
889 669
741 478
744 982
614 64
436 518
544 723
1017 596
505 193
1069 826
856 932
981 313
994 397
511 34
759 824
972 594
363 397
707 112
457 271
586 919
190 329
667 263
392 856
999 832
1060 769
1071 96
660 629
823 578
301 339
1014 1020
211 972
731 146
230 738
698 124
170 572
840 807
262 215
388 835
414 911
365 815
347 710
317 83
833 178
621 554
548 491
341 439
856 84
806 970
153 136
378 810
426 772
682 171
263 815
421 272
930 788
605 899
761 144
954 123
732 663
653 511
577 788
1089 805
673 947
