884 792
337 786
360 505
775 258
1059 1002
430 626
310 179
316 843
951 513
781 693
843 899
624 354
521 115
962 493
486 204
211 851
756 529
1082 496
632 463
458 827
984 563
971 795
379 718
934 784
475 857
265 325
322 448
360 143
1101 615
1082 650
942 904
529 403
425 710
278 523
831 898
574 495
521 214
893 444
575 630
241 799
276 394
619 917
340 780
873 595
863 291
213 862
241 691
290 608
806 395
974 492
933 190
885 453
968 178
502 250
852 484
544 120
813 805
250 423
320 772
1100 959
914 236
257 713
499 801
727 387
542 534
473 161
1006 470
740 761
887 624
1061 764
937 64
1042 637
1015 534
714 768
743 343
654 257
156 211
695 157
1096 905
626 333
601 433
563 632
1111 254
426 156
799 522
748 447
767 770
594 585
993 761
219 574
858 119
1082 416
583 458
888 330
817 842
723 990
433 113
942 504
961 494
982 690
1017 630
720 460
385 873
993 865
306 398
1000 679
824 589
1045 588
1154 850
507 410
756 106
411 609
305 45
304 454
744 253
318 691
975 610
632 721
469 65
949 172
317 208
167 518
1062 324
399 818
1015 196
865 369
234 950
347 374
573 787
713 200
398 647
949 249
716 278
542 12
814 820
833 268
759 872
661 635
541 189
504 106
564 368
548 848
978 781
603 246
534 790
754 880
239 152
740 493
961 366
133 389
444 140
1054 972
813 337
408 888
771 500
619 682
482 434
481 896
1063 889
415 102
651 722
747 352
885 585
498 619
535 251
805 380
289 593
614 584
393 800
316 759
763 820
211 704
603 670
781 158
206 41
685 816
797 434
839 625
390 445
906 166
205 910
517 815
879 489
1068 525
573 200
1100 69
157 446
954 913
927 836
766 846
343 555
227 175
948 580
676 571
336 400
933 896
934 446
338 772
262 182
880 348
1010 80
450 694
228 39
621 575
843 108
848 609
741 809
1022 428
947 117
1031 132
765 736
425 617
461 54
159 527
507 106
1022 199
737 174
587 958
645 783
302 449
580 821
338 200
970 253
464 893
676 933
839 797
673 146
958 507
232 84
606 807
487 803
167 787
855 541
533 741
630 755
405 480
509 265
572 707
931 497
373 868
472 591
791 308
481 152
281 866
770 429
924 510
387 624
327 817
627 813
931 118
324 886
294 402
408 282
385 136
929 909
254 670
808 389
415 771
832 605
420 848
362 623
661 720
854 -11
853 135
276 443
669 896
919 677
308 155
244 953
341 432
264 552
994 369
773 436
630 892
398 896
255 289
974 144
734 487
233 392
657 535
656 581
511 208
678 618
694 111
1000 844
515 704
543 181
276 224
869 351
432 275
446 85
525 646
545 141
447 92
343 81
499 821
553 99
556 204
887 813
324 861
472 687
923 581
194 907
583 108
586 637
447 377
727 636
1044 841
385 639
230 220
360 855
1016 765
910 290
1001 328
408 1017
583 656
805 457
632 922
811 36
756 770
1042 442
745 876
610 867
558 184
401 965
658 521
580 226
1039 677
363 897
882 837
906 919
766 56
723 429
1065 331
472 158
316 353
639 615
219 128
742 36
376 467
520 408
255 585
804 323
374 509
1054 243
1031 491
866 573
745 315
847 661
992 794
518 704
845 345
322 593
681 134
494 368
857 401
439 660
652 603
614 217
1057 1026
867 686
585 360
380 278
795 760
217 114
184 58
212 883
452 907
795 889
418 901
516 252
748 354
649 145
537 699
375 275
909 837
407 177
498 891
866 263
981 390
728 250
432 251
869 179
721 997
285 865
288 106
458 718
677 894
710 741
717 917
855 756
262 241
1026 647
438 136
395 384
657 698
534 296
986 307
308 410
197 505
924 377
479 373
965 767
440 353
810 341
264 366
393 191
1005 574
860 294
366 732
880 135
708 803
402 920
885 646
820 317
1026 560
419 599
740 855
936 333
1013 122
981 181
516 838
928 785
1013 888
809 836
755 932
848 180
232 584
179 949
1060 409
363 956
1027 367
709 692
1096 359
399 356
336 564
914 598
547 340
705 428
961 204
1054 984
692 331
765 79
929 283
488 375
908 626
410 13
666 720
640 813
252 414
755 721
486 584
468 434
1111 48
704 442
814 402
716 407
717 876
453 868
553 813
184 108
248 746
777 715
489 600
616 703
406 480
417 579
835 530
688 209
137 352
859 667
543 521
886 255
1024 422
932 535
422 569
509 967
302 232
770 716
693 369
866 988
693 133
463 360
467 154
980 710
321 966
426 332
442 169
995 167
1054 395
480 544
996 449
891 749
1133 365
717 701
1032 715
913 245
994 443
516 240
295 486
736 632
224 513
346 830
806 691
726 575
378 241
621 229
630 913
987 174
1113 689
481 585
667 229
1012 534
451 477
902 484
611 801
482 147
151 112
519 532
296 882
879 305
612 222
393 430
703 694
961 941
213 293
947 665
1095 821
371 689
646 636
642 546
268 435
735 828
567 899
982 272
407 451
805 481
254 122
321 666
243 536
931 641
780 346
905 883
1051 882
150 709
637 265
457 163
465 17
405 1009
232 840
493 686
535 121
1042 99
409 575
983 65
581 50
799 477
429 152
1070 951
292 816
768 266
822 773
964 755
419 788
401 219
263 766
1163 619
568 486
621 759
284 833
345 685
257 240
884 216
175 212
926 519
331 755
199 577
719 333
878 561
972 571
587 877
811 296
1024 923
1002 112
205 454
832 71
416 123
272 573
231 309
1045 271
230 774
344 525
439 608
498 935
473 370
481 710
547 658
434 661
295 158
282 404
390 255
237 147
995 371
913 347
468 129
425 952
1034 657
685 569
904 714
733 161
1038 570
896 512
499 341
799 687
781 583
211 503
764 102
376 573
970 660
572 937
982 394
953 683
858 988
728 868
685 848
361 369
545 204
618 189
263 678
879 383
249 928
475 537
361 959
890 287
662 381
509 875
1086 638
461 430
674 682
971 370
737 553
805 699
810 464
273 602
939 423
424 189
829 199
456 326
753 471
967 546
284 133
299 864
835 176
662 606
394 924
190 555
1024 477
207 624
675 220
506 600
561 170
785 447
363 298
896 729
569 63
866 358
262 579
1103 815
708 290
1036 595
1054 394
862 905
570 943
544 601
482 816
655 263
813 791
1153 249
1132 782
301 905
585 484
701 223
455 733
1063 280
253 102
840 915
443 630
985 831
949 255
958 811
367 561
709 399
1036 177
941 742
783 838
221 871
1065 306
676 102
849 274
590 372
893 335
859 327
890 134
537 625
570 556
515 662
393 471
414 474
391 475
658 390
780 352
757 350
234 325
791 514
265 889
923 609
1055 226
106 27
618 399
1052 745
1004 254
677 140
374 869
774 409
741 583
486 786
400 138
1122 587
770 288
732 343
521 470
585 969
867 724
576 604
894 622
414 759
472 711
743 465
711 945
273 543
587 556
897 924
518 731
636 788
526 933
580 407
482 53
825 677
1070 81
1067 924
882 888
760 439
359 32
769 799
586 446
836 736
697 55
453 314
675 525
303 303
595 782
906 260
1010 632
297 518
688 62
968 963
933 817
240 328
389 325
500 804
308 261
457 249
1046 566
535 869
837 599
943 512
584 478
869 657
959 889
360 424
222 459
1028 543
336 763
754 81
230 397
557 329
655 542
682 650
925 796
115 864
533 656
582 891
1030 158
437 238
323 552
555 243
561 234
941 702
241 643
562 129
944 879
1029 128
1066 266
504 518
1065 830
393 668
1089 895
224 191
1045 897
238 459
281 537
842 76
583 948
710 619
899 70
947 893
291 813
697 845
625 361
963 93
855 605
679 448
451 606
427 366
685 674
499 921
321 130
615 645
810 324
921 819
763 62
594 382
666 740
971 424
819 295
1142 563
1032 304
263 279
790 448
285 327
480 256
540 142
975 639
483 227
886 242
581 898
927 245
623 62
426 287
866 973
662 428
940 749
939 635
1002 525
456 197
966 306
675 992
586 646
343 194
430 439
1160 670
862 647
161 65
904 253
877 158
633 829
190 385
677 611
671 667
442 232
850 467
342 642
624 893
815 456
343 454
717 62
587 861
641 442
327 253
770 226
728 850
814 489
329 813
206 768
397 649
543 405
555 289
395 295
469 186
919 474
564 235
371 296
141 543
884 500
540 477
937 196
728 879
241 438
730 689
752 990
158 331
883 242
1007 973
311 59
925 501
672 973
914 830
934 184
1134 558
1126 610
474 525
370 536
453 689
1066 669
619 305
500 821
1042 815
443 703
877 926
509 467
542 539
260 454
867 374
478 692
688 647
356 571
499 587
1015 630
449 364
520 512
893 140
190 588
980 276
1046 689
795 298
373 716
1073 696
750 400
271 596
622 576
260 267
155 92
679 173
430 896
667 941
421 573
757 1018
874 379
285 955
383 395
261 248
370 864
381 946
530 901
1051 350
873 851
492 1013
342 151
993 291
733 56
1096 944
467 650
1030 186
470 178
375 202
774 393
455 406
855 423
944 440
231 150
524 268
636 693
557 458
753 614
1117 339
692 259
267 904
665 1039
731 873
640 809
693 367
511 422
425 398
362 314
341 373
174 531
563 584
500 227
713 175
714 940
266 673
174 291
387 161
525 749
985 277
712 1003
438 1001
656 702
506 383
897 490
