1014 540
1019 891
729 311
695 835
855 570
882 841
569 405
299 739
603 833
389 672
339 141
1009 567
502 682
411 112
681 892
420 585
261 154
186 693
797 305
649 508
372 798
702 541
579 583
1006 303
423 665
423 298
651 578
456 199
881 758
815 797
726 423
469 269
328 820
798 382
272 445
412 543
1097 794
1014 500
901 829
207 125
479 246
337 19
491 145
550 932
188 903
406 677
554 595
855 876
1062 940
472 982
489 982
422 594
491 676
362 151
621 175
1127 557
893 309
662 782
1031 716
273 484
366 121
285 189
1005 446
972 872
700 390
971 577
865 132
1038 753
572 114
465 896
953 866
583 824
388 729
994 615
1078 790
512 776
753 982
768 384
785 814
330 347
660 514
1066 681
874 427
163 59
1016 294
1117 742
767 252
231 307
543 189
986 113
454 817
797 427
287 50
682 476
339 287
518 717
1004 847
291 763
688 828
305 417
321 524
638 408
664 763
912 255
210 554
927 854
1011 345
477 946
904 737
815 653
503 295
624 153
947 452
703 845
202 981
285 539
938 323
822 594
354 436
236 169
339 531
660 767
645 753
348 633
1040 858
605 232
825 626
867 824
949 755
791 201
432 719
610 258
593 470
921 739
802 900
394 726
647 432
995 16
941 321
328 709
317 659
972 770
765 251
280 63
1020 882
328 76
1045 126
690 178
522 484
331 908
466 504
245 825
595 907
411 420
1017 847
776 651
820 166
411 639
782 778
1002 179
352 756
436 348
581 206
331 882
940 983
414 86
942 313
487 646
698 684
998 364
745 820
314 282
296 844
239 863
168 337
211 379
884 735
672 891
868 851
481 618
692 849
344 600
521 545
560 408
338 136
585 115
993 227
341 731
550 916
641 90
544 707
915 791
658 32
655 134
603 142
745 286
384 401
693 615
507 426
931 129
602 398
441 298
728 338
976 958
995 211
396 418
653 148
785 374
679 514
1042 917
1097 359
366 551
502 516
226 424
1058 480
701 480
1034 770
845 486
498 541
710 646
1104 861
670 404
808 615
305 165
606 835
752 779
810 743
630 987
784 385
705 891
1125 723
908 828
1012 442
671 860
552 669
850 372
781 485
635 431
508 705
494 803
893 420
364 342
196 413
268 163
193 644
338 659
480 840
284 914
539 709
643 615
373 490
707 227
1015 419
416 354
535 562
563 682
949 66
953 818
936 98
1032 417
437 344
976 453
787 263
450 197
173 90
890 220
299 250
789 646
272 811
561 669
1139 987
946 307
1032 253
995 415
642 318
145 915
898 224
303 203
728 341
624 788
379 509
237 389
219 511
792 753
727 320
854 473
607 631
273 581
866 457
460 307
972 484
452 935
963 511
472 523
265 393
491 789
636 766
763 177
1086 422
789 965
423 294
452 732
902 417
798 896
866 860
964 554
405 261
252 431
1018 274
628 496
1113 786
847 283
893 541
439 267
442 636
248 156
614 921
649 852
475 705
543 223
1002 621
568 449
634 634
429 759
536 758
815 878
414 415
399 185
287 117
532 967
724 631
240 146
419 307
317 402
1055 126
445 567
601 1007
625 262
623 561
838 365
415 341
366 767
447 185
614 246
938 895
837 772
468 654
426 484
444 531
418 113
538 219
283 201
411 718
786 816
644 651
534 509
691 176
991 453
659 203
739 918
962 719
811 191
569 652
190 908
816 414
804 699
292 416
266 309
908 782
696 400
777 768
995 516
242 545
677 264
531 116
881 181
149 970
286 380
798 677
713 560
365 760
713 253
416 779
337 679
756 379
949 382
832 354
514 3
652 139
928 -25
889 123
641 738
989 403
945 694
277 828
508 334
836 938
1060 922
305 424
658 432
928 993
294 725
490 709
433 148
266 147
652 491
396 863
496 273
486 446
1068 178
696 252
977 180
1046 296
736 407
941 16
946 598
274 509
379 448
737 1040
975 763
806 150
360 593
552 148
278 283
745 939
1118 948
864 604
966 469
859 432
943 890
449 793
853 839
521 255
476 471
517 561
829 363
1059 104
728 863
328 559
663 167
554 879
870 92
720 788
300 954
941 702
932 624
418 352
723 550
377 686
825 728
719 471
1081 617
950 165
764 876
268 246
810 679
984 268
1048 474
655 662
616 353
362 447
881 264
476 817
508 782
749 678
282 355
1092 391
719 762
601 551
197 716
713 378
622 710
686 385
466 406
522 584
453 235
207 903
251 210
967 907
916 716
899 887
449 760
274 769
382 940
634 810
675 1005
311 502
561 248
1073 100
832 282
818 499
744 104
940 25
500 452
909 611
224 335
816 649
743 812
873 755
757 279
282 570
500 865
1068 416
342 87
987 662
231 496
822 274
349 723
652 618
649 549
807 852
810 576
1054 489
720 500
759 732
256 631
346 199
806 280
649 446
881 657
825 539
889 403
673 685
968 768
119 303
704 487
473 487
819 806
543 150
1050 792
576 482
825 925
974 717
781 -1
379 800
287 374
640 608
152 1002
303 201
911 571
1159 942
331 815
823 564
735 818
226 96
565 828
828 165
204 951
319 313
748 541
704 136
181 927
251 688
313 110
574 143
934 782
600 293
643 747
291 1005
498 410
665 -14
923 479
305 451
1117 899
696 611
872 400
514 737
873 400
395 262
335 306
414 342
857 665
798 610
340 829
895 477
162 606
807 665
436 307
894 336
854 404
319 730
911 456
1026 148
802 530
713 674
716 831
773 180
677 509
1084 442
303 1026
689 179
623 666
926 924
417 386
261 612
857 252
513 710
523 575
1018 883
285 470
611 178
569 299
1051 460
398 650
958 752
624 464
445 200
797 423
1029 263
608 874
248 124
817 640
494 801
850 404
989 781
869 44
612 654
1034 586
989 287
887 806
1133 895
1068 636
822 845
235 107
742 412
761 741
1050 285
791 598
624 557
429 280
993 461
923 365
774 329
751 845
241 501
742 828
290 461
356 886
672 541
585 632
614 647
927 122
417 291
504 974
990 220
542 350
1083 213
796 627
480 532
257 95
872 494
1061 290
493 556
249 804
839 585
654 902
984 774
781 799
576 107
577 819
885 970
1000 878
408 581
562 818
466 494
675 383
199 512
609 718
287 209
740 458
381 3
874 405
619 208
308 800
408 362
285 30
839 573
651 828
884 751
206 77
872 212
420 403
866 229
546 751
222 263
268 890
335 138
211 975
798 733
900 455
806 284
512 457
679 888
844 336
1028 918
456 103
1001 436
607 216
334 141
614 546
711 545
650 121
529 238
963 920
776 195
361 434
1021 481
828 786
585 269
823 0
871 121
740 679
782 355
435 876
833 316
845 558
927 640
299 689
742 615
389 67
280 882
604 250
194 268
938 163
654 386
389 728
739 645
933 373
155 181
740 274
498 243
1046 540
536 242
417 436
640 756
1054 406
536 903
776 204
619 780
754 923
403 413
768 607
854 -6
201 891
517 547
483 915
1001 383
749 508
642 839
880 712
689 186
210 251
248 688
330 569
768 252
276 326
817 100
438 145
978 797
577 410
1076 964
938 596
166 927
841 344
876 114
376 677
495 697
245 209
949 307
869 730
187 652
253 287
490 329
330 558
880 276
699 261
746 588
668 973
684 485
847 544
218 552
932 236
279 762
639 748
645 905
447 509
401 545
269 875
659 403
1034 614
165 957
444 621
620 529
614 747
855 139
415 812
1090 907
339 693
744 417
884 256
642 156
1052 339
243 486
430 1017
541 105
926 420
1131 328
380 76
835 761
282 797
426 232
745 790
603 311
411 887
774 722
1000 35
225 471
650 425
874 95
852 418
607 219
824 951
441 990
757 343
428 504
852 327
251 348
896 349
565 878
828 671
988 831
431 153
853 297
965 597
339 917
308 317
632 181
720 201
724 886
198 371
368 200
570 183
531 383
242 172
446 139
878 492
888 160
183 491
226 231
772 316
509 377
264 426
567 474
298 333
614 568
1054 101
254 452
207 572
815 301
303 95
743 431
533 584
1014 679
379 784
746 737
581 493
838 460
968 229
655 39
409 775
369 724
689 253
298 63
558 432
603 661
417 503
246 675
724 740
882 924
403 781
227 97
894 908
875 226
832 187
871 164
686 918
332 561
574 787
537 1013
900 83
765 601
629 213
407 942
293 763
378 81
905 473
402 952
885 160
760 596
1019 526
763 633
894 814
649 825
418 389
500 217
719 276
968 349
464 919
893 469
1036 744
565 72
276 163
336 457
700 458
741 666
783 256
255 275
609 542
302 959
645 298
933 410
695 889
207 30
394 486
407 952
579 819
527 756
619 755
493 615
824 341
997 864
232 891
808 247
899 777
681 789
286 266
243 917
953 554
721 307
619 9
1070 181
837 851
578 206
883 258
759 922
836 700
400 869
996 924
482 57
325 751
648 413
383 240
777 716
241 -7
695 828
303 293
624 27
874 165
349 984
815 291
1140 831
215 486
324 659
764 491
666 345
803 507
919 414
1102 134
406 922
533 364
437 759
1100 702
794 131
341 818
856 995
814 864
561 298
309 471
265 638
705 287
365 805
393 247
951 341
512 731
914 905
251 752
578 461
984 109
1099 897
263 920
533 683
632 459
943 170
125 34
846 29
456 698
1033 683
629 373
305 943
1081 613
