396 208
706 306
439 724
644 504
502 339
275 659
178 392
772 910
922 555
751 382
853 782
944 392
874 610
338 778
936 554
1023 343
544 230
539 466
922 256
977 404
523 504
241 538
634 604
902 694
385 575
755 465
1049 92
691 598
494 810
1036 963
702 695
271 365
1014 490
235 749
956 166
557 950
663 536
566 798
386 280
429 784
152 849
663 785
286 898
932 497
295 707
332 727
1087 642
710 335
944 870
235 526
544 453
428 638
511 602
889 293
235 134
196 878
601 406
857 929
390 896
690 234
563 202
450 396
508 802
951 791
416 558
859 835
347 501
658 854
802 703
985 228
947 514
502 204
734 860
946 507
1033 132
812 673
551 201
399 611
1006 77
901 416
752 382
155 423
937 477
737 749
540 147
434 675
853 614
125 92
708 333
497 596
581 749
671 576
251 680
803 510
898 696
223 258
783 682
424 807
570 191
985 859
188 787
953 328
663 364
724 190
903 960
509 200
916 902
418 1017
880 461
981 548
265 422
706 464
880 368
666 741
456 246
769 825
1067 723
946 490
524 671
967 606
296 790
925 777
395 103
520 399
658 377
579 334
627 34
498 584
821 403
352 755
266 554
611 791
277 458
410 -2
662 765
319 156
414 197
865 359
1058 94
838 427
246 453
675 354
851 919
983 73
1005 561
293 210
676 961
961 253
334 493
234 723
797 553
485 93
436 271
306 836
843 670
590 323
175 864
631 785
533 597
651 476
421 891
195 315
701 817
975 351
366 458
692 537
343 296
801 888
761 268
561 299
448 262
749 210
668 179
930 556
1099 597
1008 130
732 498
573 696
464 890
984 392
1019 815
754 549
731 240
785 249
779 83
833 538
979 886
244 76
438 860
501 726
689 643
147 793
674 624
339 977
648 235
727 252
228 602
1039 215
818 530
547 927
355 363
333 648
262 105
512 310
304 735
807 552
825 46
822 621
579 492
529 717
710 94
358 614
624 143
300 309
1019 168
1004 803
546 582
272 468
268 448
441 796
702 546
526 133
229 761
274 814
500 828
873 182
743 441
764 379
362 933
770 668
961 106
912 302
926 388
826 266
510 294
1102 129
342 150
578 709
527 657
1068 380
702 557
566 348
880 849
466 332
793 478
853 143
395 444
969 440
441 813
448 623
728 888
326 829
1043 776
342 122
540 873
362 760
207 242
743 410
1018 122
308 830
800 609
212 105
330 199
850 950
251 816
954 624
460 442
258 959
1084 766
384 432
366 78
479 406
739 810
760 346
308 900
530 250
317 423
952 501
936 724
404 152
987 715
409 626
305 421
1036 402
658 652
837 865
528 806
1049 809
271 441
846 383
869 185
315 12
738 87
788 229
671 438
256 930
375 208
639 454
770 285
300 353
481 817
136 632
323 810
910 677
954 351
882 592
1014 299
895 88
825 268
683 678
1019 573
752 286
493 435
958 367
912 725
664 770
986 547
1049 800
869 532
253 728
450 52
1056 406
303 310
615 383
486 629
710 753
995 440
457 580
823 540
296 160
871 183
642 140
1032 531
862 895
378 930
580 104
1087 91
390 546
586 703
346 835
681 787
957 718
981 538
596 630
644 331
357 223
908 767
1040 405
912 488
801 898
877 439
952 335
792 695
560 243
267 376
771 544
1048 691
268 746
734 546
330 733
404 562
1042 815
458 411
722 527
386 769
535 568
736 968
786 471
494 604
266 342
1020 714
403 851
781 123
314 270
464 788
283 23
825 28
635 140
711 452
860 39
556 854
902 364
632 157
894 329
782 352
277 852
664 483
369 989
323 180
833 142
934 100
161 209
504 354
434 871
1009 790
201 544
981 664
973 537
590 324
819 500
562 538
1002 310
555 41
883 812
509 811
803 459
1131 757
560 577
812 311
835 681
531 178
627 316
630 58
739 348
573 560
1113 988
860 148
409 553
1151 230
284 43
691 754
251 112
1129 801
1007 586
526 819
1100 152
331 221
1043 70
723 718
454 716
649 331
480 137
318 316
973 597
527 824
876 749
1002 780
699 586
772 744
444 501
305 458
541 317
400 675
273 527
388 603
724 498
483 449
646 525
434 639
1029 437
428 158
357 812
536 753
963 493
193 977
410 790
824 389
396 193
1036 806
798 285
889 328
365 333
192 608
562 741
688 665
542 484
354 597
607 905
286 373
1001 268
767 884
304 510
954 993
349 766
823 341
578 98
267 417
868 740
782 883
621 617
915 182
722 150
994 168
903 225
777 420
403 638
382 411
301 879
548 896
374 64
635 206
618 149
504 825
741 377
888 413
444 657
309 916
593 371
803 307
546 605
749 874
818 678
501 116
325 525
595 671
887 216
939 901
894 494
552 926
676 365
275 554
401 502
737 573
251 746
326 339
855 689
354 827
273 669
541 679
885 416
446 895
1004 714
836 658
963 358
1075 630
500 491
453 537
1091 16
834 203
422 242
238 51
1025 204
996 294
759 399
408 827
322 775
721 48
853 653
1026 523
635 250
916 205
772 269
279 243
1061 608
449 318
399 742
375 908
195 769
1094 565
571 880
570 720
1025 802
369 490
397 598
509 358
1013 637
584 770
113 201
462 840
312 171
296 906
494 501
1103 251
485 792
433 177
360 167
635 98
696 60
825 614
501 656
553 498
302 277
517 877
1007 121
435 821
338 711
715 767
957 0
192 844
234 803
283 359
973 361
577 642
465 187
554 361
798 340
1065 827
911 791
610 133
961 416
407 621
1160 798
842 530
798 797
328 503
916 926
271 369
647 440
392 807
748 150
338 936
578 750
623 216
911 725
200 746
435 933
379 432
1016 446
805 302
326 483
779 331
472 648
1159 939
237 171
344 906
933 241
604 340
463 821
1087 296
446 291
453 136
715 624
990 280
453 244
693 899
275 476
915 898
1022 264
175 362
875 858
260 577
623 843
425 542
836 430
715 593
208 284
794 536
566 234
588 101
280 448
914 363
929 849
337 663
968 755
893 751
445 177
258 745
948 414
275 358
462 194
396 544
439 878
490 592
450 207
536 607
478 218
137 418
255 63
243 799
588 651
697 444
585 280
665 206
881 85
1053 144
724 911
707 142
282 474
396 779
941 984
857 241
273 -9
817 698
494 907
753 409
280 829
950 516
233 74
726 363
770 271
422 571
290 147
1030 282
527 151
919 584
581 7
331 837
297 841
783 721
788 966
475 876
374 577
645 1014
603 142
260 151
769 632
737 266
862 373
778 59
557 160
165 918
676 468
756 909
260 766
398 194
231 125
462 132
515 571
553 872
815 513
983 865
306 541
364 397
465 605
1128 378
1014 866
263 521
909 537
479 174
512 596
266 98
351 585
338 339
790 172
267 805
795 895
256 311
881 637
717 685
458 426
1027 101
811 568
1012 610
326 954
851 71
731 442
771 749
311 759
308 680
727 538
782 522
856 365
690 871
817 768
311 847
493 207
141 1010
337 918
791 785
627 701
465 883
790 122
867 415
503 427
205 894
822 133
352 487
405 662
598 153
398 962
976 605
990 293
204 820
389 355
980 687
1058 714
837 499
977 395
959 333
453 376
997 432
964 751
903 582
995 645
988 204
544 144
985 322
375 578
345 625
518 655
471 477
930 547
530 761
509 376
370 584
843 757
990 136
1063 1028
610 608
292 578
1038 583
480 896
243 1018
360 651
549 253
834 685
288 570
764 416
595 732
592 275
576 650
1154 742
815 44
554 312
685 888
387 494
1011 607
678 127
529 640
182 699
799 377
630 526
789 599
846 111
598 369
966 755
283 420
880 855
558 703
245 585
340 856
890 750
1081 244
682 657
895 530
401 285
155 337
624 907
398 721
245 335
713 480
654 965
260 204
1025 109
528 892
769 295
314 892
709 985
808 469
428 785
1014 676
439 573
798 846
951 418
277 11
587 345
988 758
278 153
607 292
583 676
419 284
466 551
501 72
356 482
925 443
419 960
189 833
692 685
551 272
475 508
980 768
371 480
720 923
544 583
721 337
131 265
1076 910
1044 586
608 435
456 379
410 47
720 838
177 25
480 734
312 765
950 887
504 251
827 762
815 568
920 276
859 477
742 354
251 519
246 147
320 549
1068 248
979 901
534 901
1118 967
1073 449
842 374
734 781
275 658
434 487
585 690
363 863
800 925
336 828
370 692
527 823
346 687
735 432
279 694
951 329
805 556
489 908
564 460
343 769
805 529
917 409
796 757
893 132
193 624
422 353
737 808
191 650
963 413
994 521
698 408
543 752
1049 62
1020 468
429 67
737 446
519 873
776 63
287 860
400 475
1066 753
405 644
374 762
266 335
629 412
241 278
498 136
266 787
508 740
852 652
989 203
835 320
322 272
430 921
559 321
1020 13
457 457
667 901
437 658
848 453
341 812
689 164
882 48
729 865
242 190
639 167
632 240
828 749
267 893
1106 210
226 40
692 231
481 574
856 278
309 292
785 847
558 29
692 424
168 9
532 330
725 572
424 678
698 365
196 936
710 651
668 717
977 249
761 417
1092 911
279 316
773 312
888 243
853 833
659 468
547 345
720 573
467 859
412 594
347 444
582 279
663 353
292 420
968 311
250 1012
551 629
312 499
448 514
829 654
710 763
1016 83
500 239
445 774
