644 603
429 117
413 501
456 859
802 937
623 648
996 840
1067 424
750 727
274 228
933 950
755 851
603 272
550 331
1027 141
934 256
1008 200
900 529
598 448
396 883
226 43
739 652
265 281
1004 501
860 162
721 731
1032 853
924 493
958 302
132 552
358 993
789 390
603 231
995 597
692 151
666 83
893 592
537 806
617 305
774 765
836 501
230 206
888 409
727 437
829 303
522 597
619 919
964 596
385 853
996 623
798 431
697 354
303 481
966 195
316 817
384 466
940 156
722 872
367 164
818 690
299 181
284 564
764 413
270 904
285 532
726 712
989 867
269 845
774 640
542 610
651 175
721 533
622 249
797 685
989 461
948 592
258 823
771 885
337 844
246 777
786 440
505 242
1113 730
884 576
405 242
446 452
498 54
700 99
421 948
453 815
457 182
439 637
401 151
754 350
992 488
231 247
582 424
551 282
1021 306
314 385
1102 759
543 448
629 454
1000 874
702 348
449 728
489 500
493 989
1071 400
497 887
325 943
1088 292
937 120
939 114
1000 210
903 459
957 346
712 318
310 757
387 505
379 440
471 585
566 644
803 896
318 796
704 458
652 915
790 857
260 300
298 504
520 840
632 230
242 148
599 478
925 38
759 206
541 414
862 712
593 224
301 983
342 211
547 934
813 755
531 360
612 834
392 390
427 334
850 852
370 875
408 833
272 291
275 726
630 610
727 633
655 436
785 238
1019 45
338 361
1005 681
519 523
760 380
1008 842
406 65
225 111
623 486
592 314
797 861
495 1004
523 602
844 871
274 281
711 523
368 492
518 979
352 539
973 420
159 163
650 490
966 58
554 365
477 555
808 178
247 600
284 457
473 862
710 857
946 593
423 860
676 388
559 310
623 142
270 639
551 780
758 523
532 539
587 159
333 172
782 601
805 881
1085 90
754 452
1092 265
332 102
479 369
345 239
787 374
216 757
258 123
168 1017
1060 379
937 859
740 915
247 155
712 215
709 940
536 426
681 870
616 306
741 -8
586 440
525 634
964 339
1032 712
321 603
766 532
514 261
602 242
865 283
780 561
997 555
410 682
346 739
513 677
262 135
749 433
1004 696
818 868
350 850
935 519
346 447
885 908
263 376
1054 426
851 697
333 462
587 638
507 849
286 126
123 698
570 263
973 846
1023 517
420 740
574 986
919 918
929 280
416 803
852 855
248 707
853 528
353 746
278 608
358 785
245 448
406 476
314 108
456 385
1080 568
842 458
229 712
558 593
839 785
760 101
276 447
601 626
498 930
347 944
721 243
800 532
355 794
977 331
480 266
1141 164
660 861
796 818
534 155
985 774
634 155
589 869
807 625
640 333
918 844
802 209
1037 585
258 985
1058 121
936 298
976 925
388 171
435 353
420 514
585 437
816 812
808 646
968 695
283 313
729 865
583 653
700 258
977 499
529 556
866 870
986 60
932 684
494 863
498 211
842 639
717 58
283 152
581 312
714 466
1018 473
876 228
270 164
203 715
513 319
1023 787
1100 491
542 392
480 306
499 803
898 73
757 619
689 597
629 284
501 123
394 848
941 489
452 321
254 487
179 453
469 358
606 675
851 434
1095 320
348 116
794 239
532 432
400 218
576 428
644 380
570 671
921 314
148 230
838 625
135 164
842 542
782 907
724 857
959 697
577 858
731 931
452 326
940 309
813 311
1084 360
989 820
185 705
552 142
243 465
285 735
613 824
612 515
359 916
363 144
1076 197
506 876
560 584
1003 608
729 125
889 495
846 319
962 352
1093 71
566 946
747 289
346 764
1045 256
1004 496
465 910
845 387
247 644
592 839
283 425
1151 590
731 910
788 702
650 731
258 492
591 502
610 665
535 579
776 249
317 923
690 691
447 786
328 713
696 909
557 794
735 725
569 19
539 381
887 680
913 911
983 905
304 256
571 420
733 98
223 59
301 126
533 625
364 77
598 361
757 847
307 886
655 773
485 895
315 706
300 573
390 210
448 194
228 631
1074 1
317 896
172 840
557 647
716 151
484 511
998 897
952 669
836 126
914 725
436 226
383 573
680 339
533 605
242 642
864 939
976 937
144 604
668 153
976 448
338 79
262 375
187 585
684 477
258 464
548 915
770 568
567 476
914 144
890 512
218 344
837 773
242 177
876 13
561 666
448 701
410 390
206 300
352 766
378 826
880 886
410 672
572 828
857 868
185 701
517 609
423 148
1017 599
1009 71
362 848
437 84
323 437
695 827
704 670
662 272
744 255
530 573
259 667
1048 482
686 820
1019 956
575 762
341 120
341 166
1006 812
674 596
316 354
1063 543
340 137
440 195
381 600
188 859
1101 307
212 124
1029 798
753 497
967 226
812 251
995 455
289 921
1069 467
429 205
707 556
416 655
455 693
301 707
919 891
254 878
944 535
359 693
533 242
922 568
458 371
747 731
721 701
547 278
981 952
278 126
1031 935
544 661
311 642
1000 201
918 454
504 469
638 662
321 693
608 157
1081 816
845 645
809 546
716 247
1036 295
437 756
561 134
207 246
571 479
628 139
1071 774
528 329
258 185
793 548
1029 424
629 812
970 397
416 840
846 571
1095 888
650 694
425 436
532 746
640 744
376 946
996 202
699 286
540 270
249 181
173 578
289 711
229 387
339 211
679 562
804 532
498 912
1070 324
1135 391
340 140
287 910
371 331
250 31
648 109
920 489
1033 516
253 296
225 430
934 886
658 237
638 294
161 628
793 798
802 796
697 338
1043 794
610 633
448 356
978 674
742 958
436 506
850 177
887 539
788 381
518 675
284 557
176 702
917 868
830 188
485 315
750 693
405 357
776 296
802 801
823 775
931 849
1028 710
823 612
498 294
1022 653
693 403
1026 238
458 261
211 365
397 480
540 106
322 309
431 303
670 748
1087 863
525 845
974 447
1042 489
221 832
1000 883
360 607
862 698
505 803
376 192
787 488
272 496
614 898
593 959
964 760
494 840
863 345
593 953
441 566
442 988
800 567
667 271
258 356
818 588
928 305
596 654
993 394
1026 262
1134 585
225 543
206 606
662 441
1002 364
480 490
267 460
603 137
363 372
363 352
502 855
722 659
368 757
965 313
684 901
976 750
908 241
684 641
962 532
734 438
323 765
658 231
1033 790
314 230
237 129
413 60
1007 913
226 551
307 254
689 203
587 251
876 73
657 504
881 239
936 485
906 238
533 522
1119 515
284 177
785 770
724 512
1015 813
186 80
360 352
1161 247
214 444
419 316
404 669
542 95
962 476
786 653
977 123
374 721
287 187
258 713
1024 459
588 784
439 545
656 665
1134 948
809 631
501 314
986 135
858 420
203 300
780 392
698 880
288 770
746 1023
273 778
526 891
827 635
568 72
553 777
535 851
395 785
594 299
196 239
1025 726
414 64
499 837
238 625
284 500
443 882
1026 229
719 710
641 56
1017 108
563 631
198 217
415 323
1093 899
399 460
601 886
588 897
360 277
951 348
778 302
395 447
1034 784
150 434
231 671
268 114
307 591
712 522
814 903
919 418
830 186
539 512
950 540
1017 639
969 571
307 450
461 36
252 237
215 353
864 223
377 821
563 101
295 739
977 305
811 999
695 765
752 655
559 360
285 151
364 442
1041 139
969 495
629 601
1059 115
824 122
503 78
259 797
755 1008
897 829
1022 893
721 297
839 244
1037 65
739 107
772 326
306 848
914 222
398 114
286 255
746 265
513 666
1077 85
1048 849
1030 162
974 261
598 175
674 613
649 510
796 847
750 269
1012 215
366 709
534 265
652 129
632 937
1047 55
524 570
670 122
631 150
1029 929
442 842
544 289
152 411
642 295
700 216
387 706
223 133
790 860
999 706
409 258
245 892
297 459
249 884
640 261
809 920
605 558
909 326
832 832
950 428
973 878
568 616
1005 529
806 277
835 262
981 810
924 388
613 819
144 208
703 145
844 535
534 766
1028 282
762 941
613 739
356 655
609 877
473 151
870 229
495 102
754 277
1062 606
274 828
955 283
949 826
379 843
1033 201
1048 515
1001 534
1110 620
470 921
392 603
582 573
318 208
199 957
1066 574
852 341
432 555
883 145
940 306
843 599
844 456
364 99
496 236
287 457
1023 260
909 721
467 896
801 700
759 968
618 524
284 254
502 572
313 466
518 199
737 330
426 44
623 550
677 358
483 323
822 90
771 114
595 572
893 885
354 485
1049 596
692 792
953 467
379 675
289 742
211 606
974 129
257 160
201 1023
676 435
780 897
708 511
774 549
268 341
798 389
560 401
514 222
583 692
377 384
989 786
407 79
361 872
259 658
559 53
853 427
809 391
954 325
1043 356
659 359
736 798
222 527
526 117
892 555
307 407
920 278
914 836
974 445
241 647
257 826
720 191
545 890
232 134
688 702
607 123
705 206
784 198
376 551
996 806
352 528
1046 704
472 185
855 831
955 839
493 450
281 509
792 436
669 708
258 887
1107 779
1048 771
711 284
1046 914
483 638
337 769
591 792
753 195
712 419
558 569
378 880
607 369
304 725
270 425
252 801
792 874
222 493
745 842
918 619
276 268
227 416
696 245
431 652
239 523
479 779
1036 368
132 215
507 746
263 183
248 688
847 844
702 710
988 833
1047 345
395 377
990 273
