950 811
1001 970
1162 109
1082 274
621 437
912 870
691 545
381 710
403 822
423 379
544 149
400 826
950 912
277 78
483 793
296 501
593 76
248 523
267 738
976 773
551 339
1003 852
1034 271
799 167
1028 509
596 686
1031 361
658 406
380 373
127 680
619 607
1111 577
670 697
868 666
175 217
986 164
215 506
420 825
768 927
848 246
415 349
571 718
510 806
773 701
906 635
715 47
296 709
697 1016
595 104
659 603
845 798
749 879
889 41
523 246
971 405
831 169
930 288
663 383
267 767
1075 447
364 74
682 576
544 598
478 276
475 318
1128 520
933 289
863 865
571 1031
966 506
705 214
913 780
840 369
283 671
333 430
630 455
741 297
274 489
406 130
208 204
242 232
672 700
397 708
223 517
820 170
801 480
732 76
1058 866
241 168
936 473
762 346
350 439
778 436
529 605
937 787
883 1025
991 581
254 311
612 784
772 588
1012 644
437 544
357 397
1073 892
1005 589
618 261
1165 200
1048 57
563 908
700 140
346 214
892 427
986 430
619 471
1085 170
917 578
875 835
636 942
336 529
798 733
683 500
802 254
594 565
567 793
272 470
307 671
970 658
973 703
385 445
260 696
1036 618
802 846
675 540
373 957
697 593
378 887
277 645
927 664
793 811
1024 832
851 298
255 142
937 499
388 519
377 171
413 342
317 136
804 329
433 879
395 852
622 743
514 0
560 646
651 655
462 865
421 638
684 547
514 689
415 438
589 705
453 954
634 176
707 510
565 605
891 175
549 44
620 336
784 157
929 465
959 711
308 725
340 398
438 675
701 523
705 541
957 889
1166 866
1105 726
135 683
1038 151
965 783
168 943
958 467
1146 179
307 794
828 327
239 348
201 222
754 896
991 337
822 493
553 662
248 541
832 602
430 467
991 684
858 335
207 583
309 351
538 294
323 410
577 977
559 931
755 172
698 842
873 920
224 401
389 821
864 875
444 83
464 752
987 315
593 364
1109 46
423 782
552 341
766 244
961 188
402 737
1027 656
753 235
890 614
816 723
1063 312
270 39
772 666
485 103
1011 492
417 522
690 227
245 616
388 170
924 390
410 611
664 481
708 401
779 607
873 613
988 313
744 844
486 627
1163 153
980 384
520 465
535 437
819 818
1024 937
962 710
596 694
1052 85
888 498
1063 45
486 921
392 575
922 57
759 216
468 942
388 539
984 447
963 340
645 315
715 562
271 542
262 91
898 863
749 807
1081 22
362 471
767 194
619 175
307 191
293 207
930 839
907 711
421 474
1106 436
907 979
616 248
892 849
233 867
401 159
330 144
777 170
1161 913
558 383
953 987
918 642
486 490
665 249
920 973
365 327
558 147
735 51
841 636
953 308
259 902
498 891
548 877
776 547
222 535
436 888
625 108
730 53
1041 222
647 671
761 821
319 382
847 105
644 548
216 443
1110 757
918 231
1001 99
828 838
401 557
212 529
841 910
237 66
873 145
686 532
957 440
1011 529
242 615
984 716
273 877
998 89
633 328
228 279
694 525
806 127
391 384
787 477
927 206
397 370
518 707
596 41
235 365
641 947
507 782
816 603
854 744
709 254
839 575
598 658
952 325
882 801
453 857
529 546
571 332
402 489
1024 492
401 544
859 200
615 346
304 508
499 568
292 789
155 542
630 456
687 428
1123 994
248 1003
1073 518
346 356
497 898
1125 400
202 812
684 702
551 355
1014 794
470 341
699 211
593 261
908 428
617 810
207 309
923 535
331 707
480 649
399 245
653 410
1049 672
622 772
990 500
295 538
765 628
672 902
311 846
457 111
852 169
689 649
248 802
448 139
520 788
450 586
884 119
536 197
730 878
1102 941
692 617
713 178
469 920
525 904
663 938
829 261
311 602
1079 554
971 833
640 80
567 596
658 745
1039 777
791 639
985 195
464 488
487 606
321 571
528 171
358 535
938 728
876 617
542 893
892 257
848 702
665 444
971 866
834 74
967 137
811 151
433 651
802 889
1011 924
332 476
918 228
823 596
368 580
332 645
947 572
785 148
650 170
850 817
816 636
1030 475
739 679
256 719
163 824
905 779
475 466
384 351
928 533
511 783
216 137
603 774
797 20
1095 596
888 119
1014 63
864 484
279 67
918 171
828 176
539 157
1050 734
941 113
799 857
538 595
833 739
1091 501
149 777
917 228
1024 602
778 636
1078 32
1041 81
525 370
351 601
793 876
441 426
761 845
1158 156
872 736
946 861
1075 588
593 752
1013 856
516 135
667 198
814 908
669 903
834 511
430 77
813 367
1040 886
444 114
758 744
978 922
511 237
374 756
876 464
318 641
1071 376
135 305
680 778
456 385
897 711
1002 685
852 484
973 670
1097 885
768 633
882 912
601 878
625 841
494 585
314 296
1068 858
639 91
229 353
288 -19
786 189
333 426
744 639
1074 349
845 638
1013 378
521 646
528 275
381 349
811 434
1035 677
412 730
539 665
865 823
490 770
998 146
1061 606
277 575
707 322
463 767
1015 342
694 439
509 858
325 603
371 282
785 321
1019 767
321 181
276 535
392 752
634 933
622 127
742 493
439 176
725 895
320 260
525 902
522 860
258 111
561 664
807 423
541 211
745 628
453 404
557 431
149 79
204 167
1035 603
886 58
1018 810
530 76
478 109
615 69
441 909
509 408
835 300
326 494
676 819
467 1031
1087 260
534 794
942 167
773 1007
1008 620
1032 544
629 246
526 300
555 699
847 116
837 749
675 128
642 416
481 338
476 671
402 671
362 626
455 267
257 847
376 662
625 492
255 890
885 435
310 358
133 418
639 401
369 117
396 642
591 170
925 170
206 270
762 730
335 312
852 304
772 148
505 854
247 907
980 555
914 622
1022 539
1031 429
686 533
1112 831
601 381
1034 40
1076 775
299 922
548 442
770 273
852 836
420 520
1002 584
543 907
355 597
368 784
849 211
562 948
282 821
178 756
241 350
777 285
788 576
508 765
240 707
551 404
796 748
378 886
854 537
406 371
660 853
1026 627
805 203
643 583
1050 786
817 383
813 285
503 55
922 788
1105 354
755 864
807 20
341 522
915 727
873 671
512 587
996 299
933 167
515 487
986 23
1121 705
851 954
887 109
842 822
849 450
374 600
821 851
452 124
954 930
215 692
461 953
771 570
956 933
472 918
690 219
654 432
273 840
638 370
640 728
942 896
817 284
666 481
963 540
868 173
509 739
123 893
229 195
562 689
371 849
723 104
848 793
885 150
922 243
392 265
668 568
453 694
703 908
613 460
259 293
700 814
195 186
1130 768
492 291
385 329
134 187
450 188
602 899
444 948
1024 420
452 562
656 412
556 223
1011 50
244 110
737 143
1009 927
446 752
649 147
405 56
490 693
636 392
290 489
1018 758
637 98
519 260
674 445
601 279
252 996
473 646
244 152
241 786
349 623
632 598
433 369
733 455
293 348
501 215
263 178
708 163
277 180
558 865
366 818
731 599
909 530
377 802
383 805
462 492
1095 266
241 243
325 620
557 904
466 929
710 190
1057 255
683 84
667 166
630 602
708 508
1068 591
394 201
271 448
316 428
312 368
202 488
957 461
912 128
367 626
964 710
1057 335
921 446
934 814
607 968
734 190
340 783
594 885
868 408
316 865
729 243
507 536
790 183
793 278
226 229
573 659
548 386
515 259
608 106
854 320
447 885
513 533
500 270
456 989
589 117
935 277
309 279
893 248
983 707
960 378
1127 202
460 849
262 152
1056 550
714 333
1055 252
214 252
924 867
672 707
333 205
1013 121
651 661
899 618
994 254
656 273
926 832
499 190
1113 396
797 765
989 885
284 73
416 625
764 404
743 565
600 950
556 444
435 551
977 327
573 884
984 367
254 302
590 966
630 402
430 352
843 523
922 533
868 131
304 704
805 283
829 624
227 101
1071 804
1154 817
721 569
474 189
646 211
558 894
528 462
229 873
440 840
811 588
849 202
689 613
295 243
661 825
664 809
127 194
362 60
814 832
696 258
320 810
256 710
1029 856
656 882
638 328
1013 185
978 753
321 174
562 795
335 534
810 910
316 629
558 214
227 924
995 628
258 817
780 916
924 858
587 161
656 643
828 509
423 925
794 407
791 577
1062 252
475 856
1056 156
279 836
953 787
817 533
732 804
502 434
1093 216
1007 785
617 993
262 572
863 117
533 687
799 929
769 538
656 508
647 266
717 283
737 249
434 749
769 613
328 976
569 450
772 895
547 429
142 324
851 50
878 464
294 743
744 592
583 187
179 976
289 910
386 135
539 211
553 183
1038 731
361 803
777 514
369 708
976 787
657 570
562 487
755 807
745 880
568 907
649 134
604 601
996 552
576 825
516 97
253 460
821 259
1043 429
318 931
437 259
909 268
719 318
481 738
694 390
1035 432
207 119
803 495
996 442
878 265
246 723
905 182
1134 789
306 680
725 208
433 39
896 142
407 158
936 833
447 467
1156 764
973 239
357 881
405 718
216 292
1033 623
183 724
321 244
734 164
590 975
615 182
1030 543
613 784
386 721
897 247
736 574
199 912
395 309
634 37
437 358
864 386
223 885
426 581
573 592
948 209
600 383
230 690
546 121
1004 851
868 194
523 975
401 488
1076 682
1129 213
591 803
1018 986
