541 144
1065 716
156 20
281 905
431 680
292 80
289 886
1022 413
411 658
393 216
1020 523
626 266
1013 459
810 310
552 137
846 202
277 800
743 239
260 904
576 443
962 880
476 922
425 151
930 59
346 584
639 436
668 336
321 889
560 607
994 603
256 945
926 604
175 723
416 111
461 242
724 879
351 536
271 407
914 592
770 231
366 927
908 687
877 692
941 456
639 333
1051 163
217 128
460 117
843 627
488 709
390 720
894 715
664 345
1020 129
657 498
661 206
738 491
497 785
533 710
672 404
1012 322
1071 178
959 140
806 85
468 783
408 586
1065 78
1007 309
145 76
388 329
1057 728
480 816
676 567
890 106
611 269
330 41
727 854
936 654
248 587
519 125
928 115
963 661
550 165
477 202
304 868
571 494
736 423
846 350
334 731
800 235
963 850
721 541
658 254
643 679
897 166
694 296
854 691
228 426
907 400
239 150
898 945
501 126
933 696
456 79
194 337
436 584
1032 514
168 164
283 180
822 576
701 181
899 565
716 437
832 952
455 397
606 80
221 635
317 617
689 541
919 343
158 195
767 788
777 584
726 382
387 438
878 97
633 464
751 788
690 498
401 42
826 181
697 348
1167 822
629 61
316 296
653 928
1038 196
648 909
785 560
528 345
647 486
845 344
786 914
291 234
592 213
1023 438
474 419
1008 266
877 422
610 868
717 432
972 261
584 471
430 364
671 273
450 705
926 914
1093 268
924 774
491 664
1025 499
912 840
394 300
304 339
749 351
978 169
391 79
483 323
972 333
488 262
685 409
485 218
878 96
1077 533
963 128
946 517
528 376
1080 200
244 721
975 419
877 789
733 892
1072 501
747 540
548 195
348 347
961 719
880 478
476 633
891 482
765 104
200 618
952 339
1049 511
478 431
518 109
834 189
363 133
466 544
231 672
816 125
397 399
291 682
582 372
698 717
853 585
437 579
871 846
984 70
234 334
254 941
627 792
778 870
565 83
513 175
760 870
684 792
633 392
403 526
468 783
868 826
777 124
1111 921
696 757
971 96
848 691
931 501
657 274
472 795
526 344
878 214
255 373
678 783
478 1003
489 382
605 667
373 650
191 526
484 769
965 913
312 283
1001 226
907 495
338 561
743 767
840 416
801 548
643 430
404 496
825 357
769 221
375 195
715 657
929 378
926 687
918 860
694 654
424 219
411 544
807 30
1070 961
715 887
663 213
860 758
150 691
235 326
783 626
1015 848
1123 494
332 387
214 415
879 137
804 95
1124 870
916 266
887 627
464 491
263 1002
705 129
761 616
565 831
1067 351
916 832
897 542
994 572
775 378
635 79
443 589
382 754
376 220
654 843
342 514
771 842
251 269
763 44
304 322
851 276
855 536
968 654
132 692
975 493
181 33
129 103
862 120
826 753
694 572
742 347
514 284
799 800
429 77
365 734
577 166
1140 860
1106 555
477 597
422 639
810 476
701 600
895 346
616 566
595 605
997 154
703 849
880 224
270 229
266 267
879 559
739 744
494 505
961 519
644 607
260 525
994 812
394 769
904 367
331 934
403 596
979 631
413 721
416 640
501 925
425 121
395 675
658 748
873 401
212 257
741 177
388 179
574 959
524 641
501 864
680 551
408 316
321 614
302 364
940 330
543 459
982 218
503 790
807 840
998 382
266 553
575 799
988 663
648 229
1035 172
907 290
871 703
845 645
278 846
576 803
493 688
250 255
368 155
968 140
607 103
676 943
1025 342
1053 -8
926 469
315 1032
1009 708
965 535
325 58
936 437
388 895
1059 176
561 423
775 928
222 502
940 899
918 525
741 943
442 824
704 41
549 643
138 314
256 623
1048 684
732 447
968 229
494 150
392 415
961 151
405 528
394 522
462 363
474 850
694 571
1021 466
492 753
926 522
440 799
696 912
192 467
712 203
1002 709
789 868
691 516
729 545
441 509
595 475
884 1026
782 300
1022 799
374 603
1030 321
377 526
1008 895
168 916
566 136
339 446
369 348
954 88
1157 583
743 233
1038 362
846 135
835 699
1047 706
337 354
986 273
237 192
1029 220
359 724
961 445
558 800
1018 321
242 507
1020 756
383 154
362 411
1058 264
512 105
893 179
613 918
622 758
810 436
826 340
694 302
643 907
245 543
950 455
238 257
1020 471
585 721
830 780
510 234
998 40
747 873
1131 -7
987 640
711 691
418 486
892 237
913 616
664 223
424 813
1057 665
415 263
270 913
710 451
514 454
998 315
401 450
721 891
601 355
250 159
958 769
921 500
885 219
503 606
201 943
240 838
310 644
500 890
826 845
654 110
867 918
937 328
246 549
442 169
998 417
636 440
294 40
407 591
886 873
452 951
876 814
513 651
690 691
583 576
984 124
420 517
768 341
297 137
544 837
766 326
978 640
259 482
523 741
554 245
653 321
1048 322
743 81
930 784
989 287
984 485
449 907
1118 706
928 579
569 688
476 344
359 371
482 420
938 571
492 853
291 671
636 549
426 955
139 81
787 351
724 722
355 608
715 479
552 234
444 170
571 969
1061 218
405 424
716 926
1031 439
297 688
670 368
907 846
653 867
198 528
489 228
1019 428
717 939
558 638
349 173
950 444
582 537
325 546
717 742
766 552
1052 741
445 654
683 448
608 206
999 631
1132 518
672 75
655 594
666 100
984 599
315 449
903 643
793 580
295 372
786 291
770 584
1008 191
200 450
636 243
960 159
670 789
671 417
197 788
851 225
956 709
1020 373
668 130
838 627
194 189
758 891
623 268
502 764
781 100
793 103
1013 869
300 82
399 391
495 442
409 696
658 986
466 806
408 711
336 176
460 614
1012 155
901 128
340 520
1149 416
287 166
554 370
843 938
681 142
636 936
846 850
906 340
483 721
543 257
896 434
588 237
1017 491
832 206
822 540
604 577
377 580
193 815
259 551
276 498
425 215
832 484
250 361
342 298
970 140
417 999
241 839
467 133
393 124
358 193
828 708
480 741
940 373
442 478
719 635
1038 600
925 438
451 772
907 324
524 923
356 490
588 345
517 210
403 167
1054 68
378 254
1102 441
953 667
885 323
435 993
434 228
903 147
842 116
535 290
610 569
564 789
904 867
907 303
508 929
257 69
309 405
264 296
699 493
1011 702
549 381
283 807
313 856
963 322
267 607
551 429
534 384
944 497
847 236
841 774
656 155
300 496
940 655
1006 719
864 506
913 -11
300 230
687 464
663 170
574 197
491 918
278 144
1083 317
381 538
224 87
449 229
834 249
617 663
781 373
946 108
536 115
406 94
801 650
331 434
261 643
376 860
448 898
822 865
733 905
279 471
821 954
1060 718
885 328
328 1023
923 898
475 373
920 240
728 240
778 110
620 196
516 141
158 580
659 844
844 742
488 730
760 573
1049 830
264 311
575 947
800 686
782 408
786 909
555 845
241 683
561 929
378 181
639 818
428 521
359 655
1094 677
405 112
385 333
876 694
407 634
434 865
506 507
946 862
920 626
449 805
443 836
932 343
593 907
391 93
554 927
694 410
1125 443
858 850
744 327
371 802
728 722
361 275
1058 845
500 550
340 508
394 472
1079 880
307 800
829 698
255 482
403 936
584 276
526 257
788 1008
1045 175
978 383
1021 809
1038 603
229 234
611 634
682 715
242 829
701 933
582 234
836 99
1082 508
667 555
1018 682
434 197
446 132
505 279
373 729
539 853
524 847
1042 358
1034 952
628 269
566 736
937 237
560 294
699 735
297 788
463 645
171 566
686 354
191 451
249 591
649 361
544 898
511 162
248 367
746 475
285 388
419 849
386 799
1015 921
372 732
631 472
485 851
714 376
370 601
598 721
699 668
390 788
676 481
591 640
1027 790
817 216
349 475
991 186
559 915
834 572
1017 674
793 864
830 556
957 585
246 512
1081 124
794 100
783 284
582 519
324 202
292 694
998 691
532 247
301 412
807 213
409 94
280 243
407 466
211 601
328 822
466 309
902 365
655 683
579 577
1023 321
271 503
548 694
843 542
392 539
297 736
959 261
444 708
695 110
805 451
559 427
319 977
463 956
1100 651
1024 397
823 108
180 444
956 779
438 869
644 262
550 737
670 790
475 92
757 147
405 671
575 382
792 136
629 413
904 944
838 382
335 854
535 330
324 836
901 822
886 302
763 12
333 268
816 223
866 912
867 521
124 754
487 347
647 278
744 178
1029 279
648 276
241 444
160 729
855 82
978 574
548 651
933 111
923 845
748 774
1092 723
795 853
307 745
950 353
830 848
699 101
1015 1006
594 835
1024 849
585 130
851 720
335 74
317 791
246 292
874 715
967 459
834 793
734 478
932 550
848 824
262 466
653 91
771 276
261 314
300 620
1006 68
632 941
394 383
922 530
610 661
568 239
823 252
433 520
497 695
365 215
599 297
698 935
509 381
242 123
264 177
492 354
297 753
352 876
443 423
426 805
820 334
966 816
565 880
609 161
1030 99
877 44
1047 190
870 941
356 457
981 783
504 267
516 447
443 614
1010 310
536 964
518 825
764 419
899 145
504 491
560 535
791 594
830 194
897 942
1002 738
248 964
437 502
962 71
365 662
339 867
484 92
1124 768
698 999
589 483
844 780
425 791
599 540
502 675
607 206
