471 155
995 300
641 541
1071 888
673 675
880 676
353 900
512 781
551 742
585 480
873 832
740 703
550 492
1144 200
481 824
815 465
830 313
1040 273
666 506
758 905
881 230
763 231
465 704
1067 702
995 533
1020 151
1061 290
950 887
421 372
975 745
775 128
531 754
875 638
288 541
219 392
280 338
297 900
1085 551
768 607
839 560
631 710
823 438
548 400
361 891
1041 664
991 133
1019 617
891 948
1032 904
1139 139
251 692
350 9
578 974
931 266
1069 486
518 664
648 461
778 255
929 926
474 509
295 904
1062 988
867 210
675 607
516 853
691 915
654 946
411 582
1064 867
526 475
534 955
959 399
513 475
481 473
614 558
159 955
754 673
529 138
751 642
338 750
484 224
630 645
1120 773
391 463
954 552
224 324
811 217
960 234
753 722
969 323
399 687
919 444
1101 663
552 130
977 235
505 456
378 879
266 691
956 988
1020 101
638 951
512 180
311 701
988 428
764 500
523 872
238 400
693 234
802 565
940 943
534 164
774 478
441 335
274 474
663 699
801 252
395 205
296 328
912 692
846 821
802 265
504 692
722 821
308 521
861 246
548 724
273 144
999 270
393 721
665 871
976 774
211 845
385 252
282 486
908 367
748 289
879 116
504 651
1046 80
1052 156
345 390
773 159
562 495
909 149
509 418
660 850
450 294
1050 295
571 455
870 417
378 288
661 459
1056 314
1064 690
612 306
462 557
339 879
391 628
562 217
574 163
854 330
409 624
1000 354
191 643
270 490
832 383
854 915
457 902
199 818
1047 121
465 310
856 189
578 149
946 236
492 345
442 372
951 603
784 339
646 530
1004 695
349 853
913 692
781 144
963 29
472 403
1006 579
324 792
867 280
251 763
206 284
342 156
316 418
229 685
673 663
731 931
738 725
916 360
362 910
254 540
355 505
410 513
191 334
898 670
404 240
905 715
264 480
640 532
924 310
1069 830
613 215
636 743
784 464
619 528
727 108
245 369
902 426
744 301
325 902
1145 772
555 527
1049 389
846 407
795 116
453 54
448 999
478 899
271 405
756 145
161 437
334 81
747 884
854 504
772 339
189 923
1050 650
678 858
1137 648
593 454
767 241
536 380
333 535
948 547
227 390
1044 348
673 858
817 718
335 576
312 234
561 262
923 1042
981 645
860 716
202 274
515 719
690 890
539 548
529 794
543 690
484 474
141 363
752 115
498 101
549 904
741 206
591 206
635 903
621 791
947 141
300 618
286 237
872 250
875 529
818 666
862 820
628 531
677 485
1117 718
709 796
865 991
277 283
1076 375
784 511
417 498
747 242
1061 74
833 338
228 121
780 850
752 437
900 259
237 614
866 281
355 789
443 155
288 296
881 612
1017 518
689 646
469 405
326 629
168 63
318 449
576 498
543 194
280 509
873 90
666 229
640 769
404 147
206 518
569 719
537 174
462 146
963 183
869 618
879 284
285 599
454 242
843 412
517 452
997 290
1004 815
361 609
936 928
256 447
1032 381
860 -3
434 868
497 623
857 491
186 571
704 324
1026 301
180 292
418 724
568 930
915 485
738 94
186 941
235 741
1097 919
608 493
501 511
610 542
408 703
410 354
471 411
541 893
411 755
672 772
352 80
453 689
1144 762
427 758
512 506
832 923
661 808
337 196
331 820
321 283
983 207
599 494
974 178
282 652
909 769
444 682
274 888
285 496
892 532
174 456
686 942
969 470
377 673
610 304
325 230
362 243
1141 116
478 712
387 563
771 137
1068 160
923 865
627 763
956 442
846 422
1000 892
396 654
202 102
906 909
356 119
486 852
208 501
576 450
671 300
671 167
836 174
1015 743
641 354
923 864
473 201
506 541
412 352
623 233
676 767
672 317
266 221
1041 630
564 197
693 958
1016 254
989 553
418 165
240 964
538 494
179 403
779 537
258 516
1037 409
465 499
798 581
722 203
589 464
500 230
612 288
564 215
645 784
359 884
168 381
1065 826
467 397
417 310
742 129
1038 145
634 301
948 856
887 500
321 531
673 691
980 902
307 368
973 412
505 900
913 182
579 92
645 623
539 332
691 509
269 678
845 492
970 930
657 422
610 675
534 1000
288 418
804 655
239 315
517 921
931 832
643 278
292 1046
333 237
631 198
311 604
564 931
275 927
464 742
173 457
568 269
580 288
975 539
521 299
287 639
965 613
896 186
740 904
350 83
542 178
539 807
450 669
293 858
991 276
664 200
323 936
805 150
607 363
679 789
621 778
246 148
872 488
919 648
205 451
906 32
733 508
670 229
710 526
1003 199
475 715
437 630
880 672
635 139
620 690
1061 670
508 857
448 612
873 975
907 437
958 665
224 261
592 809
311 366
631 703
655 439
878 137
991 247
220 191
904 367
321 901
649 352
1137 997
823 783
553 998
1032 764
1107 541
222 761
817 232
736 806
724 656
1100 779
677 655
1006 665
268 286
904 779
227 480
495 292
271 437
1001 693
840 129
556 253
643 212
271 336
681 221
989 205
144 920
263 845
925 306
797 209
366 251
435 135
490 802
736 230
472 754
831 256
408 165
1137 322
387 401
501 777
1047 794
930 161
668 398
296 338
1001 563
818 472
457 255
436 161
341 293
528 320
833 509
688 338
966 660
682 627
873 778
917 378
529 141
841 875
438 261
217 808
689 216
1054 131
376 869
1069 416
672 564
334 679
779 186
912 570
384 845
937 919
1059 681
876 216
668 644
396 706
637 353
1114 436
454 689
273 103
532 526
260 839
394 402
1045 208
609 692
158 248
1060 925
356 669
518 726
298 517
564 144
1018 688
266 860
980 107
352 661
954 199
692 836
876 813
174 37
677 717
761 563
996 795
540 510
565 535
658 777
353 546
181 369
336 354
1023 801
544 967
841 109
927 680
761 354
279 598
778 663
932 466
738 231
461 231
709 150
940 307
824 693
742 132
361 406
955 188
630 206
836 933
740 1036
234 384
773 513
1016 844
200 261
443 632
795 477
167 533
436 760
786 835
1096 224
678 1010
788 451
131 37
733 447
707 401
320 690
141 474
639 327
792 462
675 341
582 521
390 307
802 127
404 455
606 709
298 459
635 206
850 833
204 395
752 788
540 882
952 680
410 1000
879 104
1126 94
1074 946
335 782
375 897
443 444
625 783
869 782
264 457
213 677
836 497
397 582
711 463
510 157
1055 301
773 191
424 480
679 87
579 142
1015 158
439 716
349 231
233 528
379 893
950 925
121 433
416 771
478 214
874 33
248 26
586 269
1059 72
406 104
953 426
618 848
259 207
833 183
418 854
655 760
352 591
682 174
569 362
681 969
106 364
803 838
389 566
426 650
386 837
301 706
273 72
845 440
542 671
233 344
541 955
805 628
522 555
948 756
824 322
415 568
676 132
761 843
969 317
960 701
946 851
687 184
798 333
1029 93
1027 725
627 776
992 155
922 444
881 134
808 586
993 414
967 158
346 942
625 457
211 733
1063 82
318 802
634 169
984 453
1039 523
230 494
335 95
667 415
360 689
973 733
875 226
863 617
958 361
952 679
916 196
580 378
594 299
928 116
931 156
293 233
289 733
781 638
471 580
1016 12
482 779
991 937
876 403
532 770
561 347
577 800
1124 339
466 578
896 495
986 907
871 795
329 486
1075 777
213 36
316 488
688 265
275 817
1065 379
896 747
443 342
443 478
850 480
1006 405
837 495
625 392
979 550
744 354
766 542
734 634
818 431
1012 516
621 933
764 26
533 266
743 332
539 844
213 240
840 430
1020 862
485 451
445 442
435 535
1085 556
418 142
272 847
541 880
808 279
385 885
1055 610
1042 97
727 484
375 483
748 597
1043 942
524 940
1109 271
811 298
673 224
317 489
1123 54
440 836
653 343
1034 700
418 439
1017 577
583 361
461 699
500 323
944 670
967 347
936 565
920 153
1084 135
833 284
278 247
310 963
474 679
746 675
523 675
911 486
189 739
558 206
331 769
1058 527
389 936
1056 671
221 6
1062 7
359 125
776 589
673 435
479 282
463 907
499 873
1003 290
597 419
1019 115
674 641
305 568
423 345
920 870
1054 646
210 295
637 174
885 253
851 889
1094 198
663 813
743 438
335 412
606 502
993 634
943 866
1007 727
903 284
189 606
767 369
742 101
696 686
681 487
723 585
274 276
602 49
1154 620
1000 557
248 877
724 493
950 791
1015 31
229 250
452 297
820 750
929 235
377 153
207 263
998 170
482 144
920 569
209 652
150 450
703 665
315 517
872 759
997 436
694 516
323 129
642 857
281 751
1003 735
1085 262
609 748
1154 586
337 456
369 194
800 533
536 218
253 588
641 305
374 287
610 593
964 781
390 614
910 220
1023 443
500 936
372 77
735 723
904 279
758 493
788 823
260 846
236 563
638 300
562 166
898 773
951 626
411 688
259 448
965 680
980 917
140 894
1047 614
704 911
266 170
385 755
320 201
252 843
724 434
830 640
609 505
421 721
847 921
333 341
1017 481
1015 931
517 613
555 813
260 656
780 271
1093 252
860 802
395 694
241 301
635 100
405 612
303 326
343 866
514 553
431 638
543 906
710 801
792 557
959 823
535 161
967 880
915 175
715 23
840 608
1028 837
597 473
787 823
691 778
504 754
607 919
