649 727
947 691
563 681
931 372
524 972
661 309
293 534
612 935
797 734
921 351
762 656
706 67
1010 491
382 906
347 466
796 615
885 520
506 232
718 154
158 972
1029 406
572 865
721 808
776 267
830 316
701 712
1105 226
842 436
786 387
324 307
737 136
763 763
808 432
855 418
887 290
496 766
352 203
367 180
446 883
553 142
727 840
667 266
311 487
976 271
829 852
869 242
282 450
837 672
460 428
363 98
1057 798
759 343
672 879
326 850
1052 666
669 253
729 214
743 525
264 438
565 704
482 474
516 117
170 39
798 886
651 519
244 526
808 717
1120 456
908 505
759 620
873 609
510 258
336 404
128 656
761 664
794 383
454 319
1049 854
963 303
464 784
956 256
979 206
618 895
1067 510
554 81
221 172
757 801
859 376
243 740
1020 254
150 941
594 738
187 15
845 644
954 318
1106 276
408 738
669 559
877 693
1038 880
969 794
369 160
1118 392
994 263
387 680
305 114
510 394
330 298
775 424
492 194
747 462
346 567
993 809
740 706
705 307
235 514
268 363
724 444
406 174
1043 158
187 918
732 37
901 617
864 138
1024 384
1030 385
342 610
1020 542
416 761
783 352
766 323
945 388
1023 630
318 124
635 482
980 707
713 782
783 100
1052 298
502 687
568 699
1016 766
440 754
436 513
334 678
1028 896
1004 703
719 147
812 97
730 660
334 407
484 709
283 302
725 422
761 172
689 303
817 626
883 113
371 875
664 906
1014 163
414 245
1023 829
591 440
928 682
183 512
1029 536
1012 565
753 213
477 639
272 440
1063 7
231 538
1000 257
895 160
906 353
624 476
692 892
420 833
510 301
685 142
560 848
961 150
536 549
770 324
573 918
241 545
558 330
629 236
868 444
1075 1008
445 433
964 755
227 914
526 816
282 228
368 276
623 973
856 556
584 257
804 398
995 798
672 437
852 99
284 329
277 655
985 465
376 352
976 909
876 47
805 145
429 637
743 870
1153 870
606 837
1034 122
914 763
849 463
697 697
348 171
472 773
486 588
769 842
490 125
1127 74
502 392
334 691
239 282
281 843
898 394
957 606
351 119
473 220
432 97
495 759
288 821
979 887
261 90
491 182
1009 585
846 472
958 699
888 929
340 185
285 229
372 825
312 776
879 401
608 468
896 704
286 474
873 725
275 580
634 402
991 816
367 773
323 189
1106 703
361 685
1019 620
1088 955
1129 134
556 628
985 873
724 308
321 442
474 8
701 805
353 624
402 652
409 163
805 750
973 811
519 978
258 689
261 598
345 807
426 405
609 403
1044 266
864 205
788 166
928 325
872 271
1123 140
653 691
303 750
217 350
636 428
148 215
964 220
942 32
723 977
886 163
310 652
649 363
585 643
371 266
628 325
877 256
628 721
948 715
278 766
228 734
583 183
1126 247
900 641
1048 871
682 925
1017 79
137 781
773 694
730 614
898 38
1036 806
124 395
221 599
1098 666
539 502
473 593
396 314
292 257
412 987
373 575
524 38
909 146
372 819
1036 453
611 841
880 398
1044 750
469 660
804 878
1095 39
943 363
122 581
235 32
219 655
678 527
469 138
1064 69
434 827
729 367
842 389
620 574
210 883
763 904
730 315
1032 491
1004 412
298 263
635 568
772 806
596 206
1065 354
700 231
1056 150
872 607
516 269
263 691
585 743
803 849
799 871
548 809
441 382
517 343
1012 182
955 851
485 203
335 660
629 570
838 570
341 896
413 878
820 841
980 641
1142 323
584 826
358 201
263 953
636 800
382 680
637 627
378 426
736 833
933 245
893 334
979 859
338 618
359 98
587 665
909 473
308 456
789 961
211 402
567 878
168 249
1010 119
336 379
1025 749
1057 700
927 462
448 487
163 422
594 505
397 461
1116 376
595 318
1016 229
761 453
792 524
266 619
350 707
765 467
458 991
1121 584
834 409
749 227
681 238
901 716
1090 862
622 211
418 278
353 321
277 161
909 130
800 211
766 774
1119 265
917 314
239 598
990 573
933 667
972 862
252 934
693 321
810 624
872 671
1027 325
819 292
473 239
333 236
722 879
485 643
817 490
1074 556
850 555
1055 241
767 224
483 507
152 829
742 699
408 861
730 653
440 926
363 210
547 314
632 175
286 281
195 808
758 152
1042 213
929 240
801 990
496 826
360 77
236 159
540 478
746 204
920 807
965 172
331 534
656 840
528 965
616 668
590 891
1014 346
1003 878
734 619
852 206
498 510
640 162
182 234
991 431
924 820
876 765
424 454
830 721
455 725
923 417
775 617
240 625
295 877
457 928
749 369
1013 833
675 92
649 163
624 1012
1067 952
654 734
299 335
649 647
640 923
881 796
237 179
648 628
877 559
453 107
780 580
679 156
992 793
835 397
1036 660
860 336
738 650
726 320
604 373
568 220
902 296
682 161
1099 798
660 830
574 996
664 384
873 214
260 272
368 997
194 905
478 384
907 703
671 549
572 818
1040 589
238 504
606 348
529 580
712 781
1095 469
235 218
659 234
588 126
1044 505
283 378
299 471
102 607
347 525
902 896
760 552
279 254
742 925
496 897
786 171
1013 489
425 562
987 269
666 741
567 531
371 556
760 370
509 856
931 685
643 709
1015 877
229 1004
977 386
291 144
432 662
885 710
1027 160
1061 886
1027 866
916 121
374 913
631 229
785 632
311 420
540 465
939 707
217 291
1036 682
712 272
819 144
383 512
715 614
758 348
643 204
535 368
217 631
325 94
466 912
637 726
909 777
177 971
369 890
561 684
938 765
821 808
632 219
519 847
493 292
226 570
907 418
422 652
699 753
915 838
336 548
461 680
675 742
1087 324
343 321
399 566
391 254
451 768
642 563
251 848
380 181
864 289
626 256
719 383
596 479
969 925
515 275
210 158
865 35
646 365
282 863
1061 559
360 147
448 988
913 553
652 370
848 537
714 835
858 294
793 472
770 406
589 258
1045 662
300 313
515 659
774 798
988 288
432 838
794 857
235 385
626 235
849 353
830 893
675 583
271 733
226 -25
579 768
957 93
561 677
630 229
331 545
264 491
947 634
404 928
1006 618
1060 587
516 750
621 796
362 898
819 205
425 478
449 207
786 77
339 576
621 183
831 523
1045 351
361 410
906 590
404 284
171 917
598 894
1040 262
753 57
390 740
539 623
338 497
717 695
287 283
430 497
528 782
877 581
502 611
845 484
963 821
211 969
1057 615
950 520
445 627
834 769
217 338
483 744
766 506
169 1003
618 577
362 789
628 622
474 550
463 591
347 729
384 128
1089 665
250 463
250 716
551 651
422 228
807 275
438 614
868 487
362 551
772 728
963 676
372 867
378 712
1070 653
522 578
486 312
598 157
1099 66
707 642
1070 443
907 819
723 209
205 448
198 542
528 755
1054 795
716 699
578 71
238 904
735 776
939 701
512 446
822 120
517 144
546 460
802 344
867 58
207 923
783 377
621 288
416 697
207 461
539 162
428 314
719 519
573 912
828 655
355 195
608 513
424 430
1015 366
456 953
228 422
757 188
269 431
965 755
502 888
435 796
683 426
397 198
527 249
1038 350
525 412
568 391
368 144
822 41
1021 963
578 611
1014 894
208 136
461 872
391 929
228 551
274 657
218 510
1013 650
407 426
1059 86
225 443
669 761
410 353
878 638
719 195
283 950
881 375
556 741
339 511
829 117
166 371
270 615
290 446
686 297
779 687
198 112
676 510
518 785
316 456
130 410
334 267
741 836
976 732
815 672
284 242
490 504
700 366
872 938
473 475
512 500
161 807
538 649
979 176
680 784
245 412
605 903
339 193
496 394
386 209
1057 896
237 669
333 900
831 529
357 368
185 772
853 531
328 796
884 316
156 27
400 484
977 726
832 431
785 944
794 879
298 306
626 951
986 352
557 393
698 842
414 589
474 509
878 537
261 514
446 343
299 154
400 935
809 644
327 202
644 668
546 373
422 115
497 494
840 727
776 51
457 520
673 702
1005 590
912 871
509 183
508 260
564 95
670 483
472 652
947 610
384 768
775 782
920 636
482 177
274 934
155 893
784 631
458 857
949 802
322 812
567 404
751 875
594 487
474 623
162 485
423 615
768 768
869 691
1135 249
1026 99
1084 421
546 854
928 882
319 586
339 435
942 75
676 378
845 898
787 718
551 152
716 613
837 436
517 355
513 175
497 762
506 147
242 69
475 539
1064 189
856 190
670 126
803 319
260 450
497 890
451 312
517 446
756 522
697 291
351 608
223 821
983 631
386 501
475 151
487 684
587 205
968 372
393 781
1108 693
119 1020
778 734
1042 589
813 841
725 270
270 723
904 408
916 183
978 414
385 855
1047 719
334 484
949 661
999 186
594 324
383 207
632 356
723 407
1063 863
647 324
602 812
621 607
650 713
358 704
899 473
190 641
839 686
880 383
352 341
543 120
644 190
520 128
245 652
462 345
1057 103
583 489
210 1002
924 473
743 337
399 625
618 407
760 73
230 51
271 195
249 563
502 256
490 649
262 686
327 386
1121 87
1080 288
970 450
640 886
969 655
245 557
575 521
1085 75
912 543
596 761
632 705
247 528
991 852
733 280
818 858
220 187
952 789
352 224
894 99
422 239
794 136
618 550
938 405
981 956
