274 620
1040 128
148 829
861 710
743 717
1126 812
395 207
177 507
1030 294
360 607
704 541
285 401
499 72
930 112
735 855
839 828
836 573
339 200
752 504
250 631
1002 382
278 163
367 326
546 96
670 870
474 786
330 854
488 399
766 291
473 689
357 502
473 845
548 875
357 234
788 226
1137 249
758 411
1022 453
521 251
739 164
1001 653
342 864
1123 531
462 713
597 412
916 981
669 314
299 496
931 870
1000 340
307 815
270 444
246 295
359 222
884 388
576 498
557 620
821 195
466 930
392 664
580 123
1072 653
456 70
827 830
570 903
968 862
695 641
1017 834
342 119
315 236
473 129
521 826
1067 656
412 407
347 116
476 126
352 970
1071 524
843 346
578 835
239 395
1000 503
339 760
748 182
1040 842
976 252
773 375
643 750
607 62
372 662
498 847
1008 345
928 124
717 407
528 192
350 900
542 733
970 638
821 708
645 479
714 202
305 780
902 997
994 521
963 237
1107 550
975 93
1016 60
1052 847
128 46
607 316
249 904
1128 265
1040 635
293 224
674 298
399 283
388 538
750 385
670 424
1072 209
928 866
1125 677
553 794
950 225
296 872
439 537
1012 468
511 85
502 137
259 105
638 812
395 500
964 338
983 752
791 760
879 804
469 595
703 240
665 1033
932 841
1011 878
301 936
931 828
272 325
520 853
950 951
359 345
335 609
312 392
710 522
961 529
407 569
625 97
1027 673
642 652
643 700
865 488
930 501
254 925
888 160
233 193
913 719
1012 181
838 227
800 568
391 707
1029 936
331 424
198 405
343 301
349 782
895 790
171 818
947 388
843 954
140 78
1090 807
180 216
856 1021
526 698
1082 572
845 622
425 303
999 604
761 55
871 502
758 85
700 763
932 438
569 42
801 648
505 360
382 639
634 441
682 545
992 921
842 867
234 930
1096 92
528 926
986 815
676 912
763 383
478 526
519 730
771 819
459 339
813 796
1037 723
677 602
405 738
319 638
376 768
494 573
653 517
605 375
822 694
1029 541
685 715
611 368
959 752
406 476
749 149
472 287
328 146
736 303
931 587
271 307
673 948
862 389
781 574
497 967
796 588
889 180
430 230
689 826
685 600
794 348
311 30
619 776
640 391
256 437
658 37
668 382
497 837
1017 642
803 844
966 585
684 647
598 788
769 595
889 615
935 217
681 95
796 765
244 837
864 190
449 125
636 147
397 609
733 291
169 666
379 304
827 718
749 356
377 898
356 514
311 993
423 878
1073 787
918 703
296 354
660 214
696 724
232 530
734 776
528 747
1020 735
352 442
1051 873
642 333
321 730
738 844
575 853
784 231
846 748
1138 763
992 140
646 435
581 497
725 95
257 897
719 847
979 933
337 209
529 78
469 305
216 552
926 785
616 598
581 682
926 932
770 829
890 949
621 878
469 454
935 585
256 713
719 190
474 388
875 553
154 362
987 948
334 262
791 911
666 200
839 940
425 662
309 263
968 223
981 697
827 458
312 390
524 567
142 726
726 729
1067 542
633 908
937 697
988 391
382 932
695 503
617 976
1083 869
217 1009
581 762
718 497
165 216
428 45
819 666
793 47
209 731
568 552
820 370
737 924
460 905
709 560
544 24
321 80
438 862
573 730
252 252
625 250
908 893
882 547
436 164
1010 702
349 103
534 69
713 725
812 344
453 220
213 631
918 480
511 673
263 87
703 438
637 455
922 827
563 294
206 117
1112 410
362 396
341 157
1018 348
410 351
743 595
460 286
665 911
458 652
398 191
727 444
1014 427
353 1032
790 865
874 77
385 495
492 478
993 624
313 974
604 648
291 507
1058 693
184 760
597 317
533 361
152 647
560 238
588 714
925 467
830 162
652 394
252 552
880 746
798 622
388 440
749 367
1037 822
831 170
724 829
841 475
827 287
518 298
512 867
872 208
339 69
534 683
1020 345
280 832
530 48
128 601
604 557
494 468
762 726
1090 757
610 133
665 229
960 285
537 975
497 834
824 509
391 760
711 731
844 244
985 410
888 489
297 532
539 702
473 855
564 270
652 392
877 240
605 814
531 860
752 880
657 832
792 300
596 633
1048 312
1012 309
447 924
292 355
313 757
641 449
367 490
952 557
720 853
547 688
717 79
299 680
1027 244
708 173
1020 705
1075 117
877 1031
532 505
444 341
218 514
535 653
349 235
677 178
527 484
287 563
919 996
873 353
458 274
819 236
903 545
315 -1
358 365
430 350
393 855
167 526
914 429
277 324
727 572
259 706
522 294
723 258
693 349
243 681
963 125
957 531
383 233
416 793
515 303
219 923
309 600
963 494
604 556
354 653
992 325
221 204
644 828
282 651
261 568
979 320
583 648
739 962
1047 218
966 394
1035 630
278 494
709 839
718 476
526 330
161 70
866 616
803 126
781 850
207 434
242 451
641 647
1055 930
468 485
998 699
318 200
418 737
578 350
220 404
173 399
812 403
321 531
247 542
281 495
691 209
923 158
134 262
409 347
826 570
988 157
410 563
901 553
580 435
217 783
932 699
337 404
1134 999
831 37
235 846
1087 135
859 772
680 163
690 912
549 23
600 220
990 448
705 76
1010 275
385 596
1001 400
1023 208
195 600
837 106
389 576
333 790
511 368
591 672
905 487
1011 841
582 175
1071 771
711 541
495 141
346 788
1044 651
254 148
556 466
588 531
744 339
295 484
424 166
750 389
960 218
689 339
508 579
972 372
323 473
932 699
471 800
744 848
562 915
603 885
473 129
935 132
692 52
761 594
876 886
521 209
932 648
602 26
1151 449
534 311
773 315
482 598
527 628
1003 320
813 847
230 439
807 249
670 932
1074 834
628 49
1115 598
568 214
248 180
305 876
727 89
1094 322
1043 498
368 694
367 341
500 652
983 502
244 66
521 889
244 541
237 244
542 618
651 394
463 346
1050 135
997 770
999 603
352 637
506 178
310 399
449 121
387 167
1034 211
529 278
952 348
788 538
752 355
875 841
833 449
1140 695
655 730
1054 264
898 819
719 333
868 673
411 315
363 575
931 636
428 193
943 773
707 519
738 94
387 271
866 541
982 607
174 283
980 502
959 475
192 398
430 253
405 861
943 589
305 826
222 421
949 846
789 487
211 907
265 265
468 575
1066 915
718 595
941 476
992 845
257 379
342 569
227 630
661 145
418 909
214 441
596 942
480 471
362 468
947 870
267 693
429 87
437 240
903 219
607 122
928 325
323 208
517 472
993 272
439 348
494 472
851 479
677 340
794 634
880 694
987 764
924 607
175 93
350 190
375 428
694 654
600 699
823 644
1020 671
225 540
683 259
453 422
262 990
943 420
681 462
820 462
347 635
1093 509
803 119
982 138
511 138
939 756
828 565
1027 709
405 272
843 301
994 835
385 723
615 778
818 292
500 724
694 538
322 714
678 567
850 334
221 245
364 898
756 488
290 429
565 606
1037 114
765 684
199 468
972 704
1096 484
491 608
269 467
367 481
454 509
618 499
1006 468
904 402
677 114
999 604
1123 549
874 412
944 412
574 662
565 678
1035 142
1007 25
857 456
489 271
689 99
831 557
788 801
830 585
883 96
858 708
605 526
603 121
563 609
856 587
960 354
546 569
791 685
603 858
1006 151
1030 675
1018 237
1010 935
442 786
430 407
207 860
402 429
863 476
1000 933
505 618
719 291
866 53
382 655
1046 123
940 115
230 462
694 221
581 629
455 317
818 527
939 522
661 591
730 185
901 80
353 901
566 90
522 338
268 257
661 823
536 815
452 751
729 537
489 368
1035 266
1040 87
646 312
382 146
460 367
969 153
336 604
797 830
974 911
786 654
1047 553
585 561
469 438
901 322
203 403
745 332
504 54
540 841
571 118
996 218
626 791
682 70
998 195
346 947
616 649
801 174
550 726
318 777
755 870
606 712
352 999
238 84
601 411
936 584
733 603
241 421
329 386
939 201
697 418
482 397
443 122
184 951
811 576
381 478
738 306
740 721
236 578
681 548
585 358
994 568
1008 667
583 428
323 574
667 265
946 121
279 465
871 192
863 209
516 398
442 916
588 276
928 59
800 679
887 652
779 139
623 556
551 816
960 891
1046 156
575 641
464 937
476 401
234 885
810 253
276 134
452 207
289 107
329 912
995 249
369 77
691 538
381 812
1018 571
894 855
404 423
941 497
632 927
872 320
711 216
896 794
917 776
757 50
1073 71
777 636
592 36
361 665
1027 690
322 931
863 929
811 757
1063 447
1024 562
732 455
770 861
349 566
950 704
418 602
286 958
557 131
744 187
1056 427
290 547
1083 192
864 525
967 556
758 915
1049 865
202 408
702 844
411 852
752 389
748 962
406 733
476 524
838 550
982 742
810 146
587 929
969 288
525 225
600 772
605 898
502 322
469 688
756 563
758 420
524 149
261 863
727 588
411 615
827 140
209 620
746 779
698 56
948 807
682 158
297 360
489 818
625 709
258 926
687 133
468 538
360 209
1053 865
607 675
305 939
648 237
1046 394
808 250
929 549
534 954
981 338
421 638
393 17
1033 508
893 120
1085 160
534 825
810 258
1088 561
588 1014
642 855
675 683
924 694
497 783
1003 952
957 320
541 751
770 734
997 475
797 909
937 423
823 521
