802 773
1089 217
709 300
576 666
422 291
598 944
430 519
480 639
561 362
604 822
471 755
331 541
525 327
802 557
838 258
678 356
1111 285
403 632
1042 251
719 428
524 396
201 43
357 845
907 663
292 793
883 251
1019 231
731 502
550 181
234 452
1033 529
1011 457
1083 335
958 305
914 261
806 267
994 150
334 621
693 930
248 999
500 462
1000 302
608 902
681 212
961 1015
474 873
801 812
725 689
519 52
703 137
510 616
748 572
343 599
788 278
582 762
238 824
508 941
786 354
963 626
633 757
552 741
500 107
1105 69
214 63
614 178
285 154
504 363
925 166
610 255
989 584
225 516
1017 137
1098 8
455 464
889 396
770 521
1076 261
622 855
991 720
987 821
1137 134
402 67
1070 573
649 672
1078 554
708 600
741 574
857 541
543 436
611 151
860 705
894 647
776 908
1046 816
906 169
602 576
703 245
728 361
219 851
766 489
1004 497
633 622
783 306
936 776
778 533
545 988
1116 558
604 111
760 539
809 767
716 782
447 917
1082 638
498 378
597 101
908 201
1036 640
982 955
207 415
688 260
907 724
851 200
1088 525
669 204
372 914
582 45
270 909
1079 613
562 350
379 828
553 590
508 57
478 306
624 371
685 527
1074 813
489 338
839 46
652 132
818 452
866 890
798 887
1003 464
671 760
214 484
429 762
789 939
242 604
301 675
1035 118
810 792
200 373
470 717
881 792
787 824
1117 925
641 164
923 156
742 511
879 370
195 435
542 545
393 445
547 554
166 812
511 653
345 653
419 345
762 416
335 232
691 703
859 219
647 831
232 553
415 572
668 447
471 609
448 292
728 322
465 232
794 871
918 784
453 405
267 540
553 350
609 633
499 677
600 846
460 744
933 859
1020 877
378 873
262 231
261 151
908 640
844 175
886 356
999 367
509 505
116 83
291 388
334 286
945 90
276 357
235 937
399 651
460 334
400 453
263 647
631 393
983 746
507 613
428 838
926 115
1032 503
247 636
249 730
1036 658
930 947
1084 216
892 223
1021 410
750 731
1017 792
868 217
403 443
685 366
544 626
648 836
850 129
701 765
854 166
391 616
641 235
339 643
1018 491
795 855
730 815
444 323
723 410
1086 211
809 683
616 545
879 238
693 544
637 98
889 -4
1143 661
923 249
234 559
640 862
532 849
665 202
759 309
965 388
373 562
362 719
750 31
533 356
750 304
698 734
1065 225
702 285
571 667
393 844
1020 665
1031 232
591 -6
936 700
420 421
746 565
649 342
426 207
1013 942
847 346
205 450
198 705
847 955
502 161
922 629
210 609
363 733
885 725
1121 736
546 499
895 154
581 632
575 553
513 725
701 506
643 277
344 342
422 462
989 849
875 302
937 437
1063 543
199 856
665 595
662 606
970 453
984 893
510 515
845 179
423 1007
335 307
168 135
807 928
884 920
343 621
750 630
781 744
1048 842
396 664
953 145
570 882
734 982
1008 493
485 119
518 111
864 282
169 223
922 22
464 611
893 249
229 73
301 896
555 516
974 381
306 808
716 338
555 353
789 842
926 67
959 451
705 864
923 885
449 304
731 479
822 245
311 927
628 844
1017 228
510 91
583 193
165 952
584 628
688 245
315 389
673 850
1032 409
593 887
350 436
834 886
860 135
785 654
306 111
837 564
1024 169
101 996
963 401
108 209
1036 507
424 56
999 501
236 132
877 785
367 261
813 397
999 696
418 81
358 622
837 122
369 592
317 854
586 424
334 910
560 816
316 501
780 740
1022 28
899 496
506 233
798 606
804 231
1002 886
325 746
256 687
828 449
358 930
950 236
412 624
1012 195
346 125
565 697
726 651
543 720
619 921
196 633
302 901
1072 962
917 765
200 498
281 155
928 795
626 504
909 90
934 954
240 559
332 242
385 923
623 780
884 858
301 754
593 996
575 636
667 650
978 546
470 451
342 615
739 806
378 337
706 345
334 227
1003 458
900 137
396 435
678 292
928 147
1046 222
994 709
620 315
998 134
616 1006
655 231
775 643
253 346
256 145
839 292
613 1032
473 513
397 582
1069 839
1036 48
1044 446
541 848
531 379
1030 254
981 396
974 302
765 457
1158 1
968 420
800 908
960 635
309 597
531 464
382 505
866 621
326 622
539 153
354 884
526 653
819 315
693 652
411 190
482 701
875 302
627 787
316 410
293 892
286 769
462 457
553 438
829 246
713 921
198 202
654 868
429 531
895 857
706 580
476 245
1033 546
442 794
304 10
867 493
484 506
842 386
724 369
1008 625
711 807
749 719
610 838
434 381
439 190
863 640
679 34
565 643
223 233
279 48
838 364
525 664
467 853
259 242
461 711
844 423
643 312
533 171
938 695
1007 682
576 355
888 238
927 312
693 364
760 99
702 429
846 825
368 777
734 187
733 738
315 484
439 362
484 329
457 274
313 923
782 854
907 265
517 191
581 803
528 131
258 700
647 107
424 65
726 -9
946 949
378 768
276 703
281 132
449 767
893 628
898 581
548 537
546 445
680 755
307 368
715 179
815 667
622 556
609 663
521 1008
659 620
295 129
607 168
918 314
273 543
457 212
706 691
1029 391
577 60
176 595
551 170
833 753
213 562
379 241
672 339
1106 744
961 329
530 778
1014 922
830 303
238 485
873 167
259 875
496 850
1012 693
389 610
195 355
829 692
845 309
984 362
872 742
865 623
900 933
402 123
708 158
927 251
857 283
1083 419
316 542
163 810
992 810
157 695
790 280
796 219
536 248
645 830
303 976
739 979
833 559
1040 818
701 660
889 963
584 642
428 174
400 158
887 478
610 335
873 123
810 687
670 191
762 312
926 372
586 516
427 728
623 758
897 883
751 740
1030 548
438 318
407 627
192 958
866 541
601 793
812 62
218 186
667 803
337 604
271 801
851 614
763 486
760 478
1063 330
546 243
625 288
1076 837
723 148
657 51
481 423
350 426
992 653
422 559
1090 909
973 514
290 487
858 369
560 922
738 879
774 783
601 736
1013 682
733 651
857 310
310 571
330 296
351 300
692 688
1045 462
520 662
280 140
411 191
790 483
290 389
448 331
887 246
857 770
1022 359
446 717
775 693
550 384
525 831
676 444
374 421
143 91
826 462
1115 524
363 530
808 283
599 117
276 809
612 146
787 483
402 538
676 824
1101 474
829 710
237 525
446 986
800 332
935 322
696 667
593 697
379 175
312 901
675 649
981 302
324 905
1020 532
1017 244
297 335
257 840
427 409
892 758
440 693
830 717
352 338
999 378
1095 291
971 851
528 538
897 855
654 98
1079 504
1040 185
406 67
655 896
1044 896
408 407
278 135
681 644
318 54
410 389
263 737
1024 727
819 146
776 267
957 436
380 685
1135 717
698 792
786 691
884 768
541 204
923 298
785 160
853 572
507 115
951 241
344 578
200 520
730 413
469 472
319 299
444 900
793 880
654 650
1041 928
820 124
1138 684
1009 480
460 787
955 245
832 213
998 245
857 485
815 460
580 599
934 706
371 330
970 533
459 828
742 248
463 272
485 557
834 882
1156 1001
1071 210
465 832
567 530
853 657
740 810
448 822
270 511
256 151
923 875
540 130
197 804
436 269
689 95
967 675
557 626
606 363
398 136
488 114
793 903
812 224
146 462
1057 678
291 273
951 187
395 298
993 322
551 527
773 391
725 402
616 893
835 445
430 395
334 217
711 135
873 660
487 676
417 799
1073 1017
900 487
886 276
740 97
577 880
258 464
468 398
334 129
1005 902
237 826
885 853
271 868
1017 236
827 492
1007 137
1098 587
758 561
647 651
615 545
755 132
625 74
394 895
916 420
297 338
438 351
696 602
970 153
381 120
509 407
980 709
515 445
828 822
752 353
509 904
674 595
313 400
360 147
690 656
408 127
864 92
1134 8
590 471
471 232
912 675
664 612
792 689
294 416
475 868
753 362
979 591
521 651
729 68
433 156
664 579
740 477
957 623
587 290
245 291
825 608
754 409
701 457
405 771
568 897
1034 671
248 43
638 623
494 289
762 337
523 152
324 583
822 641
247 197
366 583
779 544
508 636
664 806
879 267
1002 847
298 660
355 158
943 641
391 580
939 772
356 308
737 422
708 827
1006 458
808 445
884 361
278 812
1080 772
553 196
1042 144
1098 197
353 739
668 977
199 599
354 918
736 942
201 732
888 507
354 445
219 575
429 379
903 853
221 82
952 368
340 810
475 813
601 640
256 15
485 815
452 390
589 586
930 152
680 108
592 693
518 229
487 368
1030 852
415 291
816 650
660 866
683 441
970 385
502 832
937 671
619 515
660 529
807 135
688 148
776 311
876 854
1040 262
360 811
782 625
642 653
565 541
667 310
251 634
499 327
1052 465
856 928
988 332
966 142
387 317
537 820
561 147
244 824
668 369
684 332
200 285
933 421
682 640
349 382
843 359
742 376
249 829
201 292
738 295
544 482
803 1027
443 710
662 383
944 374
577 562
552 706
636 397
270 389
775 128
980 151
795 439
923 317
1022 635
521 293
292 769
811 34
316 818
863 141
825 21
357 955
219 153
989 215
309 94
796 382
753 435
807 880
363 690
460 414
259 198
1016 208
219 518
844 230
254 316
898 72
356 741
1116 156
642 305
