818 131
749 271
310 1004
1002 227
822 584
1128 215
713 459
245 197
595 460
689 757
187 738
508 805
850 483
238 901
317 105
407 497
689 152
817 681
431 832
427 674
727 402
784 135
390 287
1032 616
870 355
540 595
371 909
374 441
909 754
962 416
786 434
527 671
316 633
327 681
541 221
1071 646
759 491
355 795
311 84
604 772
630 -12
348 207
997 266
1011 774
893 431
658 549
749 751
1093 740
408 892
247 286
687 635
406 211
266 161
324 946
514 919
798 198
226 774
976 217
989 504
399 363
990 753
314 343
387 892
972 168
455 572
889 1000
714 186
754 666
473 1039
1024 734
595 555
445 743
528 561
755 896
867 473
922 242
561 516
278 772
500 601
1009 194
655 795
1059 469
300 403
301 848
747 461
889 680
777 625
399 728
639 373
253 393
625 569
221 809
447 872
1016 871
634 49
1055 547
394 847
678 921
1131 763
267 148
932 49
860 77
257 299
1085 694
616 422
1085 880
239 186
475 790
549 476
604 312
900 244
648 413
436 275
357 349
755 196
545 416
432 169
335 416
1009 872
749 498
776 115
974 769
732 604
188 559
563 367
230 794
219 422
688 623
796 575
657 624
580 707
1043 1009
1024 865
999 228
240 194
231 127
572 706
856 590
323 872
1098 89
932 732
838 555
505 659
255 455
599 588
345 766
769 439
397 189
364 723
834 795
474 445
930 758
745 483
417 352
926 118
926 861
706 123
778 107
678 230
699 663
286 596
1080 616
741 103
513 819
824 174
663 502
503 433
281 774
968 193
468 716
1158 176
884 730
957 203
586 502
252 951
328 543
901 147
659 653
478 289
782 612
1045 562
1056 680
800 854
1015 747
322 693
663 466
1023 119
321 661
677 378
766 257
588 535
824 188
612 261
812 719
572 639
369 257
518 525
731 687
1004 481
508 70
326 945
748 107
142 612
418 403
435 858
1036 91
509 307
210 909
753 603
797 444
1115 15
407 127
545 154
1107 326
802 547
484 93
892 471
582 746
482 628
459 889
1005 736
794 875
964 495
391 219
390 694
1113 511
225 499
580 340
734 586
863 101
864 364
377 324
227 507
557 31
865 314
1106 416
470 466
494 32
440 281
988 618
287 447
722 67
626 885
832 664
360 724
392 441
320 746
283 551
388 341
234 323
579 255
301 513
279 836
999 364
758 380
634 490
641 543
1068 166
578 711
226 781
812 620
996 67
306 200
352 516
372 240
366 870
255 301
577 373
244 183
376 195
957 886
852 262
692 795
725 389
448 504
796 239
658 184
718 118
224 917
509 596
757 500
743 841
268 635
1031 478
992 684
224 288
315 216
898 386
878 184
163 619
622 417
910 78
382 422
451 604
699 779
624 991
860 425
726 37
202 97
961 865
357 297
199 929
587 937
1013 764
635 293
684 146
301 352
221 45
694 1011
503 490
837 223
263 586
805 184
860 454
292 184
621 144
529 819
859 786
573 311
844 486
205 578
714 701
664 624
533 288
221 382
299 967
993 893
635 151
266 754
392 351
786 740
1091 255
725 274
535 461
185 334
364 769
597 267
1001 647
536 889
424 1039
957 221
911 644
475 449
569 825
1008 253
663 765
407 585
749 951
932 620
519 779
175 892
793 51
511 936
1011 644
776 128
261 10
697 703
569 353
873 378
609 416
911 589
268 559
610 527
933 111
816 441
648 857
500 982
667 762
326 535
350 708
696 686
775 832
713 775
1073 758
340 866
823 265
554 347
287 275
946 268
880 275
1081 302
867 865
936 189
1043 462
990 35
892 155
329 1029
545 744
589 817
299 435
612 129
301 225
485 623
1014 672
600 386
844 682
502 222
944 674
843 259
485 559
450 311
303 134
466 198
332 110
294 104
1079 829
720 184
359 730
965 491
809 428
674 401
494 460
604 744
993 664
385 149
357 785
462 819
1093 572
591 907
1131 32
418 907
475 894
535 205
968 134
1090 1012
1032 619
382 715
277 295
563 733
997 907
836 414
580 978
840 785
701 643
488 423
659 408
693 268
598 466
334 68
362 655
260 815
400 510
586 718
980 758
867 565
792 843
704 242
140 872
626 35
634 164
830 275
231 352
486 585
715 710
539 692
1018 172
416 348
247 400
261 811
1043 194
797 866
339 244
897 339
947 694
600 770
639 781
256 792
290 724
819 613
973 671
791 769
464 482
330 943
953 163
580 577
855 149
954 882
557 890
459 862
584 971
900 883
469 537
743 837
687 376
884 930
982 961
883 662
783 633
473 367
631 606
400 174
852 311
1079 329
745 928
795 718
535 499
612 836
780 372
756 715
410 106
477 331
882 547
520 663
630 638
742 585
726 879
703 296
298 958
266 982
437 726
570 163
557 319
492 276
826 808
746 464
232 165
792 429
642 273
684 963
262 888
1126 432
413 643
557 956
261 838
173 817
978 730
451 899
1053 300
480 28
876 508
856 772
523 877
643 282
973 277
361 526
646 607
820 893
191 749
764 867
447 485
919 534
1008 162
195 197
607 831
680 791
488 926
454 329
1075 920
826 407
480 217
1069 364
364 240
796 825
553 310
896 109
675 818
667 300
491 349
1122 20
611 146
636 903
991 205
428 864
619 316
782 775
793 404
857 69
392 620
763 805
577 435
697 796
1092 892
854 382
260 765
512 805
763 656
465 446
432 202
705 798
1051 628
539 736
1057 491
725 627
434 85
717 298
248 401
495 918
967 362
835 286
972 663
428 439
616 713
1043 489
989 696
335 363
508 173
309 507
582 183
922 473
441 166
774 91
479 511
807 803
459 461
168 873
1063 381
679 284
752 883
766 169
935 462
831 737
1057 823
895 863
769 572
361 792
451 797
784 747
794 794
977 276
550 948
163 667
402 132
778 531
298 138
272 175
810 322
804 830
265 568
941 648
919 523
311 616
841 754
672 702
524 317
580 816
524 141
509 675
669 441
987 454
680 913
861 224
375 976
628 316
265 106
747 733
460 864
772 821
689 206
807 281
449 231
610 479
784 416
793 160
972 783
648 541
269 594
973 857
470 263
304 664
543 931
751 380
456 316
433 548
1081 791
581 883
666 725
1013 80
356 868
289 649
466 274
334 303
404 111
659 286
736 510
655 540
594 848
1007 81
398 104
634 961
852 361
401 318
548 259
535 227
749 436
229 997
406 246
398 743
591 633
370 916
782 201
312 937
946 494
759 152
352 966
843 400
753 312
853 866
225 691
782 232
1085 654
557 583
1117 399
220 697
653 282
721 216
332 295
250 707
593 774
782 934
236 366
985 491
417 443
945 616
441 859
295 703
349 319
341 651
865 211
758 217
660 864
993 65
967 344
725 358
237 762
189 676
261 812
573 336
965 376
474 419
381 336
971 564
630 317
470 536
283 161
751 85
1019 684
1067 727
989 819
377 814
146 730
479 647
774 106
198 443
1044 507
569 611
1014 200
1056 321
195 64
476 394
752 678
604 713
607 31
471 154
944 798
450 792
1013 851
689 667
329 186
794 763
409 527
528 486
849 629
733 158
334 452
649 807
925 693
582 521
357 590
326 770
984 543
1158 658
1130 19
809 614
298 161
511 225
644 293
781 369
378 552
825 352
1073 165
753 678
702 542
582 669
452 466
432 795
289 239
246 886
288 865
930 380
713 248
752 417
964 942
691 2
314 882
251 625
1002 187
716 969
752 591
665 606
297 141
486 271
994 190
972 891
1022 112
942 486
357 602
759 295
1027 269
866 659
542 780
443 143
860 142
933 537
262 372
447 307
733 84
551 706
438 904
939 224
1010 86
813 900
843 603
782 355
766 402
582 622
843 320
408 741
362 767
789 826
627 201
653 862
1020 449
397 817
497 632
563 659
775 627
934 594
882 520
722 419
411 103
826 90
928 682
505 704
425 695
725 602
322 415
856 473
247 468
717 126
182 600
276 922
982 798
486 204
227 776
503 592
791 130
696 1009
1041 830
477 619
546 843
958 409
435 321
312 107
881 204
806 856
845 225
1061 721
1103 68
233 569
314 365
1089 630
749 609
1090 198
173 289
907 504
401 144
736 266
418 776
577 314
957 183
649 418
524 922
673 858
565 841
341 609
1033 472
257 371
968 588
571 850
432 445
846 923
804 208
812 700
973 705
336 489
720 124
1127 526
369 585
848 81
340 595
703 918
741 357
1044 198
471 622
1089 942
792 222
766 211
1036 858
922 442
268 581
391 388
623 442
603 908
751 807
911 227
330 401
497 792
656 691
270 273
975 119
1070 221
241 204
785 666
900 806
609 818
1023 295
398 120
502 894
173 570
480 906
1021 658
522 566
907 841
1138 980
342 702
997 631
1020 315
839 205
884 676
874 421
827 127
987 613
836 899
438 166
1016 168
856 290
629 574
790 713
472 945
809 673
903 888
592 977
472 -12
1046 567
716 338
1014 672
705 875
973 660
1000 746
480 695
507 577
503 276
426 397
314 86
989 587
676 829
431 997
793 559
1055 111
895 661
332 548
476 701
726 830
398 680
812 453
645 405
1082 638
338 445
1028 464
834 981
594 835
592 680
999 1008
1025 307
597 139
508 7
801 298
1048 153
875 227
777 611
532 585
781 812
754 811
219 343
516 124
847 568
423 879
381 340
603 661
762 243
