624 303
1021 998
1114 564
1037 768
438 294
967 439
263 486
529 656
469 265
550 369
571 1026
656 180
875 93
952 53
982 460
552 698
431 773
545 255
521 73
768 152
768 990
547 193
476 691
472 335
222 938
703 13
551 25
943 215
920 935
397 878
195 367
272 774
383 788
613 401
973 279
460 246
759 84
871 916
934 690
699 228
942 279
365 372
1053 204
413 485
891 528
520 506
808 382
396 696
524 824
711 617
238 277
204 702
411 980
1057 969
864 856
739 564
970 887
820 180
747 195
900 121
348 324
595 234
580 202
327 526
1014 431
556 893
1048 859
772 165
307 1044
407 229
710 346
332 707
607 509
938 309
177 901
695 672
466 170
755 518
760 337
947 352
897 676
844 364
639 222
765 798
559 404
881 451
539 666
805 884
405 904
150 708
963 898
626 112
1105 697
658 212
861 945
642 508
282 589
541 433
822 572
730 825
586 388
1017 873
360 221
333 266
1038 169
566 526
759 451
604 870
688 458
919 347
432 881
867 324
706 611
1046 304
575 1022
333 753
547 72
653 837
642 843
496 584
952 951
792 479
350 592
269 844
668 757
412 820
897 448
919 235
318 150
376 570
646 819
981 588
883 125
901 343
309 460
1147 926
424 184
360 580
166 335
781 118
546 400
523 764
867 170
331 224
812 432
952 825
674 818
614 773
1044 736
1133 984
392 959
791 494
503 76
554 577
345 666
457 839
433 845
744 774
388 279
821 528
501 564
772 614
610 377
557 694
447 480
410 413
846 296
1022 630
448 681
555 356
674 762
766 335
599 927
268 402
404 902
915 911
729 901
848 800
710 587
861 494
991 544
648 676
252 314
1014 429
166 261
769 932
791 790
353 889
212 270
326 142
560 520
747 784
400 702
690 335
846 484
543 299
338 812
1083 210
477 522
548 439
368 168
1106 662
986 286
492 363
185 888
162 344
302 565
727 397
347 612
1024 467
366 542
468 860
226 835
889 288
358 384
679 963
307 291
923 732
672 504
794 970
1012 142
1069 809
989 755
640 901
598 552
947 343
787 639
381 111
1036 710
339 138
562 721
375 105
1157 121
858 612
1065 758
470 254
619 902
486 625
386 724
461 779
518 227
860 467
660 831
697 585
670 369
1029 58
561 153
911 84
1094 984
805 791
361 373
576 701
520 200
743 340
468 372
1021 734
378 758
444 480
583 348
807 880
1003 530
986 873
879 777
847 328
434 486
429 671
736 486
736 704
551 546
882 35
926 101
825 401
520 743
700 406
763 717
726 811
360 901
324 790
319 126
640 450
556 759
254 402
645 699
1058 475
278 448
864 593
300 754
792 20
1026 946
1014 270
339 429
1066 172
603 869
220 288
608 503
971 108
315 916
891 681
241 241
372 421
320 188
787 339
535 512
674 152
462 723
933 644
811 507
805 934
1055 181
1039 1002
506 798
1022 823
723 220
555 524
884 609
271 484
942 476
682 158
320 647
308 776
642 642
483 757
746 526
1063 472
547 790
966 778
409 215
429 690
1042 640
734 235
645 563
601 422
1002 854
1095 1045
545 114
886 210
831 472
906 153
626 375
254 163
612 497
657 686
595 794
715 172
403 965
307 294
733 888
717 496
365 612
723 1022
813 191
953 313
744 39
969 353
215 576
132 60
1018 813
504 180
437 779
735 250
966 128
340 459
1000 776
1014 760
344 452
363 438
506 491
459 885
1042 560
419 583
834 484
545 136
896 92
496 339
925 361
435 273
506 824
416 719
992 774
488 580
843 348
689 776
488 832
841 463
974 893
395 179
335 133
490 583
702 469
776 43
606 223
678 319
237 518
687 1008
391 513
809 249
967 849
825 732
285 124
442 474
301 208
540 728
1045 907
700 517
817 209
614 992
634 356
807 505
709 518
587 428
875 336
340 748
369 825
567 624
857 458
958 430
316 852
331 231
801 280
750 145
450 521
629 763
1013 637
1013 665
900 299
953 900
574 732
359 219
529 265
951 178
648 269
529 730
1024 64
660 706
435 829
668 391
831 591
901 555
606 433
627 209
604 872
280 310
1091 546
853 724
949 668
1069 98
475 232
611 190
360 415
891 385
989 88
554 441
582 618
560 351
368 849
1050 965
358 274
557 905
1045 90
449 631
349 321
710 374
413 288
1014 146
1046 526
852 857
533 713
734 251
984 936
289 286
1052 197
512 872
785 842
326 292
530 688
291 396
334 229
685 536
620 150
559 652
759 356
715 390
923 754
360 277
587 472
936 100
539 106
526 683
691 226
916 864
1052 613
320 546
745 680
744 466
954 422
356 253
263 689
1002 234
791 1025
983 333
804 821
1070 386
559 573
818 352
682 189
228 687
746 185
798 336
497 567
971 907
337 321
926 196
492 132
1059 789
747 593
853 280
261 700
762 608
413 334
572 847
607 133
301 355
513 762
622 835
846 448
846 285
180 959
792 104
830 869
953 189
338 563
593 707
529 946
953 488
237 321
499 501
247 636
704 951
625 188
275 351
753 458
1011 796
660 265
619 303
182 65
851 977
953 818
338 539
822 432
1101 274
1064 553
414 789
450 594
265 421
681 265
455 102
817 205
327 359
896 785
130 461
397 536
426 764
832 223
845 448
926 907
241 656
284 593
1001 757
440 888
1034 762
666 775
1000 559
626 54
463 647
658 259
303 713
1114 149
1124 533
892 971
238 244
504 143
722 592
271 824
494 603
1076 666
881 343
821 102
872 608
654 400
505 658
941 631
1049 134
641 174
676 478
320 829
586 476
704 640
551 315
941 948
388 659
768 694
1143 1006
895 674
201 1027
360 927
444 218
177 414
695 163
253 717
856 695
873 935
451 396
185 854
666 916
511 939
443 306
787 217
935 881
147 640
313 493
722 419
941 240
912 814
891 889
510 135
551 347
722 917
145 360
227 366
793 239
287 952
847 576
845 781
197 232
1089 794
443 159
576 497
627 431
557 761
682 805
309 263
908 630
604 961
823 919
331 490
442 321
820 719
739 931
650 26
437 288
881 792
739 715
710 882
435 159
1102 618
498 101
373 895
869 567
437 517
366 906
853 910
303 375
673 258
678 317
321 672
147 395
431 447
530 417
868 899
263 212
937 385
427 654
711 504
718 672
968 456
905 338
750 836
945 -3
232 797
418 781
799 853
336 570
419 20
1062 185
665 777
195 281
447 624
651 543
767 787
738 603
1005 601
716 471
903 917
672 97
695 809
1024 831
538 119
401 423
537 709
991 929
549 905
1010 559
445 156
779 129
950 639
915 274
825 878
453 441
993 315
383 381
670 307
215 657
709 217
356 508
1053 240
261 343
263 666
787 187
576 488
636 458
627 973
773 253
279 703
1081 287
410 350
290 411
715 660
214 297
246 683
933 823
942 666
868 507
841 884
416 185
976 274
1003 152
915 129
236 752
936 934
395 280
542 771
996 391
381 571
720 169
851 647
581 455
709 728
928 822
774 212
149 652
1051 663
1016 108
921 612
920 482
224 542
705 789
465 128
1035 872
214 265
565 -9
268 129
502 298
547 880
894 19
407 579
601 284
839 839
626 743
235 891
780 841
863 135
878 199
972 637
437 746
944 474
449 569
846 75
301 695
1153 835
945 761
471 345
1064 324
199 294
519 640
962 491
1039 369
445 682
550 391
865 462
991 885
770 628
967 249
661 852
1005 421
203 206
536 625
582 753
332 787
589 930
719 699
1001 651
693 838
161 133
355 839
1070 743
486 546
740 357
480 486
523 759
1029 127
296 872
944 692
703 177
344 178
501 785
117 357
486 289
1118 837
481 757
1005 422
861 414
1028 579
970 657
280 880
381 464
203 802
387 895
900 595
335 157
688 419
556 144
736 124
1030 779
696 939
962 329
444 358
1052 699
602 634
817 443
256 453
774 490
584 885
400 531
607 237
249 958
960 553
1124 623
339 899
1041 829
639 194
765 523
667 491
583 145
811 455
268 823
978 260
533 634
868 226
383 562
199 45
627 459
1013 273
511 223
1026 42
248 335
541 920
366 541
643 882
357 889
262 856
345 729
652 303
269 127
471 164
1015 459
761 29
235 584
490 178
256 597
396 766
758 776
572 248
737 389
984 118
461 349
1057 382
439 779
425 770
455 512
502 556
360 39
877 277
862 621
1035 127
342 328
653 150
958 290
785 993
274 639
357 78
598 375
227 471
885 677
600 123
248 580
990 118
264 639
1006 225
402 137
862 893
664 565
1021 256
1033 168
906 428
752 164
827 188
957 293
602 820
237 613
637 620
823 640
1045 817
884 534
340 360
1024 528
1085 -3
315 884
462 834
558 629
644 413
271 676
895 605
529 429
606 675
961 91
994 814
792 216
1030 646
897 280
1022 496
991 817
872 471
694 719
513 696
456 275
558 685
808 839
631 760
511 897
708 150
711 138
590 95
616 351
1001 471
611 769
467 377
952 293
300 990
694 444
226 155
1039 411
939 493
722 854
228 553
887 793
446 876
1041 404
235 450
563 560
944 76
536 875
844 469
401 81
709 147
1063 229
626 134
932 180
432 740
772 464
1044 855
197 383
826 326
970 352
379 223
1101 989
1112 338
711 151
746 883
420 674
971 455
711 757
719 292
973 898
525 929
539 682
959 633
895 742
302 625
1003 101
772 184
