948 445
631 260
484 863
789 629
745 359
640 803
761 838
812 618
987 901
247 438
588 121
618 882
567 441
703 878
375 976
801 366
960 114
605 653
422 86
700 845
251 389
514 829
696 436
942 228
292 734
926 551
1059 543
953 88
606 758
684 805
376 481
993 358
456 567
394 471
798 670
551 744
457 915
811 506
468 771
672 564
305 459
651 840
610 554
839 444
561 396
605 892
474 321
439 250
374 282
425 673
510 908
180 811
635 354
608 735
211 558
1047 526
581 413
523 334
199 958
644 459
388 589
370 862
462 476
710 237
779 133
851 477
813 657
847 615
701 543
770 576
1125 910
386 566
814 875
1104 235
638 452
206 273
678 139
201 964
525 872
792 363
754 224
295 752
837 616
696 917
493 332
277 962
587 550
303 480
671 655
1118 770
904 204
912 961
590 148
443 286
426 642
946 581
412 412
291 492
920 433
887 856
496 332
930 372
888 123
364 648
685 99
1035 693
352 834
1007 562
1031 522
328 37
1037 760
605 665
796 179
232 894
1077 914
522 530
480 126
702 889
395 890
963 435
325 879
467 114
530 779
397 496
561 138
1019 279
840 919
467 126
321 792
402 902
792 296
1019 803
601 243
950 726
932 64
362 538
809 797
1039 935
859 932
518 540
382 846
880 259
527 839
304 670
967 527
696 538
1136 237
814 762
254 318
305 253
1032 56
274 571
383 520
853 634
626 745
1035 810
566 201
541 308
931 622
269 714
1086 329
978 843
799 418
897 396
702 521
845 626
585 368
297 796
193 755
762 595
839 837
274 373
460 870
883 652
773 67
883 165
1057 214
843 917
787 304
989 290
862 195
937 132
301 268
655 627
778 651
778 816
810 662
911 878
551 475
266 592
745 496
474 253
741 88
773 876
248 185
624 204
1170 620
1104 177
465 914
468 520
506 390
776 198
424 827
515 977
145 889
621 801
642 1020
870 577
1005 358
330 625
488 544
693 524
286 832
805 857
1104 937
443 320
423 340
232 217
570 701
777 657
1024 899
396 338
256 606
777 116
372 390
754 821
873 707
974 230
342 869
1008 772
691 674
939 516
517 681
845 427
486 764
1043 751
148 789
572 377
421 664
921 185
910 499
976 809
379 431
337 261
326 902
290 672
934 256
424 83
781 672
559 354
479 557
371 0
756 255
995 88
477 237
372 755
245 947
681 512
772 686
481 726
1005 567
1166 435
556 812
166 969
633 247
726 424
851 313
959 614
1073 318
362 451
920 919
682 636
254 828
189 575
451 174
171 918
852 668
583 229
526 792
349 226
596 848
522 204
197 558
256 652
351 323
830 986
763 601
371 324
651 973
291 817
555 640
570 825
371 660
641 286
154 552
466 673
828 66
416 703
205 632
744 884
536 181
685 868
892 756
462 204
869 584
563 130
977 378
261 569
998 280
620 687
268 686
140 566
1064 898
595 112
766 155
463 614
1000 438
586 87
401 818
415 444
742 313
216 417
921 805
996 134
509 244
589 342
122 840
362 345
977 409
878 855
667 952
879 433
888 146
1102 165
478 838
571 434
503 389
844 197
338 510
592 712
1082 404
1082 383
976 863
522 347
613 889
588 440
717 478
621 130
220 110
555 309
757 193
1028 538
406 337
757 275
898 245
294 664
372 512
542 71
729 915
185 844
567 583
336 714
192 65
824 183
349 874
346 189
836 610
686 528
807 838
982 874
963 691
758 942
935 367
1015 776
348 725
878 811
438 658
489 332
915 287
217 350
713 858
851 71
515 578
991 322
1037 172
615 155
110 667
377 963
463 884
343 758
737 843
499 626
783 363
912 604
540 269
220 556
370 517
228 874
1092 480
262 566
692 459
915 660
700 723
374 662
809 372
469 310
1014 162
411 722
793 805
745 445
489 464
604 330
977 399
752 523
742 912
222 264
1016 379
607 258
395 315
351 606
654 792
978 642
717 756
444 879
464 488
195 969
406 422
429 544
375 983
460 916
712 789
429 873
775 156
838 165
438 453
876 146
1015 922
295 956
281 302
314 649
193 54
545 135
437 413
839 290
1001 426
292 389
805 479
769 668
554 531
608 458
1016 208
603 516
972 383
678 378
946 368
926 842
502 229
701 883
792 466
703 738
1099 270
150 724
401 637
265 481
250 543
460 617
1057 120
528 248
399 119
226 839
614 988
463 588
234 692
256 530
762 343
679 586
730 871
625 838
984 688
526 523
631 698
157 595
652 335
704 545
492 142
846 499
450 920
450 758
550 119
216 234
993 512
407 594
364 365
262 268
355 638
981 109
909 359
622 192
923 71
324 950
1025 544
691 901
468 217
1051 871
871 160
600 959
549 651
1022 604
242 133
197 311
867 138
356 508
985 485
728 809
941 790
481 918
695 419
310 293
878 873
374 197
205 777
897 69
307 806
779 353
783 97
451 752
564 344
663 929
283 337
733 649
414 997
873 115
713 124
616 598
281 620
331 299
261 128
633 887
455 241
596 13
1003 543
619 627
1121 828
1077 872
1024 911
264 543
780 263
249 344
393 780
187 923
416 368
1037 420
980 206
959 496
1103 730
246 622
475 371
236 322
274 744
890 735
322 567
225 298
340 751
963 599
621 661
583 619
421 390
938 376
288 950
741 835
583 563
287 844
450 454
1001 845
406 966
753 926
712 679
281 906
675 349
698 500
1064 619
798 930
741 284
989 888
298 848
840 577
278 260
514 231
577 538
804 666
492 771
437 598
569 239
547 1009
220 594
622 747
904 132
583 158
543 301
744 148
211 430
941 910
707 307
674 877
181 88
912 404
934 562
730 931
405 103
340 844
1139 999
909 303
1067 558
478 264
814 575
1063 665
871 495
370 86
349 1040
1018 731
788 852
594 82
636 241
914 187
568 390
601 9
498 827
1003 757
854 866
849 660
638 618
868 37
1169 232
901 680
917 921
657 13
416 730
800 900
637 804
941 224
850 538
904 699
164 597
721 552
299 525
991 94
462 370
236 403
231 384
1006 114
654 150
965 562
857 316
964 566
830 464
599 203
204 555
521 519
330 830
246 933
534 102
583 926
511 931
358 222
356 406
452 897
901 663
889 1003
728 518
653 468
458 202
695 482
334 616
841 236
530 131
483 61
1087 607
115 534
354 628
298 710
578 256
666 177
404 753
496 270
661 818
563 150
861 709
516 570
750 214
779 603
609 512
600 716
593 384
557 734
394 46
924 498
906 907
792 158
514 365
542 702
753 557
229 892
723 820
960 140
139 874
528 606
826 682
806 523
562 24
271 698
220 628
171 677
799 390
867 775
1026 57
486 773
596 805
614 100
714 987
728 827
579 137
996 443
1035 623
856 284
190 638
967 493
928 333
632 178
756 768
313 173
330 152
468 69
488 442
725 359
1053 623
282 538
500 440
700 592
642 939
881 134
891 597
592 495
831 581
280 390
847 990
532 748
614 23
284 711
132 122
762 188
1082 558
269 184
648 747
129 343
355 852
416 799
487 176
341 453
439 570
937 343
1002 67
1027 234
785 786
789 883
691 722
266 421
1047 559
371 513
176 727
290 619
772 585
1071 874
530 138
360 791
135 336
475 276
986 902
544 203
818 115
356 249
324 391
679 366
246 277
584 346
801 501
393 414
524 933
421 457
465 635
829 953
879 170
827 569
566 643
266 882
414 194
1085 648
934 362
279 229
662 -8
521 864
285 626
897 316
771 414
587 660
534 405
805 135
717 742
309 668
691 339
255 543
971 223
460 693
472 692
353 572
523 242
658 103
747 556
631 1025
775 647
425 278
796 661
830 649
789 798
356 988
733 87
803 390
659 55
504 672
263 476
444 852
213 60
1017 285
446 464
419 390
979 883
846 821
973 922
951 761
533 401
229 318
407 697
880 831
505 465
1045 942
240 755
394 159
579 889
965 808
1003 836
443 785
1076 771
345 40
986 944
969 367
309 -9
1159 975
326 239
974 421
582 552
675 591
611 352
241 515
822 246
281 608
323 863
784 193
766 898
920 751
901 74
629 782
464 702
559 389
918 445
296 590
746 241
255 216
160 701
884 137
199 290
350 390
551 430
919 308
779 381
660 344
455 736
773 658
685 532
334 98
404 535
639 452
876 526
833 166
482 321
712 541
209 587
823 648
757 251
688 805
379 662
286 732
516 813
964 499
725 721
608 151
607 803
431 324
592 118
1075 973
485 540
430 376
948 391
412 557
555 589
312 905
838 858
433 599
849 631
392 362
338 983
735 854
928 151
470 749
268 754
340 287
686 762
255 467
218 447
903 201
645 479
619 550
1084 832
377 528
741 813
699 763
252 207
727 540
327 654
887 296
467 194
646 344
869 -8
989 184
520 90
340 826
554 214
779 179
379 369
693 84
354 297
1177 440
1030 568
361 960
1045 936
502 253
498 597
185 864
650 899
256 108
324 339
424 462
852 8
307 829
560 1023
949 518
801 111
930 900
826 52
759 172
927 312
481 540
326 22
226 406
1014 210
375 859
563 818
754 700
837 322
171 716
443 301
681 511
954 361
353 189
607 232
414 137
683 906
905 816
722 715
632 669
1083 363
270 528
701 893
394 171
623 394
719 118
375 792
428 115
545 530
685 132
480 136
385 873
