896 705
350 204
722 547
769 1
547 440
834 293
852 550
716 276
1041 336
799 871
976 882
593 548
828 124
289 225
799 358
673 418
646 723
268 433
215 412
884 742
529 93
961 821
277 956
778 487
1052 363
233 384
1115 928
436 933
701 730
276 542
242 601
863 631
373 261
759 178
861 535
316 245
964 878
976 980
895 618
691 814
564 458
953 27
675 271
799 850
599 868
518 424
509 244
1040 608
719 570
907 883
229 369
214 865
638 664
424 303
322 897
338 1031
381 86
559 310
1081 1029
487 410
261 458
913 719
670 764
868 621
571 288
444 577
814 834
292 137
783 723
262 391
374 783
258 891
1005 308
625 936
278 934
454 200
1037 576
886 824
940 367
365 525
1091 322
510 644
976 637
261 362
1069 239
182 896
963 799
878 995
622 481
560 538
984 907
1030 777
811 114
800 85
382 858
484 540
976 567
558 781
1055 272
604 328
691 661
595 590
987 726
295 91
846 354
642 248
488 256
940 668
406 367
739 525
639 255
284 420
553 773
1063 477
621 469
222 983
571 649
253 462
354 720
620 489
880 126
1075 980
590 580
211 844
312 266
846 904
525 724
344 440
806 405
1005 97
325 752
807 47
682 277
519 231
521 571
419 790
832 409
479 823
308 352
580 564
563 895
1006 368
936 618
1035 764
976 -16
669 254
944 544
615 626
345 708
233 350
820 278
1008 196
531 711
535 472
1036 480
946 819
530 254
959 514
149 728
958 872
841 705
948 523
234 183
764 826
869 595
958 551
1003 234
436 391
668 633
993 281
979 947
309 682
391 780
1011 212
453 534
270 369
514 353
648 489
348 124
711 767
478 190
393 250
948 645
849 665
829 729
243 187
974 420
872 855
514 913
306 639
1047 784
352 583
701 590
253 334
241 488
436 532
1004 808
895 577
710 725
589 759
828 787
823 764
777 212
1100 332
635 645
767 853
222 881
514 43
279 337
524 94
1018 317
407 373
389 633
203 320
380 359
389 688
898 826
245 660
559 509
364 748
744 457
880 661
396 1004
584 368
421 643
797 261
1051 380
357 729
620 568
272 115
593 649
557 892
443 686
488 98
1053 445
601 527
477 654
206 960
937 202
582 187
311 174
887 429
286 736
517 732
858 732
872 364
780 349
189 817
666 386
297 481
509 994
817 510
449 151
729 240
287 438
662 706
552 863
302 294
1176 872
983 280
424 136
493 123
608 218
440 540
338 473
752 536
370 537
910 397
309 819
365 418
1071 767
596 136
1138 664
671 343
724 663
827 769
539 439
657 785
299 135
441 874
591 170
738 420
122 840
158 0
769 68
924 804
183 820
820 463
1016 753
766 850
603 306
723 423
601 19
262 258
211 767
245 449
602 379
456 132
281 788
606 326
809 474
1093 856
1149 948
768 115
1141 882
170 277
449 543
1060 967
987 363
908 448
554 862
164 220
737 124
174 956
328 208
917 739
380 662
266 970
281 472
694 343
667 763
234 807
380 222
755 666
1157 116
613 355
907 789
885 714
767 194
893 718
402 484
394 485
253 276
963 253
759 268
417 464
780 252
1056 707
486 203
547 461
414 120
946 75
924 586
427 595
1004 600
263 714
746 580
703 488
793 568
817 471
766 192
903 519
877 229
613 367
246 358
1154 453
1035 667
1041 349
445 537
553 118
139 462
656 217
1037 317
669 320
468 789
683 279
530 496
533 758
807 894
713 525
319 671
367 828
746 279
702 409
366 499
204 751
1007 586
737 58
890 143
884 15
265 691
815 374
610 768
345 263
927 483
1000 107
891 608
618 589
1075 434
974 358
967 651
727 81
858 455
907 898
895 914
1028 339
404 57
432 701
427 744
890 403
753 191
878 907
544 757
915 452
825 52
330 496
916 154
410 518
804 481
381 59
531 298
451 677
480 452
216 173
626 848
742 853
137 680
228 167
723 689
809 551
927 295
795 747
451 824
602 63
1139 135
674 522
299 147
551 845
1070 123
537 550
877 693
277 139
834 373
421 532
973 566
1057 17
326 564
365 654
1004 607
494 167
793 1021
582 937
241 784
588 236
1038 631
140 578
945 309
651 784
649 351
383 946
247 439
375 662
603 132
839 405
1019 568
1036 908
976 854
458 705
920 279
518 450
449 808
967 295
541 769
724 458
327 19
446 716
891 136
393 226
623 166
346 345
393 480
632 372
330 162
591 847
415 562
338 148
521 575
774 580
388 657
706 813
1014 842
485 847
838 174
732 907
649 660
446 164
561 965
826 404
555 118
263 627
856 830
745 463
418 288
437 707
923 541
486 1030
1048 836
861 546
758 218
969 532
647 750
911 578
196 493
871 104
560 763
589 562
501 401
913 916
154 203
408 529
658 398
1024 866
148 14
606 776
733 124
817 322
712 286
786 341
385 135
1044 96
584 103
956 463
975 764
330 359
998 730
283 161
307 268
928 576
365 174
504 368
378 922
726 392
819 278
725 472
785 128
610 671
198 1003
478 233
962 687
1102 930
924 832
503 866
454 919
843 961
969 775
277 342
308 460
823 477
862 463
319 516
753 537
849 124
572 464
261 221
1050 346
795 963
940 872
270 662
474 390
348 454
840 544
1095 415
699 554
124 829
423 306
860 861
917 247
349 535
572 550
980 338
997 332
622 425
573 202
496 202
965 532
969 699
483 819
660 688
552 938
668 170
476 395
1078 869
349 500
396 519
431 283
665 995
563 366
541 398
388 349
453 510
626 179
922 434
979 215
245 347
1175 841
642 194
594 396
981 898
791 185
1028 512
660 841
948 784
299 838
353 588
789 271
867 914
229 358
486 620
1055 642
913 167
626 467
1025 618
324 267
362 737
799 521
964 1008
761 833
835 362
307 519
1171 393
1098 255
465 648
279 916
1065 556
190 619
684 318
437 130
818 253
464 815
854 186
721 136
1039 657
743 430
1148 855
1011 459
230 176
277 791
804 398
490 315
749 234
470 835
542 919
529 431
828 821
550 908
267 85
989 278
1012 956
295 758
812 753
537 1041
950 919
468 855
1083 352
908 290
461 742
370 164
319 590
849 755
982 478
856 605
157 613
828 518
232 32
539 604
180 819
647 974
1145 595
674 981
610 604
247 176
789 730
558 551
903 895
384 425
341 178
871 702
789 245
300 699
302 878
429 583
609 245
667 298
327 183
917 294
909 559
829 463
331 375
415 651
922 963
349 96
624 113
1035 63
826 667
807 290
322 506
604 161
1057 99
705 876
674 170
683 859
905 374
1019 771
818 446
935 687
262 419
210 637
310 940
375 410
961 813
282 91
316 117
486 262
249 93
681 606
602 667
247 657
581 292
841 236
478 608
419 550
908 527
731 710
891 590
559 887
787 244
258 919
1017 209
305 742
335 438
142 288
1056 664
206 769
944 648
1069 732
805 475
733 413
1006 714
419 588
437 731
940 799
607 676
560 746
484 806
905 10
961 214
989 746
640 961
517 524
810 862
341 184
645 161
415 219
445 624
454 662
118 573
220 894
707 532
479 849
1095 752
502 308
714 109
963 463
956 165
1079 627
892 599
754 125
841 640
540 373
253 258
628 744
217 0
986 548
483 175
1075 747
863 876
378 368
895 298
824 80
973 151
986 638
865 578
315 25
706 928
329 259
246 74
333 104
729 931
296 546
796 669
543 602
576 773
423 263
382 486
312 501
302 914
395 589
910 936
1134 65
210 747
369 429
579 505
587 68
492 478
192 732
251 804
557 768
145 140
802 446
506 868
1058 148
542 640
165 893
711 409
708 626
411 888
610 540
612 264
905 429
810 904
348 509
610 729
502 126
399 897
481 648
962 465
779 621
1010 360
617 865
522 735
1022 1000
322 922
714 366
277 896
250 424
777 116
303 261
579 252
448 543
528 650
513 238
1032 222
567 155
1055 701
232 395
388 522
1115 488
479 38
461 125
637 629
885 72
181 845
537 879
149 708
150 372
568 220
306 97
1039 215
279 352
927 290
439 536
675 199
889 873
743 720
881 520
655 741
234 527
1029 160
686 801
220 291
478 532
764 647
360 121
862 712
285 831
941 287
469 352
414 313
626 630
214 174
618 404
1028 845
962 490
880 472
202 321
717 350
326 627
993 926
968 294
205 724
381 168
591 799
787 450
602 146
992 345
458 181
766 622
236 251
774 571
223 31
669 792
709 626
699 775
356 587
1095 239
272 982
415 142
521 356
748 750
813 354
820 314
514 745
1105 143
752 833
388 595
650 769
720 455
761 352
489 426
279 530
276 182
835 463
880 31
791 226
367 93
992 149
248 295
939 889
775 826
943 234
363 537
882 630
836 1003
857 505
851 450
266 512
985 586
518 916
566 744
932 371
157 1039
491 686
594 244
549 898
791 126
263 209
691 178
1002 71
667 405
498 952
725 103
541 167
588 261
742 210
303 418
507 808
969 783
409 346
900 380
351 188
278 836
814 573
860 141
785 121
1011 178
204 861
728 192
129 177
446 508
421 834
499 959
791 896
465 293
273 234
256 725
672 304
742 487
851 339
956 807
736 174
569 81
219 816
332 757
556 107
969 795
304 864
556 666
574 766
552 313
429 564
791 305
553 664
746 366
989 551
991 472
367 492
198 475
1034 299
716 982
214 196
