310 538
680 587
603 581
536 119
910 403
733 327
819 370
530 742
233 433
998 456
324 855
706 768
898 959
686 845
899 837
767 686
271 492
358 253
1002 461
1128 -10
892 735
615 329
732 289
717 580
944 871
924 418
229 112
142 529
146 612
1148 279
413 812
641 800
853 96
327 685
896 692
512 263
266 227
1060 363
248 610
666 486
213 695
296 774
1003 412
461 196
974 260
771 813
996 793
1175 1032
923 619
900 68
1034 715
186 799
543 728
1093 257
440 112
1019 305
200 321
539 412
757 899
376 731
825 941
430 748
295 528
363 678
700 179
417 457
985 116
953 615
450 876
537 666
990 958
666 647
698 781
553 159
320 133
1011 294
345 347
912 60
623 108
301 426
394 719
726 290
1016 269
251 772
845 891
708 771
901 642
860 484
970 383
306 219
918 984
791 960
1096 733
433 364
896 890
767 153
431 60
460 841
760 486
714 355
682 503
723 1028
235 794
762 234
1146 748
947 45
440 766
617 220
640 649
1041 886
208 701
698 951
1016 89
873 59
883 865
505 896
788 401
263 774
761 100
394 746
626 370
768 607
749 905
809 409
233 243
494 121
1005 470
684 262
267 668
1037 249
621 916
526 442
931 568
344 138
869 371
665 206
777 842
247 131
504 185
798 618
863 666
389 562
438 867
605 429
1009 368
877 197
742 461
493 969
772 670
733 237
678 48
817 257
876 233
775 455
862 656
596 58
403 240
454 684
679 925
692 544
947 690
636 258
639 967
371 310
879 779
643 247
837 303
829 458
245 146
1051 664
332 321
939 763
496 12
495 375
857 353
380 29
1121 140
642 678
558 344
667 803
774 905
582 374
183 68
708 603
943 224
523 371
262 760
258 728
450 579
548 488
729 700
900 559
355 595
1076 890
615 654
256 37
897 129
567 429
278 491
372 283
617 669
699 470
253 812
900 109
456 340
296 148
646 930
236 897
704 601
918 164
821 92
793 587
626 121
738 843
998 398
864 585
540 136
888 726
220 265
447 202
649 292
215 435
692 261
179 529
482 311
736 306
743 444
186 881
589 597
537 85
908 339
635 770
711 412
705 358
721 480
454 412
352 746
627 405
525 498
472 632
793 821
765 751
349 781
389 67
614 105
247 234
889 903
713 797
669 926
533 828
753 783
698 88
700 635
540 141
440 694
348 656
523 922
997 852
989 820
925 828
531 849
487 136
371 261
1124 642
731 696
574 222
361 655
999 534
954 417
930 306
370 387
148 994
729 230
735 258
611 809
511 173
526 467
750 673
904 522
1077 583
981 421
500 826
830 437
889 340
695 592
406 844
337 259
465 635
1030 649
1023 773
778 361
350 46
347 409
221 549
1005 541
572 527
842 364
1054 401
570 93
649 118
917 225
601 666
1053 889
604 373
834 9
620 522
355 661
398 634
917 371
623 859
587 354
192 207
270 160
724 1005
991 350
671 422
780 719
687 416
919 614
1084 181
836 883
878 149
279 395
273 331
619 727
563 227
700 202
870 618
976 662
1153 413
1032 726
440 643
514 209
417 209
986 786
430 162
692 926
521 226
888 547
1067 573
384 785
981 162
615 440
633 552
704 776
700 766
572 732
528 598
489 325
962 311
844 884
804 517
138 800
357 101
823 911
1005 897
549 648
1046 765
653 185
695 619
730 707
357 483
772 668
503 329
847 750
936 817
533 295
783 921
1044 384
259 634
728 450
986 466
790 75
695 53
1048 532
1011 125
438 234
314 797
1082 116
589 583
592 378
210 670
511 302
439 892
1017 778
314 542
914 597
273 796
627 700
552 96
731 203
634 841
385 896
790 817
968 344
828 333
959 901
474 224
1069 323
1051 271
378 781
892 159
690 494
1115 399
622 937
525 372
802 234
785 647
921 509
723 448
480 433
410 153
887 562
664 509
827 473
613 493
911 186
272 946
765 851
1010 233
846 569
657 241
208 44
367 211
189 841
1029 773
440 654
593 745
1089 124
372 498
1022 681
306 910
219 55
795 641
921 560
805 470
481 515
1014 135
603 325
842 252
675 79
1083 326
253 971
807 399
1031 268
820 887
485 362
540 100
1009 900
1008 448
896 837
775 408
938 659
975 822
284 376
840 820
793 343
710 826
478 168
302 186
784 888
1072 646
174 444
930 575
652 615
857 125
337 930
372 681
216 273
243 840
283 433
932 820
761 734
876 898
526 519
558 326
306 472
580 498
790 581
291 913
816 580
576 390
881 361
1076 433
329 458
924 874
642 776
392 164
539 889
890 652
338 654
876 422
739 541
910 879
719 317
700 352
976 878
901 622
752 942
640 640
590 242
549 874
617 941
273 253
623 55
736 456
463 548
730 245
1060 744
694 851
602 635
598 845
187 302
975 509
808 84
931 241
783 349
625 252
645 599
925 431
577 330
413 365
974 882
755 1021
289 791
395 257
649 571
488 318
984 475
860 560
780 436
914 613
322 214
552 628
991 261
752 504
537 146
1012 442
751 843
1005 77
742 445
329 50
1037 434
725 287
663 652
780 317
816 727
990 180
546 717
362 199
389 651
802 332
937 562
871 245
375 645
438 687
543 481
981 406
452 289
806 579
746 234
669 953
532 288
624 597
643 176
890 153
1049 965
1024 623
972 199
272 742
229 721
365 459
372 407
279 157
954 807
843 851
413 645
385 835
320 428
243 775
764 673
556 657
569 751
933 500
401 265
639 722
957 777
649 304
952 692
849 470
610 877
502 413
841 526
267 261
817 391
727 504
570 511
216 307
924 869
270 321
399 809
328 69
1118 557
1037 518
512 529
907 323
784 874
289 201
374 248
460 604
671 241
577 668
1029 290
690 471
208 953
735 787
631 292
643 460
700 377
669 179
1049 254
892 154
925 222
381 364
961 218
264 340
625 631
779 601
683 869
496 875
492 389
772 1009
1008 881
480 122
798 502
555 486
986 391
166 345
1015 441
891 283
731 688
487 670
873 174
954 793
782 876
842 314
209 489
507 803
594 778
920 549
956 407
297 175
637 1013
992 103
493 536
528 568
595 887
942 290
637 292
886 387
276 39
512 861
751 855
585 831
1164 910
960 361
261 460
881 610
627 47
1061 584
582 104
780 301
1103 -4
582 195
872 306
1091 655
571 997
618 668
500 181
360 473
610 163
830 816
421 342
976 236
351 422
561 548
832 691
831 701
624 896
651 90
311 660
915 826
364 651
735 648
1086 787
1018 697
540 948
368 133
823 118
883 473
882 368
640 932
209 799
376 136
555 270
864 183
198 781
253 663
279 571
678 554
823 651
269 80
557 50
722 869
798 737
552 693
942 396
334 257
1013 201
857 626
816 431
725 188
888 845
372 478
948 565
416 419
461 917
1059 103
246 309
857 771
1035 764
1092 960
1005 385
521 644
508 594
916 125
1000 212
1086 89
737 873
597 69
376 570
729 564
133 590
1137 464
515 653
554 282
811 907
753 302
571 802
973 168
741 785
1082 456
432 806
162 206
403 952
453 245
782 704
864 513
917 872
936 603
745 628
1107 787
400 609
582 910
924 837
581 314
716 86
1003 521
752 812
817 544
959 866
865 78
514 328
264 317
1003 83
887 254
854 307
512 593
300 293
329 908
800 891
451 776
459 186
992 15
963 709
437 299
511 210
993 453
753 391
861 147
605 597
867 445
690 666
623 578
480 337
928 512
785 154
580 872
300 770
555 678
554 368
678 163
489 775
467 923
378 852
423 570
706 361
865 400
673 631
819 874
284 227
850 499
671 628
229 690
992 961
245 474
239 786
419 897
717 582
205 470
663 174
660 808
787 515
1082 817
943 881
884 858
371 565
645 577
376 637
985 141
291 901
707 398
248 744
422 893
998 704
838 9
548 357
1008 425
847 769
155 623
226 233
712 175
362 84
611 131
317 485
911 903
521 205
481 508
163 115
851 763
379 520
292 484
583 600
1005 531
708 677
394 698
875 16
1122 349
242 625
968 927
503 226
296 718
815 775
281 118
519 496
448 775
659 243
643 79
485 163
645 862
274 499
244 967
331 318
288 534
472 627
268 615
540 649
842 499
650 540
549 826
743 161
422 865
551 279
734 755
860 440
864 371
583 193
1123 179
919 528
576 768
477 707
702 449
730 1013
627 126
272 569
722 396
883 319
798 375
689 128
177 720
835 361
1045 363
898 392
835 215
723 426
532 926
295 480
548 802
663 211
508 331
836 894
606 689
1106 663
321 740
843 772
848 888
955 764
582 886
314 382
981 434
219 906
658 547
641 691
363 96
1042 506
473 314
844 766
756 716
781 441
970 376
544 112
530 370
971 565
498 96
1113 571
673 566
323 492
662 201
1032 232
652 814
548 880
266 356
631 774
602 128
1103 463
145 174
555 826
916 278
203 360
795 799
648 479
1049 538
885 780
512 814
255 386
647 629
455 747
697 448
415 794
789 543
319 363
217 229
231 469
564 208
976 293
795 666
1090 159
322 703
959 324
777 285
703 585
842 356
334 886
538 868
625 539
280 14
1040 51
396 256
579 117
758 229
932 904
387 614
890 365
741 631
467 863
293 820
151 418
819 269
946 281
900 312
402 347
391 639
912 492
1032 341
514 529
604 239
630 950
587 47
513 998
746 779
