749 528
143 340
1127 571
775 274
792 962
443 43
228 148
1055 795
312 489
716 147
880 219
349 741
656 162
769 803
621 704
698 832
602 802
280 706
1160 767
660 509
485 101
309 605
380 613
745 194
761 315
737 529
650 294
736 290
539 883
1011 758
462 381
487 363
861 569
751 753
749 183
590 212
932 283
703 256
887 886
894 77
682 225
780 620
776 814
441 455
340 836
950 637
645 548
505 256
561 553
332 601
318 865
856 338
330 128
916 612
254 349
343 122
940 550
402 773
840 657
269 213
959 747
939 3
644 205
734 865
852 270
579 305
493 945
915 871
692 683
456 459
758 196
369 945
687 770
374 400
751 782
234 199
533 810
978 320
384 238
670 978
992 312
701 422
623 869
663 685
1051 661
890 479
484 81
300 840
1032 326
920 493
321 213
625 587
295 937
668 146
1087 628
434 872
156 721
424 356
686 598
526 110
839 688
208 242
543 456
412 556
758 189
950 840
876 695
240 150
815 110
683 325
691 902
244 122
1022 423
373 836
247 774
747 929
853 541
272 318
338 504
771 745
370 442
497 919
746 558
423 219
471 219
496 623
519 926
859 344
371 276
826 938
740 544
752 241
123 80
1045 697
846 444
811 294
512 452
691 297
906 601
775 371
714 401
681 168
880 522
908 244
901 466
549 853
903 689
876 463
433 136
513 1026
354 903
558 298
354 105
923 391
959 970
400 501
1088 244
379 868
128 782
1089 347
357 581
817 117
529 187
202 275
886 109
1083 578
754 527
1072 922
199 820
437 811
432 759
873 102
771 752
701 79
492 581
508 421
757 596
683 252
900 172
1008 417
1026 237
255 207
990 819
1090 705
394 913
981 -3
702 799
540 64
648 603
140 115
1074 301
998 593
127 113
373 604
318 401
637 613
1012 134
546 70
248 389
487 998
247 315
805 638
1035 152
666 509
811 927
714 508
710 634
316 126
795 140
843 203
267 137
846 730
527 351
474 304
670 840
558 224
865 882
352 625
423 168
258 637
191 674
498 646
843 172
602 942
699 324
981 748
839 945
549 465
292 593
350 483
306 426
277 559
769 632
212 615
1097 445
696 371
856 246
633 843
723 140
730 732
1034 459
550 787
763 500
928 499
185 281
941 611
658 388
442 688
341 486
1026 747
200 684
692 785
907 182
461 197
1008 907
446 982
977 724
625 184
626 449
181 43
742 696
187 266
562 236
863 883
952 325
685 539
668 801
682 318
774 308
635 804
660 910
654 691
1066 490
236 631
412 961
921 481
681 815
659 166
454 170
919 487
384 605
300 884
832 789
393 143
571 231
473 826
595 542
771 360
432 114
288 512
644 335
196 915
938 331
388 94
1060 236
944 382
727 274
238 726
553 921
273 479
365 797
1008 735
367 728
371 291
667 561
767 867
564 816
1071 757
626 667
1086 620
378 684
238 662
259 487
854 157
737 855
1032 223
722 705
409 640
970 768
176 913
573 592
630 750
941 946
557 512
171 955
350 350
445 118
935 469
454 235
489 277
1049 476
405 899
860 630
1036 933
212 594
369 253
952 140
846 505
771 862
463 701
894 860
408 809
792 713
436 658
852 891
509 118
800 405
649 637
694 767
1010 106
616 261
408 873
414 218
969 585
692 166
927 415
550 215
596 426
839 161
432 447
1006 456
870 778
809 830
1029 828
927 894
238 465
292 344
1012 731
442 90
291 768
803 781
925 388
519 714
474 1008
163 171
944 750
592 110
1005 574
591 180
1125 790
669 769
479 261
950 605
508 944
480 283
581 832
1089 893
928 571
193 60
729 42
197 706
425 748
750 377
308 113
686 870
990 640
547 977
1092 762
813 404
724 840
1055 447
494 607
873 252
1017 781
809 688
622 731
466 913
787 403
589 155
779 697
887 827
373 948
859 583
849 326
880 748
934 299
1066 337
626 37
309 764
410 606
1024 355
1037 227
404 583
1121 766
660 217
633 273
328 699
745 604
773 294
537 500
339 621
257 10
1042 874
853 282
180 17
288 213
446 525
486 412
209 424
350 769
586 209
504 831
571 973
674 336
210 802
938 170
588 938
848 708
708 672
1015 511
567 464
381 882
242 421
504 173
885 580
786 459
543 152
461 943
553 232
890 16
300 323
804 681
335 924
767 747
715 216
717 594
139 33
740 391
808 540
340 202
841 756
607 252
830 86
170 454
351 494
690 500
570 906
391 758
491 436
985 838
583 627
1108 592
123 683
547 122
888 502
887 536
582 611
280 691
832 519
436 616
1041 459
606 575
287 273
458 268
1033 184
551 589
471 771
833 691
807 160
317 891
807 68
548 344
306 308
633 771
618 828
908 896
313 470
403 132
545 643
728 671
849 464
605 600
457 353
574 934
897 646
603 74
643 191
430 617
372 407
500 314
396 290
500 360
695 393
188 935
549 238
742 317
872 901
555 775
321 136
818 143
818 681
897 496
990 758
465 663
714 164
294 601
816 921
312 587
344 596
731 393
313 455
956 176
970 135
751 741
606 484
454 51
476 196
253 887
480 371
545 42
570 437
772 301
357 626
1005 368
512 190
574 150
393 840
465 641
633 112
1022 791
370 559
497 841
557 225
464 356
733 409
787 604
1005 223
944 709
761 555
278 295
692 762
523 426
1023 470
788 781
994 1008
981 352
624 485
475 132
788 209
348 424
620 158
293 459
614 481
857 758
797 456
695 226
242 379
358 457
844 140
317 945
672 336
197 153
1015 695
359 959
784 280
783 923
926 669
934 578
416 694
466 768
674 789
554 542
844 541
935 800
575 98
922 775
835 90
338 315
1079 300
803 237
426 254
352 623
1002 543
795 480
1051 656
224 238
479 342
549 328
478 559
357 430
427 158
1130 164
795 270
790 411
124 497
1020 843
633 130
897 182
666 392
436 705
911 851
373 687
252 902
651 772
1110 598
686 520
778 767
574 807
713 558
319 745
295 253
792 518
918 323
425 54
507 230
702 121
920 247
885 643
213 369
793 168
309 508
449 212
262 880
183 575
139 857
530 160
688 896
280 911
537 738
486 542
972 284
965 619
953 571
1104 368
344 485
694 609
362 399
929 638
499 305
446 935
549 906
648 814
1160 227
414 688
470 775
808 229
307 198
545 244
742 231
561 140
928 851
812 132
341 569
856 584
809 574
423 884
764 207
697 66
996 431
547 103
403 617
1073 150
566 262
911 1001
273 840
397 385
648 755
774 613
834 778
957 254
1051 784
947 538
873 691
603 131
663 711
142 377
564 962
414 504
1022 299
338 767
685 73
355 551
193 919
390 319
825 284
818 699
159 759
494 763
867 423
284 727
276 289
911 223
214 753
840 193
777 476
428 403
818 730
416 321
1045 807
730 526
277 682
711 144
455 438
408 548
277 589
216 488
203 499
584 558
475 593
802 515
972 860
697 838
363 461
800 469
217 301
674 467
218 849
531 181
184 684
738 382
571 954
829 424
240 555
344 478
571 210
898 342
389 950
821 846
924 537
1121 834
658 774
763 695
730 617
625 431
387 549
654 699
913 433
651 242
484 211
529 466
350 830
256 114
702 387
697 761
563 723
954 740
657 942
573 808
1047 598
507 300
655 197
854 314
948 640
865 76
352 658
845 888
293 477
537 222
663 472
725 648
432 690
526 247
272 681
283 291
427 565
524 887
832 283
821 519
333 424
614 32
466 192
764 348
358 310
618 452
809 583
1012 32
821 728
1046 321
156 559
1122 227
546 583
770 866
157 908
832 552
276 914
1035 939
475 896
363 906
1080 125
368 922
1045 41
1173 197
928 699
921 10
644 526
220 88
303 260
624 806
647 173
405 726
272 626
1068 82
372 828
1004 280
308 615
642 476
265 643
339 165
667 622
1056 795
221 404
428 414
845 859
873 528
865 750
239 88
475 443
1023 880
545 203
498 520
1109 808
714 788
949 55
630 229
423 863
834 177
1067 202
930 774
720 400
845 146
1020 888
990 152
639 634
611 720
218 344
499 52
179 310
701 426
443 594
750 946
1060 796
142 720
445 748
1081 407
1049 226
771 926
658 914
280 716
1107 545
608 571
893 406
319 281
939 230
455 823
827 435
497 373
532 747
673 807
1013 545
1157 566
281 250
272 290
750 812
771 337
709 956
926 847
246 672
619 124
1045 588
285 916
1084 912
590 572
864 328
1037 347
813 148
494 815
244 366
898 244
818 93
292 650
744 523
758 616
226 378
549 937
297 979
1072 422
908 258
775 245
1026 666
683 355
973 192
317 780
493 865
309 662
450 335
567 746
404 318
556 555
868 759
1067 686
961 535
624 447
412 887
956 191
455 267
370 119
789 311
682 423
306 678
456 850
570 127
1060 392
433 357
270 607
561 227
282 314
376 822
243 174
391 674
342 358
317 164
405 227
724 458
949 749
522 362
935 172
925 247
264 136
715 223
567 158
494 719
894 202
752 506
338 233
462 255
895 466
743 615
667 401
1020 216
740 594
1093 589
716 810
966 220
325 486
820 701
350 580
732 198
694 533
665 653
637 317
989 224
1107 774
1095 988
155 261
466 484
428 623
605 719
188 101
809 736
604 484
682 231
262 277
816 340
896 177
595 126
515 861
405 138
501 1006
704 597
259 582
