500 130
311 248
244 273
979 772
911 687
619 96
303 428
973 29
521 535
568 808
577 905
287 810
697 614
324 141
629 617
158 887
689 150
821 294
408 112
533 157
437 591
392 739
926 624
291 419
587 454
676 198
407 844
310 844
744 724
872 620
1106 330
930 335
885 524
330 200
645 679
967 403
351 226
926 859
928 451
302 697
668 394
865 507
361 129
701 187
498 546
310 331
284 740
541 753
572 235
337 581
527 632
664 661
172 790
377 115
621 502
355 140
695 184
1066 532
772 287
865 458
690 374
566 406
526 920
548 297
1027 913
1121 746
671 500
528 689
874 647
477 682
660 514
317 306
743 147
738 767
294 573
990 831
260 269
881 127
1063 696
834 551
806 236
943 168
926 691
791 643
755 887
564 428
678 935
236 797
745 909
1062 309
560 584
1041 877
891 804
706 633
602 450
470 231
508 270
789 708
403 800
957 533
663 607
475 347
472 152
686 492
406 935
825 959
552 360
325 435
544 392
397 626
171 283
935 188
698 782
580 494
366 321
283 537
1028 387
1084 441
768 40
182 574
747 566
426 382
240 911
669 238
672 376
527 291
369 725
427 843
518 567
420 632
1056 482
306 253
462 445
330 154
842 56
239 525
272 755
472 605
423 532
861 350
619 173
629 915
489 473
534 312
1007 601
863 808
228 232
505 580
942 294
512 624
504 852
829 423
479 856
371 323
707 876
812 717
640 463
498 680
672 648
844 901
823 1024
308 781
493 958
1148 73
992 610
815 673
295 580
334 463
1016 623
259 320
392 155
621 920
777 291
499 607
683 636
500 679
395 892
674 327
1043 431
1044 425
844 814
893 708
1118 239
1047 714
545 568
1109 965
392 839
413 719
969 821
947 89
1047 304
437 327
774 144
387 690
726 190
534 951
1123 1035
715 137
519 275
302 511
354 99
584 452
275 237
1031 812
1073 419
845 960
1044 603
689 949
338 469
656 402
777 661
840 75
204 704
393 467
161 463
799 671
771 896
789 849
843 288
859 568
356 559
640 125
408 670
810 317
534 653
1053 505
853 340
811 862
1065 593
620 338
679 225
972 511
428 592
533 791
1054 841
846 159
444 49
646 74
687 318
825 896
366 185
965 359
455 471
1050 671
1031 428
333 296
505 139
478 759
908 486
1033 100
598 725
430 805
1108 39
897 327
960 822
382 917
166 774
1077 534
639 658
874 864
552 937
289 843
830 184
704 271
396 718
705 301
309 713
354 649
1034 142
851 995
407 384
494 308
228 581
291 548
250 154
621 364
302 807
209 559
985 537
914 323
182 594
845 861
642 739
609 583
559 519
980 453
386 546
869 297
1049 992
806 583
725 633
981 311
203 920
296 407
951 543
162 664
237 86
749 373
465 376
849 926
1076 557
761 642
765 889
455 381
981 966
808 267
696 395
715 547
670 248
555 286
574 527
576 94
1077 52
906 550
416 265
253 789
845 838
982 214
264 326
1037 161
837 425
312 761
698 285
883 298
484 179
855 575
983 820
910 412
273 315
236 312
749 197
286 597
584 693
621 859
1023 419
536 634
844 418
225 912
878 764
241 845
1051 460
578 563
842 406
813 700
329 375
631 270
489 132
1042 560
481 513
813 802
802 302
1033 384
722 253
1060 451
812 610
780 202
651 219
126 802
325 448
707 513
495 678
303 21
278 555
346 507
469 944
466 642
1011 729
663 759
785 636
535 706
601 822
797 595
239 263
132 530
266 541
311 98
764 470
599 586
344 769
655 170
497 635
1122 220
145 993
726 867
753 780
900 824
210 748
1004 754
379 767
807 429
1034 846
935 392
641 385
974 257
509 877
822 251
858 736
820 333
913 923
628 567
327 911
199 945
609 1023
280 918
902 548
499 477
584 154
677 806
821 421
897 568
188 645
930 917
733 942
534 832
362 284
894 588
929 395
597 511
395 1050
666 126
1099 578
205 324
314 380
348 620
774 370
579 738
599 196
460 741
232 510
315 401
441 549
693 641
260 166
907 217
859 719
618 825
619 950
1048 689
392 419
407 621
289 313
595 888
290 859
223 147
294 532
833 692
270 831
481 474
767 329
801 582
570 638
867 628
780 333
861 1000
462 239
762 141
412 485
686 799
243 695
262 598
940 222
427 254
587 812
382 742
969 450
655 368
357 549
399 432
273 442
584 831
716 458
712 646
832 131
606 582
265 484
430 708
753 731
376 868
972 918
528 901
1090 642
986 664
805 165
566 217
1037 854
762 869
785 623
544 161
897 773
444 145
981 500
200 271
821 689
272 331
244 66
529 443
663 899
567 625
1073 745
927 311
858 712
686 733
1068 3
284 255
175 795
231 117
282 401
835 460
862 553
906 920
656 174
986 440
342 625
1087 331
502 321
655 736
280 206
1022 617
152 303
654 477
854 519
996 510
1080 795
380 845
845 171
618 536
188 182
787 425
1075 604
511 423
618 278
880 225
820 997
811 316
451 822
556 714
333 834
329 859
667 791
410 905
403 246
1121 305
493 158
525 242
783 210
643 155
928 198
512 993
452 413
873 938
815 250
937 221
1032 540
756 1019
461 812
932 130
1092 202
1006 820
256 179
186 781
978 578
506 330
802 887
703 717
929 952
966 586
395 273
374 386
353 902
616 213
835 174
688 966
576 152
457 153
580 742
758 515
492 40
793 634
585 605
610 828
581 816
386 559
859 881
757 524
469 924
665 221
469 311
998 114
647 591
426 402
1036 885
974 784
789 431
696 732
637 779
400 317
700 443
413 394
1003 98
953 422
239 471
1006 609
618 57
969 413
1041 319
820 852
321 961
532 315
373 332
927 373
264 916
699 259
299 311
339 128
809 869
263 420
433 392
346 35
784 173
713 423
897 504
418 787
828 567
387 180
313 807
417 874
857 710
272 271
888 275
340 167
675 622
934 275
1000 386
384 550
681 911
649 599
532 732
776 969
624 298
832 62
782 752
250 647
271 294
412 449
799 572
833 875
394 183
1054 640
253 453
938 361
331 471
969 436
903 856
824 805
355 632
1003 225
633 426
722 235
1066 479
786 413
824 184
622 957
901 433
835 753
387 160
619 639
1074 1002
369 676
990 411
468 551
801 236
404 710
225 325
954 200
655 633
262 622
1027 373
944 332
985 76
424 302
833 414
898 881
602 305
469 345
1047 438
924 878
280 465
988 140
490 285
833 305
515 77
715 320
456 705
893 610
1016 462
445 89
445 177
483 554
664 460
509 553
247 87
1114 132
507 387
255 692
1022 625
920 122
498 925
839 514
376 270
480 358
156 467
709 685
992 103
261 270
239 303
627 930
285 201
766 489
717 480
778 133
404 131
264 414
1025 609
343 567
852 360
348 262
486 289
697 364
1005 151
346 860
463 360
720 370
553 728
778 881
1009 380
824 673
119 392
1001 809
543 316
484 427
316 627
418 561
1069 864
569 193
670 866
361 708
1059 166
766 838
918 553
576 445
267 373
373 628
348 868
645 724
548 802
629 431
548 1015
329 331
921 189
966 670
657 935
1075 854
681 523
834 299
845 202
643 930
269 915
670 200
438 372
517 482
358 525
585 408
326 473
540 883
573 396
630 234
477 473
274 491
1017 745
1112 907
660 794
342 483
767 624
842 477
380 939
409 684
904 489
534 645
124 915
718 87
317 537
583 139
760 337
196 775
1119 377
597 421
516 575
714 679
368 614
176 92
735 218
429 580
537 510
794 726
233 813
278 785
970 645
403 280
218 570
563 329
860 511
845 658
773 114
1078 772
173 30
653 305
252 709
320 372
719 569
186 749
646 264
676 346
644 820
235 521
631 856
797 815
495 774
911 893
458 717
986 408
488 233
556 56
599 207
316 674
1042 353
411 245
837 323
597 323
987 413
664 936
665 803
648 837
553 926
645 440
556 301
490 730
516 -8
451 662
449 330
467 455
588 716
990 789
443 195
703 929
934 682
759 631
631 911
311 180
926 776
755 252
819 745
829 604
307 164
311 841
158 584
1023 20
574 556
1055 603
168 130
650 436
371 468
935 739
782 490
784 380
623 710
693 417
433 1003
714 804
323 405
886 806
287 995
927 887
1095 426
1071 256
812 544
368 978
881 841
494 953
703 913
714 682
484 218
632 116
303 516
553 645
744 911
895 -6
853 342
487 517
1082 226
567 977
533 819
816 327
365 745
501 681
958 773
755 596
977 965
850 207
957 268
1052 465
575 659
711 411
231 479
485 166
759 18
498 457
160 983
887 97
744 797
621 576
256 156
509 217
202 599
488 464
534 596
711 468
462 596
491 413
1088 538
244 129
1015 230
924 661
244 639
1075 192
301 851
872 552
749 144
410 488
695 272
1006 272
682 400
446 113
1025 442
821 533
700 583
475 493
263 231
508 496
137 382
959 512
288 886
435 641
526 805
1026 135
829 862
552 582
575 348
545 756
855 212
461 963
844 523
346 611
1071 246
522 163
1046 104
384 695
1043 165
1081 417
212 507
266 596
652 871
1092 482
563 166
1101 83
696 486
885 917
781 337
741 727
463 939
1088 284
628 454
719 650
1059 503
770 507
496 273
621 767
588 731
970 313
765 471
343 949
834 540
285 235
626 560
504 752
339 301
684 395
648 947
754 547
1051 252
554 713
