989 449
762 836
728 544
344 874
481 486
253 928
397 763
870 461
1139 870
766 202
306 285
392 85
796 804
892 668
1034 314
284 774
1094 1029
556 220
751 201
297 413
1120 518
327 194
358 178
321 436
722 427
685 486
685 611
942 1028
553 340
272 704
1134 679
460 806
981 39
546 965
277 469
1019 836
1062 465
825 618
820 163
856 262
819 151
889 397
621 632
442 492
243 738
906 1021
769 564
527 367
474 785
130 563
657 686
915 534
855 864
869 244
479 860
738 302
273 786
874 528
583 513
476 371
467 565
247 756
763 133
271 677
297 591
292 749
731 365
691 300
1135 900
797 439
594 668
797 633
504 475
886 771
797 411
1131 52
849 484
118 726
289 794
722 430
253 552
668 354
568 317
675 576
909 584
802 238
913 740
949 756
744 305
930 454
1101 185
492 672
350 213
566 407
726 390
969 312
1124 229
337 649
939 55
751 406
836 857
935 632
690 895
828 975
589 366
628 344
948 525
258 583
411 214
917 823
250 842
599 684
997 457
407 582
757 372
393 448
228 630
559 853
786 690
545 639
999 410
516 403
750 554
458 154
694 159
1023 558
254 904
199 206
377 229
377 944
757 128
473 373
986 401
855 646
828 621
534 185
348 743
932 581
450 711
616 898
800 346
1004 365
841 279
244 108
647 138
844 647
686 289
202 529
898 354
243 676
428 948
652 243
949 672
256 576
378 622
288 97
825 506
1026 44
778 665
890 688
939 928
263 772
1004 230
1115 20
831 352
300 546
248 736
974 470
553 299
767 335
849 724
895 149
529 528
415 233
977 743
472 269
643 37
838 666
961 192
736 811
267 177
705 950
557 747
186 177
743 205
458 359
897 229
427 133
704 258
198 227
977 147
943 373
445 192
383 894
1150 194
307 491
912 296
697 734
451 111
705 980
634 878
703 508
594 894
403 673
1118 429
1000 332
996 641
477 355
737 258
862 614
647 360
289 902
783 324
1043 653
465 223
649 331
248 724
776 606
495 116
824 94
618 234
812 276
894 523
663 324
774 196
489 392
383 836
308 711
585 775
742 76
845 278
975 701
968 522
1025 357
725 778
286 883
1101 248
234 851
1094 839
582 682
420 368
1079 171
717 647
479 639
444 577
939 593
340 221
293 911
820 237
521 720
417 709
478 547
549 354
856 821
329 776
779 388
917 963
664 886
507 715
867 373
954 365
144 1034
630 404
712 587
986 124
502 887
688 725
126 930
779 914
823 882
497 305
853 655
1017 266
630 782
189 753
399 501
776 672
1044 374
923 237
672 636
865 594
475 143
929 23
938 817
144 111
950 274
280 563
878 862
628 634
754 314
928 735
774 763
919 91
748 299
1086 273
1061 430
571 193
266 565
528 839
242 129
1021 652
858 767
212 190
436 758
463 673
1048 952
721 758
720 704
971 803
501 91
902 627
390 28
848 372
652 748
585 819
460 621
842 174
803 355
411 713
453 557
788 110
1043 524
902 479
415 201
974 260
303 536
489 417
503 172
840 533
1027 957
713 626
852 499
754 166
1048 697
1056 360
1047 518
613 216
1074 137
1000 664
983 391
801 895
329 341
1019 182
592 726
747 132
1029 596
633 657
829 585
883 835
370 686
676 766
912 516
999 681
304 451
425 438
625 671
1133 6
975 480
834 389
880 170
876 722
293 575
478 322
342 879
667 736
420 569
556 432
589 690
588 266
290 779
378 650
193 623
592 557
854 732
636 586
927 274
761 109
950 240
646 475
782 32
355 86
744 231
426 491
678 488
674 749
1019 135
691 877
258 748
407 590
124 328
287 711
876 428
714 974
731 766
183 21
762 85
700 812
533 530
950 412
745 218
571 728
508 69
807 67
176 532
523 348
456 219
693 475
944 879
1135 763
394 487
339 725
516 695
830 569
914 555
924 659
182 -8
855 735
817 877
791 151
615 220
907 169
428 133
1114 668
551 597
1010 116
718 819
559 868
320 633
825 425
881 196
326 522
976 111
996 880
1144 718
349 171
865 735
261 775
493 524
767 154
355 692
279 478
286 495
242 902
618 139
283 737
457 699
750 92
735 554
892 605
789 517
673 951
715 972
919 352
519 734
880 369
908 356
288 950
474 231
818 90
582 365
309 898
986 229
766 285
260 77
357 649
818 814
674 265
745 104
1158 730
315 861
1051 587
827 914
541 918
306 637
653 583
542 429
737 530
784 324
834 794
1124 494
999 261
945 201
551 583
471 780
912 260
887 898
359 11
615 595
858 876
561 392
974 497
354 564
963 788
542 453
674 283
821 79
472 268
909 636
868 233
564 884
347 492
912 745
898 223
867 719
514 53
507 521
262 407
537 253
902 137
652 872
959 737
234 939
356 564
537 144
976 546
1102 490
552 651
1127 96
907 258
276 741
580 343
404 898
733 619
251 343
270 783
591 606
369 333
519 851
822 331
997 718
757 407
768 265
774 813
820 490
333 319
957 838
468 834
460 868
459 258
828 548
403 727
936 67
1076 278
532 230
399 839
662 765
830 865
597 408
716 898
741 158
943 110
736 876
495 761
955 52
735 454
1026 296
751 891
396 396
699 901
695 760
689 339
597 847
514 759
569 606
415 693
1031 781
723 556
400 16
215 255
1078 1005
562 502
1045 758
824 216
853 316
502 487
1082 945
623 591
1066 279
976 772
691 384
678 851
492 670
524 408
932 457
908 233
498 793
240 884
588 782
978 215
850 255
721 698
1018 714
446 841
156 555
353 233
762 473
801 527
746 274
455 355
401 410
407 935
224 743
573 271
864 881
320 763
227 248
899 220
337 237
236 417
454 820
630 233
1117 194
349 609
672 407
656 160
222 511
981 311
569 618
706 504
225 943
473 614
852 112
383 28
746 520
556 921
642 610
231 599
1078 705
796 904
267 694
607 790
473 110
565 652
871 99
333 528
242 119
1017 327
809 756
725 236
215 697
595 630
1060 870
296 264
639 125
912 698
1021 866
380 128
771 554
1041 242
946 396
696 295
1053 357
620 194
244 87
1021 211
257 937
867 427
803 429
591 387
1098 48
586 338
506 533
957 330
682 124
239 818
695 107
1009 625
432 642
518 399
832 979
945 942
288 777
478 436
971 189
863 779
776 560
586 678
953 38
848 819
243 960
448 269
1018 150
960 402
404 390
581 811
444 686
910 855
826 567
464 659
562 927
1061 93
452 264
982 897
706 843
617 513
368 863
171 254
846 876
563 527
764 682
919 566
792 406
313 915
574 959
1156 842
752 170
904 583
459 671
318 860
315 953
810 666
1006 845
549 814
1133 690
290 893
1007 556
350 625
824 894
842 504
982 203
790 436
733 795
657 538
867 819
585 570
367 271
735 252
472 743
732 683
895 557
986 883
243 564
179 788
942 672
711 732
945 167
761 750
338 779
597 311
405 576
912 411
793 413
461 220
767 462
673 257
722 128
267 939
1135 545
945 482
421 889
678 524
695 284
595 133
719 373
909 892
882 976
782 821
1096 531
1005 581
440 933
975 577
639 285
772 268
620 508
1027 164
522 349
740 746
820 679
782 653
615 760
674 720
741 535
905 607
343 549
780 883
776 237
887 499
749 282
438 963
402 164
564 528
490 861
703 451
569 985
631 640
866 101
866 334
707 418
476 279
532 602
238 847
842 223
687 468
860 130
605 558
826 681
763 191
337 400
731 317
780 327
499 559
908 185
476 735
868 255
229 497
952 839
832 163
664 104
936 540
678 668
681 165
1008 114
626 223
421 708
742 354
994 860
720 236
459 358
465 915
635 393
468 5
481 728
959 635
785 314
1043 714
512 324
212 682
732 876
685 233
939 575
983 781
873 175
1003 63
753 783
849 443
406 304
532 17
203 355
1041 696
963 570
929 132
637 814
581 80
839 330
410 399
914 538
841 830
858 505
293 749
324 738
1096 822
927 525
328 211
253 285
327 467
550 749
937 215
282 136
898 878
543 346
586 757
375 232
151 168
669 667
804 262
326 505
787 380
510 540
443 892
994 559
862 646
493 915
669 633
1077 147
688 539
527 743
648 149
404 458
922 467
254 330
534 892
966 107
954 782
1060 418
490 773
670 322
825 748
655 283
492 967
415 58
496 869
266 772
433 441
425 544
1102 562
295 846
817 586
1006 402
987 67
248 229
697 476
878 616
1011 270
1056 224
407 624
857 131
207 386
1039 510
357 521
1013 290
186 42
876 214
1149 959
435 919
678 861
339 807
423 927
498 963
585 360
433 543
1046 791
723 8
1046 78
695 704
910 71
632 949
383 593
1000 936
835 521
416 567
495 561
909 461
984 147
435 800
837 86
1143 346
273 712
813 645
656 772
162 169
996 371
769 234
1082 819
986 554
810 326
266 955
1102 379
312 581
724 238
299 401
733 178
712 670
495 591
805 62
751 208
783 825
756 848
849 710
920 185
695 309
1057 923
568 143
601 503
351 99
433 585
527 53
408 798
675 460
960 786
694 778
829 847
370 975
498 505
1058 890
524 75
508 221
842 559
1015 858
945 358
951 159
948 652
1081 649
693 487
303 221
428 90
1059 510
725 208
806 720
958 644
263 611
317 228
584 318
255 389
389 366
469 563
681 23
778 624
188 752
262 757
703 92
