366 404
356 895
171 719
971 865
1046 459
538 169
241 682
541 927
835 94
510 113
693 801
265 281
759 200
197 321
915 133
322 602
202 512
1034 490
570 207
1149 1036
329 761
857 537
685 313
833 272
788 300
1014 242
777 424
825 98
639 627
386 972
426 101
728 254
162 80
1068 1000
948 548
200 353
733 118
794 976
234 577
166 809
796 961
544 290
599 805
430 161
579 669
237 708
931 592
517 828
1005 215
519 155
858 642
1119 946
954 200
573 280
295 543
753 790
1111 271
984 113
1094 214
777 467
564 849
744 569
968 426
1051 895
449 841
263 559
298 333
312 538
309 699
153 42
839 604
224 443
522 546
834 175
363 426
1004 871
996 649
963 475
382 520
489 447
782 745
547 131
900 344
320 229
326 791
962 800
995 511
546 627
567 688
586 386
543 12
606 679
622 728
244 789
1052 493
235 628
264 485
731 902
397 446
517 263
340 223
615 454
706 717
834 407
543 405
933 514
517 915
994 774
1028 763
1064 943
218 685
466 335
906 829
459 343
772 565
324 730
204 685
463 399
439 845
460 358
755 413
667 406
465 778
928 514
813 918
700 209
283 531
1000 119
770 667
447 451
250 657
943 807
745 197
191 506
1101 138
209 230
1160 176
195 477
229 309
488 795
937 190
303 498
618 773
614 591
966 212
933 470
176 528
796 387
959 122
552 813
1005 333
670 639
220 633
838 256
947 644
509 202
468 645
144 735
335 888
935 405
574 269
417 693
891 569
1048 883
725 858
852 508
603 684
763 446
376 514
1068 145
495 881
372 408
969 104
512 632
385 43
375 49
1071 561
895 921
449 837
713 223
211 90
501 701
652 515
1039 632
326 442
585 848
590 444
458 268
362 326
969 790
877 749
1019 983
867 482
954 500
1047 820
937 494
970 308
189 146
254 91
673 119
469 165
845 462
765 87
902 686
457 947
672 259
863 340
271 86
176 104
507 242
226 429
1023 839
813 431
970 541
197 651
337 402
951 861
593 449
414 172
190 610
1084 323
600 860
876 632
992 472
633 623
861 864
1038 578
985 609
769 243
568 260
802 28
726 577
471 1005
411 360
613 384
428 595
828 324
816 640
741 137
279 879
382 381
210 356
420 279
525 923
384 399
873 833
528 56
942 660
793 610
518 632
974 127
1026 37
466 685
501 587
444 483
617 342
400 908
484 381
552 193
1018 412
650 139
761 324
315 153
694 308
506 626
1127 146
572 768
961 236
1029 370
148 757
749 884
625 228
1051 117
632 63
277 472
727 884
552 341
294 744
1069 429
708 136
690 626
294 347
782 193
268 603
277 678
975 455
278 848
583 769
537 443
693 739
508 508
266 290
671 387
406 12
172 972
836 123
226 44
464 342
763 35
1097 280
475 120
442 949
861 270
459 818
956 887
689 511
497 307
315 491
503 920
820 229
751 538
202 801
379 178
460 242
873 154
304 581
943 292
405 452
706 666
429 379
395 364
558 350
919 676
929 722
670 919
728 862
838 36
890 409
622 90
369 950
747 76
800 548
579 798
382 629
910 286
791 680
635 394
355 637
941 157
307 443
356 624
613 578
516 202
970 160
582 306
957 202
671 561
1141 156
848 57
664 982
189 74
718 205
287 481
544 732
615 781
820 162
964 487
812 221
508 331
448 458
1029 642
552 801
812 122
531 906
885 155
259 247
993 328
485 153
339 823
441 791
513 159
740 193
397 426
292 35
270 769
432 725
851 588
372 766
256 400
780 250
636 52
383 506
777 525
444 903
251 492
316 142
531 44
719 629
559 885
306 91
427 115
785 74
739 488
533 427
208 152
528 460
204 306
922 327
407 301
280 822
1114 134
642 688
831 587
561 22
283 366
305 936
470 850
1004 817
611 447
584 196
1054 826
416 510
947 109
1022 94
313 157
843 701
579 900
583 830
652 724
626 494
915 560
301 664
218 427
582 544
456 822
271 682
981 43
575 269
234 270
915 341
578 559
542 869
347 679
914 213
530 292
339 598
223 645
940 671
983 387
958 108
275 842
702 376
718 536
879 591
311 781
924 195
242 240
1122 1014
880 309
828 67
1005 280
934 707
769 1012
866 53
227 870
1004 823
458 863
838 368
921 823
578 527
773 349
199 697
610 799
727 428
871 537
777 344
761 373
521 248
560 269
419 1037
512 167
904 735
260 478
245 177
1007 943
972 307
336 570
728 347
275 802
266 576
442 888
990 462
918 213
247 517
633 172
327 880
670 301
938 432
203 553
768 886
649 435
333 724
384 885
587 858
768 858
1091 959
749 695
734 129
585 498
779 534
900 745
534 188
769 955
760 614
713 814
361 647
485 312
870 173
990 268
233 689
110 818
987 348
337 118
811 671
764 523
1051 301
727 141
1039 559
886 948
907 234
301 902
923 869
331 837
389 989
912 219
308 500
1098 898
491 82
669 191
659 370
222 890
468 754
434 322
325 666
579 884
835 551
977 983
377 941
280 273
440 810
905 111
226 826
723 891
472 237
176 661
972 648
816 265
837 297
867 886
1034 388
769 624
458 400
283 771
423 597
718 594
238 95
653 487
939 512
690 875
1080 225
640 227
201 862
989 358
679 889
802 803
1137 450
487 933
390 885
334 886
362 676
938 137
169 229
1137 297
800 357
722 258
771 603
392 270
421 661
868 655
893 215
738 563
824 671
477 939
350 419
832 302
779 248
597 631
216 936
359 625
910 353
772 131
320 83
683 455
436 770
236 134
830 859
1010 561
910 711
1014 634
288 310
662 721
731 473
400 454
842 94
254 665
602 261
643 794
1132 -8
221 606
737 518
846 331
688 361
1036 558
366 560
792 320
652 101
892 609
244 216
871 589
338 647
790 109
982 48
426 918
1040 344
1027 287
448 695
392 249
513 703
904 918
488 851
656 437
388 882
530 510
466 534
398 754
1072 502
780 188
1082 140
482 374
374 542
248 568
783 259
739 863
897 641
906 758
737 852
606 856
596 298
466 752
718 384
421 490
501 93
633 420
777 896
583 171
1055 803
168 74
616 842
892 228
1055 643
644 512
418 912
447 92
403 433
1106 481
884 747
561 596
480 127
343 486
389 589
311 945
242 939
169 351
930 890
406 675
499 557
1175 1044
741 220
453 173
860 472
361 632
378 622
603 333
1094 470
519 614
480 242
500 387
404 631
832 529
552 941
624 215
905 690
974 309
366 498
952 882
342 163
470 723
1016 944
387 445
699 415
283 463
612 682
474 248
318 668
451 873
551 427
923 376
982 489
898 730
535 430
486 250
785 812
531 692
1091 252
901 966
403 912
436 384
270 687
820 685
273 532
640 505
710 678
512 337
951 895
771 910
405 432
506 233
901 124
675 800
1007 689
754 963
469 672
637 321
264 750
958 870
440 231
310 902
400 416
435 391
1024 735
792 682
708 432
964 1009
664 902
841 727
616 559
1019 200
498 202
1001 166
678 577
857 701
415 702
513 666
537 526
793 556
487 267
1061 395
850 157
496 565
510 934
809 196
1057 958
803 177
625 748
443 625
444 324
735 206
183 705
1017 695
996 959
687 156
894 430
395 136
402 408
908 604
715 585
227 728
699 338
542 61
1025 874
433 759
749 952
580 755
496 270
436 601
344 708
678 653
222 949
625 868
726 828
990 275
286 860
736 716
833 162
179 624
204 222
969 160
295 628
634 604
476 403
1016 682
430 392
1025 300
532 891
615 351
992 513
739 280
706 315
1111 731
462 830
776 457
638 351
1141 52
506 609
490 184
1003 1025
281 703
336 345
1096 525
491 943
517 818
487 204
565 287
478 262
429 226
1053 678
984 911
607 192
743 574
410 662
571 103
1010 184
954 237
871 379
594 893
691 869
953 402
745 918
639 122
937 631
250 286
270 682
1022 932
789 824
899 62
818 263
926 934
331 1004
974 127
977 908
399 123
238 179
473 8
753 316
446 515
874 351
1003 275
1046 848
766 828
398 802
959 791
946 471
603 81
872 688
1094 612
867 873
852 346
405 27
889 565
669 734
738 382
929 653
269 966
523 369
920 102
541 445
243 270
626 760
956 223
358 858
917 73
427 232
616 690
406 110
301 696
507 562
1103 467
617 268
840 277
232 897
831 255
497 809
208 746
508 409
304 682
291 184
433 774
244 1006
802 584
638 179
615 242
1059 784
1043 434
767 726
777 666
261 149
747 512
431 642
428 457
278 534
552 433
621 600
759 689
995 663
650 253
207 959
424 552
984 404
443 661
359 0
399 629
626 402
600 233
426 370
541 481
515 100
698 922
505 386
769 890
845 279
404 553
680 513
253 336
650 460
245 829
267 863
785 99
1136 199
298 374
483 505
655 754
588 89
726 644
683 809
859 325
943 774
429 657
470 100
557 421
996 414
458 107
848 349
579 506
876 839
657 115
979 277
440 932
836 287
529 387
777 57
507 283
369 236
1035 434
867 515
732 666
563 55
199 238
452 911
367 239
575 382
601 313
237 360
840 216
274 602
712 62
1061 218
776 546
324 747
612 149
690 339
596 244
291 470
533 423
775 632
604 594
556 459
1031 479
493 113
304 270
659 914
263 59
678 521
966 446
356 360
509 404
559 542
995 131
256 124
836 132
828 294
