857 609
1044 102
707 961
507 177
214 494
402 133
615 78
975 308
324 861
1127 722
954 198
776 488
1036 250
751 194
620 370
257 911
1024 378
384 684
674 615
325 580
625 170
586 54
1032 742
355 544
138 598
1007 294
926 476
510 76
1072 866
1074 112
582 162
629 464
451 686
713 566
473 592
880 487
684 338
308 567
845 868
742 723
583 811
1067 654
813 531
315 733
563 703
997 364
1049 200
630 123
884 366
259 229
971 815
246 251
675 619
286 831
1107 454
1026 498
889 843
172 922
517 572
433 911
602 572
897 156
739 635
1030 877
296 132
388 787
527 307
444 660
889 98
290 225
547 830
620 681
1087 419
248 144
554 559
1044 638
664 854
1020 322
545 440
863 972
572 670
246 220
379 511
1055 176
633 858
456 547
871 230
935 613
435 731
796 765
1012 506
835 206
531 932
637 844
191 615
953 915
629 226
791 669
832 144
1090 159
708 987
396 876
378 817
331 891
733 260
594 444
262 19
603 709
663 772
656 83
684 440
549 873
959 433
884 438
530 762
541 205
446 266
965 756
550 597
434 289
943 281
323 28
252 568
883 855
489 491
1003 221
620 789
304 465
637 101
882 384
1086 328
633 672
820 918
837 640
415 247
992 776
508 284
264 599
895 698
519 635
888 277
804 584
294 764
271 587
1044 228
754 867
972 631
712 111
463 486
1026 81
954 530
292 252
344 62
712 859
1091 679
239 470
749 205
227 883
607 904
867 595
726 225
883 940
431 301
390 860
1016 758
593 116
149 253
224 696
920 235
688 805
812 287
430 536
582 402
1157 702
169 279
358 912
1127 261
1011 155
699 92
299 509
549 899
812 951
912 132
817 396
254 384
639 394
834 900
878 272
910 875
670 360
649 643
577 716
545 657
619 474
821 653
317 745
406 911
210 377
957 461
336 259
874 556
349 597
378 37
648 318
703 617
556 632
682 495
661 841
911 752
888 132
437 400
404 637
1013 868
950 626
882 514
398 754
521 193
837 794
226 404
630 371
330 130
704 875
858 300
403 667
1016 385
806 62
380 108
856 198
680 797
693 149
1045 443
232 684
531 519
695 838
991 564
916 205
234 411
1039 680
853 490
891 228
667 502
280 -6
892 280
843 457
538 401
742 551
495 901
489 34
836 491
340 758
1093 856
571 728
523 749
669 807
287 270
815 596
585 332
929 391
891 759
330 115
581 889
1107 651
586 675
973 884
259 237
185 481
960 65
301 35
835 223
1058 796
860 176
759 171
747 85
836 270
967 703
704 1012
355 192
188 965
989 115
631 75
247 293
754 489
925 477
201 521
256 307
785 83
838 162
985 518
591 744
392 142
909 716
957 973
953 287
334 109
361 391
559 426
542 285
713 537
630 839
886 284
434 545
923 777
638 934
384 926
545 312
228 506
245 77
202 796
310 766
210 710
234 622
598 122
572 880
693 571
258 342
1126 661
288 352
425 832
555 625
762 721
195 159
713 486
468 251
586 74
680 104
512 312
667 892
894 583
851 673
557 468
383 250
839 201
934 779
955 894
662 235
373 954
200 461
407 589
524 586
685 698
318 680
771 660
810 855
603 295
381 247
581 789
298 682
639 186
491 835
356 464
988 895
917 901
502 452
423 410
837 580
615 664
634 267
886 813
967 115
502 525
578 296
921 851
240 770
344 418
864 676
791 109
760 162
604 383
1081 556
336 724
344 699
1009 501
486 737
787 401
620 26
455 907
253 920
986 679
403 707
468 644
853 450
865 176
623 594
919 268
695 843
899 703
999 874
162 83
789 639
342 667
838 495
534 186
944 690
626 969
666 728
767 382
843 742
407 962
618 514
309 515
308 529
310 659
653 887
683 779
369 574
643 466
256 665
863 151
957 505
929 677
913 241
288 896
208 511
950 269
484 737
602 451
542 641
507 577
777 29
479 97
644 211
541 873
806 231
781 805
776 529
224 630
223 395
1050 873
816 364
701 327
757 419
416 859
436 471
999 385
582 355
829 567
707 408
751 543
611 96
864 637
961 631
1086 435
266 832
1023 14
700 586
379 238
1066 342
320 474
553 408
889 697
913 146
259 621
292 699
1082 720
997 825
401 115
790 146
1002 615
646 411
577 50
429 812
413 517
463 560
702 666
244 588
551 586
744 842
656 702
569 966
259 668
839 102
694 854
572 586
486 839
385 249
423 447
1072 690
410 653
645 699
508 435
834 119
716 468
880 838
843 90
928 786
868 44
507 825
599 380
908 368
724 312
843 734
798 156
461 384
355 851
656 980
1002 683
773 881
812 832
908 353
762 519
487 817
871 423
909 165
628 413
389 479
132 673
955 362
837 162
440 527
592 581
394 655
332 567
541 405
233 845
261 615
956 247
409 662
1160 494
683 921
665 788
344 960
236 353
369 658
609 442
579 484
1039 554
272 965
756 96
390 761
744 588
707 323
283 573
817 805
113 465
392 826
994 60
497 870
1000 53
510 222
681 226
779 547
588 342
702 207
1003 636
792 908
316 496
850 571
237 224
287 108
193 276
731 481
695 322
713 31
748 621
1114 250
736 873
590 362
579 636
360 234
1113 628
1108 753
317 901
294 888
762 740
389 399
338 665
665 110
827 204
1007 581
765 279
384 784
213 451
1092 191
798 446
437 354
910 485
608 909
327 668
713 120
547 337
672 521
922 376
304 843
226 548
1068 377
752 189
452 556
1087 48
254 636
194 524
1014 32
438 925
199 541
202 631
774 215
281 432
975 440
506 697
505 834
598 464
486 801
945 946
392 63
818 465
558 837
215 937
498 871
713 981
811 306
409 621
397 329
787 729
280 146
290 142
221 803
780 299
903 163
935 453
552 275
1085 1033
961 423
366 704
373 193
742 679
878 315
285 620
303 278
1068 790
264 897
849 800
941 739
386 939
555 235
995 296
202 941
405 930
1003 904
936 42
523 480
699 860
545 777
664 472
845 379
983 728
778 717
897 338
121 726
951 268
900 391
762 930
1032 163
940 476
608 779
892 302
818 729
872 891
631 347
477 485
160 942
398 235
589 205
553 741
970 768
724 165
408 963
272 225
337 619
899 485
526 955
936 835
505 245
399 513
1042 508
125 743
582 220
896 898
398 187
540 389
545 878
1043 650
1044 341
712 99
803 125
508 217
782 864
276 361
773 626
627 226
579 840
854 248
624 470
820 691
400 173
513 156
923 503
540 188
330 85
1105 710
532 498
1020 819
1123 311
469 79
738 609
928 636
928 265
280 367
228 914
1073 119
358 597
1092 837
771 794
733 717
933 892
207 600
457 5
436 684
556 864
265 664
225 207
902 623
992 554
997 601
404 378
175 765
976 147
274 358
586 534
381 706
845 934
284 382
406 649
353 197
690 506
428 843
678 387
452 327
407 626
991 678
666 119
1037 80
419 717
281 599
607 852
829 521
342 301
425 247
312 385
963 904
340 657
529 1039
671 830
895 643
307 163
939 622
898 665
1033 933
364 543
888 809
1032 140
830 91
414 989
818 267
1091 6
652 549
693 758
890 713
778 802
590 163
812 12
282 173
791 633
581 417
545 128
772 554
190 716
334 447
687 71
538 710
277 785
409 1020
966 617
416 852
954 350
976 659
268 22
353 852
531 787
502 313
545 687
1014 638
480 850
802 738
967 177
776 362
378 898
524 370
210 224
916 3
727 615
846 615
473 720
547 946
1108 428
906 851
1019 472
552 615
602 444
858 351
758 493
1157 698
742 459
448 96
654 300
763 455
199 566
582 232
761 834
336 162
1039 210
393 70
349 633
754 791
841 305
948 510
979 746
752 751
245 626
585 631
272 178
295 376
717 626
937 573
852 869
514 794
663 700
683 260
704 152
719 648
285 777
359 167
700 183
505 906
903 198
463 702
794 610
274 1010
741 633
866 161
267 714
836 339
352 606
830 168
268 194
523 566
415 448
861 428
187 150
491 445
964 518
426 390
955 709
540 42
165 386
457 865
1075 967
361 240
1092 47
192 790
610 808
828 288
439 503
501 395
832 187
1118 460
127 471
754 681
330 342
262 234
717 384
1056 363
644 50
957 167
510 649
1124 522
754 683
737 550
902 634
235 361
1038 258
844 91
246 535
1041 461
291 634
572 734
553 912
540 588
536 578
597 102
630 677
948 585
977 859
434 776
840 136
271 572
521 482
966 685
669 678
373 962
580 575
749 2
681 863
565 671
433 206
394 228
320 849
223 511
414 592
922 636
975 668
426 815
351 857
919 473
483 709
367 538
405 1007
992 353
874 429
500 760
395 667
655 641
1014 685
212 788
828 387
849 780
1036 15
945 833
230 791
341 597
672 163
608 292
470 544
928 749
704 747
149 767
566 443
430 910
276 781
870 650
387 867
574 250
350 352
888 740
453 538
837 969
294 89
773 735
615 352
305 641
686 268
387 816
310 499
565 135
912 326
269 347
136 847
983 885
240 459
583 620
555 231
753 794
986 804
448 187
283 583
367 518
290 888
843 870
294 593
500 742
678 349
298 412
515 644
905 806
316 7
358 237
846 970
634 412
559 325
956 849
1040 234
481 668
386 33
701 424
886 755
193 187
519 343
327 824
853 858
640 261
366 874
445 606
