872 675
1007 68
393 337
937 44
1081 182
986 347
718 382
707 469
908 701
616 861
578 97
1107 442
263 792
511 131
683 663
706 988
366 971
402 437
379 570
832 322
553 264
1115 883
653 873
1090 594
922 520
237 808
779 106
207 -1
744 515
417 405
666 913
983 314
547 351
188 778
1160 115
652 819
456 744
875 576
567 482
1088 337
495 995
581 716
961 227
872 971
241 678
470 533
743 740
448 340
308 333
437 897
941 24
1011 831
186 320
1021 801
320 91
679 497
823 422
730 890
493 480
1143 985
476 1013
572 149
888 309
364 962
1058 304
866 350
937 185
449 26
1057 418
935 782
1149 815
387 827
650 810
1123 78
666 126
993 625
341 831
1008 851
603 683
815 519
589 255
646 74
574 517
402 253
577 226
879 320
636 226
554 221
941 606
793 138
553 206
642 124
714 857
634 150
943 286
687 417
831 615
842 201
672 775
929 1025
292 159
912 908
856 300
849 270
980 793
232 649
1153 965
727 295
400 855
1018 666
692 632
683 164
628 295
198 493
694 682
468 771
600 857
1044 846
750 380
563 565
852 215
536 355
689 429
466 127
1083 385
846 666
985 375
1132 565
862 793
536 891
204 880
506 558
872 388
355 331
200 674
573 684
318 542
347 803
891 744
951 626
318 488
174 725
382 507
912 494
351 39
835 673
398 171
323 99
534 316
531 659
616 570
755 740
219 462
510 491
444 568
968 702
508 915
535 130
884 469
635 194
1036 590
928 877
826 350
852 306
248 273
973 831
773 587
829 539
713 833
387 351
293 289
918 429
406 814
290 316
398 567
429 107
872 142
685 323
1031 503
436 802
406 192
716 661
588 404
393 673
742 69
265 767
600 623
842 225
1122 952
339 508
545 755
254 113
301 526
693 890
567 322
511 128
568 812
945 66
420 190
416 429
500 538
937 102
358 709
622 61
550 470
190 49
877 956
868 848
773 882
404 525
955 577
278 353
1022 871
461 606
716 547
519 519
925 338
329 335
210 893
753 797
697 734
287 964
798 712
618 801
586 63
352 443
556 535
641 310
561 236
1077 624
220 612
590 660
718 305
389 898
375 730
638 132
759 841
1140 452
629 756
557 296
1054 794
592 185
518 592
425 108
456 497
495 135
414 435
769 751
680 843
470 933
351 76
596 154
989 219
740 534
1070 598
828 705
1057 836
1062 875
879 140
611 651
913 658
839 156
539 724
705 610
747 832
649 757
998 676
628 906
732 188
930 803
409 916
881 871
952 656
626 583
363 513
929 823
834 299
665 65
304 38
312 827
982 444
595 499
853 355
315 653
271 260
581 485
630 201
292 647
282 581
655 352
350 820
838 679
802 812
266 237
732 808
558 525
635 586
692 246
595 810
342 586
832 166
686 315
912 596
808 958
516 362
819 272
504 677
824 300
671 491
278 497
910 339
778 318
789 292
878 846
769 428
903 707
789 197
351 118
810 137
253 592
246 156
543 813
351 396
335 782
704 488
957 277
994 892
748 156
349 431
868 724
406 183
785 530
591 716
977 339
701 469
413 779
593 615
811 603
1102 512
861 176
735 226
435 657
682 334
853 829
341 190
819 842
279 198
1144 525
391 268
954 312
644 875
545 932
308 461
850 197
883 976
531 527
966 371
1112 37
971 204
343 633
983 977
489 744
526 744
838 463
403 383
712 384
482 506
795 309
501 838
838 130
436 628
920 341
184 647
454 996
969 191
808 666
496 807
1027 599
495 150
675 304
721 86
806 563
828 719
470 634
1047 164
657 567
338 341
284 405
746 826
551 49
350 51
998 507
639 671
902 229
427 624
783 228
1020 989
226 945
978 262
295 646
983 682
345 433
238 705
975 273
753 53
912 421
116 527
574 793
1167 483
1038 805
558 236
552 127
417 843
899 624
678 238
277 554
657 816
214 410
367 686
110 426
780 435
677 875
480 354
495 742
787 458
546 618
575 635
241 459
147 1032
395 738
1030 265
343 756
893 128
1006 261
736 873
868 1031
788 321
930 691
1016 894
1029 39
1030 341
402 460
388 119
654 530
788 284
449 910
654 603
592 952
365 884
496 228
428 709
244 788
745 955
901 173
324 593
515 164
522 635
766 853
875 842
789 953
578 683
1014 171
1034 570
572 628
810 399
774 915
192 546
682 977
981 286
784 602
367 284
762 90
429 184
370 -4
531 598
549 702
136 194
271 582
402 737
1087 732
231 482
402 405
638 324
824 818
777 267
486 486
721 163
327 783
473 817
900 533
535 436
414 395
798 410
498 577
1159 587
879 108
699 662
759 267
617 132
711 425
310 423
691 700
303 683
1024 888
726 679
830 642
811 347
855 696
475 549
163 510
681 887
969 857
601 944
365 622
788 929
265 908
686 878
940 269
363 734
848 611
624 311
426 662
750 849
354 545
1019 407
768 774
724 132
822 196
687 176
225 635
404 969
593 758
925 365
871 658
273 137
912 536
628 184
849 570
873 354
258 429
958 883
692 272
889 557
420 560
815 575
301 792
456 265
573 92
458 519
963 746
760 694
1138 473
538 37
1049 332
753 105
583 624
1048 187
1059 420
302 930
613 412
523 936
375 387
1071 644
1117 491
772 625
510 586
690 93
750 805
563 914
399 107
1011 432
997 229
763 958
324 703
329 745
531 321
904 356
734 482
415 495
580 677
534 423
567 127
837 184
1019 941
412 724
240 476
803 616
920 31
792 202
231 720
1032 890
455 19
1022 314
579 457
742 118
963 943
823 169
1132 92
525 160
697 906
235 419
199 620
305 378
910 480
661 397
318 877
976 195
707 916
978 581
559 502
252 688
706 205
970 655
836 695
259 182
580 928
1133 930
553 130
506 513
579 589
874 649
844 770
764 366
462 630
396 437
832 968
812 226
914 218
622 349
484 122
571 785
818 803
520 187
390 101
1026 978
983 467
1092 745
433 255
918 852
643 420
434 932
584 248
452 790
613 615
675 831
358 286
501 726
469 642
572 470
882 763
1017 118
675 593
1024 440
323 533
293 141
1023 493
438 473
615 140
1111 949
417 926
1034 447
227 381
228 899
947 864
869 248
519 578
518 51
537 223
617 528
804 770
735 618
937 377
764 962
1045 395
958 539
617 336
576 547
770 786
411 1018
515 722
726 886
1058 698
1010 165
228 289
751 858
351 443
463 219
881 601
441 169
282 201
346 773
702 229
527 303
503 211
355 153
221 230
1009 665
811 171
344 787
900 281
880 334
938 384
999 113
752 371
465 610
927 813
444 469
899 663
541 27
419 880
1035 459
656 193
994 155
801 703
1054 330
925 193
925 876
669 482
813 599
555 897
733 659
341 166
1077 482
478 181
647 236
226 229
761 864
649 884
437 312
759 143
1144 807
864 88
345 338
910 476
785 584
725 779
598 117
611 384
955 151
768 889
236 649
634 383
719 752
394 73
1050 188
258 909
706 366
210 962
891 613
1058 757
935 367
203 512
927 431
255 1002
902 127
181 294
172 733
469 550
823 340
1092 757
905 565
585 766
947 373
922 553
572 139
967 857
895 621
1031 77
446 546
1034 647
689 800
772 275
691 428
890 908
450 321
502 801
194 483
778 627
245 808
1018 717
427 502
1026 177
292 705
829 867
661 752
642 987
996 868
141 500
608 28
506 41
247 764
1026 815
493 629
1067 382
836 499
708 171
225 570
483 891
1034 672
244 691
817 917
933 695
952 336
264 285
926 724
320 305
341 818
243 330
715 524
468 734
435 378
361 800
914 742
277 187
238 215
798 533
207 452
1093 183
973 261
1024 528
249 844
978 339
438 857
969 733
617 69
646 263
607 293
180 310
810 792
392 358
296 920
1079 155
253 423
292 643
1024 715
658 100
916 883
1017 315
713 543
355 386
170 216
872 780
205 83
891 374
406 593
677 896
771 777
1061 676
476 822
338 863
323 555
1061 109
860 659
1108 574
460 231
847 470
673 859
907 940
535 806
346 545
483 633
669 347
429 665
796 599
955 442
760 443
846 441
906 183
1015 625
783 778
557 531
1091 183
623 96
475 553
228 87
1041 397
645 563
329 306
381 272
991 924
989 335
928 762
653 690
904 907
211 562
998 360
513 835
902 696
795 461
582 316
366 468
847 841
218 450
400 360
263 339
501 798
1056 523
901 266
387 441
941 369
871 669
828 265
871 133
1002 639
897 413
800 227
700 948
343 751
723 942
504 728
538 620
1062 502
687 933
550 113
648 33
652 313
852 535
500 257
499 281
820 237
894 537
483 613
586 319
818 289
1056 100
491 222
661 864
495 237
673 634
497 349
351 646
802 557
918 160
572 884
809 773
1033 213
682 161
208 455
1030 282
213 147
825 659
295 528
784 326
382 887
664 127
907 871
1023 560
589 887
461 265
674 816
526 339
192 278
520 438
323 563
844 362
876 312
319 262
954 625
684 44
697 627
829 533
350 762
469 393
384 636
320 245
842 947
578 540
771 679
933 707
380 703
912 924
1087 827
398 918
911 718
375 194
766 261
990 303
685 99
1054 586
960 48
633 123
815 427
839 619
442 289
767 786
721 565
249 774
922 925
295 200
970 910
1113 309
551 724
827 318
755 857
885 714
494 579
804 835
604 582
815 742
699 304
