381 138
191 839
618 772
292 527
587 313
516 811
832 173
316 571
910 277
311 855
920 8
788 178
603 252
939 968
713 64
844 599
483 200
1140 729
207 799
663 114
1035 302
1050 573
392 935
471 247
1033 899
1009 262
574 738
699 80
245 831
310 825
646 121
197 759
1020 874
298 250
685 867
437 651
700 947
258 856
248 874
855 89
678 185
991 494
334 728
961 128
482 412
874 810
892 529
739 548
181 912
1012 234
803 418
343 241
908 731
443 335
942 240
690 219
281 275
988 594
758 379
364 758
877 547
397 610
854 46
545 550
584 532
249 1033
778 36
506 398
541 742
604 866
755 641
279 139
968 188
812 798
873 195
606 598
271 111
408 689
178 157
936 566
1041 959
602 841
309 91
922 329
648 740
606 218
286 369
1056 251
791 498
459 911
402 734
930 643
290 354
456 130
917 278
385 440
648 82
381 416
1008 331
781 396
452 812
296 887
1093 830
420 330
666 826
868 983
823 983
913 598
852 634
765 682
326 42
778 165
765 834
816 716
841 253
906 327
746 753
1005 578
220 845
815 482
904 647
775 697
343 604
787 209
675 812
617 248
627 381
940 982
637 215
749 251
524 639
266 542
305 465
665 470
866 101
921 848
571 115
245 273
442 501
621 537
522 222
789 713
250 784
819 274
266 637
973 765
1063 653
626 704
950 728
1026 851
396 696
613 345
1019 717
875 331
333 103
170 147
469 48
1104 839
404 883
1027 889
898 170
856 667
410 421
670 461
1015 922
741 816
597 399
206 183
289 175
730 868
398 397
846 488
700 704
654 460
1077 624
241 654
399 919
236 191
711 532
1120 21
633 194
898 801
1018 454
1025 536
481 157
299 484
405 874
685 146
238 299
304 282
720 441
955 548
416 768
819 971
1011 437
327 642
744 258
192 550
743 812
395 453
251 365
371 746
582 252
651 793
352 506
242 687
753 861
897 833
765 86
546 961
808 718
756 822
864 924
599 115
436 427
937 93
849 842
512 282
581 418
288 411
300 437
484 777
363 216
575 487
203 613
335 575
501 638
786 771
453 845
899 177
203 984
713 425
1028 517
986 600
771 542
705 448
870 603
681 181
213 848
346 285
167 -1
722 723
426 138
238 420
430 258
792 240
714 625
528 247
254 800
437 417
1115 722
728 654
471 103
937 665
208 249
902 802
824 803
680 622
397 833
1032 895
280 379
677 309
1056 741
1030 166
559 712
884 428
569 290
791 199
622 428
895 362
450 515
347 674
1117 59
697 955
710 912
353 816
324 860
886 52
418 355
234 119
582 248
368 379
701 88
918 277
744 137
224 841
521 422
493 431
634 868
415 391
432 552
915 577
558 525
202 716
649 414
306 667
391 307
199 69
934 241
632 747
476 202
832 198
765 295
857 268
739 863
1029 381
990 249
711 299
820 591
838 526
581 565
630 776
1028 196
378 507
250 695
510 834
219 130
333 632
990 471
525 499
993 672
620 885
332 159
525 776
982 505
1083 394
917 625
719 368
1012 720
1012 572
539 545
747 78
839 705
504 224
989 352
313 477
959 327
407 467
694 374
553 757
277 251
949 126
260 569
937 568
426 409
286 272
729 886
801 768
687 100
381 517
249 197
393 113
471 612
529 314
1142 169
819 140
1039 446
885 88
595 292
499 763
471 654
609 195
1039 216
276 559
879 340
459 391
564 586
961 407
344 299
821 542
877 210
219 235
219 181
365 289
1049 218
488 973
646 193
761 831
644 558
311 562
868 787
531 820
979 276
415 310
676 696
373 684
506 325
1130 581
917 894
446 281
157 103
132 351
920 737
916 496
604 430
348 788
1029 247
757 525
286 147
362 810
929 77
749 652
793 915
514 392
1011 769
596 263
813 756
613 549
969 447
1009 654
931 526
525 427
767 916
1114 475
593 405
712 503
548 773
933 305
241 596
887 156
362 863
716 53
789 187
871 377
900 45
601 816
531 367
800 538
597 492
266 932
510 1002
549 886
1002 109
1079 790
489 357
728 505
827 665
1007 887
810 970
1047 648
331 454
1067 467
1100 456
666 167
849 300
805 441
706 564
518 979
1078 181
333 664
271 866
438 916
850 476
738 286
180 617
335 349
985 377
1073 700
212 705
256 851
782 852
784 868
778 707
828 353
675 789
295 754
526 648
617 369
445 386
273 739
407 733
956 360
507 317
779 224
521 341
541 871
859 738
374 487
470 362
818 525
427 789
641 486
705 978
969 57
145 221
201 887
961 806
761 218
457 788
647 533
450 688
299 240
486 663
525 311
751 237
304 86
160 636
476 337
596 504
304 363
910 483
576 661
519 773
985 819
670 444
374 724
889 343
306 739
341 163
1037 758
682 226
1043 292
848 365
910 112
382 913
950 469
795 682
861 128
985 391
583 713
456 396
333 745
470 104
406 734
517 91
270 817
496 142
658 445
732 782
249 248
287 571
968 687
630 517
545 771
1087 616
699 285
326 802
1010 462
456 58
998 69
619 824
858 769
559 866
821 525
225 775
530 588
933 1034
566 99
834 898
851 671
437 253
427 540
1130 540
479 239
832 959
789 488
399 164
572 610
628 180
852 415
816 828
579 133
721 799
803 686
472 512
653 792
282 928
317 261
662 688
499 566
1085 854
784 561
1009 148
603 490
399 717
489 787
975 176
447 579
560 811
503 665
404 554
673 693
670 596
292 264
663 495
470 962
959 814
647 815
427 895
645 637
457 737
259 192
445 230
391 332
348 943
335 561
631 725
753 236
952 825
197 724
883 383
758 423
1063 198
901 744
924 520
921 560
184 333
314 445
663 865
469 625
570 603
1010 100
953 327
912 809
510 665
998 323
758 690
417 423
347 670
368 770
791 654
322 897
691 625
550 580
342 993
824 103
375 702
815 803
720 288
607 716
148 809
118 681
1047 606
401 590
887 489
935 580
790 876
695 90
351 41
561 718
831 800
249 381
888 960
915 617
412 446
289 833
675 878
570 140
180 655
638 688
167 61
325 180
161 615
468 999
593 344
1012 528
914 729
1067 98
712 943
408 853
388 725
591 658
679 583
792 353
197 722
208 84
357 273
309 566
473 254
787 238
603 374
486 812
836 884
226 920
425 201
753 694
904 474
806 425
954 743
976 861
813 100
463 645
739 592
673 130
761 995
883 281
588 741
505 224
448 453
676 564
941 157
833 464
961 492
598 686
358 520
678 607
956 925
190 913
855 569
664 786
998 956
639 938
1023 514
597 897
687 656
831 380
904 576
298 455
635 464
878 294
917 891
690 867
656 377
813 304
819 99
675 283
1050 287
454 653
791 438
483 187
639 303
737 288
444 862
602 664
1012 405
1000 170
958 455
217 893
198 236
1018 767
525 421
464 492
993 809
705 133
583 511
685 621
563 349
474 54
862 836
1021 420
324 599
184 402
340 630
592 278
534 916
353 500
226 256
879 109
264 357
400 417
932 321
161 1012
379 102
1141 170
407 760
414 855
836 782
409 134
736 807
956 367
442 661
377 637
806 480
871 180
565 939
1081 312
856 810
267 86
1115 1002
249 818
507 279
431 111
1059 434
548 461
349 472
775 277
1081 425
931 39
239 642
538 889
451 620
446 839
574 582
866 480
647 960
770 147
1126 296
962 388
860 470
850 799
1074 895
962 491
895 282
931 445
656 458
1039 104
822 411
759 791
816 243
423 884
861 497
450 100
684 880
403 392
432 829
1030 340
259 108
1137 172
993 868
908 866
709 144
560 374
1035 144
947 494
511 837
782 812
871 318
428 328
350 788
461 1000
305 193
1010 722
492 616
906 748
880 432
972 663
765 614
834 372
621 204
307 718
335 18
773 102
912 264
319 623
1076 665
638 953
737 595
786 215
586 132
280 130
226 388
517 597
277 961
753 971
1000 397
486 875
948 466
613 910
1014 436
461 581
601 835
893 568
576 411
482 704
408 704
589 553
837 562
839 705
960 325
191 284
344 605
219 560
782 555
876 474
794 595
370 347
796 946
515 960
875 434
900 101
798 226
258 391
581 455
984 408
315 116
1082 520
395 782
687 122
400 695
806 739
415 902
816 903
367 576
646 630
354 81
1011 873
768 847
880 275
825 896
145 726
263 865
473 902
193 655
813 279
565 676
698 1021
756 291
873 583
719 705
550 91
1121 7
285 90
469 815
1020 750
270 567
741 577
664 588
707 673
958 634
341 583
741 525
234 549
323 549
683 915
643 745
992 464
945 516
471 506
394 95
1012 362
568 271
567 619
260 612
911 1002
753 105
744 274
975 397
473 87
762 176
962 641
189 12
820 512
1084 316
1011 497
884 296
1037 133
280 692
284 191
604 788
377 330
447 603
383 247
844 515
445 743
355 258
622 438
879 790
281 71
557 413
914 832
713 529
793 448
260 718
579 300
204 257
311 477
1072 584
301 314
735 767
918 901
1120 824
955 922
551 944
499 857
853 734
346 107
997 660
999 511
545 721
824 882
594 26
1056 221
700 207
734 480
631 678
799 529
680 420
813 546
421 149
235 502
891 377
945 814
295 748
991 898
761 173
1105 673
1026 291
254 102
518 873
237 803
954 746
633 598
1108 669
554 393
854 780
930 267
741 905
770 738
205 957
1019 227
