242 342
945 208
1055 709
858 572
279 841
956 1035
998 407
557 232
356 492
552 675
602 227
1058 774
308 384
648 903
473 526
196 436
479 757
928 67
947 427
130 830
737 111
1072 268
198 300
432 205
614 425
1088 961
949 124
794 538
262 120
701 894
836 756
285 680
706 399
771 726
328 939
531 920
481 869
804 288
440 761
146 444
891 883
903 160
966 255
646 386
238 786
487 769
204 401
899 860
1046 89
453 125
247 161
1025 547
119 72
933 389
654 676
652 361
286 673
609 183
307 670
227 346
414 552
1053 349
167 220
295 258
1005 238
567 557
527 508
935 443
1062 783
585 852
631 864
651 148
515 440
775 165
660 243
984 155
662 240
879 229
977 612
514 787
485 375
404 279
614 249
325 768
831 779
882 121
228 458
490 159
593 655
172 800
459 550
956 624
534 987
555 270
453 165
340 919
1023 281
163 112
606 256
1128 949
798 690
682 660
384 802
545 606
669 177
558 911
248 484
315 673
682 278
714 404
831 404
311 539
182 742
843 756
904 880
998 613
999 782
259 28
792 297
443 624
417 869
832 528
1045 208
353 793
633 793
622 143
1065 938
1027 764
159 809
373 933
574 869
211 816
309 459
846 554
995 459
917 456
605 628
1057 930
931 775
413 653
693 620
981 669
406 490
625 929
1024 378
940 471
273 666
163 297
630 876
563 556
900 771
794 393
638 844
310 897
684 372
981 108
447 617
499 354
753 375
971 25
547 153
376 343
245 879
574 271
596 608
971 315
672 21
827 688
354 973
846 387
979 351
945 913
665 139
268 583
475 751
439 360
540 850
706 808
572 489
861 859
665 226
630 239
715 228
771 391
632 898
1126 809
768 664
1004 467
491 868
419 690
420 304
708 -4
780 405
562 482
1053 346
253 397
711 544
1041 420
678 368
627 973
1049 39
589 95
202 266
517 470
823 176
734 312
707 513
830 242
1129 626
571 196
584 673
720 824
481 641
975 340
130 75
367 32
605 71
350 565
966 72
884 696
924 104
139 941
1015 410
260 302
1026 876
862 704
962 229
477 359
657 341
277 239
426 160
575 709
756 208
1025 375
493 448
508 474
698 108
513 718
591 536
1027 422
324 605
994 903
776 560
328 473
1041 230
496 132
294 874
478 178
186 489
782 496
671 753
747 388
729 840
1105 541
128 659
1008 247
700 806
831 561
255 377
449 539
306 778
782 717
768 867
290 651
485 433
779 765
961 342
267 187
336 222
607 261
904 550
209 781
273 74
597 660
1065 828
1059 422
804 179
957 312
358 422
389 173
222 833
661 258
828 606
150 210
192 737
1062 815
306 964
294 174
1145 833
913 618
554 950
338 474
315 783
820 265
661 604
529 374
938 744
1009 176
447 302
478 681
1042 692
832 627
952 652
1096 184
428 752
985 738
194 99
370 752
348 805
434 792
687 646
347 338
918 391
901 1002
814 952
658 687
442 177
719 328
863 832
661 907
299 775
406 541
703 566
746 148
610 785
641 569
315 644
916 475
807 792
681 937
262 590
613 735
750 469
1013 181
964 742
632 840
298 170
1038 399
668 164
502 603
341 156
733 251
267 298
304 565
381 505
1092 167
925 554
715 132
990 610
739 595
463 954
969 901
622 362
689 613
234 763
187 537
339 663
1018 818
854 325
483 851
1040 181
703 377
807 512
489 966
312 850
620 868
352 430
683 397
206 650
446 681
1078 86
543 700
364 957
1019 453
997 396
804 411
251 494
248 772
705 860
332 144
190 515
545 592
641 852
840 445
768 81
272 276
724 220
1064 346
984 86
1036 668
257 130
590 647
1008 886
479 146
772 742
753 470
707 377
526 287
908 563
440 513
276 891
580 891
461 902
967 493
820 649
1019 350
678 875
984 394
1057 377
674 422
886 701
494 364
774 145
370 902
152 143
527 448
754 409
381 554
284 754
960 806
317 982
694 852
626 543
970 929
1060 673
729 584
673 687
386 639
499 676
608 485
770 824
1071 59
317 774
332 378
622 209
517 443
334 784
974 277
250 730
589 840
1082 364
444 616
331 731
720 586
974 792
1057 781
309 738
562 162
680 266
830 254
809 248
550 353
1007 822
840 216
718 481
646 399
504 710
609 492
759 377
552 647
274 459
499 833
389 522
700 119
849 192
1030 353
420 590
440 727
709 553
928 917
310 747
280 548
247 119
796 909
841 187
396 351
1052 844
1068 787
459 57
669 780
531 23
430 703
741 613
950 222
762 226
933 919
1055 658
330 741
617 83
507 195
1018 879
1010 637
510 82
753 840
650 526
231 641
425 448
1114 234
318 350
409 812
493 702
683 879
436 202
480 331
230 845
537 700
881 701
273 325
382 477
349 658
563 241
182 826
771 445
576 918
583 915
566 304
543 -16
796 612
640 619
491 430
291 901
388 245
875 451
750 558
815 643
384 566
412 550
809 437
474 378
680 332
677 136
995 331
231 108
312 524
866 810
457 225
903 842
586 282
967 342
370 371
916 169
1024 439
592 919
237 918
1080 120
284 687
765 954
1038 677
367 908
763 681
445 414
772 619
272 917
700 384
750 678
1060 440
322 257
492 350
989 600
573 679
1054 768
691 584
664 353
976 843
184 467
1047 647
1030 668
305 843
278 289
500 341
636 515
540 420
810 193
461 617
602 743
751 685
832 325
960 805
1071 882
841 663
686 441
837 554
690 848
873 590
701 650
323 222
1065 485
495 630
466 153
555 733
426 170
417 107
208 659
251 566
372 435
377 308
845 312
294 334
914 911
830 110
798 724
929 573
318 458
372 984
878 550
823 693
552 842
994 680
772 374
973 457
987 574
931 891
723 930
957 832
658 159
496 384
1050 835
402 713
857 472
839 764
1094 590
584 336
555 197
1119 741
1073 514
661 710
525 637
534 139
315 377
873 620
209 350
404 484
313 106
1034 125
127 641
804 854
318 150
909 558
1032 350
893 559
408 207
401 791
704 450
366 884
728 350
1040 822
287 505
782 918
799 886
332 336
831 307
339 303
914 542
255 802
364 801
341 558
782 736
602 457
421 588
820 923
273 535
228 784
296 184
419 911
625 641
756 145
733 675
750 397
700 246
379 160
465 410
865 577
690 707
425 285
585 710
378 661
677 196
866 629
973 175
336 943
607 149
664 469
1022 883
238 233
518 212
199 809
704 695
1047 590
728 273
583 932
602 654
415 280
866 427
331 865
1060 940
928 286
542 155
773 365
624 701
1009 432
551 779
420 372
604 949
260 907
978 464
710 457
312 523
847 219
787 355
625 575
227 861
432 853
517 288
448 723
840 579
764 484
766 278
379 773
880 296
883 379
502 635
686 156
534 903
585 168
639 545
679 625
590 932
787 56
540 776
268 111
1023 711
808 500
654 344
819 558
603 474
300 141
739 549
831 871
917 17
624 395
265 270
779 487
240 172
460 340
1126 944
871 139
1043 69
821 865
781 628
574 849
693 290
644 524
263 429
946 5
953 504
248 775
332 971
553 850
517 704
613 832
403 730
989 591
968 512
327 523
909 283
266 120
620 550
436 446
289 743
840 925
381 754
759 189
302 852
290 146
171 741
292 428
498 864
501 151
585 780
143 433
912 892
634 601
503 410
746 116
655 339
739 237
853 280
1046 827
514 584
206 124
376 636
355 491
504 172
720 43
702 504
475 172
754 325
1079 667
529 813
285 826
381 563
1036 344
213 586
559 1016
343 662
1065 79
415 333
1074 687
343 687
351 897
165 892
288 844
615 135
979 455
1104 432
285 817
613 248
759 831
1019 540
1063 649
990 850
1022 531
1007 116
391 455
1037 618
423 558
519 896
1032 587
808 256
1119 729
187 224
263 392
518 427
672 62
721 568
378 358
493 763
670 440
476 233
646 918
572 734
1095 676
705 281
600 336
430 28
492 578
358 781
465 756
476 325
776 704
837 216
893 822
691 538
529 545
641 608
406 310
688 235
214 230
198 433
838 293
1057 993
502 592
268 67
1044 926
853 938
279 587
1073 732
398 231
348 642
826 1
1059 275
427 763
923 110
520 231
963 764
947 192
888 830
868 41
892 783
802 832
615 758
416 863
469 306
939 694
765 227
938 288
1006 446
769 64
616 408
1028 200
895 669
490 102
468 480
623 900
926 151
820 438
661 843
334 908
484 432
479 248
797 179
407 151
170 233
342 858
857 180
759 909
873 406
1102 408
980 918
778 374
1014 866
283 228
925 468
682 828
613 124
695 825
921 202
1039 833
394 630
648 403
601 557
1046 328
710 408
649 284
586 883
852 783
811 409
654 332
591 955
879 349
1029 817
551 89
477 119
667 531
944 310
461 215
637 604
576 87
410 48
1068 145
357 703
445 508
855 404
250 350
630 237
810 997
1087 384
713 195
914 85
249 706
521 416
857 692
756 457
956 155
995 188
880 303
521 700
294 535
633 632
337 651
370 548
1049 598
245 131
1032 24
763 71
610 744
341 150
807 829
391 179
338 272
376 603
1053 887
422 598
644 211
508 513
1067 916
882 360
149 440
338 243
748 801
676 94
292 788
924 166
774 657
777 920
949 229
244 51
243 164
610 529
884 559
395 208
358 289
847 383
358 784
837 363
607 946
257 800
453 764
508 314
844 267
