796 184
982 955
186 173
832 183
445 229
432 649
303 440
401 119
276 970
999 222
748 628
609 223
834 827
1089 459
258 798
448 866
788 925
480 564
439 754
1018 339
689 536
1032 996
682 828
595 514
755 795
960 403
873 872
618 833
283 700
911 21
190 232
406 545
761 258
761 410
335 465
928 552
800 229
637 148
483 416
797 146
1009 754
411 699
969 200
678 800
831 337
1085 130
1040 85
249 485
660 814
804 190
744 217
354 490
613 890
247 473
331 217
953 788
296 695
1016 523
335 452
761 151
581 271
896 847
670 343
1038 605
440 287
857 397
400 513
893 485
870 584
904 770
927 854
805 788
557 759
274 198
891 830
877 188
915 357
189 349
475 269
549 193
765 924
279 72
737 421
292 701
909 365
488 203
952 514
563 875
1046 495
1075 739
783 924
536 576
837 183
404 883
706 272
1093 214
1065 906
516 341
742 241
538 140
863 707
875 716
449 129
800 354
374 748
842 804
566 192
423 840
613 365
384 363
608 447
939 238
607 36
771 231
290 539
372 268
663 689
696 305
582 446
250 629
236 607
727 482
616 780
789 543
942 816
705 373
887 603
147 327
222 680
821 645
995 549
282 268
415 200
1044 917
732 893
945 75
829 661
797 548
623 621
1037 610
348 783
375 578
346 596
288 603
657 210
830 68
521 277
1144 816
735 486
495 370
790 129
287 367
766 -14
415 452
1039 139
736 466
832 704
706 987
397 370
530 581
875 846
465 429
457 489
586 1021
702 850
700 453
539 43
474 770
366 464
646 88
739 473
491 361
863 156
777 494
1074 300
321 299
495 1000
287 360
789 711
606 141
675 799
186 67
956 794
232 1006
307 628
948 146
334 401
1087 761
1073 270
579 811
371 577
908 364
737 875
1001 930
891 763
659 200
920 450
202 866
1104 907
541 169
786 212
716 523
174 326
1018 319
243 385
241 1027
702 102
946 248
673 309
949 729
228 998
923 921
576 945
735 878
162 426
371 306
535 636
370 525
647 780
322 145
622 121
411 421
219 669
273 645
354 870
628 130
408 718
563 279
637 435
927 771
878 748
935 199
638 866
938 395
300 188
714 466
664 739
688 576
833 401
575 536
538 905
451 131
872 674
558 394
967 719
404 359
1003 648
331 362
1070 664
577 378
1050 114
965 59
864 581
942 446
799 912
188 344
721 619
768 649
382 236
464 765
443 112
332 344
351 415
899 120
1155 454
634 83
433 555
709 597
764 904
286 341
331 324
939 203
674 783
912 714
247 115
753 588
392 676
478 652
800 829
543 268
1005 575
537 948
553 846
439 290
772 560
367 828
248 649
945 404
337 769
873 455
1060 560
244 824
479 605
438 133
319 280
932 959
837 239
820 812
744 194
615 278
527 219
844 882
1020 832
992 283
604 879
426 873
1115 784
431 570
314 481
511 665
958 509
695 230
329 454
505 111
931 650
468 244
1066 12
846 614
931 769
1011 606
328 75
935 145
302 427
420 697
218 818
590 87
592 179
1027 136
838 95
875 421
566 744
670 502
467 218
707 708
1027 186
290 741
578 893
677 962
533 553
573 543
397 129
477 874
438 220
276 868
238 183
1012 249
840 239
1000 193
619 319
488 263
769 153
238 171
404 447
575 478
463 729
1039 860
351 806
285 561
553 911
419 653
1049 869
990 936
779 134
182 275
857 571
264 539
775 304
982 903
319 856
277 284
957 807
989 813
603 686
769 224
209 851
418 788
399 791
232 445
735 1003
687 289
569 146
257 814
432 361
949 530
760 206
735 822
966 714
988 590
969 823
999 47
886 668
891 360
276 438
768 146
887 917
141 720
553 406
682 676
836 585
345 296
713 365
371 648
345 815
937 914
408 368
741 638
887 855
602 328
385 26
839 708
303 193
709 560
801 433
343 710
670 396
682 618
186 560
458 938
301 699
176 620
286 309
304 610
488 59
292 871
822 237
1103 525
699 630
656 500
630 872
897 187
300 604
734 378
731 746
461 848
716 355
707 729
693 425
626 351
968 529
365 449
804 421
286 374
671 673
749 807
577 132
380 716
550 189
1051 513
636 128
321 660
823 204
1075 463
719 336
282 108
260 756
947 64
252 939
681 782
842 967
898 654
920 366
759 357
524 876
146 109
919 828
604 873
1078 526
595 231
227 697
490 347
309 144
820 956
378 534
1052 718
187 528
528 209
475 495
849 479
427 276
419 492
503 315
263 25
924 102
410 103
603 432
222 254
845 835
1123 217
501 254
329 39
536 264
645 853
762 296
531 781
205 561
424 551
558 296
605 400
442 825
908 886
1067 945
347 335
859 61
721 503
975 706
537 647
422 994
925 382
953 518
867 490
717 134
463 725
927 266
269 110
261 289
416 847
410 787
433 326
592 343
995 421
628 899
811 634
709 565
419 781
226 222
496 263
286 841
854 866
734 97
772 266
1028 392
685 688
223 856
514 280
595 840
1085 776
763 514
1041 207
283 206
480 751
993 173
604 486
940 1007
806 883
1085 575
1028 849
647 847
1054 401
402 416
692 693
695 467
424 527
818 827
700 699
304 528
422 715
893 105
919 236
462 904
158 308
1041 779
395 451
890 637
286 226
254 838
533 587
545 470
958 409
356 442
1046 724
529 308
948 769
538 474
937 308
845 593
357 604
303 137
722 884
395 446
641 169
992 813
436 916
699 604
973 277
598 645
549 725
1008 533
240 928
738 78
581 470
935 745
648 701
291 344
850 768
888 489
316 448
1026 828
481 266
140 198
663 904
562 868
366 428
958 848
1102 322
867 332
814 724
1120 811
1004 563
1015 205
554 714
1082 365
715 297
957 454
352 871
304 747
779 600
245 803
615 606
374 896
536 177
768 340
533 831
833 473
790 667
332 426
603 298
572 907
749 769
772 850
930 252
352 159
141 1012
550 826
981 180
1041 372
660 928
809 809
696 954
295 509
285 718
945 191
854 86
178 555
925 264
882 898
720 533
386 445
562 178
633 728
624 970
769 364
693 416
332 276
844 258
319 823
256 501
358 597
785 454
621 405
376 283
811 252
338 605
490 660
952 290
436 737
646 363
968 885
321 659
472 889
622 444
518 718
811 707
564 175
938 325
676 607
164 107
564 389
261 283
351 950
496 598
329 969
767 695
287 647
1040 839
1017 581
208 580
398 825
371 211
774 525
438 204
136 873
329 328
541 925
862 834
428 466
929 995
583 404
760 869
399 325
276 535
523 1023
833 678
347 902
1015 707
994 618
1071 540
699 814
1091 182
897 712
768 686
364 812
366 897
1030 89
390 490
787 857
666 665
1092 700
811 542
935 377
1000 170
945 428
328 505
1011 833
214 899
235 530
292 175
867 767
270 51
414 420
685 975
999 163
974 862
631 373
209 316
909 583
698 561
456 178
869 889
1068 381
839 683
610 475
836 585
817 643
520 821
270 206
653 898
948 589
400 902
410 73
342 373
302 282
398 213
759 106
968 465
704 991
654 894
525 649
379 919
296 701
665 311
604 714
867 608
185 784
846 837
413 148
530 194
291 199
559 724
685 612
986 558
283 223
283 47
904 141
596 639
388 354
625 207
695 450
578 158
489 205
191 59
558 765
494 756
641 556
613 567
441 780
630 347
492 410
996 535
277 365
838 509
886 804
480 143
376 753
398 651
856 201
606 279
1042 522
168 475
398 473
699 245
822 273
437 128
725 479
889 522
881 662
422 725
1021 436
902 189
1030 369
889 793
702 261
1050 696
639 644
307 872
424 327
960 638
901 830
983 211
250 627
634 431
632 721
167 260
537 413
553 565
793 382
365 771
808 712
476 442
691 266
342 410
211 604
910 936
257 204
902 277
1008 959
904 154
866 913
1070 148
710 875
670 652
268 138
886 830
622 834
223 200
363 786
352 860
919 930
1009 571
990 940
1150 870
831 824
678 244
788 475
650 919
296 752
988 249
367 527
1044 57
516 235
298 773
627 161
129 408
941 760
1019 365
429 961
528 116
1009 678
476 334
979 835
478 521
682 597
394 349
774 238
423 163
1057 4
337 329
470 575
541 600
972 860
513 522
380 539
315 257
841 28
633 561
283 811
389 907
457 573
241 580
634 793
1018 828
855 348
265 893
884 63
914 441
528 7
577 749
960 662
768 724
309 786
643 436
570 833
313 561
692 751
1048 257
276 338
577 705
1005 557
1147 204
1041 242
631 430
898 514
609 378
763 585
557 412
893 235
809 525
373 235
322 472
389 926
824 285
300 313
892 120
974 66
366 786
649 211
844 336
626 820
1133 250
425 270
837 960
1102 253
1106 172
993 66
585 50
939 692
666 916
387 739
1133 537
821 690
391 334
392 45
879 732
820 862
918 745
979 510
1127 618
739 475
505 588
1035 533
457 1000
875 396
734 654
791 971
709 866
687 270
448 425
573 317
713 690
974 310
755 244
527 462
337 766
725 173
601 822
1108 377
1040 385
339 207
761 744
1004 533
745 928
519 174
873 824
266 293
299 230
523 849
979 388
833 1024
279 152
825 97
342 181
958 716
358 89
959 411
494 127
370 400
524 592
417 780
259 693
303 430
588 239
584 802
479 209
1048 295
882 716
1021 765
1064 290
606 785
540 301
383 142
940 569
