623 300
730 435
408 332
561 632
345 353
893 66
815 465
770 826
519 681
998 868
419 821
1007 857
296 148
408 143
622 691
906 115
346 188
331 33
618 220
655 779
462 918
518 422
248 394
339 225
463 482
487 902
782 150
482 641
285 569
387 896
530 789
871 860
977 243
907 505
1072 710
903 84
439 398
524 940
501 19
453 270
294 97
897 79
1043 323
307 338
873 736
928 860
717 475
196 310
294 240
999 458
874 918
1048 582
440 430
377 828
465 558
958 423
1086 395
565 946
871 124
454 707
746 370
155 426
831 552
722 398
131 1035
498 455
526 220
724 749
816 447
518 504
515 260
752 546
302 357
322 689
484 201
866 417
859 503
373 504
377 532
1014 490
386 17
1055 482
500 333
527 192
1003 785
760 57
563 535
1051 428
946 847
1005 933
252 579
671 685
155 586
284 183
323 917
470 866
1026 256
339 105
254 238
238 925
625 194
607 247
1141 230
697 273
513 622
744 795
608 802
640 781
1099 814
891 911
733 876
291 653
556 774
852 231
1043 862
111 897
775 831
773 743
552 514
678 454
636 309
560 373
674 -3
439 190
493 744
791 695
638 841
140 2
602 871
604 407
617 702
958 470
267 930
668 874
964 291
409 130
178 913
903 517
405 481
935 742
814 415
809 482
186 126
175 884
996 123
500 660
899 459
605 658
986 612
401 463
530 945
850 580
293 568
203 422
823 877
360 417
735 870
584 894
886 855
329 415
356 754
420 487
425 137
703 806
833 439
606 244
266 869
252 452
304 434
288 158
975 328
1095 276
959 512
437 943
521 314
317 133
667 838
774 885
709 655
1090 915
500 419
758 670
414 379
431 647
645 582
706 448
183 515
627 524
976 850
715 899
455 750
853 25
353 612
942 433
747 839
318 809
770 135
851 318
377 309
728 539
544 881
599 518
388 934
204 489
386 868
174 509
122 736
454 800
318 259
1021 208
806 765
1100 57
462 576
349 415
428 104
738 797
272 559
1002 215
355 724
637 64
799 915
300 159
785 486
272 153
664 126
735 458
606 781
392 126
547 623
933 587
974 264
355 505
832 106
649 350
364 766
585 538
471 357
681 715
511 269
851 364
557 614
755 86
653 467
200 761
626 78
280 904
363 273
1066 632
308 303
237 580
640 191
456 552
1097 577
229 827
360 992
738 921
181 156
509 684
896 574
532 701
601 411
945 457
758 26
391 554
425 109
812 684
754 885
532 755
236 204
879 665
1002 535
612 666
622 68
367 133
387 236
717 657
878 700
477 767
1091 151
677 67
404 244
604 906
557 828
297 957
560 188
499 663
703 757
283 40
826 469
651 762
897 254
238 74
250 291
445 321
1043 273
1031 680
715 754
505 498
1048 972
705 902
269 862
533 158
768 954
479 227
397 876
406 690
352 848
483 927
998 484
797 530
742 658
533 690
482 308
363 1016
153 88
553 281
644 514
251 375
532 959
1063 452
392 634
446 565
975 495
956 552
796 53
677 256
292 459
418 690
146 573
690 404
606 101
386 307
268 370
575 610
369 214
921 466
802 789
685 85
626 675
634 386
664 1002
502 550
688 398
291 747
537 690
929 539
828 251
146 45
602 288
371 316
586 643
326 76
500 421
572 547
724 255
280 369
170 748
541 420
332 135
933 387
280 888
594 475
882 161
948 681
535 431
743 313
877 900
965 911
356 385
829 155
412 954
275 327
498 275
587 -8
561 264
292 548
802 526
724 680
734 965
457 453
729 991
770 876
591 540
274 323
821 813
340 394
1094 817
873 739
719 0
172 607
843 599
353 51
954 660
605 1034
890 475
588 334
1025 648
654 415
914 560
350 385
884 941
225 231
311 467
596 71
632 520
214 497
534 852
403 113
1032 722
712 401
489 157
995 741
792 591
769 948
1117 510
462 149
562 686
557 445
887 403
872 714
297 557
380 521
416 807
576 486
310 385
1040 712
421 282
678 553
571 403
708 555
733 908
743 133
905 808
203 607
718 144
574 540
431 443
304 997
261 362
566 361
152 113
290 721
213 671
732 338
1049 98
867 8
407 222
876 532
839 239
474 675
714 880
326 625
574 844
966 870
707 795
1009 275
479 146
257 307
963 769
676 392
733 246
236 647
594 141
777 289
518 175
647 281
641 935
389 971
745 453
522 575
584 427
854 487
593 465
612 907
968 432
843 121
1078 462
1016 459
209 960
176 271
499 927
250 850
397 327
573 585
675 402
898 266
417 614
848 515
873 636
247 850
538 715
529 732
579 793
230 871
347 866
1032 901
627 125
557 580
337 750
722 565
1063 280
509 399
669 207
1040 356
209 195
340 820
650 239
463 369
819 689
342 886
412 290
872 163
925 40
350 870
674 162
687 691
234 454
1108 250
868 651
708 248
781 394
794 915
826 483
786 25
1000 834
108 581
660 358
470 233
391 729
1115 532
1002 915
967 637
376 694
335 586
628 438
903 889
1024 439
861 717
352 728
684 601
601 227
396 788
768 314
301 328
369 535
446 191
623 932
1159 758
555 540
706 741
194 408
703 431
923 560
519 832
797 375
266 675
1094 426
1052 944
199 443
366 292
351 865
205 83
582 608
665 454
572 359
222 457
986 1011
616 514
955 209
1132 49
585 271
503 923
353 337
838 582
674 494
900 161
376 437
294 428
882 1046
241 1017
234 623
1038 382
756 366
748 844
291 273
674 707
850 791
809 39
573 42
666 497
929 154
303 960
638 315
762 721
519 64
578 295
382 637
703 190
362 432
1002 637
381 445
710 877
184 761
666 547
902 203
431 554
402 857
940 748
284 677
846 779
904 715
561 426
269 691
520 778
790 391
1031 957
943 171
746 854
675 914
881 787
440 216
553 885
245 185
510 900
618 578
409 165
692 648
921 570
506 570
661 445
1087 565
815 134
844 436
607 522
495 184
327 909
260 188
1134 234
1142 212
593 92
260 424
956 671
983 812
722 811
292 338
649 744
649 843
275 106
905 782
885 726
464 801
769 608
948 587
958 657
989 272
607 793
242 188
581 118
1078 768
401 891
614 428
1060 161
840 651
1102 472
413 713
1129 327
639 7
469 314
341 835
810 330
156 191
856 296
195 306
579 827
474 326
907 623
655 119
237 110
675 552
925 889
417 967
519 691
383 170
598 931
953 285
172 318
777 840
543 107
669 413
669 700
899 919
962 925
977 318
903 1000
636 90
734 777
815 308
896 386
963 790
782 523
751 716
453 473
985 826
628 557
366 744
994 1031
565 815
1006 925
340 934
1015 497
542 336
601 275
652 520
207 709
983 1015
387 636
510 275
402 265
435 551
673 384
844 150
549 570
504 682
1000 286
1071 481
954 1024
402 303
877 260
260 114
723 441
729 105
755 723
803 634
672 168
262 185
471 188
944 574
413 780
203 802
421 168
958 537
704 583
664 46
1080 237
656 751
611 250
243 231
1130 461
578 374
294 777
611 414
686 156
822 236
255 658
472 381
448 309
169 530
265 189
494 568
1022 110
822 432
310 271
580 829
496 771
792 187
632 293
234 259
758 474
412 737
286 431
816 132
160 460
723 876
794 571
318 579
1042 638
734 645
912 139
941 80
746 324
638 507
736 188
336 469
736 78
494 808
830 898
255 495
770 896
372 396
674 219
912 455
315 666
234 388
377 810
343 892
387 637
874 912
223 378
435 810
739 530
795 389
995 805
910 932
1085 885
413 712
271 455
718 407
631 801
902 323
1064 809
875 793
560 180
192 1000
523 873
393 123
417 697
946 272
899 753
1022 680
376 127
725 605
536 857
752 637
591 128
208 634
583 349
690 510
579 653
1051 743
753 518
681 673
663 150
781 784
531 402
862 547
973 167
430 45
519 472
464 167
805 729
415 335
508 527
822 270
933 57
215 931
963 885
305 347
526 319
871 736
372 765
653 414
1011 258
266 139
243 256
1022 807
573 946
375 856
461 964
395 421
469 218
225 176
499 871
471 900
455 687
626 195
247 215
723 628
669 585
1034 548
476 478
958 741
301 697
945 193
788 90
193 712
400 867
826 404
787 130
373 89
608 800
491 838
385 190
543 194
256 586
137 450
859 580
751 191
463 239
910 371
599 762
296 718
601 474
478 329
838 822
429 761
587 264
880 354
330 373
820 514
783 677
1073 304
815 659
851 112
604 659
347 105
601 944
340 303
732 237
834 761
764 754
812 564
334 57
334 453
851 508
791 550
681 541
879 590
831 792
985 283
424 527
375 726
873 717
644 421
512 536
900 27
515 479
173 261
873 839
368 592
660 487
1073 801
1068 171
770 505
397 302
896 596
1028 323
356 676
934 363
548 972
506 281
1004 763
946 419
222 718
791 754
990 470
394 538
898 874
1054 713
424 258
243 163
302 489
1074 85
815 737
443 496
261 967
743 151
374 445
621 513
799 230
1116 459
468 315
662 520
216 506
319 330
829 26
399 775
371 302
1012 490
342 564
865 8
335 461
275 823
711 663
541 665
307 408
751 728
564 778
328 260
340 219
439 395
1138 528
930 860
190 284
209 448
678 334
826 549
771 108
977 595
481 433
727 261
877 831
944 835
624 394
317 443
282 298
923 296
832 442
179 142
428 425
526 586
