555 109
918 146
612 133
551 869
866 340
529 699
565 822
182 137
570 426
682 415
267 438
286 918
394 75
503 771
736 615
282 919
706 826
919 908
582 369
482 970
679 9
314 752
488 758
258 531
370 127
330 821
237 686
1042 730
296 199
716 760
640 810
856 583
903 558
419 261
676 370
544 443
712 412
604 349
792 416
328 651
326 151
425 918
628 396
969 629
958 903
1027 172
349 849
537 914
498 638
348 404
249 647
886 835
916 592
989 528
441 53
493 533
282 786
661 436
355 864
752 584
611 595
930 348
739 835
233 627
1007 187
243 569
389 953
192 274
338 433
236 135
389 811
691 903
330 213
899 133
789 48
927 915
562 917
489 589
358 501
487 671
229 132
853 300
693 460
556 710
572 666
851 403
218 935
1004 598
728 804
383 57
183 983
269 672
995 667
962 48
731 697
261 635
634 703
873 951
366 571
459 95
789 212
277 831
226 430
212 484
613 580
767 254
820 533
947 617
448 345
862 100
810 927
641 905
989 694
927 487
845 149
534 175
534 403
612 336
404 670
744 588
542 475
661 1017
234 173
863 528
1074 872
980 656
977 827
1037 145
427 372
1019 297
385 314
249 142
1032 825
787 878
448 829
394 369
780 849
542 1002
1090 747
691 497
749 988
934 693
960 260
789 720
521 504
287 845
856 409
1016 856
498 922
533 204
810 782
215 219
842 444
530 799
357 818
788 619
219 447
965 799
929 552
395 178
677 112
882 250
414 413
384 203
999 610
1017 520
306 832
656 1000
903 214
238 342
359 636
1137 592
957 359
1047 165
709 599
775 656
939 200
961 560
907 311
836 60
987 767
109 446
285 525
886 346
313 278
1100 101
892 997
943 92
715 196
520 490
657 848
830 214
629 73
667 401
417 528
725 331
407 883
471 161
494 164
982 199
626 366
253 892
785 990
324 459
748 268
703 121
327 348
406 926
730 322
742 144
239 266
379 212
783 530
992 383
532 739
503 956
1081 780
578 471
679 74
751 689
717 183
540 394
1068 220
415 343
630 793
292 125
654 190
675 710
1092 185
738 472
246 283
474 644
388 203
180 971
244 136
1070 558
417 128
908 861
628 296
911 879
409 961
1088 102
828 876
873 442
414 202
570 123
330 398
468 860
223 262
878 259
391 192
208 442
765 165
988 937
646 411
1070 895
301 929
573 127
1035 379
643 870
679 640
434 743
1002 447
576 804
930 569
480 281
798 103
760 623
965 247
766 421
771 675
595 493
671 489
305 53
881 485
644 156
343 463
790 940
697 744
555 892
933 890
469 425
910 94
930 724
383 149
620 1002
307 905
416 280
170 471
1136 827
1007 975
871 874
1000 278
422 545
691 335
1013 163
990 785
924 356
834 856
239 86
864 625
659 510
371 254
574 795
598 450
891 911
923 865
651 491
294 333
675 747
608 803
782 852
693 685
302 894
892 702
378 506
622 405
694 772
654 394
635 151
219 348
694 923
491 915
951 183
876 736
460 446
479 124
163 198
444 1023
192 913
729 845
726 189
540 524
700 213
851 978
502 576
287 238
858 182
1051 262
240 158
676 879
1027 181
953 464
563 398
341 690
502 357
610 790
678 852
466 572
389 286
183 762
844 742
238 123
639 261
334 154
625 865
660 777
434 554
377 897
809 583
1058 662
526 301
567 179
960 642
309 149
845 253
178 840
884 706
348 549
197 876
322 159
908 131
530 141
475 329
834 774
1062 764
723 125
533 667
973 947
1039 311
1010 713
708 752
767 165
1130 20
660 717
768 576
218 155
950 675
1093 273
783 589
1008 375
865 323
1000 97
619 105
829 324
547 666
915 716
921 531
283 114
632 383
555 171
365 683
1135 548
867 216
455 624
920 577
746 201
637 883
274 762
670 558
970 592
664 190
382 422
844 622
307 923
432 787
737 713
362 350
608 510
297 285
541 628
808 194
687 831
900 543
439 443
378 14
576 431
411 317
510 442
593 267
1069 565
826 452
311 422
292 578
251 182
377 695
592 877
424 693
285 884
479 806
443 916
1038 185
1067 650
1027 579
396 605
990 471
625 183
374 811
296 253
928 701
598 857
894 230
782 294
623 308
991 155
757 559
383 815
1014 444
484 806
487 155
511 234
406 588
372 652
363 275
901 134
988 429
243 277
326 783
555 555
627 719
369 295
557 800
330 424
1013 880
619 706
290 589
642 854
884 854
1038 422
940 479
774 710
288 910
289 952
783 896
385 249
684 446
333 374
529 255
1089 910
684 418
997 365
516 342
884 60
165 484
160 861
534 240
991 318
287 650
878 974
866 170
143 485
954 374
674 574
437 950
968 159
592 379
263 647
517 825
495 253
334 181
647 865
450 788
1098 699
1029 133
852 918
555 699
444 729
549 606
349 152
441 384
323 727
406 132
855 583
713 385
192 538
420 357
281 473
347 586
333 924
674 323
676 163
617 149
267 927
733 913
1028 455
471 336
691 257
330 835
840 172
485 409
489 217
945 126
427 1004
992 584
854 924
1131 552
585 618
833 79
709 86
282 440
1065 959
463 211
691 534
642 502
497 895
595 869
1016 414
389 352
543 858
450 634
1065 623
840 647
673 824
479 140
1027 902
1037 31
344 402
449 340
742 592
972 732
967 564
575 822
659 899
574 174
197 406
661 224
296 180
583 153
875 441
690 437
590 840
1052 880
604 916
982 392
541 259
235 417
394 479
880 723
418 281
123 858
741 806
395 124
933 402
891 262
903 210
874 944
720 107
1149 152
316 513
933 565
916 1
222 636
429 262
394 185
732 675
789 584
751 944
755 223
978 106
383 519
556 767
563 337
313 435
587 586
350 761
476 678
732 284
890 142
936 349
913 212
308 878
232 622
911 297
705 315
1139 754
1001 772
1068 541
612 896
886 821
1130 149
238 253
441 829
758 405
723 844
481 672
814 166
443 190
330 109
830 825
140 226
294 179
177 324
1037 272
875 960
552 296
174 947
795 402
543 -13
612 266
252 682
578 30
249 219
628 873
342 626
753 131
996 550
452 243
986 183
318 855
725 179
245 182
484 780
828 829
429 498
840 826
497 565
836 453
309 150
246 722
1000 730
801 859
856 477
527 433
511 979
860 150
562 331
816 525
731 148
570 728
345 354
201 968
835 810
603 523
491 75
1095 806
805 496
836 235
267 256
499 663
297 661
424 859
997 649
1006 396
727 783
272 727
872 827
930 538
749 934
695 74
684 235
899 591
1029 217
266 612
334 918
746 365
223 938
604 730
346 123
497 666
630 709
905 813
816 484
514 528
307 499
355 728
674 864
774 658
854 285
200 698
691 959
1007 566
332 127
757 607
986 791
451 590
836 917
895 432
131 462
274 126
1033 594
806 253
648 821
426 710
412 548
597 741
185 824
737 683
446 550
650 358
891 768
725 630
502 505
633 821
973 826
234 92
674 636
387 911
819 495
643 233
986 342
1056 564
695 815
271 683
1001 338
335 718
857 938
1033 84
829 313
533 958
669 612
435 587
929 706
792 672
658 360
533 635
834 691
454 562
841 682
279 386
635 632
262 651
667 329
700 539
428 359
821 240
292 608
956 441
350 920
276 193
457 441
613 547
973 790
770 773
864 679
959 289
1111 378
683 777
350 581
441 851
1021 733
352 344
594 668
373 82
890 205
553 324
398 51
680 587
183 400
657 469
774 888
512 477
960 133
237 391
477 80
532 226
761 66
400 709
1015 478
798 395
679 288
612 204
368 257
380 188
440 326
420 739
249 814
551 377
528 213
672 926
282 676
721 862
492 347
842 461
1041 965
798 646
561 9
667 236
395 -5
637 870
468 788
915 385
582 353
875 568
866 275
537 250
767 312
983 709
780 841
213 867
536 344
509 764
432 136
923 167
613 575
699 768
408 503
686 667
610 269
369 702
341 852
440 786
802 137
792 673
893 862
946 386
368 200
416 621
720 608
306 843
536 801
753 225
723 123
873 270
626 620
1101 541
1044 696
823 299
978 122
537 709
546 298
536 365
791 63
659 364
845 226
336 648
875 227
944 506
520 481
332 567
234 933
994 391
856 523
379 299
387 417
389 197
269 303
782 385
419 217
787 168
1053 760
833 339
615 370
664 898
302 910
1051 958
1048 735
1045 284
607 480
215 807
977 134
381 694
687 926
688 695
504 583
396 389
306 456
999 635
149 864
853 932
881 738
749 180
1023 167
832 757
826 911
601 164
439 858
743 460
704 537
315 675
652 962
395 746
412 660
246 780
1061 239
380 705
295 866
456 398
914 401
485 351
516 405
379 636
342 658
411 595
165 281
708 461
792 622
663 735
485 359
996 750
874 272
449 895
233 335
491 915
446 396
268 137
698 808
909 748
771 439
891 830
740 874
350 870
779 999
525 619
745 216
192 382
755 658
1018 300
924 328
869 559
477 434
295 418
533 837
337 403
333 360
727 725
464 598
941 424
479 227
416 1037
583 756
529 510
614 251
469 349
373 240
838 747
1004 316
996 736
382 847
659 410
387 600
398 862
562 285
500 845
986 998
367 336
974 303
630 271
582 81
434 534
125 521
999 44
394 457
813 880
1033 703
229 757
1017 728
428 912
469 731
877 630
1016 290
