1025 322
625 364
860 701
773 313
217 103
508 656
578 701
831 327
725 955
231 529
586 214
895 793
792 653
1123 111
259 267
297 264
290 490
867 54
473 763
210 482
225 940
332 436
843 19
386 630
559 302
449 695
569 367
643 289
209 792
487 373
346 271
657 271
156 149
860 829
396 221
1024 323
494 559
578 140
331 452
1073 893
855 649
567 742
788 919
767 541
687 814
943 261
295 590
194 493
472 237
178 446
893 88
819 256
813 752
523 197
928 128
427 250
230 710
834 843
489 185
614 994
651 612
206 724
498 40
853 630
794 293
460 338
757 386
753 27
382 419
794 497
812 194
352 636
307 625
835 837
1058 612
613 462
922 850
944 226
257 768
615 950
1127 218
386 533
948 820
768 419
622 900
747 91
691 682
1021 244
705 859
570 634
799 590
765 464
798 719
849 396
258 160
121 955
439 762
406 982
952 109
590 336
135 554
768 655
191 786
748 474
543 94
694 156
194 605
827 222
351 892
1058 355
966 825
680 507
649 163
798 126
302 510
794 116
649 455
783 332
802 443
779 267
276 757
800 340
942 242
832 715
755 859
468 237
623 418
522 614
823 632
944 326
673 901
1059 828
480 273
982 737
983 833
377 920
201 253
215 772
294 456
205 153
318 542
578 690
810 323
382 675
271 316
487 770
398 587
1077 409
179 358
954 707
924 562
325 667
673 106
410 220
182 822
938 149
618 427
793 253
379 732
1020 902
518 826
256 404
941 418
325 230
783 568
166 79
615 460
614 309
691 867
1045 554
341 862
835 449
791 698
277 521
785 150
268 907
631 461
876 868
390 671
946 742
1012 440
687 67
985 357
717 254
891 693
753 292
619 388
871 264
519 90
365 205
666 167
1049 802
502 358
243 445
1097 116
940 521
920 835
602 697
937 646
776 238
323 391
807 16
299 912
916 333
1034 506
305 343
263 706
479 675
744 193
716 111
303 512
212 448
700 979
1090 437
245 305
303 491
479 302
761 182
275 443
893 883
801 803
991 699
217 546
382 314
868 935
275 30
253 321
932 849
223 812
544 536
620 834
697 945
392 946
714 459
273 434
599 206
620 607
474 644
293 430
847 786
487 90
498 581
352 310
590 933
841 643
869 860
951 361
1055 677
333 740
609 51
1084 983
1156 457
987 179
424 397
745 929
698 220
482 733
792 618
786 678
966 139
957 750
724 275
222 278
384 588
513 486
232 812
961 515
966 508
406 256
332 206
347 412
1052 721
745 826
495 837
1029 230
352 60
383 663
240 567
564 869
377 773
894 364
445 794
619 527
621 275
1088 686
715 558
588 504
349 341
368 791
1005 844
573 147
865 704
1109 597
628 913
605 131
1012 773
713 466
883 426
536 310
703 203
760 713
453 795
261 739
1088 76
852 473
415 360
668 302
872 645
378 814
935 896
540 547
230 689
945 529
314 138
569 490
823 540
644 571
802 575
721 308
418 673
1000 862
437 373
932 493
567 653
432 644
1071 484
405 116
494 731
657 641
946 773
287 343
880 841
727 939
1030 246
711 920
435 921
897 520
421 324
246 288
734 112
369 528
208 65
531 859
576 313
997 726
514 68
215 268
343 718
855 495
702 179
687 157
122 272
582 756
483 557
242 615
262 252
653 757
557 398
689 217
429 299
707 554
915 558
988 65
352 254
361 696
711 841
1080 483
346 774
604 229
249 621
654 203
1009 491
645 173
754 349
235 283
677 285
546 293
371 295
613 696
615 342
710 222
597 87
417 755
256 165
611 202
693 379
670 673
378 371
521 629
995 827
962 872
166 601
476 84
737 882
646 157
931 498
557 302
799 911
757 746
867 213
954 410
776 467
667 108
728 781
960 441
814 583
942 874
828 527
268 809
329 807
417 852
858 341
895 50
430 284
689 955
814 359
712 761
1020 68
684 67
1050 533
746 774
863 696
217 1004
418 469
978 140
265 726
902 923
905 56
532 471
545 81
625 485
533 547
1025 188
639 406
702 504
204 501
629 323
976 621
686 533
434 459
722 326
731 362
456 529
324 508
982 377
516 586
290 59
502 99
611 695
978 793
904 394
407 453
735 511
214 216
541 165
1070 883
912 615
607 838
289 77
291 433
922 629
739 344
798 206
1014 965
242 556
847 659
910 961
926 110
285 902
871 352
667 562
972 223
804 521
416 862
636 977
586 506
683 490
882 818
1041 422
353 933
1073 896
544 863
335 -14
316 518
477 470
213 780
626 712
566 267
952 883
890 474
744 510
788 332
973 689
188 495
301 554
375 364
1055 311
910 138
434 310
551 630
890 387
863 672
602 279
936 603
1026 863
860 884
931 368
764 322
969 16
783 226
341 551
540 674
249 295
812 796
452 666
454 198
488 648
408 505
542 284
601 879
563 418
1026 694
805 810
957 844
852 293
287 553
1054 306
658 479
394 816
374 947
326 977
355 566
599 578
433 746
166 864
662 438
870 768
393 210
397 936
891 343
493 675
847 432
659 119
714 183
666 805
1094 117
957 675
734 456
614 678
637 462
967 318
695 645
306 162
598 246
692 431
772 977
796 583
1039 235
153 8
554 394
1024 692
739 734
766 803
984 482
360 468
337 243
363 193
416 132
1013 768
760 525
374 496
1127 788
283 875
212 103
689 802
574 440
961 473
194 118
1102 529
1013 843
507 742
822 176
471 451
768 411
482 196
306 662
1017 495
494 293
698 361
622 420
287 187
604 739
585 762
255 146
499 725
600 592
660 100
842 757
486 493
174 738
247 750
403 294
861 21
1058 246
758 298
1003 832
863 811
783 604
332 533
956 528
794 662
238 621
863 168
971 357
223 781
282 684
640 416
499 843
1040 707
505 124
897 260
356 222
595 65
292 892
968 297
671 60
384 1042
557 162
718 88
315 307
260 265
284 431
565 245
1000 995
707 534
826 813
362 379
574 220
412 698
634 902
525 396
304 238
860 331
442 845
498 433
256 676
592 316
985 590
537 99
706 599
1095 862
451 790
938 125
691 359
1074 241
616 966
643 361
228 839
1022 304
1157 247
747 21
804 72
312 146
893 900
568 209
205 821
516 619
742 446
422 149
840 198
992 723
817 362
383 433
512 -13
426 846
405 491
180 623
1026 405
336 310
163 887
498 112
485 810
665 588
675 288
399 377
881 245
698 812
543 311
837 693
857 481
970 675
319 776
387 743
679 526
814 108
1059 431
623 223
345 521
263 784
237 913
891 409
339 203
591 530
546 420
469 403
668 806
454 357
876 555
401 889
216 883
311 672
930 839
486 769
979 438
235 495
176 491
356 167
356 194
762 886
870 572
1080 820
641 582
603 826
450 779
603 794
309 891
576 583
812 558
381 735
939 454
370 804
665 325
282 757
373 940
823 354
341 415
343 828
650 645
1071 582
243 646
602 685
411 143
964 545
806 306
691 523
529 831
748 133
365 770
1032 241
376 429
714 940
514 153
1026 465
489 80
772 389
383 722
586 491
615 175
876 229
302 231
1027 694
821 545
665 418
1146 50
422 757
822 225
1012 970
964 829
1070 464
996 593
501 665
269 619
222 287
979 789
815 774
200 491
430 570
932 266
503 -2
419 129
163 709
354 365
942 813
299 815
893 432
989 436
724 374
737 449
1039 814
425 504
825 223
658 674
347 367
358 200
528 208
767 500
1076 348
252 330
613 619
933 292
767 303
810 323
496 873
636 583
287 891
991 849
822 166
425 215
675 902
983 596
1084 615
772 115
463 511
666 772
805 588
1049 940
955 340
600 100
829 139
723 742
498 562
612 792
737 603
194 106
949 905
285 154
603 886
1002 266
914 1011
736 138
343 588
373 361
460 381
724 693
348 153
1007 733
264 404
368 883
456 56
1099 456
312 230
785 597
960 919
299 -1
508 135
821 414
322 457
569 248
1088 683
871 325
1003 246
721 353
307 169
453 322
932 90
279 170
677 505
853 110
892 317
138 405
759 426
523 189
623 521
690 322
809 1010
463 527
824 961
810 304
656 590
696 956
662 178
569 918
777 918
593 173
723 224
568 350
407 522
295 125
195 161
783 283
713 447
515 938
1072 154
177 371
875 532
299 711
904 349
808 244
386 75
963 688
405 9
854 477
360 434
352 710
890 637
865 320
451 635
208 88
901 193
883 175
629 876
389 722
195 224
1132 773
1066 845
986 590
603 188
337 185
942 579
969 387
1063 866
702 194
296 940
172 412
307 513
341 711
671 277
1101 514
440 181
499 839
1014 681
962 632
1066 541
618 179
699 270
1131 888
334 551
839 146
343 342
302 339
467 365
402 850
818 721
804 354
694 703
460 893
948 335
576 782
711 31
674 284
930 225
941 706
758 649
357 877
290 592
410 931
576 812
647 128
1042 375
1013 220
180 219
956 802
536 670
1035 613
344 468
783 1016
932 286
280 481
240 122
617 514
454 675
694 659
290 862
791 979
710 175
471 123
1001 347
173 58
218 227
115 520
1000 530
835 570
806 269
709 290
321 490
373 628
481 357
928 332
648 582
1053 943
912 806
201 504
1037 287
533 954
200 478
971 670
821 627
870 934
819 367
335 723
462 653
666 863
398 463
451 504
1010 319
619 466
493 1049
933 834
911 751
735 58
