408 101
804 662
988 687
678 345
796 261
567 914
655 196
458 47
337 109
982 838
379 540
987 651
784 278
562 604
885 399
507 369
443 788
933 930
850 714
1059 854
718 310
922 278
635 146
513 865
467 984
644 324
1023 675
956 674
141 984
467 636
927 661
643 112
862 468
1028 416
1140 683
1084 775
562 334
1069 866
1023 273
483 73
813 247
281 954
601 425
298 715
1084 780
691 333
323 131
980 615
486 321
276 609
923 146
356 802
314 307
767 897
802 474
1070 615
638 233
883 77
254 237
415 473
882 461
484 261
795 475
479 160
612 521
406 141
1063 735
1112 669
664 800
494 435
496 123
1161 877
682 813
272 389
383 839
930 453
669 475
958 468
916 697
770 316
570 140
714 520
370 507
322 751
948 570
425 366
496 500
995 390
752 879
796 155
530 738
382 437
452 543
782 642
730 741
1066 207
981 524
834 941
894 792
736 64
561 175
278 244
913 782
410 1003
740 370
269 97
967 238
360 588
408 452
123 23
426 299
426 510
1040 795
1013 811
1016 698
847 604
960 357
541 140
635 700
1107 593
739 693
368 649
730 350
916 134
422 566
803 863
438 345
523 99
285 789
650 723
307 143
519 14
592 529
478 567
889 194
955 645
838 73
404 393
353 269
1168 677
356 320
366 568
424 764
957 444
530 424
1154 338
750 890
560 599
469 362
1019 279
853 368
617 168
597 95
685 817
272 542
433 306
826 637
734 707
527 185
671 630
1041 130
860 311
380 584
328 393
325 75
950 179
592 737
1158 82
398 858
465 109
771 94
257 907
408 706
254 727
586 131
766 201
852 563
894 460
629 867
508 311
982 965
910 880
881 540
444 858
503 774
418 507
327 184
235 727
636 776
713 680
892 898
485 692
919 635
870 539
271 945
257 941
289 250
526 591
274 173
576 421
902 961
857 515
538 329
478 293
501 657
338 950
679 927
369 160
494 293
519 809
184 638
323 163
669 653
258 457
570 554
641 596
814 144
924 163
877 663
460 810
313 234
836 533
349 137
1046 489
821 10
1013 464
828 410
737 271
982 169
690 869
815 1034
511 230
514 842
601 772
444 591
328 153
1129 906
791 188
906 645
509 378
713 302
1037 377
1026 1038
980 88
766 400
1159 252
377 958
209 367
822 882
826 250
945 541
918 628
668 587
626 529
547 608
438 515
762 136
770 657
490 258
365 268
611 592
884 915
245 851
746 453
922 612
482 52
816 559
415 446
709 139
1025 1011
487 95
323 129
545 659
872 670
300 440
705 823
570 521
593 551
643 475
275 514
458 994
342 289
288 198
783 427
541 685
587 735
516 125
409 940
715 874
930 357
265 749
234 737
580 312
289 644
992 772
795 207
855 182
822 660
354 533
363 239
802 205
211 1045
366 679
844 275
924 380
626 868
879 252
895 923
614 190
938 632
313 289
903 798
807 726
1170 904
707 397
471 647
173 416
947 294
1012 455
589 524
258 778
939 815
943 791
455 175
814 177
624 675
464 817
327 274
1042 1001
680 536
619 412
509 775
768 755
164 496
427 1023
573 241
825 217
234 841
210 378
855 196
520 308
546 533
425 210
725 947
419 652
985 524
153 253
431 886
493 746
524 347
1025 836
621 175
991 587
788 308
556 164
823 842
978 605
524 630
647 262
972 1033
841 460
478 855
523 662
311 631
339 916
1059 572
409 599
701 225
557 216
678 716
293 674
841 121
170 945
437 44
800 874
374 137
641 745
757 174
453 774
639 666
999 508
860 519
897 509
968 596
811 468
123 769
672 101
969 800
457 562
687 648
883 606
203 544
775 364
399 859
1079 552
704 338
408 597
695 522
279 110
463 139
602 332
750 523
539 135
593 95
219 179
847 483
231 474
564 898
973 818
631 545
591 608
736 266
707 501
1056 530
885 376
333 157
572 712
1025 561
614 841
150 116
174 411
465 871
358 786
828 457
192 776
582 998
550 489
953 788
272 565
1031 215
271 293
921 791
800 475
438 861
852 657
529 618
225 555
237 490
414 43
966 379
948 351
948 173
557 383
1059 465
246 144
1059 605
253 213
1105 808
277 455
336 299
314 909
767 696
170 521
392 348
462 776
883 740
472 593
1020 222
676 363
413 633
713 653
1001 786
832 853
653 251
1062 178
1106 799
153 110
282 447
539 437
881 644
665 319
515 615
964 595
213 231
1073 941
467 305
383 806
926 871
1053 524
222 150
332 557
436 882
733 656
584 662
701 837
416 745
375 474
546 477
466 648
629 678
189 787
590 611
757 887
551 593
1137 342
1076 472
943 641
927 723
619 310
673 853
1005 971
511 582
314 392
861 410
673 220
1083 909
457 116
1020 621
882 229
527 485
1075 115
620 784
1016 401
849 870
737 263
689 248
363 734
609 84
847 177
740 510
189 753
681 839
692 704
637 400
404 601
968 181
534 128
1061 185
611 812
441 -6
260 702
856 786
508 143
926 886
381 526
417 846
311 269
887 883
825 637
609 613
1005 539
974 601
358 427
1166 61
371 361
410 458
423 524
973 633
486 665
981 164
597 589
391 786
988 509
418 612
982 253
1149 341
457 624
796 188
1137 310
467 932
986 104
1001 810
600 204
833 540
917 877
1016 826
446 715
697 464
521 371
246 940
360 467
908 72
481 927
736 92
254 209
216 529
624 446
819 958
423 645
301 412
399 553
202 795
1061 871
302 506
993 374
244 845
1049 624
809 184
605 259
710 334
1109 950
963 324
947 121
840 459
577 544
760 709
742 698
756 353
499 423
313 602
788 171
493 73
681 786
698 362
786 171
918 368
1071 879
1061 223
567 993
324 459
283 606
272 416
255 185
938 703
1019 785
1030 758
358 973
359 732
980 600
874 648
948 604
211 657
1007 456
972 816
984 509
687 635
1009 660
462 800
268 925
493 240
908 446
427 279
185 198
135 713
583 219
635 87
629 298
742 116
156 370
1043 511
510 806
667 404
1057 473
236 893
878 736
920 984
142 711
1006 361
549 390
1064 131
816 565
294 528
503 809
746 93
1062 390
810 771
485 940
926 699
648 689
240 813
651 551
948 317
335 680
960 940
783 98
534 766
719 594
982 117
521 844
982 839
1022 614
340 536
534 804
801 877
889 671
585 696
136 947
253 307
491 530
1099 981
936 235
1036 871
510 902
766 632
974 464
1106 293
876 313
748 465
923 669
692 591
618 152
494 230
380 121
373 576
863 413
656 408
376 731
968 23
685 578
800 523
908 541
844 580
403 832
681 191
926 321
473 356
709 681
824 599
630 126
671 343
1008 824
190 871
613 181
795 487
747 356
313 328
834 250
843 921
341 402
419 586
817 318
209 106
717 580
365 277
757 659
442 393
361 278
663 640
345 504
1074 674
903 226
289 451
466 854
336 248
1069 439
357 551
634 804
1002 189
1034 667
602 664
969 549
250 738
228 670
732 475
649 477
286 482
634 316
813 693
692 930
213 851
814 718
601 379
694 344
248 439
402 218
564 570
442 437
1053 194
931 753
937 275
555 153
655 211
1021 350
813 288
185 896
526 135
652 266
826 316
254 96
223 534
518 402
389 541
323 335
540 177
529 778
850 304
599 290
892 386
997 991
658 364
777 982
196 780
990 569
377 136
261 204
251 217
1077 526
750 733
634 758
247 751
327 755
557 637
320 328
349 542
845 845
918 874
337 427
267 928
319 57
324 637
519 789
459 606
848 672
822 923
193 201
893 603
1128 995
758 540
683 823
607 674
458 327
452 625
648 740
1056 931
944 865
564 992
943 807
594 420
1100 112
159 274
951 75
1031 422
379 107
387 518
301 400
864 121
465 397
432 454
267 911
788 498
649 694
1000 24
883 135
1066 342
892 343
156 404
504 619
708 648
783 600
964 428
396 559
657 332
934 395
177 633
810 517
509 161
1046 656
327 904
896 540
495 561
487 890
473 280
1138 842
285 437
385 1012
239 638
512 458
593 307
576 418
352 741
520 658
862 369
224 546
618 72
691 399
251 494
321 826
803 38
536 321
772 705
713 290
342 231
204 522
278 354
690 900
717 480
737 585
1152 364
431 856
432 735
615 399
922 480
1035 275
998 723
844 338
550 343
578 547
590 706
966 182
1082 134
738 917
731 161
378 303
845 312
355 850
923 194
633 337
697 734
632 174
139 546
945 660
509 622
906 948
301 168
874 627
702 424
714 530
502 271
904 390
778 361
1096 329
1058 144
304 338
780 217
396 600
255 113
602 367
752 457
627 795
747 671
514 476
267 793
518 665
413 790
600 140
708 722
885 930
823 469
471 830
659 757
828 756
739 612
391 304
546 787
590 567
528 237
816 618
989 920
774 917
407 306
807 515
454 797
981 595
386 132
951 748
523 897
742 383
147 148
549 729
968 695
650 404
1108 218
253 114
563 221
619 696
949 266
218 860
903 404
725 127
1019 533
1027 132
536 120
228 267
604 525
786 889
275 250
1019 237
740 878
541 865
656 463
1112 23
983 571
455 921
493 581
212 315
803 731
578 854
733 805
1023 719
262 782
481 931
838 605
893 586
179 626
878 847
269 57
569 269
943 801
887 524
846 127
472 592
599 126
881 877
709 925
652 679
1021 664
1164 769
286 953
493 574
514 414
