463 885
204 853
246 491
512 869
1027 88
251 874
1041 692
261 736
696 894
571 290
238 73
744 423
530 569
690 280
453 835
353 773
710 58
590 553
224 67
997 797
1041 273
786 149
523 509
461 676
954 213
509 35
246 520
385 462
253 791
710 587
799 790
499 492
461 774
557 723
382 701
969 903
358 165
276 473
406 556
583 601
493 198
868 79
341 1014
306 814
255 249
1029 813
695 223
419 371
421 659
264 642
523 712
867 327
111 984
398 783
599 671
372 494
1104 346
384 638
860 640
521 316
906 745
903 989
317 798
913 519
992 325
236 576
1068 341
632 176
927 586
796 112
808 765
943 774
769 150
521 137
282 355
410 286
231 116
1032 550
645 848
588 620
737 660
1071 648
284 244
132 198
193 570
1012 721
811 852
545 145
455 117
908 97
728 934
997 710
483 804
971 170
256 459
916 839
455 233
936 993
703 511
261 232
853 97
953 497
898 217
770 654
470 737
830 668
565 463
470 355
426 281
581 197
543 532
683 487
655 890
810 297
391 734
687 531
958 745
643 235
329 806
704 748
314 872
552 320
748 694
520 502
954 665
1077 900
610 434
830 913
780 631
311 363
701 682
856 319
283 557
646 515
248 479
769 511
392 496
518 662
1093 172
368 76
506 705
1024 893
372 364
971 475
737 453
266 126
752 734
1125 477
922 231
1000 216
403 651
792 349
194 343
632 763
1024 657
998 929
453 748
589 915
857 363
730 631
243 145
680 746
796 978
1082 1001
463 849
1058 405
969 943
709 130
400 844
278 770
393 643
1119 589
517 733
738 792
1004 81
411 786
1064 899
733 100
1029 717
271 931
720 273
385 951
943 204
839 736
863 409
289 628
493 625
342 424
254 113
226 839
592 634
1036 874
402 262
575 145
580 824
914 491
319 427
486 927
1095 935
891 729
432 860
807 266
438 498
639 839
756 848
412 405
860 820
847 681
786 733
827 453
314 619
768 326
849 164
370 514
169 163
361 228
500 568
410 465
871 26
986 288
581 617
779 467
415 520
360 577
1033 622
199 243
1063 712
384 420
988 190
766 397
622 240
391 696
923 213
239 393
289 422
1003 819
572 714
749 625
915 605
441 268
704 791
747 700
647 273
1045 571
716 168
792 265
622 868
934 239
273 363
446 55
1133 558
478 649
213 689
333 583
701 574
796 180
1141 972
370 375
952 514
979 534
808 171
857 53
827 670
587 675
550 819
917 373
281 76
304 818
214 41
470 466
272 983
578 75
1005 963
325 686
250 990
773 722
702 282
498 945
1007 135
560 991
324 644
503 252
428 763
848 395
1108 302
411 260
769 855
253 283
303 159
967 529
804 414
800 103
364 700
344 41
218 1028
1062 247
599 382
1034 845
183 652
782 310
403 182
949 206
485 104
1007 484
339 157
360 269
1060 741
818 635
370 326
610 319
438 401
512 784
873 233
790 211
200 653
795 684
562 377
837 283
361 120
782 340
273 851
633 625
1009 311
261 359
384 226
749 567
250 150
758 241
242 650
832 670
1007 813
886 720
521 186
1026 907
965 884
381 627
1034 286
900 440
690 1016
986 125
342 402
359 760
769 222
208 896
996 693
777 456
700 628
1016 291
849 96
236 42
366 1023
878 392
1048 197
948 951
356 781
669 864
455 525
741 803
1029 723
914 227
913 962
486 379
492 139
622 475
1008 425
575 527
158 553
978 960
441 523
939 877
936 981
978 886
916 5
930 639
594 824
548 881
950 533
566 98
896 292
1054 406
376 710
744 605
862 826
590 1024
793 877
522 880
645 635
1098 494
213 776
952 735
595 192
781 497
682 265
476 293
939 904
642 12
215 543
402 987
604 184
782 238
977 884
263 641
932 916
262 924
853 500
973 287
584 745
731 372
550 755
474 427
853 539
968 769
623 703
964 287
951 130
889 886
886 710
860 168
481 747
772 172
539 254
575 384
675 392
909 194
338 833
305 118
307 1003
1127 325
954 898
567 494
1001 605
754 389
1084 45
488 192
709 240
410 1010
974 823
238 159
656 796
971 229
959 889
235 -19
409 166
832 794
369 877
378 195
741 154
437 908
1037 128
495 383
599 739
674 125
680 496
1013 375
377 312
691 840
357 481
504 370
280 455
484 170
972 830
319 268
984 859
862 374
283 922
598 760
1012 826
534 426
888 601
382 852
630 157
878 566
635 853
556 725
1028 823
623 122
385 314
955 137
385 602
579 628
337 579
436 829
708 792
721 320
712 542
849 346
388 130
1007 23
136 814
595 722
423 378
785 167
1004 422
629 917
565 454
352 486
468 558
296 700
263 283
715 210
837 953
355 168
387 281
516 809
463 182
788 743
846 293
409 734
182 503
323 568
457 536
564 518
1032 433
578 984
427 794
312 169
700 314
1043 29
536 845
473 810
686 603
958 623
750 244
422 364
708 779
506 744
678 462
267 81
315 683
942 136
829 785
623 478
765 570
599 428
1034 688
920 674
1054 472
261 753
744 896
505 272
256 348
1010 64
479 671
761 584
509 601
802 243
588 368
224 172
536 761
1005 579
290 147
410 340
996 920
160 851
548 490
453 270
221 338
428 890
729 488
560 277
879 464
616 809
661 658
777 218
722 526
691 879
1122 591
568 127
341 223
755 504
815 841
445 722
500 702
230 309
961 248
966 392
667 391
198 363
236 758
1039 376
949 286
471 457
566 455
141 347
323 543
540 10
316 459
1142 498
210 342
404 917
829 301
572 831
950 199
193 809
875 448
304 897
690 816
833 619
1041 565
363 512
787 495
653 713
1027 589
672 128
878 430
440 786
479 243
912 490
410 591
930 296
600 695
1068 584
259 439
979 689
823 386
281 230
1075 424
212 362
673 864
466 399
558 587
771 79
459 794
413 492
285 979
686 536
468 32
894 364
911 883
303 192
398 898
331 800
1045 515
655 886
1162 646
1060 687
848 187
254 106
528 469
1070 788
784 618
395 477
293 919
618 577
394 694
543 671
507 538
800 275
835 224
440 211
287 302
434 649
668 750
882 761
258 449
815 101
482 626
408 579
215 113
397 742
641 193
531 896
648 144
914 281
305 559
438 430
241 423
833 501
542 588
840 516
616 527
829 568
444 611
235 797
922 145
634 840
467 748
508 305
888 64
1019 120
935 920
930 478
522 704
1093 630
1107 827
176 580
328 782
236 621
945 148
427 640
524 675
1041 803
540 501
193 26
519 920
1033 371
734 267
641 203
529 692
408 504
612 979
713 773
834 124
785 586
746 276
1107 113
439 892
980 430
199 381
743 676
1083 597
494 114
665 331
614 729
531 515
273 100
622 471
886 537
762 808
827 635
1094 298
692 514
275 252
282 99
520 392
952 452
795 811
605 128
274 744
666 570
234 561
805 759
276 187
642 449
323 945
963 1029
588 612
644 615
520 346
708 249
192 573
699 414
355 15
698 655
759 647
1073 893
683 248
380 739
471 268
877 899
783 548
825 853
552 268
1063 394
556 910
980 410
945 392
1009 489
405 727
726 578
475 406
878 486
554 872
629 260
174 955
723 822
743 131
253 264
478 278
996 854
586 384
770 118
775 833
529 968
1052 801
1068 39
948 722
376 543
826 887
499 676
606 877
777 828
320 316
488 620
551 1035
895 311
570 568
787 536
302 224
444 298
572 663
756 506
168 353
847 565
1015 29
535 150
1060 830
533 526
871 435
218 272
528 276
596 453
287 896
428 45
360 474
404 531
1065 338
755 379
406 1030
155 610
1043 59
741 212
380 205
180 430
921 135
929 660
705 381
552 672
110 773
899 162
387 656
298 784
313 123
487 305
420 498
430 582
900 36
744 500
793 141
793 225
388 387
537 933
628 223
819 166
979 535
1021 641
639 112
292 926
334 118
1072 922
553 836
517 64
811 847
404 546
266 699
1035 396
1141 166
672 512
529 494
747 745
410 797
539 179
552 803
247 898
218 977
484 218
456 270
594 807
809 702
497 442
513 57
293 644
840 632
659 466
953 282
884 824
483 506
663 242
662 661
827 190
656 332
1058 431
386 843
526 314
329 543
716 933
492 178
1100 723
534 608
906 529
354 706
742 371
859 752
894 406
986 928
625 324
1038 123
824 712
486 350
552 829
282 307
438 435
853 160
533 854
528 581
678 915
624 143
170 109
156 339
261 592
807 210
782 700
275 673
516 577
840 146
670 26
822 383
1075 398
301 842
658 570
912 594
800 535
290 384
259 155
1029 261
596 626
681 318
388 892
1095 146
1024 695
411 935
990 795
814 728
1014 113
368 401
282 569
332 709
696 460
369 660
707 154
261 215
994 207
1114 390
413 378
766 171
762 126
750 251
175 867
460 160
257 366
340 360
665 646
855 159
278 365
877 152
605 443
935 217
783 191
782 574
704 508
366 744
744 425
488 637
1107 840
982 374
1048 119
698 150
1031 427
298 986
960 434
717 670
843 138
770 453
1080 522
1060 614
352 169
288 879
262 821
561 269
662 650
506 778
650 938
855 266
438 199
343 23
963 934
461 661
491 848
1013 747
208 414
614 160
256 520
836 417
605 618
981 927
576 282
418 656
863 326
1033 511
673 889
849 604
493 833
998 493
620 682
487 550
304 373
256 419
870 474
913 685
375 140
