514 116
975 753
700 882
139 421
663 617
811 395
456 449
1097 587
880 561
934 373
396 780
896 788
1013 480
1109 427
804 498
872 410
573 377
578 902
621 291
540 821
196 982
547 690
456 385
396 153
899 98
508 662
327 318
219 175
431 683
1023 608
690 110
1076 439
776 782
281 633
549 772
278 795
1036 733
226 372
867 932
388 234
685 432
339 170
747 953
868 663
765 293
779 951
197 956
787 336
345 507
515 330
321 219
587 566
634 171
249 329
384 158
427 891
317 692
990 627
977 303
332 640
271 721
766 594
945 850
469 861
272 489
571 620
998 966
945 516
979 627
1009 393
291 105
322 840
682 956
295 154
172 760
1001 237
239 483
504 360
612 917
1041 368
526 416
220 665
238 706
348 713
370 884
458 117
801 891
1092 461
511 323
622 557
772 850
1033 750
376 237
422 384
959 703
1028 111
1175 849
618 64
757 241
733 769
419 463
361 901
936 597
470 166
647 448
823 593
637 580
224 939
205 896
943 671
1052 738
285 476
967 639
1004 562
965 432
947 577
279 746
817 889
243 322
694 483
856 141
1029 766
198 689
749 743
772 843
775 723
375 869
841 230
488 245
1139 849
943 996
362 178
821 201
469 353
252 223
541 973
602 610
203 744
296 770
556 406
190 154
416 614
582 755
539 653
351 853
917 541
760 644
767 852
633 512
720 547
669 281
1074 153
301 80
323 128
632 286
691 618
314 862
993 507
1056 89
407 253
711 318
319 849
959 859
752 148
708 813
869 889
468 942
277 862
493 441
264 360
551 522
333 116
768 135
439 320
593 146
538 858
385 247
952 261
715 301
347 97
284 900
210 348
371 521
694 163
314 210
340 736
1132 309
849 279
1036 274
426 315
422 380
986 293
807 553
761 588
643 402
612 882
442 329
302 678
337 650
841 47
734 363
939 857
299 757
746 618
1028 909
797 918
848 422
711 950
383 878
368 655
402 237
266 768
256 141
1022 557
378 157
925 351
741 739
918 238
805 738
1074 815
814 590
430 849
240 272
981 529
743 521
649 373
890 865
235 686
882 195
350 856
1015 867
949 199
1038 662
1003 118
988 364
577 622
759 223
294 213
789 709
519 295
954 574
256 377
859 271
1054 325
184 464
425 135
845 885
1045 179
1014 443
592 728
864 596
927 572
544 435
637 368
365 697
141 95
771 961
737 136
208 523
940 401
173 733
1010 394
564 805
674 676
875 356
1002 991
418 819
466 490
713 457
578 591
1054 436
899 815
945 173
1017 215
724 551
278 530
919 831
532 446
1118 158
457 716
526 393
540 575
310 880
605 886
675 798
369 390
898 469
979 714
902 763
597 165
650 624
660 379
554 730
644 267
202 590
951 702
988 240
983 852
326 358
961 32
970 852
1077 401
781 236
407 394
530 14
713 777
869 942
426 717
516 865
846 685
295 188
892 138
766 135
965 461
1121 686
549 762
254 104
922 522
721 484
294 402
242 185
220 498
312 357
797 171
659 625
406 559
803 766
716 949
624 675
292 413
538 335
157 721
1148 103
512 415
353 56
1062 957
321 62
736 348
490 111
975 745
517 765
807 638
386 834
845 606
1129 770
743 827
568 499
641 351
841 564
680 797
237 96
955 770
752 249
301 403
723 523
676 643
377 786
666 248
883 733
284 357
836 147
865 917
679 793
304 377
292 434
709 672
158 172
892 385
627 321
1074 903
286 455
745 483
272 563
621 915
1112 503
1141 934
913 752
501 386
567 63
508 382
709 648
676 484
370 772
407 360
322 641
570 265
261 420
988 847
814 646
702 936
502 649
686 297
342 366
1012 929
1077 598
390 849
842 946
504 463
800 936
266 696
292 670
982 360
833 742
620 406
318 241
996 273
675 918
846 254
324 327
857 130
974 734
603 659
846 656
333 900
1142 456
426 165
379 200
680 728
590 848
452 707
242 389
275 794
150 214
348 495
233 838
1006 826
791 740
264 332
846 556
543 343
1073 226
290 368
893 805
291 208
802 513
313 373
490 523
311 108
980 213
867 857
280 855
896 324
633 502
536 533
880 563
960 668
633 800
671 491
373 349
448 494
1150 209
302 57
368 528
1071 456
550 178
1076 1021
693 697
968 131
920 563
428 63
960 804
473 167
1128 675
438 847
886 271
1094 750
708 616
838 696
1026 392
445 87
722 317
909 511
374 226
653 212
838 471
593 457
721 359
1039 177
285 693
1034 838
258 367
823 721
418 391
360 194
730 370
931 106
182 504
479 355
914 877
753 91
928 324
348 721
652 524
695 434
425 145
891 178
479 389
466 114
907 677
321 278
529 368
563 723
938 795
510 627
923 934
576 110
633 233
452 693
978 601
302 397
450 259
315 925
629 755
409 518
435 155
726 413
881 183
308 172
953 629
1057 687
949 719
838 531
379 591
1068 360
795 140
144 38
716 476
676 654
904 437
482 182
322 334
304 796
597 899
1048 54
1058 926
979 453
921 764
591 216
413 921
631 437
762 194
388 136
596 263
1083 232
869 743
732 599
1091 327
245 225
864 550
757 287
1007 248
432 621
176 107
748 185
501 191
644 411
373 901
969 758
824 167
530 452
369 644
528 782
967 891
609 234
446 448
1058 111
403 469
247 712
534 248
1067 699
1028 875
897 91
452 421
169 877
511 711
983 241
353 380
447 857
729 252
786 508
1064 987
660 322
385 409
782 56
473 351
439 124
939 112
757 867
746 1002
442 318
273 558
809 904
723 865
257 643
909 799
387 679
252 157
960 519
871 227
320 409
658 238
571 341
624 343
716 168
401 235
908 453
901 377
459 505
632 348
370 912
573 430
608 852
829 442
399 267
1104 518
528 301
1009 106
676 274
848 222
280 565
579 517
1002 797
261 798
182 599
142 950
814 926
878 293
250 105
973 320
539 540
439 921
770 542
663 825
551 149
554 404
351 922
754 777
974 700
821 729
264 600
200 987
501 780
855 232
335 330
1032 350
607 917
458 441
567 474
589 102
867 641
887 690
742 877
158 923
1062 104
219 663
694 346
875 167
873 525
581 88
269 516
198 582
415 437
718 143
621 235
266 477
350 140
1021 185
465 326
1117 856
438 286
732 276
950 861
394 418
724 736
270 751
1037 459
262 782
886 155
602 808
603 810
923 545
318 660
265 56
998 752
836 126
363 377
971 627
745 843
679 819
463 691
732 573
839 288
385 281
363 934
506 261
184 390
619 826
871 49
453 784
471 37
555 620
217 447
248 919
937 508
591 763
1023 783
316 425
291 621
1037 670
1044 385
717 851
398 127
554 884
710 894
1102 400
749 508
772 668
624 909
462 251
366 976
685 328
480 942
449 756
301 864
283 667
754 633
945 180
600 751
593 373
827 536
693 330
737 415
780 699
598 641
580 206
857 415
759 934
358 222
1084 583
523 384
485 321
506 124
523 407
367 340
567 746
808 896
892 456
608 526
341 912
773 698
189 873
296 361
223 855
442 772
495 234
1162 366
488 569
810 798
420 132
439 351
779 178
272 374
743 669
282 859
844 753
827 861
768 189
390 684
1108 366
658 748
576 705
204 660
402 850
470 386
283 31
1032 16
780 787
374 123
465 662
728 911
863 274
1091 127
540 472
194 403
800 232
825 414
515 434
591 980
689 436
552 431
277 624
663 19
990 89
389 205
972 450
859 110
245 882
354 31
288 84
588 371
519 523
645 210
623 747
511 218
1048 469
1014 732
937 417
255 431
560 733
1095 297
699 966
435 669
1043 265
829 910
754 431
889 226
795 756
400 225
623 604
347 124
322 230
1057 748
855 105
431 213
664 721
593 410
935 279
1076 296
381 414
906 662
664 734
364 145
750 327
896 961
1099 473
837 625
854 318
459 215
173 760
677 892
282 158
1043 150
446 123
424 370
574 195
456 575
287 763
605 464
410 504
472 623
376 584
413 362
557 195
309 884
892 157
629 596
748 707
661 276
671 671
1081 857
852 605
834 548
277 275
923 468
545 52
573 293
610 673
222 797
991 523
474 532
598 164
857 665
1024 691
659 350
792 227
613 432
634 911
510 359
460 823
376 204
640 560
1159 65
268 769
738 97
426 990
789 680
295 791
939 484
880 302
534 630
315 399
794 984
751 331
255 277
284 490
604 169
826 314
416 144
631 805
777 769
868 821
148 130
930 720
814 780
280 205
558 257
551 513
611 569
1074 171
719 188
764 692
510 133
907 445
860 646
683 904
1022 577
216 465
751 440
371 998
567 746
594 633
470 188
855 742
1138 599
986 68
818 26
806 161
263 721
253 318
171 203
854 308
659 690
114 750
859 630
260 604
608 974
966 740
518 560
575 460
898 264
774 784
487 465
591 889
1035 969
510 136
737 988
587 135
657 840
389 494
139 183
714 165
886 327
1012 178
673 878
1006 143
387 326
319 198
787 324
587 562
1059 372
1005 247
388 764
1070 589
684 151
851 213
664 934
351 448
746 518
217 698
438 853
1022 50
864 827
657 536
854 163
1047 778
581 584
401 524
277 1047
292 321
829 630
690 595
904 897
1048 682
782 748
676 899
814 207
237 460
346 842
971 702
1014 401
329 117
457 439
755 424
480 741
729 84
984 382
1049 228
875 405
698 885
402 179
