710 538
377 262
640 140
1073 311
294 306
796 625
1056 340
161 412
805 620
579 791
922 362
964 440
1031 92
466 808
648 757
676 407
419 735
993 155
991 523
353 374
360 108
725 341
400 772
848 604
253 282
648 659
872 607
214 100
372 498
845 196
594 585
505 379
447 783
565 185
419 201
1039 94
981 130
956 426
332 179
402 158
444 522
904 75
951 614
797 368
766 609
493 519
1071 -3
508 252
942 881
1038 157
741 157
925 508
1002 589
715 690
758 280
299 556
286 708
488 199
864 841
505 554
439 830
964 658
391 537
975 802
266 877
807 969
861 206
922 445
958 486
345 252
764 695
731 402
196 216
288 703
730 296
634 212
358 261
189 836
845 208
1038 383
597 684
956 945
445 588
1012 256
784 781
881 777
454 487
775 433
198 163
831 927
803 498
299 210
211 871
323 642
809 935
1036 821
1024 713
445 606
313 728
960 450
728 629
1018 528
1060 149
531 421
205 490
1020 161
355 163
708 347
320 555
455 60
694 207
935 935
923 228
481 462
614 544
789 501
310 313
933 742
336 272
226 439
204 180
609 454
600 810
315 358
297 1002
845 386
978 530
548 180
629 310
986 43
786 757
608 516
806 418
718 259
438 412
356 276
646 756
769 821
876 291
378 680
854 894
814 330
492 606
340 217
990 513
728 259
550 379
229 232
1004 814
273 814
921 824
319 897
246 630
621 228
824 163
818 510
754 240
283 287
799 889
905 924
685 169
208 327
706 176
324 828
370 117
680 427
374 908
323 404
165 82
318 330
948 442
816 728
820 746
692 87
552 447
795 418
454 117
1019 911
371 968
527 184
1037 32
649 755
886 726
611 963
655 509
512 839
669 891
263 603
444 782
596 947
713 739
912 552
401 932
392 296
696 316
983 137
1022 953
711 487
874 602
672 586
1110 276
433 603
1042 16
981 917
877 732
388 782
830 680
707 222
895 935
600 852
578 429
939 48
720 752
324 578
265 828
956 419
874 682
148 454
332 568
774 303
380 390
230 606
500 438
919 827
260 448
655 531
463 394
878 206
1065 41
963 474
514 194
646 470
506 195
398 888
1053 1002
735 777
1079 571
285 567
1015 930
406 623
405 148
353 903
239 442
681 124
811 373
309 504
354 186
709 345
866 37
408 452
850 856
727 846
726 167
329 694
1058 291
506 387
951 536
681 481
792 306
790 538
245 264
1041 633
692 793
542 622
366 224
782 560
341 897
754 336
1022 63
407 698
487 864
832 521
148 586
799 800
662 150
237 631
560 75
702 811
1082 271
800 798
1110 746
632 122
611 506
1091 826
402 382
350 821
959 480
894 422
371 114
953 162
312 172
881 312
269 310
597 554
453 323
536 587
1119 789
260 616
301 539
593 200
252 758
915 116
723 153
232 459
848 559
813 816
669 430
1031 114
462 371
1045 507
834 562
410 489
858 69
691 555
347 935
1005 451
1010 588
880 442
1002 149
993 680
898 458
465 533
1023 725
711 313
1038 554
232 690
687 136
1082 481
815 704
575 141
475 377
633 919
559 44
259 640
353 696
639 507
472 929
1037 556
503 156
1051 875
1070 116
359 335
851 30
497 224
684 620
681 452
712 158
584 927
1050 896
1012 774
909 184
396 722
546 627
327 344
236 408
900 39
538 608
957 529
858 720
829 633
656 343
594 395
436 507
418 699
992 113
741 540
803 301
425 48
1049 82
312 881
925 167
472 835
555 675
744 549
689 635
204 426
760 18
659 218
532 272
995 727
756 876
986 194
281 545
699 816
145 182
342 705
329 267
881 908
1003 834
555 922
596 920
469 299
1108 795
414 125
190 668
432 743
577 252
415 141
376 968
435 839
307 554
1063 902
602 639
331 882
1014 540
1047 314
497 562
1085 992
580 157
224 418
437 737
609 709
1080 457
1023 964
524 796
663 801
594 765
426 593
940 435
788 136
993 394
321 407
1067 258
980 759
830 537
789 255
1044 988
639 83
634 951
783 669
790 805
1025 228
257 179
424 819
378 732
607 541
689 283
488 863
1027 351
1101 936
778 636
830 869
1106 468
286 558
564 612
501 899
476 830
762 282
908 782
916 291
1014 242
997 594
869 247
771 1009
823 530
723 1040
1148 917
378 131
600 152
1090 443
413 735
705 483
818 724
400 485
668 742
165 135
277 209
811 648
429 118
603 65
765 491
589 564
831 654
472 369
1003 636
409 927
789 206
696 315
410 635
181 1048
484 494
948 225
847 877
378 850
401 817
959 622
910 363
565 877
224 107
496 242
648 267
1090 128
288 818
456 553
488 3
661 828
972 867
838 684
308 878
1010 613
834 942
1070 850
1026 663
381 366
244 658
257 633
490 409
368 612
136 921
240 968
139 898
783 814
282 384
731 773
430 246
571 467
362 862
891 647
725 776
332 430
1106 115
410 481
347 649
626 517
724 829
796 804
829 630
1010 675
214 596
548 724
397 376
592 371
588 353
728 627
275 715
847 712
393 780
302 501
432 384
802 877
745 596
429 274
209 340
917 343
391 903
581 229
996 769
296 709
254 148
783 6
269 630
519 646
767 81
837 309
847 187
413 381
551 895
518 59
724 767
211 287
528 343
320 227
344 948
497 70
903 531
651 447
292 449
834 640
485 462
467 215
452 283
677 791
272 732
304 258
883 616
141 706
323 827
1012 739
1091 667
210 803
442 981
675 793
641 335
1013 610
318 889
197 811
630 221
523 347
552 673
507 213
958 673
1090 420
441 670
892 241
1088 285
952 642
450 335
202 181
851 291
290 529
738 600
360 818
352 855
744 530
1047 669
665 500
857 568
542 897
344 554
764 489
837 161
134 387
393 150
302 178
392 109
1027 574
395 375
609 888
516 389
899 743
345 591
946 556
667 396
476 854
925 287
559 367
681 723
812 948
923 655
952 396
437 537
266 325
1072 964
1062 668
297 833
445 355
611 695
853 374
892 309
673 675
442 373
902 919
791 254
824 269
856 882
263 282
726 647
692 42
1084 985
471 570
368 824
840 687
249 504
445 603
149 203
281 642
718 17
986 517
774 957
746 599
176 889
779 508
684 70
434 802
941 802
225 773
1062 500
481 587
169 305
906 602
462 501
794 749
578 708
895 685
790 482
523 904
987 731
639 303
402 791
846 870
360 872
662 290
848 834
467 732
666 605
910 678
954 105
671 920
681 627
944 218
326 773
668 89
579 396
585 505
870 371
354 823
1025 158
647 346
520 325
390 436
845 536
254 348
287 194
672 166
347 401
517 108
487 763
943 299
996 348
752 326
228 629
620 554
823 703
743 275
544 161
175 589
677 255
258 322
1037 324
393 525
759 652
155 994
335 386
442 154
369 291
739 829
796 801
208 585
490 686
485 238
991 344
570 157
444 907
675 846
932 382
489 433
849 108
1060 811
376 142
718 419
782 543
400 735
269 509
331 620
832 328
598 554
335 709
1056 696
958 807
924 571
967 610
708 627
709 199
326 186
457 609
403 521
975 877
117 23
805 631
815 907
531 396
955 877
1008 74
549 430
527 911
277 198
653 124
187 359
316 691
287 378
742 63
908 464
902 536
886 277
684 873
900 248
869 625
253 764
972 632
429 818
1032 790
1134 459
978 832
252 1035
967 379
816 270
772 74
967 864
817 791
696 303
990 322
258 447
483 119
871 849
401 452
274 667
482 508
242 596
571 564
461 429
327 266
270 597
1003 635
202 351
771 863
322 450
295 379
639 776
1049 630
236 834
336 489
365 268
548 369
1063 373
875 105
667 341
712 346
968 70
698 586
734 400
875 640
301 150
821 845
829 138
754 625
756 430
892 452
535 385
413 206
460 249
750 587
585 688
976 867
492 842
477 444
770 60
1015 641
657 502
466 598
1078 826
318 868
283 401
234 350
232 549
534 810
635 198
813 223
745 550
738 222
842 618
929 786
982 65
550 917
950 496
723 402
273 755
399 545
971 310
791 163
765 760
581 736
284 543
361 802
429 47
245 800
323 537
976 694
805 241
616 96
992 316
889 774
306 506
667 1003
529 870
733 318
336 290
491 779
485 859
525 355
790 195
454 773
493 862
1009 263
946 217
903 890
305 787
990 795
666 597
221 732
1102 904
860 487
283 433
700 570
267 643
251 596
253 686
1089 793
503 539
1027 682
274 415
585 831
418 299
198 293
1047 267
972 460
439 289
1054 658
651 752
1048 548
917 858
386 442
395 685
505 877
997 721
790 493
725 675
1055 824
487 230
448 632
764 250
221 105
1045 362
706 29
681 822
840 508
362 430
737 807
551 519
269 559
906 649
926 458
943 497
983 761
217 288
627 604
326 867
329 714
887 167
861 544
447 839
430 665
715 882
648 954
501 827
925 88
921 384
161 674
693 942
933 95
407 7
608 842
829 553
744 799
767 778
307 653
1086 445
245 -6
864 930
644 841
917 576
724 432
218 536
555 125
1068 907
1036 351
461 229
662 800
1008 759
984 426
735 793
622 234
998 175
427 905
693 681
679 116
1165 -19
1136 624
317 401
138 220
315 707
659 301
132 704
221 420
335 350
751 187
592 102
257 381
410 804
1101 202
212 892
689 46
377 368
439 266
757 505
796 716
800 645
1058 953
978 320
698 354
800 580
