636 481
460 158
195 566
489 493
356 732
1038 507
1049 93
930 466
964 548
1020 202
891 420
713 475
379 280
382 482
968 150
409 190
330 687
287 99
342 468
255 1015
271 513
1034 332
673 818
860 219
710 486
750 448
566 943
595 158
786 534
471 503
1070 210
719 247
489 213
348 456
389 602
973 254
270 124
616 498
345 715
664 679
188 93
1104 239
916 888
992 355
257 682
722 139
550 567
1015 934
320 826
391 472
462 810
450 793
1076 90
462 162
1047 426
272 494
1056 940
482 710
242 192
727 578
285 947
922 687
873 456
319 981
571 326
633 389
511 904
781 551
915 156
218 392
299 356
423 389
306 184
728 124
537 784
608 792
1029 599
869 483
985 756
254 694
572 177
378 270
539 275
544 857
711 570
663 676
689 527
639 169
923 666
1043 339
1031 285
454 526
1007 545
842 457
665 572
357 310
954 433
747 252
331 247
917 932
858 586
1063 84
288 258
350 359
1097 362
275 120
891 653
1091 265
426 983
887 612
952 469
584 637
499 550
655 777
173 163
409 656
307 281
416 440
862 173
977 454
444 527
414 359
671 404
938 494
350 886
535 512
1103 522
270 396
957 318
495 501
494 742
389 398
473 430
398 357
341 223
495 131
812 638
619 752
333 924
640 797
928 415
809 342
635 242
297 768
307 843
480 585
210 811
507 812
740 675
719 953
840 79
480 674
672 741
981 170
427 768
1026 948
714 324
702 389
313 149
1099 205
667 897
640 788
774 492
1084 853
1010 406
490 757
525 840
795 758
815 665
364 255
400 290
796 137
598 264
875 270
338 354
802 522
681 508
802 129
329 126
455 435
953 211
437 671
834 673
154 423
317 283
599 551
471 459
1049 368
570 833
243 843
395 149
687 626
572 513
441 579
859 782
504 122
898 470
443 782
123 1018
818 390
734 540
525 230
409 228
440 925
414 851
973 524
389 114
883 161
286 295
415 607
320 792
680 755
625 419
311 230
420 276
849 844
617 665
234 1006
225 751
620 123
1050 421
189 929
959 471
674 917
462 551
731 695
382 733
675 441
683 260
950 604
323 58
900 790
557 671
387 502
741 137
846 784
1094 605
495 536
528 925
349 593
643 658
728 98
362 289
865 336
755 769
441 288
524 560
739 427
352 351
953 394
811 764
816 924
210 833
560 593
661 851
499 959
459 361
704 76
401 191
338 990
953 844
716 866
749 397
330 590
942 205
271 897
681 473
494 759
172 535
985 853
355 324
491 836
590 207
1071 709
1043 695
459 861
816 649
431 920
348 761
371 713
606 414
219 200
717 79
536 375
975 67
907 350
868 467
800 426
276 700
326 141
847 613
502 589
1043 546
776 127
412 664
571 480
382 701
746 406
467 177
270 170
604 460
499 466
248 885
259 310
356 858
853 761
534 857
802 792
537 479
786 839
889 120
349 1001
800 211
250 582
876 262
489 202
318 728
831 171
303 294
468 413
990 550
1010 136
798 905
677 692
745 362
713 281
947 260
612 781
448 908
574 701
925 163
1074 214
855 676
838 112
339 71
358 629
265 1015
912 498
336 870
449 726
1069 613
448 557
459 138
969 431
976 669
1028 370
369 384
877 290
280 570
816 204
274 209
951 441
1085 144
550 316
1008 426
222 272
613 862
448 456
882 244
1041 746
1035 323
471 258
217 405
464 448
179 757
425 363
486 930
870 43
899 9
718 747
348 578
421 761
614 153
621 308
261 368
866 409
681 240
558 399
915 961
486 833
841 665
407 974
652 505
641 60
504 870
831 481
436 535
629 153
881 661
1068 458
1058 877
916 154
1098 317
645 419
245 3
390 659
800 804
158 592
697 829
766 378
245 773
541 837
504 413
836 910
880 401
1049 695
984 240
293 888
739 361
897 141
254 856
639 325
727 256
570 262
394 813
955 214
568 493
1079 603
352 622
449 809
377 704
303 226
1027 658
835 827
1019 902
548 1029
689 151
244 858
858 650
1076 899
262 396
751 767
984 422
689 27
793 745
1044 938
518 79
851 154
864 888
781 487
458 304
848 1006
646 1015
173 850
636 906
344 626
489 726
333 247
868 926
741 473
925 925
519 962
588 999
615 931
436 413
742 865
445 883
893 245
821 301
1085 161
742 769
340 769
973 612
482 159
877 245
479 674
646 814
125 868
579 317
810 -13
220 931
499 400
272 193
650 329
949 575
491 365
968 774
707 841
486 174
811 525
233 440
330 230
940 678
673 509
375 285
962 453
591 433
736 431
937 438
884 944
764 341
167 1027
924 267
995 775
130 70
327 104
1002 571
198 650
468 803
673 879
664 366
557 313
789 360
897 204
197 740
853 135
897 306
1003 303
388 702
651 799
235 742
747 540
649 649
988 341
990 333
508 703
552 94
938 797
446 512
1067 389
365 127
695 410
697 58
613 86
250 205
328 241
460 837
430 966
817 632
396 533
655 394
932 501
513 436
868 161
893 203
471 421
829 231
998 336
267 679
533 705
423 329
329 797
1104 1006
512 264
374 49
434 349
704 709
621 377
252 520
467 697
928 488
1056 174
791 292
308 799
477 374
1025 381
593 576
212 534
589 558
799 196
485 245
542 369
849 598
794 666
853 612
1053 616
1023 311
437 331
256 883
787 146
427 24
997 515
692 400
1093 170
818 846
552 208
959 238
361 241
259 628
1023 668
477 933
739 89
536 595
491 846
730 373
915 853
177 949
316 401
1006 567
708 206
701 840
488 684
789 742
405 778
617 200
1031 659
906 345
606 912
385 832
995 901
596 711
324 412
1052 716
699 818
612 647
633 448
541 684
938 814
998 703
571 931
1023 724
471 394
1027 320
297 642
1046 825
984 303
170 252
367 533
1138 12
345 246
841 573
476 538
763 907
654 107
1015 179
965 948
841 491
838 649
380 890
446 374
836 369
354 976
880 808
931 388
418 173
954 986
810 577
258 906
378 725
366 496
209 736
368 553
1093 876
974 1035
150 557
817 784
1023 382
715 473
687 882
659 743
977 403
731 10
789 864
748 306
697 108
505 194
1051 346
929 282
651 915
855 878
222 136
256 868
679 202
491 465
263 339
955 237
590 678
1060 113
715 753
893 858
435 949
973 205
652 530
366 471
1071 507
494 854
1106 197
869 355
1041 599
1009 705
378 272
428 477
419 204
560 877
426 11
894 343
728 261
791 465
1023 849
636 181
960 246
378 401
706 464
855 133
870 333
881 138
766 881
704 620
691 272
528 107
418 872
266 173
240 622
469 391
669 594
551 467
594 782
774 875
628 723
219 322
458 942
704 626
843 139
698 147
318 130
289 457
906 143
350 374
479 698
499 242
157 130
724 449
411 266
453 492
551 137
497 716
293 418
562 841
1024 542
533 345
215 56
952 456
691 171
879 868
591 930
837 336
702 159
707 207
603 868
435 457
410 307
779 491
610 148
263 559
1032 584
728 468
360 380
981 338
332 140
505 764
1041 682
1018 339
200 24
551 399
525 538
1066 92
621 138
995 133
536 522
374 204
435 629
1134 930
340 878
1017 433
218 295
207 468
313 578
866 963
317 880
310 223
1039 100
285 155
469 376
503 469
362 644
293 615
221 104
605 878
536 755
213 231
275 890
480 848
770 597
461 613
654 491
623 66
215 231
257 4
310 343
794 634
541 813
196 1003
1090 649
754 413
554 357
855 173
386 300
862 441
574 914
876 788
1050 746
254 934
880 584
316 949
313 573
308 627
608 655
1068 191
360 641
281 190
281 274
394 258
1130 880
662 123
903 807
132 146
731 885
532 817
598 604
696 815
559 246
236 488
248 462
855 475
863 741
441 143
536 119
582 497
447 419
696 145
397 946
552 888
768 215
815 712
291 919
372 884
859 535
631 515
984 403
556 55
753 -4
777 951
533 49
129 233
296 456
144 178
453 248
640 866
261 136
1011 476
718 748
645 482
1108 330
713 778
483 757
1037 131
958 691
710 229
263 75
877 313
770 621
624 974
984 1008
420 425
609 585
1105 735
777 212
220 657
693 525
873 718
360 474
580 294
895 343
749 564
757 1025
389 892
794 584
169 556
797 383
878 858
744 881
882 403
650 712
193 16
201 689
416 277
761 399
767 729
411 276
274 195
811 697
231 746
1127 401
416 488
969 544
913 298
698 551
259 399
529 233
808 201
745 607
624 797
314 910
136 326
925 527
772 493
999 578
378 366
239 90
533 900
632 373
425 823
985 868
641 900
645 393
883 645
585 513
1024 662
199 71
267 705
405 327
818 549
396 505
863 949
688 92
720 431
1072 800
543 554
664 363
293 532
203 332
931 234
696 502
384 544
721 808
827 661
297 642
1120 76
232 898
656 702
644 479
480 82
729 806
731 850
1053 198
826 606
764 627
459 545
905 516
480 985
772 638
371 721
606 419
693 277
732 429
585 342
641 556
888 907
270 602
320 79
834 394
701 73
942 643
1010 460
1025 407
580 252
324 597
544 80
936 927
416 204
198 268
946 308
383 683
655 761
490 678
686 546
905 369
1001 658
803 351
729 484
348 204
812 587
767 683
833 832
948 662
733 42
301 382
1056 412
265 427
970 581
636 998
560 386
170 497
168 169
380 716
716 416
518 416
812 269
870 609
284 694
