967 690
698 773
1101 275
225 341
474 943
635 737
358 822
639 370
502 591
508 276
451 617
702 320
643 534
939 736
576 318
634 296
416 138
434 952
302 320
363 787
269 802
1002 901
435 894
595 165
990 914
464 898
508 720
372 165
478 321
186 811
608 773
433 281
296 765
849 638
332 734
914 533
251 423
864 386
492 900
1010 170
1021 434
463 643
774 679
195 416
740 333
955 406
974 745
415 301
311 551
984 99
227 925
358 306
425 677
198 270
995 290
285 119
756 174
249 167
855 805
917 686
702 140
1074 600
622 531
441 881
262 877
235 73
674 301
184 533
403 540
701 163
847 869
752 81
323 300
743 347
153 857
226 317
679 252
882 112
1000 150
923 177
394 885
245 786
925 844
373 883
272 390
649 -13
986 404
385 911
1001 506
425 28
772 495
611 654
712 453
549 234
360 420
597 443
472 740
218 264
556 719
245 161
810 170
375 922
717 477
1163 223
419 60
434 331
399 628
922 640
894 656
545 240
815 404
940 117
622 149
569 447
502 193
763 232
951 518
791 765
949 711
763 754
1108 713
348 938
758 877
851 565
977 909
213 47
967 497
1007 124
826 443
1038 620
513 267
855 269
743 826
918 581
438 670
817 300
540 546
836 960
750 496
331 449
776 894
549 894
754 578
112 373
563 3
785 364
688 241
1007 220
607 170
528 318
917 596
721 106
968 342
781 529
443 408
262 501
550 239
741 609
345 720
436 481
863 746
954 658
286 463
917 102
897 329
681 869
844 600
594 134
942 106
658 650
1091 953
406 611
347 860
1003 559
920 236
973 400
911 908
1052 656
985 113
235 584
678 636
1014 461
453 130
1102 656
937 536
762 812
211 46
248 487
476 550
590 682
284 824
390 658
313 1029
885 575
385 579
405 806
1009 563
796 704
317 310
889 784
704 675
901 618
798 441
598 346
1132 549
407 969
329 443
409 443
578 318
253 147
657 357
411 451
567 219
682 871
939 628
350 884
1027 574
928 134
548 586
297 291
441 560
212 483
818 779
731 269
753 430
589 43
756 263
906 753
525 285
394 1022
374 395
1007 757
846 271
489 265
385 842
143 492
1021 437
460 427
1064 936
963 427
542 515
430 281
748 204
369 335
232 933
683 970
658 787
832 329
511 691
653 574
339 597
206 250
252 251
961 824
640 43
283 60
476 586
1042 252
691 593
717 907
430 602
890 1007
554 338
299 112
582 439
725 348
440 802
837 426
734 139
572 807
429 672
1028 105
194 384
498 468
1008 285
382 124
402 371
361 574
329 917
890 923
926 464
416 885
975 327
155 384
191 800
1088 792
657 441
274 696
1036 940
824 926
980 164
290 356
826 923
733 655
768 408
492 828
863 753
562 230
300 562
650 619
673 293
493 515
737 705
569 187
406 306
718 518
318 306
496 634
850 895
1134 368
964 738
778 411
127 451
178 559
272 732
852 715
224 744
626 450
552 540
833 902
892 600
452 369
791 313
459 513
882 232
838 191
549 627
997 491
407 967
686 543
500 734
1062 596
250 612
333 839
1089 526
296 491
711 763
214 302
643 512
913 862
726 671
993 299
469 517
1179 362
935 376
380 376
1055 543
570 676
136 488
998 476
920 151
742 839
832 689
318 382
288 774
628 519
923 564
603 712
997 38
672 160
845 520
958 402
1128 434
579 614
976 557
309 291
528 359
188 908
909 721
1022 112
174 175
998 596
843 636
744 550
531 748
251 486
380 544
319 613
897 302
278 346
530 283
243 855
736 279
604 361
337 656
701 206
477 758
813 133
863 486
299 704
861 339
908 297
366 200
678 895
729 916
483 796
788 920
810 617
792 164
828 953
585 640
689 664
320 207
533 650
925 632
326 197
1004 403
556 97
789 399
361 126
920 448
235 895
244 482
743 911
748 89
1087 186
753 40
630 403
731 714
502 751
966 624
257 529
588 674
801 482
526 757
888 705
1001 626
732 295
857 80
720 239
294 195
343 571
839 800
280 861
970 78
381 821
205 725
372 183
966 942
893 725
617 119
469 205
399 241
640 251
1092 367
664 449
377 963
665 871
889 126
730 904
980 251
756 878
977 731
944 351
270 354
551 795
255 599
726 243
392 557
764 490
1002 740
435 524
218 201
740 116
710 234
1062 321
624 639
1097 487
711 938
918 186
132 835
481 559
948 484
852 930
878 593
358 541
270 901
389 742
361 746
420 476
309 776
661 144
697 720
589 813
127 682
571 826
606 577
668 620
416 772
394 78
633 115
295 635
452 900
613 174
355 674
464 552
296 463
370 348
321 266
380 275
710 324
312 592
656 676
412 451
453 266
386 249
312 87
370 347
990 912
934 684
535 700
256 428
698 593
1138 82
985 809
249 666
941 682
910 247
671 229
560 397
400 788
533 239
782 886
516 849
1057 532
255 216
1076 506
835 257
482 -20
636 469
700 753
409 319
567 941
919 341
247 207
983 614
909 328
1024 872
1046 410
953 748
869 880
899 885
790 779
1087 958
498 746
553 496
578 295
688 618
559 204
459 729
361 229
1076 368
1050 126
1030 332
682 956
432 569
590 647
149 726
237 804
287 694
245 187
756 538
547 537
239 580
255 823
257 678
418 535
184 289
1137 96
312 117
610 411
886 265
969 558
968 673
915 705
295 866
458 237
608 262
666 403
291 284
250 669
416 234
839 803
277 608
619 148
226 68
977 236
307 376
438 723
949 300
506 698
473 765
291 677
521 673
540 207
390 777
190 348
1010 795
423 569
1063 301
685 791
792 316
465 396
1007 819
730 346
494 361
226 296
881 741
720 829
979 301
270 966
885 299
852 190
225 844
231 376
677 534
656 261
834 728
596 869
932 689
239 295
425 1030
601 788
1015 782
709 888
506 822
1037 388
478 952
294 598
528 977
878 519
344 339
511 231
367 355
956 933
680 507
1044 482
444 234
545 383
461 372
508 674
525 108
949 72
962 45
1069 469
1038 697
503 887
744 982
782 221
967 320
770 832
986 391
313 899
832 627
1056 248
333 44
968 307
501 457
968 683
936 431
603 464
370 591
213 577
891 614
1047 322
667 222
806 974
463 119
714 566
506 881
241 242
666 882
491 926
590 222
587 395
890 565
1059 705
503 501
476 149
304 824
261 823
882 748
971 83
609 814
229 393
1055 591
589 374
720 638
678 513
1132 55
519 426
1127 701
374 632
818 372
1079 882
964 210
349 889
915 821
527 465
878 869
729 321
888 358
933 98
206 368
806 718
448 729
845 875
819 944
845 673
251 618
383 643
814 460
491 194
376 94
1034 632
363 807
959 84
280 195
285 727
885 678
543 323
377 485
664 803
709 529
300 250
821 882
209 297
344 744
285 313
945 442
282 689
820 876
859 879
623 829
708 421
703 433
606 850
552 510
694 982
925 886
608 621
850 609
763 97
1043 736
163 89
1019 197
275 855
848 941
464 182
956 408
825 581
237 50
684 605
1067 334
709 740
865 404
531 340
409 433
709 786
685 340
977 624
378 741
359 868
1046 888
982 266
468 353
952 161
999 785
187 972
254 293
856 650
979 217
1074 930
636 619
816 756
346 727
649 480
769 682
437 450
491 729
811 927
367 166
848 215
626 664
736 478
899 183
874 612
959 152
858 776
459 716
784 783
744 793
721 653
948 404
1069 616
426 254
434 288
351 177
381 948
358 500
513 148
802 416
1044 358
381 420
288 412
737 223
368 759
661 642
875 393
485 425
279 310
181 225
1038 271
655 695
370 452
881 335
385 831
508 334
453 397
219 402
292 878
766 665
879 887
428 276
531 64
433 378
528 667
707 870
767 595
303 674
828 908
545 201
659 211
308 270
865 700
753 256
181 2
860 405
231 678
839 244
824 353
792 645
841 449
980 568
838 867
870 287
947 879
241 456
1120 427
358 294
423 452
546 642
681 355
270 624
655 595
761 109
903 212
391 712
352 54
241 714
821 554
282 505
472 552
922 709
861 919
203 647
351 506
473 489
380 869
488 779
769 473
868 122
857 584
271 386
323 530
892 522
441 268
1002 696
519 51
1080 516
901 223
384 452
755 776
1091 521
971 378
557 853
762 412
783 216
259 515
866 901
680 497
1017 539
765 669
494 616
329 678
368 688
654 453
521 556
1053 -1
277 296
367 136
750 168
624 746
496 272
969 554
518 575
673 806
732 713
302 723
1061 926
848 422
577 979
315 185
979 350
800 681
977 200
1032 525
235 967
226 513
942 229
292 801
418 446
640 567
397 887
204 626
300 765
398 446
641 319
263 185
279 166
259 889
1039 215
1008 293
486 686
968 316
965 718
1152 766
483 126
1001 254
430 160
1034 224
1059 920
268 324
399 441
767 444
787 663
1058 452
724 505
1010 290
906 602
683 187
207 380
781 214
646 747
805 228
828 681
768 639
339 366
413 413
263 766
587 146
717 125
635 307
996 918
924 605
1031 881
651 885
248 333
999 216
638 894
1056 525
195 212
777 217
274 477
307 115
881 334
907 59
702 824
397 137
669 165
477 382
959 538
487 523
178 728
353 895
946 327
809 104
862 489
1029 520
756 155
719 223
863 124
444 371
695 702
492 137
464 381
266 476
947 642
1003 245
564 853
