553 129
717 268
302 562
385 188
853 481
330 32
230 251
256 857
348 190
827 578
1089 590
360 209
345 867
841 890
365 380
567 438
409 920
884 701
510 362
997 273
924 134
300 688
952 196
1055 382
588 152
622 838
494 154
758 990
398 804
451 608
892 714
268 472
480 131
503 878
735 598
1152 670
842 420
492 698
975 147
322 88
362 301
596 92
1038 167
812 183
287 178
692 621
659 891
490 512
1005 944
877 270
426 433
350 573
372 592
1052 658
376 770
161 458
392 198
263 788
317 339
787 552
736 202
658 704
438 140
512 449
440 678
524 851
410 228
528 320
1043 375
691 657
785 886
580 643
950 407
606 878
985 379
293 274
138 192
753 113
109 973
879 319
627 862
1005 437
491 143
979 180
424 275
382 419
757 102
467 219
327 795
757 215
209 635
747 309
701 533
621 304
640 561
1102 616
693 151
324 394
761 865
855 889
595 57
267 342
455 132
660 792
1069 116
926 679
270 108
376 145
972 301
803 91
210 783
356 300
766 330
220 633
407 395
841 391
165 771
611 618
740 410
879 600
435 756
417 446
958 467
439 652
274 702
429 914
750 407
449 135
570 29
479 811
906 509
853 626
1099 919
470 813
459 274
748 462
375 832
420 210
389 828
1026 843
408 725
947 581
248 297
903 884
931 294
486 443
828 918
715 910
687 195
1059 555
237 200
583 71
266 183
706 532
369 164
318 938
508 766
631 376
895 760
442 528
1100 449
955 473
269 566
531 943
586 577
367 296
212 727
1040 201
497 144
1029 506
172 324
552 768
671 626
1015 713
715 623
1035 896
1001 751
831 433
908 110
832 623
470 912
705 754
323 529
163 336
985 393
476 187
765 223
532 852
964 627
534 189
351 50
624 116
756 786
557 900
743 591
323 341
415 420
549 625
262 273
565 184
269 913
401 745
192 852
199 582
1010 784
463 227
889 913
420 470
599 515
813 178
817 547
1002 863
916 357
910 489
694 164
385 669
514 536
333 115
873 596
794 885
297 371
729 104
907 829
988 899
817 634
731 730
906 717
507 677
846 471
521 150
224 323
1120 578
827 766
1126 329
1154 338
861 930
968 526
971 710
421 261
1029 59
339 258
248 284
286 152
449 588
921 34
1112 954
534 608
408 513
993 401
826 715
700 271
737 523
749 320
822 185
417 305
673 674
429 902
1052 690
592 296
933 892
344 674
450 895
703 133
462 711
363 785
1071 596
864 288
474 203
383 805
1016 178
167 904
831 536
239 378
555 777
802 428
722 427
672 613
1010 158
615 793
717 608
697 661
973 588
603 373
1022 568
358 312
727 791
560 626
174 851
471 462
569 755
775 523
218 229
952 905
683 261
420 297
1072 641
619 402
527 964
558 982
614 547
281 403
322 249
473 743
746 0
344 58
426 123
274 451
537 36
1055 274
571 661
159 40
413 829
674 236
353 533
1093 267
884 355
350 978
646 369
1002 732
537 553
537 692
410 620
913 895
220 381
649 805
188 173
399 788
1047 388
362 316
318 853
557 664
1039 347
674 274
1101 72
273 888
755 754
1072 631
775 913
599 510
295 306
359 113
667 825
723 375
282 788
797 934
737 602
661 880
421 218
691 475
906 75
1014 720
897 625
487 367
755 353
598 743
924 828
960 357
859 167
1012 440
782 424
764 208
1017 248
881 950
753 596
259 780
999 697
566 296
944 771
815 473
854 108
311 749
363 906
195 755
451 576
655 744
591 644
239 276
1024 937
992 115
1007 629
795 192
945 447
126 253
491 920
744 841
1010 575
1079 518
997 538
776 279
935 792
1004 532
228 755
698 533
625 481
403 374
472 84
374 514
862 217
239 132
974 137
660 374
672 444
488 296
1113 664
1089 143
530 947
338 485
902 395
332 680
270 729
850 920
421 427
460 259
1056 254
265 195
365 355
421 357
222 948
1056 390
922 142
413 506
724 280
858 475
786 974
243 587
377 956
369 618
689 485
840 436
723 249
174 592
1074 632
413 70
680 667
286 517
569 767
198 131
969 201
621 888
803 817
232 451
418 760
1033 216
320 483
886 668
633 342
322 453
695 90
766 951
457 133
863 231
821 639
431 588
564 839
249 684
527 649
402 437
861 515
1041 749
190 56
732 792
244 898
529 692
1012 249
486 121
153 642
872 353
427 922
278 355
1022 638
994 614
991 312
634 87
906 490
285 746
854 872
1023 440
480 574
1035 976
559 853
429 514
1017 286
843 526
776 804
353 592
241 656
344 750
674 78
866 816
615 69
550 762
316 517
587 9
294 384
771 802
653 662
159 7
339 407
297 409
432 618
408 374
596 331
864 672
535 139
312 443
986 437
408 225
949 395
411 383
939 768
946 743
834 827
585 330
988 888
684 939
725 954
736 512
1006 559
196 806
1135 482
992 827
423 382
619 86
743 646
773 659
604 859
652 170
837 362
494 422
696 545
943 245
1000 728
251 912
748 802
1118 674
374 289
411 884
878 437
406 326
511 673
1033 670
1061 827
416 534
378 549
429 80
611 348
545 428
506 456
710 663
675 851
632 194
105 598
364 223
756 690
736 610
553 713
1077 161
178 367
282 892
735 463
992 236
246 725
126 10
673 358
611 841
973 522
623 131
262 645
942 649
868 830
215 270
234 140
823 910
799 132
1025 599
290 235
935 804
1003 723
457 346
979 870
802 782
781 137
743 348
910 932
635 66
448 830
939 406
471 578
736 359
263 250
657 98
958 381
329 592
633 644
962 730
593 352
1061 951
739 249
1112 459
259 708
365 571
387 890
432 594
771 324
1167 85
247 648
685 242
923 135
423 294
355 333
963 281
724 306
406 547
904 466
864 792
178 49
1044 682
870 44
376 185
824 651
446 158
170 821
594 818
473 548
819 841
675 783
993 917
855 243
937 591
497 445
176 565
247 239
267 830
595 823
234 707
672 555
654 225
470 454
1044 546
790 795
1089 75
944 619
268 436
315 484
1064 918
338 383
515 741
610 898
798 450
653 680
533 207
583 791
431 319
537 158
1012 689
718 793
270 318
778 8
527 18
413 99
993 367
858 44
551 563
178 0
293 131
723 321
520 326
703 251
612 165
424 870
738 651
285 137
1020 986
832 695
1040 892
284 328
1126 946
544 816
892 402
689 289
844 761
336 626
803 475
1034 500
820 397
701 703
487 606
202 980
443 464
551 643
942 323
882 79
508 164
241 244
1087 404
166 975
201 346
237 178
574 717
391 480
779 805
894 148
179 568
1018 290
576 434
336 588
744 813
1090 963
224 514
616 504
883 853
838 738
968 195
621 217
345 276
451 180
767 30
1015 680
404 238
1070 913
1072 145
739 992
727 335
519 585
479 592
310 462
417 369
702 435
783 844
804 153
994 66
618 602
121 29
734 664
913 83
705 313
259 716
873 408
681 116
309 373
798 324
242 552
978 303
838 909
931 633
328 575
268 534
750 456
750 354
210 252
817 695
313 721
179 131
499 529
724 613
870 794
966 179
732 783
600 640
973 722
991 381
642 969
165 588
715 888
539 354
603 243
728 713
307 229
668 731
293 867
1057 169
358 43
560 330
553 407
612 763
236 373
567 343
692 147
664 752
570 520
734 866
349 185
849 452
768 188
209 199
749 876
1044 922
656 211
1035 341
708 291
222 571
386 973
773 488
406 837
908 806
655 781
1000 623
1007 510
835 761
882 542
647 738
903 214
495 372
281 290
192 347
759 980
1097 180
420 138
867 423
662 277
546 294
1027 453
425 150
918 379
849 867
289 704
1034 717
665 223
281 77
974 456
727 479
283 848
753 424
957 683
1035 479
1031 361
297 278
860 780
882 214
461 735
728 430
224 376
327 310
797 804
933 373
306 923
1001 766
774 925
393 678
993 929
661 239
356 162
770 488
955 110
1027 812
613 657
343 595
841 402
360 331
319 657
221 518
919 560
1029 865
339 270
429 38
422 751
767 874
918 413
659 422
449 257
963 633
478 601
619 115
728 489
768 344
216 604
949 218
648 207
392 547
872 419
734 728
562 657
768 513
985 122
293 657
569 635
256 283
852 76
1094 723
1039 57
1025 160
463 422
889 754
658 242
653 402
892 182
499 662
669 639
331 685
936 711
788 985
186 857
756 156
450 482
374 577
494 160
1069 0
823 884
413 328
1147 249
1042 197
373 546
524 741
575 275
963 868
629 931
586 722
315 288
702 382
464 137
544 473
1078 501
1042 740
319 983
644 567
402 797
608 925
385 837
646 587
439 353
1027 906
256 721
485 878
405 530
315 192
775 279
156 793
565 691
1074 786
631 798
769 444
990 143
497 934
778 900
1046 459
998 632
255 807
602 761
331 197
1078 941
616 239
1001 660
347 52
983 806
1012 943
908 51
362 304
818 623
1035 875
1031 589
698 538
611 199
756 858
242 664
548 628
932 647
661 884
643 601
965 126
909 199
591 324
1060 856
1049 432
679 622
353 323
741 580
688 254
699 559
283 281
560 564
414 113
256 811
499 792
286 665
552 765
578 689
1006 793
789 309
719 344
237 800
659 762
930 313
775 745
781 628
729 479
396 529
349 892
1136 166
893 119
1045 682
1014 521
1052 676
768 285
259 550
967 534
981 800
744 734
855 548
603 324
285 1006
