615 913
276 418
605 673
332 159
1074 955
1169 1051
144 286
504 260
903 370
420 803
258 946
688 217
466 630
745 223
472 460
244 591
1043 264
323 750
708 318
667 500
877 929
231 457
941 595
667 900
864 129
754 622
703 738
251 124
587 551
953 181
386 193
307 143
682 390
732 748
557 39
313 373
378 457
1088 172
1137 164
917 633
612 532
923 330
336 324
769 274
859 475
911 466
974 641
965 116
387 970
787 464
865 785
778 816
171 718
862 775
605 642
948 797
339 451
479 131
509 548
744 340
736 551
449 980
593 455
1103 190
1005 319
238 423
286 961
359 621
431 767
431 704
739 341
863 428
869 524
806 871
630 399
1020 916
278 476
585 544
570 592
1004 507
964 656
175 105
657 43
988 811
738 616
417 465
886 848
513 557
699 904
991 143
729 823
434 362
714 222
1019 375
234 350
213 455
460 93
309 594
862 139
762 59
671 583
1007 780
758 866
678 656
971 941
163 391
668 363
869 369
942 407
767 239
665 311
715 50
537 179
703 259
699 568
573 375
711 22
900 571
860 244
483 761
779 792
509 716
904 523
637 595
353 906
810 954
707 499
879 927
656 775
354 293
270 224
917 328
1021 680
982 548
693 682
807 203
258 486
329 583
304 882
833 156
984 50
1042 921
387 543
243 805
1000 231
593 562
550 424
1155 772
452 896
570 562
206 588
793 874
1027 406
691 129
341 255
436 728
447 647
211 588
636 870
994 707
571 990
459 140
184 844
921 372
514 39
419 531
866 198
922 195
1006 377
597 266
700 861
271 425
536 845
836 466
558 622
452 842
1009 324
676 602
1075 685
433 298
1030 130
319 792
463 876
654 142
1023 660
639 155
190 833
380 388
801 539
333 333
463 530
492 842
737 803
185 274
999 5
881 912
937 295
352 127
766 746
466 279
1105 1005
439 672
761 348
733 680
564 691
823 395
586 934
672 140
724 167
592 83
781 649
321 17
602 184
499 833
420 302
220 458
1073 698
318 1011
610 902
479 667
976 485
553 382
498 715
691 92
1039 235
846 766
342 653
546 105
746 767
330 964
222 757
793 133
525 449
975 586
651 1033
993 131
494 469
777 121
353 565
412 393
728 495
494 879
347 442
892 571
338 272
1105 679
914 279
1013 828
963 72
402 10
516 146
629 334
826 348
1033 832
359 999
364 703
964 918
667 756
585 234
503 837
1045 200
709 412
354 450
401 781
332 288
694 159
647 705
812 824
547 77
471 859
662 215
1047 590
559 753
684 730
197 33
1122 766
859 139
787 165
591 482
981 779
666 748
857 473
569 217
754 572
1088 570
1057 302
364 133
769 263
287 372
960 52
775 194
759 76
1026 334
698 777
720 653
1073 884
801 582
365 913
952 543
412 740
746 404
494 158
484 362
439 684
292 419
969 441
604 662
188 569
745 155
811 374
331 380
978 857
393 874
795 143
227 525
612 95
781 612
976 193
300 505
839 622
581 193
992 705
411 867
235 456
392 852
1033 325
590 284
635 854
844 76
425 542
203 698
1037 444
430 838
631 493
744 889
434 508
405 686
844 215
893 934
567 934
357 259
858 869
1075 501
721 377
1002 750
638 417
585 187
829 689
374 691
366 134
834 650
637 876
747 571
864 503
509 244
425 471
294 363
236 97
453 706
897 264
363 393
805 805
553 487
214 725
809 674
930 109
1023 -11
761 243
933 719
454 597
721 587
983 173
1061 790
426 83
626 501
283 302
870 760
827 376
375 556
260 407
758 898
294 247
872 328
283 268
842 289
748 847
795 192
273 850
326 906
547 233
478 110
777 830
482 501
862 195
793 660
444 380
281 379
873 224
496 747
530 371
949 755
559 576
352 1023
774 332
435 602
1005 178
595 980
1175 736
689 349
837 544
314 554
711 317
216 243
564 561
359 244
469 181
682 840
602 437
721 735
556 538
914 886
377 95
1012 762
245 559
661 105
874 375
733 523
630 602
886 276
280 195
642 757
997 707
644 867
443 645
386 305
598 360
713 310
653 361
821 270
923 898
475 858
288 521
849 726
649 574
624 418
376 162
357 608
557 876
786 675
622 496
626 144
348 287
306 98
170 372
1031 552
788 3
309 366
501 255
413 615
991 146
1082 52
465 179
677 300
631 1013
864 500
523 729
772 120
754 850
341 568
761 660
886 787
253 916
724 592
921 948
929 855
789 661
285 919
514 151
318 894
423 565
515 868
831 387
489 198
792 98
577 184
727 740
263 355
952 73
949 837
736 143
851 137
736 633
644 715
476 250
376 539
457 617
526 471
687 34
589 940
578 32
745 831
1028 678
719 885
967 25
574 549
671 301
937 314
966 124
955 792
825 228
616 190
1042 844
966 154
525 499
436 833
530 103
828 433
710 589
863 276
624 275
614 199
387 408
971 429
341 177
221 278
495 300
1091 819
818 956
267 846
653 556
286 848
640 90
150 940
1027 211
495 629
777 968
1165 200
666 77
1005 512
528 711
316 333
962 402
628 866
713 889
988 217
490 605
710 556
395 303
655 204
1039 196
528 273
348 123
1001 153
582 897
1094 366
663 542
273 265
238 98
190 947
651 467
265 763
595 912
236 893
554 498
550 381
977 243
752 752
971 351
219 394
564 840
877 564
853 568
870 352
957 161
209 949
302 183
876 290
922 454
784 442
786 164
823 190
313 271
513 714
441 619
507 99
969 618
545 466
459 406
965 934
641 133
1081 64
980 771
322 634
765 819
545 167
751 828
648 686
704 48
916 236
214 295
490 201
310 289
125 523
894 894
202 852
873 508
389 554
326 871
665 877
667 431
517 686
793 279
976 1013
683 374
367 721
998 234
465 430
1025 397
143 759
444 659
519 196
815 708
991 109
363 789
355 274
278 698
342 389
519 892
961 680
1015 455
1066 402
433 702
649 422
1012 610
699 802
834 526
940 899
545 250
702 649
586 197
1116 611
732 797
372 997
893 799
858 89
955 528
951 588
274 562
889 426
289 180
662 352
350 571
986 669
813 777
630 745
926 660
843 864
369 597
864 759
264 605
342 351
347 610
370 243
770 340
708 87
750 740
939 78
707 132
492 275
434 407
250 231
316 258
389 671
362 277
369 881
669 441
514 939
875 523
459 435
916 870
437 986
1021 185
1033 262
1009 696
916 706
823 953
226 647
645 159
414 893
422 163
650 256
783 285
376 601
554 43
707 332
999 671
210 272
1062 703
1083 338
325 267
818 1043
551 311
487 733
906 179
233 316
517 671
1033 163
300 704
854 884
1111 447
449 345
703 789
658 705
425 367
892 149
924 22
585 610
447 657
713 708
678 762
626 750
595 814
751 884
1000 303
581 245
568 808
713 411
1001 351
932 624
887 629
1084 663
653 237
442 760
234 621
722 744
891 564
563 624
778 784
802 761
594 110
1042 705
1034 449
977 813
779 998
251 908
258 571
840 380
1033 189
403 633
761 732
819 958
619 692
328 57
863 184
476 317
686 423
1049 57
497 664
304 774
287 660
747 934
447 534
595 155
836 890
416 146
622 274
538 170
368 858
817 421
269 563
1062 740
902 856
983 141
704 323
526 923
956 510
619 155
401 331
806 824
816 732
432 857
756 849
247 755
773 389
1016 455
603 278
654 148
453 218
712 676
862 72
580 483
513 339
733 108
356 519
627 986
696 98
1078 598
456 355
914 81
421 828
789 605
631 604
393 137
744 684
936 216
958 665
297 448
418 215
359 573
477 59
606 109
1027 515
794 56
310 225
139 935
707 247
620 526
555 93
496 251
927 900
508 868
284 951
1128 255
332 415
390 817
282 165
618 863
828 703
446 437
213 644
799 618
250 356
538 572
835 799
394 289
642 268
436 510
511 629
784 290
998 618
561 458
578 837
1103 342
691 288
937 714
916 674
443 595
410 361
740 267
547 112
1075 802
849 358
290 560
534 675
992 366
735 975
690 850
680 296
747 257
604 782
311 567
1033 869
299 662
327 452
817 564
819 828
903 392
929 869
827 123
303 341
359 788
1033 998
793 432
870 661
595 448
788 334
757 717
865 836
640 83
633 647
309 550
241 158
572 848
858 190
542 247
642 442
1069 169
739 804
861 459
1064 273
582 61
482 263
828 827
639 422
257 287
313 875
1045 334
1048 445
951 643
1008 457
710 315
686 795
684 380
689 559
811 548
402 644
1130 644
842 319
724 891
1046 123
848 769
404 279
581 406
1083 155
674 735
287 412
317 828
405 774
941 137
971 218
1069 945
587 751
1028 912
314 553
1006 802
876 569
707 367
433 375
1016 857
704 473
883 199
705 400
685 588
657 526
542 936
253 184
1103 381
1082 686
935 152
601 505
879 263
823 863
963 401
377 271
844 480
331 206
461 278
449 230
1003 829
565 936
177 840
526 679
687 441
485 268
1090 408
972 644
520 640
548 411
323 64
977 485
890 978
282 805
856 797
947 587
786 401
859 271
198 135
857 758
313 101
1066 239
204 486
1060 918
676 256
450 471
523 109
894 317
445 513
312 1015
844 553
378 638
747 615
699 911
865 399
833 358
872 642
1015 278
962 47
598 437
122 641
500 730
421 302
714 809
679 163
322 418
799 642
1027 557
820 371
674 536
880 759
1058 631
