797 126
845 406
302 126
1007 780
559 229
583 431
1060 368
999 728
928 85
611 93
309 439
998 885
997 455
706 156
961 601
749 542
1085 178
815 287
448 370
189 196
499 391
358 667
288 83
232 542
995 340
1128 792
1154 79
695 825
894 328
1056 819
1007 959
300 776
530 680
467 466
987 416
898 355
1111 1023
1125 200
590 262
573 302
803 431
630 874
803 549
1011 884
486 692
461 359
682 502
780 306
914 824
626 312
610 843
643 298
689 126
598 677
777 103
791 381
457 557
557 330
500 897
305 286
436 292
657 299
915 738
267 166
823 811
448 851
474 365
1003 570
744 969
557 151
410 587
969 300
275 425
623 595
821 392
1100 820
314 511
868 408
822 462
486 572
583 896
171 554
755 515
743 219
893 466
646 411
523 637
708 741
512 332
251 166
979 752
866 921
830 74
222 262
938 120
1022 534
503 447
184 735
513 612
441 545
1004 588
299 695
628 548
497 561
920 71
634 780
662 321
337 903
319 128
995 259
725 575
1044 796
972 332
657 785
824 619
850 610
288 508
460 60
772 505
569 395
536 718
730 107
540 885
232 151
1132 975
724 374
335 385
941 807
296 926
229 903
515 763
791 806
724 572
965 166
1100 862
591 923
273 467
553 974
802 684
769 486
1033 111
264 530
500 607
987 275
197 405
579 354
1042 139
427 927
515 470
1107 761
792 963
483 662
900 475
418 629
1044 736
635 109
322 109
350 280
746 870
208 935
983 380
204 635
634 673
667 233
448 448
542 548
465 711
1068 810
379 789
438 790
246 492
948 440
421 844
443 695
413 541
350 901
711 424
537 927
578 418
356 124
792 820
684 167
879 669
513 124
408 965
208 495
198 286
633 858
685 653
661 718
885 379
940 322
341 631
645 168
231 706
474 452
473 204
246 233
729 295
578 365
743 566
585 356
388 866
575 365
947 962
611 394
774 203
452 433
224 582
886 631
1050 775
680 835
513 705
185 610
489 151
447 736
279 865
269 821
607 909
888 323
467 475
786 830
491 622
360 874
1093 981
940 961
380 362
653 845
845 725
1133 363
925 122
859 188
734 722
833 366
253 882
249 584
843 205
768 719
546 286
260 891
542 862
505 111
609 696
579 279
331 876
325 666
584 701
478 284
313 389
605 696
501 244
1046 753
300 635
566 325
530 586
412 213
350 242
906 210
725 936
1035 599
554 225
812 401
725 149
177 264
853 197
573 741
392 691
342 190
222 847
719 212
310 381
977 750
236 484
271 520
794 458
443 102
662 835
502 374
253 634
329 553
268 361
428 305
1052 727
820 925
813 51
627 345
401 427
399 303
220 549
272 642
729 721
680 720
179 408
1006 950
554 674
666 866
340 545
608 722
370 858
1016 831
1063 207
359 108
471 214
442 270
1037 355
340 848
978 707
790 693
1044 572
728 170
242 324
905 533
1001 743
1051 257
1014 373
648 466
262 560
326 1027
285 798
615 565
758 672
858 463
724 689
657 486
314 408
808 481
502 958
765 454
699 890
571 917
1018 122
134 243
565 850
405 109
401 456
612 840
582 12
381 220
719 809
627 314
663 359
685 434
311 458
818 834
982 825
920 331
483 677
591 240
944 143
1045 799
592 125
518 229
536 624
670 429
351 175
950 557
463 577
569 171
950 372
399 769
830 27
204 885
425 603
993 393
448 63
546 456
268 301
657 724
553 757
761 726
1019 97
828 276
598 210
729 582
1026 619
575 881
395 581
807 963
848 58
942 783
694 794
980 769
563 288
498 132
675 444
979 244
713 242
932 91
978 603
836 939
743 118
493 157
481 795
843 566
559 697
310 168
691 585
462 165
887 254
637 195
566 386
224 617
289 933
1096 689
1057 163
525 755
388 438
810 828
358 225
866 78
379 766
493 233
306 953
728 766
469 847
522 726
938 374
1107 48
172 122
494 553
810 626
525 840
973 894
720 355
194 515
445 762
495 496
419 876
637 238
1048 757
819 205
432 313
404 229
257 452
711 802
944 676
845 29
430 153
962 259
433 622
705 470
481 717
506 74
547 354
182 163
378 333
827 144
1008 632
318 222
891 498
346 790
904 822
928 473
898 644
998 767
548 556
382 627
569 856
736 916
855 127
538 877
876 473
903 732
565 914
862 184
833 901
725 590
824 526
285 175
1048 360
540 767
956 744
338 187
943 372
829 437
600 409
536 245
314 979
598 200
822 888
571 300
934 589
344 669
544 176
813 441
694 255
701 444
638 129
1049 459
288 638
906 779
286 925
295 384
825 572
331 263
771 591
452 537
1069 326
1124 722
226 543
774 942
1066 802
443 203
796 780
653 379
328 474
801 620
707 595
466 490
690 69
550 151
413 545
521 768
1096 409
632 580
197 948
384 497
829 891
852 823
892 292
165 796
347 328
289 635
926 451
897 395
584 285
1007 352
834 896
344 251
876 132
1015 409
620 233
732 322
599 176
1024 902
1084 208
900 872
567 737
755 564
1039 831
437 903
464 450
503 233
952 -13
663 891
441 422
930 647
483 310
834 511
1030 648
225 305
410 464
365 463
520 236
1039 241
455 693
927 283
255 771
325 838
398 325
1163 321
315 894
287 206
857 351
770 922
1008 905
113 730
871 324
428 377
894 572
214 400
708 174
194 60
552 656
627 998
539 484
519 678
1002 505
747 822
296 439
1085 468
909 442
500 632
870 503
1013 770
391 541
355 257
674 182
650 188
802 614
766 537
779 390
721 33
410 817
737 570
547 790
630 465
815 375
301 153
912 434
332 647
704 203
738 628
232 84
792 773
1008 136
843 667
842 559
652 709
437 167
803 418
493 118
1098 911
760 553
324 159
718 661
630 227
1051 729
219 560
303 358
1042 458
272 345
595 124
762 189
441 803
832 378
479 666
766 120
917 434
554 499
595 546
1024 186
332 696
460 726
1013 268
926 554
1082 883
228 793
554 256
375 756
700 561
342 699
539 297
701 565
542 174
697 781
465 210
347 391
130 -17
1048 252
573 263
335 246
599 880
1062 627
930 194
484 345
564 818
884 519
1047 278
687 888
690 534
591 1004
1007 105
789 814
259 114
503 390
227 747
430 166
294 288
508 42
641 131
711 181
982 192
891 375
778 677
202 924
234 534
966 240
166 1005
966 494
729 603
930 868
1022 469
842 145
581 430
378 256
396 700
1047 204
679 781
290 808
755 645
251 929
1014 656
992 585
412 924
713 662
904 972
750 244
913 719
720 310
614 726
802 476
1026 741
552 466
646 721
979 451
759 911
825 368
789 573
976 778
1083 617
809 562
766 253
491 255
957 420
697 700
996 726
221 836
804 656
802 586
922 318
674 311
452 819
795 427
1006 700
860 242
251 876
264 454
526 746
925 600
547 356
779 456
423 775
707 473
284 401
367 413
707 300
753 366
829 138
909 717
959 145
425 247
459 635
1038 918
266 160
287 598
502 126
817 666
858 265
460 256
746 692
372 288
890 299
577 90
495 490
305 409
402 302
824 700
490 821
383 316
472 560
262 872
456 254
300 55
708 757
468 653
303 147
845 721
435 339
729 853
550 610
602 286
874 892
305 444
203 887
529 895
219 618
591 708
785 249
513 185
292 379
633 62
998 226
992 736
952 652
812 775
1034 592
973 521
877 495
432 739
701 589
994 685
637 60
911 101
980 372
619 449
242 353
390 255
1019 136
747 821
608 181
622 770
533 147
248 441
635 349
953 194
973 940
654 647
462 760
910 425
899 104
789 150
600 33
483 761
880 145
677 193
525 285
449 811
263 841
292 136
965 188
640 879
364 197
293 773
615 398
955 520
450 2
559 173
413 458
572 876
228 377
329 782
558 125
204 172
589 367
747 226
742 32
476 565
945 615
337 377
949 204
450 622
1037 928
926 881
841 797
717 81
281 695
451 511
609 905
542 625
462 367
343 336
414 377
673 349
484 227
337 235
1075 633
999 391
861 598
395 456
924 874
1048 354
837 310
910 344
477 599
224 467
538 258
415 155
206 117
233 431
403 586
803 451
678 877
299 679
449 820
123 277
978 226
1091 820
438 513
482 118
909 840
453 738
458 389
1019 680
373 610
388 113
944 836
915 911
513 380
808 404
664 287
269 161
474 612
419 810
1105 114
353 919
605 270
351 483
1106 780
991 824
814 776
494 762
694 723
322 172
575 576
538 529
221 985
216 940
969 107
271 700
585 404
455 292
562 832
1016 592
779 843
1078 736
642 685
695 332
185 921
494 497
901 166
833 374
317 352
402 407
821 404
612 485
577 246
735 668
268 121
473 340
715 625
781 573
1017 882
912 821
570 590
233 786
874 728
724 91
250 566
338 810
937 440
1005 895
874 546
560 760
473 559
472 88
652 923
962 894
302 614
173 962
917 938
167 337
367 330
602 642
321 325
547 743
742 674
800 931
812 23
467 630
646 721
999 852
379 78
817 589
356 294
641 950
289 795
814 966
975 896
412 779
567 718
348 97
341 294
731 104
437 867
838 853
606 678
762 305
404 258
308 458
209 543
758 278
668 209
980 793
467 793
289 422
330 792
816 506
726 571
617 589
576 391
409 368
403 636
465 523
758 870
242 513
742 678
354 663
730 600
304 256
