1032 227
735 290
601 467
486 120
940 138
172 67
958 828
649 92
934 270
751 967
895 441
323 560
440 902
685 554
167 623
773 417
794 454
439 756
975 758
240 827
831 292
909 304
677 721
1032 841
210 157
1042 912
550 771
354 28
742 785
231 135
817 611
471 357
991 903
351 551
1002 671
859 132
813 469
685 612
181 982
746 150
907 509
753 287
737 541
480 835
497 858
532 696
808 300
728 222
826 387
896 484
1144 543
962 824
509 398
309 577
486 313
326 672
375 925
514 413
492 320
248 403
627 298
695 63
397 388
398 808
952 -6
592 381
925 391
529 643
418 682
986 488
1121 280
230 899
229 666
517 834
898 581
532 327
465 236
1111 83
753 451
535 331
850 164
303 821
509 352
945 450
979 388
726 324
529 643
251 311
1051 578
818 279
669 531
480 95
1076 838
439 46
400 663
748 790
293 895
882 833
600 596
961 599
1016 308
964 577
603 643
330 121
1059 284
585 403
815 149
888 516
641 600
929 403
642 801
810 636
386 936
684 417
174 429
1089 188
683 867
589 717
596 694
983 219
475 609
206 553
635 824
1104 796
756 474
765 538
524 792
406 443
911 478
729 580
571 519
613 690
909 950
515 184
304 49
890 839
174 292
564 236
923 803
727 623
998 975
363 865
775 348
694 86
838 491
515 583
1004 985
328 587
796 561
674 151
976 194
833 557
458 133
1056 143
375 945
968 415
546 809
270 507
473 220
239 202
314 407
616 871
399 850
603 777
550 321
685 437
369 274
553 221
844 702
958 328
351 362
242 115
434 803
845 835
628 632
484 694
452 607
742 429
657 456
972 820
934 343
472 826
375 604
986 330
602 876
319 460
410 506
966 45
402 540
1068 380
200 110
854 182
429 793
479 173
576 298
1048 766
527 196
598 226
313 538
389 237
1000 259
1028 149
496 763
504 806
904 499
441 112
160 513
886 312
874 830
861 415
823 568
568 773
701 217
209 909
286 861
304 372
397 137
810 190
971 687
375 980
996 191
338 423
332 806
755 265
198 383
794 24
637 157
509 112
562 210
587 316
1159 732
622 319
334 447
376 336
598 765
407 455
1138 573
968 932
960 329
937 747
425 640
227 740
299 775
906 246
485 78
243 853
407 203
219 1000
369 227
1073 116
229 460
818 305
282 438
430 606
282 920
232 237
263 962
433 500
693 900
473 674
592 899
717 342
1000 489
843 141
627 733
902 217
349 328
1048 551
645 556
274 801
557 211
921 302
823 364
658 427
935 614
127 298
802 854
924 361
228 422
806 558
323 757
561 702
599 195
780 591
850 99
901 599
506 817
548 766
1075 161
550 252
1105 385
630 517
420 223
753 794
536 818
883 795
533 504
823 604
713 278
334 213
650 890
1060 102
403 984
734 663
449 757
515 738
394 586
866 115
219 178
332 608
695 901
468 277
828 528
679 614
1002 828
1042 96
1011 705
542 591
361 692
571 741
515 137
449 662
512 844
674 1011
543 374
795 468
444 116
942 209
931 88
977 447
388 233
710 116
875 455
428 483
294 900
760 913
557 435
990 882
910 133
329 732
570 593
238 528
1019 212
196 277
485 583
409 919
870 863
340 781
926 772
633 246
178 912
742 569
639 710
843 844
304 347
564 906
1051 603
281 653
879 263
687 92
976 46
403 571
255 189
1010 868
273 600
313 70
1047 587
577 438
1007 549
587 615
575 92
898 465
914 125
316 408
205 420
290 456
347 274
367 889
794 563
287 424
676 667
348 600
949 338
753 262
432 440
813 403
926 482
910 770
607 597
415 390
1038 298
657 370
708 505
986 440
659 878
557 129
197 424
619 83
545 387
279 970
211 650
1034 148
631 456
369 347
585 216
538 163
702 89
507 948
1070 227
965 689
640 597
696 900
648 782
428 171
1077 258
495 914
287 259
813 184
585 14
878 442
744 751
652 542
645 254
972 800
977 358
773 369
429 342
713 649
268 601
1139 119
903 439
1003 914
468 116
403 349
699 540
719 391
239 296
364 668
435 68
496 697
419 628
562 270
898 450
380 806
970 437
1033 868
576 366
591 107
211 425
521 244
442 88
847 948
193 3
812 526
376 928
661 942
630 414
1009 722
1050 385
283 538
177 87
401 58
1012 247
593 926
916 515
883 66
570 411
641 503
292 458
476 717
898 634
806 461
755 413
323 131
624 720
618 559
902 278
502 429
789 492
721 620
960 660
559 359
755 467
233 342
471 714
988 805
698 152
746 737
912 349
426 454
790 527
727 171
633 338
461 681
561 468
472 418
508 445
508 65
859 888
835 727
734 578
334 527
1062 428
982 262
490 259
753 567
760 424
981 368
602 337
1034 262
224 923
838 338
384 238
1103 460
467 764
403 314
900 728
221 797
479 962
456 183
889 808
870 581
762 783
216 842
450 394
765 874
923 462
231 900
803 942
701 793
1128 406
572 70
539 774
878 803
459 336
1037 656
836 797
217 890
639 726
666 363
471 587
977 348
1119 533
430 455
668 703
365 638
478 645
376 831
399 142
869 819
327 520
455 601
468 763
458 795
641 197
759 27
761 636
285 482
357 613
1014 349
303 125
755 662
880 900
1011 745
689 628
984 496
645 511
596 790
886 855
918 563
625 394
1030 609
205 139
881 270
950 278
551 315
658 375
662 647
307 284
448 385
645 629
339 159
464 361
414 904
471 870
432 512
306 881
297 320
293 110
828 120
377 323
535 693
754 249
231 332
255 702
301 107
1112 424
1000 850
331 869
176 847
259 204
483 562
921 896
394 238
996 647
680 774
380 571
853 684
748 974
661 943
703 1034
828 319
176 132
723 704
500 934
558 267
544 85
530 660
422 180
411 143
639 15
999 587
796 645
345 278
291 707
746 500
411 824
750 712
633 100
613 579
817 328
1027 741
300 563
838 223
357 142
825 864
165 448
718 895
771 596
326 725
331 606
818 504
542 198
588 112
720 731
405 607
762 448
1141 216
1016 775
1064 515
924 924
829 448
868 277
198 620
872 58
502 129
922 504
275 70
749 463
710 702
244 643
354 293
529 280
317 305
1045 454
828 344
1059 512
381 721
931 167
232 80
497 867
288 423
926 107
871 567
312 864
266 619
1155 731
898 252
318 194
225 867
562 526
887 531
931 667
574 760
534 285
481 749
152 388
384 372
348 402
389 436
726 737
432 835
971 563
465 213
778 773
1031 764
270 49
1031 370
540 318
566 855
302 159
520 626
808 575
190 383
838 397
1016 394
969 289
327 319
439 261
587 858
732 912
549 372
934 210
826 340
1003 749
586 720
699 595
357 871
866 868
676 803
1029 849
884 131
609 157
354 365
986 522
444 376
316 451
930 354
426 453
774 551
654 805
976 123
702 541
463 637
745 943
735 664
1039 129
897 626
442 654
159 171
253 535
876 248
736 718
320 888
1049 489
912 762
942 396
437 841
651 747
465 685
938 571
384 740
514 539
621 825
575 191
434 837
827 193
679 491
504 167
925 455
835 12
192 39
148 320
481 880
811 254
1149 3
964 735
542 741
835 985
498 236
355 641
639 172
541 807
713 854
596 863
361 765
318 505
824 490
516 6
415 275
696 1013
1027 102
902 624
1068 752
364 113
230 237
166 826
613 798
547 534
523 466
548 938
872 166
630 711
541 295
314 305
261 222
975 594
1043 760
241 290
784 791
454 692
882 811
297 266
170 535
855 849
191 650
795 207
401 553
496 829
252 824
511 872
698 626
957 294
725 899
845 549
1053 762
402 420
249 341
791 856
341 369
1068 263
229 46
927 319
972 686
392 289
204 970
489 437
377 447
859 493
910 861
1104 227
940 237
1132 270
854 611
511 541
458 713
346 712
611 917
552 706
286 597
906 540
834 432
967 1014
821 837
1021 317
264 493
545 120
278 690
382 903
438 260
524 838
613 290
573 736
462 195
284 229
329 134
456 178
380 173
844 387
267 741
1151 182
868 745
863 684
782 112
568 922
858 56
1108 165
724 352
476 250
508 412
561 177
448 588
212 806
282 414
445 193
244 93
621 265
449 336
814 729
1073 124
957 460
475 375
499 343
223 270
234 463
220 812
710 404
728 554
549 255
1028 895
120 988
435 944
1032 985
344 1005
679 865
786 573
636 269
882 1011
889 269
811 357
1074 865
811 756
529 262
978 515
627 481
891 789
527 708
508 630
352 822
573 211
283 106
1013 719
898 417
875 395
1013 496
542 258
543 640
624 546
579 907
329 188
220 509
819 513
812 539
438 798
552 515
493 967
627 434
692 889
616 310
1019 589
137 828
285 226
515 706
656 446
976 531
409 156
865 66
546 822
1071 423
608 849
220 239
797 821
582 703
1036 249
1021 185
676 100
586 305
1158 666
243 650
970 176
639 229
820 762
717 979
1095 212
529 836
1009 846
652 638
439 340
964 632
1036 481
451 543
1026 864
368 357
605 986
823 244
768 906
288 666
1116 624
798 635
418 568
207 768
716 380
340 1005
1116 164
157 353
922 786
816 872
946 632
735 549
466 827
284 653
936 214
255 870
517 747
471 844
925 450
856 539
820 279
286 110
1018 935
606 136
245 726
229 803
752 658
544 216
1128 938
291 286
429 565
1007 978
557 692
