385 570
481 601
1030 365
246 596
492 29
964 562
487 573
851 355
997 768
695 647
662 259
911 222
521 672
692 681
637 317
243 99
765 463
1070 130
366 136
517 323
341 529
665 263
170 880
945 373
697 484
982 931
826 482
911 207
366 413
389 979
915 514
450 879
932 52
761 829
336 473
785 277
965 858
990 715
733 432
348 325
1016 288
443 318
944 824
574 437
640 617
1036 927
897 475
779 158
310 800
1024 722
473 391
151 458
741 515
729 835
900 730
957 856
973 383
217 602
595 744
622 644
663 909
489 262
712 584
659 231
765 133
977 814
299 15
994 830
953 394
443 959
811 683
610 180
773 860
964 827
1050 788
393 869
797 671
665 178
356 290
231 701
1021 481
499 407
1105 896
360 161
776 645
896 526
970 657
875 631
246 823
403 238
206 654
1065 535
725 363
904 526
615 579
402 369
269 891
757 498
184 560
626 802
752 937
396 722
664 470
531 881
321 605
521 347
246 491
698 656
453 464
991 311
634 264
516 833
785 533
659 909
280 93
629 105
958 791
280 543
933 114
565 408
394 526
922 767
935 633
947 383
298 130
925 983
269 649
330 336
1013 898
927 210
954 761
737 480
313 630
693 754
441 641
952 636
774 275
476 319
1026 335
906 446
306 820
981 294
897 314
465 596
623 584
991 494
512 788
942 820
441 281
1009 467
746 345
604 335
418 619
715 423
850 216
201 747
484 436
629 383
950 855
428 784
446 394
692 727
905 78
156 980
466 366
1114 640
630 404
541 494
948 359
1013 871
426 800
733 398
767 807
237 201
1055 163
974 827
845 548
704 896
618 499
1091 40
1090 360
645 668
236 110
633 347
604 903
628 338
1030 565
612 572
394 873
1138 977
231 580
752 688
595 216
881 859
835 845
373 382
355 168
633 254
831 292
450 885
290 200
1031 226
528 702
1002 724
1089 696
867 172
611 593
971 304
513 811
1147 512
351 602
925 732
888 304
619 626
535 511
496 958
353 585
589 110
425 299
906 551
693 650
795 484
476 832
573 590
910 359
624 346
319 150
317 788
392 710
1017 319
302 551
369 764
714 914
1057 573
843 233
312 784
486 654
321 124
721 731
567 631
361 644
552 648
488 133
845 746
565 530
418 828
1067 174
739 551
525 427
606 566
834 275
485 957
1024 152
508 162
1058 743
1003 763
848 241
592 735
897 6
439 888
398 734
632 223
973 883
323 787
909 793
836 589
783 391
575 371
800 539
956 541
481 677
752 875
776 862
634 163
753 512
511 421
741 114
1118 853
819 644
251 669
819 871
213 98
1113 97
841 756
606 846
1034 804
694 125
679 803
909 684
1070 840
577 863
771 532
930 754
351 971
676 968
871 241
381 534
1043 267
769 148
288 756
1001 383
311 923
659 501
754 901
405 169
593 590
566 303
715 669
288 640
981 288
842 796
869 658
1009 647
987 244
1049 958
710 669
243 727
886 865
1004 942
839 238
517 191
138 163
517 640
789 284
377 1001
937 926
407 831
493 582
740 338
849 649
771 206
559 116
302 797
838 395
498 816
962 336
1108 570
602 585
754 824
214 336
628 388
581 490
353 650
198 46
341 914
217 240
748 869
482 850
631 457
800 461
448 122
838 118
503 221
415 83
968 253
677 729
1119 922
542 171
250 133
487 283
493 922
908 661
359 431
1056 554
286 606
859 928
610 587
1001 702
521 595
288 902
1055 240
481 550
474 274
825 436
682 472
693 943
235 717
586 604
977 626
647 466
275 348
289 814
347 511
535 246
320 739
796 466
545 465
347 271
463 821
711 470
706 341
525 666
721 350
616 570
371 808
382 129
574 698
215 645
602 197
369 164
617 698
654 708
329 778
420 256
1015 683
232 754
511 323
887 865
159 617
444 369
997 127
530 292
941 346
468 407
827 616
997 342
829 878
924 402
651 785
1094 258
1078 0
253 309
368 235
558 477
292 776
914 611
265 118
755 443
200 131
710 103
817 877
465 509
724 908
685 279
422 328
959 196
611 616
943 851
642 311
1047 353
938 127
696 957
484 443
187 437
557 363
455 255
791 657
175 701
903 857
980 129
198 499
380 518
279 1032
256 279
952 344
644 561
1045 324
756 602
397 203
893 764
874 245
379 335
1025 343
743 655
798 140
686 508
792 601
248 131
985 431
948 58
172 822
566 869
657 302
339 781
373 890
1074 734
1029 537
286 930
299 379
730 674
516 70
365 795
945 142
572 301
1037 926
161 690
1070 323
628 167
1011 23
1105 742
1088 134
988 472
587 672
467 746
1116 375
839 889
939 229
749 627
452 794
686 588
198 860
490 631
359 604
508 908
970 676
487 761
820 432
435 894
386 845
591 922
496 351
347 733
772 387
221 813
410 921
342 842
787 500
273 336
351 771
530 649
439 382
237 1008
682 292
649 290
284 677
912 174
749 645
266 527
128 498
788 318
443 792
875 194
418 87
721 457
457 730
930 222
598 137
482 172
801 891
889 126
972 815
298 916
154 194
568 351
430 693
977 377
603 107
340 659
880 896
461 954
301 330
787 640
735 689
230 2
129 298
772 59
532 237
562 747
690 591
652 950
869 285
163 235
207 251
501 916
912 680
218 7
502 550
600 70
803 438
772 594
316 972
632 885
275 295
522 154
532 548
935 690
932 617
750 759
565 526
335 837
847 592
1090 536
905 624
565 623
406 276
876 153
999 158
609 258
556 308
390 957
853 666
920 848
792 398
793 619
981 448
252 523
428 62
938 680
145 823
341 457
597 397
830 466
439 884
644 685
590 463
938 828
970 456
731 870
168 949
534 212
1114 516
476 866
944 771
840 257
716 483
553 438
771 360
828 490
348 676
1019 210
1021 593
262 277
672 470
909 463
174 665
570 957
911 264
973 450
449 218
299 420
686 856
845 391
894 384
356 532
320 896
991 496
692 556
578 149
543 507
183 534
950 685
628 122
896 729
250 1039
561 273
971 291
783 364
405 390
417 750
877 387
692 161
769 934
1027 683
899 662
669 816
268 115
656 553
1024 726
436 928
854 587
364 575
308 208
696 524
816 275
1016 381
393 667
732 208
297 394
752 252
441 111
312 786
966 582
1019 539
849 467
738 885
417 372
378 380
698 773
682 412
740 804
391 204
1046 239
314 883
836 639
713 173
421 374
398 934
468 772
772 542
852 756
351 322
678 745
749 172
249 718
908 699
294 749
957 307
654 683
907 436
593 179
736 110
562 598
986 611
851 104
1110 440
651 793
308 750
342 878
471 565
393 224
602 713
1056 971
955 526
781 366
1010 458
237 659
228 216
209 519
959 404
779 384
856 659
551 305
444 846
692 912
342 568
907 159
873 276
475 847
171 330
909 723
256 114
264 941
679 607
859 702
178 479
508 168
1032 232
754 316
435 370
1063 955
452 537
1084 926
813 499
393 523
296 205
698 200
1035 380
442 888
963 123
664 535
823 172
314 824
186 274
887 225
492 186
435 286
712 309
838 894
829 627
396 584
582 114
301 664
580 404
1009 495
689 88
483 781
472 86
651 679
1092 585
462 438
428 825
376 604
365 165
840 647
453 874
710 443
359 700
484 882
558 765
928 741
402 478
805 977
565 465
399 287
442 107
979 485
751 186
1000 100
1057 127
348 728
285 105
1002 607
395 390
454 843
378 310
685 517
742 696
1046 142
950 745
661 756
747 785
733 481
1052 978
246 120
832 403
750 211
295 541
607 779
483 447
217 805
1062 603
839 182
282 966
525 589
514 624
928 710
1075 912
362 938
1064 227
621 868
601 570
487 263
616 315
799 164
296 534
381 7
201 247
599 163
539 173
1023 459
641 794
975 428
386 793
390 959
543 725
1035 519
828 879
1008 804
515 483
662 84
337 443
450 571
385 658
423 801
377 748
459 122
978 736
479 610
487 768
347 930
266 723
792 357
281 551
456 782
784 252
1089 651
1011 575
944 125
889 683
604 661
374 215
632 244
682 465
876 311
588 388
685 406
389 897
406 678
984 122
742 872
283 787
753 418
180 512
715 33
879 614
396 825
608 702
651 183
708 570
270 50
620 702
602 333
243 360
781 887
152 1011
390 707
367 500
871 472
166 623
718 473
607 180
1009 777
713 731
301 416
490 964
655 547
871 742
561 456
921 245
327 532
313 805
542 8
742 852
227 698
1003 908
743 792
768 875
548 408
365 675
733 508
396 35
1029 954
877 827
953 813
761 480
632 408
701 79
557 532
754 165
251 645
724 978
222 905
287 759
1082 727
405 280
503 222
630 522
544 651
546 566
410 225
831 795
720 677
252 605
880 444
316 151
268 396
704 481
664 415
1010 407
258 274
855 556
582 334
756 824
216 587
501 328
261 65
732 981
549 623
846 838
732 446
628 122
271 928
456 87
1043 771
271 360
613 531
413 145
250 130
594 160
397 236
363 351
583 835
863 652
964 631
860 666
658 344
984 896
1057 749
1017 404
515 108
701 847
229 361
379 103
1060 636
1094 191
643 929
343 888
1026 998
365 576
632 498
565 703
747 248
304 616
740 919
380 22
312 834
506 474
471 227
248 868
675 362
702 864
1019 723
240 25
706 290
886 229
392 652
518 79
413 178
237 886
482 279
