428 543
520 750
263 276
638 602
398 590
490 285
440 181
639 763
441 692
254 309
903 125
487 327
632 349
224 969
942 782
1038 876
941 826
424 224
296 730
248 969
435 801
919 110
953 811
670 231
518 289
387 828
359 738
412 533
334 466
968 216
581 632
308 140
633 298
677 388
921 907
509 821
644 341
471 596
192 544
355 218
412 957
424 460
641 245
747 987
897 507
768 792
945 625
957 977
942 370
1012 287
896 408
615 185
467 978
705 262
438 237
904 82
375 173
870 340
618 691
931 550
623 292
364 81
870 306
911 893
566 572
651 858
794 205
327 820
687 375
958 170
955 531
937 464
1011 753
283 118
175 700
920 917
780 726
1109 287
660 208
875 707
284 769
571 909
624 206
502 826
321 129
1064 284
582 833
411 207
727 443
622 580
826 310
423 196
357 930
625 122
940 596
580 510
1016 806
294 756
824 674
628 340
233 812
885 603
268 687
900 228
809 110
862 521
780 656
813 709
875 202
453 1032
939 244
836 119
854 831
495 331
272 668
1087 487
364 645
216 698
875 690
560 145
502 119
1015 629
903 331
830 422
863 665
843 24
930 467
750 153
338 272
942 408
119 203
441 762
963 328
1011 550
454 741
925 877
772 912
367 497
939 677
559 473
670 288
408 592
1168 200
475 188
929 898
517 898
304 412
1047 313
316 510
732 65
389 344
758 271
957 175
270 744
920 436
528 53
505 407
503 79
463 507
636 171
350 693
644 666
728 784
952 883
233 423
687 288
827 782
360 792
941 797
701 752
949 1028
630 785
858 134
762 326
241 37
749 439
948 724
677 846
587 460
878 642
621 497
263 756
988 710
564 817
945 911
788 422
239 192
321 253
802 515
804 237
383 645
750 739
708 43
268 569
527 208
322 54
190 412
672 269
420 687
508 97
564 421
889 222
778 610
737 829
234 392
729 884
481 715
529 358
841 542
923 246
937 854
150 690
190 723
631 469
629 703
776 608
812 560
929 406
843 314
658 356
243 807
195 233
482 741
989 313
217 409
533 790
891 207
343 188
659 617
726 621
576 964
883 773
239 780
817 370
1034 763
552 390
961 610
268 493
283 267
749 277
809 238
850 635
421 769
955 406
767 467
370 704
564 489
458 174
362 216
918 196
494 833
991 558
241 458
623 477
618 383
1063 46
922 774
724 119
341 32
555 112
752 116
721 785
275 832
284 541
471 636
662 835
702 393
438 318
826 410
738 758
508 117
1126 390
1042 473
204 389
431 862
833 182
400 434
516 263
947 936
392 674
280 769
879 752
659 411
550 136
262 794
485 714
1046 424
865 703
954 551
292 933
634 230
340 59
686 421
431 119
546 847
283 204
923 770
487 732
221 787
171 818
644 737
747 323
466 859
725 154
989 940
673 419
879 453
376 1004
562 294
827 188
388 437
248 377
969 534
426 325
650 591
284 947
554 465
855 652
716 640
955 596
666 759
320 173
376 571
521 402
545 311
802 863
982 266
797 167
391 345
813 196
979 623
205 868
1119 897
966 755
421 124
233 163
998 210
822 286
865 135
949 910
1003 349
450 109
348 486
1025 440
167 607
1008 321
757 981
982 210
886 450
823 890
815 993
919 217
292 677
756 739
672 880
557 279
716 591
716 952
394 290
649 500
990 253
962 685
554 652
598 65
601 235
444 442
1051 856
530 794
594 581
875 926
590 736
718 221
635 691
701 743
922 265
851 869
249 235
787 765
1042 821
362 874
633 693
605 315
635 344
455 842
790 874
505 685
516 688
897 438
162 66
188 522
278 105
815 565
220 130
652 246
368 543
750 943
252 418
886 258
578 735
474 100
442 604
226 74
767 618
1154 52
1106 519
850 337
1114 847
478 782
495 666
365 999
575 941
851 574
300 735
424 678
732 180
306 507
961 172
754 449
1050 432
608 938
504 820
398 853
783 200
934 576
307 401
461 360
393 937
743 652
850 839
1009 551
323 82
828 752
978 615
540 225
568 721
740 711
273 809
271 720
293 394
796 80
429 142
486 214
780 393
844 551
441 901
981 578
996 287
672 544
172 419
837 866
335 718
1043 523
1006 268
328 656
626 706
992 614
472 69
993 114
574 648
454 725
1016 618
533 580
813 944
232 365
234 929
718 105
261 439
348 528
248 1003
742 453
194 471
689 545
483 210
563 672
402 366
729 184
187 554
870 826
654 755
414 889
533 574
953 394
388 334
208 744
352 393
565 174
463 777
914 831
284 42
893 829
649 144
1035 55
548 641
847 453
350 98
529 137
1024 658
503 357
520 391
515 342
993 500
345 553
418 106
625 605
446 66
849 769
273 557
226 306
777 418
654 624
762 745
729 119
682 839
715 424
837 469
202 853
634 853
707 552
796 535
604 274
1012 905
413 668
826 785
727 904
444 402
709 293
900 592
1030 841
531 630
330 789
957 340
953 412
786 775
138 301
803 545
970 582
286 825
356 648
291 760
737 836
363 549
654 445
726 798
678 200
731 460
408 862
670 510
753 371
548 643
276 856
970 317
936 168
388 201
209 344
276 840
945 286
806 216
528 234
245 404
423 692
805 70
478 313
1062 648
1131 735
678 160
322 587
899 176
652 954
573 538
749 332
668 782
546 130
496 179
317 747
665 636
890 626
504 411
483 278
1041 103
913 417
363 604
398 206
907 167
599 158
428 386
1029 673
625 259
525 648
635 753
744 104
1089 35
901 895
427 672
634 618
469 169
1013 289
919 633
629 627
977 823
153 360
1112 439
525 819
363 522
747 303
791 810
976 6
1034 225
1074 516
1106 424
428 561
1059 735
561 565
511 913
905 503
526 785
416 376
387 397
770 771
402 331
341 209
284 636
802 728
449 633
735 282
136 559
626 802
465 787
849 373
808 822
432 444
811 433
404 207
501 923
344 572
761 421
648 947
601 98
180 935
1091 175
194 73
1038 344
396 953
458 404
523 366
887 154
531 381
885 796
1071 606
289 368
252 607
542 985
971 406
697 365
643 359
971 353
436 622
460 266
493 675
773 704
424 993
574 741
690 50
957 613
1054 447
1030 127
416 748
418 202
612 162
1074 92
364 795
998 842
745 506
857 144
700 469
155 988
370 466
166 240
1057 385
666 101
664 617
1057 131
395 305
311 657
729 83
447 937
904 88
483 642
508 835
372 400
878 160
679 346
692 211
382 472
427 560
624 800
765 573
880 86
1036 215
523 877
260 416
802 716
292 936
246 622
553 83
932 597
911 195
163 434
664 888
821 427
598 328
498 317
963 829
629 89
874 394
721 312
200 56
613 359
1071 715
494 685
567 693
708 385
248 940
970 607
983 336
346 556
548 708
716 878
774 312
247 718
403 448
886 204
596 739
881 833
334 365
549 891
734 895
581 452
837 883
739 944
540 355
385 333
748 376
733 675
261 72
798 446
516 574
1146 381
284 399
637 28
1121 -1
611 151
1087 745
785 716
380 584
634 613
399 722
677 928
378 795
477 659
642 453
295 348
929 271
448 695
256 308
464 433
995 839
614 688
878 484
866 380
188 497
668 111
547 197
146 43
1038 953
363 511
212 133
1082 326
1161 592
898 809
947 800
475 790
268 287
813 755
977 151
459 407
470 457
897 699
631 694
578 855
455 736
949 737
982 65
418 198
140 218
599 199
896 531
603 372
486 523
573 97
941 736
765 540
619 366
815 708
719 451
558 192
349 171
844 392
1043 847
352 584
738 300
307 701
400 215
318 852
434 774
939 277
948 523
988 143
538 378
546 622
413 920
704 213
1047 574
1010 326
750 871
548 704
421 361
374 126
645 293
828 581
606 528
942 393
658 784
709 252
649 577
649 708
860 696
214 517
558 772
876 463
643 868
758 643
623 737
825 392
922 968
808 759
955 625
488 360
739 485
1034 498
1029 932
918 983
787 151
199 167
905 649
608 849
797 918
434 460
299 189
788 969
781 204
273 205
317 205
711 245
599 501
248 144
587 214
708 241
1069 306
838 243
592 470
643 738
897 788
205 937
881 556
594 415
623 869
394 396
1014 305
480 1036
696 522
536 315
716 928
971 439
647 819
778 697
462 148
829 177
339 787
784 460
1091 721
912 424
716 727
923 152
593 352
984 142
903 331
258 271
842 760
283 91
689 248
759 98
611 704
320 119
765 140
248 540
936 263
793 311
700 440
710 253
862 84
198 1011
460 785
612 686
494 82
685 916
643 306
196 96
995 887
719 785
473 512
1064 858
302 640
660 836
681 829
545 849
834 854
705 22
987 404
1044 951
1090 573
910 286
201 1009
658 774
1008 351
1064 311
476 260
725 382
782 806
935 181
469 98
627 663
953 818
678 436
741 116
298 160
753 807
534 644
279 807
808 890
313 505
329 269
214 24
694 425
325 308
816 675
308 670
383 636
711 640
521 454
301 268
721 702
493 154
740 505
641 219
281 394
252 786
806 376
628 834
911 637
950 744
948 909
631 510
682 425
409 223
1094 664
1048 888
708 709
243 427
582 126
681 437
928 221
371 625
493 710
810 789
338 242
771 817
783 854
1077 836
1059 290
825 925
788 874
638 681
794 154
652 534
608 368
123 934
959 728
695 795
257 129
543 704
