692 111
855 877
338 779
185 984
660 251
502 898
167 525
173 303
489 814
352 356
545 115
921 454
743 888
807 199
800 760
420 742
933 895
1075 128
833 346
607 53
405 476
961 320
795 679
277 598
658 588
569 233
591 535
809 358
557 662
894 888
599 669
852 752
404 880
658 650
516 703
622 775
249 579
969 586
1094 734
1089 149
288 307
515 262
657 842
417 851
119 3
1025 263
1043 172
361 308
233 551
650 138
976 462
974 784
537 436
245 256
216 246
240 478
525 682
878 835
765 496
749 452
822 278
143 -27
807 286
864 818
818 276
320 735
591 335
451 245
420 801
1004 721
206 84
1095 799
270 95
268 648
624 148
861 926
799 636
477 137
384 874
944 549
228 919
955 897
965 771
619 1033
736 629
1001 410
332 463
839 369
906 519
1005 735
1035 328
941 660
719 989
807 914
662 318
707 1010
926 128
586 806
943 401
756 782
255 221
193 623
394 114
938 923
921 921
241 809
676 896
432 851
623 483
465 460
416 668
247 399
932 897
680 278
270 936
1050 816
287 466
428 898
334 470
755 493
698 240
253 486
742 776
379 884
965 571
439 142
293 575
255 401
972 996
467 886
449 342
490 823
565 788
344 281
449 364
1057 905
615 500
276 529
371 411
334 358
605 837
434 829
1098 416
299 703
809 369
547 567
1032 625
517 975
345 864
232 293
707 70
872 609
397 360
804 888
704 886
703 831
605 131
873 654
1096 843
1031 612
876 814
703 439
631 441
481 516
519 771
654 316
316 657
439 413
748 349
865 877
419 553
920 58
352 416
867 811
902 335
571 120
624 736
1022 777
497 461
647 860
230 934
800 334
762 791
705 328
875 875
682 623
1098 764
791 352
1023 315
232 50
1092 106
959 654
556 416
581 741
472 523
291 881
1095 584
314 714
967 787
516 458
588 812
867 445
264 566
316 29
226 768
459 148
460 606
492 663
517 507
364 371
1017 872
899 55
950 525
284 477
697 928
644 420
748 890
1073 131
964 182
448 498
265 826
772 763
186 882
314 261
316 831
307 630
424 420
673 368
854 578
177 557
792 296
416 291
909 160
357 289
1172 885
792 538
598 863
291 231
807 774
751 847
961 276
316 577
823 230
458 719
995 223
951 113
976 147
414 267
529 270
671 784
418 435
493 115
247 920
759 297
767 548
1137 841
493 370
493 269
700 562
631 852
520 615
968 495
520 671
632 419
306 290
232 325
967 504
671 901
675 279
590 589
286 105
920 376
409 757
839 269
464 702
594 369
242 131
694 396
290 743
951 172
857 357
723 864
699 281
620 334
665 154
889 210
314 649
750 998
937 823
160 1015
495 365
286 182
308 830
312 781
835 931
872 540
1038 62
637 680
896 847
902 252
727 1015
825 758
1030 347
289 356
499 217
692 279
230 543
779 74
450 468
1055 825
816 935
497 201
1078 879
1060 667
238 22
358 790
980 105
647 43
840 90
307 697
1107 217
931 679
555 711
456 470
988 596
958 664
495 829
389 360
769 -1
517 427
790 433
522 380
930 227
313 804
1001 266
422 168
683 824
684 308
840 938
332 972
341 529
435 537
555 579
463 439
964 695
967 217
316 851
490 545
239 1001
1164 311
1025 880
877 716
886 110
566 492
296 141
526 257
673 574
843 553
906 503
844 556
642 223
446 652
701 251
334 141
571 212
1042 239
786 849
222 96
207 399
847 347
416 376
862 243
1048 519
510 765
831 713
362 102
491 408
591 948
617 810
934 400
193 850
525 290
930 272
605 857
1085 714
1051 192
401 824
825 314
834 856
620 907
948 502
810 608
851 205
895 259
807 552
479 142
314 546
677 826
468 171
730 962
673 860
356 372
782 799
794 724
1057 710
1001 743
915 644
1070 385
315 512
314 611
446 128
640 336
509 284
324 846
277 38
375 449
911 946
403 204
656 405
1013 497
1020 961
956 914
512 371
826 113
280 843
1073 1019
800 774
682 160
1155 899
1018 383
595 911
709 190
1065 284
633 218
306 767
376 827
528 478
463 420
1040 944
532 804
859 251
987 250
335 288
534 794
976 277
880 456
599 438
1128 416
1068 681
844 351
952 214
578 768
878 571
491 567
566 854
351 755
791 260
511 945
313 544
778 448
317 931
783 626
517 778
989 468
953 942
343 716
664 143
992 770
282 669
326 992
807 946
1031 722
464 640
918 422
637 719
737 379
332 153
197 811
575 420
749 297
615 528
594 314
734 661
501 431
324 253
208 864
293 795
1118 223
625 928
944 762
1024 621
1008 188
879 1017
821 710
786 729
220 962
522 744
694 303
338 216
884 301
748 961
929 781
809 692
1132 43
729 147
1048 63
346 500
410 735
731 410
436 714
1013 808
264 280
657 446
790 494
878 753
1047 606
884 472
868 611
1088 838
435 655
289 760
348 875
1016 539
198 943
188 604
670 215
806 636
1015 139
349 454
190 325
439 665
443 456
576 523
374 709
1005 53
473 786
518 490
530 672
963 127
571 525
186 59
306 323
461 591
597 888
401 778
867 783
716 579
398 215
231 568
1099 790
895 614
668 705
317 894
357 592
976 742
614 864
630 273
1029 539
829 815
754 934
716 873
489 821
1041 271
501 944
482 736
968 658
454 887
1070 485
253 925
1124 697
531 558
641 642
1008 526
592 436
656 916
543 782
169 677
666 568
431 155
810 925
637 544
521 322
938 199
777 638
355 482
381 245
602 701
1115 263
722 829
497 936
605 363
1074 298
677 889
1069 874
645 890
235 567
613 175
831 774
225 586
579 767
327 815
173 607
1094 465
722 843
613 202
244 67
647 255
405 819
791 145
224 759
204 126
536 33
304 277
954 346
979 353
997 421
210 329
646 933
674 357
710 294
883 280
322 698
524 792
1025 1018
787 607
458 377
306 432
419 899
1157 100
401 832
313 873
716 785
679 371
491 906
861 601
354 801
1101 850
349 534
566 672
803 347
646 538
584 803
1064 431
582 435
337 235
169 66
747 362
136 809
916 766
378 861
922 725
803 861
909 68
531 205
454 594
531 268
550 855
685 602
547 92
623 710
1017 527
489 573
297 271
1141 55
757 719
1032 884
929 107
301 251
145 386
685 422
1028 481
957 600
945 302
966 376
711 826
264 750
907 619
207 983
626 440
507 771
288 342
264 928
916 901
526 955
464 617
692 762
548 725
311 132
580 536
794 503
936 588
753 257
542 493
834 516
288 159
347 859
976 877
563 235
954 521
466 508
967 819
892 287
405 416
125 697
295 360
276 860
1022 806
185 290
602 190
583 419
312 852
447 921
414 451
963 926
642 358
564 723
370 336
778 847
557 344
269 799
976 191
701 683
796 839
294 120
774 989
783 843
339 434
483 733
241 852
933 469
758 563
455 924
533 146
671 1009
209 359
549 762
271 194
416 408
407 975
334 379
705 618
289 588
630 751
399 387
946 326
800 557
217 58
1027 893
575 501
942 788
308 743
370 128
447 239
620 452
519 362
350 249
581 465
517 920
988 374
787 534
316 563
774 150
139 137
966 612
349 566
711 872
1002 710
632 495
775 536
879 891
254 196
169 378
427 174
773 642
742 605
436 513
752 649
840 839
538 147
600 212
599 290
501 553
728 282
616 576
236 710
342 818
198 428
900 903
458 666
207 582
780 396
671 952
607 687
616 452
948 125
597 729
634 637
1096 240
546 714
206 920
339 683
280 467
876 428
931 317
569 777
362 407
960 164
522 202
1067 735
330 183
813 790
511 607
490 394
622 875
293 518
543 186
626 575
852 234
838 544
885 467
535 377
911 496
232 390
339 130
621 630
736 904
734 691
1020 187
256 539
961 365
1030 47
555 473
714 363
729 400
441 486
858 599
234 325
535 686
1013 466
236 791
568 505
593 386
158 372
494 375
989 345
813 715
557 550
289 499
274 752
517 665
248 871
1125 22
605 696
1013 406
739 15
472 634
577 619
834 480
761 514
474 479
561 892
408 334
633 768
713 632
270 694
268 190
358 368
526 905
1053 536
922 983
607 450
1017 407
597 635
323 778
583 838
493 737
531 470
624 752
713 92
273 445
680 526
391 902
907 112
542 488
427 714
596 702
855 548
393 797
1019 89
601 883
239 728
847 820
574 687
571 405
476 240
880 253
821 710
307 405
733 547
511 305
811 674
442 301
869 164
327 682
595 173
109 413
933 505
210 587
529 816
995 168
301 289
1117 169
376 333
780 392
789 55
1027 316
969 513
477 436
943 68
964 218
869 194
988 395
375 323
1029 459
394 687
791 966
425 238
615 496
472 113
636 791
313 214
965 415
884 417
902 624
832 189
1029 304
695 835
426 633
924 566
1040 241
438 397
517 844
248 245
620 935
910 903
893 776
275 296
493 882
759 736
806 464
652 127
663 352
737 821
698 860
881 198
982 225
938 93
251 240
246 180
736 367
997 507
611 256
827 122
1137 366
345 220
1002 922
781 765
631 324
952 213
251 519
422 312
696 876
857 699
1091 901
333 393
812 824
530 672
946 858
551 111
435 906
341 485
874 680
888 481
352 845
278 62
1006 185
749 351
924 498
326 489
1058 801
561 457
375 782
685 635
292 183
362 636
332 371
513 850
551 664
1100 558
1050 720
