211 361
1012 848
304 227
652 807
448 107
845 274
721 815
697 935
1080 898
392 261
404 506
568 324
277 791
428 721
458 245
289 394
686 560
381 661
647 420
482 349
253 695
573 440
460 306
753 207
723 351
1012 892
226 371
1066 581
543 435
1041 451
762 808
771 762
770 684
995 382
718 681
485 206
680 120
653 262
954 835
766 323
722 196
986 82
468 653
370 133
700 954
972 841
227 365
894 716
559 706
465 534
717 436
258 240
795 804
387 808
1009 979
389 121
706 1030
900 960
785 109
348 246
680 873
401 221
244 179
540 380
950 614
744 490
850 161
797 559
272 799
461 310
903 580
1009 589
555 130
1011 725
211 956
672 402
657 458
1126 909
553 590
463 925
236 719
606 1035
539 397
623 441
272 373
1045 925
964 471
910 927
773 686
584 803
431 276
585 374
366 245
945 683
1024 518
905 742
231 637
853 620
631 695
335 312
786 250
382 305
492 136
243 798
945 877
439 638
692 196
300 105
315 719
493 576
909 851
391 440
785 830
334 769
730 858
612 614
332 637
264 523
515 709
530 431
509 306
347 683
755 110
703 500
948 283
316 163
783 910
612 965
1038 566
439 636
1115 393
912 385
587 174
685 640
911 724
1175 640
788 161
675 580
346 248
588 665
550 752
980 746
919 654
716 147
673 791
622 687
519 764
797 452
468 189
329 919
943 634
753 555
865 81
877 193
663 430
878 605
929 594
304 879
813 652
992 858
701 779
840 649
776 181
765 372
750 700
817 832
1045 531
608 691
374 875
454 782
466 242
680 216
961 621
723 314
944 367
470 727
364 888
468 638
515 424
882 383
257 357
343 687
255 679
1036 344
317 661
903 329
995 283
863 448
917 375
451 203
230 625
293 375
855 268
742 183
373 534
291 542
1007 842
349 264
694 706
950 588
382 683
934 126
1035 854
198 616
991 767
480 350
1062 999
652 649
737 595
251 198
919 780
462 296
1015 508
146 146
642 318
496 474
510 173
933 853
597 985
729 993
271 641
642 727
401 679
306 128
559 129
620 468
943 618
275 122
282 266
997 748
514 464
383 170
515 139
943 211
477 844
934 446
355 388
584 96
337 909
758 562
325 465
417 760
996 168
361 170
1142 589
327 792
1004 687
395 377
953 561
381 565
239 351
262 299
687 604
263 307
250 137
896 631
500 495
983 313
261 287
431 189
647 818
899 606
349 376
330 716
292 621
605 815
426 870
541 966
202 581
429 664
655 332
610 913
591 340
682 654
666 181
615 214
980 471
342 458
394 185
404 849
359 114
901 342
202 397
371 631
1156 569
786 691
1075 86
1047 294
666 374
346 95
804 742
428 502
340 712
678 219
725 796
884 976
770 441
721 575
948 146
280 101
861 755
205 738
377 258
390 391
979 515
227 937
478 665
309 363
728 630
1035 269
592 173
473 970
393 682
327 554
950 857
634 896
1081 784
260 197
284 16
373 888
1028 832
1001 498
649 427
652 376
1101 497
261 608
739 427
367 283
154 562
421 567
504 736
544 429
1009 255
301 756
874 259
722 991
146 879
934 217
483 428
858 910
640 857
700 -16
364 335
681 612
461 391
239 681
774 407
576 756
936 796
559 586
657 67
676 481
841 924
833 642
448 410
883 818
786 124
446 693
601 282
706 528
650 972
794 511
774 155
781 272
663 154
393 226
713 122
827 178
381 188
844 673
639 680
323 828
424 109
830 616
834 679
941 98
701 506
335 566
901 744
746 360
849 327
930 970
843 363
942 730
208 365
941 156
1020 985
796 234
433 601
201 195
725 315
962 919
718 601
963 861
515 182
729 322
549 151
194 103
612 621
899 282
1005 173
625 647
764 764
291 785
918 291
1068 239
762 741
559 616
872 657
850 613
578 476
502 646
632 451
814 422
482 666
956 144
275 748
340 167
682 305
323 815
457 178
153 516
319 508
1034 106
268 271
709 835
626 944
654 464
954 653
904 489
266 665
247 265
726 515
675 809
349 718
870 502
325 508
725 359
613 827
898 210
240 713
979 908
878 446
623 205
1004 64
451 386
1021 266
723 968
579 286
413 815
556 442
665 293
730 90
747 239
662 818
350 699
744 434
1059 483
562 219
699 652
804 793
775 583
295 315
495 378
440 239
781 285
464 603
758 528
489 340
600 937
402 186
366 489
1122 154
823 243
543 406
683 641
929 774
794 412
496 729
293 290
452 125
1096 788
409 363
650 780
857 958
517 161
726 804
427 598
617 487
802 914
886 110
752 295
638 237
1025 511
704 304
770 70
613 538
483 244
322 689
795 342
926 602
1107 822
490 550
462 845
291 125
268 216
893 264
553 57
798 577
631 121
178 431
714 491
301 830
303 876
492 207
491 419
727 338
390 268
1023 895
390 851
852 512
364 647
996 327
522 263
797 -11
937 649
1005 343
735 62
819 580
791 9
766 769
567 745
857 402
226 792
650 825
552 197
976 697
672 435
346 376
911 598
521 131
1098 985
628 273
445 491
785 149
621 218
553 285
793 870
156 765
601 217
996 429
327 133
594 493
501 264
1020 996
946 890
351 424
371 417
255 461
246 404
198 719
911 518
904 633
735 593
1123 195
821 407
723 425
960 479
723 193
861 595
1010 894
537 552
500 665
1001 187
289 659
1053 800
596 252
514 650
558 676
1010 625
302 657
400 217
343 458
1015 474
477 594
580 798
494 83
850 712
260 357
265 955
997 266
872 690
1081 667
843 488
391 633
1101 950
455 413
528 881
598 381
666 118
556 829
789 402
541 130
488 303
640 198
617 426
207 323
729 471
497 728
931 958
1041 305
505 723
687 398
558 278
193 929
820 314
415 48
432 123
756 125
298 0
626 638
525 445
378 462
855 878
868 153
480 715
414 -5
783 384
1109 722
767 503
939 551
240 345
400 898
724 558
618 874
807 117
447 154
988 634
323 658
782 908
879 892
550 174
955 549
465 384
1103 554
787 280
933 903
799 100
539 101
881 364
461 390
645 117
987 903
980 702
878 698
465 572
206 844
261 679
982 429
355 159
717 809
536 126
161 860
485 180
465 779
1078 346
831 283
329 310
608 569
746 95
852 378
371 171
436 323
194 262
699 961
138 576
113 917
1171 134
478 982
273 399
771 687
1141 399
368 536
303 461
730 556
1051 132
244 530
598 377
205 796
501 735
530 883
723 915
535 172
506 251
904 620
1013 368
584 585
476 848
555 415
833 576
176 498
192 645
933 449
441 304
1034 60
641 863
608 242
860 936
332 637
902 140
457 304
857 704
424 885
271 782
294 141
954 244
1010 929
303 61
294 407
387 713
856 769
449 464
823 749
230 751
864 387
834 975
996 842
420 700
917 200
634 447
533 382
637 766
535 445
727 518
316 847
979 806
436 287
993 454
390 454
870 847
1022 916
210 246
910 913
736 667
459 186
780 114
635 718
436 290
894 792
810 764
349 568
964 423
714 634
632 891
588 358
391 313
386 786
1094 640
793 864
652 385
844 846
709 232
651 450
767 462
866 870
344 652
709 98
820 485
986 330
232 109
406 758
789 680
847 320
896 431
450 818
981 793
769 643
641 497
365 647
542 363
611 325
831 978
534 933
791 169
604 362
531 547
775 651
519 153
530 802
813 862
579 363
824 899
1049 528
445 247
805 199
589 636
682 178
929 286
611 510
674 509
613 944
987 629
197 652
390 927
229 701
306 56
871 884
637 282
409 199
115 866
254 335
494 804
308 619
245 542
419 107
988 734
954 162
655 468
272 594
244 561
437 766
590 429
1039 766
917 647
625 494
832 583
1092 76
974 584
288 105
264 790
478 440
511 624
980 190
369 275
376 365
913 194
912 42
657 538
392 255
417 809
617 140
762 788
1082 334
401 551
906 716
1089 480
284 121
246 704
494 857
539 541
674 451
218 278
817 689
154 865
625 217
909 439
802 775
480 911
767 703
1015 623
890 343
629 141
782 736
685 609
295 333
910 398
840 175
960 329
839 251
445 754
845 261
561 855
935 380
182 260
813 557
1102 796
424 353
752 174
292 218
378 552
774 32
826 433
1101 380
718 510
350 311
714 841
675 481
566 166
514 218
488 924
585 414
321 221
844 650
768 254
984 715
369 765
1005 321
871 767
739 150
565 458
716 318
237 307
371 498
421 866
342 288
328 77
714 265
547 180
342 156
317 844
636 749
994 288
857 676
262 416
1020 148
584 270
240 155
362 434
896 351
631 700
441 411
301 240
714 349
702 666
869 365
793 90
349 224
532 137
1007 486
414 409
318 977
501 199
1016 850
913 268
432 239
711 107
706 633
341 500
374 554
524 322
835 312
590 816
117 118
590 450
354 590
877 933
633 1000
578 940
1008 196
591 528
665 611
408 714
1041 974
374 843
511 173
696 738
879 634
749 781
252 670
699 824
548 800
736 463
991 652
287 77
222 740
784 248
283 271
338 390
197 348
409 798
352 760
668 64
1050 97
547 632
220 850
910 910
247 801
602 125
992 905
568 393
974 541
818 370
293 594
351 851
597 813
686 583
866 936
362 308
810 125
977 734
458 303
976 861
913 582
828 392
484 427
916 393
832 677
415 157
590 365
711 771
