221 681
968 477
733 921
904 849
992 764
152 369
239 153
728 156
191 837
941 814
790 893
886 642
726 585
791 226
940 240
965 180
613 871
739 284
816 889
611 668
833 336
420 762
534 517
497 850
656 588
493 351
1136 874
979 900
780 802
577 971
1007 819
1045 456
1002 691
883 76
1039 176
870 471
842 570
670 337
238 388
634 794
776 851
973 503
744 860
438 967
384 70
1139 443
365 195
918 122
372 924
532 606
392 960
646 887
930 821
1047 289
799 653
1026 368
217 241
381 36
427 180
343 742
592 814
368 971
326 965
808 845
671 989
336 220
628 631
339 761
602 215
840 649
896 270
672 684
204 421
728 716
922 595
590 579
616 400
149 779
329 883
373 564
652 209
340 293
1000 780
287 613
592 321
390 745
1001 703
321 503
463 208
867 70
242 776
595 489
689 681
657 832
338 731
522 433
942 418
850 814
1042 805
878 527
216 751
210 366
255 435
807 851
517 583
270 561
614 285
324 566
943 389
532 382
582 770
302 925
528 16
536 420
658 269
351 194
1069 670
279 568
602 668
322 76
407 434
772 899
980 287
456 186
1041 131
984 748
789 853
1016 108
773 750
743 591
331 895
343 326
291 350
571 976
447 343
1075 886
693 775
271 455
293 330
1146 61
723 306
481 738
403 976
287 164
404 556
1003 585
944 902
709 325
1051 375
278 295
421 322
376 334
132 87
813 471
370 978
280 598
884 552
532 677
965 311
777 257
1104 939
885 563
984 861
827 377
344 217
781 394
583 732
434 891
853 806
252 518
1140 567
373 109
885 873
928 873
1103 730
647 257
511 754
743 398
525 939
307 514
299 213
272 317
344 732
553 343
355 314
874 4
223 297
849 941
361 392
271 215
825 393
638 205
659 350
664 134
955 497
379 773
892 612
548 113
422 776
945 379
435 754
951 492
131 10
956 835
716 119
766 197
586 459
262 580
432 877
981 761
222 791
600 595
930 449
1036 746
982 943
620 766
421 526
910 194
206 841
549 452
240 350
912 644
135 884
1044 429
497 630
836 826
248 718
313 230
695 267
343 396
228 448
361 487
755 663
390 607
255 676
1135 662
865 201
728 87
395 890
739 444
197 110
348 288
507 678
300 178
325 867
1048 91
956 763
431 264
202 190
771 913
224 674
503 176
216 573
633 764
668 334
804 305
286 802
271 507
269 432
375 462
896 380
917 878
906 512
695 649
457 809
290 354
751 820
585 175
229 129
514 446
765 820
508 227
350 621
834 593
450 555
779 164
437 905
455 639
507 878
1149 50
463 531
537 404
475 780
495 936
690 98
260 896
195 83
640 287
372 92
317 406
615 707
459 616
1036 461
352 634
1083 480
738 873
562 394
880 883
847 832
517 768
296 236
932 954
322 513
154 121
428 734
1095 503
978 717
229 214
599 423
1096 1011
954 246
860 733
1105 39
1036 673
255 238
715 669
788 426
307 306
918 616
527 778
432 342
780 209
144 347
1033 266
908 704
365 486
966 725
925 756
844 276
546 46
536 51
366 90
261 578
465 492
688 923
455 922
733 361
888 686
341 795
344 268
290 37
198 526
205 162
297 331
885 297
915 169
440 848
633 644
642 737
500 308
218 623
809 538
930 340
297 517
338 32
541 797
605 153
522 320
360 843
358 540
695 922
606 518
293 595
988 971
384 277
522 688
217 219
1049 979
641 874
1036 446
233 915
838 252
490 148
867 514
662 311
959 896
706 655
293 221
955 269
1097 346
797 624
1123 795
962 389
643 463
353 283
344 850
679 363
902 470
859 441
923 526
587 351
763 624
531 743
752 342
677 407
332 587
714 899
912 192
656 169
344 776
399 342
539 503
193 614
267 692
945 531
339 139
544 609
394 740
543 377
183 125
441 573
612 299
325 848
576 377
1133 695
463 744
271 751
307 101
545 236
354 118
807 288
280 432
328 532
341 357
774 403
970 799
495 329
285 611
745 171
566 277
579 90
775 731
419 603
626 251
109 781
214 219
843 128
705 806
969 422
1122 350
637 927
841 250
788 535
389 253
1006 623
768 169
687 63
914 131
996 647
769 223
1029 774
1028 741
671 86
713 945
552 505
1029 288
999 859
735 896
256 458
913 565
608 496
702 823
263 581
322 154
430 373
938 823
344 778
240 153
865 440
726 588
789 752
985 743
495 642
383 662
608 305
868 307
969 193
916 130
843 351
337 41
657 651
563 404
218 371
767 859
299 497
1052 471
953 265
815 197
652 17
290 205
909 29
768 265
125 735
429 150
491 552
486 194
578 249
698 900
948 372
501 244
871 426
598 855
334 824
599 361
387 291
207 286
229 894
830 81
805 851
1077 64
811 760
295 897
909 337
1036 621
902 205
607 446
479 316
1009 309
780 218
593 331
367 94
733 846
337 228
333 749
814 767
948 394
141 458
251 747
888 713
112 920
858 447
635 747
187 844
818 826
647 756
447 403
738 314
590 853
878 130
984 348
282 934
668 475
442 826
288 890
561 875
704 560
989 219
1093 660
217 69
723 46
994 457
898 888
566 891
865 116
292 698
628 633
527 628
916 365
481 367
943 901
266 61
241 653
299 613
301 278
988 529
490 727
286 566
969 881
713 249
857 885
1062 173
665 499
606 241
912 296
493 735
435 367
749 797
558 217
261 604
395 631
551 911
234 1028
445 586
347 842
215 446
738 881
690 394
969 719
905 680
200 134
1013 123
239 331
948 359
624 248
833 752
270 827
833 137
639 517
994 622
558 947
909 104
328 226
976 126
718 767
404 363
646 173
454 714
646 90
706 704
220 509
494 144
273 989
377 201
981 543
207 692
444 53
842 242
409 486
965 502
909 178
872 261
476 187
418 599
506 721
791 287
1110 203
188 466
378 969
863 136
779 943
283 267
546 145
482 654
399 842
1111 703
874 815
690 200
201 648
920 716
538 233
613 741
785 557
948 224
744 304
761 116
500 839
428 221
696 738
262 323
460 843
206 569
437 873
455 863
482 264
238 366
1075 951
483 570
563 292
1125 417
467 791
906 690
708 573
531 360
944 744
739 448
1105 62
449 735
1138 287
355 822
815 516
374 386
1051 82
1070 464
1111 745
903 161
209 505
491 635
288 380
551 195
1126 521
484 316
245 488
554 433
584 233
818 762
1039 550
272 821
229 511
907 351
979 611
426 904
1075 773
788 371
824 363
479 152
930 741
1097 482
269 617
556 445
954 665
539 514
442 92
446 481
919 556
163 412
318 899
308 581
350 156
1015 145
313 143
569 669
801 431
600 66
574 585
719 516
738 757
944 376
477 547
592 523
572 499
418 129
421 512
816 386
435 452
386 909
545 926
576 228
843 647
257 641
423 289
493 595
343 339
860 274
562 232
524 253
240 347
218 92
962 315
714 124
924 684
775 730
166 981
998 477
417 809
443 388
320 570
823 327
558 922
497 259
621 631
535 462
356 156
424 413
1023 853
810 962
490 320
995 307
639 915
945 618
433 641
781 329
1085 591
437 490
396 897
730 421
905 461
646 490
353 329
649 126
441 272
826 582
261 624
550 501
1082 716
819 817
497 315
636 270
506 531
742 667
1012 188
636 102
315 508
156 821
539 274
347 90
952 286
1039 200
544 405
627 893
776 307
147 603
538 879
756 564
563 300
536 594
875 984
998 602
338 464
502 422
954 331
843 906
887 272
830 384
695 319
343 441
331 303
652 824
941 440
244 398
749 610
677 312
765 182
1017 331
389 572
756 799
857 365
460 366
598 754
288 815
1012 498
1143 478
395 564
639 504
327 291
637 777
703 149
235 101
204 713
445 741
519 294
570 439
1040 811
574 649
797 269
984 746
873 217
1019 380
763 800
302 293
987 536
337 314
175 792
817 251
1039 495
303 528
714 432
704 290
313 132
883 679
649 666
519 299
724 171
714 735
857 910
1026 800
316 230
930 184
488 827
773 116
503 889
916 330
1001 618
794 877
277 201
813 559
998 649
1094 751
1050 380
954 433
611 565
536 151
515 366
800 76
550 639
692 218
235 467
1130 687
388 725
348 689
295 455
365 692
201 268
923 6
1000 174
558 718
500 98
663 718
504 205
881 254
553 377
167 444
819 10
475 136
1023 153
344 411
647 418
1125 759
1056 669
653 440
538 356
945 511
272 708
178 635
285 658
447 548
200 506
326 229
979 972
175 734
802 264
454 289
436 395
1113 620
831 861
575 360
818 929
494 263
797 609
405 152
388 146
893 830
947 856
324 234
671 131
244 1035
1046 52
1040 802
328 746
429 266
397 798
690 700
728 557
864 311
421 205
645 241
309 330
279 156
256 819
616 720
658 280
764 445
472 892
958 128
940 51
604 310
198 882
404 233
930 347
303 605
696 620
149 153
333 310
605 539
673 277
301 765
1007 661
655 550
330 521
754 655
721 590
607 105
801 717
292 768
366 405
633 213
508 148
433 289
778 483
834 396
319 463
233 365
429 854
705 396
935 973
599 244
201 811
545 612
180 505
1028 567
380 420
719 663
618 949
289 92
972 538
726 296
864 179
282 693
463 399
873 382
1040 722
1032 433
586 220
823 722
274 814
447 768
849 507
577 533
523 722
425 244
606 830
