887 492
974 912
948 321
586 742
285 838
179 -18
695 195
971 114
700 633
269 538
1094 892
578 811
639 58
455 206
585 144
822 465
441 623
1010 527
1121 284
654 407
1060 285
344 368
538 602
787 114
578 400
1078 691
508 412
416 127
1138 908
748 719
243 587
490 247
596 111
976 935
458 283
853 636
322 671
908 691
851 8
714 494
271 752
456 926
341 93
854 858
662 793
185 570
364 503
468 642
1042 816
687 400
641 414
842 841
266 90
159 497
925 482
375 534
981 574
972 693
778 354
841 338
1057 94
735 727
801 388
334 243
219 626
872 129
905 829
859 680
851 236
275 80
370 125
832 443
1042 446
309 539
1062 582
770 614
279 424
745 681
271 615
478 778
836 270
893 660
1022 427
209 246
581 885
732 312
868 154
250 488
597 417
841 728
913 445
174 546
852 945
370 362
699 662
662 867
1131 252
321 147
1033 160
591 397
150 658
344 403
958 905
310 309
278 87
1061 149
722 695
773 241
208 755
1068 728
357 850
1059 599
666 684
988 584
476 891
501 147
968 823
1044 917
755 432
735 221
420 705
465 571
546 862
812 581
779 153
514 418
969 455
443 830
735 529
714 288
437 775
506 573
859 534
562 687
1175 653
861 202
1120 632
577 218
317 609
179 219
474 592
279 764
387 154
609 894
969 332
999 379
994 820
516 310
788 729
1069 31
492 490
613 595
792 466
684 47
775 88
851 93
846 936
531 370
637 705
838 624
979 567
290 687
569 532
514 586
208 42
475 586
502 751
323 486
810 670
780 419
799 94
754 354
226 922
655 477
1098 655
441 504
311 718
545 707
279 920
1084 474
1027 866
291 454
652 221
1016 683
717 577
218 705
727 606
573 244
789 781
289 438
570 650
938 820
708 641
1033 931
880 96
611 987
696 569
527 35
645 287
763 327
1079 697
678 527
699 296
208 523
936 359
685 543
958 456
916 448
429 288
491 435
1093 828
586 576
287 468
810 543
441 125
1113 254
162 71
1008 849
651 538
488 1016
291 561
499 649
730 158
932 345
363 406
1030 142
939 674
747 796
812 935
663 722
992 168
963 558
293 562
735 838
1007 961
422 708
390 124
430 781
266 218
870 408
314 61
1055 717
800 856
323 326
901 982
941 636
601 471
553 368
954 70
978 357
956 209
401 526
855 116
566 740
557 326
846 460
860 480
288 769
467 -9
913 391
784 961
962 267
334 114
454 132
816 581
1008 183
650 214
224 910
526 525
930 369
551 907
928 460
1088 780
178 662
891 639
651 203
404 28
896 114
780 923
181 115
839 510
1015 294
893 213
969 643
328 699
543 173
527 671
435 800
686 107
886 217
1040 619
405 738
334 754
777 530
593 142
907 974
736 205
811 612
407 658
886 473
920 663
819 527
232 405
633 593
229 520
1119 967
158 332
867 350
245 421
898 192
1058 152
342 100
1003 730
573 599
471 446
603 371
198 808
780 169
368 614
919 518
697 263
248 804
832 33
842 525
953 597
1060 214
631 839
724 583
430 853
877 813
180 653
243 716
869 306
349 279
830 466
1117 357
1054 268
1128 539
1022 868
534 695
314 132
1033 376
920 76
432 212
224 541
430 47
314 908
1073 470
330 30
568 682
1024 380
819 376
709 436
905 772
529 570
1012 822
622 106
502 742
224 399
451 591
248 331
672 597
261 840
711 893
469 539
302 552
317 691
861 825
157 665
499 362
776 405
990 856
529 548
852 153
237 834
596 282
248 137
552 893
646 480
367 681
713 936
864 174
928 700
1142 985
883 745
473 599
919 199
591 752
221 150
210 323
364 821
453 536
535 581
524 770
337 676
215 474
375 786
400 912
479 285
481 238
634 799
695 624
333 826
490 380
387 406
809 525
499 1008
270 40
465 859
869 252
797 539
945 448
412 873
306 432
450 743
854 761
553 583
230 764
389 433
291 751
226 911
904 375
785 447
677 66
604 556
618 480
461 817
129 515
739 305
725 900
248 651
279 834
403 414
927 406
791 497
539 276
310 757
1115 244
294 295
789 160
596 803
809 360
529 658
542 791
577 423
630 741
271 221
337 190
358 69
886 976
713 396
538 357
717 977
823 511
236 641
595 684
1127 991
1021 396
651 310
611 434
561 837
210 788
532 161
386 594
613 663
377 583
598 186
831 430
1076 855
286 161
749 700
1081 234
930 580
413 119
686 570
699 867
231 384
512 750
1145 329
937 226
253 199
451 192
372 798
846 527
410 175
404 526
166 157
693 180
275 143
299 467
629 702
857 869
782 282
1055 547
1075 225
561 901
973 233
234 278
220 861
885 212
934 609
397 475
559 536
682 301
604 533
635 309
637 296
937 251
244 612
407 93
624 373
148 867
782 174
348 95
623 623
627 663
946 360
893 944
396 642
612 421
364 655
1079 317
967 880
973 222
871 365
308 847
683 883
826 912
402 445
352 459
349 769
815 788
510 128
542 211
1024 530
627 476
851 380
267 526
225 183
1021 120
440 697
313 734
1039 658
994 222
577 222
522 735
893 814
321 652
755 454
315 122
1044 132
945 97
363 921
483 595
334 318
583 372
1014 173
989 786
952 419
591 465
604 712
1043 481
449 710
366 833
570 878
919 337
707 688
495 781
768 691
863 668
328 598
986 412
755 284
567 682
776 55
948 407
621 181
882 324
209 665
432 212
675 286
958 155
227 786
443 318
988 385
825 113
637 194
729 273
292 917
483 689
1108 282
621 46
298 671
248 249
358 542
461 804
301 674
1122 931
910 218
776 174
444 313
356 807
231 710
594 257
457 810
859 379
901 788
574 655
254 330
632 250
190 635
982 707
190 522
691 67
981 671
358 296
647 188
1076 255
921 125
1025 1021
766 322
571 124
654 311
1074 743
668 754
745 809
253 737
1065 741
751 521
338 305
237 30
398 867
456 645
893 113
813 822
506 260
754 163
1088 67
445 174
508 134
1052 200
347 697
679 532
1065 979
659 180
596 703
293 584
325 87
361 685
458 699
763 628
736 134
355 888
622 135
460 418
598 184
581 285
826 770
1001 729
450 967
909 363
893 274
843 425
262 758
604 934
818 763
1112 433
522 562
248 202
733 831
657 726
641 243
414 669
900 790
910 896
531 254
228 139
282 886
310 702
719 971
419 178
789 881
1023 930
233 666
776 908
754 757
745 84
983 343
492 459
825 75
752 199
305 861
1108 816
265 153
164 448
299 815
322 437
817 99
489 111
176 739
563 150
377 65
1024 142
491 884
220 182
946 542
569 414
465 859
333 538
638 73
317 744
607 190
158 693
522 660
274 875
983 323
1013 526
302 582
213 886
808 368
683 320
902 866
879 633
583 756
552 786
914 313
802 950
935 341
437 725
401 255
164 126
958 499
687 711
799 378
395 391
765 259
179 176
529 239
655 879
242 923
602 727
230 368
656 246
998 499
233 368
660 577
295 628
182 156
321 204
221 738
710 785
648 507
552 93
501 352
918 691
892 657
999 610
857 524
759 185
217 533
531 361
1070 122
1093 763
892 509
477 789
576 616
306 301
423 867
638 536
527 834
336 365
701 818
838 197
911 738
469 898
353 265
565 667
356 975
947 331
715 849
612 645
379 56
1086 372
194 810
671 407
625 820
759 413
897 428
901 499
1090 269
938 222
896 489
885 861
575 208
362 764
488 986
340 575
482 440
577 373
1054 225
862 508
384 832
756 94
1106 510
876 656
1112 942
905 756
298 368
855 368
422 568
1002 303
225 105
663 562
982 725
587 610
252 394
957 95
1076 688
906 358
673 509
831 273
635 727
850 923
716 911
419 662
369 157
569 112
273 347
426 552
544 71
688 101
589 738
118 52
1064 880
345 448
368 527
402 346
593 442
1014 249
647 541
428 947
973 875
892 185
229 472
550 519
1077 662
605 284
948 525
554 641
706 350
625 855
735 566
1051 131
768 280
831 124
601 877
1154 259
575 489
594 890
730 464
274 863
565 574
438 835
864 809
297 572
243 550
489 336
926 644
1003 830
1066 943
566 263
1086 800
826 275
305 556
647 760
376 68
787 126
285 831
1008 747
356 662
320 803
719 387
974 703
689 120
332 918
866 428
715 809
863 229
368 196
292 533
422 589
819 826
650 979
282 127
739 99
339 783
432 229
486 722
889 397
499 238
894 301
861 245
1021 225
256 646
703 232
1090 180
966 501
1061 236
562 686
237 945
451 426
323 212
794 97
213 201
393 810
503 622
731 940
819 685
1008 701
436 129
504 780
951 285
265 325
696 249
270 373
590 300
1051 706
597 808
1096 87
370 456
890 371
855 264
446 432
279 97
905 593
258 563
681 626
570 838
510 121
378 841
442 523
886 207
887 732
436 342
690 876
949 629
675 654
1035 260
262 144
662 583
904 846
420 56
451 897
1004 369
369 278
858 892
998 223
506 839
662 960
831 731
1001 558
557 523
808 858
315 372
333 948
653 250
669 690
708 326
1067 357
1043 660
779 795
657 411
770 898
1140 54
839 448
1011 811
786 528
592 802
298 660
586 346
447 924
691 868
569 637
173 667
791 237
723 226
636 334
548 342
772 657
1055 809
846 95
690 400
617 685
902 765
208 166
1117 61
188 55
947 298
1001 935
513 81
