245 613
816 353
752 106
636 668
449 863
1126 257
592 480
599 871
457 127
714 448
993 166
738 324
978 792
418 451
354 615
173 918
442 302
212 132
779 589
704 411
645 865
454 141
978 314
302 603
330 160
941 469
911 518
721 867
754 228
825 1014
222 129
824 147
870 560
250 259
738 442
408 105
847 558
875 801
239 634
895 845
434 893
1068 629
1016 108
227 870
242 222
1022 436
908 182
392 581
422 315
686 745
830 647
577 851
535 405
251 -10
1131 544
246 465
476 1015
951 420
564 713
907 339
945 891
862 499
661 842
792 108
914 582
341 892
617 690
719 322
242 980
350 310
261 91
314 666
442 473
437 684
189 165
382 829
1111 129
752 147
974 181
549 208
288 353
726 336
459 388
931 674
1022 495
760 679
283 214
1098 817
600 706
652 289
391 297
476 138
605 686
714 233
1064 808
628 541
592 701
427 200
968 606
917 270
870 610
860 602
306 140
603 880
749 843
696 371
690 655
252 662
299 883
709 791
765 185
994 234
862 654
765 444
571 321
766 200
1045 824
834 911
544 356
415 464
315 880
499 77
173 542
749 653
727 627
997 625
476 724
611 566
1040 476
872 324
945 208
1044 120
667 364
595 18
234 655
512 761
210 560
905 702
732 649
901 408
787 158
790 288
507 896
1114 911
799 725
1021 481
681 516
189 99
981 127
448 1034
538 454
629 435
952 860
229 651
965 781
1062 397
376 495
555 96
514 773
292 475
536 325
242 130
820 388
764 128
472 280
1108 288
994 562
634 57
784 507
346 477
902 517
130 328
283 250
773 297
775 272
929 430
760 420
401 851
908 242
662 511
602 227
418 622
401 490
372 873
655 414
578 419
1102 451
635 629
322 873
1022 567
984 278
148 261
334 607
605 340
550 198
1084 319
1012 438
772 145
990 225
414 298
407 917
641 350
466 253
270 295
251 787
335 311
324 717
813 200
843 683
1043 370
525 770
924 954
353 181
903 518
593 342
696 1017
574 680
673 360
881 301
957 711
456 611
218 524
213 751
969 246
328 150
1122 378
276 552
211 27
757 90
1010 352
1003 913
572 748
591 680
461 7
770 933
238 104
523 303
486 92
824 682
810 499
505 164
567 266
487 463
487 111
322 584
275 114
591 460
672 767
931 756
920 275
789 27
270 485
950 620
824 795
457 732
736 351
402 583
703 296
207 841
468 898
521 679
475 485
1002 813
485 691
324 873
658 878
582 480
427 248
521 910
645 800
925 460
415 846
374 463
1066 862
281 481
337 614
866 390
196 253
826 370
344 904
303 300
933 390
639 119
986 773
791 313
936 139
339 562
305 268
949 454
802 122
1114 34
652 576
854 476
668 695
676 376
462 63
648 293
255 469
934 320
284 752
958 928
596 327
323 665
280 577
973 502
681 852
292 879
590 725
856 489
653 553
833 651
466 611
387 791
858 427
555 361
547 736
272 708
429 177
1030 475
205 132
429 464
824 579
136 794
968 632
777 587
397 813
468 595
302 585
522 544
743 134
588 216
660 606
798 743
516 412
684 586
322 605
689 135
545 915
388 917
552 674
270 474
326 665
603 769
1065 388
938 712
470 240
735 376
842 949
613 636
408 145
773 926
571 51
904 406
646 321
803 151
225 427
557 194
477 278
1101 255
623 183
286 700
850 309
814 786
771 645
556 544
860 234
250 665
256 288
1051 570
1030 808
826 771
717 869
408 152
692 423
833 211
273 737
625 819
1016 331
215 726
561 727
1066 464
230 470
1059 242
822 331
851 740
641 225
625 796
973 697
782 541
690 803
281 293
845 950
547 569
952 733
730 879
424 727
375 207
868 303
730 103
478 508
579 803
216 627
536 509
855 36
560 212
478 353
920 523
443 824
830 532
994 543
794 250
615 662
642 564
313 868
1006 250
285 518
488 862
295 1000
847 81
688 509
1037 613
529 126
327 848
986 296
982 488
1009 459
757 866
993 166
494 21
812 492
502 820
411 431
640 315
844 554
523 854
956 557
392 233
360 311
490 318
409 869
634 417
500 843
492 420
813 836
662 485
240 648
895 934
911 941
1030 251
342 410
798 299
974 149
360 400
797 846
1054 455
363 130
561 548
129 346
1067 70
776 653
505 512
1020 261
830 541
299 334
535 119
331 740
941 670
293 685
812 657
715 501
607 313
575 301
420 771
1047 652
855 161
208 216
438 687
522 318
485 89
250 759
752 277
505 554
934 787
228 393
603 199
467 862
256 788
655 664
360 863
517 738
570 960
300 534
494 130
645 296
725 787
634 723
292 266
394 115
953 700
600 358
787 467
783 956
882 719
891 592
955 772
332 684
996 251
549 940
421 939
628 576
961 205
241 870
395 290
900 570
863 681
850 209
667 397
454 128
229 644
816 633
292 275
634 442
1051 483
722 797
842 969
740 808
768 253
695 858
279 395
806 718
1088 906
706 443
567 438
481 799
804 441
507 725
554 257
912 859
647 913
300 520
394 651
1101 677
493 63
500 982
284 312
1107 662
594 240
799 537
578 675
273 337
262 778
544 148
248 574
251 138
531 442
742 572
284 742
379 1006
915 626
491 484
582 820
744 903
792 847
974 446
733 845
630 587
603 494
476 392
451 468
230 80
665 771
398 256
610 599
461 727
383 498
1093 638
664 622
1069 141
281 268
886 733
900 161
756 260
952 134
407 420
358 442
642 765
1110 694
324 647
195 693
690 566
902 1037
464 131
895 849
1002 456
566 827
273 294
702 804
199 304
313 212
298 827
682 861
745 196
531 312
782 194
373 319
201 768
1122 660
589 844
850 815
896 236
637 361
700 455
923 166
898 241
285 845
282 779
453 220
718 344
745 795
1070 776
383 703
581 833
745 169
750 164
933 151
597 186
862 169
346 715
460 997
632 474
629 155
342 548
1006 183
611 838
1133 628
967 253
149 336
723 596
690 949
366 236
386 728
491 892
1057 523
1030 365
1045 247
110 476
674 202
988 508
832 127
1059 640
439 252
1084 752
703 426
679 975
391 867
930 867
974 633
778 134
919 662
275 833
605 203
262 333
348 875
587 466
616 492
785 497
658 255
204 164
1025 734
646 19
1006 889
968 953
268 704
454 280
975 946
220 326
554 513
1010 519
822 926
924 457
785 635
778 676
636 754
397 881
909 670
635 222
408 365
488 484
634 576
688 483
578 853
782 605
252 620
348 751
1074 768
424 580
898 215
894 639
697 534
206 153
969 530
409 253
551 855
428 439
252 149
242 802
330 821
332 197
960 234
733 278
1153 117
764 579
631 855
238 716
973 443
932 622
861 740
690 108
652 242
365 508
1080 722
545 919
347 339
898 229
324 843
1149 926
838 795
920 815
376 231
575 466
292 515
606 562
746 898
271 566
314 535
834 484
942 703
955 346
961 888
955 793
1133 520
1097 721
385 752
272 628
860 242
385 396
449 127
206 806
717 714
629 629
548 216
665 448
927 217
563 144
361 892
858 537
719 486
307 896
941 843
1127 135
979 293
182 356
753 666
1051 196
273 46
397 167
182 389
963 322
366 737
1118 860
454 309
311 536
617 757
764 190
314 760
623 205
336 244
431 186
844 184
316 335
419 817
897 166
464 210
794 854
520 327
181 868
797 876
609 705
639 428
668 407
261 559
302 817
257 689
373 203
1109 374
643 434
869 701
178 116
219 773
511 78
446 549
854 724
980 729
431 150
452 117
605 561
175 563
692 285
258 626
576 179
1107 173
656 654
948 811
565 39
825 375
1036 181
480 426
553 105
1126 234
579 577
976 742
1057 597
986 940
244 793
770 504
732 440
835 198
659 486
1136 123
812 743
331 914
289 733
347 869
833 879
771 453
633 288
715 726
746 454
621 562
771 527
868 619
753 110
470 446
353 224
270 325
168 539
500 188
204 661
748 751
483 858
261 431
552 343
677 915
669 684
671 561
462 786
325 248
646 228
580 128
657 508
444 883
637 247
321 335
918 16
316 224
508 312
913 485
942 803
716 193
473 907
609 406
740 349
290 474
753 593
442 527
621 300
713 307
1022 659
993 106
465 703
136 109
378 297
942 610
693 778
387 838
324 330
454 539
567 663
269 617
430 616
386 749
409 658
951 417
1152 409
1025 493
298 384
230 743
807 242
250 850
990 209
481 969
482 202
672 568
1040 598
489 1009
783 895
965 389
982 906
307 364
384 925
357 241
847 275
286 778
765 990
770 206
901 695
456 667
963 769
330 128
667 858
233 779
876 743
942 531
383 839
901 915
561 936
969 379
412 777
555 807
1000 710
906 148
468 111
818 819
829 751
481 799
366 901
840 702
962 277
650 760
634 136
868 243
401 642
1076 264
762 240
969 964
695 453
314 807
154 737
686 910
385 716
468 108
943 768
775 527
647 208
752 780
1009 922
971 77
264 104
975 769
812 731
427 764
834 827
596 582
1012 84
995 356
1020 532
382 553
788 430
594 470
563 786
921 519
249 80
715 445
481 354
535 727
706 676
792 630
512 121
226 354
689 526
282 700
823 210
326 245
766 212
1076 291
1040 667
342 152
605 469
800 811
227 929
849 635
744 816
927 260
825 789
399 65
196 125
553 542
749 413
792 655
960 143
