993 464
944 360
282 532
412 440
491 610
677 442
429 637
601 546
277 556
429 298
1007 74
714 36
741 984
589 407
748 813
700 623
581 769
376 142
1099 486
729 336
639 615
361 501
786 231
157 479
797 388
585 756
592 980
646 868
280 250
832 792
1012 668
749 695
587 942
975 359
453 693
301 675
228 852
1030 75
895 827
549 154
834 583
211 75
367 399
600 212
237 626
327 842
1022 523
319 395
979 82
789 210
311 77
719 384
878 478
946 112
340 555
729 232
943 270
559 466
610 109
905 380
329 311
426 567
326 273
316 224
954 758
618 804
991 978
955 329
595 670
1010 222
256 338
390 154
766 320
505 300
664 892
359 738
536 962
976 339
718 103
680 626
1018 324
419 116
607 386
334 282
161 985
489 317
1051 616
410 245
1023 302
420 896
524 642
783 342
551 882
272 859
897 875
810 105
196 706
233 709
880 769
1046 518
800 763
553 244
642 788
1030 397
668 296
999 265
331 754
324 933
271 670
405 88
649 666
1007 765
960 279
897 934
720 728
349 194
595 291
445 179
607 954
405 765
447 147
776 555
926 811
455 685
508 684
584 646
432 351
858 273
445 793
945 768
1004 327
465 446
862 189
772 1036
606 759
839 126
372 536
282 92
509 650
153 993
548 823
431 133
519 746
560 176
656 793
578 343
400 778
683 91
356 714
296 418
1159 -24
391 162
889 84
678 281
684 588
986 116
638 78
1059 253
990 948
402 651
483 643
477 785
226 260
503 326
934 772
870 481
572 417
828 622
650 363
602 369
480 306
689 109
506 570
358 901
1056 643
653 116
266 231
991 540
1112 773
181 496
553 909
930 55
317 631
879 344
500 709
790 468
562 636
527 377
562 223
782 129
825 169
1044 661
611 589
470 244
1029 888
442 322
770 578
495 822
453 829
979 701
460 420
761 808
979 481
947 829
674 281
469 881
204 393
400 297
749 917
492 163
426 35
949 1014
719 506
724 190
418 809
709 157
905 776
1100 811
250 244
736 555
712 803
728 617
867 461
654 172
328 873
426 654
268 286
309 226
393 433
1009 273
944 576
802 716
985 765
349 935
730 559
725 450
864 99
816 805
505 806
317 198
380 857
646 512
671 130
571 955
1142 584
470 786
670 115
247 392
657 873
488 210
253 270
926 330
866 260
1060 40
461 465
739 470
770 530
152 -2
372 513
258 496
863 68
340 50
650 391
848 814
763 606
691 967
1084 682
367 289
393 675
1010 856
639 305
930 69
783 882
424 215
686 797
753 226
842 738
938 809
1013 456
715 878
928 759
479 509
748 798
925 113
256 422
413 200
660 119
178 404
559 860
653 408
634 693
1095 610
249 512
530 139
916 572
840 779
809 181
489 887
287 224
693 968
917 670
423 243
1000 114
1029 106
895 416
643 516
1024 238
839 899
802 375
750 102
835 177
804 226
852 937
541 1003
1055 539
922 723
512 274
480 502
165 496
821 350
709 891
599 939
347 432
985 758
699 210
717 568
495 367
571 415
823 395
291 499
620 187
409 267
635 837
391 454
619 292
418 648
234 120
757 795
555 354
930 214
823 188
378 473
956 995
377 160
404 413
169 830
646 932
937 118
251 664
532 805
305 326
878 825
487 479
734 557
1087 464
1037 681
1070 271
851 747
1032 646
308 475
167 205
524 812
137 587
761 369
615 340
1146 375
1006 790
955 352
621 179
802 603
972 553
974 438
848 868
884 151
390 133
1031 755
616 83
244 451
701 339
517 581
621 185
869 45
685 154
494 837
773 139
937 914
269 615
514 80
1008 390
819 198
603 524
586 453
317 256
641 462
145 138
711 331
693 900
984 704
672 468
422 839
995 564
893 628
577 470
597 101
417 42
1043 310
172 794
701 398
766 840
1117 135
665 820
921 167
849 152
809 17
434 560
663 691
236 356
679 668
446 934
837 698
428 896
399 648
266 78
682 304
547 155
762 904
367 224
326 201
578 802
478 418
1027 787
447 568
968 351
447 914
1081 505
700 377
578 318
339 810
301 876
718 527
469 604
778 935
400 660
873 89
1129 398
712 114
820 670
621 149
1078 394
779 646
659 222
376 618
424 227
969 147
740 587
899 111
519 378
242 815
402 380
1016 662
893 683
1009 69
943 973
993 645
397 156
809 772
1158 314
580 557
867 910
382 776
723 437
501 636
255 621
878 858
222 826
441 391
978 799
509 28
398 603
573 882
816 219
655 974
960 401
486 270
430 166
537 773
290 144
802 965
474 886
931 344
697 403
699 101
924 279
974 281
779 133
726 515
486 1023
362 442
1010 541
741 402
572 630
781 418
441 790
620 148
336 162
545 232
1011 741
1001 402
597 39
601 803
844 172
621 694
935 471
663 814
431 360
179 46
486 646
369 648
260 739
988 540
932 181
452 773
922 954
614 194
1036 400
772 437
227 236
1025 911
227 418
527 403
1013 515
878 236
418 48
860 700
585 926
793 233
589 752
789 49
1002 562
324 836
594 597
1071 657
1056 563
687 889
877 330
653 488
1057 663
530 168
556 865
424 481
314 676
1083 467
557 801
600 61
1063 137
859 818
636 203
643 87
172 265
301 396
370 152
861 466
982 197
1031 853
422 658
1031 738
449 766
465 383
286 56
989 366
934 879
500 518
817 122
400 597
446 229
429 539
682 32
775 269
566 578
133 408
558 48
554 564
297 205
992 395
682 626
659 482
576 358
677 478
862 448
270 734
908 554
952 282
445 675
640 517
900 632
530 630
921 60
446 228
453 207
309 337
495 545
488 554
795 700
759 495
579 811
451 535
499 910
793 207
925 218
980 856
494 235
787 725
1146 911
851 58
237 536
940 520
557 975
997 399
1079 697
820 724
887 880
1019 226
984 696
594 159
1169 547
635 403
562 631
555 119
451 816
315 959
879 889
390 410
645 847
992 93
298 963
620 618
603 280
370 115
378 459
384 549
469 553
508 382
611 485
543 859
556 536
826 497
181 503
598 299
584 885
278 910
724 17
457 726
393 182
243 673
943 921
897 45
481 261
518 576
838 220
554 425
316 626
763 375
453 597
663 522
463 131
952 571
1026 767
734 419
937 595
347 344
1022 696
1133 406
1114 505
296 537
404 878
830 950
290 513
1044 862
775 411
924 620
661 968
436 646
484 202
764 75
709 542
240 923
130 399
830 204
870 175
552 241
817 99
780 882
790 448
738 102
267 100
909 469
917 397
501 727
837 775
1043 320
624 850
360 859
945 79
835 31
452 576
968 639
989 290
692 276
242 612
632 426
438 424
834 930
204 769
538 407
1011 328
870 411
747 711
333 797
411 280
454 491
887 138
339 201
369 172
452 403
786 364
996 498
346 541
301 388
801 532
263 600
425 749
840 82
588 531
841 365
241 587
603 718
911 241
988 780
903 99
495 516
367 629
1065 108
598 746
321 741
934 166
454 522
719 569
349 616
597 625
878 870
334 714
488 715
886 37
1006 606
805 508
405 145
838 466
943 151
215 722
295 727
221 168
757 687
615 79
639 483
621 754
419 894
886 900
215 635
747 347
801 197
536 241
869 481
402 443
200 52
669 318
854 158
703 369
683 407
765 156
592 436
838 676
754 468
802 980
386 797
282 722
804 384
239 292
697 114
333 601
1025 569
486 348
365 626
630 -13
498 912
503 445
766 582
719 646
698 722
553 212
523 449
516 512
868 201
865 757
254 139
435 849
376 752
377 686
453 423
350 267
804 208
915 770
785 830
522 492
571 235
1098 684
945 668
893 435
355 810
868 39
988 462
679 71
492 336
513 519
356 608
480 184
766 256
1010 164
495 964
421 153
1034 604
379 691
725 617
1007 416
977 170
528 681
447 188
319 748
916 774
366 238
687 226
977 508
635 650
986 757
1014 281
777 513
163 125
917 859
593 449
398 536
1006 171
543 612
381 818
754 936
861 99
265 366
469 673
853 878
786 898
186 446
255 199
757 471
717 422
268 836
1090 953
465 848
1115 151
207 930
902 348
970 293
628 216
504 76
551 605
903 241
671 369
511 736
803 69
259 277
995 717
383 511
845 516
329 211
666 105
512 179
753 370
969 915
326 669
530 776
420 609
484 996
885 229
1108 47
1031 338
166 658
494 922
1115 29
334 101
786 369
363 627
723 546
591 512
676 630
976 400
923 454
827 610
687 820
287 837
362 287
286 405
384 765
413 842
825 24
566 713
253 825
537 196
1144 985
336 890
433 403
708 861
559 806
588 22
777 583
306 127
1053 491
320 232
1068 324
248 689
709 740
780 217
618 164
781 618
596 390
885 392
714 755
506 602
753 506
459 367
917 205
751 736
881 486
507 426
681 588
442 222
515 399
501 697
615 728
263 399
803 558
211 325
1103 473
967 371
296 672
754 560
578 456
1061 95
296 98
324 550
232 191
809 273
618 409
442 880
806 248
337 575
475 134
306 407
248 667
807 881
667 154
277 565
571 127
446 787
390 331
404 277
224 711
1008 614
338 606
884 206
854 240
134 758
796 435
1075 554
920 955
811 756
934 166
913 779
528 520
752 648
780 293
820 468
623 320
1076 538
464 429
655 639
150 792
1051 813
658 138
719 484
748 653
511 575
295 283
651 363
