408 546
680 457
289 722
289 874
389 88
573 287
317 143
450 312
226 405
694 683
564 726
889 602
696 470
651 911
529 292
858 81
945 653
785 752
299 694
875 659
1008 408
512 295
191 541
251 212
603 794
1074 433
388 477
884 360
686 716
966 432
798 539
775 938
332 702
385 968
328 448
578 863
970 740
447 312
175 207
538 297
911 216
983 508
1028 311
1006 134
575 67
833 77
1008 819
409 646
220 592
824 183
728 839
851 517
191 593
301 957
519 649
271 914
413 219
493 820
587 326
428 138
876 207
859 255
897 355
637 38
488 590
1047 954
1048 622
1034 133
572 312
935 549
1069 871
724 594
1053 246
235 627
565 920
291 432
851 407
553 497
914 217
894 435
407 234
266 893
694 170
308 446
978 618
819 316
873 714
929 357
615 300
231 955
1039 370
980 522
275 588
882 325
1031 391
456 546
930 296
185 137
1136 457
1065 136
833 935
438 160
762 278
1093 794
802 695
894 347
828 367
446 370
1129 222
236 1000
560 237
843 598
372 835
733 830
315 489
754 764
390 602
379 239
1107 803
585 932
903 656
1026 747
654 709
539 307
424 192
1089 506
954 935
413 147
776 769
835 820
294 556
366 173
389 926
273 220
617 448
658 209
327 422
593 180
941 987
558 544
681 327
941 392
1017 495
787 653
854 167
663 676
468 618
235 657
924 292
325 602
806 715
308 556
705 514
302 162
405 580
324 446
234 779
1035 75
783 334
446 67
564 742
938 92
491 316
1074 337
915 312
363 215
459 191
931 122
324 906
495 125
516 531
394 386
575 643
520 719
593 464
363 458
532 890
240 514
293 804
401 726
421 704
740 782
886 78
500 903
568 516
757 138
371 952
378 321
1004 376
452 709
917 658
149 256
923 483
411 452
1051 280
563 189
591 160
478 354
221 157
346 313
234 482
833 660
312 823
707 453
902 993
361 262
702 363
630 681
290 539
1066 182
1012 834
575 595
140 13
470 509
836 778
512 535
631 692
651 566
426 654
800 443
687 329
1107 202
594 314
716 837
567 185
1028 677
461 177
829 1010
1024 841
809 518
312 625
530 539
205 578
726 49
639 341
417 945
944 558
1056 492
247 488
315 838
620 195
832 170
974 141
245 582
775 650
812 777
766 248
713 505
1057 514
799 416
162 842
388 560
1013 688
915 957
252 665
402 91
780 971
526 161
394 109
846 1031
726 229
742 783
363 78
653 495
339 743
995 339
1127 -12
552 394
697 265
500 878
732 687
635 307
671 488
464 42
401 580
735 440
218 649
287 828
413 712
242 408
654 99
783 549
662 911
749 168
973 901
949 788
796 846
956 555
240 921
863 682
300 627
233 685
901 550
716 590
445 606
657 854
480 316
817 486
999 676
879 227
686 526
938 140
644 687
866 519
1069 1014
254 815
188 10
357 281
305 752
382 516
1070 634
1007 455
214 673
877 769
888 767
528 409
1042 265
922 262
590 475
1055 331
902 267
625 536
735 89
742 629
672 544
472 204
407 807
945 119
812 180
589 773
888 441
323 656
636 304
583 677
687 139
838 595
655 715
642 774
610 442
180 838
1044 878
1060 967
335 645
703 908
985 485
858 629
646 851
345 874
711 357
554 801
800 113
432 762
947 112
594 465
898 580
1076 252
646 506
770 76
249 65
991 31
798 768
845 631
977 937
1027 162
821 321
704 900
696 396
1037 608
417 436
246 747
702 395
522 301
433 296
430 662
327 376
1013 655
916 263
893 867
754 386
271 679
989 129
849 236
751 784
488 578
759 812
766 898
975 240
451 592
663 858
620 355
776 661
654 903
695 -3
919 818
662 837
875 972
1019 1027
834 197
549 435
719 404
555 107
709 780
1042 987
930 413
1114 524
676 658
979 914
672 45
940 784
782 134
406 652
930 86
593 435
1094 734
991 253
1046 599
688 608
836 1006
297 367
313 536
771 516
705 662
290 428
644 609
832 454
389 21
787 704
699 697
609 351
278 412
835 965
384 703
1004 325
984 448
495 862
750 858
892 186
400 84
334 706
626 339
558 294
926 211
400 828
258 71
983 369
272 354
437 771
448 125
610 409
1017 868
170 76
437 -27
677 387
1015 454
831 295
532 270
266 729
574 709
915 658
350 260
269 219
983 539
276 712
920 660
190 407
764 999
945 341
504 101
908 535
609 257
920 586
335 969
402 289
736 683
382 672
634 645
511 632
799 404
436 685
617 512
581 983
784 647
675 837
442 82
178 150
680 588
771 295
569 642
755 236
491 897
300 274
285 533
944 278
331 750
807 749
982 522
728 795
738 479
1144 321
573 153
562 316
634 354
677 261
363 959
471 -2
225 641
947 634
450 200
1014 239
985 391
789 839
701 624
897 712
497 511
788 940
1021 733
980 229
334 900
1048 271
282 302
464 148
961 502
755 262
706 643
925 173
211 435
764 890
647 1004
407 575
225 927
601 840
939 875
689 195
257 262
860 366
756 19
424 299
585 1025
460 770
634 480
580 789
852 732
716 501
405 461
925 916
753 882
754 38
665 813
825 614
343 253
865 668
124 830
864 690
388 140
1020 679
1044 570
836 707
502 337
362 915
717 770
928 504
977 221
179 345
293 828
217 56
657 735
519 152
247 416
850 277
317 360
677 1010
999 123
1067 492
260 201
826 274
859 553
350 55
500 654
1091 471
669 572
344 162
288 86
296 370
199 43
716 166
525 183
705 151
441 213
258 951
890 507
967 689
190 842
1049 303
259 879
954 490
904 292
607 569
667 42
1057 627
369 72
449 631
787 456
440 877
859 615
706 530
550 607
491 488
617 421
948 684
319 906
354 330
627 424
939 315
738 420
876 720
720 144
820 762
874 886
608 136
759 871
593 604
924 551
1023 425
372 389
596 255
901 200
729 565
295 111
367 628
629 595
452 878
922 855
667 163
756 131
850 661
797 189
522 607
950 359
757 261
662 398
1065 300
1015 961
681 47
876 800
363 545
390 17
397 701
272 770
370 409
805 320
304 83
698 33
668 346
721 668
291 788
941 834
557 942
474 232
497 734
187 349
661 683
303 365
196 205
634 443
923 891
894 757
1139 136
304 323
343 814
340 130
492 967
984 132
239 506
791 385
529 466
611 189
191 92
868 40
976 158
952 794
705 287
341 505
270 883
327 885
219 847
739 892
1119 843
561 460
564 708
120 812
438 89
993 713
527 697
630 185
539 624
641 250
841 381
735 470
936 300
390 320
521 774
409 568
569 138
456 512
754 146
390 790
334 355
258 843
581 103
517 228
1021 650
640 281
676 471
995 455
658 322
429 93
502 850
442 497
199 846
894 438
428 110
464 399
475 452
422 247
412 82
741 878
652 880
505 805
598 702
920 487
383 742
612 128
519 704
901 615
289 121
899 246
572 747
629 784
984 1013
304 959
1034 458
195 33
797 777
329 195
780 864
307 412
432 650
176 86
288 840
675 309
220 540
838 746
701 503
636 788
1020 554
688 841
312 172
346 813
233 753
220 618
959 990
499 545
732 512
676 250
690 138
326 258
731 148
905 560
977 749
1026 535
310 811
815 740
847 573
430 326
833 116
204 881
742 532
232 482
1083 250
939 203
428 351
356 179
830 565
842 507
877 176
460 178
237 647
815 843
530 671
333 854
523 274
876 951
847 620
890 591
431 208
478 270
1004 296
627 585
600 658
824 684
550 888
293 475
347 581
152 336
700 210
707 392
978 344
1052 253
270 156
926 542
775 122
196 787
1068 829
608 834
234 660
580 250
409 205
1060 796
375 128
735 510
257 820
186 85
387 833
582 662
281 636
198 747
684 839
830 584
341 592
812 608
191 393
729 941
266 525
478 647
601 653
938 209
232 210
813 450
329 904
565 344
553 631
969 494
413 609
636 428
358 858
231 843
470 242
148 80
300 388
595 343
381 590
813 117
496 261
996 553
804 193
381 147
451 329
706 149
1034 919
1077 334
658 567
651 230
1159 747
267 658
1115 746
984 708
674 640
534 730
776 241
785 602
1011 464
490 229
976 549
790 316
974 866
542 468
382 584
1012 189
310 454
941 468
152 1035
202 149
567 579
702 355
502 624
605 671
538 883
254 883
738 186
993 242
290 34
333 175
687 261
843 11
801 229
762 478
874 763
937 790
626 500
495 178
389 453
307 328
402 765
966 287
888 1009
791 439
817 870
587 502
959 882
816 948
712 880
638 807
385 97
344 370
894 709
971 208
270 578
947 477
809 658
169 621
342 446
904 874
795 377
674 544
558 370
456 333
217 844
753 458
909 524
526 494
336 293
1025 726
215 877
759 317
1004 685
435 619
738 913
692 376
876 107
426 461
587 924
361 354
650 886
527 810
743 406
648 734
726 462
898 282
1126 216
816 175
778 184
700 583
418 539
987 29
501 181
671 752
232 45
244 763
788 860
370 213
272 957
368 436
467 319
313 611
513 550
382 473
553 524
1074 178
758 778
1094 1
963 725
682 244
649 347
445 753
294 209
690 627
1002 273
654 525
845 913
427 860
871 408
452 208
308 840
523 145
991 669
740 44
582 280
534 38
806 682
867 423
589 938
432 663
841 515
181 845
398 623
494 854
545 600
635 15
1060 169
759 564
