977 671
741 758
175 484
762 931
783 620
1021 76
707 264
591 594
943 227
498 920
555 412
1021 962
392 728
835 752
323 610
351 308
940 649
869 179
945 139
927 573
387 273
454 567
1031 572
308 434
266 389
164 473
594 395
351 824
929 941
876 874
843 337
556 635
815 719
821 753
805 710
639 301
353 505
594 784
731 168
586 566
829 811
733 300
1072 756
479 167
824 622
463 157
841 370
277 869
905 688
699 498
886 822
767 923
906 884
760 138
882 913
512 644
803 389
357 112
745 303
457 165
638 194
894 564
556 569
452 731
390 78
496 587
939 199
931 991
515 660
279 520
532 588
418 270
302 771
1073 279
325 189
573 553
994 979
909 166
846 212
732 180
246 737
1086 15
498 201
1034 756
867 651
797 540
388 595
934 846
1058 896
358 851
338 488
386 309
649 680
702 423
738 845
845 160
643 385
243 659
911 817
1108 844
517 853
521 640
1174 684
433 739
459 280
474 932
692 368
1012 343
829 935
713 630
275 810
735 196
694 883
567 313
690 373
218 -20
912 249
354 658
1070 598
847 85
745 404
355 418
733 167
276 692
431 539
613 860
755 545
224 584
518 1014
558 630
887 465
293 765
525 190
872 683
527 484
703 614
866 271
867 764
814 720
774 721
456 455
921 283
836 908
669 578
339 481
712 604
995 124
1017 9
1108 182
942 97
965 186
464 484
871 514
684 974
707 193
256 615
977 817
241 905
575 902
437 182
953 190
994 576
844 699
1054 921
1018 910
1067 631
1026 599
470 448
899 823
534 516
690 374
497 236
1047 181
601 611
354 766
1061 633
985 159
243 409
528 292
360 363
676 893
263 739
946 707
271 729
478 662
269 850
265 585
201 90
453 563
779 232
1134 945
532 503
711 397
438 635
439 264
476 760
1113 170
428 680
504 715
581 94
241 431
738 191
369 78
127 623
530 878
874 764
1036 335
611 407
971 706
768 711
222 277
490 814
1096 633
292 915
958 827
829 403
235 708
476 786
581 365
595 758
496 506
798 701
1117 484
691 803
560 588
553 564
1029 792
636 823
458 952
892 216
1023 453
477 404
749 399
466 802
541 560
1095 186
857 855
1073 466
291 658
946 382
483 348
476 242
214 976
906 840
954 748
506 766
447 525
272 263
578 37
402 212
286 927
1108 982
711 285
1143 200
299 180
907 850
825 2
399 423
547 767
501 486
989 147
955 923
468 268
187 570
931 836
784 205
543 848
920 606
498 443
485 472
325 124
188 709
1002 684
1024 369
429 755
317 716
294 847
406 153
646 733
427 681
686 199
642 411
332 192
301 684
308 550
1131 791
912 584
800 434
703 714
871 164
886 373
223 455
252 832
161 706
761 631
221 313
1044 767
547 148
1067 817
373 834
864 357
730 669
988 415
764 582
429 534
1015 450
680 571
803 25
529 310
1022 297
926 639
952 267
207 553
1035 885
254 585
394 318
526 381
1031 163
1045 259
776 460
1037 506
141 978
600 92
252 136
741 486
899 481
488 509
733 363
888 192
327 802
331 432
618 105
868 368
367 194
581 732
348 865
830 229
666 269
754 526
1076 571
639 440
221 893
824 919
1015 264
418 300
918 410
406 840
478 328
750 67
296 810
726 251
510 753
442 639
870 48
473 529
703 659
521 739
642 458
720 553
810 833
596 289
448 515
460 886
777 512
844 539
538 379
1043 354
697 707
253 161
520 714
874 760
634 289
767 628
1013 239
927 823
569 905
934 462
334 654
674 272
323 586
746 807
507 96
134 352
587 611
880 666
351 856
319 634
750 633
247 843
974 231
165 382
616 497
1077 802
741 146
1015 767
881 745
743 601
853 679
381 23
242 486
188 724
236 223
437 52
655 590
1054 285
392 277
137 856
1100 157
290 314
531 515
766 382
259 754
639 801
883 241
958 695
310 682
709 391
748 207
934 257
333 256
883 184
602 283
815 905
628 285
626 913
743 282
786 561
991 731
789 940
437 773
965 354
348 746
856 507
649 314
390 723
927 127
1044 887
849 865
393 644
347 806
753 878
641 823
252 190
907 743
1007 1004
532 753
838 520
499 957
932 690
462 716
698 805
720 573
1126 361
774 196
478 733
306 297
463 115
813 272
988 992
764 763
698 894
403 600
918 707
677 525
680 898
274 528
766 818
144 314
435 290
294 293
553 888
768 119
1093 25
450 257
411 105
689 219
824 337
264 364
329 599
760 535
943 51
788 76
678 178
1049 600
956 795
257 906
648 887
765 89
959 378
870 750
334 417
475 724
348 420
773 793
584 302
764 71
864 568
606 319
878 448
458 858
234 924
242 342
629 821
1154 512
524 645
770 629
585 774
255 433
873 422
450 967
792 869
718 511
436 83
732 368
328 1008
371 65
969 350
191 851
645 137
489 398
434 913
787 390
202 770
794 530
728 326
638 1002
823 633
258 332
901 828
140 829
502 565
215 697
1009 595
1040 278
819 445
900 647
927 381
363 625
509 594
299 859
748 977
560 898
707 469
824 786
841 734
314 219
449 599
596 381
576 558
268 680
241 415
420 690
659 379
843 173
309 387
945 306
648 388
929 892
679 49
498 342
1051 685
239 771
745 262
276 74
1002 348
1013 917
577 647
306 443
1055 483
521 849
1046 676
254 219
306 308
838 626
969 540
407 717
401 212
765 183
347 664
1072 523
688 827
398 361
477 293
353 877
690 430
501 753
933 681
578 347
321 88
940 901
585 517
771 174
654 330
727 165
345 757
557 514
591 195
353 622
190 711
791 216
230 929
1074 803
964 715
446 630
522 406
849 777
754 431
1040 573
788 835
738 592
852 223
146 574
267 164
912 200
263 676
1009 -8
786 460
474 457
785 158
678 647
317 870
328 585
309 906
671 198
728 347
711 630
646 372
355 124
917 816
735 1008
888 521
677 335
110 236
405 379
329 777
168 498
845 863
890 697
609 567
1123 123
406 321
980 821
625 893
374 76
399 700
574 741
872 120
1013 872
511 576
367 740
921 704
722 476
210 91
359 320
1082 375
541 901
935 195
314 873
611 884
1050 749
851 101
236 397
478 286
622 163
290 935
892 486
380 800
778 830
956 539
686 653
665 747
251 276
665 775
275 173
848 495
523 202
861 203
843 859
1106 422
807 819
951 869
972 543
823 115
811 401
362 568
253 744
391 456
1067 908
873 72
758 83
588 733
985 311
338 704
196 112
846 275
863 780
978 494
249 169
569 455
502 748
464 637
381 132
334 404
1044 439
1039 289
833 417
925 887
565 56
1010 572
789 450
630 932
892 591
680 711
979 613
818 1016
941 68
282 490
310 270
280 460
1073 665
869 750
324 631
996 286
421 521
500 455
581 428
261 747
252 162
487 408
1136 753
931 691
952 389
347 284
558 602
364 276
232 834
378 786
985 344
1021 229
207 585
517 643
260 643
1111 77
396 238
741 395
727 861
798 77
1047 398
426 514
949 272
1092 503
756 234
327 730
487 472
462 184
899 149
1017 179
911 773
489 33
800 206
775 608
811 231
1015 508
534 720
1118 429
1099 706
481 152
222 216
835 565
936 376
382 623
518 579
798 421
523 212
380 240
555 945
177 263
667 118
417 554
798 854
704 838
1123 740
409 488
774 807
267 648
1019 288
150 133
1026 440
892 564
1011 890
787 720
551 646
192 261
806 535
504 991
877 414
312 242
758 428
878 849
657 143
673 267
342 298
1086 515
1081 727
522 336
886 832
245 1025
685 894
848 184
673 76
433 475
649 535
620 588
622 400
625 591
709 721
954 168
271 475
434 128
902 476
656 202
312 613
602 421
1006 257
316 215
409 461
854 55
315 320
1041 55
557 422
804 235
608 821
897 423
217 474
465 546
516 324
980 589
899 351
256 153
1017 219
488 410
242 547
859 284
882 406
249 706
494 238
992 509
773 683
922 668
519 605
142 535
687 652
749 256
396 179
980 545
669 162
257 305
1131 519
248 684
1010 616
206 111
850 267
440 849
703 522
546 564
972 478
202 955
422 304
897 840
796 915
752 711
990 915
544 248
750 692
553 854
340 746
795 433
653 133
1015 650
867 591
558 156
763 905
806 972
286 367
783 122
838 773
440 652
395 226
945 618
318 78
301 181
841 315
213 5
604 661
271 594
516 519
406 270
386 711
1155 1035
728 801
633 537
820 209
872 607
371 851
1087 622
817 430
321 156
955 827
789 82
865 365
516 537
233 915
613 603
661 933
730 684
1037 434
825 634
501 309
258 429
1027 742
444 253
992 315
642 190
323 730
586 763
916 867
535 655
647 563
919 192
614 181
643 698
566 181
462 947
1009 390
1031 731
822 425
322 339
1049 478
848 563
874 517
968 811
628 488
345 430
181 362
445 617
390 935
732 670
685 806
997 314
565 815
842 490
523 731
1016 171
968 59
383 895
819 975
834 474
436 466
572 653
570 805
590 568
285 624
178 136
836 633
529 401
947 645
474 190
685 641
822 744
942 807
283 626
1010 232
891 743
787 133
757 960
535 911
991 124
258 752
355 192
201 944
1030 173
554 110
808 127
152 84
952 719
1101 -8
809 624
852 120
509 302
1101 846
320 836
460 432
723 259
574 725
731 862
574 320
881 580
1028 202
708 264
447 162
