1078 117
226 888
503 847
863 638
1011 836
814 574
390 432
960 361
1016 933
682 364
606 360
985 137
264 867
950 49
702 560
323 789
311 664
978 218
536 229
755 526
747 801
326 815
797 771
628 995
138 211
517 526
1027 370
771 249
578 615
600 742
1147 417
569 908
508 239
863 851
293 451
684 247
714 674
941 200
567 480
1080 332
649 816
417 399
292 635
337 114
314 149
301 210
750 863
679 835
693 731
859 368
934 263
842 421
455 909
898 656
637 149
506 200
502 113
303 413
491 605
723 924
519 638
774 446
432 401
327 253
1059 713
1062 730
579 364
1023 655
560 827
571 302
846 745
428 626
731 373
1045 440
623 613
359 691
479 566
1062 226
817 323
1010 868
435 769
1012 534
890 499
437 776
293 889
509 984
789 351
945 558
534 828
358 872
345 107
997 456
679 916
588 623
525 796
839 634
975 510
575 194
218 246
895 497
540 751
464 480
516 541
969 700
641 455
640 479
711 229
986 471
548 30
376 606
996 296
229 224
314 199
294 597
641 771
1083 418
953 632
935 793
932 341
815 822
806 1019
328 263
533 508
927 305
737 274
949 634
364 638
600 221
323 660
508 843
327 896
560 673
297 346
974 238
1021 847
144 544
362 385
438 243
625 794
1025 186
513 723
987 835
632 345
751 296
818 755
233 819
747 100
415 150
781 713
1037 996
902 533
887 960
428 525
980 915
934 512
447 132
624 207
525 457
445 444
1036 128
325 678
616 574
456 978
715 713
870 672
1047 897
579 360
677 737
436 673
343 355
1119 1001
1035 786
273 962
540 841
854 921
598 962
532 847
724 844
253 555
912 228
1012 249
572 374
981 601
691 317
796 416
801 351
927 498
873 118
603 404
924 662
1011 49
1166 556
549 996
898 674
733 592
1007 472
523 250
377 692
984 112
294 523
969 682
509 72
1016 571
892 283
668 358
1014 925
576 822
288 602
433 833
809 603
359 708
788 792
351 320
389 715
253 896
675 790
1076 197
1061 362
598 362
665 43
720 428
376 657
411 749
573 231
496 806
347 953
674 258
1073 185
431 544
487 582
298 186
280 853
939 748
749 52
845 224
651 32
795 799
446 891
691 772
470 440
379 853
826 553
898 290
1018 551
207 843
852 241
674 202
967 976
1134 840
1007 170
1098 735
480 874
253 497
529 706
938 293
308 755
478 233
836 201
645 541
488 814
794 652
267 422
992 657
337 215
413 889
475 544
684 14
693 661
430 555
940 500
827 949
440 229
752 174
825 505
246 117
1056 645
277 281
704 710
896 448
312 394
992 335
545 262
297 591
489 437
993 434
1125 271
192 647
743 267
865 837
578 670
247 476
745 80
711 696
907 500
1002 856
317 1016
1050 124
846 543
394 832
611 254
1114 798
791 792
504 656
701 611
945 304
1004 554
948 434
477 371
625 694
498 487
829 751
1103 976
537 906
416 847
452 836
373 634
253 640
275 789
328 609
363 882
623 913
858 542
824 967
280 972
830 829
675 852
832 676
313 921
569 550
576 932
664 293
357 458
925 223
234 905
210 870
443 878
826 329
949 595
546 626
779 229
528 261
260 926
666 666
684 389
659 495
206 175
779 336
559 165
288 841
784 742
502 820
1021 739
321 662
762 345
257 221
978 523
909 863
481 58
206 599
147 783
334 698
732 155
928 340
211 438
723 334
972 115
398 908
1015 233
957 265
1135 861
281 872
566 850
424 765
692 242
647 222
292 752
1162 75
782 170
572 841
634 250
612 420
501 83
882 140
299 758
846 461
385 167
370 169
722 637
902 444
728 378
788 130
937 171
538 457
984 994
291 688
1146 18
743 736
428 539
328 662
846 476
869 329
961 663
583 582
1115 152
1097 227
1024 620
618 338
890 448
577 347
358 459
999 -16
997 694
827 369
379 911
700 764
730 732
633 478
247 719
650 516
810 148
344 928
232 773
894 789
674 782
490 741
243 578
1010 178
751 97
433 211
230 788
986 414
194 548
412 532
643 335
1102 1017
519 758
763 261
522 345
295 181
276 641
623 409
530 896
699 882
215 845
1033 587
452 610
680 160
607 419
934 252
827 151
804 631
246 215
886 603
871 467
484 257
911 108
486 169
989 143
560 893
912 676
597 155
942 518
237 503
290 367
912 791
759 434
480 773
801 551
524 394
558 271
373 796
314 384
947 106
447 363
408 316
362 697
208 544
712 255
838 587
763 844
405 188
694 323
788 334
715 191
999 827
990 56
897 946
831 319
216 887
565 223
256 732
849 698
1022 328
623 512
1095 221
189 649
521 590
1028 246
958 503
457 635
382 214
288 956
573 843
442 92
250 251
349 165
492 624
858 35
411 383
1107 975
434 1017
970 586
874 541
241 901
558 862
1050 958
271 548
516 903
818 113
342 314
672 429
345 748
831 937
539 345
270 342
438 14
645 227
856 984
937 502
736 230
662 796
806 854
954 524
698 161
487 478
314 406
460 717
354 803
820 134
434 870
264 280
820 585
1026 259
536 182
193 795
781 737
619 778
332 188
971 859
855 365
327 75
899 66
579 993
731 577
928 243
1065 507
858 951
881 835
205 300
678 472
514 572
611 335
984 290
626 279
1047 959
796 520
429 795
300 374
781 560
615 128
501 862
1000 219
895 875
589 842
773 197
638 694
454 743
722 618
277 651
388 228
1046 580
604 591
504 424
578 387
264 802
1068 431
404 799
966 342
1164 986
714 948
159 755
252 785
526 125
470 425
969 722
618 628
468 395
379 636
425 300
851 520
633 508
411 156
755 872
143 530
964 230
463 289
719 422
549 322
578 860
130 994
511 314
539 394
649 850
158 293
257 727
406 124
910 228
447 815
299 274
483 229
615 542
728 840
599 303
394 245
785 284
899 532
199 214
360 601
506 112
718 567
499 443
826 311
397 740
1029 115
406 176
456 836
715 383
1102 378
1076 187
1008 481
755 773
538 147
587 687
843 561
655 62
682 176
766 340
212 232
430 866
1114 655
595 868
719 712
882 485
617 947
878 945
405 438
741 493
360 670
1025 884
479 317
844 618
335 124
1049 365
588 863
913 698
612 398
917 151
276 928
830 399
193 647
569 272
300 807
583 125
959 563
276 154
1061 479
874 1003
993 153
762 390
422 254
308 310
834 611
318 678
614 138
616 396
558 517
939 460
392 198
851 337
361 65
753 552
264 464
1000 424
728 399
557 941
630 974
863 756
885 857
845 786
605 276
266 626
892 902
549 860
939 398
676 599
538 491
251 695
586 299
508 482
400 154
892 236
994 324
953 723
914 381
266 609
779 388
469 440
850 630
974 41
887 498
996 69
820 873
299 652
656 90
380 653
831 121
391 931
214 790
853 239
1073 788
440 798
607 372
545 628
349 176
776 488
796 559
667 999
373 883
389 408
574 861
329 446
983 705
598 651
1035 841
1013 697
287 599
362 267
697 579
489 39
768 145
861 583
258 735
683 670
737 926
713 786
1036 728
499 328
331 684
978 606
858 749
484 191
634 900
798 560
174 954
260 197
137 664
574 705
956 127
695 564
632 899
255 642
1120 744
261 575
305 765
440 84
544 741
553 725
936 35
413 1010
102 667
469 561
453 771
950 889
826 165
231 759
484 695
462 259
990 883
1019 344
343 578
413 188
506 334
319 863
610 629
883 451
796 643
360 566
595 707
636 892
387 522
329 866
430 545
381 491
868 759
1023 834
818 205
219 708
717 635
208 955
647 455
409 25
234 409
385 805
374 563
582 513
472 488
539 73
892 783
394 87
285 679
531 383
431 865
611 87
400 57
841 470
1023 409
1001 804
1135 13
340 556
664 418
528 515
847 252
352 495
600 153
830 627
843 247
564 557
881 654
745 309
745 694
236 102
767 877
758 811
429 104
766 832
255 386
867 499
1028 783
630 507
758 650
905 579
389 821
863 499
821 293
470 871
482 277
628 50
1051 629
795 837
506 504
631 164
587 995
614 420
405 530
395 302
794 477
759 857
1007 534
467 737
1069 889
353 128
685 339
906 642
410 370
756 835
1031 640
296 808
500 648
385 236
441 842
893 146
668 918
249 897
213 97
379 352
1094 920
1064 921
637 765
287 357
580 838
201 602
953 685
653 817
944 263
751 502
380 233
772 663
864 484
1059 306
778 591
455 847
760 809
716 135
269 781
479 437
313 31
317 728
741 881
275 413
1035 174
936 868
1057 792
660 282
560 486
557 485
495 208
785 380
831 767
207 719
520 436
291 627
879 859
274 98
875 433
583 631
679 395
245 373
715 671
1104 148
925 415
1141 476
691 923
741 104
531 243
201 400
545 479
858 374
489 169
365 230
563 221
668 631
521 628
1132 77
624 448
691 127
429 145
961 319
278 226
904 -5
914 912
421 939
447 400
679 282
1012 523
294 225
556 630
208 735
958 134
906 827
889 249
1025 454
438 358
1026 392
749 225
370 546
429 978
451 372
517 178
537 699
360 265
1078 70
653 263
861 315
361 677
378 583
908 558
984 478
1091 531
514 302
335 324
969 596
602 579
254 802
267 905
347 62
648 461
930 929
283 120
537 488
795 479
362 529
977 484
392 412
790 783
221 90
302 239
253 595
1116 169
782 318
696 504
