1069 262
333 595
433 894
792 807
716 410
493 694
516 726
975 80
255 623
315 510
456 359
849 477
878 32
984 742
144 836
609 236
957 449
1045 232
583 152
722 704
306 915
485 667
734 476
462 242
823 619
1091 622
828 445
150 300
918 846
415 239
900 774
974 212
733 508
492 868
381 126
624 399
966 794
608 271
678 709
438 336
219 704
284 874
768 62
521 516
987 945
328 458
481 351
930 547
513 793
898 144
811 854
260 77
687 725
1024 841
875 341
462 934
468 803
846 480
867 431
963 822
616 714
495 421
815 750
807 871
251 369
707 226
797 438
308 617
736 859
547 362
439 729
915 848
307 450
243 228
503 602
747 1035
1105 270
919 603
423 907
493 195
532 691
1019 336
389 352
972 169
282 411
405 872
1158 993
648 551
528 738
129 462
251 330
305 789
747 60
120 321
612 657
685 1034
581 647
996 862
788 795
1068 412
854 438
323 101
928 107
712 99
936 480
469 67
490 63
960 800
532 403
269 461
295 569
779 155
721 522
119 1042
378 929
843 250
525 999
890 772
470 301
630 438
767 737
1018 359
453 181
1125 53
876 920
885 366
1000 719
577 514
202 752
905 191
541 315
898 754
271 642
929 860
943 471
830 393
854 154
750 259
932 736
989 297
136 345
792 494
794 606
1174 324
614 281
522 623
352 937
221 937
692 419
1048 866
752 210
367 617
759 145
478 456
208 203
219 103
675 100
330 732
744 234
849 885
412 512
572 495
532 872
944 809
939 549
603 561
1052 841
722 452
906 598
496 331
448 329
357 786
771 261
1044 152
447 681
225 504
549 137
369 149
910 786
328 80
933 174
984 430
1021 620
1050 818
1062 460
556 706
427 905
840 415
1062 500
1086 753
337 199
615 822
380 752
681 782
584 889
664 834
371 518
899 901
878 707
656 318
785 894
992 754
426 486
857 233
643 776
969 537
512 170
333 134
1020 782
1077 674
1094 93
738 132
299 870
957 457
1061 125
208 25
712 782
219 890
552 201
313 546
253 901
855 213
619 164
994 370
322 825
516 590
999 968
527 940
353 220
676 577
1074 811
931 452
228 149
795 659
926 820
634 710
225 979
1063 161
451 224
679 451
596 665
734 521
289 628
583 447
449 565
803 513
480 146
1038 587
866 933
578 234
799 68
341 411
308 565
593 903
403 621
598 424
275 343
542 318
1005 360
552 417
432 907
778 278
797 842
614 861
603 315
738 282
579 101
525 332
426 466
557 165
261 868
881 908
319 747
360 95
831 839
468 683
568 872
326 213
560 762
632 618
299 356
561 522
751 224
248 959
149 37
629 601
298 415
618 748
916 269
869 697
229 63
535 843
547 478
895 635
272 230
979 247
325 857
579 157
727 264
963 631
246 150
927 320
223 330
541 320
472 192
905 557
775 517
1037 655
829 112
994 582
1086 846
1054 747
558 185
465 418
895 534
498 445
1026 576
630 851
481 639
1024 401
359 226
533 472
659 833
1054 596
306 363
884 425
966 239
811 55
336 142
641 538
165 471
534 652
776 190
512 420
232 160
204 973
789 170
313 51
434 614
1070 893
423 475
752 668
878 184
563 855
698 640
529 837
569 665
410 181
705 557
725 189
676 583
1016 258
1040 65
623 945
867 310
591 280
824 479
255 196
635 786
490 344
1041 310
1034 436
877 354
1005 415
526 625
601 118
916 445
449 559
828 627
933 799
189 873
898 257
985 853
868 656
945 331
479 573
448 559
948 716
575 244
736 451
495 835
509 649
704 603
1034 916
1012 665
601 150
682 452
893 350
310 444
943 892
897 787
1018 801
982 172
251 182
1002 624
843 771
394 626
1016 569
565 208
1044 729
700 528
284 924
382 1003
712 613
189 833
874 826
186 164
722 160
417 551
755 340
711 372
227 680
1021 866
903 662
495 842
930 832
400 850
889 135
783 415
370 320
958 480
485 850
585 728
823 163
595 100
708 398
307 728
360 929
772 895
506 916
410 182
600 617
487 -23
640 931
1054 307
716 796
365 569
892 636
552 381
693 341
226 64
346 295
637 574
415 904
560 159
519 822
352 708
754 704
562 769
459 223
717 289
552 158
787 475
288 462
300 894
342 97
915 702
945 522
1071 906
893 895
967 124
998 896
668 834
986 173
396 742
699 690
565 293
683 360
1036 451
709 719
609 787
1014 869
401 777
449 748
733 203
636 659
1045 100
1029 619
935 309
318 785
377 531
861 236
238 199
399 122
512 816
954 546
528 379
1036 927
347 454
395 574
818 914
374 309
567 541
425 802
323 378
904 113
876 779
416 163
924 869
705 791
895 734
515 942
585 312
480 622
1036 819
998 747
711 536
564 311
807 463
832 322
891 413
312 154
338 868
298 641
651 814
301 591
604 24
933 282
321 516
1079 670
839 958
609 828
740 651
217 831
637 609
1031 943
392 899
231 741
948 114
558 615
582 360
319 402
713 503
247 264
558 825
1120 804
685 1049
270 499
729 568
692 298
536 965
518 476
686 871
206 368
828 846
977 486
380 24
551 477
730 876
1013 934
752 84
706 199
978 966
917 331
259 670
362 730
1069 544
371 810
920 340
757 359
937 825
453 845
449 482
950 147
691 329
984 660
1102 512
493 492
993 295
1037 363
519 402
1088 183
949 32
301 882
141 666
973 389
999 237
294 278
736 829
452 443
599 423
273 442
1004 469
373 485
244 424
807 215
1061 116
786 830
917 485
825 857
1076 942
747 783
646 370
842 885
750 968
452 487
946 19
181 635
251 402
1052 361
568 166
569 89
179 59
508 343
854 251
599 189
703 182
260 146
898 744
578 351
1144 159
312 785
821 247
1082 492
1011 703
200 938
1068 358
886 660
666 307
791 359
753 260
994 351
672 584
833 285
1048 221
657 438
674 808
1125 705
203 532
688 728
448 159
1057 98
238 789
979 101
779 100
473 715
306 284
970 136
520 100
1023 368
616 635
760 564
620 447
767 102
854 835
200 968
328 68
476 297
671 311
334 570
233 417
330 762
980 742
767 504
206 825
716 891
208 311
451 680
594 352
981 779
793 381
889 179
259 902
183 732
364 786
389 20
987 560
932 766
271 711
941 233
1052 138
226 755
1036 389
348 419
363 811
506 439
524 507
967 594
754 790
332 744
1090 482
766 750
403 94
400 716
867 800
770 786
733 560
337 694
784 513
505 317
198 830
1068 0
468 182
486 406
1150 945
418 297
433 699
808 220
919 765
482 522
776 121
567 909
403 555
941 366
385 653
777 322
339 693
1031 137
783 501
1138 521
817 975
806 865
505 622
663 958
714 124
144 141
732 769
1011 452
573 1017
594 838
405 904
1052 931
723 909
412 163
743 194
929 681
250 486
956 541
187 553
1046 753
369 641
845 206
759 688
881 311
645 607
1036 325
995 488
343 192
629 124
1002 508
712 225
780 668
583 902
774 200
991 255
526 320
956 590
374 409
461 148
433 655
339 394
666 433
558 529
374 241
484 185
893 996
772 581
475 388
994 545
812 562
805 707
416 543
530 787
929 771
380 -6
687 935
655 165
689 399
452 755
919 528
247 112
924 693
555 768
982 129
856 327
556 658
878 209
866 590
194 597
519 403
673 566
491 650
980 674
541 264
846 235
300 615
461 559
935 627
1020 797
520 110
594 545
904 214
620 387
220 33
992 858
445 818
719 728
822 911
686 297
239 363
952 593
231 207
752 41
316 592
221 222
810 964
980 889
246 871
806 672
430 553
280 753
242 528
501 345
899 256
378 927
687 738
973 339
321 549
679 708
896 533
383 387
1064 403
615 304
318 938
1042 740
788 725
868 860
758 58
777 844
352 536
948 261
868 344
740 347
786 638
939 736
355 229
765 459
1070 793
765 248
973 346
492 632
527 533
485 493
929 957
490 768
421 301
780 212
1101 206
626 174
513 679
405 270
935 288
535 966
941 344
747 170
743 282
803 875
1155 163
709 529
652 734
414 521
961 132
332 266
553 398
433 917
250 292
1091 265
595 372
273 341
354 378
842 666
272 952
557 372
962 418
407 467
580 598
280 872
490 18
247 385
428 593
532 132
502 550
435 250
415 245
1023 500
542 675
727 404
901 321
448 987
419 387
188 484
826 443
743 192
991 100
343 262
589 608
659 671
865 235
572 85
1086 456
844 722
553 278
424 258
202 200
327 323
472 548
861 87
439 882
727 695
878 956
450 568
954 165
838 390
331 697
807 591
663 589
947 252
638 316
646 557
501 254
585 99
586 202
482 398
900 373
207 255
193 763
788 706
867 979
307 202
611 198
1037 408
1075 269
220 648
715 484
938 653
880 719
583 74
231 200
867 615
514 134
910 952
965 463
173 305
1049 158
799 297
532 615
1022 292
759 698
511 173
920 630
425 313
968 480
211 603
972 189
943 136
662 858
955 877
497 537
652 388
278 858
994 764
1084 322
452 857
985 974
375 362
672 390
741 379
879 234
836 994
778 898
295 295
346 264
269 441
442 675
939 195
628 687
804 883
1052 245
310 671
323 985
326 441
646 883
697 163
204 399
600 606
916 599
1014 742
788 127
1012 495
873 785
280 957
379 517
962 117
440 175
489 720
957 379
566 782
264 440
542 885
497 856
