994 461
345 800
406 486
1018 658
234 738
137 1008
857 245
868 320
513 62
212 527
949 666
895 718
952 333
1097 498
1013 790
611 171
621 181
745 828
901 454
464 920
290 463
207 453
1059 293
1070 635
1084 636
307 276
281 758
795 763
998 543
901 334
539 516
844 873
1029 386
590 327
193 674
1000 527
783 169
1019 456
839 782
959 602
196 359
841 886
464 370
462 712
767 518
918 1025
713 135
891 301
959 809
470 574
520 161
581 715
720 310
1011 528
372 94
833 158
730 207
175 194
526 916
288 918
197 663
628 711
845 884
274 617
235 887
941 972
520 237
309 512
961 575
202 345
663 791
131 747
929 556
346 454
504 1018
843 901
991 150
454 876
427 293
833 969
347 247
502 324
680 879
533 860
954 277
967 143
505 823
259 712
907 791
337 701
646 796
473 587
974 698
930 532
215 685
1087 903
750 916
741 170
952 543
209 693
304 391
150 831
854 526
1074 65
161 226
345 463
434 466
840 839
576 518
833 457
449 282
856 283
220 445
546 336
753 358
372 77
636 235
142 1014
416 245
793 709
355 809
786 917
706 117
227 760
344 824
660 352
308 379
630 255
199 405
825 452
1023 661
435 607
831 274
511 179
339 243
412 555
683 386
336 726
337 203
1020 282
1009 865
537 141
855 430
863 268
597 65
546 589
463 560
376 340
727 451
566 858
1031 269
1130 438
1059 668
643 625
557 197
289 918
815 219
794 943
382 731
621 750
322 392
1040 977
295 190
380 609
581 673
1152 252
867 578
253 856
368 924
251 545
806 624
809 388
178 400
1028 214
470 386
969 444
851 180
906 846
969 255
950 718
1037 310
775 447
491 860
761 744
590 750
225 898
852 419
1065 447
317 99
728 1026
616 711
232 851
1133 396
297 830
465 189
699 475
338 142
1031 493
1005 742
717 265
703 500
730 202
817 582
239 461
835 705
690 87
396 236
374 885
631 702
522 282
339 378
946 410
890 911
315 814
864 547
709 805
859 148
535 280
714 503
962 879
866 -7
519 549
687 802
1099 105
654 648
996 647
250 578
873 586
454 256
644 204
1024 383
494 908
479 941
317 886
624 637
339 236
309 886
987 851
1107 201
880 518
766 543
775 892
592 484
809 627
554 280
1121 487
318 277
921 520
819 458
807 741
440 989
905 543
969 768
835 836
315 565
649 486
541 409
919 845
368 380
813 699
171 616
662 818
672 537
737 162
342 845
1059 236
901 553
968 296
751 910
552 797
959 218
441 533
167 187
816 739
670 883
768 285
755 128
395 160
1172 829
648 588
541 620
751 775
442 510
590 696
871 591
646 793
503 684
666 742
684 750
347 543
677 677
277 546
640 408
303 469
636 359
894 427
455 851
471 263
715 344
775 135
791 502
893 466
192 142
682 803
427 420
893 715
839 459
150 397
568 501
926 554
852 865
959 108
531 901
1013 434
583 531
539 631
881 405
974 654
917 848
1002 938
378 232
306 163
842 348
856 658
607 545
736 172
676 146
605 260
392 905
952 561
763 356
1013 363
515 496
279 615
802 149
645 233
457 562
880 399
678 587
316 17
537 297
619 756
754 686
182 814
375 556
308 105
967 826
813 505
999 484
234 921
368 785
819 271
606 109
281 838
989 306
873 249
258 42
736 753
491 443
1062 712
389 789
955 587
981 704
302 616
704 464
775 851
324 15
387 213
694 -12
297 968
138 757
989 343
185 437
1035 716
489 428
987 376
768 677
984 787
752 923
396 852
430 801
758 484
938 166
550 260
389 589
561 263
396 210
382 716
817 638
596 712
520 509
664 733
1043 198
1138 647
703 441
693 774
623 76
949 729
734 553
1005 940
1081 94
842 11
319 478
436 839
723 889
592 969
672 460
292 345
806 867
843 375
381 673
383 731
452 729
507 69
345 182
640 207
671 808
614 214
566 186
686 66
554 27
635 451
310 357
413 848
235 345
830 166
420 729
991 590
725 749
920 869
472 775
386 273
928 496
523 779
679 619
308 563
753 525
318 587
962 221
761 381
242 650
632 578
1083 572
626 476
948 679
592 471
713 407
574 620
399 244
1101 863
281 495
285 446
892 542
1030 368
187 571
536 172
621 357
754 181
481 552
789 414
1057 144
779 928
192 736
761 918
961 464
814 860
293 341
607 579
831 151
612 1005
544 527
711 988
806 711
1028 681
677 723
1001 118
839 155
816 897
1042 751
194 601
1133 594
563 450
436 199
357 463
294 692
847 159
1061 222
909 257
231 307
225 177
262 740
938 197
821 172
723 496
676 891
403 405
773 791
415 886
639 204
274 556
362 827
443 462
900 113
351 737
790 712
327 823
834 557
468 72
239 514
1139 607
993 757
198 745
605 943
720 679
243 386
1029 183
760 806
878 573
958 705
509 177
271 576
303 88
546 416
396 694
416 737
522 796
756 835
1037 872
658 904
905 258
242 236
837 747
306 129
642 410
212 152
998 438
1017 303
303 659
678 738
714 702
381 294
715 118
280 313
1058 345
484 515
1093 556
860 131
210 270
673 664
371 823
848 490
804 585
618 178
302 208
1052 712
348 397
501 184
784 222
1051 412
744 849
486 235
977 673
1048 485
606 739
742 807
983 548
306 265
358 856
516 687
585 235
238 862
625 598
981 406
316 809
980 689
468 809
986 560
405 133
817 568
1029 661
253 105
976 415
153 738
1097 149
975 850
169 15
547 382
740 131
331 775
967 891
391 630
893 895
847 45
785 152
303 926
485 170
270 24
315 792
555 193
265 885
508 634
932 382
757 300
964 808
370 323
743 296
715 220
443 599
221 914
1038 673
418 447
624 249
661 664
378 593
190 471
722 484
169 652
411 623
639 692
579 545
1017 725
382 518
600 750
700 674
249 537
991 72
429 457
1005 417
691 119
927 757
336 525
852 246
694 614
1045 356
762 532
253 122
470 798
259 825
351 526
437 559
324 712
883 532
1100 846
966 418
1010 724
997 465
758 610
306 596
1002 649
329 329
245 614
1116 618
944 686
808 302
517 397
501 533
1009 250
544 297
593 693
555 945
668 236
686 460
795 442
423 355
211 390
548 106
192 579
943 905
482 798
332 830
655 706
777 802
289 532
900 913
941 303
833 77
358 626
128 896
724 446
859 359
914 718
299 639
359 117
835 39
532 111
457 690
609 392
1037 112
314 270
868 274
450 32
237 505
321 658
625 521
683 285
936 525
719 174
410 562
581 178
399 298
917 333
825 398
246 329
416 166
430 951
280 411
284 100
1018 500
135 882
1013 539
1038 777
475 554
443 499
759 807
295 878
751 441
424 725
360 311
803 540
722 876
867 561
353 825
905 667
755 353
564 716
1027 804
671 93
971 457
757 852
418 779
1049 911
1040 445
290 556
739 509
732 625
1162 68
387 175
267 289
247 67
898 64
524 183
899 337
806 842
1125 933
399 640
823 906
447 779
816 203
476 320
912 738
922 541
1170 51
1056 214
766 615
829 173
678 207
1095 347
880 813
1007 407
532 215
792 645
687 652
991 737
365 961
909 841
899 886
987 618
517 623
472 822
742 74
783 266
347 109
682 238
431 443
438 262
358 502
512 291
536 342
511 402
548 338
575 496
853 880
514 292
872 195
681 -2
315 160
601 862
681 266
279 206
633 495
436 14
430 315
760 68
568 628
726 188
320 403
646 219
308 1032
795 336
261 173
177 691
786 790
751 198
425 427
906 631
149 997
779 686
992 268
470 92
1039 862
835 221
688 435
191 586
516 666
196 106
358 811
609 501
739 878
396 379
487 551
1049 760
649 371
733 308
1010 466
497 700
755 191
121 829
1077 729
488 434
745 283
207 355
856 804
660 855
578 734
871 154
206 753
182 131
472 84
370 254
844 134
538 391
429 955
665 313
778 326
923 730
817 747
530 229
551 568
222 575
436 261
853 378
1063 890
1111 231
548 591
1063 524
463 783
359 730
736 360
591 482
1016 612
944 268
975 856
857 377
234 605
901 375
312 998
976 323
965 819
326 889
414 647
307 771
989 162
555 804
273 453
392 527
748 286
284 894
493 473
998 716
529 833
506 689
303 562
748 576
218 348
653 216
476 60
489 763
639 659
1043 186
509 317
882 428
639 484
825 322
956 385
503 151
1011 228
672 433
625 842
380 887
746 863
825 184
661 216
510 527
369 508
833 426
444 621
554 495
690 318
266 154
731 923
931 156
872 1023
949 271
1056 124
1122 999
816 229
847 441
728 359
540 157
1080 464
281 527
664 225
200 531
886 134
900 1023
300 245
491 268
463 671
381 291
483 668
990 989
748 293
906 334
1003 69
946 370
981 554
378 683
567 572
1023 403
326 943
421 314
206 271
646 191
1039 339
199 618
781 403
422 698
1099 349
816 757
183 394
977 474
569 719
1003 360
556 498
1088 616
355 121
543 363
255 339
354 821
395 573
287 351
425 403
802 494
380 626
1063 553
447 946
324 168
934 177
129 720
287 574
989 581
652 308
748 141
354 252
478 66
1099 573
524 229
723 246
791 330
680 163
968 716
262 957
529 344
805 879
267 478
768 165
1012 303
448 450
596 391
775 869
706 244
481 91
305 8
913 748
384 165
187 297
860 159
919 389
513 165
999 222
