804 318
372 868
540 752
963 24
482 589
1058 555
792 535
837 279
862 290
227 720
720 678
878 940
611 93
526 188
279 360
984 909
687 82
1010 761
730 362
1024 308
818 356
485 356
927 746
697 778
263 719
344 687
801 220
1031 58
256 572
307 1002
1112 573
727 435
245 651
341 293
446 774
907 731
1103 606
307 178
318 916
639 537
939 902
709 485
968 888
644 786
646 379
1016 337
907 190
746 342
277 442
1010 515
337 605
579 762
660 819
504 269
960 469
705 151
284 762
989 425
696 199
678 930
624 963
859 900
1038 1047
864 438
716 217
669 843
798 597
941 523
840 646
749 486
818 481
627 878
371 111
981 361
853 722
450 287
1068 737
443 61
142 366
1070 458
899 419
897 114
646 482
814 261
823 237
405 610
848 285
352 498
240 828
702 483
1177 296
1049 931
496 657
1093 47
819 417
818 352
870 889
948 60
238 433
535 735
904 1013
536 268
319 303
868 571
815 151
612 572
996 217
424 453
940 926
991 265
663 518
1069 295
628 130
912 862
444 855
197 617
904 137
512 219
377 732
329 96
657 222
412 620
1036 131
395 886
761 241
681 724
370 637
250 43
975 652
1057 242
590 365
634 181
881 822
183 148
411 123
490 525
429 451
217 402
857 811
696 220
513 841
655 694
787 89
504 787
854 885
580 643
662 664
824 192
289 731
425 789
875 964
683 441
661 198
561 794
1022 431
697 288
806 222
731 156
939 744
797 437
1120 707
263 731
828 289
339 627
1025 102
187 46
475 298
827 833
997 804
603 646
893 262
813 438
266 933
854 223
420 508
693 570
658 221
212 387
666 845
1028 509
1011 805
561 510
626 603
605 616
354 477
1134 848
741 513
205 980
682 354
484 753
1007 964
1108 877
324 897
482 813
635 325
789 596
380 259
984 816
837 332
1033 62
638 694
785 398
752 981
431 917
380 618
979 201
382 776
469 890
698 861
666 67
696 558
894 909
315 701
1055 682
961 617
802 227
378 331
483 730
562 532
421 931
386 735
191 1009
743 700
918 824
932 499
804 56
924 588
737 278
211 272
604 633
571 98
175 660
556 213
934 21
369 808
869 679
143 914
982 153
881 893
972 556
391 137
242 910
649 453
819 329
264 567
352 923
815 212
462 508
1061 624
510 666
1067 758
1007 291
243 225
800 446
474 682
711 652
369 247
253 398
634 94
1050 835
992 846
670 883
1044 695
894 490
757 686
335 187
865 394
583 541
240 478
670 786
515 836
579 980
897 703
723 391
619 505
280 301
604 650
242 883
879 193
791 459
617 868
491 416
416 513
360 903
256 212
301 368
947 827
997 222
575 630
143 580
619 728
769 931
551 326
837 446
501 411
254 605
470 1001
359 158
378 833
353 465
825 78
269 241
200 495
435 495
745 362
1001 592
400 623
543 437
856 658
278 79
914 889
978 658
867 913
651 804
542 383
350 710
625 666
247 255
566 330
614 212
275 970
605 92
699 396
575 821
623 334
580 749
1062 15
384 1046
608 294
412 295
957 295
687 705
988 479
1037 292
621 381
820 707
1045 698
356 210
352 370
640 370
1137 797
826 353
251 848
471 479
271 180
524 788
688 209
330 266
966 707
981 191
1041 707
708 708
1057 482
280 800
354 406
178 997
522 348
940 627
873 708
1059 921
742 117
916 947
645 768
245 879
436 535
1001 584
634 446
513 100
167 850
259 507
945 751
554 276
827 407
297 707
725 844
241 422
752 140
380 107
446 467
134 541
1106 599
261 63
548 745
863 243
812 752
672 278
924 118
458 591
708 946
895 125
502 770
727 64
398 458
668 696
726 395
418 753
444 959
400 874
842 55
858 727
745 250
486 303
445 1041
583 685
1017 463
439 730
153 627
461 363
858 851
235 636
875 293
634 157
198 808
556 443
452 342
200 247
1072 100
650 168
449 715
571 10
680 590
375 478
436 494
1075 829
660 353
572 755
951 167
937 423
724 211
683 937
877 763
716 529
469 420
582 533
991 395
671 908
794 603
408 758
346 1024
1046 552
803 239
762 198
669 288
144 118
901 450
381 338
238 654
1069 702
717 554
732 868
549 644
631 813
602 201
995 639
1107 551
874 501
317 234
402 246
594 299
674 116
983 149
459 612
790 500
365 896
997 273
762 344
430 438
777 553
953 553
265 414
481 987
1043 392
620 244
205 410
842 447
224 897
830 109
995 216
401 552
986 421
1108 116
1032 261
525 987
722 206
344 614
134 134
742 234
412 530
598 625
743 317
449 212
461 708
838 788
509 792
315 516
1025 241
416 621
516 367
764 726
491 269
462 221
612 386
789 410
905 362
1022 482
927 535
501 634
790 238
378 395
506 474
648 366
590 715
1132 241
645 707
922 413
740 297
580 729
1117 504
665 664
233 451
754 721
1011 374
196 923
1136 64
231 203
385 56
482 988
1007 123
190 417
399 507
608 369
794 181
1087 378
301 905
979 300
585 385
437 892
574 328
1144 733
815 169
455 979
1040 191
956 589
842 997
941 285
642 912
287 784
355 762
1066 439
1033 534
989 876
309 262
896 738
189 102
774 514
1120 960
892 153
816 232
379 702
507 946
442 1001
616 298
932 605
573 196
598 928
348 1024
823 367
1025 742
858 148
215 729
525 225
541 602
453 465
1010 514
633 844
776 669
449 540
547 584
178 793
422 565
846 858
948 408
475 724
250 94
419 394
932 553
521 591
939 520
831 88
852 426
853 506
358 525
737 735
143 764
391 83
1066 212
878 421
690 109
392 832
651 103
1079 531
749 105
938 779
787 120
788 979
508 636
1031 758
915 507
548 482
1089 687
910 440
784 928
624 53
326 508
624 924
821 272
429 47
305 885
418 877
1062 879
855 747
655 482
314 504
298 848
764 606
457 107
799 294
854 241
528 328
854 276
381 792
301 349
387 773
745 705
343 819
592 678
829 757
374 773
729 474
661 266
904 320
283 864
694 606
1026 974
505 482
383 611
445 238
355 526
786 288
494 139
315 367
971 454
564 484
332 772
493 776
346 370
813 763
190 134
750 768
558 716
499 316
788 337
420 856
688 0
805 449
270 868
968 654
757 355
1076 712
819 613
437 455
580 123
1074 241
496 406
816 808
869 906
345 491
1119 327
719 472
430 193
796 854
658 497
202 963
888 143
780 406
780 313
885 795
909 574
948 602
708 439
305 74
888 619
519 754
992 252
1005 680
366 875
596 581
790 317
826 732
831 170
692 45
523 78
534 221
464 181
484 318
254 85
674 181
270 723
943 628
185 879
506 45
737 345
684 917
662 239
798 770
823 132
709 396
697 357
1083 242
321 309
808 525
988 587
198 831
1031 570
970 932
618 206
325 758
989 229
352 840
1003 321
272 345
1035 732
706 496
918 853
400 313
709 870
876 45
1093 778
723 340
1080 782
592 374
834 334
822 158
634 210
677 765
968 388
1029 593
547 290
464 611
605 868
937 119
610 506
619 105
331 888
956 299
846 709
253 617
274 768
592 811
293 317
273 325
942 706
860 597
1002 121
570 500
170 866
534 759
793 393
527 771
687 697
446 343
329 515
795 787
234 160
647 627
933 4
501 327
609 913
408 260
419 698
581 646
848 313
1004 873
476 681
1130 869
1062 334
827 729
408 414
586 248
776 425
745 294
329 612
462 684
899 804
621 213
295 144
589 440
928 670
474 499
249 798
1017 665
698 203
473 646
528 14
1086 66
446 955
569 651
176 384
841 995
712 411
744 512
797 741
367 498
266 732
705 305
329 450
955 352
824 642
601 243
1031 748
864 549
1059 821
322 604
316 144
1004 555
492 643
921 941
699 555
212 275
624 8
627 643
238 178
671 403
497 408
255 182
170 23
181 1019
745 651
309 162
597 445
620 282
794 630
908 211
677 632
327 169
655 628
617 601
386 449
1068 897
631 127
410 434
241 824
251 382
545 177
499 1014
998 65
316 439
686 426
867 76
604 123
338 265
353 412
1071 650
830 883
828 696
428 289
206 96
467 606
583 452
764 104
983 734
961 185
1047 823
199 745
831 891
278 861
279 374
516 981
515 510
432 715
957 406
442 659
524 326
477 250
783 501
1009 472
451 914
365 486
762 365
349 319
175 656
529 377
825 441
240 481
682 584
663 838
454 918
242 888
231 196
817 617
903 489
597 166
1042 795
736 526
608 250
556 899
568 533
1071 806
795 833
482 689
647 910
971 61
336 77
1091 30
1046 471
936 563
522 275
199 -6
1005 302
619 349
886 521
339 801
501 417
263 717
919 422
408 381
871 291
202 257
341 638
773 242
418 155
529 747
257 934
888 62
560 612
321 880
256 90
965 782
817 915
372 874
243 857
389 452
550 673
1060 108
858 703
685 718
418 346
971 699
187 255
787 432
593 427
611 579
283 73
719 847
1069 245
461 288
702 634
656 604
312 839
222 302
1034 660
749 875
186 555
721 164
235 515
445 419
169 545
623 52
721 852
353 755
277 905
686 568
994 537
750 827
754 349
1059 724
813 542
590 209
463 868
419 410
903 638
247 857
992 643
318 44
481 320
811 652
1013 883
1073 311
211 384
430 546
781 67
804 837
289 311
335 744
377 529
936 186
703 589
892 140
982 617
706 918
