545 510
693 467
439 177
910 493
313 416
838 603
754 206
963 513
350 928
769 270
410 657
879 749
865 783
871 467
841 100
1010 777
1062 184
715 487
624 907
277 498
679 285
892 559
380 132
577 350
933 82
493 595
832 906
871 627
369 919
556 223
329 414
819 139
528 290
1069 210
616 564
786 390
1104 857
710 96
953 606
1002 967
433 557
841 584
530 503
773 757
343 704
545 40
973 447
346 986
312 531
694 727
318 841
678 363
1118 483
430 605
505 753
834 411
389 600
456 835
774 351
1030 656
664 229
548 775
472 622
187 988
817 892
679 763
815 209
695 244
763 640
242 792
928 483
215 922
301 504
930 891
223 196
232 239
327 811
441 599
553 571
985 359
312 151
849 -17
248 516
606 620
929 703
791 492
901 142
677 526
453 959
389 21
792 1018
373 287
353 405
316 702
170 819
893 620
934 743
846 802
816 634
259 447
816 186
259 1028
709 472
239 444
931 552
840 120
370 307
408 174
373 410
519 80
412 725
534 916
811 210
272 234
901 232
410 93
969 951
521 837
966 602
835 973
761 274
956 507
1071 108
411 563
582 957
685 232
494 139
330 771
513 847
969 816
683 259
434 190
647 917
664 878
444 396
834 325
569 719
821 119
605 754
892 826
596 121
790 141
219 394
738 875
706 352
234 208
871 227
653 313
671 729
853 972
214 290
739 433
751 305
283 391
984 734
898 112
852 676
983 299
877 814
917 66
254 699
941 754
948 936
770 374
854 385
980 525
827 351
904 524
929 322
273 609
665 806
751 117
373 831
355 611
433 291
941 973
845 106
989 361
715 1010
321 404
706 870
442 644
397 500
1043 593
1088 419
891 381
209 482
615 437
662 485
684 426
664 327
339 354
562 558
869 335
479 304
415 391
419 272
1150 175
818 1011
391 864
415 359
865 355
265 423
384 93
1041 285
919 387
261 920
553 682
488 214
432 1004
595 307
216 680
940 865
833 181
650 612
352 812
983 753
948 316
786 115
578 917
984 877
578 334
932 79
1027 411
1040 311
934 565
1029 379
302 516
432 776
757 338
498 317
901 896
1006 580
918 216
761 580
335 527
726 379
774 142
473 450
959 991
612 485
736 377
872 632
637 144
232 436
504 626
754 793
878 750
675 290
238 91
316 961
869 486
618 525
661 364
920 384
942 528
218 409
786 169
246 703
140 892
406 887
658 384
794 170
542 235
991 772
244 588
310 646
805 223
848 412
450 535
1017 795
841 678
847 173
616 663
496 467
524 498
891 635
986 770
246 775
629 425
662 621
131 102
1035 895
1051 372
809 427
633 841
325 279
250 98
339 815
962 404
1113 38
740 409
257 857
836 930
890 496
1013 585
1111 889
771 424
958 747
226 481
845 806
983 366
888 900
1054 714
317 949
374 839
379 209
1006 905
801 336
740 383
1072 246
596 160
551 35
373 36
203 567
696 736
557 684
769 649
760 514
568 81
307 616
636 408
122 196
299 585
413 891
927 701
434 526
968 59
881 144
885 478
447 512
1112 931
859 161
381 319
1045 503
706 381
488 799
470 743
603 794
547 600
326 645
927 606
1050 633
441 589
1030 920
920 771
438 779
362 116
372 126
641 729
821 133
287 563
772 638
524 244
328 706
916 215
1006 229
360 178
445 740
683 347
193 402
491 121
369 208
908 170
718 307
580 31
1021 363
579 609
447 370
681 666
395 756
1013 876
613 809
1047 133
454 859
263 606
485 547
303 645
557 143
775 989
696 359
250 305
729 182
860 707
509 608
547 650
385 170
555 270
283 793
862 562
534 604
442 900
888 943
424 425
858 249
420 392
389 297
787 565
801 555
569 581
757 123
467 378
196 920
302 265
401 593
433 660
632 786
1024 200
420 221
504 552
369 284
307 893
750 266
389 121
1068 669
382 33
790 266
570 228
870 123
492 509
721 150
584 548
643 755
996 446
283 759
687 927
223 285
954 945
450 743
592 68
1032 292
264 427
796 439
443 603
491 854
325 128
767 847
949 711
505 917
676 830
508 463
818 528
278 812
871 297
813 998
1054 362
507 511
123 979
695 357
203 304
249 756
542 236
747 660
1121 508
394 650
620 623
261 557
926 928
602 158
762 640
787 903
260 361
494 606
497 629
360 402
540 169
632 517
579 428
290 471
750 133
381 515
805 827
853 248
320 706
424 233
865 362
269 373
1037 512
824 150
319 682
1017 929
164 144
352 540
877 544
742 112
523 797
1050 148
225 278
757 645
1001 128
1007 954
1051 427
540 565
177 152
837 253
313 960
694 268
971 875
692 340
678 584
186 802
348 531
494 646
370 656
962 600
649 173
911 162
511 749
928 492
360 649
592 762
379 759
609 152
934 417
972 972
981 840
897 909
894 889
729 352
815 609
948 277
641 732
582 496
379 1000
598 806
437 237
275 410
1044 544
410 530
393 243
928 695
823 410
474 279
922 94
661 498
1111 888
934 103
629 1014
778 596
517 854
900 882
981 242
1007 728
349 961
538 262
866 463
303 335
618 893
526 545
602 814
1027 685
750 421
911 781
372 270
530 390
293 841
698 115
545 502
755 710
479 949
735 939
466 746
570 741
663 898
832 341
803 475
674 446
706 965
888 475
193 420
491 233
425 256
450 244
819 182
341 258
760 545
343 477
1054 599
691 844
1007 730
574 697
802 982
578 543
899 385
614 882
697 95
517 146
1113 556
821 570
957 320
420 276
334 362
884 709
216 862
539 876
329 211
539 538
1030 659
373 376
1030 333
248 439
578 270
807 513
161 200
601 73
1100 156
990 194
802 505
612 178
698 925
992 428
352 613
452 129
653 65
773 475
322 806
744 917
806 302
886 844
729 634
871 471
328 826
328 328
764 771
266 737
314 234
225 224
715 200
1094 146
1004 195
1100 987
255 413
630 942
580 793
711 665
993 578
527 282
1058 855
707 127
1021 533
732 358
680 654
1126 302
315 674
841 985
993 527
821 295
479 898
963 766
253 159
1068 255
462 609
350 279
577 27
1078 916
470 214
877 767
459 158
227 687
452 520
314 166
1080 215
1021 172
582 639
776 208
458 161
103 -11
250 87
877 424
397 926
946 61
907 348
922 245
986 116
395 856
268 921
675 639
131 909
276 273
562 690
744 758
696 691
786 923
320 495
827 794
693 614
569 751
358 911
1099 135
1031 424
567 457
521 654
808 300
324 160
598 295
755 630
691 286
259 272
330 712
886 302
399 838
589 409
309 304
314 48
711 188
210 935
627 943
528 165
413 411
767 398
332 645
582 898
358 107
883 664
883 405
565 185
510 745
966 801
985 149
566 850
514 384
282 678
1008 86
549 803
827 186
457 245
689 468
249 250
1056 844
826 677
328 607
928 897
667 675
236 618
521 676
951 78
602 593
834 964
893 584
467 653
984 520
729 85
697 696
226 794
453 649
646 698
624 907
352 101
438 926
302 155
504 874
676 559
1107 727
773 51
599 123
143 267
899 609
361 596
658 487
636 448
468 112
1019 717
865 837
829 349
634 351
1030 766
254 322
498 120
302 126
373 556
644 443
161 918
718 642
328 346
416 465
560 298
1037 461
514 297
535 462
601 186
1142 459
171 528
941 498
615 744
556 662
832 755
866 126
842 220
256 591
509 839
150 890
659 75
462 954
1047 398
716 567
969 561
638 639
803 684
807 215
793 276
576 927
544 276
487 826
329 874
542 467
363 671
485 399
707 586
209 481
1028 206
659 527
922 751
787 438
516 502
718 825
947 777
612 479
883 678
955 211
628 321
473 999
249 519
768 106
1047 355
933 509
1008 699
686 943
1044 764
327 241
450 934
969 300
317 176
740 312
861 960
755 971
583 458
815 277
555 539
480 596
862 156
720 757
352 816
366 157
267 601
803 947
1033 939
853 673
503 216
673 -10
491 931
711 153
622 336
313 128
360 797
400 810
831 849
525 673
931 884
480 655
385 224
914 795
616 841
537 951
258 612
608 579
774 429
1135 700
902 452
1023 354
450 906
590 333
1026 567
360 291
258 167
490 659
666 852
618 235
529 857
882 415
450 510
812 161
293 75
466 601
154 123
327 927
697 30
319 30
1051 497
985 156
513 44
254 844
349 754
231 784
750 777
391 915
1013 627
960 632
353 650
370 620
936 439
1065 797
421 590
850 540
759 422
994 869
565 480
526 929
932 113
1033 452
691 174
1013 491
707 453
649 289
338 9
672 269
336 826
479 814
337 263
522 204
333 204
700 491
1015 372
266 465
701 485
361 830
1022 457
327 252
879 173
302 756
563 300
1028 433
481 333
686 717
450 787
625 367
639 462
759 225
863 163
956 704
762 128
381 917
411 121
810 217
468 360
856 683
327 64
1040 574
1018 211
539 686
637 1028
877 673
570 858
460 379
617 458
329 791
234 854
395 591
840 547
585 672
818 -7
424 393
1021 247
665 407
699 622
355 923
774 888
454 796
428 472
301 701
513 282
268 391
593 463
773 889
320 438
368 478
707 536
774 361
638 483
848 746
686 379
1102 483
920 981
828 456
496 802
898 320
582 5
331 524
612 315
714 736
369 162
329 936
247 414
1002 665
230 657
1165 904
842 67
259 196
1057 743
1055 526
387 130
