83.885 -42.277 -350.246 1.090
-49.221 -87.533 -325.279 0.840
-74.990 94.206 -323.177 0.975
-72.859 64.365 -315.624 1.040
-53.405 -83.206 -356.634 1.227
4.208 -98.199 -465.861 0.989
29.723 36.402 -411.312 0.832
-92.012 72.500 -393.515 1.082
-74.089 -80.352 -305.925 1.044
-4.068 4.734 -389.065 0.928
70.309 97.999 -350.341 1.070
57.968 50.522 -499.201 1.084
-50.708 56.913 -370.497 0.982
-8.640 -72.065 -427.171 0.982
-27.968 -34.962 -366.186 1.090
19.909 33.450 -380.680 1.054
-35.656 -70.616 -433.753 0.946
-31.321 -27.965 -388.460 1.018
91.804 -16.757 -318.753 1.131
-42.738 -37.828 -357.175 0.937
12.937 -93.238 -315.450 1.087
2.508 80.227 -466.397 0.970
8.337 -65.668 -434.118 0.960
27.102 -65.227 -362.042 0.932
-61.867 80.719 -364.171 0.907
-5.753 78.915 -488.565 1.038
92.864 94.722 -311.684 1.102
65.681 -21.314 -317.084 0.977
-98.686 -36.040 -348.064 0.992
-84.105 -66.543 -358.759 1.055
69.362 -34.873 -373.084 0.930
40.420 -39.494 -386.702 1.067
-53.251 54.995 -358.560 1.028
-98.432 29.051 -304.078 0.970
-89.719 76.211 -315.659 0.765
27.536 98.060 -339.252 0.921
6.302 -3.346 -449.645 0.915
78.947 64.111 -338.725 1.142
-85.636 -42.483 -399.492 0.876
16.348 74.639 -355.485 0.998
81.843 52.325 -388.162 0.943
41.918 68.866 -498.970 0.865
-36.787 -31.077 -400.643 1.020
30.080 52.084 -377.958 1.027
11.213 53.281 -439.827 0.982
38.650 -0.478 -336.481 0.990
-54.247 -70.841 -331.975 0.870
49.028 -82.067 -330.719 1.079
37.160 14.080 -302.359 0.935
-24.130 -64.026 -403.758 0.958
-80.234 -45.606 -395.422 0.970
-90.914 11.662 -307.348 0.992
82.009 11.725 -373.827 0.800
-0.609 -46.030 -307.280 0.771
82.218 -26.290 -465.124 0.903
71.488 89.366 -413.278 1.151
-96.015 53.438 -337.293 1.000
86.338 3.186 -348.105 0.919
-87.456 76.802 -456.681 0.913
92.069 6.476 -431.466 1.070
-65.196 -40.516 -345.940 0.942
-1.563 41.725 -313.990 1.016
14.063 11.019 -310.614 1.061
-90.123 27.598 -477.256 0.795
-60.592 -92.877 -319.745 1.039
-75.281 45.221 -398.816 1.029
56.931 18.810 -471.921 1.013
-31.885 -47.262 -323.905 0.974
-44.107 50.163 -430.799 1.159
52.363 -77.406 -431.162 1.137
-2.583 -69.872 -336.301 0.980
-15.270 -51.745 -412.154 1.063
16.985 24.303 -402.965 0.939
-96.489 52.060 -301.268 0.817
25.747 -74.783 -459.578 0.966
20.281 35.473 -364.163 1.094
-86.013 62.249 -464.689 0.976
31.857 40.202 -367.582 0.854
-37.417 -43.557 -459.497 0.938
89.116 37.902 -368.925 0.824
48.647 -3.838 -377.450 1.069
-40.622 -54.630 -348.727 0.979
-37.892 51.299 -482.278 1.055
-4.561 -82.363 -432.305 1.172
25.859 -90.782 -372.666 0.956
45.897 24.714 -413.038 0.893
47.731 -27.016 -477.606 0.979
-75.823 42.319 -418.920 0.837
-30.793 71.482 -372.060 0.949
6.760 50.948 -444.208 0.931
11.545 -53.752 -317.341 1.071
7.287 87.805 -481.542 1.008
-11.327 -41.655 -306.681 0.905
-86.870 93.368 -321.042 0.904
-5.511 -82.683 -430.803 1.006
-82.588 -49.776 -406.959 0.934
-4.966 39.456 -474.002 1.063
-40.289 49.230 -365.384 1.062
-75.523 84.811 -410.874 1.076
-41.079 -66.581 -350.582 1.084
-50.176 7.701 -340.488 0.928
20.592 85.559 -464.294 1.064
-63.644 -2.852 -320.285 0.965
28.603 26.480 -378.497 1.103
4.009 52.331 -483.772 0.988
-56.004 -62.488 -396.976 0.737
64.096 81.939 -491.811 1.045
-97.302 -19.232 -386.670 0.962
32.615 56.135 -407.397 1.156
-40.409 30.981 -371.380 1.201
-89.899 21.485 -368.309 1.082
1.962 77.767 -474.975 1.093
-53.007 67.876 -465.996 0.984
-67.359 -26.609 -312.371 1.074
87.457 69.810 -450.194 0.983
78.492 -68.662 -325.382 1.028
28.953 65.310 -308.410 0.959
4.226 -50.784 -317.811 0.957
-1.093 20.256 -373.500 0.996
54.789 -51.703 -438.115 0.872
70.408 48.772 -304.475 0.889
79.521 -62.721 -428.242 0.980
69.130 44.061 -365.964 1.093
70.380 99.941 -470.616 1.021
27.417 13.493 -457.257 0.900
24.685 -13.199 -364.786 1.048
85.110 72.078 -421.069 0.914
29.446 36.498 -443.002 0.929
74.622 94.898 -310.680 0.962
-4.706 12.511 -456.500 0.962
-75.281 -83.752 -426.395 0.969
-68.436 -2.253 -328.570 1.067
-55.211 46.479 -369.020 1.062
-3.751 -10.298 -341.943 0.960
-14.107 -86.649 -400.067 1.051
-22.261 -98.613 -449.553 0.993
-64.433 87.763 -301.476 0.929
-33.503 53.201 -499.095 1.094
43.535 50.068 -492.004 0.929
-49.663 -33.521 -401.900 1.049
-71.642 26.598 -458.629 0.887
-48.068 -81.340 -495.896 1.017
-82.157 17.115 -303.120 1.052
21.238 -32.617 -482.096 0.792
-84.586 -59.439 -416.834 1.178
65.761 72.126 -341.714 1.103
-9.859 32.894 -494.469 0.950
6.584 60.539 -344.171 0.941
4.577 -24.152 -422.826 1.063
-14.016 -17.036 -382.888 1.041
37.741 54.514 -364.187 1.065
25.197 -73.627 -368.701 0.994
57.207 -47.276 -317.007 1.073
25.241 -17.314 -377.111 0.889
-23.328 96.595 -337.002 1.080
44.095 -57.704 -368.770 0.905
-40.352 -44.571 -417.630 0.977
-69.933 -60.617 -314.526 0.938
-89.888 -16.928 -485.384 1.203
82.995 -10.352 -468.842 0.995
37.957 47.654 -341.900 0.981
-11.559 -1.217 -359.255 0.914
-98.863 -78.963 -371.344 1.050
5.554 -93.448 -407.681 0.880
-55.044 -78.062 -375.524 0.997
-17.280 26.812 -391.978 0.947
12.832 -31.187 -375.148 1.064
-14.163 -42.158 -340.814 0.916
-59.761 14.478 -485.239 1.028
-69.036 32.995 -365.308 0.928
61.221 88.496 -333.438 1.152
-86.551 -39.065 -349.519 0.959
-39.299 -60.062 -413.481 0.932
-80.446 81.537 -327.027 1.065
-67.867 -93.916 -422.199 0.910
-87.532 -14.929 -457.481 1.028
-71.433 -17.717 -440.639 0.942
38.092 -82.679 -408.762 0.989
-58.623 -18.171 -357.604 1.012
-62.401 -57.769 -359.840 0.844
-30.243 70.068 -477.600 1.002
73.848 10.109 -397.971 1.069
82.191 -78.397 -325.668 0.937
-56.057 39.470 -360.445 1.055
-7.055 11.825 -355.990 1.043
43.187 -78.490 -322.842 0.933
86.923 -65.896 -310.384 1.033
69.713 -65.996 -325.689 1.029
-55.406 -53.937 -407.402 1.020
-94.691 -18.066 -340.447 1.074
-81.256 -15.411 -342.383 1.155
58.703 31.036 -451.428 1.031
-83.709 -72.060 -487.843 1.114
-80.524 50.583 -411.342 0.987
81.006 21.521 -465.654 1.080
61.786 -24.204 -493.875 0.983
22.454 -54.696 -329.522 1.111
9.998 -92.423 -303.858 1.003
47.281 88.126 -315.452 0.833
86.061 -51.181 -432.307 0.993
40.885 -29.626 -474.095 1.002
1.083 -67.941 -320.901 1.097
71.981 -36.416 -381.170 1.058
9.612 90.840 -483.161 1.079
-68.858 68.607 -389.177 1.109
58.665 -61.467 -370.032 1.164
-87.528 96.066 -344.251 0.868
-52.341 34.510 -345.581 0.970
7.019 -35.318 -317.602 0.845
15.193 37.711 -337.232 0.901
-80.791 32.412 -473.124 1.056
-51.007 41.703 -336.264 1.005
-39.799 20.098 -330.104 1.163
-95.134 50.174 -467.187 1.108
-80.452 78.828 -418.192 0.942
-78.880 99.739 -495.616 1.028
-14.989 0.533 -319.697 1.117
0.195 90.445 -410.125 0.846
-55.961 -86.453 -334.677 0.952
21.553 -74.833 -310.164 0.845
13.543 90.257 -441.171 0.900
69.441 29.857 -366.229 1.039
15.035 -76.888 -445.522 0.971
-73.301 -2.351 -389.549 0.984
70.006 55.160 -387.319 1.105
-92.960 29.913 -335.998 1.120
-75.888 76.274 -444.139 0.979
19.126 -0.189 -368.956 0.920
-45.053 -78.376 -455.983 1.143
-73.633 74.460 -393.621 1.042
63.381 -65.275 -457.044 1.016
-63.836 -55.111 -388.317 1.100
76.956 -58.081 -306.667 1.033
-78.230 -39.066 -351.299 0.999
-82.175 77.490 -428.184 1.140
-35.686 -61.596 -359.837 1.133
-1.162 -94.833 -356.276 0.932
-98.969 35.381 -330.442 1.013
33.823 -6.046 -399.184 1.050
-61.686 72.512 -443.555 1.180
12.180 50.894 -306.346 1.122
-36.650 87.781 -315.125 1.057
85.021 69.356 -480.648 1.068
62.694 -65.177 -440.313 0.946
48.527 51.790 -488.101 0.920
18.960 -39.676 -480.801 1.002
48.038 51.500 -415.443 0.893
-92.541 32.402 -366.384 1.102
0.632 -36.802 -328.226 0.901
88.793 -68.221 -457.222 0.971
-45.021 69.344 -463.968 1.065
-26.627 10.603 -310.392 1.096
-13.213 -20.814 -476.901 0.977
-93.052 -72.818 -420.699 1.062
-62.836 26.003 -487.907 0.959
18.291 -86.933 -328.137 1.066
-78.321 19.130 -400.700 1.042
-47.530 16.597 -422.388 0.996
50.631 -22.697 -394.422 1.104
-77.405 -67.553 -394.994 0.928
-49.490 -13.795 -363.876 1.079
85.820 -69.291 -327.399 0.908
-64.835 10.059 -336.075 0.872
37.061 3.052 -466.961 1.030
-31.316 -49.170 -375.632 0.961
-77.598 40.776 -368.534 1.051
33.739 26.826 -451.806 0.886
0.169 33.385 -308.811 0.964
29.507 -60.687 -394.913 0.952
-98.411 -38.489 -345.873 0.911
-56.433 80.062 -442.104 1.088
6.969 42.693 -418.355 1.051
-76.262 -98.128 -468.623 1.326
52.909 -84.951 -339.778 0.992
76.221 47.444 -384.610 0.862
63.528 62.298 -309.773 0.904
-44.334 17.222 -459.335 0.900
-92.123 -19.585 -370.368 1.049
73.950 -33.714 -444.536 1.129
-70.728 -47.135 -356.206 1.046
-4.501 16.338 -381.607 0.916
-47.820 -5.508 -310.338 0.918
-26.179 18.771 -461.706 1.041
-55.072 -10.486 -390.910 1.016
18.914 67.252 -431.151 0.997
-42.898 47.514 -417.857 0.911
-35.639 -13.171 -332.244 0.868
85.120 36.453 -314.614 0.927
35.202 -9.289 -371.256 1.107
41.993 28.535 -343.804 1.004
9.319 23.672 -324.587 1.061
66.366 47.349 -411.733 1.012
44.058 49.199 -445.583 1.168
-85.192 44.771 -388.611 0.902
-33.516 -71.917 -317.675 1.009
56.565 52.647 -372.554 0.791
-16.086 -84.180 -333.578 0.905
-21.918 92.999 -349.712 0.982
-59.772 30.666 -481.884 1.211
-40.569 -21.675 -313.151 0.979
18.667 -19.699 -434.896 0.869
-50.630 83.485 -355.771 1.082
-83.523 33.263 -479.051 0.889
27.879 42.666 -497.741 1.006
82.377 38.557 -426.640 0.917
36.060 91.686 -409.477 0.880
-42.573 -51.484 -469.874 1.161
86.960 7.745 -461.773 0.890
60.320 -69.386 -366.985 1.156
21.264 -40.740 -494.138 0.954
-84.144 31.796 -399.427 1.092
-5.958 -84.705 -477.254 1.030
-34.347 17.689 -443.072 0.924
90.934 3.058 -458.204 0.971
-85.979 7.932 -488.850 1.110
-46.658 83.074 -319.582 0.848
-82.292 -20.868 -430.768 0.994
-44.256 -36.312 -435.155 1.113
-58.614 71.150 -357.393 0.888
59.276 39.368 -460.860 0.951
-48.530 47.219 -496.237 0.836
-14.291 54.932 -497.999 1.265
-14.245 -54.715 -448.459 1.113
-99.760 70.637 -403.127 1.110
90.261 -10.367 -399.243 0.867
20.239 -40.537 -497.458 1.034
26.796 -33.640 -386.602 0.992
14.782 2.732 -495.126 0.922
4.955 -64.842 -419.983 0.857
-25.945 -20.125 -353.024 1.034
95.323 -32.998 -485.318 0.982
-73.355 62.569 -460.377 0.956
70.713 76.070 -326.681 0.878
4.893 19.341 -448.242 1.117
2.971 15.598 -489.049 0.921
-28.622 96.544 -353.800 0.816
52.364 71.276 -388.466 0.993
-74.105 4.096 -308.221 1.183
-90.749 47.286 -439.604 0.994
-78.580 86.996 -416.162 0.850
-9.148 -79.748 -417.544 0.865
32.083 -64.346 -329.970 0.911
80.107 19.772 -303.251 1.066
-24.880 86.290 -440.383 0.963
-81.014 12.907 -394.702 0.927
35.798 25.817 -329.664 0.920
-69.630 82.742 -306.701 0.871
-41.044 -75.801 -340.115 0.962
-19.684 70.525 -389.965 0.941
-57.684 -86.764 -485.388 1.015
54.444 77.767 -424.415 0.937
57.595 -89.689 -424.095 0.936
23.572 -67.103 -445.086 0.822
-63.180 23.731 -413.729 1.038
43.957 -63.508 -390.195 0.956
-57.608 84.972 -332.313 0.904
-1.422 -92.087 -317.025 1.095
-64.147 -96.643 -380.456 1.086
-70.066 73.230 -379.085 1.086
-52.504 -48.782 -320.650 0.840
58.482 7.319 -362.405 1.132
-21.705 -48.992 -417.020 1.032
11.563 27.751 -332.911 0.983
-35.239 -42.321 -443.250 1.007
-86.844 -93.790 -496.058 0.974
-70.673 27.878 -370.480 1.212
91.402 -97.707 -362.435 1.084
10.340 29.563 -308.906 0.886
-79.505 -16.474 -373.125 1.112
-40.975 -76.643 -336.072 1.016
10.507 -96.638 -397.272 1.000
-48.103 79.675 -373.282 0.846
-65.029 -52.015 -373.384 0.907
86.702 -76.286 -455.157 0.913
-60.351 -15.053 -303.808 0.921
81.072 -66.068 -420.458 0.845
35.777 -13.208 -348.689 0.932
-93.310 -49.740 -429.351 1.014
-50.287 -65.263 -410.896 1.017
89.079 -30.537 -426.983 1.116
18.330 -13.214 -389.343 1.084
-51.197 65.483 -384.074 0.979
-83.760 85.807 -351.967 1.145
55.524 -84.906 -407.608 1.080
44.467 51.684 -428.214 0.966
81.189 79.460 -333.747 1.000
-74.851 43.023 -353.435 0.954
99.292 55.673 -438.941 1.016
27.048 -59.868 -377.196 0.987
84.374 31.381 -360.493 1.244
-84.695 -97.076 -448.928 0.841
-37.656 86.113 -348.192 0.845
-41.059 -75.261 -311.682 1.123
95.305 -3.694 -441.390 1.015
-47.883 45.246 -414.681 0.924
48.924 60.032 -431.002 0.912
82.885 -68.622 -375.888 0.926
-32.764 -72.012 -404.726 0.966
-58.571 57.781 -303.470 0.834
62.356 28.300 -313.679 0.927
54.243 -1.035 -410.052 1.053
-66.245 21.021 -378.814 0.873
-22.310 31.741 -397.689 0.833
-20.668 -73.435 -346.430 1.039
75.463 -55.127 -465.847 0.894
-18.012 -66.875 -354.233 1.096
6.016 -59.833 -489.375 0.879
71.522 4.841 -470.884 0.767
65.699 58.314 -444.614 0.854
98.894 -95.032 -422.153 0.875
53.232 50.016 -348.382 0.922
81.683 47.734 -307.978 1.049
4.795 -3.188 -335.852 0.843
-52.646 81.586 -316.646 0.925
-1.977 -10.737 -465.776 1.105
-53.778 15.376 -383.158 1.117
32.509 90.245 -315.539 1.055
-89.033 35.590 -403.952 0.984
-42.998 -36.334 -361.409 1.008
4.537 19.006 -366.699 0.946
78.593 -77.192 -431.970 1.027
50.893 3.846 -479.544 1.148
69.314 94.801 -474.376 1.102
66.293 3.168 -474.467 1.163
42.063 -29.982 -453.845 1.132
-90.599 77.075 -425.046 1.063
4.936 14.601 -450.377 1.171
-25.517 97.817 -316.394 1.000
-54.331 -39.600 -490.405 1.065
61.677 -66.757 -433.006 1.111
-83.082 69.374 -376.974 1.073
-99.009 -36.689 -426.453 1.007
63.262 90.297 -456.186 0.763
-61.458 -45.392 -306.416 1.126
85.032 -24.273 -314.408 1.109
95.879 -11.549 -394.987 1.107
87.949 4.595 -340.698 0.993
0.232 -77.504 -415.307 1.071
85.193 92.469 -345.671 0.934
32.448 -45.078 -429.878 0.999
-33.436 43.396 -404.309 1.007
-79.900 39.611 -489.657 0.857
40.192 -97.251 -345.678 0.954
5.861 -0.092 -341.476 1.078
-10.909 -57.872 -384.983 1.062
-57.309 -11.345 -496.795 0.939
-92.896 -53.275 -396.347 0.923
-20.886 58.556 -421.480 1.032
11.652 28.101 -456.342 1.062
75.119 96.956 -336.611 1.071
78.241 -43.112 -347.664 0.969
-82.251 63.707 -353.467 0.947
44.253 -7.510 -354.166 0.872
95.337 -82.418 -421.612 1.001
13.091 -37.313 -313.468 1.131
-46.655 -41.839 -427.578 0.966
5.671 99.777 -420.243 0.886
39.763 11.136 -430.845 1.007
14.085 -93.733 -359.874 1.040
48.630 24.345 -390.325 1.103
-62.008 -96.307 -390.871 1.063
-4.515 -27.522 -328.807 0.725
76.331 -17.014 -465.892 1.124
-63.496 -39.656 -479.755 0.962
-8.202 62.020 -492.637 0.897
-96.143 -38.457 -439.742 0.921
8.414 -54.219 -423.375 0.971
32.650 -17.515 -454.250 1.115
-97.181 -13.996 -387.172 0.954
95.666 6.027 -357.287 0.984
66.715 56.884 -312.691 0.984
27.696 44.188 -466.920 1.008
94.562 -80.720 -496.030 0.805
60.278 -77.671 -490.456 0.880
-56.782 20.392 -322.822 1.056
66.798 -64.491 -492.234 1.213
59.521 -84.042 -334.778 0.906
-7.349 67.676 -301.158 1.061
45.445 -72.720 -453.850 0.959
21.625 56.764 -386.759 1.180
-11.458 -1.081 -332.011 1.019
-70.691 7.484 -416.531 1.149
-64.203 -52.702 -412.646 0.917
-27.311 -51.128 -423.801 1.097
98.961 63.995 -437.113 0.825
53.326 -17.144 -483.167 0.914
-17.786 93.198 -428.157 0.860
34.275 47.006 -347.282 1.037
-19.813 75.023 -471.965 0.916
-31.990 -77.359 -459.581 0.967
-42.312 54.912 -313.290 0.946
52.208 -3.359 -436.613 0.823
-97.674 57.582 -379.163 1.063
-87.290 -65.143 -314.363 0.909
21.210 29.821 -440.675 1.003
-18.569 74.289 -318.337 0.910
-73.037 -64.608 -445.766 0.978
72.719 -27.813 -371.864 0.830
45.380 48.126 -374.573 1.098
-88.824 -37.720 -491.796 0.939
85.632 12.220 -384.721 0.995
68.722 49.862 -345.256 0.877
98.816 69.008 -377.104 1.039
72.179 1.942 -340.589 0.953
-33.198 2.410 -321.078 1.108
57.569 43.346 -319.437 0.990
80.829 84.569 -485.297 1.033
-93.610 -38.867 -464.852 0.959
-8.178 59.070 -315.000 1.022
-9.772 85.888 -396.585 0.886
-66.990 -42.457 -468.322 0.880
-18.504 41.844 -388.895 0.796
16.449 -42.239 -312.567 0.832
-75.906 81.885 -497.585 1.016
-12.270 -61.563 -341.794 1.045
-14.312 -17.450 -430.762 0.884
62.005 -43.991 -382.169 0.982
-35.456 79.602 -318.735 0.896
-70.997 19.382 -375.475 0.992
-20.378 -89.404 -483.699 1.065
-59.435 38.975 -492.244 1.131
21.540 47.990 -327.025 1.019
8.813 -58.128 -403.439 0.930
-96.188 71.028 -349.796 0.986
-7.138 -74.885 -436.362 0.927
-48.975 -36.076 -347.091 0.920
98.156 -15.567 -458.318 0.838
1.654 -46.542 -450.847 0.892
-94.826 27.531 -444.194 1.116
-80.599 -52.893 -480.999 0.851
1.315 -63.007 -485.361 1.049
74.626 68.279 -413.517 1.029
6.924 56.373 -392.813 0.936
71.350 39.011 -330.757 1.221
85.555 -27.051 -469.796 1.011
-23.565 -86.056 -427.287 1.033
-37.202 11.470 -417.930 0.980
-86.390 67.110 -444.980 0.854
-54.071 5.184 -358.128 0.987
-48.396 66.318 -482.756 0.960
-74.106 -12.436 -365.251 0.881
43.606 -46.776 -465.926 0.871
-81.265 -80.394 -441.923 0.934
68.223 93.267 -305.061 1.070
-21.265 -34.873 -321.765 1.053
28.497 -36.475 -430.814 1.132
-63.796 -92.144 -356.018 1.195
-27.750 43.983 -413.745 1.117
5.247 34.868 -319.516 0.946
-58.037 -17.628 -415.726 1.026
-42.183 -97.073 -334.738 0.999
-15.018 47.224 -433.445 0.853
-86.482 -54.411 -394.760 0.982
-70.359 -53.815 -452.830 0.969
98.036 44.633 -339.846 1.019
-93.819 37.064 -456.312 0.941
-12.355 -92.452 -437.287 0.970
-80.192 -44.703 -430.595 0.958
-63.532 -44.564 -474.699 0.918
78.825 -10.344 -441.690 0.777
-32.685 75.200 -333.638 1.023
3.768 -33.446 -432.969 0.903
11.023 -40.212 -427.052 1.031
33.347 -71.377 -397.052 0.935
-9.193 -77.106 -377.993 0.954
44.915 -19.829 -471.502 1.144
-33.026 75.109 -397.793 0.941
-81.723 68.231 -487.291 0.911
-86.296 -7.743 -380.456 1.043
-45.609 -99.338 -407.333 1.268
-65.608 42.004 -411.208 1.087
-9.617 -17.144 -445.228 0.796
-42.317 -3.722 -359.893 0.906
65.301 -70.278 -303.328 0.919
17.365 35.576 -450.704 1.152
-11.535 -60.812 -350.782 1.149
19.243 -46.485 -405.744 1.089
-95.373 -33.870 -476.154 0.887
21.461 48.229 -323.995 1.118
9.219 -50.882 -415.701 0.991
98.915 -71.881 -321.932 0.965
-66.907 -58.788 -488.615 0.827
-60.122 -24.153 -465.538 0.978
-40.807 -27.995 -496.714 0.918
82.374 9.009 -420.178 1.040
46.362 99.183 -360.528 1.075
77.886 45.508 -353.122 0.967
47.957 63.610 -488.100 0.902
-34.345 -20.657 -309.068 0.774
-98.180 -72.458 -491.811 0.987
-97.065 78.592 -394.434 0.934
72.592 64.365 -317.613 1.167
-32.622 -40.943 -300.966 0.865
-48.491 -50.059 -314.494 1.112
87.012 96.379 -430.700 0.986
-0.919 -32.544 -372.078 0.987
-32.890 -70.589 -449.678 1.244
70.368 -54.915 -427.127 1.361
84.979 77.809 -418.576 1.024
58.823 68.640 -370.659 0.955
-23.452 -99.140 -409.936 0.942
76.316 -26.647 -392.957 0.922
-62.748 46.315 -328.392 0.995
77.807 -91.819 -374.851 1.076
-34.775 13.588 -429.460 0.998
78.158 84.543 -459.272 0.946
-23.442 3.129 -464.799 1.066
59.653 -94.019 -451.112 0.899
37.940 -25.329 -493.166 0.932
7.633 -62.687 -332.888 1.008
4.501 -98.461 -398.093 1.277
41.236 -77.789 -474.661 1.179
33.706 29.887 -374.334 1.056
-58.154 96.946 -457.029 1.129
-6.112 -59.976 -348.556 1.191
92.345 13.509 -455.327 0.964
-25.711 -61.818 -343.023 0.992
60.265 -25.081 -490.664 1.083
51.253 -49.423 -489.205 1.075
-6.309 -57.776 -347.632 1.105
93.593 -60.279 -330.944 0.928
-84.238 -52.479 -473.710 1.205
91.705 29.568 -329.231 0.871
50.448 83.595 -495.555 1.134
-50.889 30.173 -363.679 1.032
39.926 33.724 -427.468 0.919
-59.602 -8.326 -499.438 0.973
-90.797 44.464 -494.371 0.921
-50.510 95.147 -384.515 0.838
76.119 -0.342 -308.869 0.947
10.234 -77.958 -493.637 0.932
33.661 -0.976 -399.029 1.172
-79.365 77.330 -465.946 1.049
71.003 -75.666 -358.538 0.822
4.952 57.559 -349.303 1.011
44.326 -84.802 -303.402 1.110
89.827 23.520 -478.442 1.017
-79.221 -22.935 -425.725 0.980
-93.792 -67.088 -379.928 1.065
-41.257 -44.032 -485.490 0.872
-95.507 -86.827 -490.858 1.125
-71.032 -59.088 -485.342 1.070
83.989 85.608 -436.369 0.949
-75.805 -48.215 -451.639 0.963
-20.118 22.611 -452.689 0.972
15.734 -10.521 -391.444 1.116
-38.659 80.522 -420.296 0.943
80.871 15.016 -456.065 0.980
-73.973 -76.072 -478.386 0.757
31.291 -13.939 -353.683 0.971
-72.297 49.548 -365.209 1.088
-66.776 -36.285 -307.779 0.967
-39.632 -19.672 -426.256 0.905
-22.019 -97.285 -446.150 1.000
-0.850 -57.908 -441.985 0.912
-89.410 11.325 -307.865 1.221
-17.421 -9.230 -405.369 0.954
-22.234 2.766 -321.780 0.928
-34.204 36.141 -450.361 0.968
89.319 -56.339 -475.984 1.095
93.294 -10.221 -421.174 1.037
-39.074 32.308 -371.699 1.060
-99.665 -28.610 -397.469 1.101
-96.964 56.714 -300.642 0.918
-46.392 3.514 -437.123 1.061
-6.139 5.914 -441.496 1.166
7.877 -45.097 -366.959 1.069
5.127 -44.028 -306.530 0.897
-45.626 -47.335 -384.133 0.890
-12.456 -28.216 -325.510 1.019
-59.673 -56.222 -414.535 0.980
39.420 -12.735 -467.038 0.904
41.655 -44.040 -498.320 1.137
-75.708 -90.189 -487.898 1.181
76.284 -63.692 -326.923 1.104
-64.381 -37.984 -335.577 0.802
-80.256 80.322 -493.412 1.055
-99.244 -36.416 -314.264 1.093
17.633 -14.741 -470.362 1.017
94.949 -33.784 -480.927 1.082
16.331 -42.615 -319.048 1.112
-90.157 89.298 -321.827 1.034
93.313 63.581 -314.766 1.031
13.246 4.401 -367.827 1.042
79.839 -85.723 -358.783 0.897
17.289 -3.198 -382.386 1.049
-39.087 21.579 -338.726 0.970
-22.770 -12.567 -303.843 1.043
50.925 -0.030 -383.516 0.956
27.786 -59.061 -421.092 0.968
75.048 50.709 -415.273 1.038
48.802 -12.341 -354.376 1.067
-99.547 20.647 -339.209 0.928
-59.821 -88.043 -308.608 0.967
61.023 29.646 -493.067 1.050
6.776 74.311 -403.995 1.023
-56.057 -33.415 -489.036 1.097
-28.589 -93.664 -304.731 0.975
-1.341 -97.913 -355.815 1.060
12.151 9.292 -380.398 1.107
-8.859 18.796 -497.014 0.829
72.664 -87.901 -481.451 0.984
-11.244 81.963 -306.742 1.069
-34.841 75.846 -397.188 0.955
-5.618 66.731 -364.341 1.169
4.956 -81.690 -309.235 1.159
-63.984 -16.587 -399.726 0.962
-87.003 48.498 -382.460 0.934
-42.246 40.574 -495.025 1.006
92.863 86.651 -395.885 0.858
18.789 31.501 -476.244 1.188
95.741 63.690 -408.949 1.052
37.299 87.445 -467.234 0.892
-96.829 -3.281 -489.805 1.157
55.964 49.178 -418.761 0.877
45.540 -15.347 -332.059 1.062
-94.815 -40.614 -416.256 1.091
-65.311 95.393 -355.192 0.964
49.052 -75.307 -303.769 1.047
96.763 80.161 -489.013 1.065
-70.398 -34.315 -448.193 1.109
-98.680 -91.467 -452.562 1.123
99.014 81.123 -371.576 0.892
-54.880 69.553 -310.798 1.020
-15.184 -33.452 -305.545 1.104
-3.969 -93.850 -461.356 0.934
21.668 -14.801 -405.910 1.007
-1.690 10.863 -303.042 0.944
22.052 42.264 -443.060 1.070
-95.016 68.882 -450.767 1.101
-98.957 -23.400 -307.151 0.984
-48.535 -9.962 -414.453 0.892
-66.324 -2.285 -462.696 0.983
-22.958 -41.514 -477.451 0.984
-35.061 -12.303 -319.160 1.038
13.273 -91.225 -383.684 1.031
-36.802 -15.809 -396.185 1.023
26.412 8.414 -318.304 1.045
79.480 88.953 -314.391 1.054
68.258 13.379 -395.666 0.966
26.779 -12.684 -457.022 1.198
-38.534 -42.353 -301.272 1.080
38.141 67.403 -349.794 1.067
30.276 34.925 -347.630 0.926
-69.796 -39.321 -429.297 1.187
45.826 66.822 -372.265 1.026
-54.814 -40.012 -355.883 1.078
-75.666 -20.386 -386.881 0.964
-70.095 35.349 -360.401 0.892
-70.963 49.646 -356.773 1.036
-33.411 1.578 -414.296 0.995
56.294 54.972 -347.734 0.933
70.160 -54.393 -314.557 1.076
-90.398 -77.077 -484.033 1.210
28.046 95.320 -473.077 0.958
73.683 67.528 -443.761 1.057
64.154 -40.071 -340.855 0.873
-90.502 62.453 -313.877 0.998
58.175 58.481 -341.717 1.105
68.739 -14.559 -475.969 0.922
58.396 96.278 -300.093 0.963
-99.283 9.651 -472.336 0.958
77.596 -71.095 -423.483 0.907
68.417 60.022 -318.816 1.093
58.184 -8.946 -490.060 0.970
88.762 -26.467 -498.591 0.963
17.396 90.832 -416.866 1.173
52.252 33.486 -301.620 1.206
-83.724 46.151 -452.675 0.932
15.650 -55.438 -479.883 1.028
-8.996 59.761 -402.141 0.840
6.082 -1.270 -379.677 1.006
50.003 -42.756 -336.153 1.018
-74.941 -8.612 -415.257 0.941
-21.333 -15.924 -444.695 1.108
8.214 68.752 -342.062 0.943
61.098 -41.127 -469.893 1.165
-8.489 32.597 -396.467 0.982
-67.788 48.751 -370.012 0.808
17.607 38.481 -450.907 1.046
-30.698 98.642 -321.050 1.113
-24.577 -82.868 -323.600 1.039
-66.661 -40.599 -354.953 0.984
70.253 72.444 -465.918 0.964
63.429 89.902 -344.566 0.989
-0.076 -55.175 -481.685 0.915
-34.646 -61.585 -470.890 0.952
-86.451 34.528 -419.674 0.788
83.494 74.996 -470.695 0.976
-34.855 29.162 -336.390 1.058
-35.726 97.538 -464.181 0.950
83.456 -18.215 -473.186 1.014
-89.839 54.790 -460.234 1.189
42.759 24.658 -344.044 1.078
-41.160 37.058 -429.617 0.963
-90.260 25.800 -481.161 1.049
57.346 -92.897 -419.384 0.936
-73.695 71.071 -448.668 0.997
81.544 -17.093 -484.717 1.002
-89.421 -20.146 -375.744 1.008
-75.690 -80.887 -472.288 0.912
-76.796 -9.333 -458.217 0.882
-32.616 -85.463 -317.161 1.121
45.441 -56.243 -480.441 1.131
53.632 -74.672 -404.281 0.951
42.634 63.978 -441.641 1.098
37.901 24.538 -304.894 1.007
92.653 -28.588 -468.646 0.921
42.675 44.884 -373.276 1.008
-76.364 49.010 -450.279 0.987
-81.217 46.932 -363.055 1.026
-2.415 89.786 -343.522 0.953
42.997 63.950 -315.159 0.967
-32.074 -82.406 -341.002 1.089
48.568 -70.316 -368.036 1.170
32.499 93.334 -323.041 0.975
-97.091 37.452 -330.718 0.935
44.564 -64.351 -405.989 0.957
-72.781 73.548 -490.238 0.979
84.912 -18.714 -413.571 1.003
47.540 39.435 -380.524 0.884
7.309 26.641 -302.137 0.975
23.546 5.770 -485.266 1.196
23.169 -17.997 -344.264 1.011
-48.119 39.325 -433.570 1.071
-41.384 10.355 -386.872 0.971
11.256 48.797 -490.347 0.978
10.629 -44.338 -332.879 0.906
-55.384 -43.386 -428.821 1.065
-76.951 94.626 -377.537 1.135
55.575 -6.562 -466.597 0.896
73.169 -84.750 -483.267 1.020
86.510 19.562 -465.265 0.978
-71.532 -48.474 -398.315 1.092
-60.669 -26.717 -379.015 1.201
79.972 -10.604 -352.650 0.892
-1.127 -40.483 -307.227 1.124
-54.022 -3.156 -448.983 1.018
-70.181 -77.486 -430.127 0.934
11.224 -73.792 -393.595 0.959
28.883 13.039 -439.534 0.879
-29.994 55.077 -408.611 0.979
9.314 -70.633 -488.900 0.997
71.952 -35.995 -343.524 1.089
22.870 98.782 -370.060 1.089
-70.747 -3.597 -472.449 0.995
74.029 83.894 -474.780 0.930
43.195 52.041 -332.263 1.042
98.099 20.119 -380.475 0.975
-73.888 -23.685 -497.035 1.138
12.951 65.572 -461.898 0.886
-78.058 -23.673 -476.162 0.988
-30.866 -38.827 -305.679 0.951
31.446 -0.609 -442.016 1.017
-45.009 -20.958 -333.640 0.915
-75.278 -6.824 -454.533 0.943
53.815 89.165 -472.494 1.040
56.179 53.108 -421.816 0.919
59.632 -43.478 -315.671 1.032
59.460 -76.165 -304.582 0.910
-51.906 74.694 -465.127 1.018
45.082 -45.380 -424.889 0.942
65.515 -97.684 -351.167 0.921
77.693 55.794 -416.389 0.931
91.213 77.987 -341.395 1.014
14.977 35.969 -438.706 0.955
40.448 12.317 -420.813 1.067
73.863 -23.867 -405.308 1.226
-68.333 62.673 -489.572 0.992
85.409 -93.014 -370.883 1.038
88.285 -37.322 -494.807 1.150
60.167 -37.083 -425.767 0.917
97.407 -22.399 -343.987 0.823
-59.282 10.590 -388.476 1.312
-29.037 65.186 -429.173 1.092
-91.942 -18.691 -484.696 0.971
-49.457 70.967 -350.213 1.069
81.064 -97.460 -313.474 0.977
1.136 -35.143 -396.286 1.145
8.246 19.259 -442.491 0.980
-58.732 31.491 -440.980 1.032
-56.682 10.847 -454.766 0.792
17.959 -96.796 -497.833 0.889
62.176 -43.980 -353.937 0.976
97.782 24.440 -473.940 1.180
61.708 34.704 -399.559 0.928
18.603 -63.818 -337.124 1.018
-85.109 67.425 -410.710 0.925
83.167 84.505 -382.127 0.970
-67.770 11.810 -308.163 1.082
81.887 4.357 -363.379 0.915
22.363 -32.496 -482.858 0.965
51.058 23.749 -465.721 1.008
-15.308 -55.727 -422.582 1.144
-16.097 -56.972 -342.243 1.104
28.197 -75.512 -381.280 1.030
5.871 -69.670 -460.058 0.928
97.232 -50.524 -339.123 0.883
-26.459 -32.311 -310.975 0.886
-4.365 14.100 -395.527 1.107
10.148 67.301 -433.130 0.937
2.737 -31.809 -339.045 1.143
-21.709 4.003 -403.245 0.857
-39.358 -47.050 -468.230 0.975
-40.222 51.054 -368.254 1.068
97.582 -95.943 -450.052 0.988
84.739 65.894 -337.680 1.100
-51.887 -65.374 -495.629 0.905
-23.100 45.162 -420.324 0.989
-95.324 -10.572 -440.738 1.071
58.093 85.677 -433.646 0.970
-59.043 -81.585 -480.345 1.032
78.306 -19.132 -442.617 0.793
-17.094 25.982 -407.906 0.980
10.553 -72.730 -448.272 1.030
-23.736 91.205 -393.440 0.935
70.347 -59.010 -496.341 0.933
-68.678 -60.756 -410.685 0.854
46.835 -23.263 -369.500 1.090
63.398 -26.357 -441.179 1.047
70.639 82.983 -368.516 1.076
25.067 -42.895 -480.509 0.836
50.292 44.052 -439.013 0.928
29.591 56.494 -373.361 1.001
95.167 67.830 -322.889 1.057
17.655 8.333 -381.206 1.075
-18.813 -9.557 -442.510 0.834
-80.760 -41.314 -474.036 1.044
-64.658 -28.765 -432.702 0.984
-31.484 92.318 -322.426 0.943
40.518 99.331 -341.553 1.142
8.694 30.352 -413.405 0.999
30.713 22.637 -407.670 1.086
68.290 -65.165 -489.835 1.048
-83.433 9.731 -366.285 1.006
6.567 -52.845 -379.663 1.312
76.501 31.875 -494.673 1.053
-66.759 -25.688 -411.081 1.021
-42.247 78.279 -380.042 1.031
-5.014 -56.004 -334.261 0.911
-42.002 -66.697 -460.959 1.148
-88.154 -33.481 -398.230 1.081
-77.884 -99.943 -408.765 1.088
68.902 64.942 -494.028 1.022
-43.588 41.132 -404.228 0.737
62.513 9.785 -362.224 1.081
71.264 -61.082 -303.988 1.091
24.138 -67.794 -313.371 0.911
47.475 -6.549 -391.831 0.802
-31.550 13.927 -390.433 0.848
84.801 14.547 -435.643 0.915
-18.664 41.294 -384.543 1.091
-56.479 70.887 -442.976 1.092
60.097 -30.244 -404.096 0.931
12.857 -42.177 -478.392 1.115
-78.933 -28.636 -343.522 1.039
-81.436 -56.656 -428.700 1.010
15.412 79.692 -454.943 0.958
22.665 -2.865 -415.139 0.995
-85.211 0.694 -449.097 1.016
70.193 36.396 -426.852 0.955
-64.020 -61.526 -418.620 0.892
-40.887 -56.652 -468.866 1.016
34.032 -81.014 -301.031 1.024
10.942 -74.175 -372.999 0.972
3.919 -34.002 -372.010 1.071
14.860 -11.907 -497.512 0.986
95.072 58.017 -321.771 0.868
26.857 63.477 -498.519 1.112
74.590 35.872 -391.753 0.892
-59.148 -19.708 -344.799 0.950
-62.449 -5.848 -379.389 1.107
-41.613 -55.080 -469.510 1.120
39.599 41.333 -328.179 1.045
18.249 1.395 -463.530 0.848
0.006 77.923 -452.362 1.157
20.845 86.044 -347.809 0.891
37.086 -64.031 -473.987 0.973
-50.587 -78.753 -310.322 1.112
17.426 21.887 -365.000 1.032
0.042 40.176 -413.068 0.943
-53.414 14.410 -383.030 1.236
-78.863 -83.380 -413.606 1.085
49.537 -67.982 -338.542 0.958
-47.912 -21.180 -314.705 1.097
-19.985 -28.312 -449.997 1.200
-57.954 -98.405 -348.478 1.054
57.217 -20.671 -364.114 0.962
49.153 -1.657 -361.826 0.881
-61.675 -13.631 -487.300 1.012
78.018 20.361 -474.246 0.962
48.978 -98.180 -374.441 0.949
38.665 -5.905 -481.889 0.904
-45.193 4.395 -311.741 1.323
24.690 32.840 -461.584 1.019
-17.316 -15.792 -484.485 0.985
96.498 -40.517 -399.715 1.120
-42.290 13.727 -300.219 1.208
-8.716 -94.646 -388.789 1.046
84.877 62.457 -406.969 1.067
