14.571 -73.187 -461.775 0.804
37.411 -3.776 -441.257 1.054
-36.165 38.788 -340.018 1.123
0.783 -31.765 -475.424 0.992
5.128 73.144 -301.132 0.872
-55.328 12.872 -413.852 1.043
-34.987 -60.116 -498.166 0.914
-81.761 -21.727 -440.966 0.866
40.401 19.995 -453.894 0.962
39.283 87.043 -392.685 1.075
72.144 48.273 -352.914 1.127
-90.784 76.187 -430.609 1.021
79.717 62.148 -344.910 0.951
65.173 32.146 -408.160 0.889
-68.405 7.133 -386.774 1.004
-70.787 -75.115 -316.243 0.926
-14.299 -12.604 -344.274 0.897
25.287 60.426 -375.741 1.002
-93.607 86.027 -339.741 0.970
28.156 21.530 -414.161 1.041
-5.376 -92.482 -470.304 0.974
22.232 -59.174 -404.410 0.904
-53.166 -16.545 -425.546 1.109
17.233 82.859 -477.139 0.798
-29.242 65.605 -427.411 1.035
-3.818 87.761 -467.887 1.048
-70.675 -42.895 -463.236 1.105
41.254 26.523 -336.589 0.928
88.003 67.293 -370.300 0.964
90.070 83.173 -382.597 1.099
75.975 -66.647 -333.930 0.904
-71.187 -61.235 -479.807 1.159
90.529 -62.547 -324.934 0.860
-43.320 -70.896 -349.475 0.903
14.647 -7.862 -478.589 1.093
43.839 61.894 -425.323 0.994
-73.487 -21.971 -367.253 0.990
63.470 60.715 -379.064 0.826
24.511 78.128 -425.298 0.980
-56.163 -15.701 -320.182 0.975
75.289 96.563 -399.718 0.864
38.904 -93.743 -437.134 0.927
92.678 -72.985 -332.169 1.061
41.492 19.554 -355.140 0.963
80.775 71.857 -377.773 0.854
-19.239 49.105 -365.390 0.996
-4.708 -37.407 -417.807 1.090
-12.403 97.167 -317.676 1.145
-34.609 40.726 -484.094 0.946
-71.609 14.673 -333.017 1.071
51.476 40.165 -434.391 1.035
-9.562 8.329 -315.495 1.035
-19.189 32.121 -362.455 0.961
83.486 10.819 -495.435 1.195
-85.170 79.906 -399.439 1.024
4.407 -52.553 -430.930 1.002
29.378 -32.984 -441.288 1.091
92.021 -21.474 -347.682 0.783
-35.104 -0.131 -335.704 0.849
-6.888 -95.181 -415.206 0.933
-53.806 99.629 -356.701 1.030
72.103 30.763 -437.078 0.957
-32.101 -20.460 -390.849 0.948
-81.195 94.895 -410.096 0.951
39.978 34.944 -307.921 0.987
-83.587 64.122 -468.891 1.015
-0.928 25.776 -444.066 1.000
-18.646 38.265 -468.514 1.024
-99.882 -32.769 -406.256 1.054
40.675 51.599 -317.250 0.910
28.035 50.849 -304.241 1.292
24.664 -0.960 -318.419 1.137
21.669 77.290 -483.918 0.852
-45.764 4.425 -329.429 1.241
-26.637 -46.100 -329.880 0.955
97.417 -73.299 -307.182 1.024
-96.556 61.807 -385.081 1.187
14.871 42.639 -427.505 0.944
79.740 -24.633 -348.973 0.946
-69.267 -68.992 -425.839 1.178
-23.357 -91.633 -425.919 1.053
99.875 -56.769 -329.328 0.963
-30.073 -95.674 -463.355 1.021
25.604 9.567 -321.480 1.086
55.431 15.900 -454.337 0.963
-17.834 18.952 -468.842 0.991
-50.128 -86.743 -426.616 1.008
10.579 46.498 -317.308 0.931
22.814 57.873 -482.881 1.155
-23.186 -14.726 -382.790 0.973
-20.775 -63.464 -303.827 0.799
52.358 12.891 -306.695 1.023
-23.456 -91.019 -498.742 0.955
-26.997 -11.068 -332.037 0.794
-82.986 61.296 -391.202 1.135
-76.459 -79.327 -487.207 1.050
58.220 -18.549 -424.984 0.989
-26.289 61.227 -453.819 0.974
59.441 -88.198 -318.991 0.818
11.502 -30.285 -418.464 0.938
30.790 59.709 -475.176 1.023
84.928 5.682 -455.668 0.881
-20.877 81.982 -374.580 0.907
-47.027 68.037 -384.286 0.861
-41.575 94.726 -388.321 0.939
21.407 76.440 -310.749 1.018
-41.802 72.705 -480.178 1.041
31.818 -4.876 -439.279 1.027
-94.153 91.858 -337.476 0.945
77.179 16.074 -457.340 0.940
-75.545 66.246 -416.785 0.708
97.830 -62.419 -419.904 0.847
91.839 -0.239 -444.144 0.815
66.079 49.892 -300.943 0.999
73.008 15.289 -356.624 1.041
1.510 -74.789 -319.373 0.934
36.063 -60.099 -491.895 0.988
-60.423 70.224 -458.796 1.075
-64.962 68.353 -457.964 1.150
71.249 28.059 -363.431 1.031
-83.941 -62.471 -409.550 1.014
-62.057 -27.752 -413.491 0.927
-29.079 39.486 -408.452 0.849
-16.096 -0.413 -373.510 1.030
5.438 -2.728 -322.095 0.912
-88.357 -54.469 -478.477 1.042
35.388 -41.183 -403.572 1.104
-27.945 -3.176 -479.211 0.982
44.209 75.760 -329.338 1.135
50.956 59.503 -431.689 0.828
0.233 -59.717 -317.861 1.077
94.755 -55.901 -472.981 0.848
-84.938 -90.882 -385.503 0.913
-33.654 79.197 -364.868 1.141
-92.483 24.924 -492.591 1.005
-41.810 -19.993 -346.621 1.114
-95.960 16.678 -377.947 0.928
48.391 -40.199 -483.596 1.074
-31.702 3.331 -365.319 0.957
-43.486 -1.670 -464.017 1.028
-28.144 45.795 -443.761 1.116
-89.229 78.867 -438.057 0.987
86.628 -88.937 -467.606 0.986
73.192 16.089 -488.921 1.089
-83.652 9.955 -361.311 0.992
68.224 0.150 -402.577 0.931
-51.074 -76.903 -490.032 1.017
52.154 -63.656 -301.080 0.995
34.445 -91.105 -350.715 1.132
58.084 -18.282 -482.662 0.980
-84.565 -44.608 -358.532 1.107
-17.390 -53.712 -322.695 0.999
5.957 85.262 -425.286 1.020
10.080 -85.880 -463.613 1.010
17.995 -14.497 -449.547 0.898
93.503 95.128 -408.448 1.069
20.389 99.494 -427.812 1.173
29.963 -32.378 -345.211 1.146
-19.932 -6.360 -433.628 1.000
-82.246 32.953 -400.439 0.939
-76.889 60.853 -335.061 0.948
56.093 -56.539 -331.623 0.989
58.250 -10.017 -392.704 1.034
63.032 -64.304 -393.683 1.018
82.465 -65.141 -320.925 1.112
99.685 -82.649 -347.888 0.923
13.660 48.572 -415.684 0.971
97.386 -76.225 -406.817 1.037
61.002 -83.589 -381.220 0.935
73.010 -98.989 -363.041 0.912
8.708 -36.961 -456.323 1.301
33.715 -90.691 -417.902 0.770
85.453 46.528 -337.999 0.912
36.528 94.689 -429.074 1.108
93.618 -80.041 -411.475 1.025
49.227 -33.833 -478.810 1.047
14.943 -45.482 -466.773 1.022
-9.747 -79.150 -492.280 0.912
-98.648 41.248 -460.139 0.994
34.142 19.468 -433.727 1.077
64.266 -80.087 -386.644 1.079
-31.832 -50.139 -471.078 1.031
1.493 -7.283 -441.990 0.946
-49.987 -46.137 -468.411 0.887
-20.471 38.996 -361.846 0.902
95.701 -78.273 -362.820 1.058
63.144 20.986 -439.651 1.130
-80.093 -81.024 -488.218 1.130
-26.925 -3.322 -446.260 0.963
35.643 -83.684 -433.133 1.055
48.829 -39.256 -307.076 1.069
98.123 36.987 -339.482 1.019
-22.406 -81.030 -315.887 1.157
-61.660 -17.863 -409.876 1.132
-20.993 -86.552 -405.806 1.051
56.891 90.102 -484.369 1.019
-6.340 46.883 -418.711 0.910
84.504 -20.257 -305.923 1.048
89.166 -49.429 -329.368 1.130
-67.390 -65.289 -495.559 1.008
-19.751 -39.851 -440.218 0.992
43.177 -60.667 -426.881 0.927
-95.883 -14.388 -404.703 1.028
-74.951 -23.548 -350.665 0.882
-10.593 77.355 -447.499 1.142
19.208 -28.478 -338.108 1.038
80.161 58.357 -347.522 1.089
40.501 23.196 -413.236 1.078
9.505 -93.396 -442.367 0.978
-56.596 -6.162 -394.533 0.971
48.913 -79.440 -362.391 1.030
48.081 91.923 -380.811 1.154
-92.041 -40.072 -387.540 1.075
14.829 -98.472 -300.550 0.963
-98.592 -4.237 -442.700 0.926
-79.821 -93.428 -487.340 0.911
69.509 -38.157 -460.401 1.045
-42.413 63.656 -345.299 0.971
71.856 38.153 -326.001 0.975
16.291 72.313 -427.792 0.878
-6.552 -61.689 -318.421 1.100
92.949 -75.468 -479.153 1.172
-14.526 73.756 -459.588 0.934
-87.241 82.228 -336.633 1.017
-44.689 -70.596 -416.760 1.026
-82.496 -19.329 -361.954 1.048
-54.588 -9.883 -432.112 1.068
60.027 64.647 -354.214 1.156
61.803 -7.617 -451.378 0.859
66.968 65.751 -466.034 0.950
43.811 31.113 -382.585 1.157
55.244 5.817 -399.580 1.085
-88.087 92.114 -356.475 1.009
-68.807 -21.718 -435.766 1.109
2.167 -2.246 -402.255 1.069
-48.710 -20.285 -347.519 0.935
38.362 77.806 -316.076 1.140
-45.962 75.413 -405.868 1.078
-69.040 37.297 -358.386 0.743
-3.176 12.864 -494.482 1.092
89.899 58.813 -391.954 1.039
-77.734 23.346 -383.925 1.104
-78.004 -26.719 -384.723 1.112
36.360 -45.648 -336.484 0.867
16.962 40.726 -412.641 1.082
10.902 -80.056 -357.941 1.022
-93.051 42.212 -486.546 0.996
87.218 -80.212 -310.695 1.072
-13.576 97.973 -303.345 1.067
-47.493 -22.166 -498.277 1.025
-4.719 -57.037 -477.513 0.977
90.273 18.679 -348.936 1.095
-51.401 86.000 -338.159 1.017
-67.774 -43.653 -328.449 0.835
-24.839 7.312 -440.988 0.914
-29.720 58.565 -456.295 0.917
32.835 36.429 -468.090 1.032
-71.779 65.732 -491.853 1.087
-1.287 41.280 -314.007 0.752
38.978 -6.729 -333.283 0.899
-81.312 -52.457 -406.817 0.920
-91.425 -51.092 -426.981 1.040
75.466 7.925 -329.247 1.007
-65.770 -13.994 -305.262 1.076
-74.895 56.065 -446.161 1.047
9.395 53.803 -379.743 0.946
-16.147 69.270 -423.954 1.183
-8.819 7.981 -357.403 1.079
-79.773 95.578 -354.333 1.042
-70.874 7.946 -494.648 1.123
22.015 45.568 -359.204 0.869
-68.850 24.641 -462.107 1.097
16.393 -29.362 -490.386 1.071
89.494 -90.351 -487.474 1.046
-8.580 -47.138 -414.761 0.861
47.919 -6.308 -391.997 0.940
-18.888 23.195 -332.144 1.171
-14.159 -15.249 -371.689 1.034
70.020 -70.322 -429.252 0.990
-84.727 84.433 -346.676 1.116
59.667 -48.300 -379.130 0.836
29.460 85.205 -312.961 0.882
17.191 40.509 -320.489 1.000
94.760 -98.084 -332.547 1.114
-81.107 -55.192 -401.796 0.982
75.041 49.155 -451.172 1.015
-77.848 -42.060 -475.227 1.155
-75.812 59.233 -393.983 1.065
-71.107 -70.492 -419.962 1.014
64.783 -71.431 -363.223 0.961
15.301 -9.245 -368.900 0.882
36.158 -5.745 -410.084 1.056
93.991 -30.316 -306.537 1.018
6.545 77.398 -320.483 0.803
-47.649 33.200 -321.794 1.057
42.833 34.929 -316.023 1.055
-66.826 18.329 -379.601 1.026
75.445 43.977 -406.029 1.150
-80.139 -9.818 -310.901 1.032
47.614 59.663 -383.591 1.048
-8.439 -61.969 -398.836 0.948
37.666 -0.349 -357.211 1.046
14.952 -93.725 -376.096 0.766
-18.569 68.038 -302.652 0.939
99.769 8.628 -488.884 1.086
-81.392 -29.969 -331.473 1.049
-66.223 33.322 -451.260 1.036
5.495 22.664 -427.078 0.902
-97.679 -11.668 -414.678 1.043
-68.089 -97.483 -386.938 1.012
-80.254 39.671 -339.547 1.030
23.026 -95.430 -392.564 0.984
-99.879 -10.179 -483.542 1.018
43.233 98.349 -330.936 0.848
-84.290 -24.862 -369.319 1.007
60.336 -81.627 -473.950 0.939
-67.389 76.691 -328.303 0.894
45.796 -14.114 -365.894 0.738
12.642 70.652 -395.571 1.046
89.207 46.695 -363.871 1.011
-43.883 -47.089 -458.471 1.345
73.502 -7.996 -417.194 0.920
1.198 28.585 -490.502 0.983
-98.500 62.110 -460.413 1.102
43.995 97.403 -357.307 0.795
-10.676 -68.847 -312.236 1.068
53.647 -51.304 -446.148 1.001
71.584 39.693 -476.290 0.922
-20.211 -21.210 -343.362 1.149
65.268 80.745 -335.422 1.006
-83.889 68.557 -439.039 1.019
44.119 -77.293 -458.593 1.169
34.278 -39.213 -332.843 0.963
89.414 16.265 -320.154 1.199
43.329 -13.162 -371.912 0.936
47.074 28.994 -318.480 0.913
79.853 -30.414 -393.434 1.032
-34.058 20.249 -424.183 1.117
43.169 -88.729 -431.360 1.126
99.654 -65.336 -373.566 0.991
39.080 7.525 -438.171 1.062
51.069 74.152 -324.004 0.971
-63.034 -36.984 -486.259 0.984
75.925 96.244 -352.778 0.971
81.501 -12.927 -338.821 0.926
29.914 -27.725 -461.362 0.892
-91.451 2.861 -467.504 1.019
60.150 5.715 -480.654 0.836
-23.113 -12.873 -407.925 0.891
25.595 -49.875 -374.569 1.098
5.501 -71.127 -434.988 0.990
71.270 98.477 -459.741 0.956
-51.447 83.591 -460.440 0.998
43.412 17.762 -360.277 1.078
24.818 27.452 -363.801 0.953
-48.849 -46.568 -313.962 1.048
-98.367 -41.596 -494.358 1.143
-68.247 -58.340 -398.186 0.904
32.394 95.344 -477.589 0.923
-53.450 -21.189 -499.481 1.075
-80.848 73.142 -378.624 0.993
10.180 8.086 -418.503 0.926
98.946 -13.087 -310.401 1.042
21.027 95.857 -323.006 0.898
90.650 37.749 -429.956 1.063
-14.852 -55.496 -315.029 1.114
37.301 -24.689 -488.580 1.196
87.925 -42.283 -403.204 1.049
-81.973 -10.115 -395.482 1.096
-69.547 -88.100 -421.191 1.108
26.500 45.258 -414.057 0.969
0.743 -33.680 -447.512 0.935
-79.502 -52.411 -474.285 0.971
57.262 54.019 -428.557 0.809
48.713 71.294 -412.649 1.095
-67.172 65.255 -364.886 0.833
38.128 28.842 -422.960 1.013
-93.748 83.157 -326.184 1.038
33.771 44.906 -494.085 1.038
5.368 65.376 -320.375 0.887
-68.025 53.750 -334.409 1.041
41.263 83.810 -377.388 1.015
-70.094 -21.012 -468.615 0.938
-13.203 47.119 -423.289 0.949
-51.440 94.525 -437.477 1.124
-22.984 -84.888 -340.902 0.913
-71.035 -46.135 -454.791 1.025
71.969 85.739 -452.123 1.055
93.227 95.776 -398.719 0.924
59.975 59.751 -393.785 0.958
59.170 24.489 -442.680 1.115
41.973 67.793 -361.575 1.095
19.314 -92.017 -369.050 0.865
24.367 29.252 -301.059 1.007
30.171 -2.341 -417.368 1.051
-4.668 61.812 -490.997 0.961
-8.752 -54.048 -376.019 1.080
-19.039 -1.892 -495.701 0.870
90.228 -16.372 -485.188 0.899
-46.245 -44.919 -465.820 0.969
48.184 -20.852 -465.900 0.906
45.824 35.181 -494.292 1.071
-21.321 -99.899 -374.475 1.136
34.848 4.434 -496.243 0.769
29.580 -52.476 -335.653 1.166
46.480 -58.708 -377.619 0.956
-67.823 -76.366 -387.539 1.139
-7.610 -11.231 -413.516 1.059
84.573 -55.924 -364.201 0.950
80.815 -44.054 -414.693 0.989
51.813 -18.984 -491.040 1.045
25.189 34.370 -432.317 1.115
97.223 -72.528 -369.805 1.166
93.951 73.816 -389.054 1.113
-70.362 -42.292 -310.253 0.915
-46.102 -85.626 -313.715 1.258
-51.171 -53.969 -337.920 1.141
-43.492 39.415 -303.250 0.959
92.161 45.273 -484.075 1.035
-82.507 -48.743 -498.349 1.006
-45.647 -71.002 -354.604 0.810
21.947 -87.497 -328.747 1.046
-36.740 71.657 -363.087 1.030
-85.568 31.515 -351.699 1.030
98.409 -26.211 -359.843 0.876
1.114 53.570 -322.175 1.009
-67.624 73.037 -476.206 1.217
38.695 16.694 -468.296 1.069
41.265 -44.103 -396.948 0.851
-77.826 36.784 -462.437 0.923
-63.976 23.935 -406.616 0.942
49.245 -69.897 -435.459 0.903
94.815 -17.941 -493.170 1.000
-41.281 -95.404 -408.703 0.831
37.468 -92.947 -360.408 0.975
22.723 -87.517 -477.800 0.898
30.225 -60.220 -484.352 1.024
-55.983 8.158 -436.181 0.935
-50.419 76.791 -396.961 0.987
-5.891 -26.664 -318.908 1.199
-37.601 38.507 -458.318 0.915
49.952 32.115 -423.308 0.971
-3.686 -63.437 -496.117 0.962
56.224 13.258 -390.795 1.076
36.728 85.667 -369.452 0.945
65.301 35.334 -444.143 1.072
42.147 -3.455 -323.849 1.075
-56.496 -30.666 -467.457 1.101
28.337 -7.239 -325.164 0.943
-12.892 -17.408 -488.465 1.005
-61.992 57.285 -495.909 1.030
40.960 -16.935 -389.042 0.779
-52.664 73.156 -415.356 1.001
-87.543 -47.917 -414.978 0.910
33.709 14.661 -456.788 1.070
60.941 42.754 -421.738 1.068
66.343 77.427 -345.057 0.827
32.157 89.502 -418.120 0.786
-79.199 -29.376 -347.566 1.015
-85.206 -56.414 -324.292 0.962
8.034 10.166 -471.824 0.983
-52.055 51.563 -313.551 1.070
-59.141 -8.125 -400.232 1.124
78.115 71.960 -370.703 0.926
-83.072 44.666 -426.356 1.108
80.487 -64.061 -448.046 1.081
7.778 -23.333 -422.806 1.111
75.314 64.325 -330.250 1.126
73.122 47.999 -332.491 1.189
-49.782 -8.238 -460.414 0.947
76.147 -87.222 -381.996 0.892
17.283 61.943 -488.880 1.117
23.702 28.490 -471.576 1.125
-8.002 41.601 -373.019 0.846
-54.268 -51.127 -439.592 1.003
-2.587 -87.747 -374.977 0.971
70.877 64.107 -454.236 1.031
17.827 8.872 -322.838 0.973
69.565 80.684 -367.275 0.886
42.711 -88.602 -450.324 1.003
16.394 -68.768 -307.084 1.111
94.662 31.252 -478.386 1.086
3.776 80.562 -379.687 0.984
56.100 77.679 -393.564 0.939
89.591 -8.049 -449.548 1.084
-19.410 75.177 -475.196 1.066
-94.617 -19.672 -490.596 1.033
38.474 47.675 -421.671 0.942
48.762 -7.084 -321.105 0.755
94.782 -59.857 -487.906 0.854
2.387 -49.246 -362.360 0.952
-54.727 -38.886 -371.276 0.778
-94.156 31.273 -381.191 0.911
85.788 -61.340 -421.409 1.120
17.805 -26.923 -484.963 0.975
-75.655 40.750 -374.709 1.095
58.030 -47.864 -390.422 1.222
28.842 -50.621 -303.348 1.033
18.205 4.092 -476.428 1.085
-62.902 -24.544 -463.307 0.981
78.134 -8.066 -320.989 0.899
51.099 76.965 -485.067 1.001
25.338 -93.622 -306.399 1.158
-75.947 -52.713 -317.755 0.855
91.394 72.425 -359.767 0.901
11.716 -54.182 -433.036 1.007
20.710 -37.195 -354.316 1.063
-85.868 27.813 -470.238 0.954
-59.362 -0.900 -439.074 0.691
40.779 9.817 -304.174 1.055
-55.635 78.187 -484.497 0.830
9.417 -47.879 -439.843 0.815
22.465 77.693 -355.336 0.982
-65.487 -0.200 -392.049 1.149
-93.949 79.029 -449.796 1.011
-82.696 -46.033 -352.528 0.873
47.840 -28.124 -324.701 0.974
52.066 34.147 -428.042 1.096
66.466 -32.530 -326.746 0.941
-27.996 14.962 -358.755 1.105
-32.334 -87.525 -325.188 1.112
8.345 51.005 -419.492 1.066
-96.876 -80.212 -316.853 1.025
72.811 -75.308 -316.494 1.127
31.453 -17.605 -363.810 1.156
-15.372 41.610 -406.972 0.767
82.016 -34.609 -437.598 0.919
-4.168 -19.865 -439.623 0.959
58.882 77.751 -345.899 0.915
-5.309 28.151 -379.596 1.079
-31.825 44.518 -420.015 0.989
90.949 -51.183 -389.878 0.970
-51.646 19.850 -337.194 1.033
-31.438 16.566 -364.548 0.993
30.044 1.243 -414.174 0.982
25.703 97.764 -404.846 1.003
-12.337 -35.919 -457.473 1.161
8.104 -27.720 -361.431 1.011
82.964 -68.610 -430.390 1.056
-28.088 -88.755 -425.897 0.930
-23.902 -32.619 -354.789 0.966
22.372 -1.266 -452.474 0.979
-53.699 -98.238 -396.740 0.929
40.476 -25.854 -332.400 1.146
32.004 -70.109 -374.250 0.953
-16.075 -32.487 -443.694 1.087
38.177 17.264 -326.091 1.015
-51.330 48.215 -483.963 1.036
78.759 0.312 -398.258 0.936
-23.225 -19.778 -389.997 0.806
84.411 36.173 -464.127 1.005
81.144 21.605 -357.556 1.067
2.895 -27.044 -479.940 0.696
40.204 -40.797 -306.456 0.944
15.723 32.226 -492.908 1.138
12.912 -18.853 -305.947 1.068
20.065 62.379 -304.995 1.020
-76.514 55.012 -312.784 1.212
-67.437 -68.991 -351.828 1.079
-20.423 -79.449 -359.972 1.050
53.793 -87.966 -431.342 1.251
35.456 64.658 -332.320 1.237
-9.375 73.779 -337.366 1.046
-41.520 -72.624 -333.346 1.019
-47.199 -88.561 -307.866 0.976
-50.309 -49.137 -389.123 1.112
-30.259 85.285 -481.652 0.976
-23.291 -26.621 -457.101 0.980
99.321 -51.681 -472.407 0.880
39.341 46.014 -356.684 1.071
55.759 -77.558 -382.941 0.992
63.070 -14.188 -473.134 1.170
-41.959 12.115 -454.996 0.929
98.537 81.252 -397.682 0.868
95.611 76.076 -365.585 1.039
-19.036 -36.867 -460.562 0.950
-69.466 -86.012 -470.691 0.869
-31.432 44.215 -436.836 0.865
-46.500 14.358 -332.955 0.874
11.294 -78.288 -438.494 0.969
-37.505 -18.053 -411.370 1.070
-36.003 41.953 -315.082 1.258
96.798 -52.139 -354.292 0.712
58.635 68.311 -472.617 1.030
92.486 -26.333 -455.824 0.924
42.059 65.524 -386.509 1.063
49.644 -90.081 -396.645 1.009
-98.188 -71.691 -494.407 1.007
-46.658 77.102 -328.430 0.922
44.134 -89.424 -468.298 0.862
-90.981 -5.215 -355.435 0.821
-99.005 -77.283 -384.531 0.986
-24.705 88.031 -467.444 0.983
-90.379 -65.924 -428.007 0.875
-73.287 -9.964 -368.913 1.078
-71.268 -50.424 -423.632 1.169
-20.568 3.484 -302.712 0.969
68.039 -8.839 -326.830 1.050
-53.950 -91.628 -483.849 1.061
57.493 -20.685 -490.232 1.078
-18.832 -14.511 -489.595 1.014
27.208 41.053 -455.995 0.824
22.993 -18.875 -302.392 1.055
-4.204 -96.119 -490.593 1.089
66.147 70.301 -322.737 0.960
-48.230 8.316 -349.089 1.008
-35.174 -69.607 -304.400 1.045
22.417 72.923 -497.553 1.120
75.752 -50.404 -387.948 0.948
-56.306 -33.954 -320.390 1.056
-16.069 70.631 -301.162 0.954
-71.059 69.689 -388.215 1.099
17.362 76.030 -418.909 0.895
-85.903 -7.587 -475.161 1.075
75.794 77.433 -429.470 1.099
-30.854 -46.551 -404.882 0.910
8.135 38.822 -451.598 0.937
21.196 -23.781 -431.584 0.921
7.669 87.480 -450.604 1.091
-69.478 -86.738 -343.583 1.046
26.690 89.447 -490.817 1.066
10.680 -21.892 -474.552 1.130
-58.902 74.785 -326.314 1.022
-51.093 29.839 -395.547 1.141
68.215 -46.882 -472.142 1.107
-13.145 0.219 -425.861 1.168
8.688 -27.085 -414.409 0.946
59.684 9.235 -313.125 0.964
49.866 6.955 -301.243 0.972
-16.684 -57.150 -468.934 0.916
23.395 36.962 -466.506 1.073
-17.897 -11.689 -361.488 0.965
61.369 47.916 -316.208 0.902
-58.790 11.194 -498.564 0.933
-48.508 -27.446 -425.723 1.087
-76.080 -46.134 -410.905 0.975
-33.693 88.713 -384.973 0.932
72.925 15.882 -331.984 0.895
-79.828 -21.942 -394.452 1.090
96.042 -95.628 -326.804 1.071
-30.864 -81.533 -470.025 0.961
-90.672 -24.453 -308.168 1.046
44.714 -22.045 -407.251 0.811
62.169 -17.665 -471.607 0.997
62.459 -52.355 -426.720 0.983
88.870 85.386 -319.609 0.696
-78.263 3.159 -428.285 1.075
91.178 -95.929 -487.266 1.006
-4.557 69.849 -466.869 1.114
-23.108 59.458 -365.130 0.908
-6.185 -76.725 -483.293 1.194
2.625 37.473 -396.818 0.961
13.931 81.886 -499.515 1.047
-43.704 73.560 -464.207 0.949
58.108 63.498 -434.255 1.099
-98.912 59.991 -363.753 0.993
73.092 -89.345 -316.978 1.053
-87.178 76.981 -479.223 1.235
-30.276 -85.329 -320.150 0.980
-15.289 -67.526 -378.117 0.937
35.087 -75.322 -432.371 0.995
67.720 84.643 -301.788 1.109
34.874 92.467 -381.307 1.206
-59.570 94.668 -300.593 0.879
-21.233 -1.301 -449.455 1.004
-27.508 98.635 -451.290 0.911
32.538 -45.587 -400.364 0.973
64.432 35.820 -486.140 0.952
-66.666 0.648 -419.482 0.972
-17.490 38.740 -303.630 1.031
71.655 76.585 -469.499 0.993
-50.484 51.798 -454.882 1.261
53.619 36.616 -401.354 0.960
-16.271 37.016 -472.702 1.006
53.571 79.503 -326.291 0.942
-65.229 -71.647 -304.888 1.161
-92.462 -69.889 -306.663 1.002
-43.275 -11.533 -319.948 0.874
22.319 -53.709 -426.623 1.059
-22.759 69.272 -358.746 0.915
30.633 -61.236 -319.122 0.827
0.258 93.151 -347.628 0.849
1.758 1.424 -465.480 1.024
8.806 21.652 -335.117 0.917
-54.651 3.245 -438.081 0.918
-97.464 13.602 -413.062 1.030
88.674 -25.955 -360.654 0.893
74.485 48.293 -314.668 0.922
-84.179 41.056 -374.606 1.027
-76.163 -67.207 -489.464 1.040
-94.890 2.043 -302.625 0.928
-72.219 -75.682 -301.765 0.907
-38.158 -18.651 -497.894 0.955
32.628 -15.138 -466.587 1.091
-45.002 -51.305 -483.872 0.971
78.338 22.771 -414.686 0.940
-70.182 88.633 -339.379 1.108
71.787 -11.145 -477.196 0.925
50.330 -18.930 -487.685 0.950
-50.023 86.433 -457.994 0.904
0.208 58.185 -434.948 1.188
-12.268 -26.409 -432.700 0.905
-96.688 -79.616 -420.572 0.913
-32.265 -31.690 -339.681 0.929
79.724 -3.207 -379.436 1.031
-22.994 12.506 -351.011 1.026
10.984 -44.032 -340.886 0.981
44.376 -33.020 -455.342 0.821
-91.729 -34.500 -341.799 1.079
-86.993 6.463 -401.745 0.892
-53.074 -18.229 -368.792 1.019
-92.624 -10.576 -432.553 0.804
62.649 55.986 -495.170 0.968
98.664 -79.123 -435.038 1.116
34.380 92.960 -399.552 1.028
-31.301 -59.841 -478.587 1.236
23.915 52.500 -342.408 0.999
48.595 24.614 -436.713 0.970
-33.887 73.592 -307.318 1.091
-87.052 -97.162 -383.151 1.012
-58.726 -88.927 -488.790 0.815
-22.913 -80.646 -337.935 1.026
-77.536 82.084 -317.715 1.015
70.212 -8.990 -447.176 0.928
32.555 -21.452 -340.383 0.894
-1.167 -7.383 -361.311 0.810
-79.926 12.593 -493.823 0.821
-7.485 -15.790 -443.672 1.092
-96.264 -74.219 -463.184 0.979
88.777 45.256 -364.598 1.024
-89.676 -81.615 -457.167 0.791
-9.283 -45.416 -318.120 1.166
-17.157 82.547 -324.565 1.118
-75.278 12.609 -465.213 0.990
-46.642 3.422 -440.540 1.126
-8.528 61.266 -454.599 0.895
-19.044 -46.592 -460.741 0.943
78.768 -98.289 -437.541 0.960
31.838 63.804 -420.310 1.075
-47.617 88.900 -496.005 0.795
36.418 68.071 -466.935 1.113
-90.761 2.678 -339.842 0.972
-25.205 -49.282 -337.369 0.897
-38.307 46.855 -305.536 1.060
-57.436 0.339 -486.743 0.993
-53.120 -23.688 -405.280 1.125
46.955 73.866 -462.584 0.941
13.535 -77.609 -345.500 0.862
2.925 -75.097 -451.862 1.065
-36.885 -82.698 -439.464 1.270
66.147 94.069 -330.637 0.974
62.514 28.411 -369.291 1.005
46.483 61.912 -377.435 1.047
58.466 10.717 -349.158 1.010
-47.137 -0.905 -455.705 1.096
9.455 -44.226 -342.071 1.146
36.028 -19.838 -300.642 0.931
42.623 37.931 -325.986 1.013
29.533 31.575 -414.101 0.889
-38.256 92.851 -491.127 1.082
-38.844 4.000 -339.521 0.958
52.118 71.600 -417.871 0.997
1.563 -42.223 -390.929 0.956
22.185 -45.241 -383.741 1.045
37.097 23.805 -424.821 0.910
57.829 -49.445 -405.337 0.994
-44.746 41.099 -410.523 1.161
-86.972 19.371 -362.016 1.135
54.173 44.280 -448.874 1.028
-22.549 -39.065 -461.782 1.017
73.793 51.489 -329.778 1.000
-91.686 31.828 -359.938 1.013
-99.725 9.024 -420.474 1.027
10.373 86.474 -409.683 0.625
-52.878 59.962 -371.334 1.094
-35.029 25.052 -347.470 1.016
-6.345 94.885 -421.359 1.118
-33.148 -78.238 -460.566 1.038
17.794 53.531 -442.623 0.982
-60.656 13.882 -480.560 0.988
-92.605 45.947 -473.346 1.040
-40.332 -45.933 -465.355 1.065
-52.461 36.805 -470.460 0.943
3.507 79.007 -368.193 1.050
96.298 -74.946 -489.323 0.963
37.147 -43.365 -406.882 0.948
77.631 45.374 -389.112 1.077
52.471 75.904 -310.379 1.064
5.378 78.622 -440.366 1.000
-17.886 -38.621 -429.097 1.008
-35.871 -2.939 -351.874 0.951
31.650 53.983 -483.662 1.018
22.932 19.436 -434.427 1.055
-66.174 47.202 -352.259 0.964
-44.534 -5.719 -319.636 1.037
-42.200 65.713 -495.617 1.066
21.577 65.923 -307.731 1.095
19.428 -23.401 -405.105 0.965
-2.171 66.312 -360.150 1.209
-67.744 -83.814 -375.195 0.765
32.507 -58.205 -469.865 0.794
-15.196 -73.438 -320.081 0.999
66.768 -95.897 -488.146 1.097
27.234 -88.220 -369.010 1.124
-0.719 -2.696 -444.820 1.015
76.454 6.935 -447.077 0.860
15.366 34.801 -415.285 0.977
54.881 27.152 -432.598 0.934
65.982 -45.246 -480.074 0.916
4.068 52.134 -440.802 0.831
52.215 95.644 -481.315 1.166
93.264 -19.975 -445.816 0.874
-79.435 62.651 -382.810 0.645
-28.655 76.385 -437.029 0.999
-90.358 -61.499 -374.682 1.020
-29.864 91.794 -464.998 1.016
66.892 -45.786 -385.302 1.010
-69.616 51.776 -402.362 1.026
5.884 11.247 -368.103 1.014
-88.864 -44.735 -305.295 1.046
70.347 40.621 -305.709 1.072
-80.790 -52.435 -418.209 1.063
-62.139 -56.944 -391.836 0.847
-51.037 -27.129 -307.532 1.093
74.473 64.153 -464.540 1.047
5.396 -91.672 -462.952 1.054
89.517 66.463 -372.029 0.840
77.313 68.360 -382.978 0.925
66.973 -84.665 -487.835 0.970
-6.731 -3.089 -442.400 0.930
94.362 59.107 -305.807 1.021
-60.116 61.700 -497.416 0.874
0.928 61.182 -367.820 0.869
-64.389 91.530 -416.482 0.949
62.855 38.721 -309.753 1.054
-80.628 -60.519 -405.836 0.998
20.867 -6.181 -472.169 0.965
-88.447 -90.076 -445.720 1.191
-94.705 28.344 -482.714 1.089
88.434 -25.088 -318.644 1.032
76.479 -69.908 -464.143 0.946
78.757 -69.877 -447.885 1.041
-14.331 61.322 -387.751 1.034
-69.581 -3.947 -428.486 1.080
18.827 -34.735 -399.220 1.055
-67.945 -17.218 -443.524 0.935
68.523 -32.198 -333.663 1.055
66.844 18.183 -461.117 0.925
-65.292 2.569 -450.820 1.023
-44.797 29.153 -384.567 0.795
87.635 94.868 -491.833 0.950
41.299 -93.685 -313.141 0.957
-95.128 9.666 -372.934 0.795
56.856 -72.572 -319.756 1.039
-56.546 45.479 -476.959 0.893
53.330 62.465 -460.219 0.984
8.844 87.836 -390.459 0.995
-19.327 16.515 -346.992 0.957
27.676 -81.245 -478.429 1.134
-4.211 5.361 -344.025 0.972
-72.290 66.599 -385.025 0.999
-12.342 -84.019 -396.298 0.887
-75.057 -88.362 -431.426 1.239
-53.757 -70.866 -384.477 1.158
82.195 1.164 -457.963 1.108
-85.310 -6.621 -437.127 1.016
38.874 -40.002 -388.489 1.051
-70.597 -65.392 -373.305 1.118
-45.792 -91.005 -431.037 1.144
58.379 -71.036 -440.306 0.935
57.274 -79.353 -439.851 1.095
-5.148 79.667 -377.098 0.969
-89.982 85.524 -374.012 1.093
-84.977 8.594 -464.419 1.073
-47.431 76.617 -342.622 0.982
72.621 97.535 -490.971 1.093
17.169 -53.070 -396.689 1.071
4.390 56.750 -321.484 1.150
-99.036 -53.351 -370.309 1.094
-4.519 12.140 -461.205 1.102
-24.979 61.637 -339.772 1.027
-89.656 23.245 -453.576 1.223
67.662 -25.034 -457.059 1.150
5.815 -94.622 -373.810 1.159
93.395 -9.104 -357.608 0.927
7.178 92.685 -408.737 0.972
34.752 98.180 -404.981 1.032
2.960 70.465 -366.776 0.764
-15.137 49.388 -464.464 0.999
57.791 5.270 -306.947 1.006
-9.023 45.052 -388.833 1.070
-85.884 41.982 -429.632 0.987
33.776 59.026 -389.947 0.968
57.155 -25.654 -336.222 0.953
-87.643 -82.977 -446.760 1.132
-45.515 -41.194 -476.925 0.863
17.088 7.268 -370.173 1.094
-59.029 79.920 -488.952 1.072
7.226 41.297 -425.680 1.112
-76.829 -68.663 -351.048 0.956
87.926 -15.754 -442.231 0.851
86.946 -6.030 -347.059 1.070
-93.532 42.824 -399.990 0.875
37.571 56.299 -336.164 0.916
-68.142 -83.849 -351.214 0.968
45.493 -63.094 -480.961 1.107
79.217 -48.578 -347.057 0.983
82.646 -78.813 -466.358 0.980
33.651 63.683 -405.649 1.016
71.369 -58.112 -448.771 1.041
-83.008 52.290 -373.591 0.960
15.147 -84.382 -324.290 0.932
-35.591 -1.724 -453.552 0.945
87.085 -8.785 -300.396 1.035
99.068 -76.921 -406.751 1.094
-31.052 -64.277 -342.166 0.867
18.879 92.351 -301.517 1.030
-26.372 -63.996 -343.285 0.909
99.531 10.433 -444.852 1.125
-29.301 87.982 -447.791 0.811
-20.483 37.218 -472.547 0.798
-22.940 -36.474 -473.260 0.967
-12.123 60.577 -306.166 0.998
19.281 69.522 -488.212 1.086
29.111 50.990 -339.917 1.052
-31.833 32.020 -371.813 1.051
-20.908 -84.978 -349.847 1.079
59.613 49.085 -326.407 1.091
-36.770 26.891 -309.049 1.119
-20.761 -46.586 -480.358 0.863
85.476 35.705 -338.675 1.007
19.404 4.343 -489.354 0.991
-40.437 86.522 -417.009 0.952
-51.263 -34.774 -315.308 0.912
51.625 58.837 -463.174 0.980
80.491 39.176 -360.404 0.941
7.644 60.737 -308.895 0.926
-90.432 34.729 -448.016 1.236
-71.176 88.539 -369.582 1.093
-40.463 -41.079 -416.627 1.026
74.500 73.634 -421.414 0.949
68.704 8.725 -457.735 1.065
-27.724 54.553 -485.797 0.932
46.934 74.649 -367.931 0.867
55.495 -53.424 -423.074 1.167
-22.155 -61.643 -493.460 0.941
42.927 22.345 -321.149 1.005
11.492 -18.113 -492.241 1.208
5.334 92.212 -443.147 0.947
23.282 -69.551 -412.170 0.978
-12.836 -64.765 -458.402 1.099
87.487 11.659 -399.149 0.890
96.877 14.621 -409.140 0.820
-96.047 -90.892 -409.923 1.156
25.735 -28.107 -330.926 1.245
-50.944 86.945 -435.341 0.941
-9.985 23.756 -315.234 1.171
-31.394 -47.472 -331.895 0.960
-11.492 8.370 -352.263 0.911
-71.579 3.598 -417.724 1.142
8.519 -18.474 -362.355 1.118
3.187 7.686 -337.461 1.116
-45.169 99.388 -346.218 1.197
-32.777 67.847 -415.575 1.125
-8.410 -78.092 -494.066 0.997
87.168 16.447 -363.036 1.296
36.956 -96.885 -413.794 1.065
-25.773 -63.763 -452.759 0.907
46.784 38.902 -389.068 1.061
54.119 -45.684 -472.385 0.997
51.962 -65.056 -495.824 0.857
-89.851 81.378 -465.431 0.984
-45.507 -77.641 -361.566 0.895
25.497 -60.135 -424.628 1.046
-58.113 20.795 -444.269 0.939
56.084 -47.128 -331.756 1.023
98.484 -18.068 -349.828 1.120
-5.594 -35.334 -348.887 1.070
-69.009 -67.283 -472.679 0.903
-61.088 0.119 -326.171 1.039
41.979 8.807 -359.583 0.786
3.300 8.415 -420.508 1.015
26.558 -4.279 -467.939 0.930
60.216 69.657 -413.053 1.058
6.059 35.893 -388.046 1.011
77.634 -9.440 -451.748 1.012
-54.878 -74.305 -439.621 0.892
85.438 51.088 -373.927 1.018
-89.654 -38.089 -365.565 0.985
-40.129 -4.836 -355.711 0.955
25.605 -15.010 -397.671 1.049
-22.631 67.871 -338.239 0.968
1.015 96.129 -355.380 0.965
-23.811 -24.868 -405.357 1.067
-88.893 75.066 -460.490 1.022
-28.390 57.705 -495.668 0.990
78.267 32.678 -335.711 0.962
18.735 14.466 -396.772 1.074
65.068 65.184 -353.183 1.013
56.716 -14.467 -384.808 0.868
