7.528 -23.305 -455.301 1.035
-86.915 -23.757 -332.613 1.042
-26.121 92.594 -374.378 0.932
-32.509 63.558 -439.665 0.860
27.489 -88.755 -455.042 1.096
46.591 -8.004 -414.056 0.871
33.981 21.093 -455.495 1.010
92.479 50.518 -338.582 0.835
-85.876 -3.775 -478.715 1.033
-29.135 89.461 -479.428 0.914
52.414 -26.987 -322.520 0.943
-28.659 89.699 -377.826 1.040
87.263 61.697 -405.753 1.028
-29.967 -10.075 -423.873 0.982
58.075 55.999 -482.551 0.861
-54.088 -82.436 -339.523 1.044
16.689 84.517 -379.956 0.844
18.315 -78.648 -354.003 1.098
53.578 3.081 -361.572 0.948
-10.837 -5.588 -487.993 0.911
-60.089 90.492 -304.742 0.940
-58.912 -73.045 -459.068 1.200
93.235 -63.550 -435.256 1.029
-84.087 88.799 -365.078 1.032
32.007 0.262 -376.612 0.930
-77.110 -24.273 -373.995 1.037
30.605 19.512 -367.261 1.046
36.690 -34.607 -408.183 1.008
8.766 50.573 -317.733 1.029
32.854 -66.649 -497.434 1.153
55.132 -28.566 -300.001 1.000
52.648 57.141 -337.195 1.066
97.764 -48.583 -409.829 0.949
92.842 -74.862 -308.274 1.080
-71.620 -72.143 -318.819 0.983
-55.637 83.760 -367.659 1.015
-74.385 49.864 -423.051 0.966
15.647 -45.914 -300.280 0.816
25.326 92.533 -483.268 1.091
-99.595 20.838 -320.708 1.059
-0.721 -46.924 -346.190 0.961
-72.085 -27.494 -375.130 0.891
-79.877 -88.823 -433.310 1.044
-75.009 73.956 -315.531 0.973
42.522 -13.917 -489.860 0.977
39.121 23.485 -470.406 0.947
42.973 20.020 -363.707 1.095
67.890 -94.095 -479.770 0.961
-12.739 -79.852 -492.043 1.069
2.387 65.789 -365.701 0.913
-98.398 2.517 -351.677 1.120
99.909 -60.828 -438.133 1.074
-93.216 -27.001 -328.296 1.015
74.429 -52.236 -481.050 0.982
76.785 -39.051 -394.143 1.108
39.359 19.950 -397.394 1.134
53.645 9.003 -304.647 0.909
36.461 -43.040 -495.760 1.091
42.199 -43.382 -462.893 1.082
-30.229 37.867 -300.455 0.916
-81.927 -15.363 -395.369 0.940
91.136 18.000 -427.529 0.915
50.969 52.296 -338.605 1.146
89.758 77.566 -462.147 1.026
64.554 35.099 -400.231 0.898
29.498 -64.368 -408.284 1.038
-30.418 -21.239 -379.044 1.025
-40.628 62.382 -339.023 0.915
19.943 58.689 -486.299 0.910
-46.696 36.917 -305.840 0.960
51.176 -25.045 -416.610 0.941
-32.680 97.562 -480.122 0.969
18.301 -60.132 -491.473 0.927
59.400 -88.019 -497.590 0.932
73.534 66.897 -344.575 0.989
32.324 -20.783 -469.723 0.959
-15.777 -77.794 -399.828 1.172
89.621 27.069 -487.193 1.103
72.976 53.013 -399.791 0.955
70.540 48.521 -383.995 1.083
52.257 -71.531 -454.834 0.944
47.667 65.217 -330.886 0.971
-13.649 -10.975 -430.524 1.057
-63.220 -18.810 -398.128 0.956
6.377 -23.674 -417.469 1.034
38.177 -69.143 -316.075 1.029
45.237 30.764 -485.550 0.988
-35.478 16.472 -431.262 0.986
-70.099 25.732 -467.898 0.950
40.569 -1.857 -403.882 0.985
62.888 49.681 -441.063 1.004
-2.302 41.824 -462.854 1.100
41.356 26.295 -391.974 0.998
87.710 -3.741 -417.265 1.056
78.764 67.042 -354.941 1.262
-47.932 -67.080 -400.594 0.873
53.452 -14.911 -461.171 1.124
17.942 -9.112 -496.537 0.994
34.607 36.171 -482.515 1.049
29.540 65.763 -449.674 0.962
39.415 -34.298 -367.547 0.988
47.306 -0.038 -495.767 0.816
-24.298 56.660 -437.719 1.001
-85.831 68.787 -321.468 1.059
-24.484 -60.217 -304.375 0.973
16.835 -81.943 -378.726 1.079
13.365 21.709 -456.301 0.837
24.220 -15.306 -359.004 0.905
38.285 -0.878 -376.004 0.968
-3.729 49.177 -490.646 0.812
-28.166 34.592 -326.587 1.126
-1.535 79.467 -376.548 1.082
-20.349 30.075 -491.928 0.915
96.848 -71.513 -372.057 0.953
58.202 -27.610 -490.456 0.962
96.257 -67.430 -353.597 1.026
95.418 -68.091 -433.870 1.035
-15.937 -96.626 -382.948 1.056
59.936 -4.639 -460.875 1.031
-25.148 -91.650 -485.610 1.118
41.494 -25.892 -351.468 0.957
-87.837 61.988 -316.958 1.047
-51.415 21.883 -303.171 0.906
85.360 31.442 -481.324 0.909
15.481 -23.211 -300.618 0.967
-77.707 -22.032 -434.812 0.966
2.482 -13.978 -371.124 1.149
-43.276 91.558 -359.565 1.030
-12.186 65.174 -349.260 1.021
59.664 -1.299 -481.820 0.981
-11.933 -55.732 -354.269 1.042
20.809 -0.241 -356.217 0.859
50.129 88.772 -338.705 0.907
-41.365 -49.835 -347.996 0.898
14.993 -51.236 -347.659 1.119
-57.869 69.891 -435.057 0.988
-37.522 18.426 -332.019 0.926
82.920 -89.417 -418.439 1.015
-34.108 -57.677 -413.108 0.864
-52.829 68.109 -335.826 0.962
31.683 -74.211 -445.602 0.952
-31.284 -97.054 -406.042 0.778
40.693 47.839 -497.686 0.925
32.893 -73.926 -486.040 1.011
-78.716 80.724 -429.844 1.130
-11.332 -5.264 -369.425 0.838
31.162 -36.170 -419.563 0.976
29.296 28.869 -419.223 0.782
-60.742 -32.411 -458.312 1.066
-24.815 -55.363 -448.742 0.856
45.997 0.043 -434.754 1.009
-0.649 8.926 -302.046 0.877
-88.561 -67.912 -371.571 1.004
-19.001 95.812 -421.520 0.912
70.140 54.878 -496.355 0.946
93.891 25.451 -311.922 1.148
32.296 0.476 -436.000 0.976
73.081 -81.927 -462.518 1.070
67.427 -44.787 -369.075 1.095
-52.541 -0.292 -479.561 1.195
-59.531 75.909 -420.567 0.997
-29.025 40.855 -400.905 1.071
37.117 29.833 -483.715 0.984
-98.790 -55.920 -476.289 0.882
68.022 73.937 -409.761 1.048
67.982 -91.215 -432.541 1.030
-12.173 -10.060 -482.724 1.100
41.881 -13.650 -419.074 0.876
63.975 64.892 -323.888 0.907
-64.684 -99.604 -433.832 1.020
-10.043 42.040 -378.223 1.060
51.792 18.703 -380.464 1.009
-57.516 94.332 -456.060 1.079
75.596 -64.321 -472.728 0.946
71.399 -46.507 -328.256 1.117
51.314 -64.312 -338.490 1.016
-74.106 21.911 -499.195 0.943
-26.357 -17.644 -481.002 0.898
41.131 -59.337 -357.627 0.971
-59.842 -22.477 -479.810 1.057
-92.397 87.697 -406.287 0.977
35.394 -36.685 -313.673 1.052
36.386 -21.485 -368.448 1.060
77.592 22.177 -325.860 0.901
-79.924 2.499 -349.929 1.074
9.961 91.693 -416.476 1.064
-57.231 52.004 -442.360 0.827
22.831 10.772 -402.479 1.126
-50.485 32.866 -484.870 1.163
35.296 25.299 -357.709 0.872
20.300 73.146 -499.753 0.825
94.841 -32.964 -453.857 0.951
-97.688 -4.173 -473.664 0.916
84.635 37.753 -343.991 1.119
-7.403 5.420 -442.805 0.920
86.857 -71.988 -499.488 1.014
-7.277 13.166 -436.148 1.118
68.022 4.571 -325.040 0.914
56.150 30.651 -344.172 0.948
-9.622 1.695 -458.316 1.033
-85.375 35.972 -370.701 1.129
88.746 -89.985 -425.916 1.002
-86.771 -50.184 -385.675 1.026
67.090 -72.505 -303.044 0.978
24.716 28.839 -393.258 1.162
77.347 -51.609 -480.832 0.849
3.282 -30.694 -444.747 0.883
-49.507 -47.547 -301.013 0.923
-18.033 -75.282 -319.056 0.971
79.732 69.560 -485.739 0.747
64.431 86.339 -301.512 0.965
38.331 -22.852 -415.685 1.024
88.844 92.869 -405.535 1.131
90.145 52.591 -369.469 0.937
-32.408 -25.270 -467.808 0.954
-98.071 -62.650 -470.343 1.032
80.243 89.109 -391.604 1.054
-36.627 23.168 -344.027 0.853
17.447 90.612 -383.464 0.961
63.593 75.924 -413.968 0.926
9.706 89.747 -432.221 1.057
68.749 75.941 -301.988 1.060
89.141 -95.248 -336.455 1.142
31.095 -99.503 -471.393 1.104
-61.924 77.461 -498.167 0.893
51.914 39.956 -419.109 0.971
32.344 18.853 -369.810 1.289
26.289 -37.186 -447.340 0.882
67.295 -48.187 -475.243 0.991
-44.877 -6.307 -453.786 0.966
69.543 28.834 -460.682 0.920
69.633 -38.196 -465.996 1.030
-77.947 26.584 -392.188 1.022
-33.768 -30.415 -324.582 1.037
65.372 99.505 -307.145 0.860
-23.913 32.547 -308.774 1.100
-80.771 75.070 -451.620 0.921
92.833 94.687 -346.755 0.921
-4.905 -76.347 -347.191 0.953
17.705 73.852 -447.921 0.974
15.314 62.441 -349.905 0.926
-53.262 -44.127 -331.407 0.990
-11.142 -13.701 -401.646 0.929
-39.587 93.992 -464.424 0.884
7.251 78.727 -419.953 1.054
43.043 -77.422 -477.648 1.089
-7.625 -72.297 -444.104 1.105
-38.006 -3.926 -328.261 1.135
-1.346 10.414 -471.398 1.020
-0.514 65.337 -347.445 0.812
55.001 -43.990 -414.099 1.135
-29.583 8.676 -318.895 1.002
98.307 -70.395 -349.330 0.941
-50.792 8.634 -379.979 0.953
-33.364 35.666 -431.562 1.026
30.874 23.756 -301.714 1.078
-48.193 6.876 -330.445 0.870
7.108 -92.520 -437.890 0.987
74.426 -31.012 -357.334 1.029
-16.368 -57.965 -499.195 0.987
95.396 18.266 -391.786 1.000
-54.848 -78.907 -440.880 0.925
83.502 -0.451 -462.198 1.092
85.794 -95.551 -424.465 1.161
35.018 -92.721 -377.350 1.123
-53.550 -61.367 -389.630 1.137
-24.600 -27.008 -386.064 0.883
-14.269 -72.092 -466.190 1.137
38.329 11.174 -379.822 1.046
-41.712 83.477 -425.833 1.017
-27.805 28.371 -378.761 1.038
87.117 18.142 -457.229 1.118
-18.375 39.265 -315.382 0.860
82.326 -65.242 -486.129 0.928
50.801 -19.425 -402.760 1.046
45.271 -13.324 -319.775 1.039
-26.286 42.433 -425.739 1.125
-3.087 57.844 -316.544 0.987
81.519 4.073 -462.739 0.898
-1.552 34.210 -382.405 1.160
33.661 4.800 -313.896 1.251
-61.657 -9.639 -423.861 1.003
83.437 -33.230 -398.518 1.071
-84.238 -72.039 -396.904 0.943
-53.422 95.149 -332.208 0.844
8.534 -38.081 -321.502 0.928
86.661 -44.089 -412.522 1.145
-31.775 64.989 -391.975 0.869
-34.510 -16.624 -338.746 1.034
44.383 -10.241 -400.431 0.974
51.642 -36.284 -389.651 0.847
-3.778 -42.923 -447.571 0.755
-36.146 -11.695 -463.763 1.079
41.720 -88.005 -380.561 1.030
-10.550 83.270 -441.648 0.923
89.568 -51.531 -306.247 0.933
-36.990 91.399 -309.458 0.971
12.407 -82.819 -307.457 0.896
19.526 79.861 -315.323 1.158
47.942 90.154 -456.377 1.045
5.983 -58.667 -384.806 1.086
56.799 -40.362 -417.285 0.954
23.115 31.504 -379.820 0.929
-20.890 -50.905 -403.901 0.955
98.931 -45.478 -402.929 0.771
-72.997 2.649 -462.748 1.109
-76.038 -41.896 -430.940 0.996
9.123 -52.011 -376.539 0.880
-28.335 -64.134 -477.212 0.963
80.858 -84.740 -443.435 0.982
-36.554 -97.975 -488.331 0.963
-16.528 32.862 -327.041 0.830
-48.629 34.457 -300.507 1.075
36.277 24.309 -386.037 0.910
-15.893 82.326 -332.933 0.893
0.027 94.799 -362.676 0.985
-13.117 -81.846 -363.361 0.961
-59.915 67.342 -367.750 0.897
89.163 -9.447 -363.941 0.958
15.501 58.331 -342.967 1.046
42.676 65.207 -419.979 0.845
-36.839 -48.560 -447.953 1.090
-81.114 79.097 -358.820 1.059
2.784 79.463 -411.975 0.996
-20.559 57.208 -428.198 1.130
-73.966 40.101 -435.616 1.021
65.653 63.515 -317.826 0.943
-89.365 47.081 -395.787 1.041
35.072 -72.114 -317.207 0.918
-28.450 -45.275 -498.160 1.060
-37.689 -37.231 -362.191 1.050
-54.596 7.892 -320.403 1.101
-55.052 -28.589 -354.049 1.064
-22.384 -87.894 -395.389 0.973
-20.093 0.060 -381.378 0.884
-55.016 -61.058 -371.680 1.070
-1.375 92.216 -475.431 0.903
-98.163 48.221 -316.600 0.986
-42.997 57.582 -312.294 0.878
0.672 92.862 -387.163 1.121
-60.135 -47.951 -371.756 0.980
-95.001 66.473 -430.729 1.093
-35.838 -63.089 -417.426 1.001
64.443 29.342 -313.830 1.160
-95.474 93.234 -446.024 0.871
82.108 44.357 -306.968 1.130
-78.868 -32.928 -472.487 0.960
-39.246 -25.279 -333.594 0.973
94.073 84.523 -388.774 0.909
78.938 -79.428 -430.978 1.202
-17.120 -89.794 -410.981 1.163
-11.080 -19.168 -343.662 1.085
-63.977 -27.910 -394.905 1.034
67.178 45.004 -466.985 0.928
44.161 2.916 -420.785 0.986
-53.274 -50.434 -466.735 0.906
-93.310 62.611 -469.489 0.924
44.279 -15.713 -313.206 0.955
-29.173 60.589 -424.742 0.960
-40.946 50.662 -354.578 1.303
-89.866 -16.137 -487.868 1.034
-85.586 56.022 -343.926 1.072
-33.616 -29.780 -335.575 1.171
14.217 9.334 -374.247 1.133
-66.359 -5.573 -484.271 0.989
-18.913 -1.222 -486.313 0.951
-54.390 64.389 -307.613 0.967
40.054 -82.900 -488.713 1.010
51.149 70.328 -447.034 1.011
-51.238 89.093 -364.710 1.109
7.997 -1.734 -363.547 1.045
-79.771 76.766 -413.101 1.037
-68.101 55.149 -480.624 0.940
90.724 33.417 -401.165 1.059
-25.788 5.767 -321.899 0.950
-73.770 48.316 -451.722 0.991
60.071 14.156 -350.872 1.121
-82.423 -4.861 -496.269 0.847
56.771 71.132 -463.171 1.032
31.647 70.005 -448.867 0.752
21.920 48.351 -304.735 1.039
-73.766 60.972 -374.941 1.113
-3.691 -24.395 -331.618 0.929
-70.766 -92.081 -360.040 1.122
-78.967 33.926 -459.686 1.141
-35.040 -53.969 -450.504 1.078
63.556 48.674 -454.835 1.113
-28.224 -77.389 -410.954 0.999
-29.623 24.963 -364.406 0.978
15.693 -99.890 -306.036 0.987
62.495 6.845 -396.392 1.086
3.335 89.027 -345.596 0.909
56.131 47.528 -387.400 1.067
89.171 88.508 -400.418 0.941
-82.023 -73.592 -415.218 1.012
-78.780 -84.774 -465.539 1.326
-23.341 99.954 -323.180 0.980
-4.485 -77.120 -371.419 0.866
4.154 81.189 -405.197 1.030
-9.836 65.809 -498.673 0.834
-64.249 36.104 -496.305 1.032
-36.441 18.089 -367.931 1.141
-32.776 -58.563 -458.918 1.011
38.437 -82.860 -415.563 0.997
87.103 -98.872 -322.117 1.026
28.917 62.516 -334.114 1.051
-51.831 -34.331 -490.908 1.003
-21.437 -23.466 -317.158 1.079
-24.002 20.262 -499.281 0.914
32.097 82.727 -317.299 0.903
10.031 -24.655 -335.248 0.861
-65.340 -20.964 -310.479 1.190
27.883 69.116 -474.405 0.899
52.593 -31.647 -477.265 0.963
-32.924 -64.961 -329.364 1.143
16.106 48.290 -463.819 0.924
12.511 95.639 -485.985 0.951
75.079 -91.673 -428.731 0.968
-77.961 -34.068 -413.412 0.931
-6.632 5.147 -370.126 0.968
-55.598 -44.288 -478.583 0.874
-4.905 -78.262 -340.259 1.022
-8.051 50.375 -387.111 0.887
-78.031 -8.383 -337.370 0.917
47.047 62.244 -451.532 0.906
40.556 14.574 -353.134 0.909
-23.288 91.613 -423.502 1.050
93.109 77.182 -381.438 0.988
-43.820 27.371 -309.703 0.949
9.206 -9.414 -345.634 0.993
34.831 -27.208 -361.083 0.927
86.007 5.633 -422.757 0.922
-85.683 77.827 -479.000 1.083
-85.237 5.580 -432.192 0.912
-79.361 -70.830 -334.341 1.001
81.424 -56.074 -431.012 1.051
27.592 74.378 -337.285 1.048
37.855 -55.579 -456.215 0.968
-55.311 59.781 -361.748 1.010
-19.626 -1.092 -315.117 0.966
-22.859 -57.059 -408.255 1.132
-66.188 -6.678 -348.521 1.115
78.096 -67.823 -369.888 0.956
82.937 -77.706 -400.776 1.034
-89.065 -74.334 -411.562 1.022
-54.530 -20.801 -352.796 1.033
-11.364 -79.663 -412.897 0.839
61.590 -85.951 -359.876 0.834
-32.910 -95.824 -462.406 0.933
-41.555 -99.160 -392.382 0.950
-83.616 3.371 -386.563 1.039
45.857 -7.656 -453.636 0.959
61.454 6.370 -331.884 0.965
51.536 13.494 -414.369 1.004
0.938 -64.603 -323.389 1.003
70.270 -89.954 -308.168 0.807
95.068 48.884 -413.075 1.110
41.175 -88.759 -331.855 0.846
-62.529 64.837 -361.718 1.112
84.102 -20.919 -307.714 1.061
-66.770 73.640 -431.328 0.962
90.142 40.664 -344.184 0.977
50.380 56.652 -313.971 0.913
12.191 -24.911 -453.014 1.004
46.501 70.152 -435.879 0.844
-66.577 2.808 -407.960 1.008
-67.253 -44.915 -459.370 0.839
-89.651 6.586 -381.027 1.059
94.827 10.976 -443.995 1.047
58.213 -37.385 -431.799 0.876
38.736 -13.275 -485.596 1.096
-76.512 43.814 -495.376 0.888
77.962 12.155 -364.711 1.054
54.473 -86.548 -450.204 0.793
-75.470 77.970 -457.863 0.964
2.382 71.730 -345.144 1.061
-49.479 -1.383 -334.358 0.923
-64.302 90.469 -303.193 0.891
-2.883 -91.899 -367.899 0.967
-38.759 57.424 -474.040 1.105
-85.090 -10.813 -495.281 1.066
-17.967 -78.374 -391.749 0.898
6.977 -12.585 -417.433 0.878
-44.031 44.443 -321.291 0.921
74.726 -24.097 -465.168 0.846
37.121 -30.015 -427.240 1.065
17.260 -20.266 -358.355 1.042
22.479 4.591 -498.256 1.039
-55.255 -59.365 -318.892 1.085
-19.072 -11.206 -351.198 0.905
64.452 -94.170 -487.020 0.993
65.378 15.441 -329.484 0.873
26.082 58.603 -357.013 0.977
-8.565 50.947 -431.311 0.938
3.367 53.529 -417.007 1.011
-38.055 89.198 -427.627 1.020
-53.561 -27.515 -302.626 0.988
-82.345 97.162 -490.481 0.871
-1.956 -1.634 -338.174 1.087
0.148 -85.849 -382.323 1.055
44.538 -41.284 -345.881 0.943
-57.358 -85.069 -394.626 0.986
58.804 -16.530 -380.214 0.938
-43.327 72.369 -331.411 0.866
40.539 -69.017 -436.455 1.017
-83.820 -9.021 -464.045 0.923
-56.699 68.429 -303.005 1.071
-51.746 -22.542 -371.283 1.076
47.819 84.584 -498.192 1.136
16.846 -73.877 -461.797 0.819
61.052 80.168 -349.941 1.049
70.796 -98.167 -486.364 1.049
-45.590 -3.389 -461.567 1.039
72.065 77.342 -400.784 1.037
-39.569 -27.720 -372.062 1.177
-36.102 -44.179 -318.358 1.332
79.965 -28.370 -477.172 0.911
-76.491 -94.333 -466.883 0.856
-86.235 44.305 -462.345 1.035
-74.842 -5.205 -389.877 0.897
77.305 -10.799 -336.518 0.887
8.683 -19.536 -467.991 1.081
94.199 -86.235 -309.193 0.942
-94.626 9.809 -390.916 1.002
-28.256 59.456 -389.590 0.971
13.003 67.204 -425.998 1.017
78.569 70.494 -371.601 0.937
93.667 35.666 -467.235 0.858
-37.118 24.161 -332.658 0.806
-7.553 -87.997 -319.225 1.004
-63.512 34.828 -457.618 1.072
-88.135 -84.918 -412.577 1.001
-3.992 28.051 -409.257 0.981
43.056 92.407 -378.922 0.980
-34.988 -78.832 -347.328 0.957
-18.010 61.840 -483.379 1.134
-78.834 52.220 -319.265 0.992
-47.311 5.526 -350.836 1.090
59.550 -88.503 -400.732 1.252
24.208 -28.803 -456.928 1.064
73.300 -33.924 -478.614 1.028
-99.817 58.945 -397.198 1.070
8.506 -4.664 -462.089 1.050
-84.491 17.170 -476.397 0.948
37.465 18.658 -443.978 0.835
-3.180 -25.104 -354.390 1.051
11.045 -32.762 -454.883 1.035
79.499 30.888 -475.441 0.914
27.802 60.188 -366.901 0.859
17.786 -26.305 -363.903 1.003
-52.967 35.559 -469.919 0.931
11.286 -48.842 -405.119 1.107
-55.586 -85.628 -344.917 0.907
28.516 8.018 -465.424 1.031
-36.448 68.767 -311.807 1.091
49.153 -70.281 -497.751 1.172
-94.280 -66.667 -490.638 0.991
-52.529 14.794 -438.586 0.955
-5.148 12.530 -466.659 1.085
33.739 -42.583 -394.028 1.103
-16.211 96.439 -418.841 1.001
42.433 -54.822 -357.307 1.064
-58.223 -50.581 -346.261 0.930
-38.142 19.870 -377.554 1.052
-61.748 -54.144 -413.353 0.972
60.020 3.308 -427.068 1.042
-60.841 -64.293 -374.603 1.206
-88.993 -76.730 -400.638 1.064
-17.673 49.772 -461.330 0.945
-76.385 -30.494 -307.883 1.186
-92.346 -79.849 -394.178 0.953
-40.573 64.683 -393.679 0.951
9.471 -10.946 -360.714 1.023
90.727 65.906 -354.556 1.267
-55.531 -72.656 -349.912 1.166
-99.385 -91.593 -349.895 1.062
97.916 -52.549 -411.372 1.067
21.308 36.908 -369.260 0.748
10.765 15.753 -416.361 1.096
-81.032 89.645 -303.866 0.936
87.059 90.792 -381.071 1.139
34.379 -1.009 -479.730 1.028
64.022 -45.340 -376.623 0.893
-36.863 -27.862 -451.080 1.116
81.793 51.955 -467.597 0.969
-57.901 -15.022 -331.888 0.930
-28.781 64.099 -345.750 0.978
65.549 -73.498 -384.511 0.927
87.815 -37.600 -306.031 1.104
88.943 82.165 -357.023 1.094
52.316 -70.500 -350.864 1.133
14.796 -17.458 -483.745 0.770
25.517 97.191 -406.685 1.055
-79.077 -72.301 -493.472 0.935
93.192 54.700 -397.864 1.223
14.515 -63.411 -309.340 1.210
-39.597 -26.795 -409.487 0.888
80.662 -12.044 -431.369 0.980
-70.794 -7.547 -433.536 0.993
-91.445 -96.439 -485.906 0.849
34.950 78.632 -443.039 1.195
54.307 -66.100 -327.238 1.018
-42.455 -68.258 -461.834 0.687
-19.254 93.506 -410.906 1.076
-44.523 9.324 -395.772 0.980
-76.040 -46.019 -470.099 0.957
-78.012 -16.313 -390.858 0.986
-53.438 89.278 -338.784 0.999
83.015 -85.926 -461.312 1.013
65.069 43.692 -472.746 1.079
-35.936 -27.913 -341.819 1.010
65.519 -53.927 -401.482 0.916
-43.614 65.103 -398.948 0.951
91.996 99.787 -461.562 0.876
-78.085 -93.292 -487.589 0.983
-87.191 63.988 -345.293 1.004
-6.345 43.631 -432.128 0.946
8.436 69.052 -435.600 0.985
-95.945 38.941 -365.768 0.921
91.405 -46.806 -426.429 1.091
-49.309 12.677 -496.524 0.956
-89.964 -42.179 -454.082 0.796
14.888 72.410 -332.495 0.952
79.258 -35.789 -337.922 0.986
40.218 32.896 -353.109 0.991
57.944 -65.802 -383.791 1.193
42.513 38.441 -327.590 1.015
-19.703 9.456 -343.925 1.242
-55.869 -30.643 -460.249 1.136
5.527 94.790 -458.281 0.926
84.332 -28.576 -446.962 0.941
-82.896 -0.394 -405.641 1.006
-91.421 -76.912 -434.484 1.095
-56.034 -7.421 -466.134 0.874
75.223 -20.271 -475.440 1.123
-85.077 76.223 -449.030 1.126
33.264 -34.827 -484.423 1.016
74.001 80.912 -337.521 0.967
-28.774 -73.975 -439.514 1.089
84.494 -19.954 -410.702 0.994
-67.349 26.937 -319.355 0.902
88.846 26.082 -499.509 1.005
-36.198 28.919 -390.973 0.878
-46.610 -49.789 -325.616 1.036
81.159 33.064 -470.942 0.858
51.718 -39.708 -388.583 1.130
92.483 24.215 -429.223 0.946
9.180 -22.128 -425.049 0.962
-48.108 -65.108 -395.801 0.942
98.694 27.305 -414.181 1.014
86.058 58.394 -466.691 0.991
-46.642 77.925 -357.784 1.072
-66.990 12.323 -494.227 0.798
-80.831 8.182 -384.595 1.016
9.057 -94.125 -398.521 1.127
-53.178 -81.437 -398.608 0.947
-66.845 45.664 -373.793 0.910
-14.728 30.671 -464.479 0.947
39.525 -25.142 -424.994 1.088
10.440 27.388 -366.453 0.827
-55.309 52.571 -468.156 1.227
55.792 50.783 -348.028 1.127
28.133 26.095 -388.492 1.174
18.694 90.663 -341.327 0.942
19.516 -15.165 -467.241 1.011
55.706 50.961 -419.450 1.017
-57.582 20.852 -356.801 0.908
62.490 -18.107 -337.726 0.966
9.451 -2.043 -483.990 0.957
19.207 -1.750 -440.116 0.850
85.943 35.274 -466.577 1.109
-31.966 40.191 -342.247 0.905
-24.307 98.406 -477.473 1.010
52.904 34.668 -333.822 0.977
-61.567 85.037 -322.083 1.077
18.186 34.994 -461.767 0.919
12.418 54.987 -317.185 0.979
-99.370 -30.821 -362.031 1.102
18.708 -13.346 -350.887 0.952
22.273 51.346 -309.727 1.175
-17.775 17.679 -351.885 0.886
-48.210 89.535 -314.135 0.994
-2.481 49.927 -335.859 0.874
66.194 -94.535 -366.395 0.936
-30.007 -68.448 -469.565 1.230
21.484 30.326 -379.802 1.195
47.828 16.829 -420.041 1.133
87.565 77.941 -458.619 0.903
-61.666 0.947 -315.250 1.125
40.773 -73.222 -496.172 1.093
-98.003 12.590 -398.483 0.982
16.372 12.405 -417.865 0.973
-81.370 47.165 -435.967 0.934
-9.002 62.273 -404.481 0.937
-14.770 -17.133 -410.786 0.931
-96.808 24.681 -459.439 0.927
38.376 68.195 -458.368 0.884
-59.795 88.248 -403.515 1.062
-34.600 73.757 -488.545 1.221
-29.784 -51.614 -385.664 0.892
-30.767 81.912 -380.114 1.017
26.032 -16.355 -452.347 1.203
12.808 8.815 -395.132 0.876
-35.642 -62.403 -376.938 0.872
1.168 -57.572 -392.764 0.966
-74.590 60.957 -360.902 1.099
41.018 -74.780 -446.703 1.069
55.337 -93.427 -365.202 0.967
-84.048 -5.008 -375.802 1.074
-85.039 -33.088 -401.928 0.886
81.313 -48.932 -341.374 0.989
-34.244 -35.160 -324.225 0.900
-88.506 -13.744 -446.246 0.938
3.610 1.810 -476.667 0.988
39.462 45.740 -349.186 0.949
96.466 -0.941 -399.848 0.847
-75.302 64.641 -400.349 1.006
-80.780 5.431 -332.582 1.063
-33.674 -8.344 -413.971 1.042
54.220 -17.712 -470.809 1.066
-93.823 -66.616 -314.070 0.969
-30.061 -94.569 -367.811 0.899
66.916 -87.390 -467.577 1.151
55.135 -56.354 -468.488 0.955
42.202 43.791 -400.476 0.924
-37.022 78.217 -351.941 1.139
33.539 -78.680 -331.226 0.841
-91.346 -67.811 -399.727 0.918
87.227 -40.481 -409.350 0.981
-71.690 35.998 -435.462 0.848
-77.321 -37.396 -318.320 0.924
-37.753 -81.935 -399.352 0.834
-36.190 -4.335 -466.560 0.871
-82.411 0.592 -428.378 0.986
2.639 -56.208 -341.416 0.987
41.495 -25.319 -477.896 0.933
30.594 37.147 -323.647 1.000
44.828 20.054 -369.056 0.924
-42.246 -70.213 -480.012 1.111
-16.378 -72.656 -423.843 0.910
41.101 77.531 -482.294 0.978
-0.231 76.964 -329.835 0.890
-1.307 67.662 -357.335 0.905
69.797 74.344 -393.442 0.770
-33.678 -84.246 -497.947 0.887
95.286 41.548 -418.664 1.151
66.940 23.665 -303.327 0.903
-83.514 -77.815 -392.349 1.137
-2.442 -18.681 -329.327 1.076
57.789 93.004 -381.093 0.974
18.000 17.882 -491.828 1.058
27.207 90.755 -466.512 1.056
63.416 23.956 -475.533 0.988
55.988 59.012 -307.124 0.860
87.357 -80.490 -367.562 1.202
55.056 23.811 -483.738 1.047
-93.045 82.702 -303.445 1.130
-94.783 -65.303 -459.594 0.962
-29.396 -0.692 -366.863 0.966
47.685 -11.575 -485.237 1.033
14.967 -40.835 -333.604 1.084
-61.236 31.679 -483.933 0.754
-0.762 76.254 -314.199 0.902
-31.261 -44.416 -357.351 1.043
-97.464 81.243 -414.886 0.983
71.131 78.272 -362.002 1.111
57.256 2.155 -407.679 0.812
6.421 26.472 -331.732 0.995
57.222 72.494 -393.388 1.034
-37.826 -55.259 -457.567 1.094
45.075 42.714 -389.309 0.957
-23.575 2.091 -434.430 0.944
-53.066 67.929 -326.921 1.102
-75.721 72.175 -392.519 0.965
34.894 47.920 -472.529 0.987
31.566 -17.505 -466.658 0.939
-69.965 25.654 -366.691 1.145
-71.261 96.100 -304.237 0.963
31.763 -3.041 -325.454 1.056
-2.338 -24.273 -340.629 0.997
-45.575 24.032 -464.368 0.998
-34.000 -18.318 -336.232 0.979
-43.274 -95.843 -321.575 0.969
45.862 -60.801 -460.777 1.056
48.541 -76.458 -392.433 0.825
41.708 64.836 -467.435 1.029
17.247 -7.076 -491.737 0.971
-42.991 82.201 -358.912 1.007
-2.891 -47.226 -434.762 0.998
36.006 -74.675 -363.582 0.932
-76.102 -15.924 -372.270 0.980
46.705 82.378 -492.686 1.089
-63.642 -81.978 -468.013 0.845
-63.023 98.569 -345.281 0.865
-35.640 40.819 -339.434 0.896
17.011 -94.969 -444.218 0.996
21.685 -33.531 -331.109 1.031
39.523 17.831 -314.619 0.886
-17.114 -80.250 -350.512 0.839
1.259 81.135 -497.225 1.134
77.674 -24.564 -302.214 0.827
-39.383 79.666 -308.468 0.926
25.947 95.304 -371.768 1.026
-33.075 42.477 -410.499 1.116
40.144 -42.815 -476.797 1.183
57.087 -15.619 -412.167 1.214
-84.751 72.777 -431.556 0.828
-27.211 96.213 -434.426 1.111
87.955 71.113 -375.387 0.778
37.463 54.446 -477.339 0.966
-38.331 -53.263 -381.545 1.029
-64.019 -91.872 -365.185 0.889
89.220 -83.772 -420.511 0.954
-60.777 52.671 -454.277 1.026
41.861 34.734 -465.267 1.200
-27.473 -25.946 -356.635 1.186
35.642 -95.949 -327.255 0.916
62.368 -66.029 -397.699 0.818
4.116 -86.593 -356.917 1.022
13.346 82.523 -344.369 1.039
92.364 -7.263 -480.580 1.000
-93.700 -54.460 -479.950 0.968
-71.287 -55.505 -375.346 1.058
26.778 -28.581 -337.813 0.919
-60.824 -64.234 -390.973 0.916
24.865 -6.604 -392.631 0.860
-80.183 54.261 -371.215 1.076
93.583 59.094 -366.693 1.121
-51.932 -8.067 -425.939 1.100
49.927 -51.655 -301.557 0.978
39.737 14.702 -447.109 0.943
-53.865 -32.049 -469.845 1.021
85.250 10.976 -359.726 0.889
-29.283 22.676 -411.055 1.218
-61.043 -40.003 -381.865 0.837
99.673 45.731 -481.763 0.981
39.062 -36.225 -374.610 0.939
93.079 21.592 -302.043 1.086
-81.460 52.532 -304.775 1.040
20.072 65.438 -360.655 0.970
-86.098 -42.796 -344.255 1.192
44.249 -51.166 -325.660 1.125
67.787 -18.450 -353.484 0.957
-64.488 -49.697 -424.893 0.803
-92.344 -76.593 -386.721 1.165
89.649 10.942 -461.227 1.104
-90.345 -12.668 -310.925 0.930
-82.173 -36.706 -457.454 0.778
52.842 -18.010 -395.076 1.052
-37.449 -10.784 -494.652 1.121
-77.676 -37.987 -407.972 0.876
-31.975 0.985 -432.356 0.969
72.602 12.372 -489.772 0.969
65.731 68.669 -353.917 1.054
99.105 -54.909 -364.719 0.893
0.810 29.984 -433.943 0.969
78.963 -38.982 -419.836 1.088
-14.180 -20.972 -429.954 0.996
17.344 -78.576 -303.844 1.000
-76.982 5.380 -338.871 1.187
-81.825 -82.561 -353.252 0.933
-78.180 -1.106 -371.517 0.995
-0.572 6.878 -451.073 1.150
63.226 -37.088 -472.881 1.096
-89.338 64.537 -492.718 1.079
62.004 -99.260 -374.379 0.952
-70.227 20.891 -489.739 1.110
4.354 75.336 -490.736 1.010
-32.085 -70.489 -411.587 0.899
59.975 78.962 -373.480 1.023
-87.881 49.939 -333.741 0.926
-11.152 33.578 -345.267 1.148
-67.121 49.809 -325.826 0.918
-69.236 -95.171 -319.571 0.964
78.477 72.621 -432.200 1.034
73.655 -45.278 -481.573 1.211
83.309 -1.231 -326.776 0.994
-64.309 72.090 -426.266 0.941
-8.514 13.255 -351.365 0.962
62.142 -0.092 -315.439 0.757
-85.690 44.524 -377.300 0.877
-24.505 97.444 -374.725 0.925
-79.404 36.942 -492.997 0.989
67.651 45.956 -486.322 0.950
58.686 73.610 -414.754 0.953
-62.205 51.041 -321.307 1.155
-7.459 -82.890 -463.340 0.898
39.254 -33.646 -447.587 0.883
61.959 -2.306 -428.460 0.904
52.636 54.797 -331.167 1.075
-39.222 61.452 -383.402 1.121
44.437 28.756 -428.870 0.991
91.715 -26.595 -439.216 1.117
49.110 -32.053 -396.475 0.847
23.972 32.687 -477.786 0.947
25.853 -46.561 -460.620 0.962
0.975 -14.399 -327.307 0.988
11.042 97.226 -470.377 0.921
78.711 70.956 -304.928 1.161
57.001 -93.545 -415.823 0.888
-90.145 88.253 -380.001 0.933
-60.727 -52.839 -302.672 1.026
-54.681 26.875 -451.905 1.006
-89.661 -88.588 -494.214 0.942
-61.953 35.137 -321.670 1.095
-15.924 79.292 -400.691 0.977
12.114 -48.219 -305.669 0.926
54.576 -78.681 -411.401 0.958
13.130 -84.611 -343.692 1.055
51.936 75.472 -337.397 1.018
-93.740 -68.150 -370.555 0.873
87.512 -73.134 -464.124 1.130
51.711 49.995 -411.533 0.987
-21.570 -47.045 -469.845 0.969
8.939 57.801 -433.713 1.229
53.959 91.249 -449.851 0.930
-21.057 -96.052 -327.756 1.059
-62.748 25.706 -340.693 1.062
-7.309 -31.495 -314.098 0.940
-10.094 84.507 -481.717 0.874
-88.936 36.485 -390.453 0.870
-8.093 12.567 -409.922 1.005
-92.398 -42.473 -351.331 1.024
-32.733 37.343 -310.019 1.111
-19.353 -23.465 -439.954 0.927
71.875 46.272 -456.106 1.115
91.628 -0.785 -384.543 1.172
11.532 9.543 -468.730 1.021
91.437 -5.907 -300.342 1.009
-63.773 -39.213 -328.903 1.067
84.735 -89.562 -315.519 1.052
-40.500 19.152 -402.420 1.033
95.527 60.479 -402.656 1.004
-1.200 47.153 -397.000 0.950
33.274 50.209 -327.205 1.000
-28.271 26.433 -318.608 0.850
92.831 67.290 -497.692 1.041
17.925 -80.580 -347.578 0.817
-2.087 82.315 -389.278 0.977
-99.637 -72.386 -477.695 0.917
-73.588 12.788 -431.361 1.255
-43.060 -80.469 -318.334 0.915
-58.083 68.517 -446.387 0.912
-53.965 21.979 -318.166 1.076
68.369 39.715 -334.741 1.167
-7.403 14.467 -451.067 1.038
-89.463 -80.731 -461.976 0.924
44.369 -95.993 -399.494 0.938
-61.814 -3.447 -346.633 1.084
19.401 -57.319 -400.596 0.931
22.873 -75.521 -458.469 1.095
41.752 -36.522 -388.609 0.910
-67.434 73.949 -468.321 1.126
50.290 78.377 -380.572 1.112
14.613 -46.345 -308.077 0.963
96.264 39.122 -374.853 1.028
16.325 34.621 -338.062 0.979
-20.579 -11.301 -487.126 0.936
-60.903 -89.555 -423.730 0.930
40.976 -73.647 -415.614 0.924
-48.793 0.348 -346.749 0.821
-5.868 -78.197 -465.708 0.835
14.237 98.856 -359.397 0.972
-23.773 -30.371 -486.124 1.095
56.565 60.654 -459.224 0.913
-15.483 -59.606 -490.881 0.961
-80.561 -18.618 -303.853 1.091
61.549 -98.798 -447.258 0.978
-4.838 -27.101 -312.087 1.013
-46.262 46.194 -354.535 1.230
-72.846 50.464 -305.835 0.992
18.717 91.875 -454.816 0.787
76.461 -40.170 -432.990 1.167
-76.249 5.338 -473.535 1.014
-38.477 -27.486 -323.486 1.049
44.054 80.965 -345.277 1.064
-66.828 34.193 -483.245 0.885
-54.952 -27.067 -358.616 0.828
-21.944 -80.859 -328.020 1.056
-0.231 -39.916 -339.900 0.894
-32.627 32.482 -426.642 0.808
-44.495 -40.732 -499.398 0.877
21.806 77.585 -483.861 0.888
22.975 -22.106 -470.106 0.845
30.983 16.673 -473.168 1.051
-53.171 -24.583 -429.084 1.199
3.102 -91.043 -333.905 1.020
-47.997 -32.817 -322.978 0.951
-70.976 41.147 -378.415 1.034
-96.259 -6.242 -463.234 1.040
97.161 62.546 -465.976 1.076
14.525 8.927 -485.141 1.043
23.231 94.990 -448.542 0.892
-61.819 34.999 -393.435 0.849
-27.274 -50.058 -354.455 1.119
12.137 -94.184 -371.163 0.983
-12.693 27.935 -450.243 0.923
-64.982 -0.889 -363.803 1.185
29.229 -26.139 -352.108 1.017
-38.915 -95.313 -394.018 0.835
