-28.316 -17.005 -340.819 0.815
-91.123 36.301 -349.001 0.769
-24.701 35.720 -437.419 0.942
32.884 23.373 -436.992 0.951
-97.071 73.949 -458.290 1.055
42.382 -2.643 -476.474 1.121
13.240 79.616 -447.132 0.976
-85.091 -64.570 -392.153 1.141
-78.605 -44.473 -492.665 0.932
48.594 -80.853 -389.203 1.042
-32.917 75.163 -443.980 0.835
62.475 -29.780 -493.906 1.015
-53.574 15.001 -397.862 1.058
-97.502 52.183 -426.695 1.310
45.179 -19.368 -463.750 1.081
-32.425 93.901 -359.808 0.949
-23.072 70.806 -413.204 0.976
26.030 2.432 -493.551 1.079
-42.255 39.222 -316.708 0.895
-5.684 -83.139 -308.372 1.144
67.758 -58.503 -389.127 0.842
79.901 -86.378 -372.760 0.895
-72.406 -54.334 -484.583 1.128
38.883 -48.160 -440.126 1.052
41.661 95.172 -491.234 0.999
-62.995 72.960 -305.325 0.900
68.982 -12.605 -437.055 1.025
46.803 84.320 -361.727 1.002
-91.427 -22.944 -388.664 0.953
88.477 -7.307 -352.593 0.962
88.638 26.758 -456.832 0.923
36.095 61.558 -446.261 0.846
-70.189 -55.653 -450.297 0.979
14.673 -57.096 -437.608 0.930
38.445 92.949 -330.395 0.891
-25.250 -2.672 -346.624 0.915
83.559 -9.384 -334.356 0.951
35.592 11.313 -477.661 1.022
-2.997 44.882 -444.299 0.777
-43.936 76.653 -307.718 1.067
-12.884 78.697 -422.039 0.936
-2.526 -0.589 -411.164 1.024
47.615 82.213 -322.063 0.934
-87.953 46.738 -380.131 0.973
-62.322 -30.112 -323.579 1.128
-60.005 -35.680 -464.464 0.951
81.129 -85.248 -482.745 0.913
-34.650 21.431 -319.323 0.929
-11.137 -16.901 -417.374 1.224
11.672 37.173 -456.369 1.077
-52.759 77.937 -329.122 0.787
58.112 -6.338 -478.266 1.015
74.838 1.873 -472.139 0.816
44.202 -31.305 -366.954 1.016
-89.969 -18.027 -316.017 1.178
-88.138 13.738 -308.714 1.117
48.926 -25.665 -402.863 0.931
-90.475 67.900 -469.771 1.118
-87.192 57.480 -317.984 1.018
16.812 92.260 -397.349 1.038
81.339 -36.026 -497.299 1.145
-77.870 -26.485 -399.379 0.900
-7.569 79.690 -409.205 1.042
68.564 89.573 -448.392 0.975
-10.705 78.544 -488.005 0.903
0.332 -80.313 -375.196 0.985
94.998 -41.513 -398.916 1.260
67.750 -66.187 -361.898 0.962
-71.624 71.177 -428.932 0.891
-74.901 -92.263 -373.210 0.816
67.094 -81.688 -357.008 1.042
-66.086 70.331 -452.782 1.098
-25.254 -40.952 -453.313 0.975
-15.666 89.638 -381.963 0.987
89.763 93.198 -357.004 0.952
-71.069 -56.903 -421.228 0.976
-54.755 9.303 -337.826 1.025
-91.220 -59.179 -452.938 1.135
83.774 -18.680 -303.885 1.017
-25.328 98.942 -417.906 0.969
-87.482 43.244 -336.805 1.073
-54.016 95.248 -460.866 0.793
-27.150 -62.829 -366.744 1.205
-68.265 78.617 -352.629 1.150
-37.661 9.988 -309.050 1.143
-30.344 -77.001 -375.691 1.209
48.211 -1.913 -416.225 1.124
-35.566 14.075 -314.129 0.892
36.654 41.136 -488.625 0.879
57.297 73.067 -345.439 1.209
60.185 34.448 -440.867 0.992
18.846 62.410 -311.896 1.028
-5.468 0.281 -318.523 1.152
47.901 -9.306 -377.066 0.898
-82.878 17.706 -387.447 1.102
-76.425 -34.251 -338.038 1.140
-93.531 67.802 -492.662 1.008
-3.854 91.074 -310.513 0.833
18.890 39.590 -322.052 1.000
-13.276 -39.646 -463.851 1.028
93.025 -45.727 -397.415 0.804
65.795 -17.214 -399.923 1.042
-54.796 41.053 -488.622 1.064
-43.798 62.110 -449.313 0.950
-16.326 -66.752 -396.898 1.108
1.907 -51.124 -482.918 0.795
-96.344 -88.440 -461.405 1.230
-84.646 4.629 -392.123 0.933
84.263 77.847 -493.190 1.043
-51.814 50.418 -478.915 0.946
-14.275 4.910 -495.771 0.851
-74.579 -70.213 -390.889 0.967
39.395 -84.643 -325.074 0.964
55.523 67.784 -480.227 1.175
60.780 -40.186 -352.081 1.065
54.059 88.192 -493.729 1.082
45.511 -11.729 -308.714 0.886
38.194 -98.850 -420.106 0.920
-19.362 73.185 -328.165 0.758
83.987 -52.959 -464.846 0.880
-82.015 -65.129 -353.546 0.966
-75.164 12.426 -451.657 0.947
-18.279 82.005 -494.563 0.961
64.036 -72.377 -344.073 0.900
40.147 77.455 -416.430 0.861
-53.448 -29.409 -362.382 1.124
57.506 9.782 -339.966 0.923
64.372 -12.708 -380.177 0.903
-43.467 -83.788 -456.066 1.020
2.571 -70.539 -404.601 0.925
2.148 -65.768 -439.646 1.156
23.212 -50.675 -419.597 0.916
69.886 72.926 -448.901 1.178
27.824 -56.790 -382.285 1.173
71.421 -43.853 -340.959 1.018
33.767 49.080 -384.599 0.982
-25.981 -10.905 -376.359 0.910
-38.709 76.033 -395.982 1.060
-36.674 -66.413 -337.394 0.917
-19.627 89.341 -342.316 1.014
-48.906 20.309 -439.854 0.876
77.800 -46.779 -473.678 1.196
36.152 -19.458 -363.916 0.979
-94.673 60.245 -365.950 0.874
95.460 -27.445 -403.877 1.104
-95.209 8.994 -330.287 1.035
-12.567 68.842 -437.630 0.836
39.852 15.385 -340.620 0.980
51.331 -69.127 -436.600 1.063
-20.557 -83.956 -324.331 1.000
78.296 20.457 -365.076 0.889
37.477 -95.501 -338.957 0.951
56.433 70.579 -311.452 0.818
-57.173 -38.047 -344.368 1.014
-38.040 77.848 -426.806 0.923
-71.686 -39.097 -465.537 1.089
92.469 -85.222 -448.179 0.946
-24.481 -17.173 -395.403 1.062
32.711 -77.396 -429.090 0.955
98.678 52.364 -392.507 1.083
-46.068 69.065 -420.856 0.891
93.766 22.247 -458.294 1.046
29.531 -14.498 -337.517 1.011
-88.689 -1.850 -376.488 1.022
-51.108 68.309 -412.483 1.257
4.585 61.979 -356.451 1.133
37.669 -57.712 -332.586 0.908
69.745 24.753 -331.956 1.080
52.804 -47.388 -439.877 0.867
-96.767 -5.444 -387.236 0.912
72.395 -45.154 -417.083 1.004
85.755 4.521 -345.883 0.889
10.354 13.650 -320.014 1.095
93.271 -30.946 -317.141 0.867
44.357 -53.688 -396.995 1.068
-32.991 51.126 -417.300 0.848
41.987 39.429 -306.229 0.930
60.028 -40.648 -432.899 0.996
11.762 47.346 -363.713 0.908
11.765 66.123 -364.065 1.001
12.710 4.236 -337.438 0.993
-36.205 75.331 -433.423 1.131
-14.411 -28.227 -463.647 0.874
11.723 93.880 -378.955 0.943
48.974 95.620 -477.830 0.906
-40.914 -85.463 -357.238 1.142
96.404 71.386 -320.282 0.805
-56.024 67.320 -382.184 0.829
43.420 66.136 -444.904 1.121
-41.552 -75.902 -487.808 1.134
5.790 51.584 -456.412 0.987
-30.217 6.701 -395.556 1.011
46.218 10.569 -488.444 0.816
-99.412 43.590 -351.578 1.176
-90.388 20.001 -363.890 0.822
66.217 -42.436 -374.802 1.028
29.207 -18.005 -399.242 0.869
17.527 79.349 -300.748 0.953
55.815 -45.408 -342.703 1.044
65.894 34.435 -490.175 1.078
85.136 -4.241 -370.558 0.902
8.651 64.416 -497.015 0.750
38.312 -40.963 -384.203 0.834
14.574 -2.200 -302.165 0.752
-66.757 -41.568 -324.113 1.095
30.495 25.733 -493.017 0.964
97.736 -69.731 -450.311 0.981
-58.652 -19.353 -321.402 1.070
-8.975 -93.754 -362.877 1.088
-84.423 55.912 -483.232 1.203
-16.704 50.044 -358.750 0.871
96.224 21.373 -441.739 1.143
-46.191 -59.079 -489.121 1.076
81.766 -82.822 -457.164 0.879
-66.333 -67.510 -448.478 1.135
38.157 -59.645 -312.345 1.025
86.331 -76.526 -435.050 0.876
-60.755 94.442 -399.621 1.011
63.653 53.920 -462.535 1.100
90.012 88.348 -323.446 0.771
32.028 49.603 -341.043 1.063
55.683 -38.956 -442.941 1.085
-99.723 -17.715 -454.337 1.197
-46.944 -45.348 -469.915 0.841
-19.657 -83.178 -445.895 1.284
-57.832 -33.874 -411.574 0.844
93.447 -54.928 -383.926 1.058
91.989 -81.127 -343.695 0.876
85.159 5.280 -439.084 1.113
-86.873 -40.755 -373.948 0.994
-23.643 70.731 -492.254 0.981
-87.586 -10.248 -496.195 1.103
-51.007 -10.982 -357.070 1.075
-38.161 18.216 -372.807 0.818
-71.894 -0.247 -351.810 0.834
94.986 -44.415 -456.053 0.873
35.869 78.304 -319.577 1.117
60.638 -73.268 -369.989 0.966
66.604 -6.796 -367.588 1.049
-52.776 85.092 -302.819 1.131
-20.666 63.842 -359.381 0.877
-70.936 53.130 -496.278 1.132
-70.115 90.498 -406.157 1.058
-64.725 0.998 -417.585 0.711
-7.521 99.516 -326.669 1.091
-62.382 96.542 -352.993 1.004
-98.834 -35.760 -341.755 0.967
17.874 -85.385 -369.201 1.040
-2.357 49.944 -435.606 1.051
-36.505 -32.800 -342.749 1.163
-21.224 80.155 -472.003 0.839
79.512 -51.844 -307.827 1.060
6.398 -30.814 -469.217 1.042
82.558 60.570 -458.369 1.182
-94.503 72.866 -364.894 1.000
-10.059 85.934 -364.689 0.866
-9.078 33.846 -425.155 1.091
-40.179 -26.369 -457.379 1.073
-52.071 -29.884 -363.649 0.901
67.708 -87.355 -330.160 1.139
-38.110 -77.141 -338.329 1.083
47.757 53.671 -312.899 1.073
45.033 -59.000 -342.658 1.113
16.641 -69.429 -317.401 0.962
-60.003 -38.205 -335.336 1.146
10.494 -97.752 -463.341 1.028
-96.637 38.331 -314.185 0.936
-0.041 -2.981 -471.159 0.943
-43.050 -97.490 -473.917 1.069
69.456 -0.664 -480.247 0.914
3.714 79.193 -415.594 0.949
77.988 61.877 -369.818 0.928
8.976 -20.314 -359.989 1.117
61.841 17.041 -333.924 0.950
75.980 -84.688 -397.719 1.030
-7.927 82.580 -397.957 0.982
-2.146 0.445 -407.229 0.946
-22.274 18.142 -387.149 0.998
-56.512 -30.173 -475.886 1.036
20.540 35.510 -400.573 1.144
-24.097 29.712 -384.851 1.004
-63.795 20.531 -312.165 1.016
-46.953 -70.676 -461.598 1.065
63.653 74.963 -364.958 1.066
-14.985 7.294 -426.210 0.844
-33.678 77.278 -483.780 0.926
10.846 46.300 -481.282 0.884
-21.674 -74.171 -354.337 1.094
-73.762 -31.895 -436.575 1.006
-96.173 -43.583 -448.262 0.979
-40.637 -54.655 -377.300 0.909
-21.385 78.360 -458.675 0.956
16.704 75.782 -313.904 1.069
28.854 -88.129 -383.139 0.960
-20.877 -18.695 -377.661 1.303
42.448 75.778 -300.326 1.013
83.583 69.214 -368.114 1.009
-85.327 3.172 -317.115 0.774
46.670 65.699 -337.326 0.953
58.795 78.392 -499.703 0.918
-70.936 -61.135 -459.763 0.992
-14.913 8.236 -371.999 0.994
74.973 -75.798 -315.432 1.011
-43.877 -52.995 -349.651 0.967
81.051 64.228 -358.177 0.954
-99.753 83.669 -465.873 0.813
12.649 -38.473 -404.536 1.045
23.526 -92.296 -314.918 1.031
-80.289 -29.529 -342.699 0.925
41.392 56.376 -424.680 1.134
-6.340 -78.297 -343.293 0.778
-88.298 -1.416 -316.616 0.974
-97.643 -40.120 -497.458 0.997
67.111 54.529 -333.991 0.988
27.470 -87.243 -451.774 1.055
86.408 81.073 -459.341 1.060
39.537 -51.017 -400.350 1.181
-8.279 -76.466 -383.734 0.973
-6.638 -30.897 -401.383 0.926
-42.351 -54.904 -436.389 1.135
40.448 -37.427 -393.936 1.099
-36.120 31.478 -458.647 1.090
-0.853 -6.526 -445.503 1.017
-88.655 43.747 -477.620 1.043
46.138 -62.020 -463.682 0.904
-37.931 81.034 -318.988 1.191
75.420 0.253 -433.559 1.044
-36.351 -47.843 -342.767 0.972
-99.926 -48.261 -371.410 1.039
-23.581 31.788 -320.060 1.007
-6.497 -6.145 -467.636 0.944
21.717 -29.085 -497.786 1.036
4.388 88.017 -394.822 0.955
63.481 91.130 -450.351 1.088
-72.295 79.489 -429.644 0.992
84.998 -12.353 -319.663 1.023
64.996 -9.914 -483.028 1.041
-6.338 86.906 -321.740 1.083
69.269 98.182 -418.931 1.107
-11.753 -97.658 -469.367 1.092
23.310 -16.335 -440.041 0.922
-11.714 -89.532 -320.726 0.820
88.693 -94.511 -370.404 0.879
-93.112 -34.725 -366.583 0.798
5.253 -13.997 -352.770 0.950
34.568 50.023 -374.012 1.028
-89.441 18.638 -377.951 1.031
-96.636 -44.588 -485.557 0.883
8.261 -34.367 -301.158 1.098
9.952 92.225 -469.137 0.965
54.157 -59.223 -473.906 1.051
-53.205 93.261 -321.116 0.923
-70.599 56.346 -412.972 0.892
-93.012 -43.033 -464.590 1.066
88.627 -87.856 -446.117 1.120
65.739 92.579 -456.011 1.040
-99.632 -45.075 -412.204 1.023
18.327 -70.166 -359.580 1.001
-89.037 -35.783 -410.668 0.888
-66.096 -30.552 -441.537 0.954
-23.195 5.141 -416.428 1.115
99.954 18.154 -402.863 1.111
65.893 -52.087 -318.629 1.011
-99.890 48.139 -478.554 0.948
15.838 -90.739 -460.193 1.263
-93.537 25.303 -425.310 1.029
14.950 -75.617 -327.857 1.185
-84.963 93.991 -318.094 1.037
95.267 22.949 -327.172 1.059
-84.174 -6.956 -381.452 0.993
-27.899 7.624 -365.704 0.928
-43.188 -75.465 -375.061 1.020
-4.777 61.557 -467.102 0.952
-3.533 -23.680 -417.868 1.080
75.475 39.026 -441.413 0.885
57.362 29.871 -451.767 0.854
6.913 -36.213 -487.015 1.079
-48.237 27.302 -494.161 1.127
49.318 60.207 -477.141 0.918
-59.229 -61.942 -314.591 0.868
46.799 21.359 -313.958 1.007
-7.868 -72.936 -416.552 0.805
0.352 3.809 -417.991 0.904
-88.027 -92.023 -352.145 1.134
-41.339 -35.956 -321.092 1.161
82.628 -75.790 -344.068 1.010
-95.171 72.527 -476.744 0.962
-50.184 72.220 -389.945 1.043
80.830 -1.604 -372.617 0.946
-63.289 -89.854 -496.314 1.006
43.188 -64.131 -320.745 0.930
57.516 23.492 -473.116 1.059
85.523 82.300 -422.662 1.195
83.970 -93.158 -479.153 0.945
-33.859 26.955 -430.578 1.114
57.285 17.289 -388.152 1.013
50.778 -16.258 -498.245 0.953
-3.474 97.303 -363.562 1.066
52.490 -83.002 -469.244 1.175
-79.337 -67.598 -499.658 1.047
-14.127 50.776 -330.750 1.135
-82.515 -89.344 -355.878 0.757
76.836 -75.528 -499.866 0.924
-20.284 -27.472 -478.973 1.221
-14.584 -37.927 -371.245 1.127
83.170 95.392 -312.705 1.070
-75.022 49.529 -322.821 1.042
11.870 31.434 -442.652 0.840
61.586 -92.308 -354.390 0.984
68.420 -20.485 -416.304 1.065
77.022 75.127 -440.174 0.832
0.659 23.732 -342.942 0.937
2.713 19.800 -499.289 1.104
79.557 -19.544 -492.930 0.975
-17.377 -3.542 -484.236 0.861
70.784 42.078 -355.099 1.088
43.597 77.279 -315.801 0.976
81.087 -60.253 -451.156 0.983
-17.677 4.888 -453.743 0.894
66.159 7.361 -332.340 0.957
-39.369 -5.919 -427.864 0.873
89.747 98.373 -412.616 1.021
-35.813 3.512 -499.877 1.152
-85.079 86.169 -333.627 1.143
77.319 86.605 -325.970 0.925
36.102 30.354 -426.600 1.090
-9.448 50.327 -441.166 1.054
94.362 71.594 -321.849 0.833
58.538 63.694 -317.833 0.871
8.037 76.189 -356.454 0.988
9.354 -86.745 -421.204 0.877
-8.838 35.953 -437.234 0.937
-66.525 -47.024 -301.789 1.022
-1.826 -97.566 -480.983 0.954
41.890 -77.089 -304.056 0.921
10.045 58.945 -361.675 0.944
33.580 90.222 -314.289 0.913
-98.043 25.805 -474.433 1.094
-29.117 -58.622 -467.951 1.096
-30.531 -99.003 -389.033 1.091
-75.631 -76.896 -364.168 1.012
-42.139 32.343 -304.660 0.954
-12.148 30.581 -331.673 1.037
51.220 39.636 -494.283 1.028
31.029 -49.846 -409.910 0.783
55.674 84.178 -433.769 1.156
-34.964 -30.001 -485.584 1.003
72.684 -66.443 -421.991 1.001
-22.273 -3.580 -440.330 1.079
28.894 -33.196 -407.967 0.842
9.639 -79.708 -499.555 0.856
-12.181 67.338 -422.331 1.034
5.088 -55.344 -467.671 1.043
61.752 -40.278 -374.473 1.102
6.448 -59.648 -384.350 1.135
53.829 -11.505 -405.855 0.845
2.463 27.379 -310.208 0.924
36.062 -97.854 -498.449 1.215
-75.381 -53.463 -356.461 1.153
-42.374 34.015 -377.082 1.138
88.094 53.520 -363.532 0.940
10.073 -28.085 -385.323 1.015
-19.659 61.324 -353.417 0.945
83.000 -23.128 -311.398 1.052
53.932 9.746 -472.963 0.987
-78.004 7.523 -499.712 0.911
49.223 -76.672 -359.578 0.934
67.616 54.947 -483.768 0.894
51.344 44.828 -476.264 1.179
-73.908 -44.690 -499.067 1.016
74.355 -85.906 -377.129 1.116
40.871 96.178 -390.978 0.897
73.733 -53.986 -491.618 1.096
31.055 -96.575 -496.220 0.901
91.794 -15.203 -499.405 1.113
-26.358 -17.930 -474.192 1.085
-84.459 13.488 -353.333 1.078
83.380 -36.325 -357.743 0.835
3.603 68.636 -473.045 1.020
-23.250 -53.492 -354.312 1.128
16.764 -27.573 -332.783 1.065
46.705 -12.924 -345.128 1.250
-8.091 42.241 -499.980 0.741
-1.951 99.565 -311.398 0.929
-13.674 97.978 -361.441 1.065
80.174 41.805 -344.391 1.209
-80.248 98.535 -476.695 0.981
99.642 -64.474 -484.185 1.047
-34.685 -67.486 -322.701 0.881
96.299 -32.415 -494.936 1.016
41.909 -62.377 -492.280 0.887
-49.025 -55.151 -430.553 0.870
17.557 -92.602 -438.447 1.095
82.945 42.634 -448.670 1.084
-61.687 -1.630 -387.963 1.174
52.667 79.577 -459.308 0.874
29.395 38.126 -318.285 0.949
50.183 -27.822 -302.499 0.938
90.445 -53.831 -439.221 0.963
66.229 -74.936 -386.318 0.972
-10.921 82.343 -466.842 1.029
-16.642 -58.220 -367.978 1.061
-51.298 -23.116 -436.131 0.971
65.848 -61.990 -402.020 0.855
-12.869 -23.901 -422.030 1.022
-86.493 -6.723 -472.140 1.005
-33.699 -82.429 -481.322 1.150
30.804 50.258 -339.207 1.086
63.580 -13.159 -497.659 1.097
24.205 -80.561 -302.322 0.759
-1.643 37.313 -360.192 1.030
91.048 -81.540 -335.394 0.962
-21.631 -37.531 -429.619 0.973
-45.683 76.396 -450.216 1.036
-53.804 -67.489 -384.414 0.873
-44.102 -18.532 -461.086 0.791
78.707 79.592 -395.525 0.895
99.938 -62.977 -370.457 0.908
75.108 95.880 -370.200 0.998
56.785 -58.440 -390.969 1.013
-21.091 -39.332 -492.305 0.881
-71.071 84.684 -426.217 0.926
28.438 85.612 -301.081 1.048
-16.038 -24.964 -300.810 1.177
15.156 41.044 -454.412 1.011
55.154 -66.040 -384.295 1.063
-52.626 -74.762 -424.333 0.884
-58.980 71.762 -334.250 1.063
-12.166 -44.006 -471.173 1.287
14.701 -39.255 -316.866 0.984
75.873 -64.723 -451.152 0.896
-12.191 26.782 -485.189 0.829
-95.755 77.812 -340.292 0.838
85.946 39.069 -353.068 1.018
-16.913 -52.209 -400.928 0.775
-40.730 57.588 -479.120 0.927
-41.120 10.466 -404.979 1.121
13.226 10.882 -322.564 0.884
-61.268 30.247 -493.297 0.961
27.065 15.684 -474.713 1.003
-92.118 -77.316 -400.963 0.948
17.869 73.114 -467.112 1.008
11.805 4.491 -485.299 1.099
-86.620 34.077 -385.771 1.000
85.530 -19.484 -447.474 0.938
95.694 63.549 -398.306 1.142
-5.633 -36.996 -413.389 0.905
61.518 14.093 -422.500 1.139
-98.651 -52.073 -373.399 0.969
84.498 13.401 -397.360 0.925
9.073 22.318 -448.581 0.970
-41.402 -99.393 -379.038 1.017
-11.347 -14.685 -445.210 0.874
87.744 -46.574 -441.681 1.108
-8.046 6.642 -336.713 1.111
38.125 -43.482 -364.465 0.928
10.224 -32.726 -465.089 1.218
79.101 43.540 -396.261 0.861
41.210 -52.162 -366.094 1.010
5.265 -98.882 -471.675 0.861
32.393 81.772 -369.905 0.919
9.587 -42.785 -429.590 0.992
14.929 -57.856 -441.036 1.017
44.271 -61.326 -409.891 1.072
98.072 17.231 -441.996 0.978
-57.643 -23.390 -388.148 0.973
68.109 -74.877 -343.833 0.979
-89.221 -96.216 -454.266 0.933
69.138 -85.307 -362.234 0.900
-93.851 68.442 -311.220 0.919
56.550 98.747 -403.465 0.967
-13.675 -17.089 -314.029 0.928
60.223 51.702 -362.683 1.210
48.606 86.334 -407.095 1.054
17.044 50.163 -345.310 0.951
-20.960 47.067 -416.726 1.081
43.486 69.244 -465.659 1.268
-66.586 98.479 -323.900 1.006
80.686 61.818 -389.386 1.150
19.365 -48.987 -457.859 1.038
44.319 -35.380 -306.775 1.025
55.775 85.957 -325.736 1.040
-51.238 -68.243 -310.926 0.930
22.147 -62.574 -323.060 0.802
-96.136 -12.967 -412.012 0.851
40.551 -29.886 -451.564 0.960
-87.894 33.221 -425.878 0.951
-7.920 4.160 -466.214 0.940
-87.120 -7.096 -480.622 1.017
-23.710 -19.174 -345.387 0.986
-72.171 -27.481 -447.712 0.848
-0.281 -43.086 -429.556 0.987
23.471 -99.437 -380.729 1.088
71.157 47.137 -300.174 0.973
96.826 92.402 -379.915 1.025
-28.794 -18.821 -446.138 1.107
98.023 -76.720 -366.879 1.016
-82.869 -56.303 -390.697 1.053
55.859 -77.785 -453.329 0.793
-92.717 -75.210 -444.843 0.975
87.781 -99.069 -453.147 1.078
20.220 97.133 -468.261 1.159
19.080 51.269 -380.584 1.102
28.057 -92.222 -409.265 1.050
-22.184 32.805 -372.959 1.057
-86.868 7.716 -420.159 0.944
64.827 63.392 -467.294 0.825
-98.655 48.348 -461.868 1.022
-8.650 -58.175 -461.912 0.888
-65.968 -50.410 -359.639 0.921
-3.579 -78.745 -362.722 0.952
43.939 -40.047 -374.594 0.998
-18.053 -36.625 -486.933 1.046
-45.816 31.937 -382.288 0.961
-77.153 -61.552 -416.920 0.980
-71.285 4.284 -309.745 0.952
10.516 -87.526 -383.609 0.912
32.699 -67.628 -371.323 0.954
-65.037 80.022 -420.523 1.039
-73.563 -60.066 -300.689 0.978
-65.926 -45.978 -304.870 1.013
-77.908 -57.780 -467.671 0.903
-74.298 25.181 -349.748 0.906
-91.786 -67.767 -479.385 1.040
61.441 -7.124 -470.802 0.998
87.980 -51.319 -364.913 0.947
-42.383 72.709 -319.759 1.078
-48.483 66.777 -472.162 1.209
48.563 28.834 -450.527 1.061
10.095 81.956 -412.936 0.989
36.308 40.882 -492.254 1.010
-99.955 -45.367 -324.506 0.870
69.675 43.002 -392.918 1.038
-97.318 -25.783 -381.625 0.898
-26.674 -25.233 -378.666 1.144
-65.525 -11.601 -331.123 0.966
-50.835 -5.116 -368.853 1.127
-62.067 54.764 -350.382 1.032
55.132 4.688 -341.322 0.948
37.629 -31.330 -478.495 1.055
-19.310 -39.532 -446.392 1.135
11.274 -84.485 -356.370 0.978
-90.402 -2.693 -430.459 0.827
0.513 85.454 -394.340 1.087
-86.255 51.581 -310.311 1.135
43.891 28.879 -328.616 0.948
89.632 -66.794 -439.344 0.859
-59.798 -38.774 -340.639 1.097
13.338 82.730 -340.989 0.907
-37.301 30.475 -373.494 0.815
70.386 -44.721 -475.128 1.123
-97.082 52.826 -321.893 0.944
62.060 -45.408 -497.561 0.972
-6.228 -82.938 -354.142 0.933
75.123 -15.297 -329.731 0.764
-66.428 -75.080 -488.009 1.089
-47.474 -20.746 -331.022 0.904
23.861 91.807 -487.448 0.979
57.695 68.564 -489.640 1.086
-7.861 -14.734 -383.159 0.835
82.292 8.827 -494.513 1.093
-76.178 38.249 -441.586 0.939
55.223 8.126 -313.953 0.933
22.564 -70.271 -442.925 1.115
3.789 -18.234 -449.951 1.028
53.696 20.365 -470.408 1.025
-49.923 -41.178 -382.853 0.831
-17.063 -52.667 -335.557 0.943
8.551 8.627 -459.532 0.874
71.376 -45.950 -389.446 1.066
-80.028 29.272 -455.777 1.003
-18.904 59.176 -387.474 1.076
-20.783 -78.766 -422.764 1.051
93.362 -30.467 -449.725 0.884
-59.809 20.241 -343.881 1.140
63.245 -56.645 -362.279 1.140
-58.089 -72.031 -446.125 1.008
-82.800 44.532 -456.885 1.052
87.696 44.471 -457.946 1.079
68.148 -20.827 -482.485 1.058
60.061 -24.991 -385.568 1.003
-70.937 -84.858 -357.161 1.037
-97.145 61.071 -381.871 1.003
70.743 50.810 -374.468 1.129
-68.512 -11.625 -373.670 1.089
-69.587 -62.663 -436.910 1.106
-8.911 -48.488 -464.003 1.044
39.698 97.979 -445.936 1.044
89.617 56.778 -495.788 1.088
96.650 -29.017 -382.430 0.900
-19.502 96.991 -351.817 1.051
-5.233 -5.569 -396.387 1.087
66.799 29.744 -409.348 0.920
25.568 -90.439 -474.402 0.860
20.829 -18.705 -409.491 1.011
-12.219 58.045 -482.876 1.016
96.234 94.732 -375.468 1.024
4.617 24.442 -463.193 0.938
-9.435 90.503 -367.885 1.093
10.929 77.135 -496.285 1.057
97.440 55.812 -403.834 1.251
5.099 9.833 -382.534 1.000
-69.833 49.486 -323.733 0.941
65.071 99.824 -365.438 0.967
-71.990 92.478 -439.495 0.899
29.745 -79.636 -411.260 0.670
0.301 -68.465 -440.304 0.965
-88.438 -21.278 -452.405 0.972
-93.740 69.126 -443.626 1.259
-3.477 38.494 -486.941 1.067
-59.478 -19.619 -381.232 1.105
-63.533 -51.475 -311.742 1.041
-62.594 81.828 -429.210 1.107
50.736 36.590 -488.225 0.799
53.958 12.926 -307.207 1.079
-4.328 -22.262 -381.517 1.065
-20.889 66.172 -490.699 1.144
8.376 -14.672 -386.822 1.039
-84.589 -57.032 -382.738 1.006
15.581 -54.125 -351.739 0.784
-14.278 50.299 -351.007 1.061
-58.464 15.644 -388.208 1.023
-1.150 21.710 -403.070 0.916
-56.852 -83.554 -491.428 0.973
-68.410 -63.205 -471.911 0.964
47.996 -86.836 -347.960 1.205
-37.387 40.206 -338.308 1.000
18.139 47.241 -341.549 1.010
33.277 34.550 -355.309 0.941
-98.925 -67.327 -324.353 1.213
-87.368 -81.615 -471.221 1.125
43.378 98.857 -482.089 0.931
21.809 -58.163 -420.014 1.064
-51.112 66.776 -361.501 1.042
86.526 3.725 -477.160 0.983
-41.097 94.482 -438.669 0.981
-12.170 16.190 -357.141 0.795
28.899 -99.649 -459.834 0.900
8.086 -81.768 -340.508 1.014
-32.682 -38.360 -457.529 0.976
24.415 80.974 -391.187 1.025
-54.118 49.785 -498.773 0.962
-84.714 -39.469 -408.218 0.891
96.399 -45.459 -361.582 1.007
96.814 59.279 -371.374 0.862
-1.720 37.141 -473.337 0.885
52.529 57.867 -371.599 1.047
-22.968 96.185 -301.517 1.081
93.980 72.575 -450.475 1.113
14.360 71.638 -439.082 0.957
-57.016 -11.917 -428.137 0.873
-35.035 -69.986 -384.811 0.973
41.952 6.556 -320.696 1.001
-90.516 23.254 -350.952 0.869
66.715 98.483 -325.253 0.978
-31.179 -94.791 -366.347 1.004
30.505 25.906 -420.050 0.923
36.646 -75.869 -456.015 0.920
15.586 -45.612 -444.054 1.068
68.398 10.348 -363.157 0.885
-38.760 4.378 -340.551 0.875
72.930 -90.569 -471.858 1.008
90.582 -91.772 -404.425 1.038
50.422 -11.826 -445.917 1.224
-3.961 57.368 -303.460 1.095
-87.463 -42.506 -480.462 0.860
4.233 33.607 -459.332 1.104
11.355 -63.267 -365.361 1.126
-93.795 15.663 -485.418 1.016
-38.152 11.735 -349.558 1.047
-63.337 -0.908 -416.784 1.126
27.554 86.045 -427.496 1.051
-64.227 -2.611 -379.934 1.065
-51.509 -84.081 -305.467 1.189
2.397 -82.712 -408.505 0.820
51.624 -4.536 -393.893 0.894
45.755 -15.549 -444.722 1.098
20.674 52.400 -477.020 1.146
-25.400 92.994 -432.438 0.929
-62.537 -32.573 -331.612 0.921
-2.352 50.376 -412.779 0.859
-27.091 66.370 -445.491 0.984
72.208 -81.637 -491.507 1.025
94.977 -39.618 -461.995 1.065
-76.857 -39.126 -396.819 0.967
14.359 22.681 -361.441 0.963
-76.059 -31.563 -494.979 0.925
76.057 -32.528 -310.454 0.795
-81.491 -78.454 -495.879 1.066
85.111 -18.667 -419.305 0.898
49.629 77.867 -380.729 1.098
50.191 16.728 -458.368 1.003
-66.107 -90.313 -312.580 1.041
-82.018 77.936 -402.503 1.146
12.905 -60.757 -412.050 1.125
2.175 -21.172 -451.219 0.970
63.391 7.924 -470.722 0.894
92.610 -84.434 -351.368 1.066
85.326 57.936 -493.360 0.912
64.447 69.536 -319.706 1.077
-13.412 7.274 -498.586 1.013
45.942 -99.409 -430.748 1.008
-68.373 -79.709 -465.801 1.136
-93.592 -8.838 -405.018 1.060
-56.140 -37.359 -318.109 1.044
80.438 72.208 -344.826 0.972
-78.213 -84.123 -425.442 0.902
-29.097 -24.001 -479.946 1.010
-79.346 93.708 -421.535 0.877
82.671 -86.621 -330.737 0.944
-91.392 -48.848 -432.747 1.154
77.645 -47.589 -439.297 1.073
-3.522 -62.266 -307.965 0.969
3.543 81.569 -456.888 0.894
-28.962 -71.240 -308.654 0.963
40.831 -3.741 -309.797 0.968
68.802 -41.505 -425.050 0.965
98.971 -52.151 -383.733 0.940
83.430 -87.646 -466.428 1.086
20.951 -98.401 -345.633 1.123
15.558 -20.430 -351.396 0.814
66.576 -91.641 -354.132 1.046
-87.152 -86.271 -386.440 0.979
-72.801 9.536 -306.532 1.116
-81.803 77.377 -402.101 0.940
18.462 3.861 -371.968 1.044
-38.230 16.761 -414.568 0.861
28.520 40.389 -385.165 0.966
-67.306 58.135 -423.536 0.981
44.882 38.008 -331.298 1.090
-86.041 -24.751 -494.263 1.058
44.390 -42.210 -473.018 0.909
60.704 88.941 -465.993 0.908
62.164 -54.407 -428.581 0.953
-43.573 22.886 -348.530 1.094
52.458 20.152 -354.804 0.946
14.098 -74.286 -324.542 1.000
31.438 -68.741 -465.064 1.031
-99.056 81.943 -494.438 1.024
17.212 4.555 -331.562 0.903
-11.093 87.065 -395.692 1.043
-66.845 -57.543 -497.375 0.984
95.124 32.421 -361.254 0.905
41.943 -31.353 -409.124 1.050
68.283 -54.175 -466.581 0.926
-54.857 75.441 -347.449 0.947
-52.519 -12.338 -477.428 1.146
-45.716 35.915 -451.160 1.104
-10.321 -71.177 -317.587 1.028
-0.346 95.881 -384.127 1.014
-13.790 22.683 -344.474 0.934
11.693 2.173 -405.049 1.151
-95.944 -78.382 -404.812 0.861
-28.248 38.514 -496.120 0.887
45.428 6.074 -382.394 0.988
55.786 -63.346 -324.658 1.089
-32.177 -93.127 -328.704 1.023
-9.870 68.941 -433.667 0.982
32.363 23.133 -496.710 1.019
28.332 64.894 -331.656 1.005
55.861 -56.248 -348.867 0.935
76.083 -61.915 -419.229 1.076
11.606 -2.620 -490.658 1.077
-70.012 90.060 -385.910 1.078
-50.647 26.042 -358.729 1.191
96.261 -70.509 -431.285 0.869
-24.813 16.117 -379.245 1.053
-49.228 83.172 -400.190 0.889
-71.364 78.938 -304.036 1.090
11.448 -87.981 -307.644 1.038
2.780 -1.330 -411.501 1.014
-46.756 -73.869 -379.735 0.914
-47.659 -15.220 -461.887 0.902
-62.935 42.784 -485.821 1.071
15.243 -28.115 -404.089 1.156
54.197 -2.801 -363.792 1.085
22.296 28.258 -461.862 0.940
-3.367 75.786 -358.712 0.945
-84.142 -45.167 -365.088 0.953
7.292 -58.121 -395.412 1.289
28.705 -97.007 -375.157 1.069
-16.593 49.558 -326.252 0.949
-4.320 -75.667 -308.384 1.044
-51.924 92.574 -432.648 1.034
-7.507 -95.557 -360.416 0.978
-40.681 34.901 -372.867 1.088
84.695 25.530 -417.737 0.863
-18.788 -19.258 -491.240 0.868
16.513 49.027 -350.099 0.934
69.821 7.483 -442.600 0.963
-17.509 -58.313 -474.015 1.159
-89.898 -0.586 -463.938 0.921
38.658 -41.856 -416.448 0.963
50.268 -95.585 -433.385 1.283
62.288 21.930 -370.503 1.204
-90.835 10.740 -499.947 1.146
89.763 -52.478 -345.123 0.912
28.476 -3.985 -314.580 0.914
-65.387 23.076 -457.965 1.032
-67.949 -32.719 -331.928 1.041
1.733 10.783 -410.069 1.028
-79.033 54.058 -466.782 1.098
-65.090 52.933 -381.763 0.831
26.441 -6.131 -369.066 1.003
81.213 -33.033 -341.977 0.978
91.625 35.642 -411.706 0.935
39.326 83.818 -470.441 0.833
59.035 57.686 -391.657 1.021
-56.756 -21.596 -479.381 1.013
30.592 -93.917 -324.133 1.158
-56.321 -45.126 -308.407 0.940
46.729 96.596 -410.487 1.157
20.677 -35.977 -438.683 1.121
-96.229 -61.729 -411.094 1.041
62.289 -7.374 -336.795 0.850
-3.786 23.805 -300.458 0.915
65.033 48.434 -413.533 1.006
-57.468 58.776 -314.123 1.020
94.403 -76.170 -477.682 0.976
79.853 -11.176 -471.209 1.172
-94.649 -90.631 -303.994 0.947
-32.494 56.754 -352.226 1.086
77.811 63.913 -305.790 0.969
-96.971 14.163 -464.100 0.946
25.946 81.955 -386.442 0.936
-55.796 -37.663 -378.861 0.828
-35.313 -76.293 -364.657 0.976
-5.147 74.652 -364.258 0.771
-23.433 -97.288 -453.262 1.042
89.617 29.910 -311.006 1.060
88.322 -0.840 -434.794 0.868
93.980 88.824 -411.783 0.829
-68.577 -20.865 -377.838 0.803
45.719 69.008 -381.484 1.001
-46.778 44.950 -347.838 0.850
25.878 -33.753 -357.136 0.906
61.060 59.635 -473.256 0.751
89.364 -65.468 -342.492 0.926
-22.328 -76.654 -430.702 1.141
20.768 -10.283 -371.234 1.049
8.767 73.017 -466.539 1.064
65.749 -76.218 -354.098 1.113
43.360 -52.893 -443.569 1.183
35.357 26.913 -329.255 0.900
33.650 94.241 -387.604 0.982
-58.748 -92.794 -429.088 1.175
-71.512 -28.488 -342.744 0.955
-9.482 -9.507 -439.811 1.089
-5.808 91.689 -433.146 0.946
54.594 99.720 -320.889 0.957
-35.671 -93.577 -372.431 1.050
-4.758 30.503 -445.470 1.038
73.407 77.161 -337.822 1.097
-3.484 -95.696 -450.078 0.886
17.463 -99.770 -323.925 0.922
71.859 -70.931 -492.388 0.987
23.321 24.635 -457.868 0.921
-39.327 25.876 -490.230 1.031
18.453 63.615 -483.036 0.781
-3.961 -2.816 -314.360 1.071
-58.509 -2.446 -425.285 0.994
-83.619 46.409 -419.251 0.971
26.564 -5.231 -344.397 0.996
55.409 29.900 -443.970 1.108
71.933 57.619 -318.622 1.047
-56.133 -15.802 -471.667 1.087
-58.277 96.917 -388.579 0.828
50.257 -25.842 -353.842 0.893
-82.424 65.762 -394.692 1.031
-51.052 -2.178 -461.055 0.997
13.752 45.225 -388.608 1.154
-5.433 -89.630 -319.060 0.804
58.303 95.280 -384.218 1.131
-30.616 -75.871 -383.474 0.974
-61.884 59.615 -342.004 1.030
-75.618 49.038 -470.310 1.058
-69.197 -18.009 -397.694 0.933
54.255 -70.642 -301.116 0.989
89.586 36.441 -452.550 0.996
51.258 -76.153 -439.628 1.014
54.860 46.868 -491.318 0.990
-2.666 52.527 -410.311 0.761
82.456 -40.950 -452.153 0.923
-74.716 -82.863 -346.838 0.967
-1.201 -0.866 -359.361 0.991
23.763 4.699 -429.116 1.210
70.988 -88.460 -381.949 0.768
71.302 -73.945 -379.257 1.068
-8.561 23.182 -498.914 0.913
-66.786 66.104 -320.590 0.940
88.507 78.942 -385.418 1.075
-64.464 -33.729 -382.226 1.053
-3.721 -89.406 -448.346 1.173
-29.697 -93.623 -341.177 0.927
12.121 -84.678 -325.401 1.121
50.108 -54.801 -314.404 1.188
75.023 -9.081 -334.756 1.022
-21.446 -35.781 -346.921 1.130
-25.818 79.030 -483.858 1.161
-51.440 10.390 -381.143 0.915
