766 741
669 845
844 657
397 786
593 670
853 385
764 298
476 900
959 379
441 860
251 98
867 595
641 315
1098 789
803 308
329 182
771 601
360 211
261 527
595 295
203 780
837 567
728 89
734 306
1008 896
722 278
620 485
209 507
342 947
821 255
967 634
377 873
221 910
367 216
445 860
582 921
1042 412
816 274
614 664
346 42
875 282
1105 468
246 169
768 251
626 266
477 28
812 191
1012 345
496 311
315 757
267 440
319 558
612 160
415 290
766 223
814 443
832 542
713 317
755 718
775 299
975 765
724 792
849 816
643 811
507 236
319 122
987 560
890 742
844 230
488 916
243 686
1012 743
1016 837
327 364
210 640
1117 525
235 307
312 466
763 836
256 450
314 120
758 529
225 538
367 176
989 861
947 403
430 519
336 413
572 469
763 381
565 294
796 820
282 806
658 387
369 574
158 741
388 537
586 549
637 916
789 865
630 341
1077 912
764 885
1019 497
739 751
285 561
239 887
786 171
568 570
841 480
749 839
597 882
957 769
938 891
440 287
350 848
550 662
952 892
962 679
856 407
645 303
215 358
1083 508
364 599
737 374
670 155
778 40
736 684
584 91
883 463
396 417
224 322
556 121
1033 154
477 400
1009 666
679 842
360 49
425 819
459 418
182 731
360 768
971 152
548 772
1114 914
1059 873
465 416
928 474
201 641
260 84
645 294
424 296
898 714
726 735
583 652
995 623
430 414
285 902
338 811
296 819
263 620
970 619
194 576
511 138
491 411
1146 106
284 467
436 870
708 285
1037 731
287 908
625 674
630 812
1073 157
816 78
1042 611
450 363
691 151
883 874
390 363
254 360
120 291
359 591
961 527
798 355
498 729
493 178
392 678
381 199
443 146
666 588
437 450
270 332
986 875
683 759
701 760
916 833
940 740
949 468
637 430
903 256
773 770
342 998
755 782
770 175
666 521
396 281
829 185
559 704
256 532
940 426
916 41
1072 802
806 609
303 711
940 745
955 589
1092 357
806 522
882 288
350 768
184 477
438 773
639 383
330 220
745 580
206 901
1011 102
439 878
492 908
335 825
416 773
827 874
888 855
142 668
943 109
616 154
887 717
905 312
252 965
935 666
567 643
819 864
458 335
278 484
675 481
1005 859
780 660
735 414
677 84
553 891
868 61
485 -9
427 537
737 421
530 327
691 289
740 179
312 897
610 316
941 359
808 666
437 386
154 689
682 932
771 702
333 141
942 645
299 405
364 164
750 710
456 144
922 335
198 343
206 597
668 768
361 285
485 93
727 749
635 396
722 42
956 745
965 217
141 163
861 423
395 259
1068 17
179 543
342 249
856 735
330 424
355 207
490 284
1016 112
768 351
348 636
614 541
1042 359
733 637
768 967
853 640
877 144
974 436
368 323
945 469
633 61
301 541
478 836
1071 954
749 811
872 172
1017 848
721 648
997 274
833 192
515 320
1006 597
440 494
429 125
381 381
681 468
898 526
867 530
874 370
650 548
598 473
673 734
717 367
883 454
842 246
1038 906
466 688
621 857
642 265
373 126
279 444
918 833
274 778
433 97
568 249
973 911
891 914
392 884
911 475
1032 617
267 208
917 655
988 402
327 761
307 101
945 644
1032 326
332 322
585 205
396 434
303 177
658 717
838 435
110 222
202 942
939 204
1117 728
615 564
569 573
938 384
766 505
311 405
211 237
766 94
1073 289
962 511
264 722
877 677
346 139
582 432
338 377
539 743
942 283
891 351
701 750
386 627
809 168
673 428
886 214
1000 470
400 630
414 381
462 381
585 200
746 837
1150 347
1037 40
809 420
471 732
959 193
596 625
688 827
247 893
752 179
846 759
613 681
336 664
614 907
506 499
506 132
799 490
343 129
360 721
1036 589
805 950
330 146
887 909
911 459
350 401
1144 381
1004 670
654 435
836 939
579 147
1049 242
941 482
727 77
298 770
230 781
581 696
153 914
825 155
449 140
859 327
1000 224
686 612
280 874
952 642
292 263
867 309
615 1000
347 255
854 751
317 674
582 469
528 390
377 168
985 652
926 229
262 482
793 711
589 78
727 389
686 75
457 432
396 375
655 636
411 538
948 904
347 189
702 540
562 661
946 771
995 509
716 707
216 71
576 588
965 965
606 798
698 954
452 66
758 370
259 281
321 528
1066 802
818 746
386 563
1124 76
999 298
596 840
426 202
343 237
976 891
1039 376
656 738
338 673
455 206
718 308
157 542
956 811
509 886
354 514
922 456
851 392
492 185
802 268
201 522
983 498
231 125
899 984
1011 218
536 354
973 741
895 809
965 109
750 266
240 549
616 649
513 845
204 1004
495 285
300 725
592 398
382 153
258 117
299 78
317 303
708 664
565 478
967 329
950 779
954 268
262 257
413 636
564 80
501 642
142 949
939 58
1009 603
726 569
216 989
370 494
291 726
364 825
440 208
881 275
636 666
489 479
927 161
631 201
542 822
273 470
1043 791
490 220
946 745
366 425
543 420
769 231
145 879
404 479
244 837
861 796
1010 912
811 706
624 416
690 856
604 730
747 787
1149 695
1056 494
359 749
839 382
846 569
831 618
825 556
371 540
191 614
475 826
372 726
228 131
218 287
612 387
1092 902
432 585
598 573
652 348
673 872
529 293
762 644
980 543
731 459
920 473
985 321
357 516
172 387
612 82
482 625
680 353
663 491
501 133
806 50
963 612
810 499
287 207
561 54
885 555
823 604
998 295
538 674
1021 803
148 11
714 210
391 547
163 793
397 654
962 534
185 12
965 172
883 601
608 900
741 751
875 664
755 617
306 413
1030 954
181 628
664 620
1152 73
484 291
726 730
479 316
974 657
628 404
593 727
949 196
562 43
281 766
716 985
883 754
938 828
392 850
755 400
503 843
225 132
858 804
703 326
719 992
339 90
853 886
251 613
418 388
439 711
537 759
607 245
902 274
786 563
792 752
1105 36
336 1007
994 553
442 -8
782 973
599 233
931 52
375 114
394 200
519 150
375 551
1045 358
1063 236
668 84
276 631
312 786
281 734
153 317
630 99
737 708
377 143
589 897
834 218
617 519
905 284
786 96
678 160
795 191
1052 845
627 223
951 782
1119 161
316 344
933 454
706 530
644 98
702 537
477 612
240 512
309 221
954 371
354 976
756 586
848 551
586 92
587 543
766 278
387 315
523 222
905 41
767 911
672 129
517 944
649 582
919 323
1001 437
652 522
748 260
973 507
668 619
825 381
305 364
404 142
793 714
484 182
314 528
325 729
1008 542
793 172
248 828
915 250
524 992
391 349
329 811
300 773
501 282
416 830
616 592
735 594
498 751
334 455
922 938
726 729
837 1016
820 749
746 579
834 684
308 407
314 508
553 462
906 200
229 807
547 746
645 696
276 217
697 375
266 628
539 653
714 657
262 162
401 544
631 512
479 328
912 338
537 922
1087 344
836 583
371 728
116 432
916 603
386 719
785 1007
783 393
956 321
328 573
833 569
484 621
382 759
617 441
258 398
275 398
468 106
1095 982
915 624
1000 358
478 351
991 527
700 490
265 217
609 192
490 708
446 390
377 196
536 599
508 323
767 735
724 202
1075 74
789 852
456 905
662 658
402 749
1010 428
1134 812
1000 536
986 881
721 315
1023 921
707 421
223 290
1018 869
311 152
340 479
492 305
481 259
312 577
587 600
244 923
713 267
538 613
728 719
933 582
1089 170
852 31
884 551
279 841
1063 232
1151 386
379 550
169 271
1010 804
961 134
351 659
617 1033
354 796
488 922
706 839
276 871
469 560
247 41
326 107
226 693
998 233
985 308
521 86
357 477
589 625
475 433
565 522
237 828
1013 323
726 406
246 275
846 243
317 163
813 91
804 514
402 315
443 886
975 621
145 267
882 85
281 647
273 366
388 562
363 121
838 195
893 920
542 79
556 197
432 569
410 770
116 570
418 266
785 812
483 283
398 894
462 819
430 574
384 842
924 289
559 368
249 817
331 829
911 640
363 778
812 606
837 202
556 435
442 494
433 757
601 783
322 719
859 828
995 703
339 221
912 743
288 450
317 888
1040 1013
847 676
633 630
825 508
597 276
332 938
314 170
679 244
689 435
767 411
711 233
281 673
187 302
857 575
728 357
485 598
696 646
546 305
1020 466
225 91
231 455
539 176
703 663
1000 780
895 102
693 424
356 159
716 75
404 681
1004 668
352 316
542 850
522 971
836 623
615 791
450 852
805 780
786 1024
542 452
1112 120
277 812
333 271
963 500
261 806
496 100
267 362
256 622
498 488
589 747
353 115
619 701
1068 676
318 418
652 353
1051 104
840 227
478 873
1051 595
312 625
678 285
190 708
686 277
493 893
1078 172
403 680
1080 957
1062 512
218 637
870 969
251 717
334 640
591 496
544 394
295 925
559 797
529 558
483 676
301 299
956 696
875 413
292 318
389 640
974 598
1076 805
905 140
268 272
835 967
1088 413
638 259
1000 324
968 433
907 95
523 830
467 237
732 912
736 553
963 736
248 869
812 841
239 502
216 540
561 650
947 507
1027 203
688 78
272 813
821 358
197 660
172 869
492 611
1033 595
819 187
304 738
915 477
507 922
299 914
596 423
434 177
875 750
