331 514
715 616
653 858
874 169
905 733
678 516
895 290
683 876
758 596
427 981
1008 435
1003 897
309 750
965 170
946 617
402 428
1076 899
363 824
1146 379
543 811
974 906
581 201
297 201
217 106
1019 660
286 519
533 487
597 680
232 412
718 627
510 117
560 312
366 111
1099 804
914 379
357 698
1100 155
798 863
251 188
394 475
862 311
700 303
422 633
1012 227
431 81
962 412
319 210
588 930
505 867
845 702
1000 436
276 247
857 335
149 740
338 53
513 601
571 967
743 486
204 109
874 255
555 96
530 506
244 393
814 299
742 191
244 269
961 518
844 796
838 252
1035 403
918 355
815 220
518 596
343 138
396 290
738 535
674 616
1084 251
472 333
471 286
1081 962
417 834
169 988
695 241
771 352
331 648
461 659
1075 554
443 552
895 81
459 555
856 259
1039 529
672 228
502 862
352 170
940 162
367 363
546 358
483 468
779 810
436 492
711 626
874 598
1095 572
221 647
942 719
575 692
702 561
1006 286
401 776
654 764
318 441
488 251
562 555
880 502
717 906
731 63
488 471
370 576
546 376
268 678
269 211
171 388
363 691
649 836
945 433
587 624
533 210
623 869
966 39
250 833
631 -23
827 648
237 879
769 911
887 392
949 263
797 884
410 625
1079 439
940 736
417 1008
177 1009
256 718
214 808
621 735
818 138
940 618
287 422
294 176
877 890
772 639
1029 948
818 884
286 699
477 902
774 410
515 887
925 121
352 739
854 299
430 542
537 568
585 318
723 356
494 406
777 238
582 527
410 491
462 792
834 257
359 491
786 823
982 473
1154 766
244 521
192 150
721 482
1088 491
668 869
289 516
873 724
547 301
661 671
318 572
953 874
460 750
297 409
172 54
924 631
721 84
850 899
301 145
423 555
219 884
550 271
544 691
852 566
361 138
786 596
529 536
947 770
504 252
516 190
658 827
677 490
973 676
676 846
224 683
286 211
576 436
477 871
863 315
1003 595
281 76
930 809
909 846
1043 159
963 759
869 338
557 823
314 901
887 800
1010 480
415 595
880 80
993 344
484 115
939 158
732 674
253 855
815 852
599 449
493 793
297 1001
836 424
677 619
1051 672
631 271
194 180
879 325
1028 978
951 580
399 77
429 730
741 561
381 820
257 159
395 139
954 987
276 846
986 338
777 657
784 814
728 442
579 578
255 209
584 946
723 157
578 559
962 704
283 514
1083 673
429 169
871 892
733 738
1124 627
534 788
438 230
726 441
837 887
891 643
622 181
527 406
938 117
456 623
1063 797
883 757
852 193
1157 502
531 479
777 771
290 664
382 533
523 458
405 621
190 331
782 468
342 228
433 777
710 783
745 518
958 684
842 878
371 559
737 805
626 770
953 32
533 404
1007 157
988 947
489 461
512 817
279 417
731 679
670 386
378 605
743 860
760 404
765 647
697 728
835 900
224 863
220 61
905 735
408 774
867 862
882 534
226 520
703 171
388 309
662 335
657 387
820 379
450 800
529 337
839 724
728 666
410 523
959 374
843 456
773 795
704 845
677 402
559 644
873 756
202 233
835 125
639 763
305 850
565 885
511 426
619 313
215 260
588 394
309 304
805 821
315 450
252 832
319 834
811 505
846 711
662 772
1047 607
1166 423
300 582
476 18
963 111
827 790
299 237
740 735
360 891
559 508
269 712
842 412
1014 252
221 173
657 910
646 148
355 930
272 339
371 615
530 1024
245 528
459 461
336 616
720 176
588 816
576 116
414 320
524 801
399 696
559 572
976 153
763 661
327 584
693 709
961 906
479 459
381 52
298 416
770 713
273 685
685 363
544 599
789 907
733 282
725 371
271 498
592 767
791 587
586 295
660 859
491 477
562 522
408 860
286 398
892 332
336 59
704 414
1122 334
528 272
999 186
896 419
768 637
725 651
270 800
1041 899
1018 709
1015 619
844 398
622 900
973 612
348 134
739 517
128 896
651 221
698 380
892 510
236 116
219 854
736 664
921 835
664 189
667 288
429 654
378 605
1116 411
1019 881
717 778
747 411
350 587
807 27
436 866
652 259
977 4
282 441
639 313
804 492
207 818
472 326
480 241
620 620
980 465
673 671
877 512
510 873
379 675
707 319
1114 1047
130 376
654 267
380 143
285 380
249 276
536 679
1141 695
842 596
313 984
735 832
762 662
828 649
1056 645
379 894
970 259
281 265
1034 787
243 330
668 423
185 892
980 115
410 191
1126 808
747 627
941 582
924 451
718 433
944 473
696 849
566 911
703 589
1016 851
321 892
488 548
231 289
992 946
831 511
228 233
860 280
470 185
997 536
629 299
641 898
303 328
484 458
1020 976
192 214
193 47
427 308
913 429
364 254
855 831
270 379
493 540
891 806
1127 828
824 414
554 897
1051 845
386 386
346 940
1097 713
582 331
409 386
502 904
700 721
1018 442
1097 120
345 112
872 259
222 893
513 376
840 996
279 460
270 630
1111 30
814 648
205 560
429 619
818 194
388 185
614 306
613 757
800 248
1006 764
884 667
235 291
697 708
165 537
1102 701
442 873
152 274
1046 742
732 974
830 497
688 484
545 211
672 657
775 439
195 451
909 744
910 203
552 313
614 382
465 257
546 720
223 154
978 556
1015 751
417 193
446 325
1037 334
957 892
839 311
377 879
339 939
243 493
598 500
1051 320
542 670
382 579
435 371
880 240
549 416
402 739
655 374
755 218
939 319
1025 258
609 804
588 707
219 586
338 34
923 882
970 -11
295 193
1013 635
1101 432
488 178
468 414
726 130
407 630
716 701
498 690
654 912
595 18
416 335
425 788
875 204
621 288
489 497
486 101
290 615
774 322
534 767
865 468
507 919
444 518
582 874
1105 919
336 982
877 197
272 839
454 285
963 674
441 724
622 627
246 593
952 828
920 687
811 547
954 280
973 928
239 875
625 343
348 794
720 432
756 232
599 606
648 508
265 645
570 400
630 23
212 849
930 672
420 166
973 123
188 176
757 404
413 790
550 419
231 198
857 466
307 803
726 856
816 104
503 951
957 682
302 723
693 799
827 402
525 990
1039 849
1110 75
609 523
649 801
346 860
602 139
509 655
587 395
925 393
290 818
563 967
510 870
526 27
313 753
547 380
710 309
500 434
292 272
436 440
510 568
422 467
574 872
532 474
392 863
434 430
558 430
824 728
543 654
849 252
873 387
645 372
1040 152
822 831
476 316
416 250
912 58
985 147
679 619
498 410
409 486
493 517
909 890
157 153
1009 1009
965 597
351 752
931 385
712 123
928 467
1029 762
311 620
968 334
738 152
317 282
506 369
317 477
493 157
975 714
367 317
451 152
603 336
323 737
311 474
1055 70
892 592
381 812
736 836
575 536
682 627
662 737
683 763
305 400
920 803
814 107
1098 951
339 191
335 522
877 517
612 278
891 206
885 399
532 288
837 200
1065 725
241 706
585 229
1044 251
991 322
644 733
234 773
378 259
938 900
500 154
466 717
631 19
359 794
531 223
541 785
358 341
788 603
512 161
235 145
653 363
744 244
775 639
565 116
373 479
453 415
1024 552
841 684
584 799
556 886
182 899
708 405
681 181
677 490
346 358
743 537
586 688
435 719
824 928
868 93
890 200
565 168
645 269
1093 896
805 797
777 115
786 59
890 836
745 307
586 183
667 236
687 682
491 708
574 597
811 382
599 182
419 518
809 662
882 750
1015 908
887 944
656 400
427 587
799 839
791 606
574 415
907 284
1033 509
753 667
237 1026
907 582
1053 371
781 820
775 172
400 292
951 289
996 583
601 411
128 913
592 187
875 377
970 788
517 309
779 382
1067 706
723 325
431 785
819 822
814 228
289 233
523 659
1063 112
406 122
321 762
447 72
1116 926
634 302
223 700
839 599
292 716
505 1005
780 498
628 722
462 687
290 787
813 755
205 706
640 722
839 462
207 514
409 321
870 902
413 45
366 409
585 136
364 473
1129 184
845 600
593 675
1033 573
825 410
417 492
1003 437
1110 272
738 627
1023 729
464 535
1012 39
245 80
377 418
1028 806
743 111
600 871
713 371
847 227
179 26
676 536
152 453
718 777
302 513
586 903
938 178
587 64
802 119
629 636
746 693
457 849
762 194
214 388
901 797
789 932
193 728
749 942
548 220
589 301
925 193
605 263
553 822
718 619
789 621
572 590
740 541
686 190
790 921
203 483
1041 141
671 298
668 500
655 791
290 391
898 412
545 35
861 844
406 374
327 359
492 892
570 880
533 515
399 288
681 653
618 529
553 694
507 735
687 341
430 526
416 210
478 994
287 677
311 953
999 791
278 481
999 562
220 414
451 900
711 273
514 247
286 943
886 220
889 867
611 569
855 778
405 376
632 348
942 530
625 74
849 534
936 146
225 335
471 795
797 737
371 409
463 158
303 594
1129 203
372 737
685 889
577 840
343 474
558 838
509 482
764 893
882 866
162 910
740 766
219 979
205 316
295 659
669 763
569 788
495 865
1022 411
335 165
717 792
1131 528
312 510
1048 423
213 955
768 701
912 905
795 523
776 463
927 876
300 444
783 666
775 639
474 600
1011 292
903 297
1093 251
504 696
910 653
335 734
491 828
590 810
526 217
905 923
736 281
741 799
1109 880
714 786
539 477
214 81
467 652
439 863
721 498
854 245
917 123
581 159
907 894
441 384
977 556
653 409
438 242
562 609
914 1043
659 345
906 198
907 429
1059 755
1013 123
1053 813
738 786
990 365
782 601
1026 836
411 199
1076 218
574 819
1031 571
861 410
297 197
988 455
511 442
434 358
848 435
704 556
182 283
282 131
1020 280
808 166
352 122
967 94
357 547
392 502
839 573
663 363
941 900
1087 644
681 1035
260 440
202 31
730 886
648 349
494 99
964 50
282 131
404 490
324 272
850 824
286 340
945 38
812 439
687 55
227 310
531 337
728 385
567 823
837 883
1036 87
259 799
984 794
963 277
755 262
1061 650
760 240
710 845
777 167
730 622
322 557
252 491
634 378
904 230
918 275
747 126
313 334
654 173
1123 1015
969 200
158 727
1110 899
767 138
748 713
1125 763
752 645
785 304
390 564
1034 562
194 490
592 341
608 455
1075 52
166 291
698 446
406 329
518 795
865 505
731 696
641 722
529 381
1142 11
1032 560
818 497
611 86
393 202
958 522
902 200
260 730
795 857
439 838
818 877
943 87
547 161
420 349
581 495
1049 391
822 841
1024 361
227 467
430 534
856 140
961 347
331 998
753 796
1067 206
409 869
505 159
1136 19
645 921
741 576
984 605
440 745
378 420
1148 343
711 558
606 439
808 400
1082 271
543 674
821 563
450 971
517 375
363 797
783 347
304 619
513 472
941 203
644 474
334 564
393 562
648 764
960 218
402 803
373 203
364 872
321 203
449 785
541 753
757 653
501 876
336 179
739 332
1130 967
700 965
383 618
821 675
857 498
1033 237
544 855
1024 474
1038 442
116 531
586 302
216 680
966 675
690 264
966 586
526 721
208 501
265 301
285 546
267 644
195 985
1109 972
919 853
297 594
451 297
603 215
293 245
653 219
666 184
608 519
477 815
972 552
1133 131
422 814
446 687
946 752
214 791
1048 575
337 706
508 511
853 70
388 593
1009 1007
545 138
585 250
660 298
391 336
482 972
1015 191
280 83
1009 220
891 749
601 173
536 940
738 274
263 293
945 577
601 420
124 937
642 48
805 358
1035 191
563 169
419 320
808 404
725 248
513 840
189 463
976 781
292 409
741 682
457 55
266 583
351 904
672 443
194 184
649 450
446 582
1130 634
382 173
304 277
702 71
838 627
690 166
546 892
644 541
608 629
936 608
345 92
1131 727
1071 435
1033 635
331 595
643 147
632 371
306 859
839 582
1065 425
607 831
345 86
833 776
565 398
903 870
1028 41
877 465
1127 953
258 686
596 634
964 439
810 837
592 187
271 536
1014 129
361 615
379 309
442 177
498 808
776 510
596 369
515 663
383 473
351 155
271 509
849 772
412 147
815 261
403 785
712 962
446 158
845 587
996 920
686 304
224 520
148 1016
647 109
755 394
724 113
728 943
636 918
300 823
1016 272
576 148
996 403
1051 508
733 478
1008 311
716 661
459 898
641 276
470 511
654 592
1039 278
511 400
1015 597
1040 656
733 546
1013 297
426 297
667 430
227 993
678 183
727 763
978 794
992 171
848 404
996 439
911 274
405 565
156 538
223 251
857 725
272 164
357 309
825 320
621 415
333 949
343 489
854 593
467 633
959 922
417 673
700 261
413 829
760 463
824 331
954 267
639 107
570 883
248 246
521 486
657 440
808 435
661 770
929 638
117 353
1129 881
189 486
748 216
851 796
721 769
352 236
111 828
740 733
291 90
1012 581
1017 389
1024 410
526 415
1027 894
858 170
689 83
514 796
1030 489
418 619
131 938
1137 296
625 545
919 919
274 546
358 267
238 257
273 154
351 481
987 334
329 834
553 446
380 304
562 975
979 1028
640 131
776 391
1020 490
291 546
640 565
1023 354
805 208
677 702
881 80
772 89
405 187
250 357
955 173
263 849
657 129
1029 378
928 904
417 643
735 437
712 118
647 912
959 893
1044 606
272 893
605 865
265 522
263 587
544 759
929 308
290 589
837 998
206 337
760 794
191 66
336 937
1029 985
309 295
1016 896
450 853
486 278
741 246
943 581
337 253
870 485
347 398
871 324
493 135
930 218
322 659
1051 392
650 840
651 476
978 198
713 661
801 208
479 870
783 976
335 288
348 807
784 817
809 481
872 797
302 458
373 584
732 416
521 597
285 833
716 593
445 140
612 131
934 77
487 127
1048 412
657 152
430 431
711 283
565 130
422 198
1035 537
1028 462
592 472
330 703
752 476
1062 412
412 308
902 980
920 544
285 203
636 379
1015 151
728 609
903 734
577 322
514 1020
1121 528
445 264
641 615
251 608
412 391
696 704
185 650
732 153
900 342
452 931
130 633
564 340
749 671
575 722
410 377
324 211
297 270
1078 610
365 486
652 768
708 698
615 454
649 575
823 192
1021 667
449 705
561 609
429 217
314 327
1008 219
586 648
323 269
502 715
290 745
206 691
894 731
506 168
720 681
341 525
826 214
464 153
154 420
962 388
398 771
841 116
545 312
684 231
272 683
1001 242
720 181
445 611
966 30
584 526
360 476
799 463
962 438
367 521
401 20
824 616
680 406
541 171
593 727
735 201
771 132
632 258
379 161
588 502
989 967
414 950
742 479
523 194
365 390
596 316
1094 722
563 434
341 455
277 879
1128 960
596 482
309 784
1016 422
556 390
346 382
588 413
363 906
1094 520
556 115
488 399
244 399
705 598
658 525
833 708
354 894
834 115
631 857
996 76
463 456
494 547
475 338
801 352
807 640
1152 540
705 838
725 867
442 826
908 224
670 743
394 676
756 412
419 772
937 924
1108 130
349 419
242 793
752 355
734 457
782 418
586 679
566 875
689 164
260 822
557 652
494 699
582 593
689 242
252 224
249 913
446 137
292 196
429 128
661 608
345 541
716 818
607 764
702 184
352 225
569 630
1076 16
462 611
683 854
783 935
790 514
326 615
433 833
396 308
996 462
334 154
487 818
1116 107
633 769
790 188
921 541
935 331
502 473
999 676
512 270
573 435
792 626
660 66
285 245
812 1008
166 309
225 623
793 206
318 275
577 307
505 822
1020 557
903 673
476 707
1002 196
691 515
593 178
734 486
599 380
627 508
470 455
728 817
364 916
493 425
609 37
1067 69
425 347
979 329
804 154
481 378
1174 670
838 717
365 510
789 77
648 135
198 972
534 903
243 849
823 719
946 498
475 615
763 856
1089 799
398 413
297 517
765 536
390 927
305 259
377 772
330 721
226 701
550 660
614 10
205 661
753 551
300 888
604 108
313 415
852 864
827 216
982 437
957 132
368 871
1007 309
900 433
955 415
675 997
920 516
577 172
1088 654
259 623
305 378
776 882
851 774
409 800
584 839
483 429
173 543
773 319
495 570
216 537
441 128
730 749
860 820
438 865
884 272
811 621
1061 237
462 440
577 696
243 636
319 543
659 265
140 352
288 866
985 100
147 889
296 908
412 872
390 88
498 529
381 128
207 758
456 238
528 584
807 198
237 723
431 916
353 581
772 587
801 691
679 226
860 739
289 983
729 882
306 625
452 311
568 807
706 926
637 569
1158 339
254 694
761 574
1116 675
1064 165
1094 163
1037 871
580 843
415 572
338 171
1000 165
378 62
932 124
907 579
147 875
645 138
739 558
850 786
559 458
391 605
515 795
288 893
661 577
572 513
233 666
978 270
1048 761
846 888
770 250
255 600
465 273
625 505
305 228
1019 945
593 745
206 490
470 70
898 343
737 357
985 190
406 998
777 576
687 217
749 490
1143 569
523 130
1062 582
264 5
657 585
600 945
672 886
265 171
265 873
1112 517
763 358
298 330
851 467
932 177
967 177
562 687
345 854
747 689
325 906
362 749
711 466
856 153
441 85
454 457
813 13
597 408
975 405
685 586
479 576
773 644
534 188
454 457
507 712
900 788
923 200
869 776
681 230
662 647
900 550
1034 410
385 744
764 23
584 924
747 246
1005 351
907 564
329 925
645 304
383 397
603 107
1013 392
405 846
754 243
596 751
1069 341
611 433
556 266
809 922
734 119
925 646
874 20
866 596
287 604
251 912
1047 -27
970 529
388 371
282 553
511 758
587 928
1047 265
1041 116
222 932
524 400
472 725
1014 909
670 362
706 194
880 62
698 477
659 797
477 310
1001 77
957 366
415 151
889 131
389 341
836 741
961 257
822 208
242 294
479 449
232 986
787 909
514 160
858 453
825 530
236 418
414 733
283 737
584 527
886 563
545 607
921 889
522 771
573 173
854 84
125 1021
414 526
355 229
708 180
645 891
473 938
613 259
565 443
211 523
228 801
606 92
1003 429
311 742
740 880
580 212
784 608
229 547
710 532
579 878
506 719
610 624
415 468
629 365
982 602
630 956
1030 777
447 392
831 720
537 240
330 543
707 520
895 304
494 301
451 501
512 436
359 777
573 396
704 764
493 976
329 813
545 55
424 925
627 681
636 675
210 823
778 405
553 224
778 692
613 607
968 551
180 460
1013 522
793 641
791 938
824 435
1060 446
500 706
655 820
1060 604
873 253
971 708
959 585
903 -1
734 671
727 693
686 110
539 436
1056 308
187 630
699 408
358 399
507 828
837 532
937 124
