679 407
1039 961
663 833
357 372
303 581
620 842
853 305
890 219
849 456
626 261
415 169
654 541
657 904
1063 921
847 796
615 515
1061 352
1105 86
664 230
270 830
897 498
973 263
381 731
386 757
789 322
1010 578
430 158
901 390
579 430
1080 391
505 427
982 694
801 430
984 617
710 741
551 142
991 471
982 488
913 784
677 151
678 101
809 894
1034 820
641 565
1031 259
628 860
670 8
1069 912
778 715
819 307
723 991
464 743
1074 810
1075 818
785 696
215 345
811 447
729 937
518 340
786 438
668 673
427 796
933 202
214 792
319 728
310 970
619 453
901 171
1049 798
767 776
296 750
293 302
728 520
461 840
1032 750
475 353
585 555
606 508
818 940
425 285
780 810
705 538
833 312
1026 959
274 708
711 153
749 895
938 178
380 728
319 843
484 534
685 177
683 711
966 225
660 674
855 534
325 955
688 131
372 399
1007 331
994 376
841 379
861 474
410 703
426 648
331 469
492 793
397 470
410 245
992 811
1033 615
803 504
419 151
428 491
255 146
561 374
992 283
280 754
362 233
408 238
769 720
566 604
243 566
527 349
616 997
393 563
277 763
791 876
309 505
430 563
147 27
257 235
364 801
480 957
405 182
395 772
211 906
855 758
1136 78
830 594
743 335
554 458
306 640
253 236
523 350
446 700
578 737
217 953
465 310
349 285
266 805
1122 931
437 319
673 217
223 572
393 156
361 315
454 833
341 180
722 313
273 885
1023 607
492 254
585 857
973 551
476 409
506 414
774 228
992 967
573 615
511 539
462 861
711 302
743 774
917 655
315 809
674 449
731 725
363 161
319 600
575 888
247 744
853 703
896 355
919 752
919 808
315 512
590 240
899 151
1023 566
664 962
496 574
712 533
1021 711
500 314
614 918
1025 339
262 383
430 909
494 654
982 733
555 743
1012 587
321 567
149 895
659 401
524 684
1071 789
185 667
272 696
523 122
648 825
485 299
455 292
572 681
1078 168
802 742
280 661
599 1018
368 756
820 287
912 313
734 796
324 974
285 287
855 812
550 894
290 306
257 204
835 222
808 796
1108 611
630 351
165 937
701 641
899 149
683 725
338 60
153 459
275 242
794 862
269 643
397 588
704 890
189 284
181 56
678 87
478 432
954 410
538 578
671 992
1040 749
311 496
834 598
697 660
733 25
656 472
896 232
249 391
663 881
407 753
261 740
327 490
638 645
226 564
948 426
450 246
155 537
574 684
1175 389
184 233
236 68
825 40
858 321
428 297
635 677
249 849
1022 650
798 303
451 330
1167 844
1098 209
291 547
942 482
787 591
248 94
412 897
140 773
1121 878
1098 -13
959 646
937 499
500 234
786 332
147 854
760 661
725 233
786 378
465 527
417 938
323 675
627 570
723 153
581 814
819 714
901 142
988 561
509 249
512 209
394 224
744 571
1003 606
991 160
978 946
214 49
496 244
517 836
867 489
801 688
255 657
1104 944
287 1010
713 711
641 131
311 239
966 941
909 367
358 734
1038 228
464 559
885 634
411 398
192 757
1111 787
283 691
903 466
739 542
244 798
531 471
646 133
509 703
178 275
819 446
1110 612
705 171
358 304
521 286
900 721
595 814
870 331
319 353
645 289
258 151
431 375
946 762
552 300
260 379
839 478
641 592
866 576
675 621
356 74
709 716
955 111
503 172
748 89
731 348
278 724
263 645
814 410
934 454
1063 341
200 670
554 559
727 760
1041 229
680 534
129 268
373 262
390 998
722 868
645 455
745 329
929 146
196 761
996 284
693 876
838 182
334 833
336 377
825 407
370 81
983 871
1077 453
642 953
246 361
327 741
242 708
524 633
1017 1006
904 328
769 883
629 881
1075 520
500 843
210 595
508 245
565 567
386 515
967 821
519 470
740 410
359 586
915 945
509 474
1049 883
311 641
282 607
547 770
763 514
964 973
459 534
925 253
989 812
546 162
438 299
569 727
365 490
341 315
764 645
909 890
392 456
538 377
686 402
602 890
667 552
313 834
265 232
288 855
691 321
320 300
666 709
354 780
691 654
298 458
528 715
1110 370
196 344
660 312
1059 88
217 618
291 95
197 1002
802 353
902 773
732 516
755 661
591 615
293 171
735 401
367 76
465 677
317 683
1066 135
438 150
346 123
348 935
563 661
272 519
430 336
608 614
347 88
1009 778
1024 726
362 426
1151 304
947 84
716 438
493 590
401 404
690 299
643 781
721 893
870 431
597 364
816 681
346 525
981 98
461 87
993 932
229 0
447 782
374 493
588 209
713 996
762 690
928 205
530 808
425 488
947 75
761 738
701 504
835 353
397 156
246 136
382 263
302 467
365 594
570 704
746 497
1076 829
353 314
623 492
962 575
246 697
283 351
259 800
522 693
990 442
914 209
250 104
1069 622
209 703
616 438
255 1033
614 587
576 306
467 564
897 661
1014 641
684 323
1113 16
1006 310
377 342
490 854
439 812
375 334
267 493
186 161
477 317
808 934
211 561
363 399
623 649
596 461
996 913
842 158
677 881
834 805
657 820
721 789
588 899
725 714
1042 797
872 671
463 581
589 56
765 143
338 928
769 661
501 659
872 528
825 137
393 268
346 558
784 465
445 617
199 488
371 869
462 639
497 562
433 350
705 489
854 763
741 324
794 767
1018 291
935 115
702 595
440 467
583 761
667 420
927 216
424 760
319 148
733 164
865 935
291 196
713 946
891 200
429 429
251 339
709 938
717 814
374 412
286 90
468 591
267 936
1135 313
1001 729
652 665
353 874
1010 236
858 914
676 688
674 214
1032 531
736 545
940 782
902 816
840 183
294 457
448 182
1002 707
772 100
1106 653
969 98
1060 833
557 330
763 408
925 678
516 0
648 729
866 293
835 849
681 587
859 70
863 113
477 616
549 393
1019 963
887 337
885 398
1007 921
916 28
504 938
326 424
1019 329
531 750
619 142
839 509
444 141
408 669
360 362
1073 153
667 755
613 659
882 219
667 389
649 719
465 842
736 454
993 745
833 320
1117 357
457 249
457 791
912 974
462 241
1019 264
416 174
794 457
307 237
492 167
449 1024
908 199
1002 624
839 679
623 679
988 678
452 307
276 744
713 346
771 815
717 439
312 662
1003 313
402 905
358 806
998 31
352 315
427 461
1047 964
718 860
915 560
831 347
701 638
271 577
865 817
557 850
1000 837
643 198
825 367
726 1021
812 432
842 191
328 708
235 875
321 373
633 747
230 139
967 895
635 159
474 692
178 402
363 360
658 210
117 23
975 716
138 1
593 837
465 776
251 475
915 138
996 307
366 773
603 287
788 600
473 893
286 669
278 615
473 717
667 513
255 423
408 890
762 891
393 634
978 171
634 511
573 39
975 889
557 417
919 254
1068 1002
351 708
530 333
927 358
775 238
600 85
635 619
678 570
642 533
716 451
1113 715
537 489
1014 961
497 347
473 836
691 564
198 716
875 361
618 483
666 62
354 675
1025 129
400 453
823 74
801 862
310 793
227 663
704 733
1001 252
1103 740
268 531
762 293
270 750
644 884
841 639
908 677
690 607
625 475
633 488
862 560
938 577
548 127
737 603
1079 921
884 459
423 827
617 719
740 393
471 611
720 605
351 375
1159 540
1043 919
751 975
953 336
828 149
241 517
1026 343
229 879
662 424
686 527
167 329
327 384
446 757
671 693
964 697
515 906
865 603
716 697
168 732
1000 383
609 141
631 345
694 317
398 534
1086 548
578 570
478 491
370 668
672 690
727 375
920 787
663 839
500 343
389 793
952 769
1011 918
298 819
840 115
982 449
989 608
1055 289
525 981
125 316
1052 203
897 951
281 118
634 824
1060 691
583 109
626 327
777 639
290 931
385 729
1008 504
1011 951
702 460
320 768
272 661
989 638
1006 926
193 682
989 548
1066 82
733 953
377 877
800 77
973 113
797 860
928 897
193 826
930 565
471 825
356 127
857 861
908 179
680 599
1005 327
429 323
733 373
773 160
826 760
502 580
995 831
457 973
964 886
954 513
765 609
710 479
658 386
382 244
744 654
610 566
436 529
794 767
502 839
422 707
979 949
881 672
417 393
918 127
907 645
1029 575
383 596
307 884
707 308
110 144
625 447
295 670
138 272
1090 575
285 539
799 250
828 675
673 679
721 541
1075 251
737 670
230 126
260 458
1063 512
389 219
508 716
622 259
599 602
687 567
249 290
775 214
875 875
499 684
997 485
282 669
342 309
376 20
333 339
762 398
751 354
810 487
904 572
481 314
440 725
686 749
427 373
642 857
513 894
444 581
914 501
1008 449
721 535
376 241
379 769
264 59
754 164
439 123
281 336
494 244
724 836
645 794
557 551
315 137
492 825
385 571
800 798
901 426
933 351
143 942
680 714
950 664
680 693
1036 550
551 772
817 329
388 314
873 594
704 351
450 534
574 482
958 573
785 673
199 -10
290 16
632 870
888 870
943 318
652 209
404 170
901 174
876 491
451 571
572 708
648 749
716 535
675 215
552 524
864 266
331 721
1019 131
540 321
304 171
774 777
733 141
759 308
711 691
973 840
928 637
550 264
397 222
768 621
670 216
546 110
806 501
906 298
820 754
1045 882
922 614
295 333
463 691
