264 856
792 527
921 935
883 381
251 591
731 1033
1060 758
968 625
622 231
753 335
675 369
1051 995
889 887
504 77
764 667
690 919
418 345
459 308
280 572
551 3
997 854
419 697
900 489
332 384
435 596
679 272
658 133
184 154
588 449
824 470
464 775
987 215
783 657
375 206
1056 465
858 349
1115 878
716 861
954 482
182 157
931 391
876 616
916 165
1044 322
867 420
264 879
431 410
939 504
1089 167
307 886
807 732
1101 138
502 401
472 649
763 73
1130 975
814 822
415 788
324 689
371 229
625 601
715 470
452 371
449 54
384 695
361 876
692 250
826 287
478 156
329 571
780 447
359 123
405 843
203 270
574 876
493 800
471 455
383 138
1089 148
676 135
486 499
320 510
513 578
535 362
262 352
919 553
587 252
245 206
543 640
912 871
314 307
476 148
289 931
493 871
405 693
789 881
161 301
218 930
832 304
494 642
482 921
246 24
708 783
504 609
661 256
1150 373
517 207
336 442
899 219
301 479
293 377
402 906
235 929
749 947
900 597
954 307
998 626
474 261
778 688
1010 904
613 185
1011 870
776 146
978 910
510 633
849 277
847 646
975 203
802 555
1115 870
779 887
580 434
436 575
474 334
874 611
1118 626
883 574
419 226
474 313
964 844
412 464
928 545
1083 -18
245 268
270 157
633 691
903 438
476 784
753 206
638 866
635 629
651 149
866 439
797 805
688 792
795 159
492 680
760 563
228 223
475 15
658 830
885 536
634 936
181 49
515 628
797 486
765 781
571 79
1044 508
638 740
914 184
1019 133
520 410
630 567
717 506
237 918
482 949
812 47
415 774
266 578
491 337
504 447
456 141
626 181
720 273
436 392
679 641
571 872
951 436
788 683
1029 648
597 608
990 876
649 336
365 880
509 106
733 470
351 729
559 640
370 428
1085 829
743 437
743 364
1063 817
346 138
1012 832
814 598
433 118
312 352
399 584
758 659
985 995
1136 102
570 905
456 200
186 954
538 370
438 126
1077 401
515 724
1036 47
465 431
904 223
1030 790
680 267
487 605
762 149
717 886
921 527
793 118
684 580
251 445
646 187
735 936
450 873
364 361
474 669
728 446
917 417
752 649
330 449
355 224
496 280
572 207
1103 969
230 84
1128 116
886 225
640 252
1036 917
175 183
320 119
430 432
801 38
541 187
779 227
702 260
518 496
678 23
360 137
869 406
327 926
1047 549
595 780
303 630
872 909
724 137
388 844
849 870
576 585
241 286
627 365
1055 314
153 441
376 231
921 532
245 264
931 514
684 871
256 834
580 624
526 327
549 973
354 123
369 641
684 70
325 535
555 483
480 183
1106 784
759 188
280 517
285 861
890 994
844 885
315 523
411 736
978 381
370 597
739 315
737 745
917 697
992 781
736 744
886 877
910 175
269 394
723 706
669 98
280 560
179 342
789 280
877 395
692 672
917 480
368 225
334 339
616 279
969 727
425 285
487 426
674 73
254 369
275 278
450 118
207 292
321 995
488 415
1008 509
647 318
323 456
836 850
965 729
306 226
978 440
474 539
518 763
895 270
236 178
496 756
862 795
667 828
366 963
369 652
687 724
1157 887
717 254
1004 246
680 787
270 553
967 400
247 562
315 839
144 -3
803 441
532 771
134 869
456 37
424 196
214 506
331 441
401 788
692 126
901 159
900 112
357 587
194 869
669 744
302 241
328 1014
411 313
273 689
647 121
555 415
513 116
899 72
1059 734
739 248
613 709
232 690
110 171
488 568
661 684
428 517
422 72
916 402
465 215
762 214
484 444
628 436
1026 315
656 525
529 298
334 283
950 63
574 911
276 688
318 991
264 799
978 712
616 400
950 602
354 548
406 693
916 333
1016 440
319 802
568 668
510 894
980 308
320 182
669 268
280 523
355 361
946 777
299 141
270 297
543 345
254 917
862 812
726 867
916 887
159 128
974 894
301 243
1057 660
448 583
1072 219
609 158
704 931
585 507
671 247
336 411
512 623
360 247
231 364
657 394
596 443
253 251
242 511
1005 942
1121 646
840 145
256 358
810 715
575 214
611 172
493 234
303 822
249 786
291 167
285 625
533 314
681 221
948 845
446 180
986 948
257 553
595 800
606 742
834 528
307 399
772 613
623 98
1037 202
782 852
1017 587
828 475
544 132
869 74
834 263
511 612
407 682
498 756
841 247
162 196
812 842
237 692
1004 681
428 757
409 400
700 237
741 421
665 345
699 865
816 623
973 651
526 218
643 573
375 39
903 653
379 384
942 437
422 721
1004 824
272 642
1064 754
247 639
196 505
327 138
1010 913
210 855
1140 817
281 541
724 142
876 454
937 918
592 669
1094 6
994 346
1051 176
307 534
642 147
328 665
280 471
619 697
969 875
936 876
569 218
935 702
322 432
642 74
970 369
518 116
704 204
260 860
1000 427
778 314
201 829
728 558
621 581
726 92
871 303
485 103
557 902
1048 187
660 371
839 534
645 208
460 145
733 693
226 583
677 669
416 352
313 433
618 593
655 888
273 606
948 285
789 166
610 527
316 256
1025 427
393 443
670 606
429 220
529 435
312 804
606 351
175 141
440 528
448 103
505 774
712 717
735 648
885 723
280 448
463 160
703 147
692 216
521 112
748 687
1076 883
842 947
217 515
593 870
632 767
350 67
595 549
936 912
653 944
571 954
925 372
351 655
441 612
870 676
439 645
522 352
1168 470
806 799
972 815
672 379
163 692
420 844
942 301
653 439
351 288
710 101
1090 194
455 661
546 769
768 271
273 294
795 268
984 783
821 686
555 818
953 639
407 191
1024 226
577 451
499 500
326 771
907 150
1079 156
424 164
910 514
588 966
479 244
1040 828
909 919
538 707
588 249
1018 67
477 154
703 397
364 481
287 493
881 315
549 683
630 390
368 300
299 297
579 656
559 923
207 819
400 861
1018 438
686 419
515 464
408 69
226 203
1004 494
1072 575
984 701
931 593
371 927
326 516
665 601
607 645
429 800
987 758
906 866
1102 843
730 106
953 293
690 779
1081 336
349 344
656 198
525 625
993 896
194 983
716 466
286 51
1114 615
862 538
306 584
1003 807
705 648
338 805
900 438
880 759
979 39
359 948
1008 120
848 595
877 662
645 297
636 358
471 788
1052 984
967 632
917 827
253 547
632 926
900 768
365 665
930 353
347 435
1003 798
443 228
915 655
930 136
840 64
894 332
1066 152
604 220
999 824
1014 878
509 138
1057 930
482 327
1006 495
658 117
1071 582
464 130
388 675
1095 1002
232 803
346 622
872 813
318 731
573 851
853 262
853 572
294 366
867 138
309 287
1080 315
781 278
936 987
707 42
935 479
551 323
513 692
321 327
619 357
1032 187
639 901
356 107
911 628
631 840
781 344
538 553
1092 766
363 741
518 230
406 675
451 481
609 143
711 543
960 923
405 788
863 741
350 599
832 390
288 189
362 398
455 232
763 869
250 666
473 0
584 387
420 641
623 795
395 215
849 925
1074 347
1008 114
834 956
1027 818
718 875
556 772
585 527
964 719
1021 865
740 847
499 604
965 684
563 688
826 153
704 604
517 310
663 794
450 293
834 912
826 693
586 408
948 105
476 257
930 349
601 778
499 789
308 121
139 560
976 -18
383 832
482 747
887 307
767 516
264 542
643 656
1033 153
1032 562
483 340
1028 392
752 378
698 239
604 421
736 298
417 126
597 735
641 793
317 633
758 699
605 962
1087 453
989 215
467 158
906 37
369 345
679 489
404 687
796 863
625 255
845 609
566 835
811 258
584 476
790 831
463 448
514 810
879 743
565 442
1010 396
707 403
248 42
701 432
462 153
633 659
728 734
870 124
306 830
178 597
769 455
990 837
282 229
1050 579
150 153
956 412
927 509
945 810
449 892
754 780
914 265
998 96
246 780
489 68
1145 833
903 939
848 805
552 358
383 293
673 399
1061 775
1103 45
655 828
473 667
867 19
628 501
420 851
309 621
250 126
350 259
862 611
309 196
467 205
859 159
246 66
592 530
1065 501
449 202
423 595
803 126
271 377
567 863
744 442
627 713
557 293
422 906
351 408
1089 826
266 688
470 321
922 330
1066 460
700 152
965 133
847 734
979 908
729 779
442 503
839 217
452 367
868 546
287 26
526 710
387 709
516 893
1035 144
620 935
546 220
783 801
480 513
710 829
637 130
358 337
868 523
426 236
641 203
218 625
693 811
520 928
839 548
1072 459
576 435
566 593
1038 385
874 93
557 197
542 295
820 556
833 234
921 669
692 307
581 575
663 608
427 997
302 486
1084 718
404 399
271 193
385 419
162 212
611 645
891 819
594 166
1013 271
210 223
499 661
377 156
904 426
360 26
755 518
987 889
954 460
870 285
296 136
314 807
1028 912
932 853
447 260
294 778
593 367
950 942
672 801
1060 937
459 868
192 903
805 264
1026 340
705 855
577 166
545 378
672 981
597 882
783 523
567 934
1093 480
451 716
692 822
584 545
1000 720
230 249
524 963
950 555
822 350
779 804
471 417
956 221
761 308
579 204
567 668
998 474
941 632
572 587
943 766
1036 592
957 561
693 37
980 96
276 106
371 491
319 479
281 842
669 451
836 640
368 305
419 825
