27.633 -54.878 -368.555 0.966
32.718 -43.093 -411.567 0.803
71.948 84.417 -369.243 1.083
-65.004 -1.093 -458.567 1.048
-44.001 30.715 -368.583 1.062
-37.005 -63.639 -368.203 0.987
83.832 -33.687 -371.578 1.070
54.893 74.749 -303.807 0.876
-64.718 38.770 -433.714 1.144
3.357 -78.548 -332.034 0.821
-26.363 96.380 -459.081 1.116
-18.359 -25.596 -393.282 0.770
-70.438 39.960 -437.000 1.087
97.977 81.982 -460.892 0.969
23.867 46.224 -424.855 0.752
95.425 1.966 -477.282 1.112
-21.973 -42.432 -304.931 0.862
10.057 92.543 -493.365 0.938
-26.073 -48.904 -315.220 1.119
-36.299 -43.824 -388.766 0.983
-22.549 -48.097 -394.401 0.826
-51.388 73.259 -320.220 1.086
-98.551 96.657 -347.940 1.128
-1.123 22.050 -308.331 1.040
-9.023 -90.830 -320.740 1.194
28.435 -54.172 -368.818 0.966
32.136 -43.720 -411.656 0.803
72.725 83.517 -370.225 1.083
-65.691 -0.479 -458.968 1.048
-44.280 31.240 -368.748 1.062
-36.257 -63.392 -368.683 0.987
84.240 -34.003 -370.980 1.070
54.627 73.833 -303.554 0.876
-64.161 39.656 -433.185 1.144
3.194 -78.178 -331.983 0.821
-25.969 95.550 -460.042 1.116
-18.052 -26.215 -393.087 0.770
-70.599 40.504 -437.895 1.087
98.680 81.316 -461.454 0.969
23.529 45.461 -424.637 0.752
95.712 1.790 -477.493 1.112
-21.353 -43.276 -304.857 0.862
10.300 92.025 -492.493 0.938
-25.464 -47.905 -314.629 1.119
-35.358 -44.483 -389.094 0.983
-23.396 -48.393 -394.058 0.826
-51.848 73.714 -320.124 1.086
-99.036 96.318 -347.905 1.128
-1.150 22.320 -308.163 1.040
-8.744 -89.979 -319.835 1.194
