-78.231 35.140 -387.983 0.815
-33.489 -90.011 -450.730 0.917
33.995 -33.713 -422.755 0.997
29.321 83.412 -447.840 1.051
80.770 62.337 -340.035 0.970
-21.821 88.723 -364.283 1.090
74.452 79.798 -492.649 0.940
-83.534 -56.423 -351.422 1.076
22.049 -71.991 -416.091 0.904
-39.423 -30.823 -333.881 0.967
-81.530 -26.426 -322.394 1.128
70.603 5.109 -366.217 1.016
-17.413 -27.925 -432.966 1.089
45.586 29.229 -428.809 0.972
-97.328 -0.331 -434.259 1.031
82.630 -77.796 -402.808 1.054
-11.218 14.398 -353.353 0.903
99.982 -92.974 -496.987 1.118
87.468 28.921 -476.642 0.975
-9.545 63.129 -481.127 0.995
-3.224 54.536 -352.480 0.883
31.882 22.386 -464.709 0.903
0.899 -1.156 -387.607 1.071
-85.300 5.999 -395.845 1.049
91.582 3.657 -337.083 0.887
-77.450 34.327 -387.311 0.815
-34.063 -89.717 -450.452 0.917
33.564 -33.555 -421.788 0.997
28.847 84.274 -447.396 1.051
81.075 62.226 -339.524 0.970
-21.357 88.146 -364.257 1.090
74.091 80.591 -492.650 0.940
-83.653 -55.429 -351.994 1.076
22.276 -72.350 -416.996 0.904
-39.363 -30.273 -333.000 0.967
-80.850 -27.367 -323.276 1.128
71.216 5.153 -366.564 1.016
-18.285 -28.774 -433.367 1.089
46.431 29.001 -428.834 0.972
-97.812 0.596 -434.798 1.031
82.982 -77.218 -402.894 1.054
-11.714 14.119 -354.340 0.903
99.439 -92.305 -497.243 1.118
87.947 28.905 -476.370 0.975
-10.396 63.006 -481.231 0.995
-3.879 54.115 -352.628 0.883
31.289 23.204 -465.471 0.903
1.737 -0.302 -386.657 1.071
-84.971 6.279 -396.495 1.049
92.349 4.158 -338.060 0.887
