-64.400 34.945 -327.863 1.142
42.688 -91.413 -377.845 0.969
-31.968 21.380 -444.987 1.214
52.416 -25.996 -322.973 0.915
-61.692 36.357 -364.275 1.207
46.775 -40.451 -317.091 0.984
60.926 -49.907 -420.440 1.003
-46.218 -87.393 -408.658 1.025
5.433 -7.381 -369.251 1.175
37.177 -25.960 -457.307 0.884
-19.000 -84.770 -377.905 1.004
-32.163 -80.632 -393.273 0.867
53.222 -14.337 -354.158 1.101
5.347 9.152 -407.959 1.072
-74.759 -96.687 -448.384 1.297
-61.685 -7.419 -405.211 0.954
-17.344 -19.600 -363.041 0.915
93.014 77.316 -441.976 1.122
56.614 68.853 -444.679 1.035
-40.604 -0.385 -371.940 0.985
-11.531 40.748 -426.229 1.022
-56.580 -0.245 -392.629 1.044
72.869 10.767 -488.094 1.108
34.050 -79.371 -365.233 1.103
-31.147 11.147 -461.292 0.949
-63.711 34.699 -327.993 1.142
41.968 -91.413 -378.547 0.969
-31.169 21.451 -445.377 1.214
51.568 -25.686 -323.461 0.915
-60.771 35.468 -364.247 1.207
47.399 -39.565 -316.873 0.984
61.690 -50.220 -420.651 1.003
-46.647 -87.529 -408.226 1.025
4.668 -7.212 -369.673 1.175
37.463 -26.293 -457.894 0.884
-19.563 -85.207 -377.702 1.004
-32.127 -81.517 -392.837 0.867
54.157 -14.411 -353.507 1.101
5.153 10.113 -408.066 1.072
-75.684 -96.496 -447.506 1.297
-61.222 -7.342 -404.895 0.954
-17.861 -19.843 -362.589 0.915
93.781 76.791 -442.017 1.122
55.739 69.238 -443.971 1.035
-40.441 -0.086 -371.291 0.985
-11.683 40.194 -427.200 1.022
-56.898 -0.980 -391.761 1.044
73.322 10.194 -488.996 1.108
34.089 -79.661 -365.013 1.103
-31.645 10.368 -460.679 0.949
