-38.125 -90.162 -488.668 1.032
-76.960 -56.117 -386.456 0.976
4.030 13.153 -309.403 0.978
78.864 -70.577 -426.423 1.173
-45.677 -62.255 -445.658 1.118
25.120 69.564 -361.738 1.104
76.222 7.680 -408.566 0.988
-50.047 62.248 -423.949 1.001
-91.319 -84.073 -482.064 0.954
79.057 -71.999 -307.791 0.953
-79.653 -46.511 -467.861 0.908
-76.094 20.970 -437.352 1.124
37.699 84.961 -449.236 0.923
-69.322 -22.499 -347.471 1.062
94.044 89.586 -468.184 0.920
-74.134 55.701 -367.570 1.026
93.365 -86.091 -361.988 1.029
20.523 72.082 -349.956 1.114
79.813 19.520 -321.587 1.026
1.388 79.591 -448.219 0.989
32.491 56.937 -351.990 0.975
-96.948 -17.127 -423.742 1.075
50.609 11.233 -311.403 0.893
-57.554 -80.629 -465.040 1.071
58.283 2.767 -446.917 0.987
-38.321 -89.831 -488.429 1.032
-77.003 -55.954 -386.023 0.976
4.593 13.520 -308.764 0.978
78.467 -70.922 -426.454 1.173
-44.772 -61.456 -445.019 1.118
24.897 69.353 -362.322 1.104
76.105 8.024 -409.076 0.988
-50.304 63.190 -424.438 1.001
-91.894 -84.853 -482.999 0.954
79.196 -71.185 -306.807 0.953
-80.070 -47.005 -468.341 0.908
-75.359 21.347 -436.567 1.124
36.724 84.627 -449.899 0.923
-70.193 -23.263 -347.015 1.062
93.124 89.690 -468.848 0.920
-73.236 55.001 -368.357 1.026
93.301 -85.775 -362.351 1.029
19.889 71.524 -349.823 1.114
79.797 19.564 -322.343 1.026
1.686 80.168 -447.903 0.989
32.845 57.881 -351.165 0.975
-96.760 -16.376 -424.073 1.075
50.718 10.910 -311.353 0.893
-57.335 -81.156 -464.318 1.071
58.206 2.406 -447.767 0.987
