51.877 69.374 -359.945 0.996
-51.459 -88.655 -335.723 0.898
97.713 -53.520 -431.637 0.955
-98.240 71.597 -477.322 1.002
-65.050 59.955 -415.099 1.069
42.792 -83.696 -401.138 0.898
-15.177 47.875 -354.606 0.939
-25.680 -35.987 -417.428 0.851
37.496 -17.468 -373.640 1.236
-94.381 -41.760 -324.455 0.947
70.887 74.962 -389.563 0.919
74.584 75.487 -464.674 0.968
-77.141 19.510 -380.732 1.119
52.806 83.753 -364.924 0.907
0.163 83.800 -427.538 0.962
29.159 64.426 -323.353 1.119
-7.579 8.069 -380.023 0.928
-50.749 63.467 -439.667 0.976
-36.757 13.235 -301.390 0.809
-8.590 -12.798 -439.081 0.823
-87.897 35.932 -490.553 1.025
54.161 72.918 -471.571 1.083
-38.282 24.724 -366.982 0.844
-97.744 -42.490 -379.582 1.121
79.771 16.220 -380.583 0.796
50.985 68.386 -359.732 0.996
-51.881 -87.797 -334.865 0.898
97.973 -53.042 -431.458 0.955
-99.131 72.557 -477.734 1.002
-65.389 59.087 -415.486 1.069
43.405 -83.290 -400.498 0.898
-15.714 47.426 -355.419 0.939
-26.423 -36.663 -417.168 0.851
36.850 -16.751 -374.350 1.236
-94.954 -42.517 -323.697 0.947
70.860 74.762 -389.379 0.919
75.121 75.351 -464.142 0.968
-77.221 19.323 -381.705 1.119
53.264 82.805 -364.028 0.907
-0.612 83.348 -427.270 0.962
30.030 63.459 -323.699 1.119
-6.695 8.907 -380.504 0.928
-51.610 63.674 -440.094 0.976
-37.707 13.521 -300.955 0.809
-9.498 -11.819 -439.045 0.823
-87.209 35.018 -490.954 1.025
53.881 73.410 -470.928 1.083
-37.693 25.415 -366.231 0.844
-98.180 -43.057 -378.632 1.121
79.119 15.233 -381.225 0.796
