8.451 24.748 -322.347 1.060
29.317 93.281 -455.886 1.102
14.682 89.686 -482.722 0.897
-70.904 9.837 -393.203 1.130
58.068 -0.303 -385.944 0.927
76.503 -95.050 -327.232 1.093
82.260 85.913 -471.341 0.719
7.157 -28.900 -306.752 0.954
-40.697 -80.758 -342.661 0.931
16.076 -70.427 -470.042 0.960
14.251 25.102 -356.060 1.030
8.680 65.337 -463.126 1.153
-89.568 69.107 -466.962 0.989
3.282 -14.894 -421.802 1.069
14.457 50.685 -435.131 1.114
62.342 -79.280 -485.869 0.893
-42.247 -34.363 -408.624 1.040
-20.423 1.417 -427.245 1.117
-94.655 59.816 -445.799 1.113
83.497 -10.525 -313.314 1.021
3.678 -60.542 -422.030 1.019
73.408 -93.237 -315.742 1.122
-9.732 31.222 -363.033 0.832
66.967 40.495 -354.771 1.162
55.619 47.224 -315.450 0.897
8.522 24.743 -322.170 1.060
30.119 93.923 -455.282 1.102
14.683 89.344 -481.938 0.897
-70.038 10.429 -393.414 1.130
57.969 -0.888 -386.329 0.927
77.242 -95.839 -327.663 1.093
82.734 86.721 -470.380 0.719
6.359 -29.311 -306.233 0.954
-40.459 -81.346 -342.745 0.931
16.724 -71.022 -469.882 0.960
14.137 24.511 -357.012 1.030
8.935 65.295 -463.504 1.153
-89.176 69.709 -467.012 0.989
4.092 -15.075 -422.007 1.069
14.363 51.028 -435.199 1.114
62.020 -80.123 -486.285 0.893
-41.955 -35.226 -407.705 1.040
-20.949 1.816 -427.889 1.117
-93.675 59.753 -445.147 1.113
83.472 -10.291 -313.096 1.021
3.283 -61.002 -422.707 1.019
74.203 -92.430 -316.266 1.122
-9.879 31.046 -362.059 0.832
67.714 41.395 -355.372 1.162
55.275 48.185 -315.352 0.897
