2.273 13.860 -417.763 1.109
86.703 19.300 -429.444 1.033
59.376 -18.369 -377.654 1.068
-46.559 95.649 -416.409 1.095
-77.692 -68.547 -404.887 1.053
-41.320 -99.244 -339.712 1.134
49.781 88.353 -374.063 0.961
14.017 98.253 -331.152 1.022
24.616 5.988 -405.480 1.171
73.904 19.610 -405.522 1.094
41.564 31.799 -481.360 0.939
-57.569 23.342 -489.005 1.165
-51.784 -17.313 -490.068 1.087
16.836 -50.126 -492.852 0.896
13.076 23.970 -432.328 0.959
29.513 0.878 -308.940 0.837
81.872 -8.005 -384.760 1.040
-25.845 -25.347 -467.505 1.043
68.254 69.234 -497.352 0.943
38.021 -4.252 -453.352 0.938
77.375 98.003 -347.187 1.056
-7.679 -90.820 -389.989 1.089
-51.494 29.491 -330.323 0.975
38.767 -94.501 -388.999 0.988
-26.559 -70.642 -302.823 1.013
1.742 12.880 -417.824 1.109
86.430 19.431 -430.360 1.033
58.448 -18.098 -376.998 1.068
-46.142 96.096 -417.008 1.095
-78.194 -67.803 -404.555 1.053
-41.378 -98.674 -339.935 1.134
49.516 87.745 -373.933 0.961
13.583 98.372 -330.653 1.022
24.906 6.582 -406.279 1.171
73.293 19.233 -405.302 1.094
41.634 32.577 -481.839 0.939
-57.426 22.797 -489.593 1.165
-52.283 -17.132 -491.061 1.087
15.886 -50.423 -492.039 0.896
12.831 23.932 -431.592 0.959
29.027 1.214 -308.980 0.837
81.896 -8.666 -383.866 1.040
-25.746 -25.106 -466.966 1.043
67.936 69.075 -496.836 0.943
37.806 -4.418 -453.990 0.938
77.816 98.393 -346.973 1.056
-6.980 -89.831 -388.993 1.089
-52.211 28.940 -329.802 0.975
39.469 -95.266 -389.529 0.988
-25.606 -69.774 -303.443 1.013
