-0.581 -97.068 -346.969 1.296
96.984 -97.903 -358.316 0.998
-72.273 -85.477 -484.738 0.825
-35.923 46.254 -354.418 0.989
82.295 -15.173 -303.291 0.989
24.832 -59.252 -301.076 1.077
-74.819 59.463 -496.936 1.017
-67.423 76.479 -377.215 1.154
97.713 -4.881 -308.841 0.991
4.884 -75.537 -496.218 0.795
77.588 -1.883 -319.152 0.982
84.354 -26.176 -444.793 0.978
14.147 30.416 -338.682 1.084
-35.804 77.088 -367.418 0.975
-60.968 -14.676 -490.351 0.864
19.072 0.313 -485.509 0.876
-96.251 77.395 -448.396 0.982
1.501 99.490 -304.038 0.916
-45.795 -90.222 -445.659 0.859
21.896 13.392 -305.690 0.934
-47.556 -51.779 -421.096 1.123
-19.414 21.999 -340.894 0.956
-85.962 3.465 -450.622 0.904
89.559 -50.921 -387.749 1.325
-29.644 11.371 -483.413 0.998
-0.581 -97.732 -347.955 1.296
97.951 -97.205 -358.124 0.998
-72.477 -84.844 -484.081 0.825
-36.790 46.817 -353.698 0.989
82.518 -16.089 -303.497 0.989
25.819 -60.137 -300.545 1.077
-74.991 58.994 -497.434 1.017
-67.483 76.326 -376.707 1.154
98.328 -5.795 -309.155 0.991
4.234 -76.116 -495.856 0.795
77.067 -2.748 -318.368 0.982
85.115 -26.539 -444.687 0.978
15.040 29.684 -339.305 1.084
-35.347 76.593 -368.284 0.975
-61.021 -14.054 -490.246 0.864
18.579 0.222 -485.772 0.876
-95.506 76.817 -447.718 0.982
1.921 100.103 -304.950 0.916
-46.704 -89.926 -446.655 0.859
21.006 13.443 -305.247 0.934
-46.678 -51.690 -420.439 1.123
-19.279 22.725 -340.823 0.956
-85.252 3.852 -450.642 0.904
89.124 -50.315 -387.279 1.325
-28.905 12.263 -482.644 0.998
