-61.977 -58.951 -411.889 1.008
9.338 -73.968 -405.813 1.053
-83.598 -91.667 -479.337 1.060
-67.684 4.287 -388.914 1.007
-93.235 -64.775 -464.422 0.920
-2.778 -27.626 -397.474 0.819
56.359 -63.701 -409.422 0.817
60.143 -36.886 -376.527 0.940
6.461 -78.412 -335.410 1.040
-53.946 -25.808 -309.560 0.932
-49.365 61.913 -454.157 1.010
48.037 33.333 -432.567 0.965
90.032 -20.995 -427.931 0.981
84.867 16.167 -314.110 0.914
16.123 21.085 -336.528 1.047
2.430 23.232 -482.500 0.829
-28.158 83.241 -350.880 0.993
17.646 81.329 -365.008 1.024
97.508 -51.957 -308.661 1.173
-5.945 81.207 -315.238 1.180
72.889 -37.142 -458.391 1.215
21.885 2.938 -323.790 1.014
42.583 33.216 -411.372 1.120
-0.676 85.410 -399.267 1.128
-45.208 -67.268 -370.148 1.063
-61.688 -59.182 -412.285 1.008
9.433 -74.409 -405.620 1.053
-82.750 -91.198 -480.092 1.060
-67.843 4.822 -388.962 1.007
-93.478 -65.131 -464.594 0.920
-2.480 -27.310 -396.504 0.819
56.439 -63.028 -410.026 0.817
59.804 -37.847 -377.130 0.940
7.022 -78.840 -336.269 1.040
-53.753 -25.908 -309.686 0.932
-48.827 62.228 -454.522 1.010
47.388 33.030 -432.068 0.965
90.768 -20.562 -427.533 0.981
85.529 15.911 -314.714 0.914
16.025 21.009 -335.558 1.047
2.903 22.792 -483.407 0.829
-27.457 82.609 -350.321 0.993
18.419 80.458 -365.273 1.024
97.255 -51.936 -308.054 1.173
-5.505 80.867 -315.094 1.180
73.137 -37.865 -458.210 1.215
21.428 2.553 -324.600 1.014
43.257 33.437 -412.078 1.120
-0.587 85.922 -398.307 1.128
-45.527 -67.471 -370.726 1.063
