83.508 -94.400 -309.933 0.974
-1.338 34.738 -423.312 0.972
-7.557 46.379 -483.434 0.756
41.704 15.298 -441.706 1.075
-18.804 -63.995 -391.429 1.021
-49.818 13.024 -456.243 0.996
13.151 -35.734 -456.850 0.986
74.699 -47.590 -354.266 0.944
-57.225 75.312 -410.493 1.032
-95.860 -48.731 -306.689 1.105
99.691 77.580 -335.351 1.094
-12.806 -19.031 -357.133 0.995
-90.631 55.308 -408.765 1.068
6.647 -61.907 -354.147 1.164
-33.546 -16.163 -486.135 1.018
44.661 8.416 -421.789 0.905
28.076 89.525 -449.728 0.884
96.672 -96.324 -486.444 1.049
-1.614 -9.680 -340.759 0.897
-62.159 90.949 -326.971 0.890
42.119 -24.565 -464.210 0.983
76.973 72.022 -442.819 1.203
-36.946 -60.407 -306.655 0.993
79.292 -78.266 -390.225 0.897
73.776 47.041 -443.233 0.911
82.827 -94.011 -310.706 0.974
-1.044 34.354 -423.468 0.972
-7.470 45.975 -482.843 0.756
42.469 14.790 -441.271 1.075
-18.155 -64.323 -390.734 1.021
-50.730 12.478 -457.170 0.996
14.103 -35.682 -456.474 0.986
74.857 -47.917 -354.435 0.944
-56.273 75.917 -409.988 1.032
-96.849 -48.746 -306.207 1.105
100.628 77.118 -334.790 1.094
-12.277 -19.828 -356.678 0.995
-91.134 55.350 -408.229 1.068
6.182 -61.356 -354.283 1.164
-33.816 -16.990 -485.901 1.018
43.806 8.174 -421.845 0.905
27.892 89.457 -450.124 0.884
96.106 -97.009 -487.252 1.049
-2.009 -10.416 -341.532 0.897
-62.026 90.339 -326.805 0.890
43.108 -25.241 -463.531 0.983
76.921 72.202 -442.931 1.203
-36.528 -60.286 -306.869 0.993
79.726 -78.173 -389.624 0.897
73.692 46.385 -442.711 0.911
