-34.644 -35.168 -464.745 0.974
27.055 -85.889 -460.658 1.049
-71.916 5.192 -455.714 1.176
33.087 84.007 -451.066 1.079
-76.538 -48.083 -480.494 1.063
99.323 -40.992 -413.001 1.027
35.820 91.949 -393.736 0.968
54.380 -51.814 -414.713 0.967
55.176 -60.459 -313.596 1.028
9.400 -65.214 -420.829 1.024
-65.387 -89.924 -364.098 1.135
-91.497 18.074 -399.052 0.966
-10.052 66.599 -308.665 1.076
-38.576 18.389 -386.984 1.129
34.040 -41.459 -458.057 0.977
92.233 -65.635 -412.597 1.157
-61.406 -36.387 -312.543 0.965
30.594 -80.333 -402.530 1.061
28.392 79.835 -426.494 0.927
-83.349 -61.210 -467.039 1.010
-76.658 -97.254 -496.543 0.888
-36.008 -1.732 -453.491 0.946
-67.087 99.336 -498.364 1.194
-45.075 91.698 -344.454 1.021
73.360 -46.281 -368.414 1.191
-33.758 -34.837 -464.719 0.974
27.045 -85.293 -461.052 1.049
-71.988 5.579 -456.152 1.176
32.693 84.111 -451.554 1.079
-75.729 -48.619 -480.458 1.063
100.225 -41.019 -412.329 1.027
36.287 92.509 -393.987 0.968
53.676 -52.154 -414.209 0.967
55.424 -60.175 -314.510 1.028
10.386 -64.277 -420.908 1.024
-64.452 -89.920 -363.579 1.135
-91.837 18.379 -399.489 0.966
-9.777 66.350 -308.136 1.076
-38.644 18.400 -386.930 1.129
33.739 -40.796 -457.283 0.977
92.588 -65.626 -411.934 1.157
-61.144 -35.783 -312.353 0.965
30.082 -80.001 -402.333 1.061
29.153 78.851 -427.463 0.927
-82.546 -61.507 -466.692 1.010
-75.660 -96.553 -496.311 0.888
-35.271 -2.038 -453.045 0.946
-66.290 98.727 -499.053 1.194
-44.813 92.274 -343.876 1.021
72.495 -45.720 -368.366 1.191
