-65.242 -58.313 -328.100 0.890
-74.520 95.929 -410.163 1.134
24.369 -63.827 -396.472 1.051
-11.563 14.561 -326.796 0.820
-63.471 19.893 -464.082 0.879
87.317 -93.152 -495.218 1.094
-78.859 -27.716 -327.641 1.067
-89.240 -75.587 -421.667 1.099
87.765 -28.225 -487.721 1.053
-55.301 48.743 -372.118 1.107
86.571 12.884 -490.695 0.947
32.420 24.795 -448.689 1.082
-14.610 -19.306 -346.502 1.005
-8.946 15.669 -462.030 0.818
60.829 48.380 -481.773 0.812
10.151 30.285 -498.850 1.002
-54.211 -22.433 -312.773 0.788
1.308 22.763 -461.873 1.054
16.786 -30.048 -331.631 1.098
-7.945 -74.293 -404.166 0.968
4.150 98.725 -356.386 0.972
98.747 -73.946 -307.269 1.022
-56.827 36.883 -381.853 0.991
28.359 6.090 -395.649 1.065
26.812 21.313 -449.076 0.931
-65.389 -59.220 -328.197 0.890
-75.003 96.859 -409.228 1.134
24.838 -63.795 -397.191 1.051
-12.386 13.931 -326.058 0.820
-63.697 20.279 -464.649 0.879
87.323 -94.003 -494.325 1.094
-78.993 -28.497 -326.957 1.067
-88.542 -74.970 -422.103 1.099
87.273 -27.267 -487.260 1.053
-55.587 48.295 -371.623 1.107
86.192 13.704 -490.738 0.947
33.165 24.522 -448.579 1.082
-13.627 -19.606 -346.577 1.005
-8.703 16.540 -461.493 0.818
59.987 48.780 -482.597 0.812
10.957 29.641 -499.272 1.002
-53.616 -22.729 -313.124 0.788
0.414 23.172 -462.079 1.054
17.259 -29.183 -330.856 1.098
-8.801 -74.728 -403.567 0.968
5.108 98.797 -357.159 0.972
98.098 -74.285 -307.269 1.022
-55.871 36.768 -381.547 0.991
28.716 6.199 -395.504 1.065
26.445 21.321 -449.153 0.931
