86.403 84.823 -331.459 0.836
35.814 14.546 -430.815 1.082
-61.435 -5.479 -338.056 1.162
17.132 -19.901 -303.680 1.061
-2.440 -85.721 -485.009 0.981
-5.778 29.055 -460.724 0.871
-28.860 -85.478 -316.699 0.894
-69.278 44.264 -447.720 1.005
-71.177 -27.253 -307.747 0.959
-62.176 -9.837 -468.891 1.098
-23.054 13.189 -434.474 0.920
73.799 79.247 -344.102 1.188
75.105 -47.712 -367.706 0.978
-89.006 -70.519 -342.138 0.945
-36.197 -53.861 -448.597 1.165
54.300 5.696 -343.510 1.075
98.571 -81.593 -444.495 0.998
19.061 40.140 -449.038 1.031
20.138 -86.071 -314.629 1.142
92.230 42.086 -411.863 0.898
-34.129 -81.814 -466.897 0.830
89.448 5.968 -376.836 0.987
78.157 -16.032 -451.326 1.191
-99.993 -71.517 -379.536 0.854
-23.241 42.653 -472.664 1.140
86.897 84.398 -332.090 0.836
35.237 14.452 -431.502 1.082
-60.652 -6.459 -337.548 1.162
17.424 -20.006 -303.701 1.061
-2.855 -86.415 -485.278 0.981
-5.587 29.614 -461.000 0.871
-28.049 -84.691 -316.428 0.894
-68.304 43.341 -447.540 1.005
-70.573 -27.392 -308.723 0.959
-62.138 -9.512 -468.698 1.098
-23.540 13.324 -435.251 0.920
74.691 78.973 -344.555 1.188
74.168 -48.370 -367.827 0.978
-89.928 -69.619 -341.170 0.945
-36.233 -52.986 -448.724 1.165
54.041 4.905 -343.191 1.075
98.281 -80.669 -443.552 0.998
18.982 40.846 -448.215 1.031
19.423 -85.465 -313.648 1.142
92.468 41.135 -412.089 0.898
-33.219 -82.392 -466.512 0.830
88.873 6.662 -377.040 0.987
77.962 -15.590 -451.627 1.191
-99.834 -71.560 -378.800 0.854
-23.362 42.220 -473.574 1.140
