30.154 -19.493 -327.235 1.005
94.643 -69.695 -449.733 1.071
58.728 -38.061 -354.707 1.033
37.861 86.702 -402.332 1.037
-49.592 50.810 -459.956 1.026
-14.312 -11.523 -370.434 1.012
-70.709 -11.535 -424.383 0.917
-30.015 -30.961 -339.392 0.933
92.830 13.124 -415.632 0.995
11.981 51.980 -335.499 0.933
12.670 92.211 -453.672 0.977
84.152 18.143 -414.467 0.981
-0.800 64.980 -302.018 1.013
-81.068 -68.687 -474.595 0.926
-95.873 64.068 -376.053 1.055
-69.493 -19.986 -485.521 0.997
92.053 -5.464 -362.993 1.001
-83.647 31.228 -396.355 0.935
41.930 14.028 -403.505 0.970
50.890 -25.968 -498.813 0.992
20.590 -45.295 -404.484 1.085
80.275 -12.272 -329.390 1.098
-59.268 20.069 -341.844 1.104
47.005 -13.486 -402.851 1.044
-6.922 53.213 -334.975 0.938
29.608 -19.090 -327.680 1.005
94.399 -70.439 -450.125 1.071
59.139 -38.121 -354.683 1.033
37.338 87.208 -402.450 1.037
-50.411 50.017 -459.031 1.026
-14.505 -10.609 -369.444 1.012
-70.418 -11.339 -424.062 0.917
-30.351 -30.679 -340.270 0.933
93.575 12.371 -414.824 0.995
12.593 52.242 -335.479 0.933
12.647 92.276 -454.281 0.977
84.633 18.117 -413.607 0.981
-1.641 64.967 -302.015 1.013
-80.439 -68.307 -475.085 0.926
-95.682 64.782 -376.677 1.055
-69.766 -20.818 -485.377 0.997
92.330 -5.890 -363.745 1.001
-84.322 31.392 -396.558 0.935
41.321 14.078 -404.146 0.970
50.438 -25.517 -499.463 0.992
20.411 -45.949 -403.887 1.085
80.145 -13.104 -329.054 1.098
-58.853 19.106 -342.256 1.104
47.443 -14.238 -402.440 1.044
-5.934 52.985 -334.464 0.938
