-9.163 34.732 -390.077 0.866
-27.301 28.583 -479.398 1.040
59.073 -26.789 -426.291 1.260
-35.975 80.812 -327.173 1.072
39.877 62.246 -356.153 0.961
-70.245 -28.966 -321.107 0.893
-8.834 -31.453 -446.845 1.112
6.750 -92.387 -499.851 0.994
62.435 52.460 -332.689 1.134
-46.702 -93.292 -358.131 1.082
80.409 53.907 -379.846 0.852
-57.559 -45.102 -360.932 0.997
-46.566 30.722 -452.406 1.130
0.057 32.337 -367.901 1.007
-94.525 -8.719 -419.247 0.805
42.308 81.597 -338.542 1.070
-5.047 3.714 -414.970 1.106
60.178 -27.210 -494.303 1.049
54.606 -16.852 -302.306 1.026
88.684 -79.056 -424.531 1.063
77.790 -76.137 -349.706 0.996
-91.814 -38.715 -498.419 1.044
-74.741 -87.512 -355.536 0.910
57.796 4.078 -488.609 1.088
21.259 17.258 -377.669 0.944
-8.225 34.984 -390.155 0.866
-27.753 28.562 -478.536 1.040
59.027 -27.491 -426.360 1.260
-36.653 80.329 -327.100 1.072
39.369 62.269 -355.231 0.961
-70.817 -28.918 -321.917 0.893
-8.729 -32.320 -446.798 1.112
6.150 -92.914 -499.326 0.994
61.915 51.985 -333.652 1.134
-47.158 -93.012 -359.047 1.082
81.300 53.086 -380.739 0.852
-56.983 -44.651 -360.133 0.997
-46.476 31.545 -452.657 1.130
-0.908 31.634 -367.442 1.007
-94.885 -8.206 -419.926 0.805
41.684 80.731 -338.084 1.070
-5.039 3.154 -415.586 1.106
60.360 -26.307 -494.618 1.049
54.684 -17.362 -301.955 1.026
88.100 -79.832 -424.776 1.063
76.849 -76.869 -349.632 0.996
-91.649 -38.986 -498.551 1.044
-74.794 -88.463 -354.915 0.910
57.101 4.739 -489.427 1.088
21.202 17.466 -377.755 0.944
