-71.800 -62.972 -300.126 1.087
-60.522 21.576 -351.478 0.933
19.466 -50.651 -332.912 0.912
79.673 -53.338 -421.087 0.964
18.116 87.008 -402.071 1.083
59.648 -2.917 -322.839 1.103
84.731 77.458 -439.540 1.058
-78.848 -10.101 -493.895 1.105
-25.703 -93.623 -418.627 0.895
18.912 65.535 -373.558 1.023
17.321 77.935 -357.286 1.016
-30.530 77.063 -411.607 1.077
-16.886 -49.830 -467.519 0.854
-60.045 -65.271 -462.977 0.922
-43.120 -3.940 -401.334 0.992
-84.397 39.664 -351.937 0.992
60.560 67.070 -328.263 1.017
70.297 21.824 -373.894 1.036
80.446 11.080 -425.415 1.010
-64.374 42.503 -366.761 1.052
59.831 -67.620 -332.540 0.976
69.895 -13.640 -496.552 1.029
-64.614 78.625 -359.314 0.827
0.016 4.716 -386.154 0.936
-82.240 -22.461 -377.639 1.000
-71.275 -62.537 -300.256 1.087
-61.420 20.684 -350.644 0.933
18.761 -50.748 -333.344 0.912
79.395 -53.858 -420.224 0.964
19.073 86.011 -402.054 1.083
59.696 -2.584 -323.118 1.103
83.867 77.034 -439.046 1.058
-77.895 -10.094 -493.947 1.105
-26.292 -93.643 -418.107 0.895
18.221 65.493 -373.417 1.023
16.957 77.445 -357.239 1.016
-31.389 76.673 -412.441 1.077
-16.769 -50.560 -466.938 0.854
-60.933 -65.814 -462.648 0.922
-43.719 -4.358 -401.243 0.992
-85.086 39.016 -352.305 0.992
60.213 66.485 -328.757 1.017
70.841 22.716 -374.240 1.036
80.717 10.340 -425.924 1.010
-65.355 43.318 -367.284 1.052
59.329 -68.211 -332.756 0.976
69.402 -13.989 -496.225 1.029
-63.826 77.688 -360.111 0.827
0.742 4.891 -387.110 0.936
-81.476 -22.815 -378.150 1.000
