81.675 -44.324 -320.395 0.922
84.283 -43.772 -469.896 0.761
32.487 96.955 -301.316 1.012
-78.695 -62.450 -357.951 0.813
-52.721 33.092 -339.704 0.976
6.783 -72.150 -399.845 0.982
-32.482 -76.687 -392.001 0.947
-18.719 -86.401 -416.778 1.137
90.782 -65.321 -464.845 1.134
53.855 -13.988 -382.311 0.850
-37.742 -23.210 -363.246 0.867
-80.283 -84.123 -448.239 0.897
-20.094 69.390 -380.615 0.901
33.704 21.172 -394.751 1.004
-79.138 37.210 -449.058 0.985
-47.725 10.820 -332.138 0.964
29.877 61.668 -317.621 1.075
-56.986 90.911 -463.094 0.885
22.158 89.476 -410.842 1.142
-48.726 -99.672 -424.171 1.005
71.720 32.319 -442.588 1.115
-24.938 -67.234 -369.936 1.089
28.449 34.136 -492.599 1.000
66.382 20.495 -303.322 1.052
-16.104 19.100 -312.045 0.824
81.438 -45.190 -321.320 0.922
84.855 -43.305 -469.155 0.761
32.485 96.251 -300.712 1.012
-79.027 -62.840 -358.157 0.813
-51.892 32.576 -340.028 0.976
6.206 -72.717 -399.872 0.982
-33.204 -77.473 -392.190 0.947
-19.551 -86.018 -416.153 1.137
90.615 -64.554 -464.531 1.134
54.052 -14.332 -382.187 0.850
-36.756 -23.673 -362.525 0.867
-81.205 -84.564 -448.899 0.897
-19.384 70.207 -380.684 0.901
33.921 20.404 -394.950 1.004
-79.613 37.029 -448.490 0.985
-47.304 11.712 -333.072 0.964
29.236 61.757 -316.994 1.075
-56.813 90.262 -463.131 0.885
21.168 88.955 -410.441 1.142
-48.911 -99.886 -424.373 1.005
71.224 31.688 -443.150 1.115
-25.282 -66.415 -369.202 1.089
27.617 34.481 -491.696 1.000
66.621 19.688 -302.807 1.052
-16.900 19.515 -312.507 0.824
