88.559 48.110 -372.766 0.950
78.349 -54.598 -325.883 1.000
-93.663 49.542 -482.269 1.027
-85.789 82.121 -415.688 1.047
-26.957 -64.288 -492.994 0.916
-45.930 20.969 -449.163 1.130
51.483 61.262 -433.131 0.916
-77.334 9.815 -444.073 0.889
92.600 -78.613 -481.710 1.017
-95.471 -74.678 -481.281 1.113
-89.853 -92.135 -344.114 0.977
18.489 53.667 -461.237 1.191
47.057 -55.721 -476.979 0.814
-51.552 19.192 -433.886 0.815
4.030 -36.497 -479.591 1.021
29.480 -27.560 -419.147 0.974
88.153 55.256 -477.605 1.091
65.857 -37.797 -440.880 1.040
18.004 29.640 -416.871 1.198
-48.967 81.891 -330.470 0.941
87.355 72.008 -302.263 1.021
-16.058 -37.578 -480.696 1.014
-3.099 -1.001 -312.193 0.935
7.563 -94.099 -348.435 0.886
51.321 64.013 -429.266 1.181
89.341 48.603 -372.279 0.950
79.330 -53.890 -326.069 1.000
-94.150 49.223 -482.386 1.027
-86.728 82.937 -415.266 1.047
-26.486 -65.284 -492.006 0.916
-46.384 20.211 -450.071 1.130
50.787 60.597 -433.750 0.916
-77.431 9.603 -444.291 0.889
92.404 -78.981 -482.123 1.017
-96.231 -75.108 -482.181 1.113
-90.581 -92.673 -343.918 0.977
19.193 53.026 -460.931 1.191
47.492 -55.296 -477.469 0.814
-51.728 18.991 -434.551 0.815
3.859 -37.132 -478.996 1.021
29.862 -27.771 -418.176 0.974
88.686 54.366 -476.839 1.091
65.606 -38.155 -440.358 1.040
18.630 29.213 -415.994 1.198
-49.927 82.846 -330.868 0.941
86.697 71.656 -302.166 1.021
-16.657 -37.956 -480.094 1.014
-2.390 -1.385 -311.854 0.935
6.911 -94.426 -348.326 0.886
51.753 64.345 -429.181 1.181
