15.662 -99.791 -491.915 0.837
-49.902 74.493 -307.561 0.882
-69.335 -88.764 -380.897 0.976
49.397 -50.181 -448.109 0.966
-82.117 -34.059 -420.701 0.725
-31.995 46.972 -360.798 0.890
-48.207 -51.266 -398.011 0.970
-92.837 92.806 -335.407 0.837
-18.689 -35.583 -429.528 1.112
19.166 -24.509 -332.391 1.130
-51.254 54.153 -339.395 1.050
-4.960 -69.404 -375.381 1.037
-3.669 -19.377 -332.164 0.861
-58.795 83.190 -305.878 0.874
-47.829 -19.627 -439.127 1.113
-63.613 -9.339 -468.490 0.875
59.143 -95.045 -402.521 1.125
-24.793 55.701 -324.667 0.961
13.173 57.785 -461.570 1.122
47.778 -82.721 -304.201 0.945
83.036 -61.838 -448.688 0.850
91.351 39.496 -460.135 0.900
22.195 47.839 -436.405 1.062
73.432 -70.294 -338.321 0.949
55.954 42.231 -426.267 0.962
15.799 -100.752 -492.388 0.837
-50.865 73.539 -308.176 0.882
-70.179 -88.803 -381.119 0.976
49.263 -51.075 -448.440 0.966
-81.564 -33.105 -421.497 0.725
-32.202 47.851 -359.827 0.890
-49.082 -52.065 -397.883 0.970
-92.765 92.043 -336.358 0.837
-17.703 -35.947 -428.932 1.112
19.164 -23.785 -332.392 1.130
-51.149 54.721 -339.424 1.050
-4.722 -68.596 -374.502 1.037
-3.302 -18.655 -331.788 0.861
-58.318 83.046 -306.410 0.874
-47.274 -20.235 -439.996 1.113
-63.237 -10.007 -468.164 0.875
59.828 -95.804 -401.607 1.125
-23.831 55.631 -325.168 0.961
12.600 58.236 -462.123 1.122
48.216 -83.019 -304.213 0.945
82.552 -61.578 -449.533 0.850
90.912 39.810 -459.455 0.900
23.164 47.867 -436.828 1.062
73.425 -69.884 -339.153 0.949
55.928 41.373 -425.637 0.962
