33.073 -5.363 -376.945 1.049
9.558 77.158 -469.527 0.808
-65.724 61.566 -391.179 0.981
79.574 20.130 -381.488 0.992
-79.862 -20.942 -459.792 0.900
41.617 88.893 -397.704 1.203
-93.566 -52.070 -371.534 0.963
85.374 56.830 -471.561 1.082
39.930 25.585 -327.899 1.064
-42.915 6.164 -469.370 0.903
48.660 82.865 -345.768 0.892
78.378 -1.880 -347.261 1.110
57.687 35.851 -464.699 1.030
7.856 -67.086 -313.926 0.984
98.079 -87.957 -378.606 0.898
76.638 65.055 -474.702 0.958
58.348 9.535 -485.429 1.030
-29.063 94.352 -475.984 0.880
99.912 -10.947 -400.240 1.045
37.965 -65.845 -438.511 1.075
-2.554 -65.470 -379.320 1.057
97.231 48.676 -368.078 1.054
-9.410 -26.833 -310.173 1.044
-96.805 91.912 -303.244 0.910
23.575 -43.256 -379.434 0.957
33.724 -6.183 -376.101 1.049
9.152 77.686 -470.320 0.808
-65.451 61.856 -390.961 0.981
79.425 20.685 -382.282 0.992
-80.293 -21.869 -458.891 0.900
42.024 89.398 -398.349 1.203
-93.399 -52.285 -371.380 0.963
85.592 56.089 -471.660 1.082
40.179 25.555 -327.636 1.064
-43.548 5.256 -469.749 0.903
47.984 82.523 -346.692 0.892
78.952 -2.112 -347.146 1.110
57.596 35.247 -465.324 1.030
7.101 -67.844 -314.079 0.984
98.944 -88.143 -377.797 0.898
76.497 64.804 -474.826 0.958
58.093 9.237 -486.278 1.030
-29.906 93.614 -476.800 0.880
99.730 -10.392 -399.952 1.045
37.474 -66.344 -438.189 1.075
-2.768 -65.660 -379.315 1.057
97.049 49.503 -367.720 1.054
-9.082 -26.188 -310.067 1.044
-96.617 92.018 -302.334 0.910
24.030 -44.005 -378.893 0.957
