56.458 51.341 -314.179 1.094
40.305 -20.659 -323.341 1.037
-85.132 -78.443 -307.282 0.893
88.113 10.002 -303.451 0.911
66.652 -62.761 -348.910 1.029
-30.158 -1.130 -445.559 1.061
-19.404 55.392 -418.316 0.884
-1.379 -38.436 -474.820 0.970
-99.993 -31.327 -441.972 0.936
-51.597 55.774 -485.636 1.010
27.269 -82.800 -492.858 0.935
27.326 -39.571 -440.474 0.951
47.624 80.317 -441.951 1.073
-63.320 51.151 -399.618 0.909
-2.249 -66.535 -328.194 1.016
33.289 -91.091 -472.963 0.927
-65.045 -9.491 -306.320 0.782
67.226 8.899 -494.188 0.941
31.122 16.633 -378.210 0.978
-73.775 3.748 -465.622 1.040
37.938 4.057 -359.944 1.049
85.510 64.010 -470.798 0.945
40.130 -84.049 -396.177 1.033
46.681 90.234 -305.622 1.011
-14.740 -83.156 -365.493 1.068
55.857 50.713 -314.534 1.094
40.278 -21.099 -323.966 1.037
-84.771 -78.806 -307.210 0.893
88.836 9.838 -303.158 0.911
67.490 -62.279 -349.488 1.029
-29.505 -0.831 -445.649 1.061
-19.299 54.525 -418.981 0.884
-1.426 -39.396 -473.987 0.970
-99.162 -31.423 -442.972 0.936
-51.909 56.261 -485.831 1.010
27.240 -83.013 -493.424 0.935
27.338 -39.055 -441.245 0.951
47.500 79.526 -440.963 1.073
-62.456 51.404 -398.797 0.909
-2.785 -66.014 -328.013 1.016
33.671 -91.135 -473.810 0.927
-65.245 -10.053 -305.786 0.782
67.699 9.247 -494.606 0.941
30.698 16.117 -377.366 0.978
-72.819 3.122 -466.557 1.040
38.675 3.258 -360.897 1.049
86.123 64.870 -470.652 0.945
41.073 -84.761 -396.183 1.033
46.627 89.793 -306.430 1.011
-13.785 -83.002 -364.649 1.068
