-53.891 52.602 -306.643 1.009
-30.715 12.313 -407.955 1.001
25.073 -6.150 -381.273 1.080
61.254 34.068 -493.027 1.132
-67.266 64.485 -411.311 1.111
-16.049 4.996 -469.514 1.007
37.254 -35.518 -429.473 1.140
-65.255 61.186 -347.973 1.014
52.030 -60.831 -387.339 1.095
21.719 -9.037 -412.975 1.087
-23.787 -57.275 -351.854 1.089
83.011 99.086 -486.689 0.942
97.941 65.292 -477.018 1.043
28.908 -4.813 -393.567 0.926
84.254 67.707 -472.145 0.924
-81.190 23.649 -304.809 1.078
-57.631 -48.134 -321.007 0.978
-1.285 -21.464 -327.837 1.121
30.697 56.873 -305.213 0.993
-80.302 81.850 -375.610 1.106
-12.302 44.372 -380.369 1.195
50.188 95.892 -396.770 1.037
48.502 39.059 -488.571 1.033
-53.121 49.892 -345.825 1.034
31.537 83.518 -315.257 0.934
-52.928 51.857 -307.021 1.009
-31.286 12.571 -408.483 1.001
24.799 -5.291 -381.929 1.080
61.228 34.372 -493.397 1.132
-67.500 63.566 -410.347 1.111
-16.603 5.898 -469.869 1.007
36.396 -34.804 -428.815 1.140
-64.975 62.124 -348.251 1.014
51.096 -61.617 -388.201 1.095
22.006 -9.115 -412.985 1.087
-23.383 -58.211 -350.923 1.089
82.826 99.256 -486.964 0.942
98.836 66.058 -477.993 1.043
28.825 -4.925 -394.294 0.926
83.378 67.122 -471.642 0.924
-82.045 23.815 -304.409 1.078
-57.133 -47.929 -321.046 0.978
-2.242 -21.861 -327.930 1.121
30.561 57.711 -304.817 0.993
-80.112 82.696 -375.985 1.106
-12.219 44.122 -380.941 1.195
50.995 96.025 -396.868 1.037
47.839 38.963 -489.318 1.033
-52.520 49.511 -345.816 1.034
31.884 84.455 -315.599 0.934
