-10.332 -90.373 -461.807 1.036
96.104 -1.624 -341.720 1.161
-58.951 -89.334 -308.831 1.166
-71.323 -78.818 -321.426 1.057
-77.256 3.967 -441.967 0.886
34.682 54.965 -426.085 0.899
91.038 77.737 -370.359 1.043
0.675 -17.367 -457.067 1.075
92.106 55.832 -486.941 0.944
-18.784 1.889 -338.841 0.973
24.704 -55.594 -335.873 0.917
1.387 -28.581 -477.124 0.908
-2.793 -78.162 -495.531 1.030
72.390 44.977 -367.088 1.236
-5.075 -37.909 -389.971 1.131
39.408 22.650 -370.067 1.182
-37.438 -84.731 -376.307 1.116
-92.903 -20.387 -378.505 1.064
-41.399 76.731 -338.230 0.825
-23.535 -98.225 -477.838 1.016
11.398 98.473 -393.320 0.916
-65.495 20.409 -412.939 1.185
82.591 -13.775 -417.610 1.130
-97.732 -0.387 -377.697 1.036
-48.638 30.763 -471.699 0.955
-10.590 -90.090 -462.560 1.036
95.659 -1.530 -342.016 1.161
-58.741 -89.443 -307.875 1.166
-71.359 -79.256 -320.588 1.057
-76.693 4.487 -442.327 0.886
34.133 55.815 -425.532 0.899
91.956 77.230 -369.484 1.043
1.202 -18.322 -457.140 1.075
91.380 56.388 -487.746 0.944
-18.478 2.318 -339.793 0.973
24.818 -55.063 -334.906 0.917
2.029 -28.221 -476.814 0.908
-3.661 -77.848 -496.434 1.030
72.923 44.781 -367.072 1.236
-4.987 -37.840 -390.086 1.131
40.237 23.409 -370.324 1.182
-36.652 -85.327 -376.876 1.116
-92.023 -20.847 -379.383 1.064
-41.501 75.980 -337.263 0.825
-24.185 -98.703 -478.263 1.016
10.995 99.039 -393.969 0.916
-66.219 19.857 -413.627 1.185
83.461 -14.693 -418.187 1.130
-97.817 -0.775 -377.185 1.036
-47.700 30.368 -471.274 0.955
