75.118 83.338 -322.936 0.954
86.402 21.531 -461.859 1.034
52.646 -96.909 -312.647 0.939
-0.097 -98.231 -476.116 0.970
-15.052 -31.236 -423.211 1.249
77.464 -94.252 -396.888 0.964
44.628 39.389 -428.222 0.970
-60.135 -70.096 -443.727 1.135
-34.679 61.600 -430.234 1.031
80.715 52.966 -367.035 0.778
21.410 -90.339 -421.278 1.181
38.222 -68.072 -492.044 0.960
-21.190 3.862 -379.827 0.965
64.279 45.940 -362.645 1.136
-98.488 -24.912 -359.869 1.183
90.355 -40.994 -363.209 1.009
0.899 14.308 -473.417 0.838
-99.137 -95.144 -341.788 0.974
-96.034 8.651 -472.075 0.962
-20.736 20.010 -363.277 0.969
92.874 -62.723 -484.062 0.974
45.981 42.069 -495.239 0.961
-30.797 -2.083 -489.931 1.059
48.211 -71.997 -396.301 1.017
-40.689 -86.840 -385.815 1.086
75.777 82.572 -323.171 0.954
87.309 21.347 -460.879 1.034
53.467 -96.212 -312.992 0.939
-0.480 -98.903 -476.674 0.970
-15.167 -31.254 -423.306 1.249
78.357 -94.055 -396.130 0.964
44.488 38.535 -427.811 0.970
-59.198 -69.249 -442.837 1.135
-34.734 61.046 -429.931 1.031
80.321 52.037 -366.825 0.778
21.705 -90.832 -421.289 1.181
38.606 -68.125 -491.127 0.960
-20.878 3.313 -380.378 0.965
63.868 46.528 -363.193 1.136
-99.332 -25.246 -359.429 1.183
91.328 -41.575 -363.172 1.009
1.110 14.472 -474.224 0.838
-99.298 -96.052 -340.982 0.974
-95.914 8.155 -471.490 0.962
-21.319 20.126 -362.365 0.969
92.185 -61.742 -483.614 0.974
45.228 42.085 -495.555 0.961
-30.323 -1.996 -490.335 1.059
47.772 -71.149 -396.354 1.017
-41.504 -86.665 -384.935 1.086
