-77.531 -20.395 -477.034 0.954
22.330 -12.479 -429.136 1.046
-49.428 -82.844 -497.501 1.015
54.502 -51.825 -307.277 0.890
4.116 15.827 -496.548 0.845
67.400 73.550 -336.045 1.029
56.178 -58.123 -366.694 1.002
-81.862 49.819 -440.685 0.900
-40.638 71.315 -495.528 1.037
-76.790 82.067 -353.989 0.875
-8.388 -21.231 -390.179 0.978
82.079 51.809 -400.443 1.039
-17.240 -55.117 -458.972 1.160
81.673 13.160 -305.634 1.053
92.819 48.957 -463.737 1.007
13.485 -44.146 -361.526 1.123
2.150 -17.464 -309.866 0.989
-17.682 -70.345 -400.529 0.906
-96.426 -62.937 -309.235 1.063
-56.652 1.655 -305.566 1.050
-96.322 59.660 -349.011 0.969
18.607 -23.218 -378.653 0.851
65.665 59.479 -470.884 0.877
43.085 -19.579 -384.337 0.951
62.785 25.719 -481.814 0.892
-76.842 -19.996 -476.213 0.954
21.491 -12.489 -429.394 1.046
-48.773 -82.974 -497.903 1.015
53.717 -50.971 -306.695 0.890
3.317 16.562 -496.846 0.845
66.542 74.420 -335.594 1.029
56.623 -58.251 -367.498 1.002
-81.812 49.937 -441.047 0.900
-40.447 70.559 -496.336 1.037
-77.088 82.039 -354.913 0.875
-8.548 -21.779 -390.878 0.978
81.729 52.237 -400.376 1.039
-16.432 -55.039 -458.225 1.160
82.628 13.401 -305.350 1.053
91.931 48.815 -463.291 1.007
12.951 -44.941 -360.895 1.123
2.889 -16.798 -310.150 0.989
-16.787 -70.743 -400.315 0.906
-95.756 -63.273 -309.772 1.063
-57.236 0.713 -305.014 1.050
-96.498 60.321 -348.815 0.969
17.630 -23.233 -378.340 0.851
65.235 58.688 -470.596 0.877
42.439 -20.101 -384.616 0.951
61.962 25.406 -481.802 0.892
