18.605 86.271 -310.340 1.084
-25.093 82.701 -426.843 1.033
29.731 37.553 -423.401 0.969
91.381 -76.421 -448.824 0.978
94.692 60.818 -410.648 1.085
0.584 44.589 -465.054 1.096
63.371 4.444 -384.101 1.046
-60.254 -58.259 -467.233 0.869
-75.567 -10.950 -432.955 0.927
-11.844 46.538 -422.613 0.970
21.134 -95.254 -308.250 0.983
92.969 -46.957 -345.101 0.989
71.872 2.852 -406.478 1.050
-70.415 -65.650 -449.974 1.024
-99.976 63.607 -408.611 0.984
19.734 -4.820 -482.167 1.083
-87.588 -88.525 -499.435 0.959
28.419 75.062 -449.125 1.023
-71.535 -97.853 -499.844 1.121
-48.533 -60.796 -464.248 0.953
-91.270 -52.558 -358.426 0.884
-29.320 -99.802 -323.489 0.900
50.791 -82.081 -347.660 0.932
37.300 9.352 -460.009 1.106
-59.032 22.681 -358.046 0.811
18.825 87.228 -311.179 1.084
-25.516 82.496 -426.588 1.033
28.918 36.609 -424.332 0.969
90.996 -77.369 -448.564 0.978
95.028 61.423 -410.320 1.085
0.148 43.714 -465.002 1.096
63.854 3.867 -383.538 1.046
-59.629 -58.150 -467.839 0.869
-76.236 -11.158 -432.863 0.927
-11.197 45.660 -422.011 0.970
21.182 -94.627 -308.047 0.983
93.375 -47.520 -344.716 0.989
72.546 2.483 -407.366 1.050
-70.807 -65.752 -450.436 1.024
-99.730 64.560 -407.823 0.984
19.219 -5.814 -481.461 1.083
-86.841 -88.985 -499.059 0.959
27.949 75.416 -449.520 1.023
-71.099 -97.838 -500.103 1.121
-49.075 -61.722 -464.648 0.953
-92.113 -52.640 -357.909 0.884
-28.723 -99.663 -323.554 0.900
50.134 -82.871 -346.784 0.932
37.622 10.192 -459.754 1.106
-59.977 21.959 -358.720 0.811
