-83.643 -26.488 -304.204 1.257
44.533 72.412 -491.370 1.014
19.340 -27.649 -313.884 0.887
-11.447 36.982 -420.626 0.924
-59.129 -62.789 -331.059 1.047
62.113 -6.112 -341.485 0.974
-87.696 63.262 -471.360 1.009
89.956 59.400 -484.998 1.017
-66.732 15.959 -428.215 1.148
-66.557 -82.278 -387.678 1.082
-92.785 -15.351 -470.336 1.185
21.103 7.317 -473.876 1.082
2.970 75.299 -485.933 0.999
-64.760 -48.418 -375.232 0.910
40.279 97.116 -317.814 0.972
-34.762 93.881 -395.328 0.986
21.234 -1.901 -421.355 1.058
-12.498 66.324 -316.408 1.143
-14.940 -33.694 -483.386 0.955
-14.418 -20.406 -465.697 1.050
-58.405 84.615 -446.581 0.958
66.958 -61.026 -474.890 0.926
-90.702 33.123 -313.501 0.812
36.478 99.311 -497.894 0.981
-79.176 -47.368 -445.930 1.044
-83.662 -27.444 -304.959 1.257
44.544 72.176 -491.430 1.014
18.545 -27.402 -313.901 0.887
-11.202 37.809 -421.211 0.924
-59.186 -62.007 -330.511 1.047
62.069 -6.177 -340.755 0.974
-88.306 62.348 -471.739 1.009
90.794 59.676 -485.800 1.017
-66.373 16.896 -428.072 1.148
-65.694 -82.500 -387.456 1.082
-93.257 -16.169 -469.385 1.185
21.703 6.442 -474.103 1.082
2.963 76.193 -486.122 0.999
-64.393 -47.541 -375.049 0.910
39.647 97.539 -317.256 0.972
-34.052 93.827 -394.929 0.986
21.402 -2.201 -421.369 1.058
-13.411 67.230 -317.199 1.143
-15.569 -34.063 -483.987 0.955
-13.685 -20.413 -466.143 1.050
-59.397 84.271 -446.179 0.958
66.747 -60.195 -474.248 0.926
-91.378 32.416 -312.536 0.812
35.479 99.581 -498.556 0.981
-78.378 -47.106 -446.361 1.044
