-24.922 -70.793 -486.177 1.040
-14.616 16.380 -340.962 0.881
-35.882 -89.906 -494.279 1.059
-57.059 -1.429 -413.276 0.775
-22.386 64.191 -353.965 1.177
-11.017 -79.133 -408.198 0.964
-93.788 -95.354 -403.843 1.044
-42.475 0.580 -392.603 1.129
-74.645 -32.090 -389.488 0.988
-95.879 63.248 -409.136 0.934
89.428 -61.585 -381.572 1.031
7.395 -99.293 -373.933 0.797
-62.966 76.698 -309.772 1.158
10.027 20.868 -350.166 0.787
18.737 -12.133 -440.989 0.942
-22.310 -28.096 -493.831 0.863
-98.402 27.600 -384.069 1.141
-47.083 -35.528 -493.880 1.118
-57.198 46.050 -434.094 1.031
-98.613 75.887 -335.970 0.957
88.306 62.243 -457.242 1.028
-69.125 -2.359 -366.567 1.074
-49.848 -67.588 -434.373 1.060
5.004 -56.298 -394.671 1.121
76.718 61.993 -384.253 0.833
-24.343 -71.771 -485.702 1.040
-13.948 15.576 -340.517 0.881
-35.236 -90.471 -493.837 1.059
-56.131 -1.549 -412.438 0.775
-22.637 63.808 -354.929 1.177
-11.058 -79.005 -407.724 0.964
-93.078 -96.319 -402.991 1.044
-41.664 0.162 -391.697 1.129
-74.180 -31.310 -389.621 0.988
-95.734 63.862 -409.360 0.934
89.275 -61.372 -381.626 1.031
8.349 -100.173 -374.125 0.797
-62.492 75.778 -308.888 1.158
10.079 21.694 -349.203 0.787
18.259 -11.757 -441.171 0.942
-22.045 -28.373 -493.127 0.863
-98.464 27.655 -383.383 1.141
-47.409 -35.781 -492.982 1.118
-57.088 46.471 -433.264 1.031
-98.826 75.244 -336.317 0.957
88.105 62.089 -457.523 1.028
-68.350 -1.739 -366.186 1.074
-49.902 -66.610 -434.893 1.060
4.975 -55.413 -394.701 1.121
75.989 62.829 -383.578 0.833
