-94.826 54.038 -340.332 0.984
-10.850 82.640 -453.347 0.936
-75.869 7.407 -497.671 0.964
-67.200 -80.424 -310.234 0.867
68.450 -98.548 -328.304 0.894
90.897 -84.337 -425.253 1.133
35.759 98.887 -396.887 0.852
79.795 60.253 -447.486 0.927
-11.741 35.330 -390.464 1.076
-46.483 -90.484 -419.745 1.019
-37.679 26.029 -407.190 0.778
-52.540 -4.956 -489.693 1.041
34.224 -69.660 -344.138 0.989
32.846 96.666 -464.710 1.052
-33.578 -51.707 -309.827 0.937
13.992 51.069 -312.354 1.059
64.137 -60.524 -384.779 0.943
-18.815 -62.494 -443.521 1.020
5.782 -13.610 -403.790 0.986
32.160 -12.278 -314.829 0.883
-99.248 -76.447 -395.372 0.965
1.332 66.513 -463.869 1.080
95.325 -92.394 -481.386 1.071
10.485 0.576 -314.424 1.052
30.486 90.326 -357.902 1.144
-94.038 54.669 -339.754 0.984
-10.941 82.090 -453.722 0.936
-76.387 7.295 -497.566 0.964
-67.919 -80.379 -310.480 0.867
69.223 -98.378 -328.568 0.894
91.056 -83.791 -426.205 1.133
36.482 99.271 -397.434 0.852
79.689 60.049 -447.977 0.927
-11.631 35.614 -389.716 1.076
-46.752 -90.202 -419.527 1.019
-36.967 26.795 -407.984 0.778
-53.408 -5.683 -489.095 1.041
34.535 -70.616 -343.473 0.989
32.848 96.349 -465.184 1.052
-32.791 -51.907 -310.137 0.937
13.670 50.580 -312.200 1.059
63.249 -60.509 -384.013 0.943
-19.637 -62.597 -443.500 1.020
5.273 -12.912 -403.893 0.986
32.455 -13.261 -314.608 0.883
-99.435 -76.563 -394.682 0.965
1.358 66.908 -464.057 1.080
96.284 -91.832 -480.970 1.071
9.781 -0.186 -314.708 1.052
31.246 90.611 -357.210 1.144
