-15.495 68.859 -323.949 0.974
69.628 57.031 -350.612 1.046
-7.020 34.235 -440.606 1.089
95.664 -35.037 -366.304 1.064
21.233 58.621 -318.688 0.857
-51.091 47.077 -396.607 1.118
85.037 64.120 -324.568 1.013
93.466 2.265 -463.451 1.064
98.283 -87.085 -319.153 1.034
21.294 99.674 -430.282 1.025
28.989 45.587 -409.974 0.987
-94.897 -15.223 -483.013 0.835
-17.843 -88.331 -424.283 1.042
-80.043 49.388 -396.228 0.980
-67.939 -56.744 -463.710 1.052
-7.848 27.866 -475.023 1.002
-89.456 4.214 -485.670 1.002
-6.534 55.186 -477.665 1.088
82.229 -46.826 -319.823 1.098
98.249 40.826 -422.326 1.043
97.299 44.241 -307.153 0.856
-76.322 97.457 -355.861 1.059
-4.054 72.223 -402.220 0.855
-79.014 93.989 -446.037 1.116
87.501 -76.505 -460.409 1.093
-16.346 68.715 -323.643 0.974
70.027 56.437 -350.207 1.046
-7.529 34.036 -440.376 1.089
96.044 -34.413 -367.088 1.064
21.330 59.424 -319.312 0.857
-51.026 46.198 -396.234 1.118
84.879 64.112 -325.473 1.013
92.984 1.920 -462.864 1.064
98.130 -87.422 -318.675 1.034
21.100 100.369 -429.471 1.025
28.847 44.922 -409.464 0.987
-94.744 -15.715 -483.317 0.835
-17.773 -88.507 -424.272 1.042
-80.022 49.131 -395.583 0.980
-68.818 -57.180 -463.595 1.052
-8.069 28.309 -475.585 1.002
-90.180 3.510 -485.760 1.002
-6.218 54.414 -478.512 1.088
82.090 -46.343 -319.443 1.098
97.596 40.483 -421.405 1.043
97.009 44.267 -307.173 0.856
-76.892 96.974 -356.028 1.059
-3.121 72.057 -402.843 0.855
-79.690 93.059 -445.221 1.116
87.961 -76.671 -460.134 1.093
