51.644 -73.643 -437.318 1.067
87.505 -40.308 -472.509 1.070
44.723 63.860 -368.630 0.979
73.759 -26.498 -423.962 0.957
-23.364 88.930 -469.489 1.235
71.936 80.810 -409.472 1.114
-11.369 -65.876 -332.604 0.976
13.875 -69.193 -494.378 0.968
-89.203 -95.195 -348.041 0.978
-18.856 -16.108 -325.676 0.965
45.306 -22.012 -495.902 0.946
7.126 46.634 -426.171 0.915
28.601 -17.776 -394.572 1.074
62.665 33.976 -410.453 0.858
42.717 -60.392 -315.811 1.104
-77.417 -76.236 -405.902 1.065
31.430 -73.715 -427.462 0.816
38.622 50.479 -385.551 1.108
20.482 -31.274 -376.155 1.132
-82.244 85.306 -464.752 1.121
8.165 83.444 -485.546 1.227
8.263 29.258 -409.310 0.894
28.496 -33.894 -379.045 0.958
4.292 77.902 -321.857 1.043
-28.162 -74.470 -431.239 0.930
50.895 -72.918 -438.124 1.067
87.132 -41.230 -472.272 1.070
43.943 64.731 -367.700 0.979
74.088 -27.487 -423.853 0.957
-23.802 89.117 -469.331 1.235
72.836 81.482 -408.552 1.114
-10.756 -66.118 -332.459 0.976
14.692 -68.364 -494.699 0.968
-89.098 -94.599 -348.578 0.978
-18.292 -16.486 -326.476 0.965
44.902 -22.939 -496.421 0.946
7.811 46.672 -426.461 0.915
29.239 -17.598 -394.806 1.074
62.536 34.833 -410.237 0.858
42.916 -59.582 -315.438 1.104
-77.764 -76.129 -405.299 1.065
30.469 -73.561 -427.393 0.816
39.476 51.346 -384.988 1.108
20.011 -30.794 -375.895 1.132
-81.348 84.592 -463.906 1.121
8.021 82.463 -486.522 1.227
7.853 29.929 -409.159 0.894
28.308 -34.020 -378.597 0.958
5.126 77.422 -322.671 1.043
-28.517 -74.531 -431.619 0.930
