-26.275 -8.809 -394.523 0.850
24.123 26.356 -403.182 1.009
-67.630 86.260 -354.658 0.981
-99.892 -8.741 -459.362 0.802
69.635 -56.863 -357.802 1.071
-3.920 0.003 -433.997 0.988
-70.918 81.076 -315.152 0.991
73.206 55.617 -345.001 1.129
67.676 -75.061 -437.271 0.593
-53.463 -13.494 -414.732 0.801
-89.002 -90.417 -430.009 1.256
88.565 -97.684 -476.093 0.867
-57.474 18.051 -441.128 1.057
60.065 -61.600 -354.782 0.926
-66.307 93.517 -451.769 1.131
-71.020 -80.125 -480.861 1.022
58.518 -23.176 -384.947 1.104
9.636 95.583 -375.823 1.043
-36.172 -86.640 -453.776 0.867
-70.923 91.363 -358.906 0.800
92.884 -61.511 -440.839 0.912
5.563 52.104 -432.048 1.018
-67.825 70.846 -478.449 1.168
-44.716 88.023 -414.882 0.921
24.673 -31.971 -478.647 0.939
-25.649 -8.433 -394.832 0.850
24.030 25.718 -402.914 1.009
-68.434 85.684 -354.774 0.981
-100.856 -8.374 -458.394 0.802
70.160 -57.162 -357.432 1.071
-3.290 -0.383 -434.219 0.988
-70.418 81.630 -315.453 0.991
73.933 56.150 -345.673 1.129
68.596 -75.786 -437.112 0.593
-52.919 -13.951 -415.051 0.801
-88.821 -91.408 -430.560 1.256
89.494 -97.303 -475.477 0.867
-57.666 18.936 -441.026 1.057
60.338 -61.791 -355.744 0.926
-66.204 93.822 -451.046 1.131
-70.666 -80.115 -480.448 1.022
58.802 -22.322 -385.327 1.104
9.694 95.427 -375.814 1.043
-35.976 -85.793 -454.772 0.867
-70.224 90.489 -359.068 0.800
93.373 -60.702 -439.856 0.912
5.140 52.756 -432.021 1.018
-68.534 70.602 -478.829 1.168
-44.591 88.531 -414.069 0.921
23.978 -31.319 -479.287 0.939
