-10.536 -14.591 -410.047 1.277
-10.901 31.877 -343.455 1.032
-78.393 -86.118 -397.423 0.980
1.382 -71.109 -424.958 0.836
74.221 -35.174 -323.209 0.837
-28.329 25.988 -314.434 1.002
16.041 40.742 -371.824 0.972
16.371 -37.632 -349.043 0.794
69.956 -87.621 -488.529 1.021
77.737 95.521 -343.002 0.848
16.285 18.658 -368.109 1.000
66.652 -32.441 -347.606 1.062
59.383 -15.705 -409.320 0.918
-30.129 -29.757 -446.443 0.923
39.778 -54.608 -350.972 1.077
73.766 -6.492 -441.275 1.072
-48.295 -76.108 -355.986 1.013
-36.652 80.942 -487.354 0.909
-33.602 41.878 -366.311 1.033
-65.257 -20.659 -483.897 1.027
12.743 2.020 -443.919 1.070
-43.212 -46.969 -326.042 1.061
-98.647 76.827 -402.542 1.070
25.138 65.547 -382.835 0.905
95.923 -67.878 -312.755 1.024
-11.481 -14.577 -410.607 1.277
-11.862 32.443 -343.430 1.032
-78.050 -87.067 -398.128 0.980
0.825 -71.284 -425.590 0.836
73.958 -34.175 -322.529 0.837
-28.234 25.669 -314.369 1.002
17.027 40.669 -372.015 0.972
16.680 -36.792 -348.739 0.794
68.987 -87.771 -487.896 1.021
78.086 94.924 -342.052 0.848
16.270 17.765 -368.611 1.000
66.270 -33.058 -348.289 1.062
58.548 -16.683 -408.802 0.918
-30.252 -29.986 -446.840 0.923
40.702 -54.173 -351.572 1.077
73.387 -6.985 -441.538 1.072
-48.227 -76.453 -355.515 1.013
-37.176 81.528 -487.240 0.909
-32.943 41.013 -365.574 1.033
-64.321 -21.480 -482.947 1.027
12.487 1.685 -443.040 1.070
-44.138 -47.336 -326.432 1.061
-98.794 76.870 -401.762 1.070
24.246 66.523 -383.635 0.905
95.501 -67.179 -312.582 1.024
