-49.719 -89.016 -361.004 1.066
-77.106 60.947 -480.245 1.024
48.916 -16.685 -433.554 0.969
-70.424 -57.592 -455.838 0.898
-71.202 -6.616 -320.697 0.962
79.903 95.441 -347.743 1.009
33.800 24.292 -357.261 1.117
9.751 35.927 -385.071 1.008
45.766 -36.654 -398.666 0.995
-99.987 16.537 -453.777 1.045
52.144 -20.685 -389.989 0.999
80.233 24.966 -433.065 0.998
-8.220 2.108 -496.329 0.964
-40.520 -62.454 -349.516 0.892
-78.222 31.095 -434.378 1.119
53.753 -12.628 -499.873 1.121
-95.798 -65.138 -382.866 0.742
-30.873 -80.181 -469.503 1.016
77.475 35.383 -456.428 0.985
65.244 55.937 -315.319 0.992
-6.775 37.812 -392.631 0.964
-37.454 19.253 -436.443 0.973
-65.313 71.828 -305.712 1.105
47.466 -7.747 -335.451 0.833
14.850 -65.978 -392.439 1.051
-49.411 -89.341 -361.816 1.066
-77.588 60.835 -480.519 1.024
49.047 -16.934 -433.458 0.969
-69.518 -58.277 -455.419 0.898
-70.616 -5.692 -320.664 0.962
79.099 94.500 -348.474 1.009
33.030 24.472 -356.948 1.117
9.337 35.495 -385.160 1.008
45.101 -35.729 -398.863 0.995
-100.901 17.524 -453.126 1.045
51.916 -19.974 -389.025 0.999
80.506 25.271 -432.510 0.998
-7.463 1.590 -496.913 0.964
-41.278 -62.949 -349.997 0.892
-78.757 31.820 -434.639 1.119
53.362 -12.958 -500.250 1.121
-95.032 -64.538 -383.639 0.742
-31.587 -80.795 -469.186 1.016
76.648 35.755 -455.737 0.985
66.190 55.859 -314.322 0.992
-5.987 37.424 -392.681 0.964
-36.627 19.833 -437.187 0.973
-66.208 72.084 -304.841 1.105
47.581 -7.180 -334.748 0.833
14.148 -66.625 -391.850 1.051
