16.496 18.256 -324.478 0.874
-67.847 -10.144 -388.113 1.070
96.745 55.975 -353.806 1.131
53.050 84.499 -427.961 0.901
-68.319 17.622 -447.052 1.102
-62.918 32.112 -489.773 0.931
-19.170 -49.085 -308.357 0.892
49.675 -83.112 -366.336 0.779
36.324 37.249 -478.148 1.014
-20.981 42.182 -341.430 1.084
31.745 -28.678 -337.611 1.096
41.792 20.130 -306.498 1.097
10.993 68.682 -368.854 0.929
62.744 32.925 -345.439 0.806
31.097 2.788 -463.913 1.124
-98.664 -1.073 -408.685 0.962
43.898 -88.012 -489.006 1.157
99.034 3.782 -335.287 1.087
-17.189 68.628 -458.077 1.126
-52.376 -67.956 -381.841 0.823
42.160 27.336 -310.950 1.024
72.073 -18.753 -466.301 1.000
13.818 -49.665 -443.070 0.943
-59.008 -36.850 -446.139 1.096
-99.291 15.678 -393.260 0.952
17.202 19.032 -323.527 0.874
-67.192 -10.056 -387.771 1.070
96.974 56.220 -353.793 1.131
52.421 84.196 -427.862 0.901
-68.217 18.273 -447.505 1.102
-63.002 32.224 -490.098 0.931
-18.213 -48.316 -308.281 0.892
50.638 -82.694 -366.005 0.779
36.121 36.514 -477.435 1.014
-20.704 42.386 -340.734 1.084
31.894 -29.623 -337.773 1.096
42.573 20.017 -307.079 1.097
10.053 69.292 -369.358 0.929
62.991 33.198 -346.048 0.806
30.276 2.679 -464.327 1.124
-98.621 -1.301 -409.221 0.962
43.277 -87.710 -488.456 1.157
99.477 3.730 -335.199 1.087
-16.466 68.001 -458.488 1.126
-53.255 -67.455 -381.625 0.823
43.120 26.863 -310.200 1.024
72.067 -18.892 -466.596 1.000
13.379 -49.807 -442.814 0.943
-59.778 -36.696 -446.869 1.096
-99.426 16.144 -394.083 0.952
