-80.979 -29.035 -331.424 1.026
92.209 -39.661 -491.683 1.179
27.276 -47.753 -317.628 0.811
-95.568 62.947 -328.600 1.073
-82.034 90.973 -488.644 1.102
34.898 51.760 -385.885 0.931
-39.851 49.225 -369.369 1.072
-23.227 66.889 -361.386 0.948
-55.569 66.571 -479.335 0.873
-84.755 -13.855 -364.081 0.884
22.845 61.637 -488.523 0.994
11.580 -80.565 -499.855 1.040
20.387 -34.416 -361.133 0.915
7.491 -94.118 -395.771 1.039
-94.574 -5.572 -424.588 0.957
16.750 48.247 -319.426 1.029
-52.802 -47.608 -406.372 0.862
14.281 29.801 -488.817 1.182
-99.008 -72.948 -369.321 1.061
-47.978 54.785 -376.001 1.103
-12.445 -65.391 -319.657 1.079
98.823 0.759 -492.495 0.894
83.276 -74.000 -353.028 1.138
-37.474 -57.491 -453.639 1.090
-13.419 15.867 -491.807 0.999
-81.160 -29.692 -331.014 1.026
92.787 -40.137 -491.317 1.179
27.789 -48.260 -318.364 0.811
-95.442 63.714 -329.457 1.073
-81.712 91.874 -489.422 1.102
34.925 52.611 -384.916 0.931
-40.136 49.572 -369.323 1.072
-23.352 67.168 -361.715 0.948
-56.160 66.615 -478.737 0.873
-85.181 -13.336 -364.453 0.884
23.844 62.498 -488.424 0.994
12.156 -80.179 -499.880 1.040
19.684 -33.738 -360.347 0.915
7.333 -93.477 -396.360 1.039
-94.500 -5.225 -424.654 0.957
16.984 47.757 -320.414 1.029
-52.013 -48.281 -406.440 0.862
13.400 30.361 -488.913 1.182
-98.660 -72.616 -369.519 1.061
-47.135 54.197 -375.321 1.103
-12.420 -66.330 -318.889 1.079
99.298 0.501 -491.828 0.894
82.500 -73.102 -352.920 1.138
-36.755 -58.012 -452.997 1.090
-14.255 15.547 -492.612 0.999
