-17.026 15.712 -497.406 1.040
-61.387 4.186 -314.850 0.929
89.301 62.799 -420.369 1.046
-64.737 -87.245 -335.432 1.084
-23.880 1.426 -369.577 0.980
-86.178 76.191 -390.511 0.997
39.469 -62.810 -389.157 0.952
16.592 24.009 -418.948 0.974
16.262 12.143 -334.516 1.097
99.754 1.245 -435.434 0.982
77.634 -67.982 -446.885 1.086
94.417 63.353 -472.761 0.915
-84.490 -64.737 -466.099 1.152
-16.774 50.064 -363.461 0.972
-94.394 6.587 -452.255 0.928
3.760 81.232 -407.896 0.954
14.957 -64.538 -432.197 0.860
52.088 69.941 -452.977 1.093
49.020 3.838 -469.707 0.955
-42.359 -0.643 -343.169 1.097
58.242 92.671 -381.783 0.822
-82.019 36.729 -435.642 1.011
-35.711 80.030 -327.403 0.852
-42.451 41.670 -447.772 0.933
-70.609 24.992 -482.107 0.996
-17.318 14.878 -496.506 1.040
-61.664 4.035 -314.852 0.929
89.896 63.271 -420.941 1.046
-64.522 -87.004 -335.244 1.084
-23.441 1.575 -369.219 0.980
-87.159 76.427 -391.055 0.997
39.269 -62.635 -388.715 0.952
16.125 23.121 -418.454 0.974
16.350 12.105 -335.163 1.097
99.979 0.456 -435.860 0.982
77.528 -67.989 -446.881 1.086
95.112 62.939 -472.225 0.915
-85.253 -65.040 -465.379 1.152
-16.414 49.614 -362.595 0.972
-94.330 6.660 -451.500 0.928
4.450 80.604 -408.672 0.954
14.284 -65.064 -432.426 0.860
52.633 69.822 -452.593 1.093
48.806 3.714 -469.055 0.955
-43.064 -1.433 -343.131 1.097
58.986 93.186 -382.596 0.822
-81.124 36.772 -434.912 1.011
-34.784 79.300 -326.551 0.852
-41.604 41.823 -446.870 0.933
-71.558 24.924 -481.913 0.996
