32.738 -12.803 -398.924 1.056
20.477 6.586 -358.274 1.032
90.143 68.929 -432.998 1.060
-30.375 -13.926 -370.946 1.055
89.104 84.078 -354.696 1.024
40.260 -3.283 -355.862 0.952
-93.030 97.481 -308.280 0.997
11.279 0.835 -406.370 0.985
-65.306 -34.117 -444.967 1.088
-16.506 -74.704 -405.000 1.060
-25.990 76.319 -446.607 0.967
70.935 -84.576 -401.986 1.036
-23.863 -36.007 -387.129 0.979
-62.281 74.400 -457.507 0.748
29.030 78.531 -467.577 1.050
-9.920 58.688 -433.276 0.741
2.459 36.216 -422.087 1.135
45.473 -90.401 -433.564 0.888
-71.356 -37.835 -435.737 0.967
-0.620 -44.517 -307.518 0.896
-46.788 -9.967 -460.196 1.015
-65.144 -14.940 -442.333 0.978
-69.122 -88.506 -444.527 1.019
76.998 -89.550 -397.003 0.985
98.640 67.001 -330.259 1.028
32.625 -13.724 -399.759 1.056
20.926 6.437 -358.086 1.032
90.403 68.569 -432.780 1.060
-29.509 -14.532 -371.411 1.055
88.223 83.985 -354.731 1.024
40.496 -2.913 -355.881 0.952
-93.920 97.011 -307.302 0.997
11.342 0.354 -406.463 0.985
-66.050 -34.302 -445.757 1.088
-17.448 -74.230 -405.963 1.060
-26.754 76.159 -445.747 0.967
71.401 -84.922 -401.582 1.036
-22.948 -36.821 -386.500 0.979
-61.572 74.137 -456.797 0.748
29.836 78.199 -468.405 1.050
-10.244 59.218 -433.346 0.741
1.853 35.456 -421.923 1.135
46.317 -91.248 -434.452 0.888
-71.667 -38.777 -435.081 0.967
0.169 -45.108 -308.393 0.896
-45.798 -9.111 -459.854 1.015
-64.182 -15.661 -441.583 0.978
-68.586 -88.171 -444.951 1.019
76.083 -90.304 -396.258 0.985
97.695 67.366 -330.383 1.028
