89.960 -60.297 -483.528 1.063
91.346 -31.093 -466.691 0.957
18.465 48.198 -493.431 0.916
13.937 -8.643 -440.361 1.029
-77.106 16.742 -452.917 0.868
-10.066 98.945 -384.387 0.968
-18.877 -0.438 -327.822 1.056
-1.767 -96.341 -453.608 1.055
-32.555 5.873 -415.738 1.068
-62.842 50.855 -393.032 1.078
18.387 26.597 -377.897 0.999
59.325 14.950 -481.771 0.938
65.171 7.439 -467.308 0.899
-70.834 -24.850 -382.022 1.027
64.653 -43.638 -322.911 0.907
-4.363 -31.271 -370.613 1.053
-73.417 69.594 -374.789 1.059
50.661 -8.256 -389.832 0.991
-93.024 13.648 -438.644 0.982
97.588 -70.420 -443.531 1.075
-43.430 10.667 -440.867 1.179
-73.181 -79.389 -360.148 1.087
-96.321 -15.576 -465.981 1.064
24.818 44.084 -317.598 1.171
44.877 -79.171 -360.815 0.827
90.826 -60.022 -483.808 1.063
91.725 -30.645 -466.207 0.957
17.539 47.813 -493.690 0.916
14.851 -8.504 -439.759 1.029
-76.288 16.789 -452.150 0.868
-9.561 99.341 -384.609 0.968
-17.991 -0.913 -327.039 1.056
-0.982 -95.430 -454.017 1.055
-32.244 6.179 -416.650 1.068
-62.917 51.649 -392.179 1.078
17.902 25.875 -377.181 0.999
58.363 14.315 -482.670 0.938
65.620 8.170 -466.742 0.899
-71.239 -25.338 -382.571 1.027
63.941 -44.241 -323.706 0.907
-4.183 -30.585 -371.588 1.053
-73.320 70.029 -374.482 1.059
50.722 -9.241 -390.364 0.991
-92.308 14.414 -439.536 0.982
96.866 -70.519 -443.078 1.075
-43.315 10.680 -441.810 1.179
-72.425 -78.577 -361.030 1.087
-96.326 -14.898 -465.750 1.064
24.290 44.950 -317.560 1.171
45.189 -78.567 -360.650 0.827
