54.595 33.600 -334.050 1.056
94.914 44.512 -346.613 0.985
3.180 14.484 -401.901 0.955
95.511 -44.689 -316.066 1.069
-65.988 -14.554 -438.395 1.077
83.262 76.463 -462.766 1.024
99.617 63.508 -492.787 1.123
5.193 -14.964 -357.865 1.012
-17.003 85.916 -341.385 0.883
67.940 -13.108 -382.126 1.058
-75.382 33.352 -460.361 1.277
61.434 -52.867 -371.953 1.120
59.189 7.312 -457.140 1.066
75.675 70.220 -427.732 1.046
-55.317 -22.873 -368.055 0.913
20.792 -73.827 -325.015 0.897
4.403 18.224 -310.368 0.828
-29.426 42.631 -357.134 0.928
-11.691 15.748 -466.327 0.996
94.664 17.032 -412.113 0.884
-93.042 76.445 -493.726 1.020
-83.465 80.740 -416.637 0.957
-25.869 1.533 -344.823 0.859
-15.410 -8.975 -439.073 0.994
-28.258 -93.025 -330.447 1.010
54.934 33.010 -333.309 1.056
95.724 44.911 -347.203 0.985
2.852 15.114 -402.046 0.955
95.603 -44.917 -316.230 1.069
-66.955 -15.475 -439.036 1.077
83.450 75.657 -463.720 1.024
99.713 62.621 -493.347 1.123
5.804 -14.563 -357.118 1.012
-16.659 86.009 -340.664 0.883
67.656 -13.848 -382.461 1.058
-75.843 33.087 -461.279 1.277
60.659 -52.362 -372.415 1.120
59.552 7.073 -456.810 1.066
75.014 70.034 -428.607 1.046
-55.455 -22.441 -367.718 0.913
19.814 -74.674 -325.792 0.897
5.005 18.211 -310.606 0.828
-28.633 42.553 -356.640 0.928
-12.344 16.467 -465.532 0.996
95.146 17.650 -412.637 0.884
-92.094 76.096 -493.716 1.020
-83.953 80.291 -416.974 0.957
-25.449 2.262 -344.315 0.859
-16.101 -9.078 -438.636 0.994
-28.723 -93.494 -331.046 1.010
