41.492 -85.357 -448.210 0.961
-2.088 2.675 -406.869 1.012
-94.863 69.949 -372.010 0.992
54.982 -33.868 -350.344 0.869
-94.484 23.259 -486.425 1.032
-69.598 99.560 -305.917 0.977
-88.182 -13.043 -457.011 0.924
-20.139 -89.513 -396.452 0.899
-34.774 15.632 -491.136 1.008
-61.815 62.502 -437.271 0.970
71.825 8.832 -309.289 0.856
-59.502 -82.435 -452.904 0.957
20.689 -68.439 -381.642 0.854
2.104 16.728 -308.163 1.041
-1.890 23.078 -483.486 0.979
-5.703 -21.803 -301.818 0.957
48.357 11.853 -390.378 1.097
-43.188 -69.511 -456.793 0.917
-41.198 99.934 -325.995 0.723
74.192 90.395 -309.867 1.044
-10.723 4.206 -343.192 0.898
42.710 -10.250 -429.715 0.913
-19.555 -38.764 -343.953 1.111
68.227 -34.898 -376.796 1.020
-26.476 -94.405 -350.718 1.062
41.121 -85.925 -448.438 0.961
-3.047 2.456 -407.068 1.012
-95.567 69.199 -372.690 0.992
54.878 -34.309 -350.741 0.869
-94.404 22.444 -486.580 1.032
-68.912 99.355 -306.240 0.977
-88.060 -12.289 -456.250 0.924
-20.533 -89.194 -396.998 0.899
-34.046 15.480 -490.527 1.008
-62.000 61.960 -436.585 0.970
72.217 9.718 -308.574 0.856
-59.179 -82.995 -453.782 0.957
20.155 -67.521 -381.173 0.854
1.281 16.887 -308.744 1.041
-2.805 23.856 -483.464 0.979
-5.036 -21.329 -301.601 0.957
48.279 12.099 -390.175 1.097
-43.108 -69.961 -457.084 0.917
-41.110 99.372 -325.420 0.723
74.905 90.648 -310.758 1.044
-10.259 3.844 -342.895 0.898
41.787 -10.777 -430.331 0.913
-18.648 -39.686 -343.775 1.111
68.389 -35.124 -376.067 1.020
-26.730 -93.629 -349.845 1.062
