-15.434 -52.100 -319.039 0.909
19.010 24.539 -364.096 1.048
11.452 91.756 -482.945 1.064
-52.296 24.753 -320.850 1.062
-26.405 -46.215 -420.893 0.972
7.729 -35.639 -457.655 1.060
53.578 11.864 -492.401 0.970
23.123 -28.184 -319.565 0.921
-93.741 -30.887 -445.307 1.036
-57.306 46.804 -400.896 1.088
99.112 -86.669 -489.068 1.041
-47.285 62.791 -376.341 1.071
85.539 53.048 -459.606 0.952
-77.973 39.939 -410.996 0.843
-82.650 20.502 -483.364 0.892
47.577 -69.927 -374.670 0.976
41.212 -11.323 -310.854 1.039
-23.972 -32.923 -324.660 0.972
-55.357 -78.790 -464.405 0.970
-82.853 35.761 -488.800 0.927
61.870 62.017 -310.424 1.079
69.648 20.609 -421.158 1.216
82.916 -30.126 -404.946 1.039
17.224 -49.662 -365.282 1.194
-79.026 -48.912 -457.891 0.980
-16.153 -52.140 -318.484 0.909
18.776 23.609 -363.175 1.048
10.914 91.749 -482.788 1.064
-52.686 23.783 -320.413 1.062
-27.403 -45.997 -420.049 0.972
8.562 -36.009 -457.168 1.060
53.589 12.823 -492.803 0.970
23.686 -27.236 -319.183 0.921
-94.180 -30.576 -444.786 1.036
-56.374 45.851 -401.891 1.088
99.488 -86.254 -489.659 1.041
-47.617 63.162 -376.433 1.071
86.327 52.073 -459.958 0.952
-77.911 38.993 -410.921 0.843
-82.466 20.441 -483.964 0.892
47.694 -70.342 -374.415 0.976
40.437 -11.996 -310.180 1.039
-24.464 -33.274 -324.075 0.972
-55.202 -79.433 -464.875 0.970
-82.636 35.247 -489.688 0.927
62.738 62.165 -310.147 1.079
69.785 20.359 -420.860 1.216
83.456 -29.918 -404.521 1.039
17.197 -50.640 -365.109 1.194
-79.549 -48.766 -458.072 0.980
