81.137 63.492 -330.397 0.923
-43.546 63.262 -407.057 1.127
77.097 3.514 -319.368 1.060
-94.624 -88.188 -413.169 1.097
-76.298 1.316 -331.383 1.035
69.195 -59.957 -378.327 0.969
60.631 -39.186 -498.209 0.958
-58.647 8.303 -354.867 0.881
-39.391 79.818 -451.867 0.938
80.915 6.735 -485.520 1.059
-63.992 -74.269 -491.810 0.988
-13.214 47.338 -374.106 1.077
82.576 -61.954 -413.498 0.899
-21.843 -63.736 -377.170 1.058
-23.630 70.082 -372.355 1.184
42.746 -19.345 -414.389 1.145
-39.793 -69.001 -442.381 0.868
65.591 -29.351 -394.958 0.823
-59.135 -61.763 -303.716 1.027
-88.658 61.847 -328.843 1.125
22.869 2.878 -411.027 1.107
31.213 -33.462 -465.355 1.053
-20.922 -43.658 -451.493 0.980
-56.463 64.125 -355.373 0.973
-44.834 -21.035 -351.489 0.913
81.760 63.253 -330.611 0.923
-42.746 63.865 -407.438 1.127
76.799 4.183 -319.255 1.060
-94.893 -87.810 -412.741 1.097
-76.929 0.773 -331.053 1.035
69.398 -59.243 -378.319 0.969
61.563 -38.449 -497.732 0.958
-57.965 8.617 -355.137 0.881
-38.710 79.318 -452.251 0.938
80.752 6.996 -485.571 1.059
-64.501 -75.065 -491.647 0.988
-12.315 47.272 -373.428 1.077
83.460 -60.980 -412.988 0.899
-22.743 -64.652 -377.518 1.058
-23.835 69.826 -372.534 1.184
43.164 -18.535 -414.764 1.145
-40.727 -69.655 -442.760 0.868
66.477 -28.857 -394.322 0.823
-59.160 -61.309 -303.274 1.027
-87.723 60.936 -328.702 1.125
23.171 3.192 -411.627 1.107
31.910 -32.502 -466.131 1.053
-20.422 -43.131 -452.276 0.980
-56.488 64.687 -354.684 0.973
-43.883 -21.392 -351.571 0.913
