-74.922 19.767 -380.946 0.953
74.925 -10.938 -360.666 0.895
40.864 -99.482 -419.291 1.228
-66.329 -8.440 -321.576 0.906
71.052 -56.850 -437.963 0.907
35.712 78.732 -350.011 0.854
19.810 -25.959 -429.981 0.965
-62.130 71.708 -447.175 1.194
70.894 90.377 -480.071 1.057
-42.192 -9.604 -403.257 0.902
-40.224 26.263 -348.260 1.055
-72.658 -17.789 -324.591 1.122
62.512 26.736 -332.743 1.179
16.353 -51.566 -304.614 0.881
-40.215 70.947 -471.675 1.022
8.532 63.863 -444.469 1.075
60.390 -35.629 -380.990 1.054
-89.291 -45.270 -487.205 1.142
28.115 10.652 -368.350 0.885
5.208 64.392 -352.234 1.258
-98.019 83.653 -358.564 1.072
81.409 -58.059 -425.045 1.075
9.568 95.465 -314.579 1.091
30.508 27.819 -455.341 1.095
-51.461 64.478 -379.990 0.885
-75.748 20.477 -381.595 0.953
75.758 -10.703 -361.179 0.895
41.102 -99.633 -419.537 1.228
-65.984 -7.854 -320.654 0.906
70.329 -57.288 -438.218 0.907
35.291 79.211 -349.383 0.854
19.887 -25.444 -430.625 0.965
-61.773 71.259 -446.912 1.194
71.810 91.119 -480.744 1.057
-41.749 -9.829 -403.397 0.902
-40.181 27.104 -347.492 1.055
-73.070 -18.274 -325.411 1.122
63.420 27.694 -333.431 1.179
15.759 -51.112 -305.232 0.881
-40.191 70.505 -471.068 1.022
9.083 63.011 -444.676 1.075
60.115 -34.806 -381.777 1.054
-89.434 -45.331 -487.287 1.142
27.180 11.250 -368.330 0.885
4.632 63.751 -352.103 1.258
-98.557 83.405 -358.327 1.072
82.249 -58.059 -425.819 1.075
9.367 96.149 -315.411 1.091
30.313 27.032 -456.185 1.095
-52.371 65.102 -379.620 0.885
