61.347 43.946 -481.196 1.066
30.704 60.961 -333.123 0.921
15.535 -77.879 -342.274 0.860
-12.147 94.629 -397.188 1.063
78.608 -7.582 -487.949 1.098
48.091 -73.156 -385.187 0.930
-38.157 -33.870 -447.466 1.037
-88.003 -38.841 -316.912 0.954
-84.908 -46.981 -441.843 0.987
6.096 69.263 -301.000 1.110
82.825 -32.033 -469.544 1.304
-94.443 -70.003 -451.359 0.762
-58.274 -20.859 -370.758 1.094
-93.340 70.063 -352.577 1.120
53.440 90.588 -317.330 1.142
13.466 -95.626 -324.428 0.919
82.366 -89.908 -360.397 0.965
0.625 -39.983 -381.643 0.947
-62.293 -35.481 -399.152 0.998
-18.210 7.757 -312.638 1.157
-32.067 -59.362 -311.142 1.011
-69.694 -39.392 -316.192 1.049
-49.541 -74.993 -309.633 1.118
-85.538 21.616 -389.802 0.975
-61.490 -71.406 -329.404 0.969
61.407 43.922 -480.477 1.066
29.925 61.243 -333.691 0.921
15.683 -78.625 -341.577 0.860
-12.563 93.695 -397.478 1.063
78.881 -8.179 -488.727 1.098
47.419 -73.720 -384.993 0.930
-38.700 -33.684 -447.465 1.037
-87.041 -37.941 -317.555 0.954
-84.906 -47.369 -440.944 0.987
6.052 68.566 -300.893 1.110
81.867 -31.278 -470.408 1.304
-95.397 -69.976 -452.150 0.762
-58.611 -21.549 -370.538 1.094
-92.351 70.425 -353.277 1.120
53.692 91.180 -317.762 1.142
13.455 -95.098 -323.996 0.919
82.945 -88.954 -360.696 0.965
1.244 -40.786 -381.792 0.947
-61.308 -35.202 -399.483 0.998
-18.085 6.988 -313.343 1.157
-32.811 -59.224 -311.981 1.011
-69.371 -39.471 -315.450 1.049
-50.393 -75.030 -309.362 1.118
-85.011 21.737 -388.835 0.975
-61.196 -70.683 -328.510 0.969
