-96.219 -95.299 -494.585 0.943
73.654 -32.303 -331.330 0.876
61.544 57.956 -380.654 0.967
-78.542 -15.443 -369.977 1.085
-36.076 -70.959 -333.622 0.886
-17.924 -91.422 -496.667 1.011
-27.866 -15.703 -334.517 0.958
-42.841 -43.923 -339.142 1.170
-17.277 -92.456 -488.450 1.086
75.815 -12.785 -455.921 1.216
40.796 36.039 -430.848 1.192
96.714 -18.099 -447.890 1.044
-53.542 87.861 -330.982 0.878
-47.892 10.479 -466.454 1.041
-47.395 -30.519 -496.336 0.795
-15.182 0.594 -406.737 1.074
45.004 -83.504 -358.244 0.880
51.831 -32.915 -342.096 0.971
-28.774 -94.826 -418.031 0.829
-22.759 -18.974 -397.275 1.024
-33.430 50.146 -386.030 0.872
35.773 44.785 -494.465 1.158
-92.972 88.842 -421.521 1.178
-43.142 76.833 -399.495 1.172
10.772 -71.291 -349.829 1.121
-96.178 -96.004 -494.011 0.943
73.864 -31.396 -331.232 0.876
60.696 58.094 -380.811 0.967
-79.512 -14.984 -369.501 1.085
-36.244 -70.609 -333.758 0.886
-18.173 -91.259 -496.913 1.011
-28.161 -15.676 -335.175 0.958
-42.966 -44.340 -338.797 1.170
-16.294 -93.172 -487.714 1.086
75.475 -12.057 -456.563 1.216
41.395 35.916 -430.166 1.192
97.032 -17.716 -447.146 1.044
-54.222 88.336 -331.147 0.878
-47.220 10.866 -467.206 1.041
-47.702 -30.703 -495.802 0.795
-14.784 1.134 -406.674 1.074
44.732 -84.264 -358.287 0.880
52.753 -32.326 -342.938 0.971
-27.872 -93.969 -418.694 0.829
-22.782 -19.053 -397.499 1.024
-33.238 50.072 -385.715 0.872
35.168 45.363 -493.786 1.158
-92.017 88.079 -422.312 1.178
-43.955 75.905 -400.311 1.172
10.251 -71.862 -349.646 1.121
