-76.012 92.692 -315.236 1.143
-92.421 -68.306 -462.822 0.988
-81.839 32.764 -399.385 0.954
27.655 56.983 -394.744 1.035
-34.711 -8.729 -496.347 1.051
-96.182 18.473 -453.134 1.053
-22.032 24.650 -423.573 0.993
28.234 -18.835 -324.816 0.826
4.637 -97.937 -401.447 0.837
30.483 55.897 -479.571 0.980
-98.186 -64.515 -311.302 0.996
-68.882 50.936 -323.878 1.150
11.798 59.199 -415.546 1.120
3.459 -10.564 -413.227 1.045
13.895 -90.992 -412.104 1.023
-93.810 89.941 -428.659 1.083
83.552 51.574 -433.733 1.072
-25.919 -95.887 -439.542 0.790
-12.701 -87.140 -386.547 1.014
-87.278 6.518 -425.220 0.938
-38.111 -10.360 -416.396 0.964
20.459 -32.199 -496.720 1.136
94.309 -79.567 -447.304 0.895
-62.799 -3.929 -441.543 1.196
-61.174 -84.861 -413.672 0.963
-76.672 92.068 -315.484 1.143
-92.523 -69.098 -463.700 0.988
-81.802 31.829 -398.493 0.954
27.587 56.014 -394.511 1.035
-34.246 -8.391 -496.930 1.051
-95.716 18.011 -453.351 1.053
-22.909 25.192 -423.631 0.993
28.354 -18.312 -323.945 0.826
4.928 -98.120 -401.453 0.837
30.738 56.449 -478.814 0.980
-98.562 -64.634 -312.038 0.996
-68.025 51.255 -323.605 1.150
11.295 58.654 -415.019 1.120
3.771 -10.492 -412.930 1.045
13.615 -90.673 -411.298 1.023
-94.054 89.565 -429.398 1.083
84.087 51.148 -434.430 1.072
-26.616 -95.176 -439.303 0.790
-13.564 -86.859 -386.970 1.014
-87.700 7.018 -425.440 0.938
-38.377 -9.781 -416.415 0.964
20.787 -32.742 -496.555 1.136
93.614 -79.173 -446.507 0.895
-62.197 -4.722 -441.946 1.196
-60.379 -85.773 -414.105 0.963
