74.649 -6.923 -303.744 1.073
65.772 15.477 -346.497 1.116
13.853 -53.177 -345.518 0.895
9.400 30.762 -480.447 0.883
64.132 20.181 -363.673 1.192
6.026 -26.175 -372.786 1.061
14.824 -51.442 -430.866 0.990
2.818 -36.937 -427.179 0.897
49.387 62.604 -396.630 1.062
57.719 -90.157 -399.935 1.178
23.276 -73.249 -362.145 1.111
-64.378 53.962 -474.359 1.170
-33.559 29.051 -488.011 0.955
75.248 -86.979 -372.809 0.939
-15.506 31.004 -412.792 0.828
72.462 -27.065 -425.018 1.106
-94.552 65.168 -309.987 0.943
-33.371 -59.440 -490.697 0.953
11.020 -65.939 -487.775 0.957
37.386 33.930 -425.862 0.867
95.565 55.894 -385.281 0.979
-52.015 79.944 -381.440 0.801
38.827 -46.661 -368.224 1.009
-31.436 64.264 -348.025 0.939
56.937 -23.047 -308.622 0.991
74.903 -7.756 -304.413 1.073
65.836 16.323 -345.752 1.116
14.100 -54.094 -344.977 0.895
9.144 30.217 -481.048 0.883
64.227 20.863 -364.244 1.192
5.486 -26.119 -373.668 1.061
15.092 -51.356 -431.591 0.990
2.991 -36.485 -426.851 0.897
50.156 62.059 -396.617 1.062
57.688 -90.974 -400.922 1.178
23.619 -73.680 -362.071 1.111
-65.182 53.551 -474.905 1.170
-34.455 30.044 -487.729 0.955
75.467 -86.278 -372.892 0.939
-14.771 30.946 -413.693 0.828
72.290 -27.360 -424.745 1.106
-94.944 64.715 -310.088 0.943
-32.904 -59.578 -490.684 0.953
10.366 -66.773 -487.837 0.957
37.198 34.490 -425.867 0.867
94.687 56.334 -384.929 0.979
-52.914 79.243 -381.341 0.801
38.799 -47.356 -367.824 1.009
-30.896 64.081 -348.099 0.939
56.725 -23.466 -308.440 0.991
