49.851 81.668 -385.857 0.938
-49.662 17.782 -319.133 0.994
-46.231 -29.359 -325.354 1.059
-98.597 11.816 -349.330 0.812
4.611 -75.452 -319.879 0.957
3.251 80.960 -482.986 0.818
-56.893 90.680 -341.125 0.902
-13.969 -23.779 -400.551 1.030
-17.508 66.380 -448.336 1.236
-72.315 60.611 -452.946 1.008
30.727 17.492 -325.241 0.860
27.469 93.058 -339.692 1.035
26.522 -42.058 -408.411 1.026
-37.277 -36.718 -335.428 0.857
-53.277 -71.577 -458.224 1.007
67.142 10.945 -417.588 0.956
-68.151 -0.783 -481.903 0.897
-42.564 11.455 -347.292 1.144
-37.228 19.789 -424.390 0.883
-94.016 94.761 -397.053 0.871
-72.784 -33.469 -353.529 1.019
52.170 -53.751 -445.558 0.946
99.269 -70.907 -479.268 0.976
-0.500 -36.828 -444.132 0.924
25.362 42.713 -357.334 1.083
48.956 82.047 -386.543 0.938
-49.354 18.760 -318.775 0.994
-45.644 -28.489 -325.635 1.059
-98.623 11.478 -348.604 0.812
3.679 -76.184 -319.100 0.957
3.312 80.736 -482.633 0.818
-56.925 91.536 -340.292 0.902
-13.039 -23.977 -400.857 1.030
-16.650 66.101 -447.950 1.236
-71.519 60.103 -453.009 1.008
31.013 18.399 -326.036 0.860
27.913 93.529 -340.446 1.035
25.865 -41.105 -408.356 1.026
-37.305 -36.891 -334.956 0.857
-53.412 -70.919 -458.057 1.007
67.117 11.748 -418.213 0.956
-68.335 0.071 -481.606 0.897
-42.234 11.976 -348.130 1.144
-37.814 19.788 -424.845 0.883
-94.592 93.974 -397.786 0.871
-72.119 -32.712 -354.262 1.019
52.980 -53.722 -446.445 0.946
100.051 -71.259 -479.777 0.976
-0.405 -36.723 -443.938 0.924
25.559 41.780 -358.316 1.083
