39.734 58.282 -321.466 1.093
-78.263 71.104 -350.161 0.855
70.350 98.821 -345.175 0.977
-22.339 -60.551 -442.208 0.962
98.177 10.417 -399.395 0.925
-82.366 -41.166 -454.786 0.994
73.071 -67.095 -474.116 1.073
-90.971 -66.407 -410.723 0.954
80.319 86.018 -495.078 0.845
35.550 -20.137 -331.981 0.988
86.279 -17.334 -451.914 0.827
89.779 39.692 -448.313 0.734
61.900 -2.505 -444.630 0.971
-69.818 12.127 -383.414 0.894
-91.240 32.201 -465.626 1.127
-10.927 30.065 -361.416 0.928
-16.107 -3.324 -478.517 0.898
81.037 69.223 -300.330 0.980
10.604 -4.776 -434.884 1.038
-28.177 84.201 -320.386 1.040
-31.813 -80.194 -396.126 0.821
-67.785 48.052 -481.344 0.961
-82.005 89.387 -396.099 1.073
-99.282 33.799 -419.469 1.027
18.665 49.848 -484.812 0.948
39.832 57.512 -321.153 1.093
-77.693 70.938 -350.749 0.855
70.662 98.786 -345.434 0.977
-23.026 -61.535 -442.699 0.962
99.173 9.925 -399.497 0.925
-82.202 -42.114 -455.290 0.994
72.741 -66.909 -473.358 1.073
-90.814 -65.412 -409.773 0.954
80.161 86.358 -495.717 0.845
36.214 -19.345 -332.691 0.988
86.761 -17.133 -451.354 0.827
88.930 39.723 -447.718 0.734
62.116 -1.855 -444.374 0.971
-69.467 11.426 -383.770 0.894
-91.107 31.870 -465.667 1.127
-11.705 29.914 -362.169 0.928
-15.532 -3.624 -479.358 0.898
80.335 69.951 -300.769 0.980
11.265 -4.236 -435.147 1.038
-27.630 84.578 -320.505 1.040
-31.057 -80.958 -395.793 0.821
-67.109 47.486 -480.368 0.961
-81.583 88.619 -395.658 1.073
-99.118 33.014 -418.670 1.027
18.018 50.344 -485.447 0.948
