96.878 26.167 -472.579 0.872
75.337 38.724 -384.786 1.070
46.957 66.077 -391.661 1.089
46.462 -43.262 -486.003 0.885
69.872 -41.166 -460.204 1.197
67.330 -43.797 -481.443 1.051
-73.758 35.383 -434.628 1.022
70.441 -68.200 -331.802 0.881
27.331 11.105 -319.191 0.953
-16.327 52.889 -413.063 0.967
89.882 66.252 -437.523 0.852
37.900 9.472 -411.083 1.087
44.030 16.700 -431.530 0.889
5.016 -4.487 -454.233 0.679
85.307 -27.390 -436.544 1.295
30.727 30.509 -364.357 1.063
50.547 54.303 -370.803 1.082
83.066 65.103 -313.049 1.019
-92.684 75.639 -401.697 0.920
-13.205 26.585 -377.074 1.044
-75.423 48.354 -448.054 1.146
94.022 -70.670 -474.152 0.886
83.746 -4.710 -383.230 1.074
-84.292 -87.921 -372.510 0.894
-33.804 -99.925 -336.396 0.904
95.971 26.165 -472.033 0.872
74.827 39.221 -385.723 1.070
47.733 66.658 -392.135 1.089
45.814 -43.756 -485.850 0.885
70.563 -42.081 -459.360 1.197
67.418 -43.403 -480.899 1.051
-74.621 36.335 -435.043 1.022
69.565 -67.523 -331.890 0.881
26.805 11.388 -319.845 0.953
-16.930 52.315 -412.144 0.967
90.522 67.166 -437.012 0.852
38.111 9.921 -410.800 1.087
45.009 15.702 -431.885 0.889
4.632 -3.611 -453.536 0.679
85.306 -26.964 -437.353 1.295
31.420 29.841 -363.645 1.063
50.313 54.019 -371.284 1.082
82.881 65.824 -313.358 1.019
-91.982 74.769 -402.680 0.920
-12.840 26.563 -377.370 1.044
-75.754 47.756 -447.427 1.146
93.492 -70.611 -474.272 0.886
84.382 -3.933 -383.687 1.074
-85.175 -88.031 -371.734 0.894
-33.352 -98.934 -336.896 0.904
