17.097 96.741 -435.911 1.070
1.929 -61.751 -467.365 0.866
-52.093 7.599 -448.783 1.023
-19.865 2.576 -422.363 0.965
-11.108 66.604 -496.876 1.001
-53.416 -45.545 -398.783 0.877
78.107 -60.177 -310.374 0.965
44.215 -34.569 -349.936 0.904
-31.443 -81.198 -350.303 1.129
63.126 40.907 -379.571 1.084
60.167 -45.528 -362.576 0.880
-32.879 -79.240 -486.260 1.065
-52.908 -69.569 -372.848 0.810
-32.930 60.832 -308.752 0.957
88.120 -19.241 -472.224 1.115
-4.999 4.861 -406.886 0.962
-43.392 -37.465 -468.383 0.966
-89.034 22.880 -421.893 0.846
89.235 40.247 -349.239 1.010
-12.887 -92.411 -464.098 0.933
-82.712 6.897 -458.854 0.895
83.741 9.847 -372.913 1.045
-73.150 16.589 -307.602 1.032
96.058 -94.963 -441.798 1.144
-20.116 -18.919 -405.212 0.921
18.022 96.427 -436.083 1.070
1.429 -61.095 -467.508 0.866
-51.464 8.446 -448.142 1.023
-20.316 1.830 -422.419 0.965
-12.092 65.692 -496.232 1.001
-53.083 -46.001 -398.693 0.877
77.612 -60.913 -311.286 0.965
43.833 -35.079 -349.317 0.904
-31.991 -80.615 -350.699 1.129
63.630 40.893 -378.844 1.084
60.343 -45.383 -362.760 0.880
-33.009 -79.446 -487.215 1.065
-51.919 -69.914 -372.842 0.810
-32.865 60.557 -308.620 0.957
88.782 -19.409 -471.571 1.115
-4.432 5.751 -406.951 0.962
-43.513 -37.541 -469.096 0.966
-88.640 22.369 -421.187 0.846
90.064 41.231 -349.379 1.010
-13.306 -91.579 -464.620 0.933
-82.260 6.586 -458.057 0.895
82.803 10.706 -372.553 1.045
-72.229 16.967 -307.462 1.032
96.035 -95.508 -440.843 1.144
-20.651 -17.920 -405.862 0.921
