24.142 -43.558 -317.685 1.008
90.512 -70.478 -448.601 0.950
-14.697 93.977 -387.355 1.123
52.275 -54.003 -323.832 0.877
-55.320 -19.386 -409.350 1.123
27.100 -62.756 -324.081 1.076
-97.039 15.687 -349.621 1.092
99.464 28.948 -497.500 1.007
-67.053 -10.631 -374.030 1.033
-25.047 51.506 -388.675 1.056
-2.740 -97.075 -445.826 0.936
99.082 -27.521 -449.996 1.122
-53.337 -82.451 -457.703 0.927
-58.492 -6.538 -442.200 1.057
-6.887 -29.322 -432.334 1.009
-44.983 60.314 -301.856 1.026
24.633 32.520 -347.660 1.080
-10.534 -53.669 -349.105 0.901
60.404 21.350 -364.087 1.097
-30.920 -72.763 -466.752 0.966
51.815 25.177 -387.947 1.038
83.588 -96.669 -346.214 0.925
4.008 -24.070 -480.529 1.053
-70.662 -8.657 -369.532 1.029
96.909 79.680 -495.921 1.062
23.176 -43.650 -318.213 1.008
91.269 -69.532 -448.685 0.950
-14.560 94.745 -387.516 1.123
52.056 -53.724 -323.769 0.877
-55.986 -19.975 -409.277 1.123
27.117 -62.569 -323.429 1.076
-97.433 15.133 -349.912 1.092
99.256 29.627 -498.141 1.007
-67.990 -10.220 -374.754 1.033
-24.829 52.308 -387.988 1.056
-2.285 -96.103 -445.179 0.936
98.213 -27.197 -449.346 1.122
-54.172 -83.237 -458.199 0.927
-59.471 -6.635 -442.935 1.057
-6.757 -29.976 -433.146 1.009
-45.127 59.718 -302.622 1.026
25.285 31.554 -346.890 1.080
-11.047 -53.046 -349.135 0.901
60.943 21.781 -364.349 1.097
-30.825 -72.887 -467.266 0.966
52.738 25.355 -387.007 1.038
84.069 -97.409 -346.926 0.925
4.741 -24.334 -480.887 1.053
-71.418 -8.710 -369.956 1.029
97.697 79.835 -495.002 1.062
