-38.465 44.490 -387.025 0.836
-42.483 13.529 -370.340 1.001
66.712 -79.826 -391.792 1.077
-66.087 43.533 -352.889 1.089
-7.037 -95.296 -411.028 1.003
79.982 24.368 -434.204 1.061
-4.152 50.902 -395.500 0.753
-10.645 -16.999 -339.550 1.109
-65.972 78.049 -364.730 1.103
-31.410 -87.810 -390.576 0.877
21.903 99.301 -445.726 1.012
73.678 63.692 -433.256 0.942
-97.697 37.749 -361.110 0.912
22.112 32.432 -430.505 1.028
46.230 4.634 -356.174 0.912
78.925 -6.801 -496.873 0.989
53.195 -15.374 -434.776 1.106
68.268 -29.732 -348.912 0.846
-26.448 -3.886 -355.559 1.035
70.019 -52.980 -394.575 1.031
-55.848 90.302 -461.643 0.997
2.507 -0.293 -464.461 1.038
11.783 -24.206 -342.453 1.059
30.798 85.013 -364.868 1.145
51.657 0.234 -466.882 0.789
-37.472 43.778 -386.900 0.836
-43.043 13.456 -370.651 1.001
65.804 -79.561 -391.530 1.077
-65.895 43.094 -353.426 1.089
-6.436 -94.844 -410.292 1.003
79.705 24.083 -434.201 1.061
-3.772 51.698 -395.395 0.753
-10.910 -16.675 -338.780 1.109
-65.261 78.804 -365.361 1.103
-31.849 -87.303 -390.690 0.877
20.917 99.458 -444.872 1.012
73.795 62.745 -433.377 0.942
-98.455 37.350 -360.481 0.912
21.659 32.638 -430.881 1.028
46.468 3.815 -356.823 0.912
79.352 -6.560 -496.299 0.989
53.980 -14.581 -434.626 1.106
67.395 -30.345 -348.902 0.846
-26.979 -4.790 -355.316 1.035
69.079 -53.194 -393.770 1.031
-55.465 90.009 -461.317 0.997
2.601 -0.811 -464.689 1.038
11.174 -24.892 -342.570 1.059
31.203 85.463 -364.512 1.145
51.216 0.779 -466.526 0.789
