-57.324 -24.195 -406.902 0.948
32.876 26.902 -352.710 0.874
29.134 -45.532 -484.989 1.088
-64.511 66.978 -388.710 1.043
-50.062 5.453 -450.503 1.008
49.513 -19.037 -335.117 0.862
-29.885 38.868 -370.994 0.779
-53.714 17.197 -302.159 0.954
7.685 -42.966 -448.128 1.043
-51.779 -43.467 -497.595 1.052
2.946 11.718 -381.105 1.013
-77.000 -38.599 -479.388 0.929
-90.819 47.505 -303.277 1.007
10.470 7.690 -362.325 0.856
-68.995 -42.785 -330.504 1.040
65.928 -99.164 -302.753 1.042
-16.531 58.915 -384.203 0.937
88.303 -44.727 -301.090 1.153
-75.157 27.597 -403.848 0.958
-65.359 32.985 -489.956 1.061
21.531 9.399 -464.693 0.801
-55.916 3.944 -342.880 1.135
4.451 67.172 -305.990 0.980
-90.138 11.979 -483.935 1.157
8.357 33.874 -381.473 0.974
-58.282 -23.341 -406.684 0.948
33.067 26.065 -353.262 0.874
29.810 -46.088 -484.915 1.088
-64.256 66.177 -389.222 1.043
-49.248 4.908 -450.330 1.008
50.495 -19.154 -334.894 0.862
-30.093 38.529 -371.605 0.779
-54.571 17.908 -301.172 0.954
7.743 -43.021 -448.915 1.043
-52.141 -43.650 -497.336 1.052
3.754 11.742 -380.897 1.013
-77.914 -37.791 -478.961 0.929
-90.500 47.927 -304.243 1.007
10.254 6.808 -361.910 0.856
-69.847 -42.454 -329.936 1.040
66.712 -98.628 -302.416 1.042
-15.828 59.302 -385.092 0.937
89.127 -45.223 -301.058 1.153
-74.633 27.710 -403.814 0.958
-64.580 33.897 -490.348 1.061
20.635 9.405 -464.298 0.801
-54.985 3.509 -343.851 1.135
3.687 66.628 -305.998 0.980
-90.615 12.404 -484.211 1.157
7.627 33.196 -381.855 0.974
