62.771 -79.646 -337.294 1.072
-79.478 -75.111 -434.142 0.973
-81.358 48.538 -377.231 1.139
24.681 90.686 -484.212 0.939
67.613 3.319 -401.157 1.182
95.027 -83.803 -310.056 0.812
-13.485 -92.754 -456.104 0.981
91.106 34.989 -408.310 1.002
-9.385 67.243 -376.719 1.058
-25.562 -22.812 -385.526 0.899
-41.584 -64.472 -441.126 0.912
-79.955 68.351 -483.416 1.164
-4.812 -99.073 -361.140 0.819
-87.500 -12.467 -453.768 1.028
-28.342 -29.228 -443.610 0.926
-46.928 7.748 -454.125 1.006
-30.804 19.920 -429.522 1.146
57.907 -34.437 -389.357 1.083
-78.999 -83.632 -415.018 0.935
87.482 -31.661 -409.772 0.908
-24.640 97.529 -492.118 1.102
-50.541 -78.492 -479.797 1.043
67.513 -27.300 -466.900 0.941
30.459 -85.582 -482.206 0.847
-69.150 -48.025 -341.554 0.983
62.326 -79.459 -337.487 1.072
-79.497 -75.882 -434.859 0.973
-81.633 48.717 -377.103 1.139
24.813 90.858 -483.255 0.939
68.280 2.486 -401.540 1.182
94.764 -83.339 -309.686 0.812
-12.880 -92.271 -455.844 0.981
90.896 35.791 -409.006 1.002
-9.665 66.375 -376.268 1.058
-24.676 -23.495 -386.480 0.899
-42.033 -65.211 -441.409 0.912
-80.746 67.873 -483.741 1.164
-4.752 -98.530 -360.976 0.819
-86.760 -12.440 -454.332 1.028
-27.978 -29.554 -443.799 0.926
-47.040 8.154 -453.393 1.006
-29.822 20.203 -429.646 1.146
57.446 -35.335 -388.712 1.083
-78.989 -83.822 -414.889 0.935
87.552 -31.235 -409.356 0.908
-25.156 97.989 -492.861 1.102
-51.423 -79.097 -478.984 1.043
67.999 -28.113 -466.520 0.941
30.661 -84.721 -482.850 0.847
-69.379 -48.065 -341.993 0.983
