15.851 -93.703 -430.615 1.044
-68.831 52.328 -412.032 0.882
-70.188 31.369 -482.985 0.971
18.165 -82.275 -387.247 0.917
-72.269 23.514 -487.093 1.166
-84.174 90.897 -327.688 0.984
-40.958 -1.868 -349.592 1.108
-87.884 -57.633 -323.691 0.996
-0.122 -79.814 -321.388 0.910
48.080 -19.585 -326.571 1.009
93.218 -81.199 -361.913 1.005
4.440 86.423 -306.144 1.057
-22.872 -22.304 -422.243 0.941
95.856 -61.229 -384.560 0.999
-37.768 80.566 -496.758 1.136
17.979 16.914 -455.022 1.197
3.729 -27.649 -312.780 1.080
-4.915 -58.513 -364.500 1.003
66.688 -38.890 -417.190 0.886
-69.165 -90.183 -498.585 1.250
57.658 -45.291 -472.711 0.984
75.763 11.771 -306.844 0.856
-82.979 -59.092 -314.346 0.982
-61.880 0.392 -489.404 0.912
19.229 77.444 -327.480 0.836
15.593 -93.606 -430.206 1.044
-69.080 51.964 -412.208 0.882
-70.316 32.216 -482.222 0.971
18.942 -82.683 -387.551 0.917
-71.600 22.595 -486.343 1.166
-85.165 91.587 -328.521 0.984
-41.929 -1.296 -349.082 1.108
-87.004 -58.108 -323.759 0.996
-0.823 -80.200 -321.261 0.910
47.452 -20.321 -326.497 1.009
93.045 -81.364 -362.100 1.005
4.694 86.796 -307.125 1.057
-22.392 -23.098 -421.284 0.941
95.348 -61.523 -384.891 0.999
-38.550 80.345 -496.563 1.136
18.430 17.412 -454.943 1.197
3.531 -28.481 -312.448 1.080
-3.939 -58.995 -364.527 1.003
67.276 -38.938 -416.756 0.886
-69.602 -90.771 -497.720 1.250
57.240 -45.028 -472.653 0.984
74.939 11.172 -306.589 0.856
-82.725 -59.491 -313.783 0.982
-62.738 0.914 -488.807 0.912
20.169 76.946 -327.489 0.836
