30.787 -28.596 -409.309 1.063
-8.702 -42.381 -468.782 1.074
-18.960 87.323 -483.644 1.018
13.321 -25.794 -325.857 1.025
-27.953 -25.683 -496.790 1.140
-26.222 18.763 -389.799 0.985
12.569 -49.114 -327.125 0.970
14.301 78.583 -336.318 1.093
-63.118 -41.905 -406.423 0.969
-88.934 -18.731 -382.813 1.113
85.958 -42.327 -316.900 0.968
41.872 1.893 -373.616 0.946
30.131 -82.981 -346.839 0.968
-22.857 -35.832 -397.078 1.157
-80.726 -63.517 -383.604 0.955
27.731 -7.880 -422.072 0.972
84.089 -93.710 -375.380 0.921
-56.944 -47.830 -312.195 0.876
-1.142 27.003 -337.703 1.002
47.425 39.905 -309.961 1.044
-26.950 64.638 -462.716 1.003
-96.694 -5.528 -392.839 0.984
53.854 9.246 -440.239 0.941
48.202 -3.055 -326.990 1.075
-79.510 65.354 -306.068 1.010
30.983 -27.965 -409.114 1.063
-7.901 -41.857 -469.426 1.074
-19.948 87.411 -483.000 1.018
13.444 -26.722 -326.712 1.025
-27.828 -25.993 -496.216 1.140
-25.394 19.253 -389.358 0.985
13.508 -49.356 -326.981 0.970
15.060 79.468 -335.325 1.093
-62.235 -40.915 -405.916 0.969
-89.077 -19.172 -383.787 1.113
85.420 -42.378 -317.096 0.968
42.152 1.544 -372.925 0.946
30.012 -83.277 -346.910 0.968
-21.902 -36.633 -396.343 1.157
-80.605 -63.861 -383.629 0.955
27.543 -6.926 -422.788 0.972
84.563 -92.770 -375.061 0.921
-57.931 -46.907 -311.988 0.876
-0.470 27.334 -337.300 1.002
46.605 40.658 -310.220 1.044
-27.624 65.504 -463.345 1.003
-97.097 -6.355 -393.384 0.984
54.208 9.179 -440.049 0.941
47.298 -2.456 -327.202 1.075
-79.385 64.491 -306.941 1.010
