-8.316 13.597 -328.956 1.066
34.900 -57.465 -493.561 1.144
48.524 -1.731 -443.766 1.012
-46.153 27.459 -318.670 1.078
36.981 -60.980 -308.149 0.913
-85.367 57.489 -318.792 0.923
-41.250 -62.953 -381.353 0.855
42.021 38.136 -399.962 0.965
82.374 10.621 -497.160 1.152
12.289 25.469 -409.988 1.131
-55.627 -80.502 -319.400 1.065
-97.064 27.425 -385.156 1.109
-40.709 -94.103 -418.107 1.002
24.874 -1.857 -333.278 1.149
-74.023 -91.017 -453.479 0.879
-97.862 -8.608 -480.752 1.079
39.856 -2.313 -472.583 1.068
-72.429 18.944 -477.272 1.002
-17.428 -77.248 -484.624 0.916
-18.408 5.320 -452.794 1.135
-70.884 7.264 -316.108 0.966
-28.558 -77.192 -371.896 1.077
-35.658 11.741 -389.097 0.724
88.615 -99.288 -391.207 1.118
-65.156 31.741 -325.824 1.003
-9.250 13.822 -328.640 1.066
34.604 -57.598 -492.925 1.144
48.642 -2.225 -442.964 1.012
-45.399 27.503 -319.051 1.078
37.692 -59.985 -308.391 0.913
-84.385 58.428 -317.988 0.923
-42.126 -62.443 -381.766 0.855
42.819 38.686 -400.773 0.965
82.417 10.902 -497.294 1.152
11.881 25.113 -410.166 1.131
-55.608 -80.412 -319.204 1.065
-98.015 27.128 -385.916 1.109
-40.435 -93.822 -418.813 1.002
24.893 -1.179 -332.647 1.149
-74.733 -91.131 -453.391 0.879
-98.660 -8.424 -479.871 1.079
39.403 -3.226 -472.611 1.068
-73.330 19.248 -477.793 1.002
-17.880 -77.828 -484.381 0.916
-18.823 5.572 -453.463 1.135
-69.915 7.383 -315.962 0.966
-28.966 -77.563 -371.190 1.077
-35.371 11.958 -388.821 0.724
89.232 -98.913 -391.258 1.118
-64.868 31.141 -326.224 1.003
