-5.638 -71.605 -470.705 0.903
83.351 -74.800 -426.357 1.021
-77.770 4.375 -367.644 1.074
-37.472 67.996 -311.345 0.934
-41.967 -97.195 -452.908 1.170
-35.405 96.867 -311.088 0.927
-14.327 81.899 -471.796 0.880
60.634 -43.048 -498.999 1.043
71.584 -39.942 -318.635 1.014
-67.116 35.713 -389.229 0.814
-52.607 55.732 -349.286 0.916
-84.953 -17.467 -391.082 0.852
-62.190 66.227 -349.010 1.021
52.641 75.305 -449.632 1.151
-23.386 1.386 -455.391 0.897
-64.342 -6.073 -412.334 1.059
90.204 -62.930 -413.435 0.996
-27.921 53.754 -422.510 0.911
29.925 58.275 -481.608 0.981
-95.189 -19.687 -394.946 0.984
-92.611 -0.160 -477.556 0.873
43.098 -19.690 -400.663 0.858
-46.904 -36.405 -409.152 0.876
-49.330 36.744 -410.093 0.965
70.679 59.817 -463.798 1.013
89.230 76.356 -419.323 1.103
-35.469 -85.266 -496.549 0.951
-87.316 22.459 -336.725 1.034
29.662 24.401 -322.151 1.051
68.069 1.610 -468.854 1.045
-77.631 -82.849 -492.310 0.854
75.410 -87.717 -350.921 0.881
65.751 -61.971 -321.773 1.061
45.952 8.218 -473.217 1.130
9.947 -36.089 -423.563 1.007
-41.202 -37.333 -451.337 1.040
85.598 57.003 -374.216 1.099
-84.155 64.779 -443.549 0.944
40.707 -62.002 -417.966 1.078
10.868 -91.318 -309.069 0.992
-1.325 49.630 -402.184 1.049
-41.932 41.072 -314.041 0.997
39.716 -76.160 -489.568 1.148
-20.733 24.814 -394.910 0.880
13.055 -61.072 -381.145 1.052
-89.356 89.391 -354.819 0.887
-55.028 -67.601 -320.046 0.734
-55.027 -96.239 -492.403 0.978
50.845 32.390 -349.975 1.075
48.172 -92.911 -403.571 1.176
34.572 -95.441 -416.779 1.032
67.224 64.280 -430.633 0.986
25.626 -71.185 -487.311 0.977
-8.349 -78.369 -414.440 1.128
-29.361 77.198 -479.325 1.165
-37.677 23.601 -499.164 0.951
60.741 62.874 -392.550 0.886
-66.097 2.942 -306.192 1.140
-71.535 74.970 -392.178 0.974
47.104 11.074 -476.639 0.729
-78.223 -19.905 -369.242 0.909
76.031 -32.396 -424.680 0.992
52.236 12.091 -437.737 0.966
-50.326 56.959 -443.843 1.096
-98.038 30.402 -316.684 0.932
-99.914 68.137 -480.229 1.145
-35.955 59.613 -465.021 0.956
-93.142 63.045 -491.447 1.093
21.232 87.107 -424.841 0.954
-17.969 -22.829 -400.977 0.858
-74.494 -66.326 -311.308 0.901
75.186 37.255 -470.849 0.867
-75.553 17.058 -365.686 0.888
-21.651 -42.827 -430.604 1.001
-30.084 -55.294 -438.794 1.097
-59.617 96.782 -370.678 1.086
-26.285 -38.639 -491.416 1.076
61.775 19.691 -362.248 1.009
-72.906 26.213 -454.484 1.089
-97.317 96.609 -398.382 1.034
-30.577 74.361 -473.081 0.970
10.538 -23.350 -464.568 0.884
-34.954 -39.774 -353.523 0.926
-15.375 -96.431 -488.940 0.953
-43.195 11.828 -360.929 1.182
-68.212 -73.711 -396.443 0.888
92.623 -62.330 -485.007 1.031
17.851 -9.891 -472.388 1.123
-70.037 -94.839 -329.420 1.183
31.877 -73.064 -354.236 1.034
14.047 -53.536 -380.537 1.041
10.483 83.875 -386.231 0.892
-68.790 9.389 -305.506 1.046
-92.161 -7.179 -311.810 0.942
-67.220 0.565 -353.418 1.158
-94.953 61.782 -432.637 1.037
74.532 -15.484 -440.474 1.042
-29.510 71.837 -420.683 0.798
50.358 8.893 -450.644 1.002
13.549 -43.632 -359.295 0.950
95.364 54.367 -474.240 1.071
67.206 -69.520 -460.829 0.947
54.281 -28.429 -485.346 0.879
-72.925 63.037 -431.545 0.968
4.052 -74.264 -418.390 1.073
-92.878 -17.672 -445.846 0.948
49.238 -58.905 -395.403 0.964
22.376 39.143 -319.232 0.962
-75.858 -53.356 -488.930 1.128
-47.334 -76.776 -336.955 0.991
-70.244 15.120 -397.915 0.861
-76.272 -11.399 -413.372 1.184
77.272 21.482 -333.220 0.863
-36.717 -36.248 -422.075 0.964
51.324 6.141 -452.075 0.934
-59.932 -59.053 -355.743 0.937
68.153 -46.695 -455.434 1.119
-91.762 14.971 -394.872 1.090
-64.156 -17.248 -473.900 1.078
-27.031 31.063 -482.994 0.902
-55.646 -27.046 -387.925 0.851
89.327 -74.567 -396.065 0.791
-32.606 -24.335 -306.755 0.994
-28.513 -27.144 -322.737 1.184
90.622 -83.694 -375.493 1.120
29.348 47.083 -479.637 1.074
36.864 -56.028 -329.330 0.913
-74.767 7.831 -380.516 1.063
36.176 -21.069 -308.485 0.951
35.247 -10.821 -349.494 1.036
-39.685 21.636 -405.807 0.985
87.283 24.167 -420.264 1.033
12.723 -27.412 -492.375 1.029
-93.696 -11.322 -482.600 1.039
2.821 -52.903 -387.221 0.866
-84.458 -81.946 -498.305 1.008
51.534 39.589 -395.583 1.081
-74.407 26.747 -426.614 0.929
23.122 -15.589 -483.875 0.939
87.663 90.949 -474.708 0.919
19.332 4.849 -429.816 0.833
51.982 17.994 -377.240 0.931
-15.597 -12.800 -429.051 0.894
93.767 9.935 -492.248 0.917
-79.918 13.679 -342.638 0.986
60.224 82.319 -441.358 0.789
41.044 -35.110 -461.900 1.017
-43.787 -34.051 -355.993 1.034
-29.969 76.685 -376.094 0.991
-46.063 -66.677 -327.675 0.922
-98.679 66.219 -314.695 1.175
81.986 71.826 -392.917 1.025
15.053 -93.343 -372.949 1.026
59.376 -55.580 -402.228 0.998
-48.363 -78.289 -360.525 1.019
-5.234 21.156 -403.333 0.854
-0.294 54.123 -326.234 0.875
-42.287 -42.959 -406.460 0.810
-39.583 57.900 -357.153 0.804
86.011 -28.991 -410.981 0.971
61.118 -43.205 -443.363 1.007
54.131 2.160 -405.967 1.104
-65.349 -57.923 -323.802 0.875
28.594 18.054 -439.903 0.839
-39.004 12.969 -433.007 1.034
-9.644 65.571 -423.458 0.913
98.599 79.864 -367.902 0.945
57.801 33.783 -374.601 1.107
51.969 -10.806 -362.443 0.978
90.129 14.598 -480.219 1.023
76.594 -6.519 -333.780 1.054
-73.392 26.589 -374.235 0.992
33.494 -76.009 -486.974 1.042
-96.837 74.396 -315.916 1.000
-79.289 63.563 -399.896 1.162
-56.674 13.088 -464.698 0.867
57.400 -20.242 -415.757 1.174
-78.148 66.665 -459.537 0.860
-50.544 34.982 -479.091 0.941
-93.104 -36.072 -499.041 0.970
-51.289 39.095 -383.142 0.921
-40.812 86.232 -482.790 1.095
71.530 -26.153 -365.504 1.287
-32.430 78.674 -463.890 1.287
-51.200 -55.815 -421.921 0.968
27.308 -11.422 -402.360 1.065
-11.348 69.020 -337.802 0.978
2.435 -15.137 -380.166 1.117
10.953 93.516 -498.941 0.953
-57.451 -1.896 -317.999 0.941
-20.689 66.835 -323.113 1.058
66.757 40.343 -424.371 1.075
58.207 -66.019 -338.516 0.937
58.618 -8.343 -432.935 1.045
68.691 -15.238 -395.828 1.006
81.945 -2.627 -452.223 0.847
9.211 81.573 -325.409 0.934
-89.812 -11.204 -361.583 1.172
71.128 48.308 -332.086 0.867
-60.378 -83.922 -473.684 0.954
-99.599 -93.500 -377.113 0.837
25.357 -72.700 -329.967 0.951
-42.099 32.732 -398.492 0.984
40.375 -0.484 -351.247 0.954
99.798 -73.358 -378.659 0.906
-92.427 -58.084 -425.095 1.052
14.976 76.948 -463.787 0.914
-69.909 5.220 -353.106 1.162
-74.391 54.170 -453.666 1.063
-80.142 -97.175 -436.454 0.968
75.964 48.044 -399.352 0.800
-83.198 -20.875 -497.921 0.912
5.785 -82.902 -397.403 0.787
-23.979 18.145 -383.446 1.066
91.378 -75.441 -369.014 1.177
-55.967 83.633 -447.581 1.123
90.586 -44.565 -314.440 0.850
75.819 -88.781 -381.928 0.877
58.482 39.873 -414.732 0.975
71.309 59.492 -473.655 1.060
3.566 68.828 -472.936 1.025
34.482 81.168 -324.503 0.994
39.393 35.433 -303.611 0.986
-12.282 32.383 -326.965 1.017
-91.195 -72.239 -339.420 0.881
65.905 -0.309 -372.982 1.081
0.366 88.871 -318.588 0.899
-90.658 81.098 -457.271 1.018
-22.423 -8.498 -306.762 0.927
-55.377 14.830 -479.776 0.902
59.959 -79.898 -470.727 0.941
59.214 -36.157 -477.461 1.159
-37.988 57.313 -456.594 0.973
1.290 -47.063 -372.637 1.123
-57.393 -60.861 -405.649 1.007
-41.712 -60.691 -422.458 1.006
-93.305 53.135 -340.297 1.073
-5.741 -37.039 -498.400 0.777
-74.131 -96.559 -379.930 0.915
-11.659 -73.134 -320.865 0.848
-52.956 34.395 -331.499 1.008
29.996 80.992 -313.242 1.036
-33.191 84.767 -311.259 0.931
32.229 7.311 -416.609 1.002
-92.776 76.243 -314.984 0.868
-32.128 -73.733 -488.436 0.880
-47.996 81.468 -443.915 0.973
20.231 -95.277 -373.470 0.856
-22.921 92.563 -339.039 1.007
34.984 -3.540 -372.689 1.023
-69.783 -18.271 -308.595 1.021
23.842 -13.447 -346.031 1.216
60.888 -88.823 -402.762 0.932
18.316 -56.553 -362.525 0.992
-20.057 94.205 -392.841 1.093
52.156 -64.344 -313.603 0.975
-36.643 -4.632 -334.591 1.033
45.325 -95.785 -431.741 0.896
95.724 54.811 -483.233 1.093
-46.470 -58.870 -435.572 0.920
-49.743 -15.958 -343.576 0.994
-0.996 69.614 -400.982 0.859
90.276 72.588 -313.831 1.104
48.772 84.206 -384.809 0.918
-31.678 -94.930 -390.372 0.975
-2.698 87.862 -451.096 1.091
87.616 71.205 -360.294 0.959
93.585 46.964 -328.107 1.080
48.159 -63.250 -465.460 0.960
30.831 -15.104 -391.976 1.025
-4.362 -2.080 -493.629 0.996
-19.298 -88.648 -371.927 0.933
-33.375 -7.473 -330.858 0.814
-69.485 -20.161 -477.087 1.119
-10.680 19.702 -314.996 1.047
-65.440 -22.351 -484.297 1.102
18.097 -12.175 -487.639 1.035
-33.195 -88.541 -382.425 1.000
-71.000 1.575 -466.831 0.919
-51.677 19.068 -487.566 1.117
66.431 33.706 -385.191 1.055
-45.006 -43.132 -449.107 1.104
84.650 -34.487 -454.075 1.039
5.514 93.594 -430.818 0.969
90.080 25.917 -322.723 0.934
81.203 55.375 -451.186 0.929
40.436 65.305 -405.879 0.944
-97.245 2.720 -363.611 1.023
-83.254 -88.159 -336.935 0.983
68.084 10.037 -367.886 0.999
-4.858 70.847 -482.883 0.995
-68.840 9.983 -352.398 1.066
-16.451 36.625 -493.242 0.944
-6.575 44.935 -393.092 0.873
-98.654 -2.211 -431.771 0.904
-73.684 -39.710 -438.048 0.907
-87.141 15.859 -461.738 1.008
-14.006 36.741 -424.113 1.140
-75.727 76.365 -491.902 0.966
74.267 -28.848 -471.409 1.003
-87.326 -86.773 -497.950 0.979
35.499 -78.935 -468.769 1.133
62.386 -57.737 -363.305 1.071
-4.327 12.400 -368.467 0.849
40.419 -25.265 -398.985 0.938
42.181 -92.893 -327.598 0.877
-65.341 -23.155 -372.226 0.986
-69.031 16.994 -389.121 0.992
12.578 72.446 -457.629 0.992
-90.895 10.518 -432.373 0.941
-38.841 62.797 -408.350 0.827
-81.598 -0.584 -398.711 1.012
64.866 14.616 -374.083 1.010
81.617 33.688 -468.382 0.906
-83.281 -54.390 -378.266 0.978
80.441 46.502 -471.616 0.762
-19.826 -95.507 -406.797 0.962
-40.199 84.704 -398.088 0.997
-69.286 56.717 -333.545 0.825
93.646 51.099 -464.073 0.950
9.407 -81.934 -378.115 0.861
72.660 -71.509 -383.259 1.055
-51.092 65.214 -413.792 0.963
9.612 68.507 -377.311 1.026
37.047 25.649 -329.397 1.068
55.809 -14.573 -338.342 0.915
42.405 -33.454 -303.948 0.952
25.548 -39.604 -310.602 1.082
16.672 -18.882 -349.771 1.018
-34.422 51.645 -434.001 0.891
-42.018 5.334 -488.839 0.966
95.208 -43.415 -407.750 0.995
-42.207 -98.903 -475.151 1.138
-87.183 -81.073 -442.457 1.125
82.535 3.599 -477.172 1.002
-76.338 98.099 -458.524 1.023
-2.409 -8.322 -303.635 0.809
-74.617 -29.965 -322.762 1.086
-85.955 64.265 -377.836 1.012
97.970 31.038 -466.846 0.878
77.186 18.757 -478.347 0.889
14.828 -21.136 -371.158 0.888
-99.056 21.948 -494.279 0.859
86.011 -28.192 -458.820 0.807
-99.939 -4.587 -498.563 0.930
53.609 -71.875 -428.063 0.987
8.063 -93.525 -368.755 0.943
22.957 74.134 -317.021 1.099
-82.197 47.176 -440.606 1.095
-71.451 -66.759 -400.605 0.799
26.038 2.897 -371.106 0.972
-90.551 -42.329 -433.468 1.069
-56.222 87.540 -344.055 1.141
75.324 78.308 -330.879 1.106
22.319 67.535 -394.785 0.913
-2.203 -71.971 -489.454 1.021
-39.544 -17.452 -371.404 1.000
40.147 -53.662 -415.094 1.000
57.077 44.592 -402.839 0.969
14.220 27.787 -350.941 0.837
-97.616 37.235 -444.176 0.916
65.575 -10.977 -459.358 0.972
-5.593 50.298 -457.817 0.822
-3.773 27.116 -441.035 1.082
69.461 43.837 -462.884 0.899
15.426 -22.303 -350.173 1.052
35.487 -48.791 -307.732 1.051
45.884 -63.188 -397.863 0.952
-45.818 98.112 -457.100 1.035
64.775 41.409 -316.307 0.942
33.666 92.575 -497.058 0.927
-57.505 85.628 -349.946 1.143
87.573 -10.417 -474.183 1.110
87.148 69.619 -428.208 1.059
-80.263 96.504 -372.498 0.883
-13.281 36.052 -447.648 1.069
96.536 91.053 -417.609 0.967
72.221 -51.374 -439.923 1.139
-7.400 53.555 -401.361 0.795
-81.669 -7.530 -300.241 0.991
73.051 0.435 -381.306 0.909
41.394 80.684 -347.424 1.052
-98.342 45.054 -387.442 1.078
74.704 -41.035 -384.258 1.102
-10.621 42.583 -405.672 1.009
-77.489 21.275 -401.742 0.999
-21.032 -38.914 -393.829 0.974
-11.125 24.293 -373.220 0.974
-99.988 59.172 -481.274 1.052
-4.956 -53.125 -375.717 1.103
94.213 -45.508 -318.233 0.846
-4.066 23.059 -399.139 1.014
35.393 -83.018 -389.758 0.954
-8.685 -89.167 -319.429 0.956
-13.158 59.160 -434.757 1.062
-89.908 -17.416 -429.866 1.015
-52.042 -89.981 -337.397 0.830
-79.112 -68.655 -436.597 0.970
35.964 -47.945 -352.618 1.106
-63.326 88.593 -384.019 1.036
50.263 34.487 -450.313 0.990
-66.127 -74.245 -359.389 0.890
-44.670 -28.119 -385.637 1.148
-27.527 -26.398 -465.075 1.037
15.742 83.761 -392.416 0.925
-69.063 -83.833 -311.064 0.977
54.076 51.309 -481.196 0.987
-77.311 -33.751 -399.241 1.089
-76.555 55.895 -469.559 1.122
-93.087 -97.546 -329.031 0.962
56.727 -80.000 -377.100 0.916
-45.066 -7.877 -467.890 1.144
47.267 82.586 -449.572 1.114
-13.326 -22.256 -377.859 0.966
10.214 74.975 -329.719 1.054
31.499 -70.326 -353.517 0.986
69.757 -45.488 -342.045 1.198
-0.950 85.148 -339.828 0.956
50.268 57.426 -305.346 1.101
-98.667 -7.459 -356.103 1.040
-28.254 -95.317 -472.713 0.890
38.018 79.905 -490.658 0.943
-21.963 -31.836 -342.551 1.184
9.832 -18.187 -479.868 1.119
11.876 -37.475 -336.761 1.058
40.041 55.987 -314.926 0.772
69.758 -22.946 -468.479 0.968
-40.999 -36.004 -433.319 0.985
-88.589 -86.945 -432.021 0.871
8.290 0.783 -384.530 0.921
-61.889 31.010 -415.070 1.016
-60.920 96.914 -359.835 0.982
-14.274 -18.705 -479.514 1.077
1.479 51.273 -491.955 0.946
45.369 25.579 -436.205 1.082
-54.947 -97.983 -352.569 1.001
-5.130 81.519 -402.135 1.058
91.907 -73.056 -447.997 0.986
40.981 -91.388 -420.206 0.843
-46.061 23.144 -462.499 1.122
85.000 -74.084 -403.855 1.085
94.432 28.740 -457.630 1.068
91.266 90.553 -448.552 0.933
-84.136 -23.798 -426.589 1.063
77.614 -66.239 -454.368 0.999
96.533 -77.693 -472.733 0.937
-24.702 81.577 -350.453 1.069
-74.237 -23.564 -396.600 1.136
91.521 -7.719 -407.459 0.967
32.876 -20.187 -488.936 0.993
-15.136 -65.918 -307.244 0.843
6.592 -44.623 -496.698 0.979
94.076 -67.089 -366.485 1.014
35.144 21.589 -416.591 0.877
12.021 -44.376 -339.153 1.172
-78.229 -23.555 -330.090 0.887
-88.593 -65.134 -400.189 0.902
-99.859 16.013 -442.931 1.036
-4.594 41.271 -469.814 0.998
1.349 16.145 -365.026 0.906
32.081 -94.500 -383.610 1.043
-30.195 7.156 -432.100 1.002
0.885 39.797 -400.693 1.144
97.025 -24.725 -468.346 0.963
32.457 -9.172 -497.205 0.973
-39.847 75.310 -475.121 0.961
-35.129 66.252 -313.800 0.853
59.244 -46.317 -415.315 0.900
95.986 -72.342 -430.657 0.994
-49.740 7.210 -415.475 0.934
41.416 -18.681 -482.716 1.096
-67.061 96.489 -400.911 0.898
31.648 51.529 -309.538 1.028
-30.698 81.019 -337.200 1.122
47.448 -28.466 -454.179 1.060
34.440 -61.782 -322.912 1.065
13.313 -37.831 -347.973 0.751
-17.395 -67.739 -400.573 0.890
-51.073 64.043 -301.688 1.005
99.438 -57.832 -308.329 1.048
-43.864 -84.952 -357.705 0.960
-4.365 -11.281 -422.339 0.781
55.531 41.951 -304.620 1.050
-54.088 -24.084 -329.491 0.939
-61.368 -73.965 -335.723 1.132
-57.700 -89.896 -473.107 1.036
17.149 38.681 -392.529 0.880
-5.977 -76.919 -499.472 1.060
98.088 -65.690 -459.825 0.904
70.241 50.708 -480.850 1.037
-33.876 32.412 -361.805 0.967
43.080 68.121 -387.938 1.042
-56.128 -40.923 -334.081 1.191
-62.815 76.662 -477.555 1.226
-98.656 -86.326 -333.781 0.868
54.511 -44.296 -383.005 0.932
39.539 -55.708 -321.179 1.126
13.730 -79.945 -486.079 1.265
95.958 -85.277 -391.459 1.082
-4.789 -70.567 -434.236 1.034
-53.966 -41.469 -446.226 0.949
-91.351 63.006 -324.528 1.165
-6.781 13.642 -492.509 0.832
36.352 60.987 -390.433 1.063
-57.203 -59.806 -335.281 1.048
-36.922 24.656 -398.502 1.039
-9.289 40.096 -345.204 0.919
88.239 -10.160 -360.793 0.863
84.744 46.993 -362.984 1.018
-37.168 -78.440 -355.350 1.121
78.562 -64.487 -322.723 1.069
-20.717 89.628 -395.339 1.107
19.262 6.518 -472.176 0.832
60.249 -46.194 -463.779 0.895
33.506 77.813 -402.588 1.071
1.810 -88.547 -434.612 1.027
-38.718 -4.355 -468.466 0.946
-83.107 37.445 -439.789 0.888
-62.832 56.755 -428.841 0.943
-86.181 51.783 -367.606 0.988
-86.618 14.764 -382.467 1.053
20.395 78.270 -381.833 0.928
-96.374 98.334 -426.309 0.944
-23.489 81.688 -361.668 1.005
0.379 -87.640 -338.862 1.140
-74.700 -78.581 -347.107 0.942
11.414 -48.324 -385.599 0.992
-97.585 -45.837 -393.224 1.065
-75.724 30.332 -497.542 0.945
34.352 27.758 -346.823 0.915
24.240 18.737 -385.427 1.229
72.613 -80.174 -383.788 0.882
70.133 -63.286 -361.528 1.017
15.938 61.416 -434.799 0.834
23.186 33.036 -363.955 0.953
40.963 66.857 -405.980 0.957
23.437 55.117 -494.879 1.028
52.868 -94.516 -313.650 1.144
-28.336 -6.547 -382.953 1.296
6.442 -84.185 -335.159 1.081
48.164 20.846 -421.692 0.879
91.103 -92.882 -408.367 0.967
4.698 37.687 -321.323 1.041
-13.666 -24.638 -388.966 0.878
-12.660 12.358 -333.955 0.966
-4.841 91.070 -307.874 1.132
-21.234 -25.570 -470.934 0.973
-37.237 -79.239 -316.986 0.966
-44.003 51.429 -455.732 1.139
12.159 -97.039 -416.510 0.952
-21.721 91.072 -428.980 1.152
-95.984 -86.646 -424.404 1.011
-98.600 -16.620 -390.623 0.835
-7.906 -98.817 -376.871 0.925
43.093 -25.914 -334.065 1.069
-85.398 43.536 -495.938 1.100
-65.166 -41.029 -424.983 0.805
57.861 82.779 -322.786 0.860
0.268 -44.722 -487.341 1.059
44.916 -33.138 -342.426 1.165
79.294 -75.092 -453.612 1.097
9.280 -91.554 -388.329 1.109
-89.761 -13.815 -318.863 1.027
59.124 96.122 -488.672 1.025
45.527 -96.742 -412.761 0.881
23.893 52.740 -401.041 1.034
-1.191 5.491 -399.849 0.951
68.590 83.011 -346.677 0.897
6.977 10.450 -412.231 1.034
12.945 12.529 -321.465 1.081
-29.297 7.527 -326.021 1.157
9.571 -4.854 -473.714 1.119
-93.651 21.466 -336.020 0.989
72.292 25.266 -410.573 1.021
-27.504 -31.260 -323.331 0.981
40.236 -86.279 -381.210 0.861
10.614 -6.993 -309.538 0.934
-83.922 -62.020 -489.177 1.130
32.182 -77.084 -498.332 1.009
-89.561 30.391 -470.949 0.984
-20.904 49.294 -316.974 1.171
-15.291 -85.509 -478.219 0.873
39.894 28.917 -455.778 1.063
-73.860 -18.484 -424.499 0.861
-75.306 -31.206 -370.615 1.174
-99.403 -31.406 -433.052 0.903
-81.571 -47.646 -372.627 0.924
6.899 79.660 -366.423 0.982
80.560 4.513 -458.548 0.908
-41.316 -39.257 -496.261 0.892
-89.628 -69.911 -377.014 1.002
14.461 6.764 -371.465 1.044
-26.617 20.459 -420.096 0.812
96.015 70.164 -335.678 1.093
-0.552 7.002 -425.024 0.939
84.404 62.642 -482.700 1.063
84.020 -7.689 -409.277 0.983
9.399 -50.065 -420.572 1.070
71.503 -97.184 -373.010 1.063
40.346 -47.878 -342.033 0.984
-92.091 -32.187 -326.061 0.991
74.726 87.117 -458.732 0.928
-96.258 74.567 -335.765 0.932
-84.576 -88.657 -421.255 0.888
-65.488 62.749 -316.272 0.963
50.575 50.342 -379.574 1.014
-82.416 0.695 -358.585 1.103
-72.071 -59.562 -460.434 0.966
-28.170 -51.546 -444.962 1.171
-88.781 76.896 -473.285 1.011
27.023 -18.827 -436.822 1.036
82.607 57.765 -465.842 1.118
-14.290 54.411 -403.653 1.148
69.160 58.742 -358.126 0.988
-40.104 -53.269 -442.529 0.974
75.112 88.880 -447.841 0.988
65.509 22.033 -369.301 1.012
-82.600 -40.332 -484.725 1.138
-68.005 41.139 -494.148 1.098
-0.172 -64.252 -350.465 0.909
-76.455 9.335 -351.805 0.939
-56.489 -75.379 -409.844 0.857
-33.391 90.543 -395.899 0.807
-46.445 -67.063 -352.628 1.044
-3.772 -52.439 -440.265 1.064
13.745 -39.990 -348.313 1.011
-43.674 -2.854 -416.023 0.916
17.352 -64.133 -332.178 1.097
12.819 -66.911 -318.398 1.160
-61.010 -37.538 -438.536 1.101
-5.139 -71.556 -440.832 1.048
-6.604 -93.212 -356.276 0.913
-83.592 -98.979 -431.878 1.014
50.505 -10.601 -404.207 1.096
-57.057 56.375 -414.896 1.086
64.958 7.690 -337.584 1.052
-57.966 -42.764 -399.001 0.975
-37.675 31.002 -417.101 0.897
-9.161 -11.938 -340.129 1.069
57.200 -92.280 -310.851 1.049
88.711 -59.631 -458.792 1.081
-40.692 -39.381 -454.620 0.648
46.661 -59.555 -451.122 1.020
72.266 57.333 -484.581 1.145
-87.803 -70.147 -345.565 0.985
-51.639 -42.257 -492.517 1.074
23.088 72.043 -496.507 0.914
-4.230 42.269 -337.597 1.025
-53.400 33.232 -375.270 0.995
-89.168 53.760 -374.655 0.946
-53.940 29.500 -475.768 0.958
16.555 92.526 -490.756 0.957
-95.592 -12.809 -369.998 0.843
-1.730 -39.556 -360.213 1.030
57.677 18.364 -368.674 1.092
-97.637 -72.949 -343.238 1.061
39.420 -96.746 -319.964 0.998
87.300 83.536 -372.900 0.951
-14.176 -59.316 -429.683 1.143
-3.106 -47.871 -410.282 0.951
-64.189 54.044 -485.587 1.076
-16.699 8.557 -466.763 0.864
11.938 -78.010 -339.902 0.981
54.697 92.547 -342.722 0.892
78.146 95.463 -424.496 0.859
21.573 -26.457 -358.300 0.843
39.443 -32.882 -483.969 1.019
21.721 55.817 -491.544 1.149
98.724 -77.907 -350.804 0.919
-36.229 -63.476 -363.580 1.142
77.423 3.656 -327.368 1.003
-39.058 87.668 -449.058 0.994
-27.109 -91.592 -457.259 0.985
-18.127 -0.741 -440.542 0.920
31.034 24.743 -474.647 1.087
69.759 20.214 -347.684 1.136
47.173 -86.574 -461.005 1.057
94.148 50.942 -402.816 0.974
-9.723 28.913 -440.817 1.027
20.638 -86.365 -360.686 0.948
-84.019 86.831 -432.277 0.996
-17.820 98.678 -491.780 1.020
-91.885 -23.755 -433.460 0.993
96.671 21.929 -415.940 0.938
-25.866 -18.717 -420.176 0.988
-78.068 -52.689 -312.011 1.071
92.584 -45.108 -483.637 1.045
-48.687 -47.398 -335.700 0.949
-5.280 55.739 -366.532 0.897
1.881 -58.238 -418.553 1.070
-10.134 -14.600 -441.585 0.912
28.277 79.385 -389.989 0.863
-28.076 65.113 -328.978 0.948
98.665 -31.358 -383.044 1.046
-45.814 2.165 -408.299 1.004
43.817 -56.886 -444.881 1.079
69.791 0.414 -498.111 1.040
85.730 -32.816 -361.042 1.115
-35.243 45.015 -319.476 0.990
7.661 51.539 -389.203 0.958
53.429 8.241 -382.642 1.016
21.014 -87.552 -368.824 1.142
95.181 19.560 -303.625 0.939
74.188 30.791 -471.183 0.843
42.033 -69.994 -337.826 1.093
-86.556 -10.276 -378.479 0.994
-44.220 -28.208 -474.612 0.938
13.239 28.817 -438.549 0.842
-78.245 99.712 -357.889 1.108
81.989 35.211 -491.117 0.890
69.943 55.057 -498.206 0.934
57.771 -94.044 -339.457 1.013
-33.506 -55.692 -496.616 0.915
34.475 -29.467 -414.762 0.912
-28.921 -15.963 -300.922 1.059
-26.316 -50.645 -490.608 1.045
-1.462 52.612 -400.140 0.888
-77.038 -47.720 -337.552 0.956
2.736 -30.066 -339.003 0.996
16.858 80.160 -324.368 1.014
59.916 -84.739 -423.875 1.012
61.762 -85.224 -372.760 1.056
-9.534 21.186 -370.643 0.928
-63.869 1.503 -333.631 0.855
-94.346 54.800 -433.298 0.807
-45.486 97.562 -485.557 0.943
8.802 35.829 -353.325 1.062
47.181 93.365 -321.386 1.066
-20.897 58.523 -381.666 0.851
-67.227 30.683 -472.621 0.914
-89.529 -48.545 -458.505 1.016
21.842 99.667 -382.031 1.020
72.401 -5.820 -376.668 0.999
-21.385 80.855 -413.795 0.957
49.926 -70.185 -418.871 1.121
-51.431 -49.357 -329.248 0.940
0.109 36.425 -301.302 1.003
-67.029 2.295 -445.422 1.025
18.402 -54.041 -428.815 0.840
-52.604 1.096 -402.480 1.086
5.413 57.848 -480.713 1.153
-83.381 73.599 -492.194 0.959
-24.319 17.417 -300.355 1.093
48.062 -67.754 -324.483 0.871
63.489 10.727 -381.988 0.916
95.405 53.815 -479.644 1.025
9.382 76.307 -364.452 1.028
37.443 -12.536 -358.642 0.976
-68.419 -31.025 -456.732 1.000
20.712 -72.559 -398.585 1.008
-85.547 -14.340 -325.096 0.909
-62.066 -26.528 -382.710 0.948
-76.719 71.948 -485.968 0.923
95.369 68.199 -381.660 0.815
-40.750 98.839 -370.559 0.891
54.410 17.380 -441.529 1.178
72.635 -75.350 -446.043 1.041
74.416 -68.698 -418.497 1.172
-86.395 43.885 -395.094 0.961
-50.166 17.178 -435.456 1.080
55.732 -40.972 -312.890 0.969
-3.957 95.756 -322.603 1.172
75.266 -99.273 -319.143 1.106
-32.863 89.189 -375.324 1.053
94.585 50.424 -374.430 0.911
-70.723 94.113 -415.002 1.018
-56.374 53.860 -351.148 0.936
-38.431 49.338 -355.338 1.116
65.500 -12.027 -410.992 1.079
-44.053 79.471 -379.904 1.019
32.554 93.611 -444.641 1.024
23.459 24.163 -445.557 0.873
-84.090 51.875 -405.793 1.060
-79.365 59.112 -416.916 1.234
-8.359 66.843 -484.087 1.000
-38.695 -85.570 -378.055 1.076
4.011 -29.746 -447.961 0.961
10.262 -55.170 -377.940 0.991
-70.321 86.830 -481.562 1.020
-74.421 40.453 -461.039 1.094
-81.704 -17.319 -306.370 0.912
-54.232 -20.265 -433.702 1.041
22.736 90.004 -333.757 1.023
4.928 20.000 -446.830 1.065
-81.293 -7.323 -414.403 1.047
-91.912 65.319 -309.564 1.115
1.268 51.641 -437.171 1.033
36.172 56.355 -442.572 1.112
-45.203 62.648 -384.484 0.956
-98.845 -11.557 -451.866 1.107
-83.626 -79.728 -342.336 0.966
-42.756 34.198 -446.574 1.062
37.441 73.781 -440.039 1.079
-72.860 46.117 -469.657 1.069
41.956 3.563 -313.550 0.906
-20.391 89.512 -335.974 1.005
83.304 6.083 -382.727 0.836
-12.228 87.113 -387.207 0.996
-16.734 7.827 -460.102 1.047
14.060 97.869 -453.278 1.105
5.039 -9.005 -435.037 0.921
-79.523 76.777 -392.716 1.109
-15.574 4.460 -424.815 0.764
99.166 32.545 -427.543 0.991
20.457 -40.927 -381.102 1.081
53.552 15.853 -473.148 1.108
-9.248 -43.220 -456.767 0.924
48.586 -28.475 -368.926 0.833
-70.562 -87.846 -394.589 0.991
-13.523 -94.779 -492.295 1.092
78.184 29.176 -365.673 1.111
-91.804 35.030 -439.232 0.990
-28.005 -65.577 -493.834 1.108
-35.039 -41.315 -334.419 1.024
-13.212 -94.099 -454.948 1.032
-58.322 -95.020 -379.223 1.137
82.419 38.403 -456.503 0.955
-59.473 37.955 -407.644 0.971
23.668 -26.305 -464.410 0.971
-8.990 39.767 -441.322 1.068
-61.934 -36.869 -413.420 1.269
82.248 -68.417 -323.295 0.970
-5.277 -72.543 -342.148 1.056
96.977 -23.127 -327.133 0.804
-91.064 -65.858 -343.303 1.054
45.444 15.471 -488.596 0.965
37.860 -21.645 -384.318 0.984
44.255 93.318 -457.439 0.992
6.585 12.296 -305.945 1.128
65.473 36.736 -311.990 1.026
66.062 93.879 -384.316 1.063
32.868 -52.339 -329.808 1.072
38.634 -0.935 -460.261 1.083
9.873 9.316 -425.433 0.845
-88.671 29.641 -359.272 1.051
6.595 39.453 -338.453 0.867
94.743 -47.614 -453.302 0.928
-72.541 -5.614 -449.277 0.932
-22.763 23.563 -427.376 0.822
-19.259 50.616 -372.275 1.000
11.122 -93.474 -304.079 0.911
79.853 -0.642 -315.496 1.057
-44.896 85.998 -323.273 0.941
-84.110 -82.968 -440.498 0.980
-13.833 -4.550 -408.833 0.968
-78.862 -14.532 -496.861 0.986
75.412 64.582 -336.366 1.292
-22.792 52.047 -352.683 0.990
-77.115 55.412 -404.199 1.041
-73.304 -61.819 -323.425 0.993
52.188 -44.719 -429.885 1.117
-34.431 -84.070 -368.137 0.911
-90.654 62.166 -432.020 0.965
33.186 81.922 -463.732 1.018
-14.351 13.243 -492.261 0.771
-74.795 37.061 -484.993 0.859
13.300 70.277 -332.575 1.094
88.692 -64.326 -408.628 1.081
43.379 16.982 -434.721 0.931
99.587 25.108 -358.050 0.863
84.783 32.771 -448.882 0.953
-39.660 74.735 -327.329 1.053
-84.982 -62.581 -434.345 0.939
-68.704 -62.462 -384.923 0.923
-6.175 64.036 -305.541 1.098
-68.822 88.911 -498.435 1.005
3.208 -13.434 -338.518 0.932
88.482 25.776 -377.945 0.914
54.773 61.255 -390.253 1.082
-36.095 -90.322 -381.435 0.927
-18.973 -5.828 -308.089 1.090
-74.750 95.489 -414.568 1.034
-76.473 28.734 -354.471 1.172
50.295 60.275 -492.306 0.988
-8.963 -5.861 -390.409 0.862
0.284 -27.508 -381.730 0.678
-37.267 51.202 -418.199 0.995
66.776 15.799 -469.827 1.112
14.146 26.029 -416.789 0.914
68.824 11.721 -384.163 1.091
52.356 -83.846 -475.013 1.056
-62.149 -52.848 -403.627 1.184
-82.708 9.189 -349.068 0.921
-33.303 41.571 -478.320 0.895
-83.208 10.080 -498.820 1.024
-85.464 59.319 -342.901 1.000
67.708 -57.421 -372.076 0.915
-19.683 -28.753 -413.438 0.969
-75.790 37.878 -329.621 0.881
97.421 -26.629 -449.861 1.190
54.180 -82.315 -476.503 1.101
-28.088 -16.184 -352.796 0.837
25.487 -53.555 -321.451 0.946
91.820 -54.394 -457.121 1.004
-68.700 -25.378 -401.652 0.815
10.734 96.148 -449.478 0.942
82.628 -72.220 -475.503 1.015
37.072 -78.046 -467.773 0.913
87.989 99.085 -496.914 0.901
-99.123 39.846 -317.837 0.892
56.954 -97.775 -457.209 0.991
-63.979 90.116 -306.402 0.963
-32.903 -96.252 -327.428 1.061
-16.965 34.609 -318.486 0.967
-66.202 19.248 -401.561 0.982
-0.656 -30.207 -320.303 1.084
-12.957 39.488 -470.622 1.082
18.908 7.984 -442.081 0.918
82.819 -60.870 -352.458 0.904
65.154 68.992 -417.357 1.044
50.700 67.403 -488.957 1.020
-47.561 -16.590 -404.207 0.930
-34.341 -0.876 -341.471 1.238
-27.692 46.543 -313.081 1.034
-72.088 31.203 -341.383 1.158
27.512 -32.195 -343.671 1.081
14.342 0.123 -347.209 1.059
-59.922 -43.270 -305.930 1.000
-14.093 62.022 -366.255 0.987
-83.935 83.614 -461.007 1.162
-25.888 -2.249 -365.080 0.847
-56.775 56.049 -381.819 1.117
18.285 -1.793 -358.991 0.990
-34.432 -38.328 -419.583 1.106
26.243 -52.623 -414.382 0.994
75.304 -54.480 -449.976 1.050
21.768 6.263 -366.398 0.854
-13.625 79.869 -405.557 1.126
-90.048 81.018 -381.197 1.025
33.407 26.110 -407.453 0.993
-81.107 -11.678 -386.396 0.993
70.498 93.468 -454.094 0.978
5.067 -37.886 -437.988 0.982
64.575 83.929 -331.501 1.195
41.009 -51.821 -355.813 1.201
-41.118 -25.550 -400.466 1.027
90.031 -52.912 -332.946 0.973
7.721 -35.227 -419.516 1.010
-86.269 -6.405 -363.474 1.123
-76.692 -54.145 -363.888 1.059
-12.587 -80.314 -314.672 0.989
57.063 65.079 -496.364 0.898
-55.556 -37.143 -461.999 0.860
-27.495 -27.421 -498.016 1.038
-81.757 80.360 -387.694 0.882
-62.658 16.684 -472.705 1.018
42.741 81.140 -405.311 1.099
-4.868 -22.007 -322.766 0.947
72.991 91.669 -477.050 1.039
-30.051 17.120 -381.809 0.891
3.571 43.491 -347.908 1.063
51.711 -98.948 -438.505 1.115
30.879 -5.531 -441.365 0.908
-46.116 73.700 -384.756 1.043
5.220 27.254 -365.211 1.107
-27.081 40.107 -420.751 0.906
-68.683 -12.637 -351.594 0.952
-72.616 -3.789 -349.836 1.138
56.311 2.626 -470.779 0.904
35.444 -35.930 -392.768 0.905
-2.884 -59.187 -415.916 1.241
99.364 45.388 -303.582 1.045
-20.592 67.025 -446.381 1.080
25.454 -15.754 -439.771 1.111
-95.504 -69.362 -392.508 1.001
-22.450 77.181 -418.370 0.928
-27.356 62.527 -495.117 1.057
44.043 -58.957 -364.690 1.001
-86.089 -94.951 -383.101 0.925
-62.139 26.002 -319.680 0.902
-14.030 -47.796 -450.851 0.873
-48.200 43.239 -379.141 1.051
-67.674 -7.621 -458.581 1.018
-27.173 -23.220 -370.873 0.816
13.465 -4.729 -365.311 0.896
-63.003 -85.539 -406.400 1.152
36.693 -7.409 -355.688 1.107
16.203 66.164 -402.592 0.936
33.337 64.095 -413.973 0.880
-75.388 26.352 -347.925 0.953
78.009 46.533 -456.624 1.005
5.711 -78.629 -487.776 0.925
41.331 31.063 -450.364 1.074
35.149 -87.616 -483.705 1.035
42.143 -22.390 -383.435 1.009
-31.215 82.247 -334.498 1.022
-61.717 89.697 -492.943 1.095
26.621 15.175 -423.415 0.880
-68.144 4.258 -431.709 1.058
-93.562 -43.307 -494.518 0.901
-14.051 -54.968 -457.490 0.891
83.549 38.453 -491.232 0.946
30.528 12.213 -471.261 0.948
-15.174 39.367 -494.963 0.979
42.307 60.503 -313.430 0.926
-62.270 10.633 -449.032 1.122
86.016 81.754 -430.667 0.986
44.962 -17.579 -312.171 1.035
-91.313 8.576 -308.096 0.842
-28.643 -34.587 -375.445 1.077
93.513 -54.710 -477.681 1.070
54.061 46.182 -390.858 0.996
-20.478 -55.080 -390.608 1.028
-85.420 3.999 -303.219 0.888
76.310 28.927 -313.305 1.108
-33.446 -5.080 -309.976 1.085
95.555 -20.301 -477.203 0.914
-46.697 -41.012 -430.185 1.056
31.093 68.181 -412.109 1.092
-38.148 84.877 -479.401 1.035
30.169 69.706 -413.948 0.954
-34.381 -81.820 -352.183 0.862
-58.932 -73.716 -319.433 1.093
49.601 -68.430 -442.730 1.012
-71.462 -37.334 -319.454 1.048
33.800 26.544 -413.829 0.960
48.707 -39.245 -433.312 0.925
38.387 -59.756 -331.665 0.932
-94.963 -0.242 -309.249 0.971
53.955 71.068 -485.257 1.053
-82.846 67.034 -389.434 0.905
-95.078 -53.733 -326.016 1.023
-0.584 -18.657 -314.330 1.115
-2.634 -65.908 -412.276 1.157
-70.692 -47.436 -402.219 1.030
-75.629 -69.338 -471.210 1.093
2.396 -30.631 -385.988 1.049
-47.802 19.214 -359.365 1.102
84.477 68.101 -421.201 1.045
89.791 -51.939 -301.737 1.191
-75.468 94.252 -304.618 0.969
68.851 3.630 -444.653 0.952
-34.544 68.076 -433.599 1.209
-80.696 27.336 -376.948 1.093
-95.855 -83.674 -303.211 1.029
66.979 13.133 -349.498 0.977
23.544 49.560 -364.788 0.873
-17.080 -63.145 -373.728 1.023
66.401 32.539 -373.612 1.051
-53.290 7.364 -322.648 0.888
78.583 -92.459 -352.825 1.023
-0.917 -12.899 -427.653 1.049
63.654 -26.966 -312.586 1.149
67.813 -40.565 -496.396 0.814
-9.932 29.714 -413.451 0.811
-14.457 -60.521 -421.495 0.976
66.788 -39.517 -447.734 0.938
-8.208 33.761 -470.569 1.155
54.984 78.709 -344.185 1.020
-96.079 -81.132 -391.129 1.045
38.638 -43.361 -406.104 0.819
77.054 -5.081 -476.297 1.032
8.032 -66.050 -485.695 1.103
92.133 27.602 -363.386 1.125
13.911 -85.634 -343.302 1.142
83.975 68.619 -392.935 1.003
-63.870 -47.005 -434.079 1.090
-41.186 -21.940 -332.542 0.944
-16.849 -98.955 -394.438 0.993
9.647 -52.843 -497.420 1.124
-20.879 -82.494 -349.013 1.103
34.051 -28.868 -328.016 0.879
-14.090 28.675 -436.613 1.039
52.776 -40.877 -412.164 1.106
83.027 68.651 -374.744 1.035
28.248 -89.164 -302.872 1.022
31.883 57.337 -431.373 1.077
53.320 80.618 -329.703 1.189
82.096 -79.547 -313.320 0.855
-54.760 62.581 -309.854 1.049
41.702 -26.156 -400.746 0.910
80.303 -72.217 -495.401 0.859
0.888 15.079 -484.961 1.076
72.104 -65.225 -472.068 1.232
63.535 1.059 -485.416 0.915
-78.714 34.873 -382.116 1.079
-20.047 91.967 -352.521 0.970
25.609 91.161 -481.398 1.050
8.185 98.634 -402.920 1.078
-13.615 38.839 -367.959 1.156
-7.804 -51.408 -486.470 0.989
65.544 4.242 -347.260 0.961
-55.408 -1.487 -431.634 1.021
-5.248 77.392 -356.091 1.091
-36.127 -36.936 -381.118 1.032
33.879 -67.494 -449.815 1.043
-75.763 69.072 -459.919 1.084
-86.693 77.209 -411.217 0.953
-78.360 41.024 -322.883 1.116
8.611 -76.346 -495.705 1.055
5.261 -23.234 -329.374 1.055
-40.029 -42.618 -461.163 1.038
-7.194 15.350 -319.258 1.104
86.097 -96.967 -405.794 1.090
67.060 77.190 -418.949 0.925
-94.111 76.514 -363.428 1.102
-67.914 -93.837 -474.399 1.231
50.880 59.027 -466.075 0.966
20.755 24.805 -321.885 0.987
-54.317 -95.382 -333.440 1.151
13.332 98.610 -485.766 1.023
-85.400 -29.821 -470.682 0.866
51.881 -62.104 -327.705 0.921
-32.509 0.699 -319.472 1.025
-11.780 -18.265 -378.730 0.904
25.060 -51.567 -352.064 1.065
-27.723 -36.105 -439.000 1.077
-77.687 -74.417 -329.503 1.015
-75.587 -43.653 -377.592 1.084
89.859 40.475 -441.009 1.075
-46.962 61.278 -404.384 0.948
-97.349 68.082 -461.946 1.140
49.154 87.772 -402.653 0.906
51.784 -50.290 -431.613 1.079
43.054 82.571 -313.436 0.953
-49.231 -35.083 -360.148 1.106
28.678 -42.116 -420.483 1.203
96.208 67.195 -384.827 0.853
-21.115 -60.180 -408.608 0.911
-68.067 -33.145 -428.314 0.817
-63.901 -88.061 -467.105 0.993
7.435 61.537 -460.372 0.997
25.661 96.422 -334.624 0.952
64.391 -23.196 -489.953 0.821
-58.396 -71.766 -320.401 0.950
76.227 44.974 -355.327 0.799
8.005 73.613 -360.977 0.966
92.580 -59.635 -463.898 1.101
28.369 -42.270 -457.108 0.946
75.765 -61.336 -448.772 0.992
42.721 81.901 -475.448 0.980
9.040 71.257 -367.020 0.926
-67.473 48.395 -335.843 0.915
69.706 -12.561 -364.165 1.068
72.098 15.196 -304.167 1.214
-17.831 -86.234 -366.481 0.953
-90.563 -1.239 -317.590 1.119
-82.835 6.859 -307.293 0.804
-43.609 -3.206 -302.392 0.982
-8.092 94.918 -411.520 0.994
-38.836 36.633 -440.578 0.786
88.991 -73.346 -357.367 0.972
-93.640 -64.844 -372.872 0.992
-36.558 99.110 -303.191 0.944
-69.509 -84.695 -420.730 1.018
72.653 -39.874 -368.281 1.157
-88.797 -86.577 -385.460 0.920
72.512 -11.309 -316.328 0.693
-44.227 -80.245 -396.186 1.026
84.853 76.077 -497.597 0.998
73.706 -86.966 -309.442 0.942
-61.235 -30.796 -495.800 1.038
70.227 -66.524 -364.398 1.054
-97.634 -93.062 -417.365 0.848
-50.860 -66.112 -455.620 0.971
-9.852 -76.765 -346.503 0.908
50.380 6.917 -338.564 0.883
-28.279 54.181 -376.268 1.064
40.429 74.510 -323.918 1.065
24.330 45.024 -330.246 0.974
-91.213 89.414 -338.438 0.977
-45.514 98.795 -413.070 0.715
45.367 31.583 -426.531 1.028
14.751 -67.773 -343.173 0.977
37.460 95.892 -311.960 0.902
-46.616 -16.566 -320.890 0.896
13.563 70.246 -359.254 1.049
41.044 38.413 -377.452 0.968
92.309 77.148 -414.817 0.966
-15.731 12.648 -324.159 0.909
12.943 71.809 -398.471 0.904
-0.569 5.036 -382.397 1.111
-0.458 -54.676 -495.182 1.018
-33.489 -82.799 -493.397 1.002
59.577 -79.186 -305.682 1.030
69.280 -64.976 -462.843 1.076
30.110 23.593 -377.275 1.136
-74.679 -61.779 -424.803 0.973
52.895 49.764 -370.572 1.131
1.127 -29.839 -472.033 0.913
-81.387 66.776 -383.148 0.965
-70.291 82.497 -344.930 0.961
1.242 85.280 -326.324 1.004
76.339 70.679 -421.522 1.089
81.419 26.141 -330.821 1.119
-30.506 20.475 -414.448 1.082
-21.473 -89.219 -364.213 1.113
-81.199 -42.451 -399.405 0.993
11.051 -53.848 -479.219 0.992
-13.269 -8.161 -345.859 0.831
28.469 -4.289 -378.135 0.938
46.385 -87.230 -315.526 1.037
98.816 -2.152 -492.264 1.198
-85.121 -12.000 -343.746 0.924
57.026 -17.476 -492.729 1.163
47.815 -53.491 -458.876 0.869
31.575 81.878 -465.011 0.754
97.581 70.413 -420.897 0.976
-10.202 52.426 -326.103 0.923
-12.026 -6.073 -344.452 1.030
-33.666 -34.297 -341.943 0.863
24.883 -91.513 -436.848 1.076
-1.991 -2.906 -364.995 1.004
22.479 -41.988 -308.621 1.067
-20.602 11.051 -477.917 0.939
29.005 -65.518 -391.466 0.980
82.224 88.122 -477.146 0.996
52.129 6.136 -421.819 0.925
52.001 -83.495 -357.639 0.923
69.422 8.653 -388.694 0.878
-87.256 24.419 -468.558 0.959
-29.699 -24.427 -413.494 0.869
39.028 17.089 -386.525 0.980
-4.638 -32.266 -464.227 1.058
-84.883 74.019 -327.699 0.962
32.653 27.732 -322.488 0.986
19.947 -50.723 -455.020 1.007
-19.686 48.555 -361.026 1.038
65.876 40.773 -488.008 1.060
-94.023 82.886 -428.604 0.933
-55.579 62.959 -377.571 0.932
39.064 -55.025 -335.148 1.048
58.829 97.551 -411.278 0.928
30.963 7.727 -464.177 0.964
85.864 -43.649 -343.145 0.992
-29.007 40.066 -475.791 1.224
-43.576 -42.772 -399.182 1.033
24.863 55.275 -445.139 1.128
-84.195 -80.571 -474.171 1.090
-67.494 -23.221 -323.592 0.996
-86.371 60.342 -337.072 0.973
-10.608 39.901 -416.117 0.985
-22.464 -16.797 -459.524 0.956
-78.526 -54.374 -319.531 0.941
-24.183 -4.455 -473.742 1.199
5.448 -88.508 -444.073 1.025
93.515 -16.664 -393.991 0.900
97.795 78.494 -442.571 1.017
2.073 -40.990 -341.510 1.064
28.275 20.760 -328.304 0.914
-13.421 -82.911 -337.033 0.926
38.745 73.406 -433.414 1.073
-49.695 11.898 -470.947 0.906
70.881 -69.050 -461.678 1.111
-9.594 11.703 -365.353 0.961
-63.722 31.125 -327.745 1.103
82.507 -89.257 -307.119 0.941
-41.510 -59.695 -301.142 1.240
20.694 65.552 -357.090 1.020
95.435 42.751 -302.649 1.061
-85.866 67.516 -309.444 0.946
-25.604 -45.261 -454.141 0.987
-16.281 97.966 -371.117 0.931
55.475 -95.010 -328.530 0.988
-93.689 67.101 -379.363 0.859
24.248 -73.896 -447.104 0.938
-2.180 -67.618 -476.380 1.096
6.306 95.838 -397.484 1.012
-75.165 -42.424 -397.287 1.149
6.230 -37.366 -406.874 1.104
-6.162 47.221 -454.331 1.048
-38.275 20.237 -444.949 0.837
16.461 -99.295 -345.254 0.830
16.820 51.513 -488.075 0.952
-44.578 -3.315 -467.242 1.196
8.081 20.004 -361.541 1.131
67.140 -14.443 -353.929 0.993
-42.942 -42.887 -452.208 1.053
11.624 2.359 -423.721 0.991
-49.546 11.670 -462.652 0.889
-25.275 86.277 -453.117 1.072
-86.064 60.272 -334.681 0.969
-23.114 42.582 -454.304 0.946
-57.111 -25.322 -456.302 1.112
98.938 -58.535 -447.933 1.198
95.578 -73.904 -345.082 0.608
-6.476 15.717 -302.526 0.950
88.139 -52.185 -467.288 0.976
54.397 -71.708 -481.498 1.069
-21.580 30.476 -391.070 1.089
51.561 -72.532 -333.917 0.962
5.136 -72.502 -330.903 0.969
-52.439 30.068 -457.509 1.007
-49.323 72.659 -476.096 1.145
-97.921 86.590 -390.361 0.956
-79.478 38.140 -375.264 0.874
-26.405 41.086 -444.020 1.164
97.691 34.184 -450.162 1.028
-98.308 -92.379 -313.815 0.959
25.773 68.956 -458.398 1.017
36.601 -21.781 -352.656 1.115
-62.729 -27.624 -480.487 0.876
-44.715 -37.678 -430.164 0.924
-85.798 -89.802 -364.504 0.975
-80.727 23.102 -400.321 0.997
88.284 -45.556 -390.678 0.723
39.693 62.099 -435.733 0.945
92.858 18.421 -401.385 1.119
74.218 -59.664 -374.402 0.909
67.853 -92.994 -334.123 1.049
6.002 38.641 -465.722 0.768
-37.494 -44.609 -369.628 0.936
26.694 31.131 -345.217 1.068
43.521 50.605 -402.431 0.989
13.073 -24.441 -383.364 1.052
-67.028 -63.991 -413.648 1.271
0.160 -87.672 -481.074 1.067
93.926 83.526 -359.055 0.922
31.988 0.564 -434.798 1.050
-92.238 40.754 -494.791 1.157
51.340 -33.874 -368.825 0.955
67.479 -73.078 -498.198 1.006
-86.698 6.881 -476.600 0.964
31.160 -30.086 -389.069 0.984
-6.237 45.271 -497.035 0.815
-44.918 85.117 -411.471 1.023
-3.615 -24.819 -403.780 0.970
-33.112 68.670 -399.704 1.023
-4.307 -69.345 -335.562 0.949
2.289 34.360 -339.619 0.915
32.355 34.957 -477.222 0.987
-85.876 88.665 -324.991 0.990
22.715 0.195 -314.815 1.075
-61.028 75.400 -379.021 1.065
16.609 80.134 -420.756 1.087
-23.741 56.288 -426.569 0.977
50.532 57.238 -395.001 1.166
-80.109 81.547 -423.190 0.955
-46.136 -65.425 -390.455 0.889
-10.215 -53.755 -343.016 0.791
-71.066 57.232 -385.956 1.156
42.886 -87.240 -400.447 0.957
95.971 16.872 -408.592 0.933
5.465 75.615 -375.038 0.985
6.394 36.821 -320.468 1.058
42.389 -64.701 -317.440 0.962
-6.053 31.314 -400.702 0.850
13.609 45.461 -416.324 1.140
54.808 -77.130 -372.764 0.935
76.403 72.374 -390.019 1.168
-92.330 64.826 -484.549 1.121
93.706 -74.873 -437.781 0.998
-36.340 -49.307 -408.135 1.236
-84.871 -8.578 -339.713 0.922
24.737 52.546 -321.991 0.963
-83.656 10.786 -335.806 0.817
20.412 67.771 -327.892 1.102
-62.793 79.487 -417.776 1.086
33.837 -23.879 -473.177 1.020
-73.537 -57.195 -456.104 1.108
1.826 22.956 -494.461 1.139
45.999 78.260 -417.015 0.974
-41.050 37.438 -339.985 0.851
-91.114 -66.134 -428.422 0.925
-87.532 18.946 -392.878 0.901
43.808 -39.086 -346.546 0.962
69.721 -40.826 -302.838 1.003
95.020 2.002 -475.415 0.940
36.662 -19.998 -448.802 0.997
27.887 93.976 -322.848 0.994
80.153 34.308 -326.868 0.943
91.584 -19.520 -437.786 0.834
-89.288 -43.887 -422.726 1.097
-59.163 26.439 -442.774 1.175
-10.186 -97.696 -485.038 0.934
37.699 79.766 -498.076 1.053
95.449 -60.486 -300.974 0.997
68.616 -91.197 -357.438 1.043
72.592 -92.548 -353.011 0.937
-53.288 -15.793 -429.724 0.961
-73.495 -36.764 -492.296 1.042
-40.381 91.098 -346.850 1.126
2.077 73.670 -438.914 1.151
3.928 73.945 -350.766 1.024
44.257 0.103 -402.466 0.977
57.187 -67.745 -460.423 1.176
82.728 92.392 -423.276 1.149
-20.851 -13.657 -317.172 1.076
85.887 -25.911 -482.306 1.201
94.940 56.005 -384.361 0.808
61.512 20.702 -434.822 1.061
46.626 -8.851 -347.488 0.939
44.952 -83.974 -356.456 0.955
52.036 92.290 -343.005 1.205
78.544 -94.809 -404.892 0.900
26.970 -59.159 -314.831 0.890
42.242 -63.120 -385.076 1.002
86.746 12.759 -369.483 0.995
23.138 -30.342 -333.287 0.903
-0.970 -44.869 -425.011 1.073
96.356 -75.296 -344.271 0.923
23.325 31.756 -488.222 0.954
-13.043 1.797 -341.243 0.910
-92.481 -68.177 -314.179 1.021
-69.230 -64.593 -401.590 1.029
-64.600 79.549 -305.611 0.882
-27.392 -32.232 -472.541 1.009
-17.288 -24.549 -372.875 1.031
-7.350 -60.943 -440.638 1.041
32.431 -68.749 -468.170 0.949
78.264 -99.161 -412.365 0.834
-38.325 -18.559 -337.365 0.932
-87.809 22.668 -482.679 0.999
3.228 82.342 -428.676 1.104
-44.551 52.492 -400.434 0.996
5.366 10.170 -387.742 1.200
64.536 -34.482 -325.989 0.990
50.290 -92.016 -344.790 0.814
24.210 -58.667 -466.116 0.986
37.146 66.470 -355.252 1.046
-67.695 11.590 -353.320 1.148
58.966 42.155 -342.539 0.995
81.696 71.435 -403.849 1.063
67.723 4.773 -320.353 1.017
-58.863 -83.748 -451.077 0.869
16.525 13.898 -415.172 0.904
49.696 77.006 -421.129 1.102
-46.057 33.516 -377.688 0.986
82.847 76.183 -400.458 1.029
57.826 67.605 -359.102 1.107
-71.530 18.507 -453.594 1.138
19.835 -26.447 -368.374 0.936
-38.092 7.993 -433.122 0.982
62.059 61.191 -437.408 0.975
15.701 -74.669 -313.313 0.865
7.787 -78.469 -332.131 0.946
87.809 15.290 -306.110 1.061
-36.712 -24.053 -309.444 1.003
-27.977 94.597 -451.777 1.127
42.458 49.257 -432.017 0.881
44.811 -68.046 -367.873 1.114
18.341 -56.370 -484.223 0.893
31.030 -47.391 -360.355 0.939
15.121 61.074 -382.181 1.056
70.119 27.193 -455.715 0.977
-41.837 1.719 -405.953 0.917
-1.299 23.688 -400.234 0.973
62.868 36.822 -405.953 1.090
76.321 24.159 -420.988 1.102
-46.074 -52.681 -306.338 0.993
70.934 25.138 -324.584 0.806
-89.342 47.915 -355.472 1.096
-60.424 50.807 -460.555 1.173
29.102 21.756 -478.385 0.998
66.754 60.042 -490.387 0.992
55.474 66.624 -302.875 0.935
91.403 10.199 -357.954 0.938
-5.223 -82.026 -484.450 0.892
79.189 -85.927 -424.855 0.960
-79.503 84.699 -359.810 1.078
-89.931 -5.595 -370.132 0.900
-31.208 -18.350 -420.071 0.777
-23.883 -72.594 -408.515 1.041
34.821 77.668 -480.086 0.891
-72.011 26.266 -436.542 0.839
20.897 35.070 -358.522 1.071
-32.508 -41.348 -447.910 1.018
-34.278 7.249 -492.455 1.060
-5.093 40.245 -404.326 1.136
-58.956 -42.353 -478.292 0.968
-29.486 62.269 -427.502 0.964
-81.108 18.862 -486.036 1.079
-48.982 -63.013 -327.286 0.991
-69.853 21.412 -478.066 1.218
23.534 -6.933 -408.200 0.947
-45.006 74.794 -315.109 0.956
-15.395 -4.536 -470.905 1.049
-23.646 81.996 -421.055 0.900
-33.305 -50.070 -385.359 0.816
19.866 -37.109 -431.059 1.124
90.988 -84.882 -349.443 0.976
-52.689 64.066 -440.780 1.019
-67.201 87.373 -322.701 1.141
-38.131 56.968 -360.533 0.907
-92.106 -37.311 -431.302 0.920
76.856 87.075 -366.436 0.994
65.351 81.515 -380.909 0.975
93.997 -48.616 -317.806 0.913
-39.035 93.294 -349.795 1.024
-32.749 -52.622 -499.330 0.952
22.698 -66.558 -472.974 0.947
63.048 56.800 -406.257 1.153
28.919 -40.288 -330.404 1.050
27.210 95.339 -451.796 0.976
-53.943 -10.391 -483.989 0.928
2.989 -79.858 -430.247 1.065
9.650 -61.164 -486.137 0.877
28.415 -14.372 -365.121 0.873
70.112 64.086 -389.812 1.043
-74.527 -89.033 -343.508 1.003
18.039 82.352 -300.357 0.815
-15.481 76.908 -339.217 0.999
-60.501 -46.371 -354.969 1.167
-96.924 -7.016 -325.575 1.066
37.273 -54.453 -494.388 0.955
-63.936 -95.442 -356.666 1.069
31.648 94.298 -387.111 1.062
-64.687 34.354 -381.581 1.027
-33.628 80.621 -400.486 0.981
70.596 -52.070 -454.975 1.024
66.258 -37.366 -462.127 0.881
28.472 -39.484 -343.519 0.943
-8.491 -46.858 -404.313 0.949
-35.577 -89.912 -443.434 1.062
50.607 54.092 -470.999 1.058
40.965 6.761 -344.881 1.049
70.679 -41.072 -309.316 1.004
91.665 -13.786 -359.212 0.978
-92.573 -64.131 -416.144 0.949
-79.097 -51.759 -437.333 1.151
98.031 34.322 -401.264 1.022
84.749 37.678 -338.492 0.997
80.201 -88.753 -489.633 0.960
-93.208 -1.428 -497.223 1.030
-10.367 -30.988 -407.960 1.087
-66.851 -23.313 -365.418 0.983
67.393 24.401 -355.455 1.000
13.647 72.462 -363.374 1.243
-64.662 41.739 -482.200 0.911
7.159 -11.012 -347.470 0.960
-71.808 31.783 -376.312 1.011
80.493 -62.854 -376.111 0.956
4.512 -74.758 -379.340 1.046
-98.333 -34.938 -370.620 0.916
81.596 -87.473 -311.531 1.129
22.318 63.501 -313.420 1.040
-35.129 92.349 -312.913 0.970
94.676 -89.801 -385.153 0.902
-92.060 91.055 -362.594 0.929
-8.310 56.078 -406.425 0.897
72.175 7.288 -478.998 0.956
-98.128 96.380 -351.434 0.906
-11.321 34.817 -494.797 0.911
-20.704 55.540 -456.313 0.960
-0.618 93.815 -381.677 1.088
-62.291 38.201 -320.643 0.807
-2.343 81.445 -440.916 1.029
-96.950 -98.847 -328.046 1.070
47.067 -44.248 -386.593 0.957
40.769 25.471 -349.197 0.967
55.249 -47.346 -304.352 0.972
-74.007 -72.349 -436.051 1.024
-85.701 20.152 -417.794 1.123
-16.902 -46.070 -374.374 0.914
-36.192 -48.694 -411.690 1.215
-31.420 54.495 -387.397 0.814
36.309 -3.927 -411.402 1.141
-53.434 -43.731 -413.399 0.957
-17.387 4.633 -327.063 0.956
-13.013 -96.416 -383.577 1.034
-83.538 -80.820 -370.444 0.965
-7.475 28.434 -433.880 1.079
-58.769 -26.859 -462.305 0.885
88.105 -65.377 -431.165 0.989
70.755 1.686 -459.740 0.863
-52.233 -88.169 -492.487 1.070
-17.107 50.088 -326.702 1.142
-67.927 92.995 -472.144 1.110
86.192 89.634 -393.562 1.053
72.692 -45.090 -403.541 0.817
-69.180 -7.889 -482.538 0.985
16.109 17.791 -330.826 0.968
30.088 24.393 -379.625 0.732
-90.057 -4.901 -308.986 1.021
-87.710 -53.734 -330.219 1.074
15.419 -56.581 -374.214 0.968
-21.666 67.838 -333.533 0.931
-66.342 -2.684 -452.174 1.057
61.286 -18.579 -423.919 1.074
15.237 36.625 -361.116 0.980
-37.796 87.940 -386.971 1.225
79.057 64.047 -396.410 0.955
-72.439 -36.453 -448.518 1.127
42.366 -46.546 -412.877 1.007
8.381 -19.089 -411.866 0.977
-76.482 64.147 -330.256 0.924
-65.115 71.678 -355.637 0.900
-72.599 2.258 -412.457 1.026
-89.143 56.551 -348.563 1.025
-77.204 -53.336 -433.518 1.060
-10.571 -93.413 -440.826 0.837
-89.380 -63.280 -314.727 0.802
22.691 -72.265 -416.543 1.000
-75.378 37.210 -361.263 0.915
17.712 77.082 -446.401 0.862
27.969 80.876 -421.464 1.089
20.782 -71.765 -417.018 1.053
-36.924 -14.281 -336.612 0.877
10.010 84.966 -375.507 1.236
83.768 49.458 -459.950 1.157
-89.708 -18.302 -338.336 0.804
41.067 98.443 -326.586 0.932
58.903 -14.492 -384.843 0.858
78.327 -70.930 -334.847 0.916
-9.306 -97.919 -374.626 1.075
-54.040 -6.194 -443.827 0.899
72.876 65.836 -457.744 1.026
-66.244 -44.681 -455.914 0.720
24.953 78.207 -492.074 0.958
73.472 84.253 -355.555 1.029
6.633 40.413 -356.079 0.948
78.151 -77.057 -472.787 1.138
51.190 -83.853 -344.886 1.209
71.764 -49.060 -382.695 0.973
-65.163 -33.215 -497.771 1.009
80.024 16.562 -449.449 0.862
4.418 20.497 -478.239 0.871
58.989 -36.332 -318.310 0.966
17.242 -7.372 -472.951 1.183
2.555 -99.539 -351.262 0.914
-25.718 -57.210 -480.242 1.039
-25.741 -19.028 -301.994 0.891
32.098 99.564 -340.495 1.019
-86.492 13.828 -360.211 0.814
12.509 -46.752 -432.317 0.962
28.470 -56.216 -355.913 0.920
-28.328 59.064 -369.897 0.939
-0.161 79.217 -315.543 1.133
-90.970 -11.729 -429.143 1.023
34.241 -49.232 -400.520 1.056
-47.189 -16.272 -366.601 1.131
-12.717 15.958 -417.759 1.061
-60.416 -19.186 -487.826 1.233
-22.188 -10.232 -428.434 0.995
83.762 -74.763 -468.034 1.135
81.314 -98.008 -316.833 0.965
-81.587 -65.400 -491.277 1.049
32.938 67.875 -403.005 1.064
98.990 -0.464 -362.871 1.155
-29.968 56.085 -470.304 0.865
-35.225 63.250 -499.137 0.977
-32.607 21.024 -437.231 0.856
47.203 50.205 -384.331 0.972
16.035 16.008 -365.596 1.012
-17.543 31.822 -374.417 0.871
-90.870 95.930 -393.546 0.956
68.374 -4.910 -466.967 0.988
-20.532 -28.616 -328.032 0.946
21.892 -51.681 -442.529 0.968
-99.432 7.144 -448.436 1.029
27.343 48.406 -406.842 1.230
-64.555 -61.169 -341.585 1.042
26.977 -54.534 -307.314 0.871
-50.234 -14.449 -395.134 0.940
87.922 -19.191 -455.077 0.970
19.223 36.944 -361.199 1.012
-39.358 -8.628 -348.692 1.050
41.516 31.254 -374.858 0.903
-95.998 -21.762 -409.890 0.974
1.093 -14.946 -447.110 0.912
-14.894 77.876 -450.300 0.902
84.532 -2.659 -382.919 0.931
21.526 -8.162 -451.802 0.860
63.692 -55.598 -300.498 0.976
-42.013 -84.965 -495.082 1.002
23.044 39.167 -394.410 0.984
99.947 53.171 -452.572 0.954
87.466 -91.260 -402.036 1.016
6.578 17.148 -360.494 1.043
93.540 -36.683 -442.524 0.883
-11.487 62.400 -342.161 0.986
24.738 -44.869 -415.532 0.943
57.267 -8.638 -375.500 0.922
53.862 83.456 -460.183 0.877
31.817 31.200 -430.052 0.863
38.173 -50.071 -492.141 0.889
74.302 10.226 -467.820 0.989
-35.333 50.932 -322.180 1.032
-4.883 -26.265 -442.264 1.103
70.093 -78.045 -420.749 1.027
50.969 93.608 -400.404 1.006
15.222 77.210 -496.613 0.865
35.499 11.132 -308.576 1.031
-86.322 30.649 -301.958 0.962
-69.147 68.612 -397.240 0.985
10.767 -61.239 -400.720 0.998
-10.493 59.826 -453.638 1.182
76.720 -6.182 -315.328 1.120
73.302 25.256 -405.773 0.913
-88.623 -37.691 -371.626 0.941
-12.293 -47.979 -447.439 1.072
-50.314 32.734 -333.724 0.952
-36.415 8.096 -303.998 0.940
-96.435 85.616 -372.056 0.971
90.368 12.692 -478.801 0.783
78.083 -15.807 -485.930 0.903
24.393 -8.247 -383.981 1.029
92.431 95.012 -307.707 1.006
51.467 52.051 -414.484 0.971
-69.839 -37.903 -468.096 0.957
81.970 47.022 -442.037 0.850
-75.283 31.930 -446.003 1.131
-81.030 -51.563 -413.004 1.072
41.708 -92.885 -323.596 1.084
91.212 -40.971 -401.511 1.062
61.765 -3.568 -457.040 1.056
-14.129 68.643 -329.391 0.952
41.184 92.378 -463.630 1.013
-41.195 -48.575 -489.234 0.893
40.508 99.536 -469.621 0.984
8.342 88.590 -484.842 1.167
-15.843 52.773 -436.559 1.055
43.133 11.252 -354.000 0.943
32.540 98.063 -460.761 0.937
-98.399 84.463 -329.833 0.940
-20.798 -99.615 -474.094 1.059
84.630 36.314 -447.127 0.862
32.253 19.053 -469.053 0.919
-84.470 99.844 -373.677 0.865
-6.417 24.072 -458.439 1.201
26.417 36.411 -423.645 0.948
-89.400 -91.541 -481.734 1.114
-93.417 24.443 -430.650 0.883
75.913 -59.270 -386.543 1.070
-84.881 35.928 -457.100 1.122
-85.074 -68.198 -462.618 0.816
-58.862 -93.432 -328.560 1.135
54.178 33.980 -337.185 1.048
57.841 18.275 -317.039 0.925
-39.212 54.624 -489.571 0.953
-28.063 74.272 -426.687 0.880
-19.877 -96.515 -364.319 0.936
27.748 21.815 -440.134 0.893
-60.190 -20.145 -379.164 1.014
71.093 -32.900 -375.982 1.039
-13.532 -69.888 -391.875 0.894
50.500 -73.803 -457.596 1.222
-45.521 95.538 -438.351 0.837
-18.803 68.522 -437.913 1.218
-9.526 80.589 -399.498 1.000
53.874 64.675 -431.565 1.280
16.733 20.528 -376.239 0.755
-80.546 -97.426 -335.029 1.044
94.710 99.159 -363.125 1.088
38.042 -73.990 -341.734 0.933
30.902 57.904 -415.812 0.984
-79.382 19.925 -480.743 1.007
-14.015 39.848 -488.317 1.145
13.592 34.691 -460.940 1.034
30.916 -60.183 -333.777 0.935
35.940 17.945 -358.748 0.905
-67.321 -94.445 -303.860 1.030
52.259 94.915 -467.368 0.967
-35.884 57.109 -347.431 1.036
-19.829 86.468 -342.776 0.881
66.280 -7.175 -382.024 0.935
-48.376 -18.758 -471.012 0.850
-11.393 96.638 -385.199 1.171
-44.546 23.717 -475.876 0.981
-33.289 85.538 -444.572 0.994
-84.767 41.371 -361.000 1.074
-50.483 84.356 -304.701 0.968
86.267 52.784 -457.811 1.058
-60.458 -47.041 -417.426 0.900
-37.856 77.044 -372.567 0.873
-53.039 -72.970 -307.074 0.909
67.924 -84.971 -396.205 1.168
22.076 -60.903 -434.826 0.926
-55.721 -42.481 -454.424 0.749
-50.411 29.069 -402.441 0.931
55.532 -61.929 -452.109 0.907
-70.280 -9.380 -352.466 0.995
-48.364 -35.282 -400.318 0.904
-11.373 78.336 -364.639 1.025
-34.772 9.941 -467.071 0.951
56.622 -58.772 -386.134 0.995
62.929 -82.011 -449.520 0.889
-84.857 68.566 -397.416 1.089
11.124 86.512 -352.866 1.002
-17.508 31.978 -486.201 0.958
84.551 69.578 -327.806 1.043
-76.374 59.353 -310.021 0.918
-90.293 13.354 -484.941 0.848
-36.102 24.998 -385.191 1.059
-37.553 14.344 -395.595 1.162
7.380 -25.772 -334.698 1.131
-44.598 49.640 -365.397 0.904
97.627 -4.887 -392.986 0.951
53.309 -52.938 -394.134 1.205
-68.263 25.727 -403.775 1.124
-68.085 -86.519 -492.990 1.132
-17.562 65.262 -387.439 0.979
-34.310 4.628 -388.300 1.150
79.899 -1.701 -461.678 1.109
-82.566 73.546 -308.704 1.091
-7.065 -11.989 -303.050 0.958
96.235 32.840 -400.001 0.971
85.028 -12.334 -437.263 1.157
-14.938 48.085 -365.057 1.045
72.632 67.485 -354.000 0.941
-47.074 74.444 -332.560 1.070
-75.053 83.209 -333.113 1.211
-91.244 38.860 -312.958 1.019
-31.983 -71.198 -489.438 0.858
61.156 35.129 -432.797 0.941
48.281 -55.622 -403.343 1.030
-13.810 22.592 -412.620 1.041
-44.043 -69.144 -423.368 1.008
-41.381 36.785 -304.336 1.059
-48.963 4.161 -361.200 0.981
75.499 95.330 -311.963 0.977
16.537 -0.732 -439.351 1.111
-47.841 -73.285 -371.175 1.027
-61.279 52.063 -478.994 0.889
-26.785 70.354 -352.850 0.938
68.447 35.621 -435.954 0.937
47.037 9.274 -438.788 1.026
-32.881 41.144 -488.428 0.939
-43.296 66.989 -318.582 1.071
87.721 -53.232 -364.256 0.944
-8.215 32.041 -357.067 0.881
-24.867 -51.713 -360.743 0.947
-81.054 48.449 -405.391 0.937
-55.838 11.669 -353.935 0.977
-74.695 -25.807 -328.381 1.192
-3.807 73.389 -404.634 1.061
7.191 -61.614 -381.408 0.924
-53.610 94.745 -460.192 0.931
-21.730 -52.854 -421.307 1.145
-24.195 -45.432 -442.969 0.932
-57.727 48.639 -356.859 0.905
70.578 44.681 -448.158 1.021
-19.839 77.493 -306.816 1.002
-85.584 -93.104 -424.060 1.085
-18.113 31.795 -433.318 0.819
-73.543 -24.369 -413.680 1.028
72.084 67.892 -342.972 1.096
-86.838 -61.428 -462.163 0.935
-43.989 70.056 -404.872 1.000
92.545 64.546 -494.195 1.034
-74.893 97.378 -362.692 1.089
-62.103 -48.838 -410.332 0.962
12.988 28.589 -408.719 0.950
-79.787 8.062 -485.593 1.013
-4.670 63.774 -419.253 0.877
52.062 -31.211 -372.383 0.930
-77.115 -2.203 -401.175 1.159
-93.591 -23.980 -428.776 1.094
-85.614 96.020 -398.860 1.166
-83.761 -31.982 -464.760 1.086
-3.962 -96.080 -492.359 0.989
91.354 25.449 -457.198 1.015
-27.722 5.705 -316.483 0.995
-95.910 62.485 -398.686 0.950
66.822 34.796 -325.534 1.028
56.237 55.501 -345.041 1.027
42.378 -70.139 -419.250 0.807
3.918 -3.110 -437.431 0.968
-96.190 -27.224 -385.266 0.864
-97.710 -5.370 -358.593 1.060
-80.450 23.228 -405.572 0.910
-37.739 10.535 -316.535 1.032
36.468 77.232 -446.781 0.855
63.246 -81.008 -422.197 1.007
32.610 70.144 -309.082 1.016
-99.527 -18.922 -359.722 1.170
-33.432 80.448 -408.716 1.107
43.024 6.423 -489.495 1.053
55.884 -60.062 -407.456 1.085
-95.950 -96.999 -395.274 0.957
-87.322 11.910 -483.127 1.102
-11.668 48.992 -398.742 1.053
79.808 77.114 -460.668 1.135
-81.380 -12.646 -302.911 1.072
-74.275 -49.873 -426.578 1.092
-5.853 -40.360 -308.599 1.113
87.050 18.488 -451.742 1.113
-14.496 42.025 -410.792 0.871
50.973 5.499 -365.000 0.851
80.136 -83.773 -365.674 1.136
26.961 89.762 -300.199 1.010
-42.508 -3.443 -352.760 1.038
-3.020 56.797 -443.353 0.836
-22.847 97.379 -407.846 0.924
46.736 67.840 -492.470 0.858
-85.517 33.515 -318.460 1.131
-97.228 -7.701 -400.378 0.930
-94.552 99.307 -462.382 0.903
14.562 74.063 -346.435 0.851
-7.400 77.514 -419.779 0.891
-25.310 9.419 -410.740 0.999
-25.592 16.851 -488.595 0.883
94.130 4.243 -426.167 1.000
-90.162 33.443 -422.462 0.943
-87.820 -60.393 -447.772 0.843
-99.058 96.918 -351.036 0.791
45.153 56.086 -325.994 1.035
66.128 -74.847 -461.614 0.864
-69.950 84.778 -348.661 1.019
-88.065 82.119 -448.755 0.879
1.542 -42.603 -392.701 0.958
11.616 88.315 -317.326 1.112
-44.283 -82.247 -313.303 1.055
77.442 -94.661 -389.546 0.954
-39.066 -97.086 -379.369 1.200
-44.737 -51.285 -481.069 1.021
81.146 83.353 -372.345 1.091
-20.968 -18.580 -414.178 0.993
26.971 -17.515 -476.750 1.048
-18.994 -68.399 -431.968 1.017
97.377 -81.733 -412.566 1.113
75.068 43.999 -355.187 1.153
-91.423 -7.711 -379.716 1.215
-86.743 -67.365 -352.371 1.067
30.534 -78.376 -364.544 1.108
-1.231 -17.103 -358.726 0.938
33.917 39.434 -398.467 0.972
-73.702 72.753 -443.935 0.899
-26.585 -90.759 -300.871 0.937
-37.920 -93.948 -319.831 1.117
-57.979 92.831 -410.564 0.901
42.615 -82.542 -422.231 1.002
-53.851 -68.948 -388.467 0.995
23.068 98.694 -380.468 1.067
11.539 -74.215 -457.313 0.985
60.503 32.560 -490.367 0.925
5.065 48.792 -363.457 1.045
89.928 98.426 -336.723 1.026
-50.124 58.567 -307.916 0.888
8.286 -97.131 -323.796 1.038
-70.054 -29.912 -306.117 1.043
82.083 -2.183 -418.712 0.975
47.118 -28.608 -349.136 1.017
-69.545 -73.042 -353.067 0.938
94.844 -33.021 -327.357 0.918
2.383 -16.349 -379.380 0.872
40.958 -29.881 -346.522 1.034
12.555 -81.387 -342.896 0.958
-98.769 -91.852 -471.870 1.206
-36.449 -76.431 -400.736 0.971
65.851 -45.992 -443.945 0.993
-71.686 -83.741 -449.764 0.975
-94.301 33.878 -322.162 1.063
40.754 -66.719 -467.449 1.035
-15.975 71.283 -334.874 1.098
39.078 23.541 -478.003 0.917
38.345 87.647 -375.176 0.892
89.859 24.042 -365.316 0.944
21.676 -42.239 -308.400 0.857
16.926 9.857 -402.362 0.914
-48.023 -31.059 -317.661 1.127
-67.409 -26.518 -416.145 0.879
4.644 -67.643 -487.821 0.978
34.968 -42.012 -434.836 0.827
-78.220 -25.274 -331.644 0.949
-81.459 32.703 -436.246 0.886
-35.242 -2.711 -489.071 1.110
-42.787 -6.393 -499.441 0.941
-45.722 -64.524 -464.537 0.878
16.649 68.325 -365.513 1.030
-87.048 -96.633 -313.091 0.851
-44.507 -41.501 -400.991 1.070
64.178 -38.278 -351.239 1.080
78.611 -93.919 -365.726 0.881
-99.082 99.131 -432.110 1.120
61.172 22.984 -406.136 1.193
-32.809 -2.605 -344.023 0.954
80.070 38.763 -377.959 0.994
31.642 30.313 -481.434 1.214
7.570 -88.451 -301.810 1.057
-20.389 -68.107 -353.710 0.889
6.852 20.501 -320.808 0.990
51.232 -13.096 -379.091 0.969
-20.546 76.343 -453.808 1.065
-45.292 -65.119 -410.410 1.008
-52.276 60.863 -475.517 1.037
92.770 -15.823 -476.502 0.994
36.631 49.634 -312.031 0.846
39.011 91.090 -473.756 1.036
-97.253 99.295 -341.068 0.893
-64.765 2.121 -359.592 1.136
-80.509 -12.701 -328.114 1.092
14.581 -82.809 -394.239 1.135
-36.181 7.641 -375.447 0.974
-86.154 12.113 -373.702 1.129
37.660 46.218 -434.774 0.963
-11.710 70.940 -368.512 0.916
-46.031 -36.359 -342.414 1.096
16.506 -43.504 -488.318 1.140
-53.483 85.675 -396.236 1.054
-19.608 2.286 -339.458 1.307
33.100 22.259 -442.646 0.816
85.356 72.812 -371.054 0.852
82.670 -30.964 -413.637 0.963
70.680 24.222 -368.822 0.898
30.069 43.394 -423.662 1.079
-16.273 -38.908 -383.136 0.998
-75.986 48.839 -488.065 0.931
-84.311 10.730 -467.119 0.962
58.552 48.333 -330.451 1.013
51.937 42.327 -326.081 1.242
57.250 -38.888 -310.330 0.984
-44.170 88.956 -464.151 1.013
31.759 -40.662 -390.905 1.032
32.283 81.936 -361.183 0.861
27.581 -29.231 -355.957 1.097
56.195 -74.537 -340.008 1.238
-82.061 6.388 -365.358 1.003
-23.528 -95.330 -366.274 0.988
62.510 8.157 -335.174 0.998
