-90.170 -5.155 -342.246 1.083
-12.287 -62.946 -364.077 0.871
86.816 48.569 -452.981 1.099
32.221 -45.108 -460.146 1.101
79.299 74.316 -349.903 0.938
-34.655 20.531 -370.719 1.057
-73.183 -94.631 -365.418 0.807
28.826 -0.516 -479.816 1.094
-66.269 1.923 -416.354 0.975
-32.540 5.307 -320.784 0.993
19.080 -36.894 -359.969 1.050
-4.418 -77.311 -430.677 0.943
53.921 7.016 -341.067 1.113
38.936 -17.573 -386.312 0.966
-65.635 23.850 -339.831 0.824
96.551 -11.919 -416.521 1.194
-35.795 75.547 -396.012 0.950
51.157 -80.264 -407.571 0.923
-95.666 -71.679 -311.113 0.950
-83.983 13.965 -464.990 0.897
-2.794 45.874 -308.592 0.890
-14.266 -86.624 -429.360 1.167
-46.117 -40.088 -485.316 1.246
-46.143 89.679 -398.610 0.934
-15.698 55.407 -350.184 0.926
-71.724 -28.993 -332.686 1.009
-76.760 -56.298 -418.040 0.834
-38.461 94.708 -350.298 1.185
45.162 -71.724 -493.106 1.020
5.910 22.893 -496.779 0.934
20.387 20.034 -381.712 0.902
30.835 -30.003 -374.221 0.974
-98.915 70.474 -386.067 1.045
21.793 -59.328 -395.345 1.146
61.359 -72.492 -438.259 0.984
-11.113 0.523 -320.080 1.153
-30.005 29.182 -448.734 0.891
-87.323 -85.654 -433.430 1.241
6.811 21.430 -490.776 1.021
-50.035 -15.686 -401.091 1.138
79.702 27.558 -490.351 0.863
-95.960 -31.672 -405.690 0.912
2.942 81.410 -318.586 0.978
-13.336 -29.552 -438.647 0.911
-98.128 -29.363 -412.579 1.012
29.582 31.293 -328.249 0.874
85.680 -59.006 -409.507 0.967
-4.119 -66.618 -399.455 1.014
-7.002 82.630 -370.606 1.039
80.535 -15.631 -447.747 0.918
11.789 -88.513 -459.781 1.036
4.989 57.714 -480.279 0.941
-0.584 49.854 -313.792 1.032
-60.278 30.674 -346.825 1.054
-75.395 95.244 -363.925 0.947
68.884 -45.845 -441.478 0.999
-96.800 -79.982 -477.657 1.057
30.059 -7.983 -443.527 0.929
51.311 -33.960 -350.020 1.136
67.163 20.947 -311.039 1.080
13.119 -84.046 -359.173 1.112
-42.465 80.899 -474.891 1.080
-74.580 77.861 -372.078 0.901
-31.295 -62.629 -477.423 1.100
-22.665 32.533 -332.085 0.920
-3.965 15.917 -358.968 1.085
81.240 -53.492 -349.482 1.005
-31.908 42.950 -319.798 0.903
-80.732 45.548 -426.496 1.004
7.156 17.996 -474.263 0.967
-28.619 61.444 -449.126 0.978
8.320 83.067 -491.201 0.926
23.044 -69.133 -323.846 0.986
-57.316 -42.150 -475.023 1.110
-14.785 -18.229 -423.645 0.794
73.782 55.574 -496.826 1.079
92.433 -2.937 -440.078 1.189
-21.696 63.563 -358.203 1.197
51.640 -27.803 -465.822 1.024
27.886 -0.725 -423.937 0.990
-6.613 50.759 -407.929 1.067
-82.398 -38.968 -476.749 0.952
-63.375 47.226 -423.707 1.116
75.527 63.462 -312.951 1.045
-34.262 83.579 -415.976 1.134
94.521 -57.696 -498.452 1.043
-24.904 -78.621 -309.792 0.967
-2.598 -90.758 -328.069 0.925
-29.973 -32.416 -337.078 0.967
27.913 2.057 -408.141 0.983
85.657 23.020 -423.115 0.968
-6.308 70.126 -308.491 1.017
-95.618 -77.605 -381.018 1.104
-22.143 86.766 -444.617 0.892
18.236 95.122 -325.664 1.076
8.603 35.904 -453.943 0.813
-56.787 -71.101 -401.712 0.995
43.385 -24.427 -392.680 1.035
90.195 -34.219 -410.988 0.990
-67.045 76.390 -304.930 0.873
-57.731 -79.653 -362.161 0.942
35.231 85.695 -436.258 1.197
58.853 -75.165 -491.844 1.103
33.774 -46.680 -311.054 1.187
-2.097 51.431 -403.372 1.030
-3.588 -90.137 -453.018 0.995
68.742 -26.654 -316.322 0.937
93.104 46.907 -432.486 0.853
-6.232 -18.825 -348.099 0.907
56.487 0.069 -392.281 0.935
-31.381 -6.506 -369.004 0.919
76.933 -12.314 -381.918 0.968
10.180 51.816 -484.520 1.189
-25.496 67.411 -337.298 0.951
17.601 82.398 -358.567 1.028
-51.862 -5.244 -313.734 1.118
57.671 62.339 -427.018 1.012
-86.889 -39.324 -344.860 1.124
90.925 -44.597 -321.847 0.813
-29.289 -41.712 -325.893 0.904
-93.043 -25.493 -467.971 1.182
15.651 38.258 -482.353 0.876
-46.060 60.230 -318.400 1.017
-8.408 41.822 -377.548 0.912
-11.312 48.330 -300.632 1.137
43.146 3.490 -407.905 1.060
-58.815 -92.481 -392.932 0.883
-55.276 -0.753 -462.406 0.908
73.654 91.592 -395.724 0.923
-12.231 50.206 -424.371 1.100
7.219 18.375 -367.883 0.982
64.577 9.759 -466.224 0.929
-11.316 6.432 -377.591 0.866
41.973 0.032 -406.379 1.001
-42.294 19.080 -442.270 1.026
-98.196 -68.801 -488.150 1.047
-25.637 58.062 -415.303 1.094
-8.605 -47.566 -455.747 1.016
43.153 -78.918 -491.306 1.064
47.103 -24.882 -421.525 0.971
-83.330 69.533 -322.513 0.912
34.719 -88.660 -350.437 0.808
48.630 56.921 -309.443 1.094
70.698 65.002 -496.998 1.093
18.553 -32.891 -335.289 1.041
83.348 -43.444 -361.142 1.110
-27.635 69.140 -316.921 0.879
-68.770 45.304 -381.666 1.070
-82.514 59.148 -487.480 0.997
63.871 -98.484 -477.010 0.982
-33.846 68.121 -373.676 1.063
13.899 -36.767 -385.902 0.956
10.942 -14.870 -388.819 0.910
-13.847 -64.115 -395.500 0.984
-21.589 29.286 -467.841 1.086
-67.105 -14.634 -428.478 1.086
56.881 -42.405 -429.759 1.025
-36.349 77.705 -428.955 0.915
-90.242 -63.564 -390.058 0.952
-24.838 66.671 -348.324 0.957
-95.721 33.369 -382.060 1.164
59.899 91.860 -368.241 1.004
-79.087 -39.634 -460.476 1.065
-59.898 -66.892 -496.911 1.090
93.878 -72.913 -361.282 1.068
-14.002 -98.590 -369.953 1.015
-33.943 -10.087 -346.731 1.018
70.133 12.691 -359.391 1.121
-11.025 16.947 -367.323 1.076
-97.912 79.383 -342.376 0.925
-41.200 24.473 -325.173 1.046
-79.974 -79.416 -405.292 1.034
-61.228 -58.127 -452.004 0.972
-90.753 -40.019 -348.836 1.011
70.355 43.704 -386.842 1.070
38.115 -68.813 -310.821 0.987
-33.324 -24.922 -428.419 0.970
-19.503 26.379 -300.075 1.211
77.527 -30.966 -419.079 1.107
46.919 58.371 -360.221 1.014
-86.410 26.359 -395.081 1.101
-90.620 55.101 -349.939 0.948
10.602 71.117 -409.240 1.154
7.239 0.286 -367.745 1.082
49.310 -73.148 -433.794 0.969
31.977 20.579 -412.854 0.899
36.036 62.390 -304.733 0.905
-51.643 37.864 -379.673 1.024
-34.035 42.566 -321.984 0.960
-47.089 -25.557 -467.486 0.811
87.781 0.501 -314.995 0.951
36.738 -18.840 -461.234 0.971
-97.872 -36.064 -376.704 1.011
-51.862 75.333 -433.541 1.001
-54.880 -7.632 -425.649 1.117
11.548 -73.642 -351.081 1.110
-10.581 21.690 -436.347 0.966
8.017 -47.465 -341.860 0.758
-28.388 -85.724 -426.319 0.926
30.492 -99.809 -353.488 1.001
31.282 -82.700 -372.045 1.052
-71.385 78.197 -334.872 1.106
-37.558 74.270 -474.795 0.931
-58.928 -59.224 -398.218 1.166
-15.968 -89.733 -490.851 1.068
39.358 -26.574 -406.081 0.996
-11.188 -56.367 -493.027 0.965
-64.647 -82.671 -341.896 1.031
-83.476 22.738 -366.038 0.969
-28.359 22.609 -303.112 1.131
95.666 -13.640 -318.997 0.961
-32.129 -61.225 -354.818 0.926
-21.750 -11.499 -319.669 0.880
-94.715 -79.813 -432.035 1.032
-16.283 67.152 -471.907 0.991
76.113 69.035 -419.181 1.029
18.114 -72.468 -480.063 1.008
-98.721 -12.357 -337.862 0.867
83.834 31.442 -470.302 0.972
-58.269 89.217 -449.162 0.996
-42.979 71.197 -412.574 1.035
-38.844 -60.242 -491.231 0.990
-69.292 23.712 -498.807 1.125
42.265 36.002 -478.987 0.941
-6.338 -12.599 -404.660 1.008
52.596 -38.761 -455.084 0.863
11.333 51.243 -403.011 0.902
-18.666 -40.403 -313.634 0.997
-52.786 -80.274 -428.759 0.755
-62.407 -10.749 -416.632 1.062
-77.917 -26.730 -431.514 0.929
-4.555 -95.446 -404.660 1.070
42.657 41.001 -476.302 0.997
61.796 -15.736 -415.097 1.130
75.762 81.636 -409.744 1.077
66.867 43.220 -437.480 1.049
13.639 35.077 -372.477 1.059
42.041 -38.996 -420.559 1.285
-83.817 -47.703 -490.594 0.825
-10.626 21.992 -300.648 0.939
63.062 23.092 -317.603 0.871
-56.828 23.132 -374.517 1.085
-13.964 -46.848 -483.665 1.111
-8.357 -35.849 -355.614 0.778
78.209 42.295 -461.856 0.919
99.223 -11.924 -417.434 1.038
22.724 75.154 -325.332 1.035
-46.168 61.735 -330.546 0.943
1.176 67.459 -328.549 1.083
33.922 -10.996 -342.983 1.118
-20.772 -8.043 -488.705 1.102
-61.792 -44.671 -354.661 1.069
-16.319 70.621 -437.002 0.867
14.708 84.670 -456.953 0.915
44.751 -26.568 -487.196 0.806
-74.281 -98.516 -376.416 1.058
38.505 -68.149 -403.888 0.808
-2.126 20.456 -345.971 1.058
-94.705 57.238 -344.389 1.054
-62.786 40.431 -361.664 0.998
-47.628 63.363 -418.090 1.035
6.431 49.199 -435.562 0.897
73.323 5.740 -435.368 1.173
-95.539 -93.059 -356.921 0.929
-28.275 -96.328 -428.250 1.083
-57.684 -33.315 -359.979 0.911
0.734 7.223 -403.004 1.025
89.996 -80.306 -393.200 0.946
91.390 55.248 -328.137 0.966
-89.120 90.449 -367.641 0.746
12.811 23.656 -348.232 1.022
64.528 50.872 -459.995 1.112
-15.142 -28.785 -387.044 0.837
1.084 1.879 -331.573 0.869
-46.984 0.954 -323.592 0.956
76.080 -57.387 -463.591 1.070
55.276 -47.848 -343.202 1.110
-94.483 -46.851 -472.420 1.106
78.760 57.853 -398.667 1.033
-20.267 -72.796 -355.513 0.849
89.943 -41.389 -312.159 0.994
-1.067 -73.758 -420.815 1.151
-64.700 19.002 -423.276 1.048
-39.590 -86.538 -443.911 1.106
56.686 -72.298 -488.962 0.942
-9.358 -10.177 -397.805 0.982
-21.878 -0.410 -355.209 0.992
53.970 15.229 -406.210 1.073
51.984 -41.744 -334.076 0.782
-6.949 -50.589 -415.090 1.037
-88.579 87.392 -404.001 1.063
-77.792 62.158 -487.752 1.114
7.281 96.272 -486.789 0.933
48.335 7.087 -497.776 0.948
76.797 83.520 -379.666 0.976
-99.587 69.221 -309.397 0.936
7.031 18.575 -396.825 1.092
-47.794 -69.216 -465.872 0.854
54.937 7.263 -314.006 1.137
-2.294 -87.514 -492.316 0.990
-12.806 -16.296 -357.414 1.162
82.119 85.311 -341.631 1.057
97.386 27.815 -496.021 1.053
64.714 -58.555 -401.406 0.994
-29.142 -85.691 -442.321 1.034
-78.729 -22.820 -308.252 0.874
-51.569 -3.219 -470.620 1.140
58.914 -44.769 -359.600 1.055
-98.437 69.355 -339.667 1.004
-30.532 31.410 -322.641 0.988
79.042 69.532 -326.774 0.739
-92.997 33.050 -413.875 0.834
40.428 -30.721 -313.859 1.002
-35.705 90.638 -468.097 0.939
36.869 4.066 -427.196 0.908
-22.720 73.250 -317.217 1.152
-9.192 -91.231 -451.304 0.880
7.772 -22.340 -367.714 0.876
-7.538 48.890 -320.742 0.995
-44.947 70.090 -311.432 1.108
-37.675 51.384 -472.228 0.960
-39.561 84.016 -340.785 1.153
44.840 57.065 -329.557 0.999
-0.898 28.710 -306.459 1.124
-91.572 75.289 -386.233 1.036
49.495 21.580 -383.659 1.017
-45.943 16.154 -451.977 1.184
30.624 84.486 -382.124 0.813
46.063 -48.521 -492.069 1.032
94.672 38.038 -450.498 1.039
99.638 56.846 -465.423 0.822
90.875 -34.673 -444.589 0.733
-92.518 38.126 -483.081 1.085
88.583 57.203 -481.856 0.780
78.402 -6.066 -463.779 1.097
-62.028 -22.478 -367.126 0.957
-61.181 -73.588 -355.166 0.923
76.872 66.675 -340.289 0.799
79.875 -41.845 -326.978 0.945
91.687 99.994 -499.560 0.982
-2.214 -73.799 -472.939 1.020
-11.934 -74.552 -350.057 1.160
71.378 63.615 -467.688 0.973
-30.660 -46.780 -304.703 0.989
-57.904 22.827 -389.776 1.075
3.158 17.658 -320.348 1.026
6.625 52.751 -320.692 0.940
-91.717 -38.577 -389.229 0.934
65.637 28.566 -364.304 1.068
-66.840 -37.323 -478.244 1.031
-44.339 -6.063 -326.851 1.016
63.737 63.775 -480.217 0.923
-55.466 94.189 -437.349 1.040
64.365 -10.966 -394.730 0.980
-8.055 -35.323 -494.433 1.170
16.745 -4.684 -413.502 0.874
-14.428 -6.709 -357.810 0.978
-26.724 -19.694 -311.389 1.004
-34.651 32.382 -341.345 0.972
53.433 -83.763 -351.685 0.935
-66.767 -71.219 -383.275 0.961
-73.104 99.112 -342.315 0.842
96.210 -55.432 -455.626 1.061
-75.845 14.214 -412.430 1.217
38.263 59.993 -366.314 1.143
96.951 73.748 -383.535 1.149
-42.236 7.601 -405.749 1.039
-23.662 99.493 -409.228 0.833
97.207 -74.877 -429.472 1.050
-22.003 -79.918 -492.855 1.023
-11.411 25.457 -489.667 1.161
-30.365 9.826 -304.583 1.000
23.227 -15.042 -393.754 0.940
-32.932 -69.167 -486.006 0.758
28.884 64.369 -447.659 0.980
90.996 -35.275 -462.444 1.141
-89.652 87.674 -482.021 0.945
-68.490 94.839 -402.857 0.941
-73.505 92.493 -491.621 1.121
-95.417 71.493 -378.605 0.923
-54.408 90.254 -316.285 0.955
-66.280 4.006 -458.648 1.039
47.287 -4.473 -361.371 0.961
49.748 -30.275 -425.161 1.042
63.504 43.784 -437.968 0.865
55.108 -61.950 -455.197 1.011
-80.429 -70.131 -384.414 1.030
-22.986 17.720 -357.495 1.000
-60.447 96.347 -439.867 0.938
88.060 -38.463 -446.959 1.046
-68.643 1.531 -399.158 0.807
23.967 93.508 -484.869 0.952
-99.773 -86.073 -435.764 0.810
-44.533 -4.223 -336.703 0.968
-47.452 -6.874 -426.388 0.998
-64.199 -80.698 -385.136 1.144
10.295 -16.135 -311.710 0.991
-7.439 -51.875 -349.648 1.221
2.990 78.608 -451.048 0.893
-72.077 59.418 -492.254 0.870
98.476 29.474 -377.146 0.946
75.426 -94.652 -302.209 1.083
92.861 -68.202 -301.233 0.941
74.012 65.688 -377.893 0.892
74.767 -77.422 -366.543 0.940
-70.372 -74.648 -369.729 0.737
18.562 -2.479 -343.810 1.229
-31.943 -84.457 -427.406 0.938
23.408 -74.130 -346.399 0.869
93.369 -17.021 -489.642 0.814
65.358 94.468 -367.991 1.070
-96.822 -13.613 -397.128 1.001
-45.156 77.319 -470.188 0.986
70.819 -79.012 -382.088 1.069
11.556 -16.556 -385.651 1.087
-1.000 -33.532 -350.067 0.955
-40.699 -3.653 -324.334 1.127
-92.396 -31.942 -483.998 0.907
-66.092 51.534 -385.175 0.991
70.726 -43.195 -432.886 1.011
-29.145 -65.112 -408.320 1.153
72.183 -47.333 -444.755 1.101
-45.806 -96.505 -485.782 1.110
-77.307 -3.562 -365.957 0.962
-65.322 33.775 -416.236 1.038
20.326 -65.021 -381.500 0.981
-1.951 34.653 -362.528 1.038
32.954 82.661 -345.489 1.030
99.154 4.986 -442.853 0.983
-66.118 81.575 -347.203 0.770
-70.917 -45.082 -439.884 1.128
23.747 52.158 -350.663 1.083
-1.401 -1.057 -341.103 0.780
15.932 -20.455 -378.560 0.836
10.540 99.085 -331.258 1.044
10.938 -90.826 -488.938 0.854
7.932 -49.391 -320.028 1.075
-45.275 -89.257 -394.132 0.948
-54.033 -14.150 -402.292 1.067
4.978 -66.076 -357.010 0.987
-5.283 87.912 -375.793 1.034
-15.975 -88.801 -394.924 0.984
11.294 -85.781 -396.309 1.028
84.945 -69.078 -351.319 0.962
-36.655 32.133 -483.415 1.125
70.607 -28.453 -394.174 0.979
-31.007 -65.847 -318.272 1.003
-66.639 -0.934 -410.675 1.077
-18.167 -0.560 -491.899 1.221
95.036 47.403 -485.537 0.981
-78.081 -33.668 -468.815 0.968
-35.134 -93.567 -308.378 0.875
-8.831 -39.375 -378.367 1.210
-27.021 -62.462 -398.475 0.809
-80.330 73.689 -337.331 0.789
-20.557 -13.649 -310.942 0.941
32.765 -47.510 -462.674 1.050
-80.520 -39.519 -397.279 0.959
87.917 -5.776 -416.642 1.002
76.703 35.705 -326.583 0.924
62.620 9.333 -433.379 1.040
64.686 6.414 -471.291 1.041
77.992 -87.114 -344.156 1.003
-74.879 -89.793 -417.422 0.978
-30.414 28.052 -329.573 0.988
-0.407 -30.272 -353.211 1.216
2.415 82.701 -422.174 1.114
66.414 -43.596 -447.745 1.048
-9.721 -26.115 -303.101 1.002
38.935 -92.479 -368.797 1.193
-57.214 97.315 -413.471 1.113
26.236 78.889 -306.044 1.027
65.244 75.825 -330.053 1.021
-20.763 64.252 -351.682 1.054
56.111 76.029 -401.785 1.231
-91.626 -7.460 -425.287 0.995
39.107 -18.070 -462.502 0.994
26.262 -89.565 -468.020 1.009
-14.221 -13.325 -353.413 0.988
69.256 -93.303 -352.993 0.914
74.461 -44.774 -453.056 0.884
-35.657 -43.600 -411.645 0.964
1.314 25.433 -396.967 1.077
-28.041 55.856 -361.933 0.978
14.278 39.285 -312.714 1.068
-2.780 79.114 -453.902 0.885
3.544 -20.267 -313.115 1.174
-54.584 -67.579 -445.022 1.111
67.436 87.891 -455.663 0.887
46.709 16.175 -371.248 1.119
-47.953 -35.115 -313.398 1.113
37.805 89.476 -391.451 0.930
76.778 3.360 -476.446 0.933
-98.356 78.141 -302.455 1.025
87.258 -3.985 -350.644 0.876
-20.321 -95.515 -393.318 1.092
-62.933 56.326 -316.318 0.876
-68.382 8.361 -414.591 0.850
-99.922 -86.033 -324.555 0.973
-20.025 52.165 -434.194 0.998
-95.893 5.026 -444.059 1.122
-88.225 47.899 -494.889 1.076
12.162 -48.289 -462.297 1.042
-35.607 -94.962 -400.948 1.118
46.393 -93.587 -312.841 1.005
13.734 2.350 -389.270 0.890
-98.965 92.398 -420.113 0.757
-54.895 32.855 -421.093 0.990
27.260 87.870 -413.674 0.994
-83.851 60.436 -481.853 1.077
-4.266 -12.221 -305.142 1.064
50.701 4.721 -356.790 0.961
60.150 -6.796 -370.039 0.943
5.550 11.607 -302.224 1.073
84.300 -41.721 -469.784 1.093
-9.206 44.798 -425.575 1.003
-51.379 51.758 -437.669 0.886
-32.517 -88.288 -339.078 1.027
11.707 -91.426 -414.215 0.936
-19.720 -79.913 -439.481 1.084
3.289 46.857 -373.904 1.061
58.111 -64.487 -373.847 0.921
-5.139 -32.870 -446.354 1.092
19.576 -99.724 -464.768 0.828
-38.171 -66.386 -496.190 0.905
63.462 -50.859 -447.161 0.813
-62.645 -25.331 -398.500 1.082
-16.244 30.509 -474.763 0.893
4.542 -67.732 -320.218 0.913
-62.825 -50.851 -385.708 0.961
91.435 -15.948 -443.096 0.994
78.005 24.738 -491.062 0.990
60.317 -23.454 -349.641 0.812
-55.003 -5.552 -366.861 0.927
22.287 -2.611 -351.249 1.203
88.273 57.540 -303.148 1.124
9.709 56.297 -474.873 1.205
-30.999 18.515 -479.323 0.989
-41.644 -99.305 -315.883 0.999
-43.398 -45.251 -332.251 0.959
-45.725 -84.358 -361.362 1.092
-28.032 -87.057 -307.603 0.956
-78.998 42.598 -455.403 0.918
-91.543 73.248 -385.122 0.869
-63.138 -7.927 -474.935 1.061
-39.958 96.281 -416.929 0.977
-16.462 -77.644 -447.776 1.087
-12.140 52.179 -333.922 1.063
-68.778 86.127 -414.578 0.807
38.268 -55.644 -458.516 0.958
-74.765 -82.552 -368.393 1.117
84.929 4.076 -411.392 0.980
55.128 33.239 -455.197 0.984
-20.202 -59.229 -341.098 1.030
45.687 93.132 -446.583 1.001
-94.778 53.164 -370.338 1.081
-12.111 -58.288 -466.292 1.164
-7.736 46.365 -344.744 0.985
-92.938 25.503 -447.391 1.001
-34.741 -82.212 -468.944 1.019
5.221 20.740 -480.747 0.905
-59.818 62.796 -482.532 0.892
97.818 95.081 -431.967 1.033
-0.963 64.853 -462.130 1.055
-73.280 -99.373 -375.118 1.011
14.146 75.144 -458.718 0.809
-33.478 47.252 -355.064 0.941
26.793 65.858 -368.022 0.870
-79.575 21.550 -471.348 1.003
90.540 -47.290 -470.320 0.836
4.229 -5.239 -360.226 1.074
-89.648 -10.916 -379.817 1.083
-99.392 62.804 -476.718 0.939
-49.396 97.858 -364.097 0.932
48.048 -81.861 -494.845 1.072
-42.813 -75.682 -490.320 1.021
47.919 19.359 -345.844 1.050
-61.719 45.806 -369.791 0.956
-44.001 82.894 -396.857 1.074
30.943 30.482 -487.151 1.353
-45.877 -26.493 -426.455 0.980
93.270 1.634 -409.676 1.005
22.607 -96.513 -314.776 1.056
64.487 -37.083 -378.328 0.853
-84.501 -35.108 -335.556 1.270
-7.087 -42.821 -343.102 0.965
-27.781 54.448 -403.050 1.203
87.673 89.015 -373.420 0.891
99.474 -48.542 -396.304 0.794
3.915 73.719 -397.305 0.987
53.855 67.747 -440.659 1.067
73.526 2.212 -416.105 1.027
70.196 42.834 -456.095 1.070
-1.778 74.857 -316.400 1.182
-37.885 41.739 -495.029 1.196
-10.062 -32.060 -399.124 1.062
51.156 36.337 -372.718 1.092
-75.853 -48.900 -316.939 1.064
-38.246 -62.989 -335.846 0.995
-52.644 8.119 -345.204 0.817
77.720 -48.862 -498.218 1.061
98.386 53.488 -432.553 1.094
-41.199 96.700 -315.550 1.006
-33.229 -25.951 -423.001 1.012
-46.762 89.278 -402.933 0.940
-8.632 94.210 -395.754 1.027
15.504 -67.805 -334.587 1.039
-91.266 54.097 -342.207 1.094
26.306 21.588 -400.748 1.041
-11.192 -98.560 -396.868 0.910
-71.380 -36.500 -483.108 0.921
-95.608 48.625 -481.202 0.953
-36.687 97.534 -401.451 1.081
15.600 3.849 -339.492 0.795
-10.179 83.988 -441.535 0.923
-91.152 -36.121 -384.328 0.954
10.144 -9.132 -470.570 0.918
-33.065 -2.152 -471.249 1.085
-0.424 76.989 -488.676 1.032
44.109 52.577 -435.819 0.969
-31.295 20.493 -488.865 1.098
29.436 -46.384 -342.728 0.921
-34.380 73.590 -326.746 0.902
96.976 31.145 -416.815 1.244
19.417 44.150 -426.506 0.950
80.496 15.535 -374.993 1.079
2.473 -30.161 -301.972 0.740
12.726 37.877 -454.556 0.898
71.086 11.536 -354.410 0.959
43.687 -42.423 -335.908 1.025
31.874 66.437 -434.224 0.973
65.195 53.284 -369.775 0.806
-80.607 82.147 -322.544 0.898
68.081 16.813 -336.957 0.865
-4.031 16.335 -484.908 0.914
-65.842 59.102 -348.840 1.200
-54.093 -2.435 -408.247 1.043
-72.607 6.205 -359.365 0.877
-10.793 -55.134 -353.986 0.955
-30.242 -8.483 -333.073 1.061
-69.240 -39.288 -468.544 1.077
-77.621 -27.380 -391.439 1.157
24.760 -77.907 -439.490 0.921
30.402 -67.049 -444.410 1.039
19.560 -29.979 -411.921 0.883
16.853 -66.682 -445.539 1.061
24.053 19.727 -443.696 1.040
-33.313 11.764 -325.592 0.938
43.494 91.049 -345.329 0.898
19.356 22.356 -468.557 0.897
25.061 90.593 -323.052 0.919
32.294 -69.825 -428.834 0.897
-31.687 27.398 -481.790 0.955
99.432 12.929 -377.060 1.067
75.802 -94.045 -327.694 0.878
-27.915 -96.266 -327.626 0.996
66.437 61.516 -473.740 0.864
-45.350 97.205 -439.767 0.951
-99.686 -10.044 -382.491 0.991
-76.596 -18.282 -457.843 1.152
13.323 1.842 -423.011 1.026
-37.395 57.686 -475.081 0.984
-87.902 34.082 -460.020 0.881
-21.076 -38.847 -466.198 0.806
-26.882 -53.860 -353.490 1.038
62.898 -90.862 -376.712 1.071
85.136 29.557 -307.701 0.961
-49.116 -90.277 -371.210 0.948
-8.273 2.616 -388.071 1.223
-81.960 -51.861 -338.093 1.005
-91.182 -4.314 -430.131 1.125
46.357 23.215 -499.692 0.964
57.692 4.569 -406.234 0.893
0.066 2.562 -442.056 1.016
-55.693 -90.312 -350.673 0.915
-93.889 -86.518 -409.889 0.980
-38.904 97.616 -363.814 0.862
98.481 -98.560 -452.045 0.980
-79.034 -64.482 -438.004 1.094
82.929 -17.012 -373.625 0.873
-27.183 -11.080 -368.748 0.977
98.573 -92.322 -320.010 1.088
-88.610 36.569 -394.125 0.859
98.533 -40.961 -412.291 1.037
34.423 74.275 -331.407 1.178
-60.949 28.889 -445.556 0.823
99.902 -3.610 -484.748 1.031
67.655 -75.675 -428.335 0.987
77.109 3.074 -366.516 1.017
-61.604 77.280 -328.478 0.999
52.452 -83.834 -319.241 1.078
97.646 -18.991 -488.860 1.034
50.795 -25.188 -334.533 0.911
-59.225 98.419 -426.269 0.992
25.301 -30.739 -328.938 1.065
-19.617 69.077 -473.985 1.084
-77.452 72.209 -481.553 0.957
-6.029 -63.053 -377.847 1.023
-63.352 -82.740 -456.755 0.835
11.432 75.760 -425.263 0.965
-40.982 -51.055 -423.768 1.102
-82.155 -78.119 -335.961 0.990
37.593 33.065 -420.197 1.022
14.434 -78.031 -458.797 1.012
96.876 74.203 -331.262 0.832
64.002 63.923 -307.873 0.923
-74.606 50.335 -323.198 1.021
-15.817 33.202 -399.559 1.176
18.070 -92.151 -324.557 0.867
-97.565 75.416 -306.288 1.060
85.854 -54.956 -456.969 0.863
-21.655 -30.185 -313.806 0.999
91.473 85.599 -452.077 0.951
-51.731 34.454 -365.187 1.011
78.130 -69.619 -308.070 0.982
84.706 -23.983 -498.761 0.981
30.473 51.899 -410.328 1.055
68.867 -53.677 -321.076 0.877
55.517 -98.773 -309.896 1.001
35.563 -24.362 -447.443 0.958
78.745 -60.772 -482.778 0.891
75.165 -35.461 -349.019 1.061
-16.058 97.235 -354.239 0.909
13.759 -7.784 -390.297 1.092
25.083 22.017 -327.377 0.870
-95.134 74.083 -380.633 0.925
-10.036 97.156 -400.233 0.863
82.823 -12.257 -489.463 1.156
96.036 40.196 -381.394 0.991
-88.493 5.623 -401.074 0.978
-17.175 31.434 -355.155 0.825
-76.185 -97.297 -383.943 0.987
90.499 95.861 -442.127 0.884
21.999 -33.996 -307.821 1.046
-72.267 70.459 -372.937 0.992
-48.213 96.809 -327.873 1.134
-96.478 -50.000 -317.163 1.019
-64.142 79.734 -362.939 1.269
90.028 -14.932 -310.464 0.968
-7.087 -51.672 -407.048 0.796
-4.280 -48.205 -402.699 1.003
-57.773 27.165 -380.911 1.013
-79.082 2.291 -449.453 1.011
-88.101 79.802 -329.217 1.070
51.118 97.371 -301.878 1.091
65.065 77.849 -343.278 1.021
34.882 -67.445 -388.121 1.016
-89.588 26.151 -449.051 1.050
-15.642 -46.252 -462.267 1.146
-77.266 20.879 -499.112 0.949
11.087 87.002 -494.450 1.070
-71.408 92.813 -437.063 0.985
3.715 -52.621 -318.554 1.152
-71.952 39.164 -339.833 1.126
7.214 -21.773 -307.053 0.834
34.158 -16.103 -498.971 0.934
-51.049 98.275 -369.256 0.967
98.212 23.434 -374.688 0.916
73.358 73.018 -416.232 1.069
-39.102 -53.504 -434.743 0.785
69.763 30.661 -378.925 0.995
74.191 -43.421 -374.826 1.026
6.536 -73.898 -446.525 0.945
41.389 2.297 -418.431 0.954
-71.696 24.824 -316.008 1.006
78.097 -76.505 -470.575 1.077
-42.190 99.656 -434.767 1.052
15.110 48.317 -440.905 1.003
-60.684 -38.346 -409.130 1.091
97.394 -89.572 -461.668 1.045
36.818 -86.694 -368.265 0.715
79.775 34.673 -434.484 0.909
-96.950 70.996 -301.596 1.056
-20.226 -38.223 -376.705 0.991
55.643 -11.906 -458.024 1.049
-26.248 59.675 -387.999 1.036
-13.498 21.459 -397.186 0.870
46.045 -46.165 -461.346 1.022
-64.721 68.935 -314.471 0.933
34.223 -78.214 -352.087 1.084
-65.859 -18.541 -404.384 1.023
93.307 -13.900 -340.597 0.895
-51.135 24.090 -441.847 1.017
-30.324 53.697 -334.091 1.074
50.676 -14.841 -324.659 1.115
-96.321 -4.011 -322.550 0.984
97.986 -85.755 -412.001 1.083
-26.562 71.840 -364.673 0.859
1.535 83.775 -484.542 0.947
29.603 -24.329 -463.827 0.911
-38.083 -42.222 -462.737 1.016
-2.447 25.130 -385.357 1.084
-71.526 -57.561 -489.534 0.855
-8.587 87.832 -307.432 0.846
1.602 62.196 -393.201 1.034
-71.455 -62.791 -303.893 1.000
58.662 39.642 -410.958 1.055
-10.028 -44.919 -388.870 1.046
-77.001 -77.009 -432.841 1.024
70.071 59.286 -302.637 1.095
-11.056 -0.218 -337.667 1.073
71.062 -43.524 -406.791 1.261
-16.694 77.122 -370.693 1.019
-28.649 -29.307 -420.847 0.808
-57.569 -89.057 -352.557 0.964
-87.477 -77.938 -432.459 1.038
92.346 -44.409 -479.247 1.127
-63.836 -55.042 -435.102 0.982
83.107 71.689 -347.438 1.145
-89.778 -67.059 -326.036 0.990
55.747 83.525 -404.705 0.977
-36.558 -53.965 -301.503 0.996
-91.523 88.774 -467.929 0.737
-60.769 -58.439 -439.351 0.974
97.142 -67.815 -398.383 1.075
12.632 63.272 -351.842 0.742
-72.997 -17.048 -358.207 0.893
-51.458 -76.901 -414.891 1.098
-81.091 -49.976 -333.660 0.933
70.148 58.136 -306.345 1.101
-32.680 52.676 -422.664 0.941
2.617 9.928 -431.264 1.006
-81.333 93.986 -405.305 0.926
89.076 -71.330 -491.765 0.965
85.812 8.113 -386.590 0.991
-77.629 -90.833 -362.602 1.001
-63.464 -93.927 -382.688 1.068
77.567 -70.152 -411.190 0.958
-74.292 -97.009 -320.076 1.089
-49.268 -8.374 -446.362 0.997
-4.316 42.967 -386.407 1.013
83.005 13.785 -476.852 1.154
76.431 -22.264 -355.652 0.927
-6.635 91.956 -326.481 1.123
13.158 70.688 -409.379 1.067
-16.559 -2.470 -313.607 0.940
91.612 0.170 -388.982 1.082
-5.077 -72.257 -322.042 1.032
-7.111 -91.310 -336.034 0.840
-41.354 -60.782 -449.424 0.874
-5.044 -27.729 -329.137 1.105
-51.798 26.198 -318.133 1.087
-18.768 12.948 -375.629 1.124
62.185 25.320 -474.728 1.107
-12.719 -39.516 -493.697 1.076
-44.068 -62.908 -370.368 1.017
-62.442 69.960 -329.723 0.773
-95.410 0.184 -365.139 0.998
64.363 63.785 -354.316 1.095
-83.730 -63.096 -311.425 0.987
22.751 -83.211 -374.532 0.855
-61.434 80.529 -390.069 0.968
-76.043 80.526 -350.758 1.136
-0.815 -42.280 -461.508 0.917
-47.193 -11.080 -397.033 0.885
15.225 77.971 -349.902 1.090
-97.533 87.681 -474.036 0.775
93.380 15.232 -345.088 0.952
8.309 3.248 -417.475 1.020
-64.788 76.289 -494.475 1.111
17.376 -14.357 -315.769 0.847
43.935 13.114 -357.041 1.063
7.450 88.861 -363.796 0.832
-61.332 20.345 -400.225 0.960
33.854 89.256 -387.403 1.055
-73.866 73.448 -328.311 0.815
86.326 30.600 -499.066 0.994
-11.021 40.419 -381.889 1.005
93.924 -34.702 -385.105 0.980
36.189 55.121 -462.999 0.899
15.637 36.363 -358.645 0.946
-40.583 -68.734 -396.038 1.004
38.715 -52.562 -312.878 1.179
90.055 97.139 -387.160 0.945
68.208 90.683 -424.808 1.193
-90.103 57.879 -367.556 0.983
-7.665 37.053 -370.829 1.300
97.520 36.663 -363.181 1.086
-60.863 49.254 -348.241 0.924
-25.018 -10.221 -410.370 1.009
29.219 -54.416 -363.016 1.006
1.793 -21.143 -405.559 1.018
-95.085 -90.820 -489.265 0.993
-22.069 75.714 -465.548 1.092
77.686 48.687 -343.493 0.932
-21.946 97.528 -408.961 1.120
-58.355 -81.496 -311.883 1.032
97.254 -49.718 -366.920 0.980
5.951 24.004 -304.928 1.075
44.011 49.716 -416.474 0.967
26.815 -88.443 -499.637 0.948
-72.896 36.077 -480.063 1.014
20.879 -84.511 -426.785 1.047
-66.434 -4.197 -360.130 0.860
83.648 -76.277 -387.601 1.113
64.249 42.278 -357.740 1.043
-31.680 74.283 -315.333 0.974
18.240 14.455 -424.701 1.146
93.786 31.208 -426.027 0.933
28.640 16.298 -401.913 1.025
30.750 -37.370 -482.607 1.170
-1.137 40.021 -456.459 0.830
81.502 82.559 -364.084 0.958
46.612 62.173 -389.918 0.815
-87.069 34.549 -404.694 1.053
-64.308 -90.960 -453.868 0.882
-90.033 89.852 -343.561 0.834
-0.720 5.694 -495.823 1.110
-40.553 45.812 -408.094 1.140
35.561 -19.102 -413.660 0.940
-28.052 -67.874 -335.461 0.935
3.779 52.052 -459.078 1.125
62.811 34.440 -464.763 0.768
45.675 -59.944 -308.814 1.009
-97.366 30.148 -401.856 0.992
-66.170 55.171 -460.813 1.270
57.838 87.297 -338.648 0.928
28.080 78.158 -414.744 0.842
-85.523 -64.035 -463.686 1.022
53.249 40.312 -417.699 0.978
-59.694 -74.734 -369.495 0.923
-48.418 68.439 -475.446 0.907
85.070 93.226 -447.362 1.081
-86.747 -71.855 -409.936 1.082
17.392 26.482 -497.431 0.857
66.238 -37.927 -338.848 1.132
-8.328 -48.424 -347.329 1.012
92.046 51.249 -476.852 1.039
7.750 69.501 -325.700 0.837
64.378 97.095 -455.918 1.118
-94.947 -99.966 -488.969 0.920
2.501 -53.621 -430.564 0.976
7.876 -61.280 -408.895 0.858
-5.434 -84.346 -431.156 1.013
-65.980 -83.929 -302.574 0.996
81.240 69.337 -386.606 0.932
14.141 12.771 -445.855 0.941
-99.995 61.256 -349.832 0.988
-96.490 60.319 -394.150 1.121
-42.800 -33.962 -461.859 0.924
-29.063 88.574 -350.923 1.155
72.174 -66.374 -482.940 0.965
-26.421 -80.776 -385.800 1.044
47.999 48.487 -415.109 1.095
-66.188 82.582 -355.995 1.080
-66.876 41.778 -380.655 1.033
-90.466 85.116 -479.966 1.020
-94.003 -28.361 -332.578 0.910
19.035 -77.803 -486.120 1.002
-66.707 -91.635 -471.628 0.961
-2.001 40.307 -408.132 1.080
23.424 -73.462 -486.004 1.092
54.996 -14.038 -308.487 1.222
-41.554 -98.493 -414.430 0.988
-53.536 -20.105 -421.546 1.032
3.878 -47.248 -464.894 0.984
14.920 60.162 -323.946 0.945
-16.454 -10.165 -413.708 0.979
-26.244 96.065 -327.619 0.958
26.002 -75.377 -488.830 1.021
9.657 67.443 -397.774 1.019
-35.239 -10.812 -355.281 0.912
39.418 -32.012 -351.765 1.052
-20.237 19.077 -344.001 0.992
83.001 93.891 -383.336 0.899
94.747 -14.058 -478.655 1.148
-85.705 -91.255 -488.308 1.071
-94.724 9.654 -350.949 1.024
72.125 92.997 -462.504 1.008
-41.764 57.118 -370.376 0.878
-27.541 53.438 -374.573 1.116
-28.648 71.646 -335.165 0.924
-23.846 75.196 -488.390 0.960
-80.252 68.846 -324.482 1.138
-23.402 -53.766 -341.080 0.918
-15.914 -76.364 -371.364 1.110
63.580 -77.611 -335.708 1.053
64.132 -67.812 -474.847 1.018
90.312 -98.480 -362.236 0.783
-42.461 4.998 -385.234 0.993
83.655 66.849 -434.563 0.854
9.558 36.739 -340.799 1.141
72.434 37.577 -308.945 1.179
-49.111 3.909 -377.991 0.822
18.541 -97.396 -472.353 1.111
28.649 41.677 -324.822 1.030
63.881 -73.867 -474.750 0.932
72.434 56.124 -401.459 0.968
-95.627 5.637 -480.560 1.108
-9.925 -78.554 -399.198 1.016
-71.560 -62.063 -400.818 0.946
87.073 52.259 -398.736 0.724
-76.709 58.163 -495.701 0.965
-51.070 60.510 -365.800 1.068
43.338 39.099 -450.909 0.943
-7.659 -51.996 -334.984 1.074
-69.456 -95.146 -341.464 0.891
-92.887 -68.672 -375.107 0.850
12.401 -64.038 -472.546 0.974
-50.311 -43.707 -368.101 1.013
-1.802 -59.121 -494.084 1.109
69.603 -48.085 -468.875 1.240
-10.286 -57.930 -376.670 1.022
-85.086 49.458 -317.299 0.861
-8.079 70.071 -374.864 0.899
-72.343 -37.575 -305.046 0.954
39.487 -81.777 -369.040 0.971
96.369 46.556 -450.267 0.985
26.769 -5.031 -324.097 1.013
66.369 23.656 -304.548 1.076
67.398 0.355 -392.523 0.958
67.973 -74.381 -334.654 0.889
86.699 -22.732 -370.775 1.127
-80.512 -12.576 -347.220 0.937
-14.917 62.341 -347.920 1.025
-49.946 -32.689 -455.111 1.146
32.291 -13.587 -477.725 1.040
-97.479 -49.320 -398.297 0.915
-74.051 -47.155 -457.642 1.039
45.617 -20.473 -346.941 0.805
5.071 -83.035 -374.951 1.076
59.048 70.549 -323.581 0.990
-31.051 48.271 -422.970 1.005
90.690 -61.805 -445.546 0.814
-1.832 65.540 -392.382 1.135
36.247 -91.521 -360.793 0.920
-92.205 -46.129 -416.850 0.878
-7.156 -51.413 -303.140 1.045
52.595 87.063 -414.145 1.018
81.977 -9.250 -403.348 1.068
-41.704 -50.313 -407.260 0.872
-94.682 -38.490 -385.738 0.989
-68.970 2.992 -396.888 0.985
46.012 56.767 -324.820 0.989
-9.603 72.817 -441.696 0.877
98.466 70.657 -416.384 0.742
-73.987 79.658 -408.421 1.084
89.816 -99.186 -355.876 1.116
-71.763 17.967 -393.043 1.216
-96.636 58.922 -424.463 0.946
-72.386 -24.264 -471.410 1.118
-25.565 -61.577 -324.615 0.919
21.753 -41.688 -416.087 1.018
-73.756 -27.284 -425.715 0.932
-44.831 -45.954 -351.091 0.919
-40.943 43.582 -329.710 1.061
81.575 -42.385 -381.236 0.950
19.578 98.261 -490.763 0.970
-73.765 -86.354 -483.427 1.149
0.835 -50.882 -321.495 1.032
-10.389 -64.785 -455.036 1.024
97.089 99.523 -324.293 1.079
76.510 -41.778 -332.218 0.960
97.246 -72.748 -396.659 1.048
63.087 -60.647 -339.438 1.200
62.143 -56.437 -403.559 1.098
-93.458 -24.048 -356.334 0.966
88.580 -60.043 -408.291 0.865
-36.506 -38.005 -440.997 0.953
-74.937 72.523 -496.473 0.866
63.020 -77.309 -462.710 0.957
-59.760 91.855 -484.647 1.027
-60.158 -67.174 -493.052 1.005
-19.262 -84.454 -420.284 0.938
38.097 25.416 -302.250 0.859
75.527 -8.957 -467.304 1.033
-32.065 37.537 -469.034 0.987
-2.697 26.496 -324.664 1.049
98.510 -12.827 -482.930 0.971
-29.838 98.495 -360.489 1.023
9.130 82.664 -340.833 1.075
-96.508 -41.613 -486.866 1.050
-53.357 -53.565 -342.482 0.904
53.408 -68.043 -314.322 0.874
54.799 98.354 -477.612 1.014
-39.441 -95.763 -348.006 0.909
80.743 51.622 -380.274 1.174
91.148 88.152 -465.198 1.023
-46.340 65.642 -384.778 1.088
19.600 -29.459 -358.781 1.043
-29.810 14.735 -444.137 0.986
-81.596 -96.857 -469.438 0.939
54.040 -97.014 -482.477 0.890
67.791 62.985 -371.495 1.135
-85.908 88.159 -306.574 1.061
19.000 92.230 -434.597 1.040
-31.563 -59.944 -304.695 1.129
8.148 43.149 -324.777 0.992
-70.441 -53.934 -381.336 0.861
-47.968 -30.589 -313.664 0.948
39.127 -48.932 -404.692 0.901
-85.100 59.985 -407.017 1.136
-81.931 71.781 -391.232 0.981
-11.061 -82.717 -386.902 0.920
-82.617 57.286 -385.163 1.019
63.517 -83.448 -310.074 0.826
36.765 -38.587 -432.754 1.028
-22.248 -15.359 -420.629 1.084
-84.717 78.256 -325.245 1.117
-20.801 -47.875 -321.349 1.000
-41.761 71.188 -323.969 0.851
74.936 81.822 -457.314 1.027
-10.587 -45.663 -401.415 1.069
-41.393 -12.342 -406.607 0.891
-9.857 95.228 -375.393 0.970
73.191 -69.112 -361.589 0.968
-65.824 -31.609 -439.563 1.008
44.723 -44.271 -421.008 0.992
-5.440 39.064 -388.100 1.050
-54.397 -47.551 -445.804 0.916
-73.731 -33.214 -307.802 1.056
-88.640 -90.213 -326.628 0.883
91.601 -32.484 -311.831 0.995
65.140 -2.756 -303.872 1.004
-28.514 -81.634 -341.941 1.070
-70.767 29.827 -402.189 1.138
9.535 72.165 -370.288 1.151
-58.093 -41.825 -444.591 0.991
-47.035 -61.525 -304.645 1.098
96.100 81.952 -409.111 0.994
39.600 -16.595 -449.165 0.819
-87.470 -71.747 -340.192 1.151
-78.340 7.650 -474.921 1.125
12.773 -3.428 -409.149 0.992
72.179 27.726 -371.637 1.118
-63.257 -8.909 -466.816 0.827
-3.854 -74.631 -330.086 1.011
-25.241 -20.382 -455.164 1.101
-78.789 -79.681 -309.032 0.830
92.912 -0.117 -345.846 0.931
-53.949 -3.992 -466.701 1.018
-42.087 98.152 -423.364 1.124
2.434 4.525 -352.522 1.012
17.029 59.874 -381.576 1.086
74.965 60.441 -362.897 0.998
38.396 -21.667 -316.795 1.055
89.724 -45.974 -386.303 0.980
0.156 -72.045 -464.179 0.993
57.906 95.737 -349.116 1.066
-10.744 -50.813 -413.094 0.839
46.089 80.685 -308.929 1.053
-58.702 23.148 -382.632 1.010
4.035 49.319 -389.692 0.997
13.077 22.582 -467.102 1.033
-14.697 -30.724 -386.483 1.013
18.754 15.593 -356.813 0.972
76.793 20.058 -302.430 1.171
-28.402 87.199 -339.161 0.963
85.529 -75.100 -443.024 0.936
-24.601 97.783 -455.107 0.873
51.183 87.552 -389.134 1.024
75.916 -63.839 -351.949 1.001
90.986 -42.742 -347.784 1.112
21.864 31.235 -412.909 1.174
-90.661 -92.834 -387.133 0.992
73.944 -18.261 -395.403 0.794
-0.452 71.267 -421.848 0.925
-30.348 -6.287 -482.638 1.095
-1.680 -40.364 -301.182 0.887
18.211 -85.244 -442.907 1.123
-31.036 20.087 -350.322 0.963
-37.597 63.828 -380.844 1.004
-23.087 -57.746 -334.178 0.913
-69.945 77.800 -327.207 1.003
-6.306 32.346 -454.831 1.115
34.997 -51.453 -388.802 0.994
61.683 47.361 -312.951 1.061
-37.704 7.391 -411.556 0.854
-18.860 74.681 -476.113 0.837
-29.342 -45.460 -435.517 1.109
30.638 -45.581 -449.242 1.022
99.010 -0.832 -422.490 1.076
35.311 -83.389 -440.178 0.844
-68.646 35.108 -339.784 0.961
68.330 -40.354 -433.804 1.051
65.945 -30.787 -411.254 1.097
-84.693 75.655 -479.753 1.095
-44.734 -45.502 -348.284 0.886
87.619 -28.482 -329.975 1.064
88.839 10.727 -429.351 1.049
48.022 -12.115 -403.218 1.024
-53.849 86.179 -433.584 0.937
14.721 52.843 -351.693 1.007
67.668 -81.952 -419.356 1.013
-5.916 19.051 -427.255 1.214
76.317 -82.837 -351.445 1.041
12.576 -82.246 -369.028 0.967
71.424 81.476 -318.716 1.129
42.311 62.347 -350.193 1.113
-93.040 35.302 -311.662 0.902
-11.217 -65.803 -442.260 1.139
-47.528 6.683 -366.217 0.944
60.407 -61.919 -475.773 0.863
57.801 -17.968 -309.894 1.017
26.178 -85.461 -392.647 1.040
60.114 44.034 -392.796 1.037
72.585 7.423 -418.221 1.041
16.575 -64.187 -357.607 1.032
31.718 -11.096 -343.223 1.007
-62.273 -84.533 -467.613 1.056
98.807 -71.332 -354.444 0.924
-65.960 54.595 -313.044 0.979
-18.495 54.895 -473.308 0.906
59.659 79.881 -348.786 0.866
-12.516 1.083 -478.266 0.979
10.366 -97.600 -484.132 1.043
50.389 -48.919 -433.941 0.859
-17.996 -33.725 -489.100 0.927
39.056 62.232 -368.224 0.897
-62.174 19.144 -364.508 0.979
-91.460 -97.585 -496.173 0.968
29.701 -6.977 -362.817 0.985
-48.337 -34.117 -408.302 0.951
84.169 79.773 -369.242 1.042
12.807 93.739 -300.533 1.167
76.027 93.592 -463.107 0.873
-72.405 94.582 -336.749 0.730
42.516 -6.466 -450.521 1.037
61.373 66.034 -361.859 1.115
0.887 -91.749 -372.678 0.810
-68.988 10.445 -421.451 0.994
-74.142 -52.595 -483.376 1.001
-60.643 -87.369 -490.800 1.019
58.072 74.622 -467.351 0.963
13.260 76.989 -303.138 1.108
10.732 50.993 -322.401 0.996
31.721 -53.092 -352.608 1.190
-22.156 -46.369 -388.095 0.830
45.427 69.200 -413.826 0.912
3.378 -58.665 -467.385 1.073
60.466 -84.310 -454.315 0.815
-72.470 -44.136 -384.130 1.074
-72.577 43.797 -344.088 1.053
-81.353 23.189 -483.463 0.954
-87.708 30.435 -310.682 1.090
-55.771 18.171 -356.589 1.095
-38.473 28.775 -456.881 1.169
33.930 19.105 -491.315 0.863
10.417 77.375 -394.320 1.111
51.283 28.862 -408.732 0.993
94.598 47.460 -438.858 0.958
-47.434 67.900 -360.019 0.886
91.315 69.235 -365.651 1.109
-89.168 -0.236 -386.073 0.774
41.016 -18.756 -460.230 1.130
85.785 43.360 -335.300 1.041
-51.680 96.125 -447.470 0.884
59.703 -81.795 -402.602 0.922
36.057 -54.092 -466.930 0.967
-16.688 37.972 -310.988 1.053
42.044 23.076 -404.343 0.737
85.290 81.099 -339.953 0.942
98.827 51.593 -386.222 0.887
20.539 -63.650 -353.610 1.101
54.978 55.373 -367.355 0.867
59.282 -17.377 -435.446 0.936
75.450 -81.420 -383.489 0.847
81.211 -88.683 -437.662 0.964
75.385 -65.652 -429.442 1.008
-35.309 27.652 -345.670 1.138
0.410 53.282 -415.858 1.068
30.413 41.789 -485.632 0.905
-45.318 50.271 -391.210 1.266
82.635 88.241 -358.569 1.007
71.979 -31.165 -407.868 1.062
-18.098 -36.917 -408.818 0.987
86.749 -80.417 -316.115 1.005
-32.156 76.557 -346.777 0.842
26.520 -1.616 -348.734 0.959
-91.519 84.903 -367.160 1.101
-24.418 94.975 -493.080 0.918
-87.834 77.491 -431.901 0.895
-76.608 -64.598 -338.842 0.983
2.865 -95.154 -395.379 0.973
54.043 -16.603 -402.360 0.989
-69.151 60.923 -379.369 1.015
-4.727 -59.066 -371.429 0.990
77.160 99.995 -453.877 1.036
45.137 -42.746 -423.700 0.860
-35.697 -22.794 -489.541 1.067
49.019 -92.565 -323.611 0.989
82.904 -62.062 -433.511 0.973
-87.879 57.242 -308.629 0.902
66.805 -50.358 -444.535 1.038
73.780 11.981 -317.983 1.041
-35.134 -9.100 -467.525 0.919
-46.481 89.590 -391.874 1.018
-65.638 50.630 -422.386 0.959
-71.444 95.453 -443.829 1.025
54.809 71.267 -392.981 1.010
90.520 14.302 -442.764 1.100
81.485 57.178 -481.512 0.788
95.590 -51.829 -443.007 0.969
-9.907 -79.545 -326.587 0.928
21.552 36.406 -464.868 0.962
-72.262 -91.161 -350.011 0.871
-69.263 -30.862 -472.592 1.017
-58.765 -88.264 -381.387 0.904
48.462 8.466 -494.731 0.988
88.989 -45.954 -350.345 1.049
80.806 -86.243 -325.923 0.810
44.802 48.526 -472.378 0.985
11.006 -22.872 -406.642 1.085
19.867 -61.226 -405.940 0.907
52.784 -84.864 -439.092 0.999
-38.990 -52.728 -351.049 0.971
66.587 65.414 -359.484 1.054
-13.279 -3.099 -439.463 1.070
82.032 -11.232 -408.535 1.005
80.039 -99.086 -466.140 0.907
46.181 85.552 -424.752 1.076
-56.394 -12.407 -417.021 1.075
41.666 -86.333 -354.484 0.873
25.478 51.968 -416.486 0.949
13.511 -46.775 -421.361 1.093
10.383 -1.500 -444.874 0.975
83.178 -49.709 -402.605 0.936
7.023 20.133 -478.068 1.078
65.234 -4.167 -446.431 1.019
28.260 44.667 -436.191 1.192
-74.704 -45.193 -388.605 1.007
76.087 -64.587 -309.858 0.945
78.626 22.410 -397.575 1.055
-65.608 52.981 -382.284 1.057
89.767 -70.494 -352.530 1.117
43.577 -13.343 -400.885 0.875
87.021 77.042 -342.086 1.149
89.463 2.937 -341.595 1.042
-52.106 59.738 -482.843 0.968
-16.610 -1.305 -418.320 0.946
-88.970 -67.902 -444.584 1.069
-20.372 -64.534 -487.863 0.917
10.009 -40.411 -324.039 1.158
-27.630 -56.241 -464.541 0.942
-73.385 -75.637 -374.677 1.016
37.736 58.985 -335.066 0.872
-34.219 -34.123 -485.350 0.894
-11.713 0.884 -467.149 0.952
-41.915 -85.425 -316.654 0.909
-51.117 13.031 -454.141 0.864
-68.389 -94.469 -310.324 1.044
-6.019 25.128 -426.255 1.076
-25.545 22.483 -302.172 1.011
-30.819 25.261 -329.988 0.984
79.753 -41.519 -454.620 0.933
89.605 74.270 -462.368 0.984
-93.238 -1.018 -442.536 1.001
62.931 95.158 -434.299 1.009
-88.289 29.911 -390.894 1.185
-17.184 95.094 -336.230 1.036
29.423 10.691 -387.304 1.065
-44.512 18.008 -448.620 0.919
-11.069 -20.330 -307.562 1.017
-62.036 84.758 -405.645 1.040
-1.889 62.542 -388.164 1.026
21.383 78.430 -387.428 0.993
83.972 -55.195 -347.143 0.981
99.429 34.878 -307.922 1.120
-35.495 19.194 -454.554 1.143
24.512 -87.793 -302.161 0.947
-16.754 -91.253 -372.826 1.088
-18.334 98.283 -451.257 1.033
44.268 -28.985 -389.459 1.004
-71.352 -87.505 -440.429 1.016
-18.504 8.039 -301.872 1.080
15.530 10.475 -462.358 1.026
42.739 69.375 -438.706 1.019
-41.700 31.278 -391.234 0.907
83.641 -10.316 -449.734 1.034
-24.337 -85.996 -313.611 0.926
44.548 -84.730 -321.158 0.852
-96.960 -14.330 -397.301 1.013
-56.973 -71.298 -412.361 1.002
61.802 98.004 -378.121 0.916
5.008 69.861 -310.625 1.148
21.075 11.432 -482.979 0.924
42.955 98.616 -380.384 1.079
29.908 -43.175 -319.033 1.137
16.008 11.290 -360.764 0.903
54.693 -12.916 -358.287 1.084
-20.813 -97.998 -439.440 1.059
-92.035 -81.967 -346.447 1.179
29.881 21.640 -497.920 0.894
-93.797 75.354 -494.028 0.960
-64.121 -93.162 -449.959 0.909
-77.859 82.338 -414.874 1.121
92.921 81.328 -377.992 1.067
49.788 87.810 -392.168 0.955
17.227 -26.257 -366.445 1.141
-99.810 25.313 -359.062 1.135
-9.007 -45.168 -392.381 1.060
-61.457 91.847 -317.380 1.115
-61.392 -96.726 -461.272 0.915
42.067 43.920 -356.194 0.973
-41.573 -77.595 -404.755 1.174
45.838 -72.228 -326.027 0.692
-59.106 -69.220 -304.540 1.053
-39.043 48.763 -438.619 0.963
-24.662 20.258 -360.485 0.935
-13.068 93.483 -324.106 1.037
-39.592 -11.403 -480.928 0.936
-21.358 -78.438 -355.696 1.159
-39.894 -47.948 -474.870 0.972
-62.286 60.435 -383.090 1.106
5.087 -67.838 -314.512 0.864
20.923 -42.864 -460.387 0.935
-25.283 18.936 -312.343 0.983
31.799 -16.329 -425.103 0.991
4.698 6.929 -343.778 0.714
52.772 -58.749 -488.764 1.136
35.102 -36.253 -379.143 0.895
65.722 57.309 -428.732 1.027
-23.070 83.748 -419.428 1.023
68.314 -19.091 -449.463 0.999
31.927 21.734 -496.325 0.923
89.601 -24.378 -423.944 0.897
29.590 -58.645 -313.087 0.987
35.109 80.040 -324.903 1.152
42.631 -65.463 -443.983 0.919
68.800 -50.329 -391.614 0.949
-43.636 83.639 -341.556 1.047
-99.108 -74.525 -383.642 0.971
-10.046 -24.217 -496.234 1.007
-69.812 -39.267 -490.710 1.144
32.832 -67.973 -429.851 0.870
-45.419 -15.606 -377.085 1.113
80.988 -52.845 -328.871 1.118
-98.833 -45.717 -462.546 1.107
42.594 25.916 -477.734 0.990
5.829 91.356 -314.208 1.034
-59.973 39.695 -429.638 0.828
14.717 -90.357 -369.917 1.055
-26.329 -26.089 -423.800 0.991
-39.028 28.183 -474.552 1.076
44.014 -21.581 -306.550 1.066
77.123 -58.953 -390.051 1.027
-6.487 52.078 -480.831 1.008
50.394 57.087 -389.560 1.137
57.690 60.292 -308.823 0.990
-66.864 75.924 -354.600 1.038
16.752 83.815 -462.498 0.985
5.781 -97.477 -416.639 0.952
77.617 54.329 -448.635 0.959
98.164 -40.241 -433.766 0.853
-90.531 -85.745 -367.794 0.966
-47.703 6.217 -392.995 1.121
50.964 -32.569 -449.533 0.953
-80.573 -13.394 -423.430 0.945
32.337 -8.205 -400.778 1.269
32.170 83.587 -455.332 1.086
-36.376 49.170 -400.410 0.932
-28.819 94.699 -481.454 0.945
-23.108 -50.951 -364.334 0.879
-66.601 35.630 -486.644 1.000
-89.535 90.648 -473.903 0.965
-13.797 79.974 -392.126 1.102
93.206 1.430 -357.180 1.048
59.770 -91.555 -356.941 1.001
-94.424 -55.916 -494.031 0.875
13.320 91.776 -399.159 1.069
-52.763 -70.685 -493.782 0.969
-24.850 25.960 -470.525 1.104
-90.651 78.997 -446.111 0.914
-17.409 -16.162 -366.199 1.005
-47.912 -97.090 -425.189 0.897
67.349 54.929 -329.984 0.959
27.932 44.682 -404.344 1.046
-65.096 -79.208 -346.598 1.035
-59.726 -56.558 -486.443 0.968
99.916 49.789 -326.987 0.741
-8.548 -48.616 -461.015 1.132
99.404 43.046 -443.419 0.837
18.856 -65.200 -367.998 1.192
-86.293 -65.226 -403.229 1.069
27.057 -41.198 -356.474 0.988
7.176 58.963 -336.544 0.936
-48.499 -99.237 -309.119 0.887
35.369 40.827 -497.915 1.037
-12.859 -71.883 -413.216 0.865
-66.551 26.353 -416.360 1.098
-64.855 -34.300 -419.871 0.981
-45.264 -39.887 -335.330 0.944
-17.703 -72.529 -368.595 0.849
-37.688 -30.940 -460.661 1.161
18.919 -52.870 -396.088 0.950
72.290 17.340 -466.078 0.933
22.868 14.086 -317.358 1.069
-40.709 74.171 -345.462 0.894
7.664 93.151 -447.929 0.995
-14.586 76.873 -400.641 0.850
-4.313 53.044 -468.177 0.919
50.589 41.236 -366.131 1.056
34.384 82.072 -439.493 0.834
-8.134 92.754 -494.943 1.018
93.338 -51.093 -400.826 1.012
97.136 -89.067 -352.053 1.122
-79.564 10.916 -315.005 1.121
-24.317 27.438 -491.875 0.755
-77.563 93.652 -347.566 1.015
-38.153 -8.329 -385.797 1.017
-32.840 51.189 -461.917 0.962
95.906 22.687 -398.209 0.919
95.902 -57.818 -434.152 0.928
-88.930 -87.875 -444.391 1.073
53.915 46.309 -475.698 0.837
-6.455 8.204 -449.859 1.124
-83.025 -92.099 -493.898 0.854
-53.979 -50.420 -336.120 1.011
-97.678 67.443 -375.995 1.059
-49.582 -78.125 -377.847 0.971
-39.938 -42.142 -471.636 0.953
-60.822 -36.392 -381.482 1.025
92.732 59.729 -429.782 0.926
49.514 -14.974 -327.606 0.943
52.982 -26.532 -353.218 0.905
34.073 17.740 -498.028 0.971
97.497 96.880 -392.448 1.062
-69.695 -53.043 -492.935 0.934
-63.836 77.790 -327.715 0.887
83.375 35.173 -411.377 1.013
-90.993 82.918 -343.743 1.082
-57.562 53.399 -428.843 1.241
-52.797 79.318 -457.954 0.973
-85.809 -7.579 -319.273 1.039
-56.675 -89.072 -311.488 1.136
-77.856 -49.333 -364.775 1.069
97.267 27.346 -332.259 1.054
77.850 6.530 -375.846 1.116
19.436 19.627 -456.519 0.874
9.059 -24.298 -325.650 0.832
36.989 -80.686 -326.927 0.942
-92.351 -2.197 -425.551 1.082
86.256 36.706 -404.330 1.065
43.160 46.177 -420.157 1.119
69.360 -50.374 -477.721 0.952
-4.937 83.084 -437.361 0.842
-73.810 -72.469 -477.026 1.137
-2.879 -52.840 -332.497 1.038
-49.694 -83.511 -475.676 1.138
-1.235 -97.350 -399.133 1.143
10.220 2.213 -438.380 0.992
81.338 20.736 -390.693 0.977
-12.112 -10.553 -439.632 1.151
41.591 48.030 -447.829 1.054
-63.967 92.753 -403.940 1.045
14.934 -68.402 -319.824 0.947
30.401 44.617 -393.313 0.936
57.485 88.549 -347.543 0.997
-15.735 85.617 -419.023 1.122
65.407 96.305 -495.714 1.158
-40.965 56.253 -348.015 1.167
13.302 62.003 -322.488 1.048
10.734 -86.793 -435.394 0.895
28.199 36.263 -473.943 1.020
-94.906 -60.479 -407.338 1.012
70.713 80.040 -487.088 0.912
56.569 16.535 -483.608 0.897
60.198 82.588 -404.559 1.194
-50.351 -57.634 -365.508 0.899
52.203 -78.804 -476.442 1.110
-20.719 83.830 -302.331 1.252
70.839 8.518 -444.225 0.883
66.434 -15.692 -451.382 0.889
11.859 89.305 -363.843 1.080
67.881 -72.171 -370.814 0.963
71.153 -56.704 -456.390 0.947
10.062 39.822 -369.462 0.802
36.836 -50.613 -394.455 1.097
-81.696 -74.443 -489.905 1.040
55.166 -20.312 -350.709 1.001
40.691 -98.963 -344.971 1.031
-94.439 -21.836 -315.268 0.759
41.425 -27.747 -409.299 1.125
-95.368 -49.038 -304.416 0.887
-4.721 51.966 -378.106 0.974
-46.437 42.087 -314.389 0.815
-50.063 46.457 -386.451 0.989
36.172 -95.496 -376.259 1.031
19.134 42.106 -346.780 1.090
32.444 -14.439 -302.366 1.187
-99.590 64.057 -467.018 0.990
71.177 -51.822 -384.493 1.027
-63.630 -17.314 -417.063 0.835
79.210 -45.004 -443.801 1.144
-21.512 10.411 -371.944 0.833
61.614 -11.614 -397.134 1.119
91.137 -10.703 -337.616 1.014
-34.925 -94.156 -470.881 1.098
-51.078 -0.120 -371.980 0.989
87.873 14.912 -373.616 1.097
-17.685 -62.205 -407.294 0.898
-10.919 60.499 -366.358 0.944
44.879 89.639 -432.468 0.892
-27.141 61.724 -401.267 0.977
49.875 21.825 -416.418 1.094
23.693 37.316 -499.931 0.896
-98.388 97.234 -354.178 1.020
44.917 89.424 -383.656 1.134
82.535 -32.824 -340.757 1.006
-15.509 22.962 -342.406 1.057
16.649 85.962 -339.753 1.220
-20.928 -94.178 -303.177 1.143
10.542 30.737 -328.641 0.824
-97.456 86.423 -456.737 1.142
56.818 56.779 -495.483 1.124
-5.231 -91.406 -499.990 1.081
69.098 -7.316 -375.238 1.060
-3.512 -29.836 -476.190 1.024
-66.890 7.005 -426.561 0.919
68.616 49.640 -464.802 1.034
-24.731 -99.339 -351.226 0.977
-31.958 24.353 -356.086 0.972
19.756 63.459 -477.093 0.991
-65.651 -62.860 -477.834 1.034
-88.757 32.593 -387.409 1.153
6.504 48.648 -350.797 0.901
90.363 22.054 -436.947 1.021
-38.772 56.115 -306.508 1.045
43.070 22.135 -449.829 1.093
75.191 -42.755 -345.849 1.073
21.098 -72.398 -353.907 1.170
-70.458 91.613 -365.856 0.757
-52.542 79.023 -486.506 0.928
-88.317 -15.133 -445.793 1.035
45.941 25.647 -446.994 0.924
-42.827 41.354 -422.590 1.040
-93.855 18.637 -318.608 0.764
91.765 19.524 -452.084 1.028
28.176 67.138 -413.555 0.869
-32.385 24.409 -344.449 0.977
-88.086 13.437 -372.762 0.947
-96.884 74.485 -400.215 1.166
-50.955 -36.062 -325.707 1.019
7.750 -77.931 -395.823 0.903
68.284 61.151 -381.190 0.817
30.562 82.859 -363.524 0.794
10.035 -36.834 -492.277 1.103
88.872 -72.400 -384.373 1.075
-74.266 65.672 -425.178 0.901
-14.959 80.627 -456.308 1.110
-94.656 89.159 -362.985 0.928
5.366 49.955 -407.030 0.870
71.870 -94.185 -403.763 0.972
76.690 81.170 -325.546 0.925
-26.286 -92.727 -461.776 0.952
-41.792 -94.841 -430.486 1.087
73.542 -69.177 -331.426 1.012
-83.200 -9.223 -342.453 1.057
-96.314 -94.255 -435.055 0.839
61.089 -11.998 -377.934 0.922
-59.898 7.731 -399.119 0.946
82.139 -72.306 -350.704 0.962
41.532 -23.119 -332.240 0.848
-85.824 -30.917 -387.504 1.073
71.337 85.069 -372.742 0.984
92.335 -62.618 -488.962 1.009
25.633 -84.746 -478.879 0.963
-70.289 37.541 -424.084 0.976
24.895 -48.317 -322.017 1.155
30.689 21.014 -429.378 0.899
-3.343 -82.523 -341.056 0.908
89.724 51.571 -490.104 1.134
-52.882 61.004 -355.521 1.114
84.558 -71.517 -438.513 0.948
-63.915 95.513 -404.941 0.949
-40.751 12.318 -463.095 0.874
-83.158 20.266 -375.492 1.023
15.104 -98.545 -435.160 1.034
-48.297 -66.911 -366.723 1.137
-15.726 -41.248 -345.939 0.996
-15.701 80.651 -452.098 0.903
-38.544 -1.717 -462.088 0.948
33.708 84.351 -415.709 1.044
-94.216 50.673 -473.883 0.932
47.568 14.439 -481.489 0.971
-6.097 87.341 -327.042 0.999
53.717 -17.727 -482.754 0.998
70.320 -38.364 -494.095 1.106
76.688 -24.815 -329.823 1.071
94.895 68.693 -364.476 0.875
59.566 20.712 -338.714 0.796
24.746 -81.517 -397.022 0.851
94.658 18.755 -490.863 0.865
36.783 22.577 -491.077 1.069
72.922 -85.056 -394.562 1.033
88.431 -64.758 -456.166 1.113
-97.496 52.693 -438.995 0.922
-87.778 95.816 -454.633 0.899
43.007 -18.089 -439.200 1.034
-20.881 13.214 -457.799 1.015
-35.085 49.577 -392.703 0.903
-62.155 -37.719 -313.248 0.957
49.421 -90.127 -369.155 1.138
63.215 -54.977 -462.735 1.127
-33.522 -37.000 -474.647 0.995
-71.825 -21.151 -371.131 0.993
28.898 -43.991 -446.598 1.110
85.441 -49.049 -359.934 1.009
58.685 -86.058 -482.272 1.099
-3.623 80.634 -447.221 1.076
-37.022 11.886 -349.928 0.849
7.476 -73.871 -408.400 1.132
48.638 65.450 -359.951 0.938
-48.105 12.037 -492.553 1.032
3.403 56.313 -358.147 1.205
-32.835 -94.244 -306.502 0.987
70.018 -42.835 -352.249 1.093
-46.452 57.179 -324.188 1.174
-76.629 78.384 -485.643 0.797
55.198 33.713 -320.616 0.929
88.047 -69.518 -443.303 0.931
-15.588 -31.047 -379.032 1.032
82.062 -99.041 -439.987 1.148
-67.410 0.025 -454.341 0.903
-70.450 -15.726 -380.542 1.106
88.846 -83.913 -490.571 1.141
31.867 -41.018 -406.453 1.055
71.775 65.937 -447.441 0.884
31.990 82.209 -437.434 0.942
84.142 35.562 -428.722 0.918
22.322 95.966 -458.280 0.958
-52.619 27.108 -480.794 0.954
-72.008 41.511 -353.899 0.955
-81.864 -36.317 -325.994 1.088
9.112 -24.587 -495.562 1.032
72.895 33.211 -330.998 1.092
-4.850 18.563 -307.833 0.929
73.585 -6.742 -324.169 0.989
22.115 51.217 -361.139 0.961
1.211 31.008 -416.411 1.123
84.274 0.970 -484.596 0.995
92.261 77.178 -375.514 0.968
11.598 -5.752 -362.637 0.982
63.770 62.912 -480.951 0.944
-43.975 -79.726 -341.619 0.951
7.998 -46.290 -436.834 0.902
23.783 -73.426 -431.266 0.964
91.210 94.172 -465.174 1.108
33.598 -2.299 -495.075 1.070
-8.986 21.671 -352.274 1.027
95.103 -48.412 -495.337 1.197
50.346 80.306 -429.785 0.958
-66.673 -85.220 -445.043 1.123
20.589 70.864 -388.560 1.088
84.759 76.260 -383.613 0.957
46.331 -56.448 -321.732 0.881
61.487 37.096 -342.220 0.920
-82.664 97.646 -301.367 0.935
69.393 -87.004 -331.955 1.063
-15.176 -27.109 -402.243 0.890
-71.374 72.788 -490.669 1.048
-80.663 -95.779 -317.050 0.935
29.166 -64.966 -469.097 1.041
52.961 -0.476 -382.684 1.127
67.093 27.102 -375.702 0.983
95.911 -47.819 -392.635 0.944
-62.743 -35.224 -310.760 1.175
90.152 -52.360 -366.623 1.159
47.152 -7.835 -347.062 1.208
-80.498 -75.623 -498.139 1.098
9.887 12.041 -464.666 0.957
-84.885 -76.374 -387.117 0.883
7.701 60.655 -474.619 1.078
5.751 46.249 -428.250 1.060
4.261 -6.432 -427.367 0.867
-67.415 -21.580 -433.715 1.054
70.947 -63.586 -466.513 0.957
-46.197 -49.423 -325.990 1.007
-1.582 46.505 -407.488 0.787
-0.127 8.216 -346.570 1.069
45.355 65.190 -308.788 1.162
-86.181 -24.129 -462.299 0.923
-3.736 -46.005 -443.297 0.952
-11.184 36.861 -312.560 1.116
-27.888 -49.664 -325.848 1.011
-50.087 -7.391 -402.969 1.103
73.463 16.256 -322.042 1.030
-79.332 6.366 -324.599 0.904
69.312 -75.074 -314.409 0.995
-89.036 45.986 -399.503 0.940
65.226 -53.654 -317.171 1.016
43.870 47.078 -401.593 1.174
-13.240 7.254 -414.572 0.872
1.236 59.243 -432.001 1.077
-64.698 -9.444 -346.694 0.857
-1.410 17.896 -387.861 0.933
-21.868 -15.758 -497.015 1.092
3.933 37.279 -471.069 0.873
44.139 -58.485 -390.434 1.063
40.239 -3.623 -405.366 1.003
66.265 -81.098 -463.779 1.008
13.846 17.734 -368.783 1.038
53.758 0.337 -322.384 0.992
-57.517 -12.337 -369.082 0.819
-53.430 20.933 -444.007 1.071
-74.914 74.638 -423.567 1.141
96.746 19.673 -343.280 1.113
-3.010 51.068 -344.585 1.035
75.666 -25.492 -433.417 0.991
73.816 -51.525 -416.265 0.865
93.587 -63.736 -436.902 1.202
-7.330 42.407 -351.444 0.994
82.130 94.560 -481.630 1.047
31.088 38.330 -378.333 0.947
-66.542 -87.436 -390.995 0.839
-58.851 74.313 -366.357 0.980
37.054 87.942 -479.267 1.017
91.894 20.060 -349.574 0.782
-58.022 -52.123 -316.062 1.008
95.729 83.474 -450.227 1.021
13.199 -62.686 -434.591 1.057
-42.896 92.137 -371.993 0.960
52.281 27.204 -319.535 1.034
-48.829 -95.334 -440.353 0.867
-97.851 -78.872 -306.236 0.874
83.450 -97.018 -470.458 1.011
-62.788 77.166 -428.297 1.072
19.552 35.213 -333.546 0.883
-23.010 -75.652 -326.464 1.041
-1.316 -47.690 -493.282 1.055
-92.280 22.235 -480.766 1.119
-57.453 -47.811 -454.494 0.847
68.776 87.256 -338.212 0.994
-3.857 92.161 -304.732 0.949
-88.727 -36.447 -492.847 1.167
-56.308 1.530 -486.825 0.701
-18.886 53.445 -415.342 1.006
-88.644 49.914 -314.847 1.045
54.054 -16.787 -328.196 1.186
25.319 -87.214 -445.376 1.125
32.464 -90.351 -451.000 1.130
-22.855 65.781 -385.950 1.121
-16.356 -16.301 -494.471 0.926
86.007 -61.009 -369.706 0.740
-36.910 26.573 -324.435 0.978
-15.608 -16.116 -306.621 1.159
43.832 13.480 -317.980 1.151
-96.499 -52.470 -319.304 1.052
-84.563 31.602 -411.756 1.163
6.923 -54.537 -419.222 1.089
-10.451 92.483 -447.853 0.646
-83.415 -61.891 -358.870 0.932
-99.292 -46.806 -304.657 0.974
42.443 -43.486 -466.020 1.074
95.123 22.739 -384.735 1.089
-31.881 -98.488 -408.925 0.907
-12.142 92.745 -483.651 0.912
27.798 26.609 -384.488 0.836
-56.972 -87.203 -350.277 0.984
-68.216 62.334 -448.244 1.013
-96.723 69.066 -319.914 1.063
53.753 93.542 -427.051 1.028
-29.264 47.803 -490.671 1.040
-43.866 -27.995 -333.978 1.070
-74.017 -70.955 -473.508 1.025
26.502 -75.656 -325.049 1.081
92.327 -21.870 -346.597 0.938
50.342 82.613 -487.801 1.084
-87.518 81.820 -386.250 1.088
-83.122 -36.786 -469.338 0.911
22.751 -76.903 -408.927 1.000
28.237 -49.484 -465.944 1.036
-2.824 -61.590 -483.697 0.935
-35.942 -20.796 -497.697 0.994
-23.495 85.978 -460.592 1.005
-92.810 24.864 -458.556 1.154
-28.630 85.416 -422.838 0.987
-9.341 4.143 -334.635 0.982
-67.231 -43.785 -312.800 1.039
-22.782 -87.003 -373.441 1.145
-28.713 -8.289 -419.296 1.126
91.981 -63.399 -390.390 0.957
7.482 38.482 -497.377 1.106
-43.008 84.423 -338.661 0.999
99.756 -75.826 -344.635 1.045
-55.215 72.214 -465.930 1.156
-16.613 1.450 -454.641 1.025
-80.334 66.264 -444.091 0.776
22.272 19.982 -488.607 1.112
-70.810 15.085 -328.595 0.986
-60.691 29.777 -355.499 1.072
5.674 -95.696 -450.207 1.066
44.945 -62.237 -447.673 1.107
-52.960 -31.182 -380.014 1.027
53.007 -48.970 -407.604 1.021
3.235 -62.826 -313.357 0.931
-27.343 -37.300 -448.695 1.027
10.023 45.550 -398.963 1.024
98.408 86.378 -394.124 1.121
93.477 29.597 -332.606 0.952
58.854 93.298 -483.067 0.972
86.729 -50.025 -441.847 1.112
8.575 44.991 -416.872 0.905
-31.667 -99.457 -492.233 0.958
20.234 41.532 -398.350 1.203
27.453 64.732 -354.828 0.951
-81.828 59.635 -498.563 0.866
-97.282 78.168 -304.456 0.969
-22.337 58.909 -320.784 1.062
7.127 86.917 -455.014 1.075
-1.743 39.866 -458.530 0.998
-13.306 28.765 -301.967 1.007
9.625 -31.900 -494.650 0.987
-99.345 66.773 -335.913 0.945
-72.127 73.320 -310.227 1.181
-22.619 49.045 -491.502 0.940
-94.135 92.469 -446.067 1.032
64.751 16.865 -309.203 1.125
51.066 -81.762 -327.602 0.993
77.718 35.114 -317.304 1.151
-27.005 1.433 -348.811 1.189
6.372 53.087 -437.147 0.997
13.825 61.596 -344.034 1.005
37.090 -38.145 -414.270 1.099
54.221 -83.603 -377.553 0.892
78.319 -6.114 -451.400 1.021
63.081 -37.831 -310.113 1.044
-41.979 30.257 -344.245 1.122
60.030 -92.102 -379.713 1.112
90.477 -47.393 -407.119 0.878
-4.160 -91.192 -433.089 0.900
98.504 33.874 -308.601 1.015
53.552 39.790 -429.437 0.913
-27.642 4.940 -483.729 0.977
56.949 -16.622 -456.357 0.990
85.534 -19.212 -335.544 0.862
63.517 -76.081 -391.459 1.042
-82.167 84.821 -452.911 0.991
-36.111 88.806 -469.334 1.178
92.378 17.115 -336.354 0.956
0.149 94.483 -342.345 0.850
-44.980 -71.612 -442.481 1.210
-86.573 63.736 -475.656 1.106
-51.322 -9.170 -484.403 1.154
-53.610 63.530 -377.128 0.916
33.177 47.073 -445.065 0.968
-30.065 -94.147 -310.614 0.997
99.616 71.973 -476.519 0.952
54.544 -50.048 -350.603 1.053
-3.546 42.662 -416.561 1.049
74.782 -98.337 -442.327 0.961
-50.248 42.927 -383.889 1.033
-96.344 27.352 -372.448 1.097
51.609 20.093 -380.155 0.887
52.121 89.139 -454.871 0.999
77.012 -23.513 -371.993 0.936
43.034 77.629 -341.807 0.838
-85.477 67.041 -401.562 1.056
-49.760 -98.322 -436.938 1.058
83.951 -28.471 -459.031 0.906
99.955 54.041 -352.294 0.967
32.579 -95.113 -416.805 0.821
-46.573 78.910 -482.857 1.051
-78.079 80.176 -356.856 1.084
99.727 -55.890 -353.570 1.069
12.863 52.256 -455.474 0.950
-72.714 68.289 -479.770 0.970
-67.768 64.216 -343.187 0.787
-55.674 -51.313 -439.656 0.918
-86.516 -26.642 -303.739 0.995
-27.144 53.842 -458.756 1.107
70.925 -24.192 -333.707 1.121
59.907 -45.825 -475.908 1.038
-17.462 15.080 -463.719 1.185
13.888 -83.859 -361.106 1.159
84.601 -67.665 -309.499 0.948
-68.125 -48.074 -460.056 0.974
56.879 39.300 -357.790 0.868
66.144 88.011 -303.979 1.010
74.929 31.752 -461.827 1.043
55.786 -35.874 -336.633 0.876
-48.512 68.680 -348.766 1.149
34.661 -93.292 -313.778 0.732
34.282 -1.862 -410.428 1.092
-73.179 0.894 -397.730 0.976
-96.921 71.393 -411.913 0.941
40.787 -70.865 -415.636 1.178
-75.777 3.896 -327.074 0.866
28.584 65.719 -403.901 1.040
-98.609 -7.239 -407.898 0.958
11.474 2.186 -494.169 1.048
-66.130 -26.039 -407.362 1.012
-96.500 -90.864 -383.484 0.991
-63.378 9.535 -494.685 0.907
-1.914 98.349 -424.655 1.086
-9.603 31.450 -373.523 0.950
-48.750 -15.086 -488.618 0.794
67.591 -76.844 -468.121 1.082
-16.592 66.020 -467.333 1.025
38.734 -70.419 -395.349 1.189
-52.981 -16.689 -375.234 1.015
-16.529 64.408 -368.477 0.922
-42.471 -33.057 -367.497 1.015
-11.574 -46.484 -482.546 0.983
-9.326 99.096 -376.953 1.074
-70.344 88.403 -436.571 0.942
-54.503 -60.619 -479.525 1.122
-81.475 -24.915 -316.577 0.970
-4.658 75.752 -462.526 1.068
-34.196 42.914 -450.810 0.987
