-83.879 4.287 -314.155 0.980
88.314 -40.742 -335.162 0.889
98.704 3.548 -420.761 0.997
-44.418 62.866 -397.526 1.136
-24.115 47.920 -386.449 1.165
-92.501 -83.327 -368.245 0.806
-99.024 -66.015 -376.033 0.871
12.706 -63.001 -483.440 0.928
-40.767 93.551 -373.600 1.027
-19.593 65.477 -471.825 0.965
-31.181 47.174 -415.411 1.134
34.370 -20.062 -445.605 1.082
51.286 98.975 -301.452 0.942
-52.152 -20.303 -366.017 0.985
15.895 -15.392 -486.725 1.083
-13.487 -35.597 -357.939 0.994
60.402 3.891 -435.396 1.129
-60.863 -95.792 -341.599 0.880
-67.848 -54.552 -388.607 1.017
-75.228 65.412 -387.811 0.897
-67.825 -75.993 -489.824 0.947
33.076 44.373 -436.286 0.911
-45.988 -89.414 -443.094 0.932
-35.468 -52.040 -304.039 1.111
77.635 74.089 -319.698 1.200
68.497 -72.113 -388.462 0.989
15.888 5.435 -452.634 0.952
17.802 33.478 -450.930 1.050
3.928 92.805 -430.847 1.189
-68.725 -73.768 -307.965 1.061
86.783 -44.319 -378.865 1.092
-71.778 47.176 -404.451 0.950
-39.827 -93.388 -336.761 1.113
86.290 2.983 -398.220 0.955
-55.922 -51.541 -406.269 0.912
-59.938 -81.997 -470.257 1.210
-5.899 -0.591 -376.982 1.122
-52.292 73.744 -316.319 1.062
-18.856 57.380 -488.672 1.014
36.948 45.164 -317.832 1.000
80.208 -6.791 -421.335 1.089
3.078 -99.176 -464.973 0.860
56.474 95.329 -394.205 1.013
52.971 74.357 -484.429 1.030
-86.215 -70.431 -464.161 1.160
2.850 24.371 -396.523 1.030
-60.958 41.740 -386.862 0.965
-25.252 36.516 -355.879 0.959
78.282 94.543 -395.499 0.872
-38.798 -99.294 -389.399 0.936
45.622 32.075 -312.020 1.068
-61.018 31.022 -313.757 1.038
-74.432 42.956 -354.583 1.149
89.443 64.773 -336.913 1.074
-71.207 -59.314 -372.336 1.067
33.249 40.282 -421.603 0.934
-78.407 94.465 -494.076 1.085
-42.258 98.496 -379.544 1.103
14.282 64.227 -408.323 0.842
-93.426 -60.622 -438.387 0.924
-44.732 -66.829 -373.652 1.047
12.782 -32.879 -366.324 0.907
-74.994 36.817 -490.257 1.108
-44.599 -60.599 -454.111 1.043
70.014 -79.022 -326.327 1.059
91.841 41.099 -416.430 1.039
10.722 49.788 -326.260 1.011
47.604 46.229 -345.812 0.971
-16.592 -22.541 -348.250 0.740
68.508 38.777 -318.934 1.029
10.343 18.984 -422.164 0.968
-12.602 -58.483 -359.582 1.102
-27.567 63.286 -422.533 0.932
-46.369 46.223 -432.510 1.008
38.566 85.868 -499.172 1.000
81.852 -12.836 -492.938 1.127
-64.543 -5.120 -336.451 0.935
92.886 -72.020 -361.219 0.864
-13.767 -67.620 -373.874 1.004
2.926 70.361 -405.297 1.040
46.850 47.131 -404.448 1.038
-29.637 -48.387 -377.238 0.890
-90.830 -48.082 -417.315 0.945
-19.632 -22.102 -442.848 0.951
98.233 85.542 -401.965 1.182
-22.381 -55.445 -468.939 0.844
23.032 -24.485 -433.105 1.034
-7.486 -20.964 -496.537 1.062
-44.889 -3.302 -372.915 1.046
51.023 19.971 -384.661 0.996
3.100 -19.465 -424.178 1.146
20.016 -20.735 -320.316 1.044
-53.283 36.718 -442.226 1.208
-18.893 31.015 -338.299 0.756
-46.615 56.025 -448.183 0.935
-86.032 -35.861 -441.087 1.050
51.198 11.931 -328.052 0.910
-94.430 79.540 -357.829 0.908
35.811 -12.807 -401.827 0.901
82.029 3.313 -405.844 1.076
28.195 51.264 -414.803 0.971
-33.981 -43.186 -388.056 0.801
69.254 -26.987 -367.705 0.880
90.050 71.240 -392.188 0.832
-80.695 -60.360 -470.245 1.035
-24.450 95.430 -379.552 0.961
-45.168 47.100 -314.259 1.049
-96.962 -44.444 -374.927 1.085
23.143 53.515 -327.297 1.003
62.821 22.059 -384.212 0.940
9.731 -94.398 -461.648 0.786
-83.445 82.829 -370.288 1.015
37.225 17.165 -446.631 1.010
79.379 -42.107 -309.508 0.962
50.437 87.357 -415.242 1.040
80.844 79.163 -388.887 1.097
72.162 35.316 -337.938 0.901
-10.254 25.189 -369.692 0.912
58.003 -55.058 -311.707 0.917
-85.096 91.542 -405.126 0.867
-72.292 -98.962 -495.665 0.968
80.806 50.511 -399.815 1.101
-38.607 -95.613 -330.500 1.005
-44.568 27.132 -442.645 0.880
-31.363 -20.459 -368.699 1.047
-22.180 37.176 -454.206 0.879
-1.217 -49.012 -363.942 0.892
99.250 -44.893 -337.560 1.103
26.057 89.118 -436.389 0.980
10.675 -23.154 -463.525 1.103
-95.450 -37.854 -369.835 0.986
61.159 -83.113 -426.125 0.987
69.243 25.676 -476.116 0.967
12.963 -3.729 -416.021 1.144
57.153 -5.701 -401.489 0.885
20.059 20.585 -455.435 1.091
1.947 40.482 -399.190 1.012
-69.344 25.455 -355.800 1.078
67.572 -34.888 -492.456 0.877
-87.820 -75.199 -386.216 0.993
85.657 55.617 -318.111 0.963
-7.720 38.757 -427.658 1.119
26.949 -73.620 -303.897 1.039
-6.388 -52.990 -366.454 0.865
60.412 -0.661 -497.655 0.982
-98.843 -77.442 -458.022 0.792
16.102 -37.245 -378.824 0.912
73.732 -1.932 -466.361 1.095
18.900 -85.055 -498.408 0.807
10.526 32.196 -475.342 1.026
-76.293 83.539 -332.296 0.990
74.004 14.115 -356.892 1.103
23.505 84.939 -418.543 1.074
72.372 -72.345 -446.870 0.962
-49.888 3.627 -495.278 1.038
96.950 -94.426 -427.701 1.039
-94.198 30.036 -467.084 0.945
61.956 52.111 -390.569 1.078
-48.092 -6.788 -307.277 1.220
34.326 40.697 -491.104 1.027
-52.621 2.117 -435.589 0.970
89.283 -40.967 -465.037 0.927
99.992 59.788 -352.766 1.122
-11.193 -33.606 -478.473 1.133
37.675 -10.189 -329.616 0.946
-90.704 28.575 -468.187 0.959
1.479 70.267 -388.693 0.868
45.169 30.697 -439.406 0.821
19.021 21.899 -484.251 0.995
-50.353 24.950 -431.333 1.084
-94.147 -61.015 -465.457 0.865
21.854 -31.707 -477.212 0.946
0.617 23.873 -448.024 0.982
62.768 59.422 -352.765 0.919
-7.586 90.875 -349.109 0.900
78.353 -8.666 -490.028 1.173
-99.276 77.311 -339.079 1.039
-44.323 -12.091 -325.997 0.904
-14.076 -42.616 -319.803 0.731
30.554 20.535 -470.981 0.819
-24.816 -50.220 -432.772 1.045
-63.464 -96.661 -356.819 0.756
22.995 -64.579 -389.873 1.114
21.309 -76.789 -372.952 0.830
-30.197 -54.372 -311.903 1.100
34.910 96.000 -463.435 0.843
-60.476 -68.626 -401.275 0.916
49.115 22.514 -493.954 0.962
1.887 65.700 -307.499 0.907
-72.336 99.110 -396.749 1.017
36.923 82.081 -327.938 0.930
-9.600 56.622 -376.489 1.038
59.999 66.957 -454.383 1.027
11.440 -0.968 -408.310 0.950
-7.889 -35.798 -381.902 1.023
21.840 -62.382 -484.714 0.973
89.830 3.669 -332.640 0.928
34.731 79.986 -446.833 1.213
70.177 -38.634 -352.055 1.060
93.381 -55.156 -444.583 0.981
1.420 -63.662 -440.630 0.983
-10.279 -40.040 -419.505 1.064
73.670 -35.941 -316.375 1.083
-26.370 5.587 -337.102 1.059
-99.810 -17.224 -470.661 0.916
-73.557 -44.038 -367.548 1.046
38.232 21.211 -411.692 1.103
0.160 36.718 -495.288 1.206
-87.084 -83.905 -345.345 0.920
76.952 -44.920 -384.647 1.012
78.414 29.020 -492.414 1.139
39.971 21.521 -321.270 0.846
31.197 -65.353 -390.734 0.985
-72.801 -41.859 -428.353 0.957
-66.654 94.426 -315.646 1.056
46.547 61.418 -488.921 1.052
-97.953 -71.883 -343.826 0.918
-27.265 -91.492 -319.212 0.846
12.788 -82.253 -436.861 1.172
-60.747 -76.874 -440.247 0.950
-9.011 34.283 -302.092 0.778
73.323 -99.170 -449.890 1.126
97.521 -50.052 -365.804 1.064
-32.378 -79.423 -427.217 0.992
-47.905 86.983 -413.202 1.028
-78.138 -73.525 -437.885 1.206
-38.466 8.878 -363.661 1.028
-31.985 39.953 -350.711 1.083
-24.815 -58.593 -412.989 0.979
0.884 52.460 -478.703 1.041
26.416 75.281 -412.342 0.995
-70.587 -70.870 -404.295 1.013
-77.425 -3.485 -415.479 1.123
-70.811 -14.047 -462.010 1.106
88.542 -70.414 -449.452 1.139
43.877 99.333 -321.312 0.993
-56.086 -64.015 -464.822 0.834
-10.163 60.663 -468.260 0.817
14.649 33.716 -417.334 0.957
37.044 -54.251 -492.343 1.005
16.406 -77.020 -461.135 1.104
78.360 64.610 -476.785 1.093
11.060 89.149 -375.410 0.831
17.640 96.344 -393.835 1.081
12.355 -54.183 -315.287 1.167
-1.210 -96.940 -385.892 0.943
66.297 51.154 -438.021 0.825
23.213 -50.022 -358.717 0.881
-73.471 84.125 -428.333 1.191
67.676 28.395 -322.130 0.869
-80.711 0.771 -376.848 0.919
55.245 -44.823 -302.994 0.843
-26.257 -57.206 -385.303 0.877
-67.974 -48.019 -445.681 1.066
-68.016 -54.063 -380.129 1.140
62.463 86.965 -314.523 0.967
63.193 60.452 -370.569 0.956
17.447 40.574 -389.757 1.017
50.814 -82.088 -414.361 0.869
2.409 -10.685 -425.097 0.980
-40.631 -65.777 -441.548 0.948
-44.644 1.258 -493.680 1.154
53.409 -59.393 -462.898 0.983
1.327 -79.767 -307.531 0.993
80.389 -13.354 -460.534 1.022
44.298 90.958 -499.820 1.053
97.520 -58.124 -400.487 0.970
-61.785 -86.785 -373.193 0.946
-93.119 64.561 -334.071 0.927
61.936 -67.876 -432.658 0.941
-10.248 -65.388 -326.539 1.024
-93.741 -44.338 -489.075 1.088
-92.850 -62.368 -411.292 1.062
20.700 95.713 -371.908 0.883
37.694 -0.518 -366.061 1.085
84.061 -8.947 -393.190 0.995
34.843 80.513 -338.599 0.996
18.373 57.834 -397.008 0.969
-2.850 46.341 -306.347 0.959
-85.335 -39.410 -346.924 1.043
3.547 44.252 -441.305 1.100
-75.055 -83.933 -407.011 1.051
42.743 -49.451 -357.292 1.061
-35.893 26.139 -312.475 1.049
41.659 -17.192 -355.051 0.966
13.605 -12.419 -392.738 1.118
33.707 -10.500 -417.672 1.185
-22.353 -75.700 -397.855 1.042
-5.105 7.617 -482.131 0.947
94.782 -53.061 -474.205 1.008
1.212 -62.605 -419.740 0.866
-72.500 14.688 -390.166 1.087
-54.722 -87.934 -486.965 1.165
12.903 -90.745 -307.277 0.879
-97.611 -22.397 -336.065 0.892
-53.082 -17.101 -460.098 1.048
55.996 -28.747 -345.834 1.178
82.946 -1.578 -445.136 0.787
-78.613 -94.629 -464.869 0.931
-28.370 -3.976 -490.139 0.977
96.829 83.173 -488.093 1.008
23.310 26.516 -476.795 1.003
80.828 3.757 -343.738 0.952
35.074 -61.605 -326.873 0.815
27.089 23.805 -308.393 1.143
41.874 61.098 -382.971 0.987
-7.801 4.598 -315.301 1.087
36.169 1.623 -369.946 0.988
-18.012 13.407 -444.911 0.953
-14.401 43.001 -427.422 0.968
36.846 -56.721 -320.289 1.224
-62.045 46.173 -325.574 1.166
11.290 31.021 -387.677 0.996
-68.538 -26.274 -444.210 0.912
25.106 -9.093 -446.469 0.865
71.652 -19.363 -435.094 1.056
2.800 -66.677 -377.788 0.970
-5.723 -72.728 -378.486 1.063
-51.660 -2.941 -346.324 0.873
29.221 -11.988 -452.353 0.995
93.953 -98.649 -487.889 1.168
-58.809 51.284 -351.668 1.032
-15.607 -14.702 -353.883 0.978
-67.580 36.552 -339.454 0.908
29.885 68.137 -303.951 1.028
74.013 -73.784 -488.984 0.959
-47.124 -47.384 -380.738 0.949
85.894 27.482 -479.360 0.859
55.485 -41.879 -497.081 1.035
16.959 84.067 -480.498 0.937
74.484 77.497 -494.130 0.945
-24.790 52.848 -386.141 1.047
-33.904 -17.406 -499.371 1.028
-51.658 33.533 -405.870 1.156
-16.335 -40.972 -376.624 1.046
-61.683 -49.548 -489.840 0.932
4.708 77.747 -441.701 1.144
76.652 28.249 -406.181 0.888
-2.299 -8.612 -433.619 0.935
-17.445 -41.233 -464.612 0.913
-11.837 -71.765 -350.639 1.087
19.026 -77.259 -487.175 0.980
-5.855 -32.473 -414.082 0.918
10.933 -73.264 -378.089 1.116
-98.363 -28.286 -415.868 0.930
-40.437 16.968 -336.033 0.971
-28.098 -33.695 -359.346 0.912
51.692 50.176 -310.396 1.052
97.243 -45.920 -485.951 1.124
-24.826 -82.134 -427.153 0.984
90.887 -49.998 -464.606 1.076
6.902 -3.551 -392.499 1.005
49.274 7.068 -484.969 1.105
42.045 77.944 -498.677 1.139
-58.360 -77.814 -468.445 1.078
-98.509 49.382 -489.712 1.064
-17.810 42.435 -302.070 1.132
-31.999 -88.177 -448.629 0.979
49.168 56.799 -324.262 1.033
19.320 87.966 -448.506 1.087
-21.740 32.342 -453.394 1.026
-52.429 -98.444 -309.782 1.029
-28.805 79.801 -379.567 1.094
86.944 -94.882 -352.096 1.070
-36.015 82.012 -390.535 0.936
-95.700 54.230 -346.337 0.888
44.065 55.600 -457.058 0.952
40.953 25.627 -449.012 1.061
-67.696 94.159 -363.077 0.979
-84.671 -74.307 -325.920 1.105
54.981 -79.603 -499.262 1.036
16.097 -13.807 -400.595 1.113
-59.058 -49.801 -442.531 1.157
7.031 -54.385 -304.104 1.112
-96.322 -14.272 -345.424 1.072
-23.277 -14.606 -487.975 1.132
-98.722 84.468 -475.114 1.054
-81.873 -37.648 -373.482 1.044
-65.879 -54.781 -490.723 0.842
82.868 -18.742 -384.179 0.822
-46.051 -8.201 -353.583 0.938
57.132 49.885 -323.021 0.972
-46.225 84.563 -489.228 1.140
-96.188 45.616 -420.949 1.033
45.211 88.558 -376.143 1.077
-40.397 67.943 -308.663 1.037
-26.094 18.184 -390.377 0.969
-86.218 -32.563 -381.363 1.229
-24.475 -75.757 -463.599 1.025
69.225 -95.669 -436.400 1.135
-61.348 82.566 -476.561 0.944
93.307 -96.180 -360.511 0.852
-10.317 10.950 -407.992 0.914
-82.712 -71.693 -489.715 0.948
76.951 41.756 -400.928 0.822
-83.845 66.713 -350.629 1.047
-6.886 46.760 -490.155 0.887
-61.353 -71.126 -450.355 0.847
13.695 18.608 -332.865 1.119
-7.441 -55.622 -487.495 1.021
-76.471 -28.633 -372.278 0.943
78.294 -9.381 -471.660 1.023
-54.565 -16.732 -315.791 0.976
-33.879 -91.350 -439.944 0.899
-38.989 36.220 -399.903 1.022
-72.774 52.196 -344.446 0.927
60.209 37.348 -384.383 0.998
80.612 -9.455 -461.950 0.940
-52.438 65.930 -302.075 1.037
26.904 -42.807 -459.516 1.026
-71.172 -36.089 -304.001 0.995
72.487 -74.550 -371.474 0.969
17.437 -18.508 -377.089 1.040
85.152 -71.009 -394.523 1.180
-7.161 -77.173 -425.134 1.105
-69.970 61.626 -451.376 1.069
-72.867 34.248 -439.808 0.984
66.441 44.851 -429.581 0.920
-32.310 1.301 -322.488 0.951
-5.071 82.623 -346.875 0.967
70.676 17.245 -341.609 1.012
34.117 31.216 -405.249 1.083
1.418 -75.725 -458.839 0.910
-26.470 -48.247 -332.391 0.891
65.629 -90.089 -433.313 1.028
-38.010 38.844 -355.976 1.063
44.433 27.290 -462.317 1.064
90.499 21.444 -427.533 0.990
-70.204 75.975 -440.432 0.943
-93.574 78.558 -418.938 1.078
46.988 53.008 -469.808 0.996
17.879 -51.377 -404.004 0.981
27.477 14.295 -394.378 0.971
18.712 -55.305 -316.085 1.071
81.573 -79.795 -463.240 1.021
-33.642 -93.752 -461.797 1.060
60.289 14.827 -459.287 1.050
11.615 -25.210 -488.076 1.024
-80.850 -35.930 -466.667 1.039
-91.165 -74.300 -405.459 0.937
55.531 -51.253 -437.454 1.029
-71.381 62.482 -311.016 1.005
-0.069 -86.546 -318.229 1.031
56.389 32.893 -438.437 0.950
-28.748 91.263 -379.809 1.115
-60.617 -32.664 -419.022 0.951
-14.455 -26.212 -476.528 0.937
9.669 69.367 -318.030 1.029
73.814 64.264 -333.731 1.019
-30.808 -85.962 -304.730 0.847
29.416 10.672 -393.391 1.100
-66.982 -51.099 -354.027 1.054
10.720 -32.865 -304.152 1.007
59.431 63.030 -444.310 1.034
48.433 -57.308 -443.674 1.087
-73.475 41.847 -411.525 1.017
-33.957 26.857 -415.620 0.707
71.830 63.217 -452.720 1.059
-19.667 -22.222 -335.063 0.948
40.122 -16.376 -342.721 1.119
16.345 11.785 -400.744 0.883
-97.672 -20.830 -427.271 1.015
-29.697 -61.688 -386.266 1.142
23.100 -26.719 -426.592 1.014
98.394 -43.923 -486.888 1.107
-11.534 -97.203 -336.896 0.918
83.316 -79.656 -474.016 0.991
8.553 74.622 -300.259 1.104
-85.716 7.434 -478.868 1.013
-86.663 -22.822 -327.640 1.022
90.785 -48.335 -369.936 0.895
-21.676 -0.952 -341.674 0.970
65.809 -98.419 -394.834 0.809
73.101 -14.440 -415.324 0.978
-82.312 23.773 -422.853 1.126
-70.462 -69.860 -462.757 1.166
55.583 18.691 -390.456 0.989
38.702 42.198 -398.267 1.372
46.607 -86.533 -442.487 0.935
-87.910 64.576 -346.766 1.155
-27.438 -91.982 -373.259 1.130
-22.484 37.519 -338.766 1.118
48.467 89.482 -309.845 1.036
25.810 18.928 -310.355 1.013
-43.957 -70.170 -388.000 1.006
46.889 -4.874 -412.912 0.943
94.775 25.359 -407.676 0.982
-57.074 39.254 -405.085 1.036
-99.769 -36.251 -374.139 0.919
-8.784 -36.613 -445.083 1.120
50.737 6.837 -462.899 0.895
87.383 -37.211 -391.196 0.874
14.634 81.956 -435.782 0.919
63.066 -6.463 -441.706 1.093
-2.372 89.509 -351.503 1.080
54.663 71.633 -497.249 0.949
11.259 36.013 -373.971 1.029
-71.384 -44.464 -339.819 0.990
-4.289 -99.727 -489.259 0.912
-12.787 -53.405 -337.629 1.002
-71.837 52.359 -497.040 1.018
69.625 -73.644 -415.759 1.240
96.223 -12.230 -369.416 1.148
-62.108 -26.321 -403.061 1.165
46.848 -74.327 -308.054 0.857
61.656 -6.423 -307.764 0.857
0.218 -85.683 -428.693 1.064
-46.621 87.128 -455.441 0.950
-79.909 -88.178 -352.362 1.208
39.812 59.128 -424.897 0.803
-95.180 47.877 -334.961 1.077
27.130 59.749 -411.365 1.011
47.518 77.586 -393.421 0.946
-49.564 30.897 -401.517 1.180
62.075 -80.669 -312.471 0.925
-69.019 -69.971 -435.961 1.050
36.388 40.161 -340.991 1.000
-75.461 -6.165 -395.483 1.087
-32.125 -81.552 -385.728 1.154
-77.953 -60.483 -304.450 0.890
32.470 88.282 -398.429 1.042
51.506 -20.291 -363.242 0.880
-7.957 -99.780 -481.485 0.924
51.088 68.126 -451.108 1.129
-92.439 -54.686 -397.784 0.933
82.196 52.550 -328.427 1.027
-61.833 25.803 -364.403 1.081
23.168 14.394 -462.594 1.017
-60.952 -65.239 -313.932 0.990
-62.140 -69.295 -359.736 0.928
5.859 71.727 -457.374 1.076
-87.653 -95.344 -407.050 0.946
43.421 40.599 -300.428 0.759
8.983 -6.687 -485.204 1.048
-51.717 -38.504 -307.975 0.931
-55.997 -15.514 -449.175 1.035
-48.577 83.324 -317.190 1.032
-32.294 87.353 -323.634 0.924
10.394 -53.551 -353.733 1.010
91.728 77.451 -433.180 1.123
98.246 -19.768 -401.480 1.116
-60.895 0.008 -457.369 0.986
-22.247 11.434 -444.050 1.037
69.768 -65.522 -478.590 1.106
-89.283 10.425 -404.258 1.183
-94.656 46.334 -336.014 1.049
-50.770 15.574 -426.689 1.061
-3.395 2.055 -371.486 0.978
-88.379 -89.964 -334.586 0.968
-58.894 -28.000 -330.277 0.968
92.868 75.071 -410.563 0.943
31.936 -63.739 -387.348 1.004
22.090 -84.340 -475.023 0.969
97.259 56.688 -357.279 0.898
-16.304 13.405 -330.312 0.874
26.558 -55.404 -444.146 1.050
-84.081 -68.441 -430.391 1.073
-36.228 21.560 -424.905 1.207
-27.362 78.340 -442.290 1.180
-1.003 64.251 -317.885 0.954
50.180 41.318 -444.549 0.969
-64.953 -55.137 -422.668 1.053
-91.529 -61.459 -354.734 0.987
74.460 36.098 -305.807 1.054
-35.785 59.572 -456.737 0.965
-52.332 -76.826 -311.365 1.083
78.128 -9.341 -304.765 0.916
-24.817 -83.143 -399.910 0.829
-39.388 4.566 -313.659 0.965
29.265 -81.936 -422.022 0.928
10.441 -9.026 -410.180 0.910
-40.437 -45.602 -397.464 1.030
-64.720 -50.273 -403.536 0.957
72.463 -30.110 -470.559 0.958
46.147 -22.655 -321.459 0.853
-43.963 13.631 -442.048 0.983
40.973 91.483 -317.772 0.981
78.900 12.869 -366.942 0.981
-65.155 55.321 -441.363 1.126
-79.071 -51.072 -323.509 1.046
-83.986 72.291 -361.757 0.747
25.845 69.277 -424.448 1.093
28.969 -44.211 -433.444 0.961
-97.036 34.270 -421.935 1.021
73.225 93.909 -493.682 0.866
90.980 -46.498 -433.987 0.995
29.421 -39.184 -449.131 0.891
73.984 -47.593 -406.530 0.918
72.622 46.537 -415.282 0.903
-6.034 66.855 -445.893 0.880
97.634 -88.036 -475.711 1.129
-17.026 -8.166 -335.044 1.031
-57.576 -61.643 -463.201 1.091
70.747 98.564 -438.357 1.017
-37.959 23.015 -353.419 0.881
-84.008 -97.073 -389.888 1.015
-21.918 -35.907 -337.329 1.009
-53.029 40.941 -323.473 1.036
-33.344 -23.283 -492.698 1.095
7.089 36.073 -448.998 0.931
49.592 -33.330 -437.818 0.929
-55.025 41.878 -486.885 1.021
-29.069 -25.371 -312.849 0.970
98.833 26.081 -432.267 0.946
-47.547 26.562 -458.255 0.956
-33.513 24.340 -305.167 0.885
30.743 43.923 -393.444 0.980
-61.984 23.872 -406.272 0.881
85.656 -52.089 -358.719 0.875
-35.909 68.277 -324.513 0.955
-84.278 81.222 -313.355 1.093
-81.972 15.033 -387.915 0.970
62.339 -95.701 -462.014 0.736
60.714 -90.103 -433.722 0.910
59.411 60.608 -498.318 1.124
79.472 79.036 -395.701 0.944
89.067 2.372 -334.987 1.012
40.078 -59.425 -485.524 0.946
36.185 -48.976 -403.518 1.018
43.598 -95.890 -449.552 0.916
34.221 -73.128 -453.749 1.103
-71.032 94.418 -431.340 1.052
-21.022 2.638 -461.393 0.916
59.550 81.099 -420.743 0.937
-40.534 29.671 -402.038 1.061
-51.636 78.778 -338.471 0.994
-47.270 -2.983 -403.924 1.008
74.550 -72.987 -398.961 0.850
-51.936 21.511 -431.240 0.905
61.525 -22.208 -401.067 1.050
93.920 62.112 -373.231 0.886
54.517 17.838 -309.435 1.090
-70.175 -5.299 -390.355 1.044
18.925 77.258 -491.707 0.979
85.161 -29.575 -393.790 0.997
-82.055 -17.867 -356.870 0.999
87.790 -11.343 -459.853 1.050
-61.223 83.150 -481.959 0.892
-81.189 4.737 -302.138 0.938
71.139 -15.703 -489.887 0.888
38.044 -76.818 -308.958 0.890
-2.768 25.559 -409.726 0.871
10.386 -74.155 -470.793 1.059
-97.166 60.836 -348.864 0.974
59.403 -24.663 -428.381 1.099
-37.722 -99.296 -482.456 1.009
20.347 -2.066 -333.546 1.029
95.748 -30.761 -358.637 0.981
-98.347 -47.850 -429.093 0.819
-69.839 -49.272 -496.226 0.939
-9.953 -77.947 -307.739 1.136
99.893 -15.568 -433.732 1.148
65.909 -96.063 -341.652 0.937
77.829 -22.936 -361.643 1.094
-64.681 -98.193 -404.046 1.187
52.268 21.486 -327.167 1.017
24.530 77.684 -349.218 0.996
-33.843 -64.487 -374.940 1.012
1.127 27.460 -462.233 1.023
45.315 -86.622 -302.003 0.897
-83.566 -92.984 -347.133 1.017
-33.490 -37.735 -322.006 1.033
-71.766 -15.465 -393.891 1.043
-79.893 -54.050 -367.329 0.961
53.642 -83.594 -343.101 0.887
-99.736 15.612 -409.201 0.964
33.243 78.156 -360.965 1.008
-41.792 -77.187 -388.727 0.965
33.278 83.194 -388.969 0.971
83.457 46.971 -383.726 1.102
-42.357 -36.339 -382.195 0.979
-27.604 61.322 -384.526 0.964
60.057 87.318 -346.646 1.078
-43.743 -7.448 -324.277 0.899
-40.572 22.247 -430.865 1.056
80.843 -31.676 -345.492 1.052
-61.354 -65.492 -358.478 0.990
41.211 73.508 -330.914 1.069
-53.353 -22.754 -378.377 1.039
-74.672 -53.493 -314.992 1.068
-74.290 91.380 -469.215 0.939
-48.517 16.922 -390.003 1.034
51.148 0.592 -373.537 0.870
35.618 20.645 -439.587 1.175
-88.697 -15.183 -430.312 1.044
-72.030 -11.915 -379.658 1.056
-4.936 -10.209 -359.180 1.137
47.069 -7.211 -474.240 1.071
-59.635 98.620 -421.897 1.031
23.129 -19.839 -393.530 0.823
-39.137 -1.399 -423.103 1.087
-47.177 -23.358 -456.098 1.006
-52.909 71.937 -438.530 1.060
50.083 -34.515 -362.769 1.072
-84.392 13.510 -458.100 1.039
26.112 -84.382 -324.863 1.079
41.883 67.075 -421.087 0.884
48.878 -23.354 -325.550 1.058
87.415 15.159 -395.354 0.997
-4.590 -82.941 -482.171 1.133
-78.479 33.263 -376.971 0.899
-59.200 -59.814 -338.396 0.987
-63.674 -17.277 -362.092 1.004
59.900 32.816 -305.928 0.981
-93.168 -82.965 -338.660 0.985
-6.124 26.125 -497.490 0.841
-17.371 -57.720 -453.074 0.905
-46.172 36.500 -432.802 1.078
42.519 42.761 -400.626 1.029
-65.005 96.711 -494.207 0.944
26.057 91.165 -417.274 1.109
49.336 -64.510 -403.097 0.901
-77.042 29.853 -459.134 0.866
72.693 -72.935 -331.032 1.005
1.516 58.949 -314.146 0.942
-66.973 57.021 -346.424 1.011
-89.619 -84.670 -335.127 0.918
25.092 50.088 -399.202 0.907
-85.625 -57.638 -319.177 1.040
-22.483 -45.828 -390.223 0.913
-83.931 -71.632 -399.716 0.988
93.973 -17.100 -330.269 1.063
47.121 -71.760 -359.898 0.913
-36.189 17.712 -403.735 0.937
-55.587 39.228 -492.949 1.017
66.759 52.394 -371.486 1.075
94.139 -44.674 -443.470 0.997
-63.814 -23.580 -454.271 0.967
-38.446 -22.745 -467.022 1.012
-15.190 13.673 -371.621 1.097
-78.546 -44.942 -431.662 1.108
48.809 82.464 -341.887 0.947
-6.786 -50.036 -491.126 1.153
32.197 70.817 -455.496 1.043
84.010 59.925 -392.501 1.093
-54.072 19.539 -343.080 1.090
-42.333 29.961 -346.021 1.043
23.114 72.160 -312.834 1.069
49.275 -31.463 -434.513 0.876
64.584 -47.770 -491.372 1.088
-86.363 9.383 -333.476 1.121
71.086 38.062 -321.506 1.019
1.077 -88.968 -435.029 0.946
38.669 -58.959 -426.651 1.127
68.270 61.580 -477.351 0.816
2.450 12.029 -428.332 1.094
-18.189 48.226 -457.854 0.922
13.136 -46.897 -422.187 0.935
-75.933 -83.795 -317.033 1.001
2.069 -4.421 -419.015 0.932
73.671 -18.759 -421.052 0.982
-7.599 -78.057 -436.843 1.039
91.718 79.559 -497.967 1.288
22.097 -94.229 -421.414 1.004
52.813 87.073 -480.267 1.097
88.250 -57.442 -424.163 1.057
-76.623 -29.839 -476.246 0.902
69.050 0.911 -455.149 1.073
28.180 -13.077 -302.936 0.922
-2.718 83.352 -425.793 1.064
22.765 -95.590 -424.861 0.808
49.258 -49.316 -447.245 1.020
32.908 43.956 -429.887 0.929
52.769 -93.752 -456.051 0.877
77.713 -92.596 -499.455 0.917
75.136 -23.444 -454.559 1.131
-39.016 -23.271 -420.245 0.866
66.172 -9.464 -351.806 1.139
-93.390 86.490 -307.102 1.075
-9.563 82.068 -439.257 0.983
-84.199 25.612 -332.715 0.952
18.590 -86.618 -429.548 0.972
-5.258 56.175 -346.568 0.919
-5.519 -78.086 -438.095 1.037
11.330 74.098 -433.464 1.016
16.319 -99.350 -494.318 0.950
-85.180 -31.302 -398.391 0.939
29.101 -36.150 -468.957 0.809
79.887 -4.659 -399.809 1.070
-37.038 -83.508 -472.755 1.000
-29.207 -43.451 -489.857 1.119
29.876 -1.070 -352.492 0.926
-9.942 20.638 -391.960 1.020
49.228 88.056 -348.111 1.096
-37.439 -65.831 -397.044 0.959
-64.720 82.575 -411.358 0.936
-5.324 5.853 -376.973 0.668
-56.729 73.860 -379.375 1.017
-80.594 4.515 -378.146 1.038
63.976 -9.905 -417.222 1.017
0.217 23.368 -367.609 1.035
-92.146 33.929 -464.005 1.037
-63.103 84.311 -432.429 0.991
67.420 -81.236 -321.088 1.105
14.055 -21.877 -367.062 1.171
-36.009 48.254 -369.848 1.062
-57.347 -56.106 -490.483 1.073
-83.614 -52.863 -485.357 0.985
38.347 -40.996 -372.371 0.835
-6.264 42.693 -368.377 1.194
-1.146 -90.113 -471.862 0.962
22.785 -18.674 -477.026 1.170
42.105 -28.417 -352.933 1.029
2.571 99.896 -475.659 1.120
49.015 54.840 -320.129 0.907
-68.938 -26.628 -329.177 0.878
-13.456 58.719 -335.980 1.125
-89.804 -47.044 -391.417 0.938
42.125 61.995 -437.075 1.118
-66.126 66.982 -356.620 1.091
68.858 68.396 -471.265 1.021
-82.184 -73.825 -406.131 0.957
79.702 97.322 -447.988 0.983
-78.180 53.392 -324.710 0.951
52.688 -83.892 -374.273 0.928
7.604 -73.219 -325.167 0.909
-80.523 -33.161 -422.501 0.829
77.040 -36.227 -479.829 1.004
84.045 -20.414 -452.196 0.936
-25.580 -84.705 -471.374 0.995
-93.931 -87.007 -457.137 0.988
1.364 -34.666 -310.369 1.092
46.466 21.081 -386.776 0.813
-91.571 67.464 -444.642 0.886
90.014 -58.496 -305.088 1.062
31.284 -51.235 -422.584 0.903
71.847 34.482 -499.952 0.952
-9.719 86.212 -466.681 0.827
26.170 -11.158 -436.078 1.147
-79.300 18.338 -307.402 0.974
92.467 -99.328 -341.070 1.162
26.492 -72.758 -396.558 1.017
49.874 -10.295 -428.195 0.882
-75.699 30.526 -460.180 0.925
18.968 -77.235 -400.716 0.916
-10.129 -28.199 -326.754 0.845
-32.749 -45.584 -327.297 1.154
-67.131 21.152 -367.115 1.044
42.608 7.037 -446.144 0.995
-56.360 7.633 -323.852 0.896
19.814 9.096 -483.266 1.115
0.858 82.894 -368.301 0.995
29.126 4.208 -367.500 1.066
24.736 -48.852 -387.188 0.940
74.776 -69.874 -471.857 1.036
-11.759 -62.335 -499.456 1.017
-50.023 -27.741 -472.091 1.110
-61.343 0.358 -469.672 0.985
64.828 49.727 -356.637 0.994
-24.261 -93.571 -362.247 1.170
-91.410 -18.044 -443.599 0.968
-40.200 -95.794 -433.968 1.030
13.053 53.116 -392.181 1.069
-95.001 -50.724 -350.858 0.998
-39.109 74.271 -304.402 0.950
86.668 -67.103 -466.348 0.930
-78.519 -24.756 -406.334 1.087
17.458 81.083 -389.164 0.946
45.315 68.568 -340.032 0.944
-80.823 96.099 -367.945 0.970
44.167 69.216 -452.512 1.192
-72.502 -59.530 -406.442 1.158
-18.406 -95.266 -301.360 1.127
-7.548 38.178 -468.436 1.019
49.737 30.941 -459.032 0.879
-58.270 -23.624 -499.850 0.828
63.845 -39.368 -436.222 1.110
-5.144 20.976 -447.278 0.996
-40.398 -68.121 -302.962 1.109
71.800 63.272 -363.186 1.062
-10.731 -71.018 -458.547 1.196
-37.532 -94.565 -370.623 0.928
46.378 10.398 -467.907 1.035
19.058 -42.209 -309.639 1.053
-70.846 4.686 -364.873 1.017
44.649 -37.215 -420.235 0.950
60.321 -69.598 -487.983 0.939
-87.967 60.453 -434.222 0.956
-50.690 89.916 -319.336 1.055
28.399 -85.801 -456.713 0.968
-27.200 -77.724 -470.224 1.148
24.492 -35.060 -366.990 0.821
-55.609 65.250 -405.487 1.176
-70.535 56.846 -353.745 0.821
16.931 4.110 -416.175 1.052
-36.254 -30.051 -464.187 1.079
59.683 83.529 -476.095 0.941
18.614 55.855 -401.040 0.917
19.866 40.291 -455.162 0.793
-56.775 -3.009 -416.321 1.042
-56.463 -67.715 -332.659 0.977
51.760 -71.838 -420.853 1.064
-57.957 -8.375 -364.032 0.990
11.097 -52.041 -471.113 0.879
81.124 -92.710 -479.357 1.109
-26.674 -84.773 -363.831 1.071
-80.582 -67.960 -406.537 0.976
-46.545 72.921 -464.418 0.868
48.823 42.545 -479.707 1.181
50.559 -65.920 -404.926 0.821
-64.827 33.233 -347.835 0.916
-37.972 -71.223 -331.671 1.054
64.447 -11.565 -433.456 0.948
72.758 75.004 -436.096 0.989
-54.484 -79.013 -336.505 0.986
-86.916 62.859 -480.999 1.034
100.000 -59.151 -357.104 0.774
-91.279 77.293 -493.775 1.063
-13.119 -14.714 -426.060 0.798
93.697 -76.638 -307.224 1.070
-56.242 -73.253 -453.649 1.110
-34.878 60.824 -403.032 1.095
10.867 -44.043 -364.480 0.939
78.283 10.363 -362.468 0.946
-8.113 65.648 -345.249 1.138
-72.404 47.141 -333.310 0.890
84.077 -51.842 -467.614 1.003
85.388 -48.064 -430.785 0.875
28.525 74.009 -353.306 1.138
-73.066 -31.714 -337.118 1.099
-84.369 17.819 -412.862 0.853
25.292 -33.198 -378.095 0.945
52.479 -2.350 -470.765 1.084
-13.035 21.831 -321.956 1.058
-86.599 10.321 -398.839 0.926
-38.123 75.126 -388.248 0.980
24.707 -23.804 -402.025 0.989
84.932 -69.401 -479.576 0.976
-52.475 -62.802 -472.928 0.879
-71.395 77.322 -446.238 1.138
-62.296 -65.391 -309.472 0.986
97.304 -1.290 -406.970 0.900
8.971 -0.243 -364.698 0.838
96.832 91.041 -448.854 1.034
63.740 -10.081 -451.904 1.029
27.469 -68.003 -395.461 1.035
-80.907 -72.175 -483.559 0.948
-44.888 21.575 -463.545 1.115
-22.859 95.667 -429.682 0.998
73.955 23.139 -312.459 0.931
45.294 -14.057 -481.247 0.961
-25.617 45.452 -403.663 0.960
99.115 40.595 -423.531 0.973
-97.822 0.185 -355.291 1.202
-35.728 -84.798 -408.612 0.947
-72.371 -8.979 -325.700 0.979
-30.005 62.507 -310.874 0.991
-54.497 90.059 -334.460 1.025
80.226 55.247 -450.873 0.925
52.778 -37.461 -460.581 0.927
78.859 55.247 -316.543 0.939
71.185 -75.678 -307.719 0.951
-77.813 97.636 -304.385 1.092
54.500 92.992 -468.084 0.900
-69.579 74.069 -359.010 1.097
-7.348 -84.295 -498.525 0.902
97.024 -20.456 -356.818 0.836
-0.863 57.057 -464.646 0.910
-61.551 -98.862 -490.899 1.116
75.277 -38.924 -474.786 0.893
-82.849 -65.741 -347.957 0.957
-57.323 -91.289 -464.599 1.049
-90.338 -27.299 -329.156 0.962
84.190 -48.321 -364.571 1.004
14.204 82.380 -395.577 1.056
-12.137 -81.279 -395.783 0.993
-33.494 -46.571 -483.901 1.056
-13.951 -94.057 -403.107 1.142
-91.135 49.127 -449.544 1.039
-17.025 68.171 -343.425 1.066
-60.493 81.072 -445.499 0.954
49.634 68.476 -433.253 1.055
-0.652 -9.414 -412.386 1.015
-74.852 -73.700 -418.833 0.985
-10.593 33.291 -438.429 0.897
60.345 -94.539 -389.770 0.859
-47.701 -16.171 -363.306 0.908
58.078 -57.928 -346.993 1.074
39.845 -44.473 -487.234 1.086
87.672 37.386 -361.030 0.961
20.944 83.839 -412.948 0.875
-43.595 -88.208 -473.326 0.956
10.196 -71.070 -313.468 1.186
98.914 50.703 -362.738 0.940
88.870 17.033 -369.822 1.125
-11.949 73.219 -431.519 0.912
4.699 10.325 -348.658 0.958
-2.300 -35.683 -482.875 0.916
-86.234 99.598 -435.303 1.009
12.565 82.151 -414.413 0.957
-85.064 -55.512 -471.507 1.023
-17.906 -0.473 -491.438 1.097
62.643 35.314 -313.430 1.071
-0.843 -61.571 -389.029 1.072
-55.852 -7.454 -361.440 1.094
-64.213 -49.312 -305.214 1.022
90.067 22.543 -347.528 0.756
36.652 79.478 -421.286 0.998
20.824 -50.859 -441.685 0.866
49.024 -16.097 -332.787 0.935
7.363 -84.879 -461.052 0.986
-2.545 20.313 -430.093 0.999
-90.201 -70.010 -474.368 1.137
-84.410 76.751 -332.823 1.077
55.625 42.287 -356.190 1.137
5.601 36.294 -396.616 1.177
-89.231 -83.946 -404.928 0.821
-25.771 64.176 -357.590 1.041
98.853 96.108 -433.652 1.020
93.280 17.923 -484.604 1.045
3.388 -17.187 -451.674 1.070
34.545 -91.823 -399.436 1.169
-3.390 -60.722 -459.571 0.948
-52.873 85.240 -342.990 1.049
16.693 -35.265 -353.933 1.228
13.145 -14.373 -360.585 0.956
-41.602 71.841 -447.130 0.940
67.932 -72.949 -384.985 1.240
96.227 95.749 -392.923 0.908
46.797 -75.718 -313.280 0.936
-99.754 55.578 -459.703 0.987
4.379 -25.936 -376.940 0.979
29.973 -26.110 -398.667 0.814
46.622 50.195 -366.446 1.130
-50.598 -48.561 -468.190 0.786
59.728 -39.969 -358.951 0.847
35.073 19.207 -337.461 0.979
-22.973 -54.325 -485.215 1.093
-57.678 87.920 -348.248 0.825
-10.539 27.760 -448.614 0.884
92.447 92.735 -354.909 1.035
-35.770 -15.514 -370.273 1.026
-79.064 -64.043 -317.611 1.050
-83.475 40.192 -346.656 1.140
14.307 25.193 -418.124 0.896
-54.011 -35.361 -401.298 1.031
-1.237 -37.514 -430.905 1.042
-63.014 -31.097 -410.931 1.085
-49.627 81.342 -472.623 0.840
-26.073 62.689 -333.896 0.934
20.914 77.080 -349.071 1.069
2.912 44.351 -443.517 0.929
3.125 -71.815 -338.156 0.980
28.704 87.464 -339.824 1.094
20.503 -1.919 -304.657 1.070
-43.277 58.923 -322.963 1.145
22.085 -27.733 -415.045 0.907
-76.796 50.988 -480.828 0.884
26.441 -77.310 -324.771 1.027
88.338 -81.244 -413.551 1.090
67.403 -10.180 -308.311 1.045
-51.414 -84.295 -316.242 1.152
-23.869 -49.990 -438.325 1.071
-33.698 -58.831 -327.591 0.992
17.873 68.334 -405.307 1.068
-92.681 -51.150 -427.223 0.743
-82.111 21.264 -337.440 1.181
12.828 10.294 -333.077 1.025
93.584 -6.223 -329.869 0.924
41.614 -73.961 -391.341 0.984
56.737 -60.569 -441.207 1.029
82.836 -92.954 -441.076 0.841
-76.604 43.911 -380.695 0.869
-10.650 96.697 -315.323 1.075
-82.448 0.922 -351.337 1.111
44.446 68.228 -438.926 0.979
-40.130 -36.323 -346.789 0.856
-41.032 0.225 -494.820 1.024
99.370 15.761 -388.256 1.021
-19.647 32.411 -360.521 1.046
-89.344 44.646 -459.384 0.932
-96.941 87.817 -440.662 0.803
10.774 -72.894 -321.575 1.110
-6.945 90.825 -401.034 1.150
25.981 -56.694 -363.869 0.923
-95.334 -71.303 -433.307 1.031
-19.538 -64.290 -454.479 1.076
20.535 88.212 -354.021 1.053
0.308 -90.110 -379.170 0.873
11.474 -60.319 -313.899 1.080
-20.500 -60.742 -370.784 0.948
-97.604 -31.146 -491.151 1.023
-66.838 67.148 -478.256 0.877
95.990 20.408 -303.592 1.061
-98.854 -5.337 -378.129 1.176
-96.311 -45.616 -369.947 1.018
-91.267 61.939 -344.074 0.941
87.186 -5.014 -376.131 0.981
-98.998 -78.637 -355.673 0.961
38.557 9.133 -390.165 1.129
89.601 -66.874 -379.930 1.032
15.414 47.276 -403.777 1.085
70.866 -57.344 -367.057 1.039
84.140 22.917 -429.658 1.222
90.262 -86.732 -315.110 0.952
-3.017 14.320 -309.827 1.008
0.766 35.022 -478.874 0.809
-89.674 73.646 -330.359 1.059
-28.965 42.305 -370.007 1.035
-22.609 62.672 -383.172 1.138
81.834 -72.215 -487.073 1.027
79.040 -7.718 -369.385 1.058
-4.295 -77.635 -320.731 1.028
-43.376 90.573 -304.309 0.870
-69.993 -45.401 -473.735 0.946
22.462 -15.953 -342.478 1.108
-14.683 -55.512 -401.832 1.167
-23.359 53.911 -344.172 1.067
12.962 19.780 -430.298 0.960
-63.336 -89.503 -441.406 1.056
35.545 -43.816 -394.079 0.908
-31.434 -34.564 -381.441 0.989
98.409 13.263 -434.373 0.983
-70.652 32.631 -320.338 0.944
28.331 62.249 -437.121 1.162
-8.890 57.570 -347.396 1.058
88.140 -29.403 -414.402 0.956
49.987 -39.038 -362.488 0.788
-18.392 31.820 -372.513 0.994
-99.418 -77.122 -489.779 0.815
86.436 -35.197 -467.244 0.824
-73.000 53.270 -327.108 0.927
-75.097 64.785 -408.640 0.898
30.051 -77.140 -347.228 1.047
90.920 33.205 -341.024 0.723
50.583 -20.870 -362.431 1.033
-2.197 -80.998 -398.482 0.808
-51.472 87.720 -373.947 1.032
76.232 -61.397 -482.029 1.041
84.971 5.818 -327.378 1.021
91.982 -52.434 -332.922 1.174
71.196 -72.064 -427.397 1.125
22.920 29.662 -355.847 1.123
-30.880 19.477 -332.315 1.025
-39.580 53.907 -490.847 0.968
48.285 -48.224 -397.182 0.991
-47.643 -56.094 -493.746 1.063
95.939 -26.130 -493.793 0.973
-2.549 -50.274 -466.745 0.917
47.251 -75.641 -488.912 0.908
-88.846 -2.294 -309.060 0.956
-96.523 -73.798 -455.062 1.050
-73.467 97.797 -382.966 1.124
90.789 18.679 -373.783 1.065
-17.155 4.625 -355.748 0.905
-32.427 88.695 -377.526 0.808
9.217 92.582 -405.695 1.099
-19.881 87.968 -352.245 0.911
-81.333 93.291 -476.026 1.088
-54.000 -65.714 -329.839 1.009
-5.593 3.655 -302.135 0.953
-29.560 98.732 -455.966 0.975
16.782 -69.941 -382.091 0.765
28.180 41.155 -323.009 0.963
-7.225 4.596 -383.952 0.845
-24.729 -18.635 -434.907 1.194
-23.351 -24.676 -457.566 0.750
-73.970 -52.039 -344.547 0.831
-88.595 99.453 -431.548 1.057
48.123 59.087 -393.273 0.989
43.555 43.852 -418.380 0.863
-46.902 -75.323 -316.944 0.957
34.198 98.374 -474.411 1.149
2.727 -64.793 -358.230 1.018
-53.666 -47.654 -349.592 1.053
88.576 95.307 -348.733 1.108
-12.848 14.121 -348.706 0.948
70.468 -6.677 -468.920 0.972
-9.354 -68.594 -358.601 1.076
-9.124 64.893 -311.699 1.051
32.358 19.849 -308.912 0.863
-33.654 -88.083 -408.246 1.248
-84.717 -33.253 -421.863 1.147
-87.451 -3.796 -483.255 0.887
-75.477 90.321 -383.389 1.069
-54.175 69.958 -470.229 1.034
49.360 -23.505 -471.285 1.117
88.294 -55.739 -450.412 1.059
-21.510 -84.036 -440.416 0.993
2.301 50.932 -429.875 1.020
2.772 90.846 -381.873 1.043
30.058 83.484 -496.114 0.940
60.511 79.068 -311.845 1.140
59.532 -41.711 -412.187 1.019
-80.985 -73.521 -447.124 0.932
-83.525 70.204 -483.781 1.212
88.659 -25.782 -415.507 0.950
-41.657 -1.864 -400.297 1.114
50.272 -45.357 -372.563 1.035
68.962 -7.695 -409.336 0.903
-48.589 -71.970 -335.414 1.012
0.978 -16.650 -447.112 0.932
-89.361 63.860 -303.971 0.927
-39.751 -29.883 -418.371 0.890
82.746 22.596 -372.703 1.021
4.363 79.904 -379.128 0.946
-29.494 -18.471 -345.702 0.986
-14.486 40.678 -377.320 1.107
-91.944 34.628 -428.651 1.071
-47.363 -32.107 -363.058 0.854
5.598 82.483 -482.659 0.862
37.275 29.310 -470.057 0.998
77.158 -49.901 -304.647 0.908
81.206 34.223 -488.526 0.876
94.758 66.380 -402.093 1.092
-9.961 -92.353 -394.279 0.843
52.316 89.439 -378.792 1.016
91.399 -37.313 -401.824 1.025
-91.002 86.612 -302.974 1.103
83.286 87.071 -324.458 0.968
13.683 -40.368 -350.269 0.938
26.388 -45.938 -492.334 1.045
-61.706 -3.745 -438.501 0.881
16.945 3.948 -347.771 0.731
-42.689 -64.777 -445.670 1.001
-21.155 47.979 -471.132 1.056
-78.496 -0.142 -374.322 1.037
33.142 94.992 -470.193 0.847
79.887 -83.214 -335.500 1.016
85.665 1.115 -472.792 1.010
-72.631 -17.581 -303.252 1.164
-82.815 -65.160 -434.304 1.089
-16.190 98.093 -321.540 1.091
69.958 78.559 -419.308 0.882
-22.336 88.885 -492.805 1.059
-23.367 17.533 -425.784 0.936
-44.006 -57.484 -357.799 1.013
47.384 14.379 -423.209 0.883
63.798 -89.223 -454.739 1.080
45.282 93.604 -491.048 1.026
-68.386 -35.173 -453.253 1.006
-49.894 -94.189 -423.776 0.834
-8.688 -38.523 -342.235 0.922
-25.757 84.086 -463.650 0.952
-59.676 96.926 -479.535 0.994
93.442 -47.681 -382.560 1.020
-15.470 -60.575 -310.561 0.941
7.139 -91.776 -325.824 1.132
-56.272 -66.489 -441.183 0.927
59.918 -72.418 -349.065 1.037
-64.740 -91.666 -353.467 0.982
11.518 -79.177 -311.864 1.165
36.192 -76.869 -446.328 1.148
26.723 -61.564 -471.218 1.107
17.309 -39.220 -388.766 1.019
87.468 -52.595 -496.362 1.021
-64.057 24.434 -319.215 0.880
27.507 -0.734 -367.005 0.877
95.373 -25.824 -395.615 0.940
14.256 -64.027 -413.595 0.796
-17.458 -94.299 -430.677 0.846
-19.374 -23.872 -473.217 1.009
20.007 11.231 -431.837 1.050
-28.752 14.891 -382.551 0.934
91.496 -51.760 -469.552 1.094
17.152 -2.707 -333.529 0.938
76.119 -28.984 -434.170 1.037
-95.954 -95.138 -369.426 1.045
28.961 17.021 -360.865 0.882
-94.712 1.105 -440.791 1.041
-85.746 -78.159 -403.449 0.905
-37.235 -26.656 -482.311 1.007
-23.602 96.084 -409.081 0.872
57.769 -9.276 -317.663 0.890
51.738 -14.525 -409.909 0.971
-57.361 -46.518 -477.513 1.029
-71.706 -53.491 -464.055 0.961
-60.548 2.425 -327.297 0.982
-38.332 -4.590 -413.936 0.920
-79.163 -84.168 -423.268 1.089
32.409 -51.018 -375.882 1.053
48.807 -20.614 -381.008 1.119
30.055 -24.928 -414.412 1.057
55.479 -60.280 -428.392 1.110
-68.531 -77.106 -354.159 1.043
-44.730 86.657 -441.940 1.011
56.305 -6.437 -498.137 1.023
74.518 22.190 -441.715 0.880
10.143 54.665 -445.967 0.998
-54.275 27.005 -339.500 1.027
28.192 -65.350 -394.813 0.961
-40.650 -80.906 -430.565 0.856
72.669 -78.402 -450.829 0.899
-10.622 -36.793 -321.026 1.168
80.709 -45.941 -413.820 0.925
-26.516 -89.892 -486.051 0.948
85.596 19.887 -335.386 1.030
90.642 9.380 -459.186 0.899
-20.727 83.114 -496.955 0.927
51.027 -3.093 -323.351 0.876
13.934 71.142 -418.053 1.151
11.132 44.148 -360.476 0.900
49.673 8.184 -311.846 1.001
-5.370 15.435 -469.749 1.051
-79.710 -41.057 -301.280 0.987
43.916 63.839 -474.445 0.939
96.226 -28.197 -430.461 0.993
-2.204 65.681 -383.543 1.147
-56.291 51.610 -473.891 1.025
7.219 67.392 -434.866 0.992
-25.525 37.834 -376.636 1.160
-7.836 70.712 -454.732 1.034
-33.587 -19.607 -307.705 1.041
10.011 65.720 -475.046 1.093
61.157 90.865 -447.819 1.108
29.883 -82.854 -336.978 0.878
-33.982 14.780 -367.875 0.989
-96.175 52.628 -433.660 1.149
-62.939 -61.972 -380.103 0.918
-57.054 73.698 -373.071 1.040
16.976 -72.561 -318.827 1.231
13.580 3.153 -474.612 0.901
-54.560 28.332 -468.455 1.055
-79.582 -28.933 -484.165 1.074
42.691 -12.425 -455.897 1.013
2.102 40.461 -463.515 0.998
-54.680 79.884 -337.330 1.072
-44.741 49.709 -401.736 1.076
76.377 74.042 -356.092 1.151
46.307 55.230 -455.890 1.034
91.363 91.089 -466.179 1.049
-12.570 -71.915 -344.959 0.839
-99.179 41.866 -495.393 1.256
42.173 12.748 -407.748 0.931
-61.446 -51.996 -442.258 0.903
24.372 23.747 -320.731 0.856
-95.564 -2.737 -339.735 1.201
-52.263 91.652 -388.713 1.067
-88.376 20.072 -416.546 0.973
-74.594 -52.638 -346.833 1.046
99.878 34.976 -498.887 1.039
-18.050 53.120 -436.783 1.079
19.587 13.170 -308.922 1.146
1.254 25.857 -478.562 1.028
-30.891 -71.822 -315.867 1.098
-51.169 -66.962 -360.596 0.976
-44.826 3.329 -326.934 0.985
58.467 -92.196 -483.743 0.980
-89.746 63.324 -389.266 0.875
56.721 -45.148 -347.024 1.032
29.802 27.518 -347.970 1.297
93.073 -65.628 -484.950 1.094
70.971 49.097 -375.350 0.904
4.268 51.362 -339.659 0.985
-69.287 -54.509 -368.080 0.946
11.923 15.682 -370.431 1.097
-46.032 41.652 -360.357 0.818
38.615 -62.287 -448.657 0.924
71.830 84.037 -354.127 0.988
-49.101 40.163 -316.076 1.119
-43.104 -13.196 -499.541 0.881
-95.214 52.846 -420.725 0.954
-3.556 10.042 -426.302 0.863
-51.857 -31.887 -383.912 0.890
-26.621 -99.531 -346.794 0.933
-49.900 19.542 -324.974 1.073
-17.716 95.216 -451.152 1.023
99.763 -7.746 -431.961 1.108
-86.114 -78.066 -438.845 1.007
57.221 -88.107 -484.220 1.080
-18.907 -77.335 -415.395 1.199
18.432 17.792 -347.068 0.768
81.124 -68.080 -415.039 0.951
99.408 75.239 -441.950 0.828
48.778 -69.031 -457.379 0.943
53.326 -85.974 -476.698 0.901
51.148 39.356 -323.695 1.030
-68.646 -26.679 -364.662 1.024
-61.153 48.437 -441.084 1.018
56.830 8.003 -441.658 0.927
60.955 37.199 -340.289 1.091
-36.847 -62.924 -420.103 1.024
77.133 75.377 -325.593 0.954
57.465 60.668 -411.467 1.066
42.334 -8.108 -391.384 1.132
-9.302 -67.350 -446.102 1.115
63.181 -5.269 -450.597 1.067
-82.683 73.855 -454.852 1.148
-4.702 -60.542 -404.876 0.962
96.987 35.742 -398.423 0.838
-83.693 -74.405 -399.337 1.014
27.435 75.950 -362.691 0.860
-80.965 26.106 -301.341 1.074
40.309 -30.016 -404.914 0.762
2.681 48.636 -398.285 0.942
70.714 -21.653 -422.695 0.962
-33.386 -30.354 -496.040 1.033
76.920 -55.138 -417.409 0.794
-14.103 7.146 -411.012 0.929
89.234 13.810 -377.502 1.092
16.494 -11.455 -379.298 1.160
-5.036 -27.014 -351.036 1.168
-94.536 -95.622 -304.952 0.923
-56.484 -36.791 -483.482 0.747
-38.191 -24.169 -370.658 1.039
18.337 18.503 -369.855 1.018
17.390 -69.377 -422.516 1.040
-5.625 -42.187 -444.281 0.984
-68.086 -6.463 -479.465 0.846
-85.031 92.313 -482.812 1.018
-50.887 40.704 -397.386 0.967
1.772 96.384 -454.888 0.870
12.552 -58.537 -402.060 1.092
-22.383 45.765 -461.222 0.775
33.707 84.841 -490.290 1.054
-0.516 84.143 -377.302 0.926
-0.501 -69.820 -464.245 0.966
-79.225 -65.308 -352.335 0.904
36.686 -44.757 -487.519 1.110
-74.753 66.504 -490.131 1.046
-81.260 -23.426 -313.113 1.053
69.427 -31.404 -468.654 1.025
20.447 -35.765 -343.888 0.927
50.541 -52.152 -378.136 0.989
26.756 45.539 -304.857 0.941
79.005 -67.491 -310.262 1.120
94.059 2.571 -352.143 1.003
-67.016 -46.317 -477.041 1.053
52.760 -22.379 -346.090 1.039
-57.244 53.656 -453.480 0.783
56.607 2.863 -317.418 0.937
80.782 -47.106 -383.493 0.914
91.814 -63.526 -401.828 0.898
-1.225 97.724 -499.343 1.132
-4.595 24.404 -472.585 0.896
-19.889 84.147 -355.248 1.193
-44.817 34.475 -300.383 0.906
-77.699 -13.016 -460.136 0.907
-29.459 -16.220 -333.329 0.844
-16.290 -64.305 -453.762 1.210
-92.764 49.520 -470.435 1.044
77.483 -40.512 -397.613 0.915
37.618 -77.915 -369.038 1.048
-73.371 16.195 -331.082 0.984
-29.856 37.812 -433.297 1.056
33.200 -57.553 -314.204 0.980
93.603 -38.122 -336.913 0.989
69.413 -34.053 -441.415 1.054
-1.684 13.189 -307.753 1.175
52.666 65.268 -358.990 1.090
16.215 1.391 -456.039 0.902
5.555 -86.174 -411.371 1.015
-30.711 -52.728 -303.637 0.892
-53.612 88.969 -324.760 0.930
-30.427 51.995 -479.581 0.984
39.602 -8.694 -335.215 1.082
76.043 -87.201 -355.438 1.031
15.811 17.060 -468.852 0.906
5.018 52.430 -327.463 0.887
93.157 -25.108 -439.081 1.023
-62.065 -25.558 -468.136 1.100
-78.906 -78.279 -354.693 1.092
-73.051 -64.627 -336.454 1.247
67.047 38.383 -370.768 1.094
-94.101 -15.129 -303.821 0.994
62.014 20.385 -482.363 1.086
69.709 80.611 -410.781 1.170
99.682 69.631 -415.988 0.883
-62.226 -12.966 -441.761 0.890
-94.198 31.001 -308.839 0.980
21.640 -53.665 -397.025 0.810
23.624 45.872 -397.342 1.262
65.535 -0.189 -370.309 1.017
64.962 -50.452 -368.734 0.939
-37.661 96.358 -418.426 1.032
36.892 -28.682 -471.735 1.165
37.893 -13.117 -309.702 0.906
-43.233 -33.395 -360.178 0.995
-27.985 -15.184 -403.404 0.950
-69.360 -74.777 -382.874 1.051
33.460 -93.418 -384.641 0.767
-28.064 -40.963 -450.726 1.103
-49.448 -87.333 -370.126 1.248
-70.537 -81.605 -412.614 0.972
65.230 -96.609 -375.515 0.964
49.003 -28.907 -428.668 1.119
-45.050 97.544 -441.272 0.945
-40.119 -16.629 -495.324 1.132
-41.357 -41.909 -324.519 1.249
-93.393 27.939 -491.913 0.999
82.991 -16.761 -306.558 0.975
70.197 35.142 -444.864 1.124
-33.732 94.785 -460.707 0.900
-71.590 77.518 -426.145 1.155
56.774 45.592 -447.978 0.962
-21.654 -34.435 -455.578 1.075
-72.889 16.671 -380.014 0.971
-14.306 16.795 -358.224 0.893
-93.593 14.298 -468.396 1.064
98.399 38.426 -322.264 1.110
79.287 38.033 -369.775 1.143
-80.370 56.896 -304.904 0.905
29.865 25.279 -467.495 1.092
-22.729 -45.685 -415.732 1.026
-46.027 -22.882 -434.644 0.888
-15.659 -27.536 -481.834 1.040
15.327 31.895 -412.824 0.982
27.524 -99.673 -495.425 0.981
99.152 -52.420 -491.024 0.864
-16.977 71.969 -321.910 0.939
96.184 29.477 -447.705 0.780
73.714 10.603 -455.764 1.190
8.160 78.197 -327.109 0.977
-91.996 -12.523 -463.342 0.899
-0.847 1.357 -320.526 0.918
-50.466 98.088 -365.912 0.908
89.776 58.441 -306.358 1.161
36.938 -56.922 -440.392 1.102
-66.419 -98.794 -461.670 1.084
15.808 23.506 -400.894 1.010
-93.092 -16.215 -324.198 1.048
54.810 -27.668 -338.086 0.928
38.199 36.444 -319.491 1.020
8.230 77.111 -397.863 0.844
-85.926 79.205 -310.134 1.003
76.293 37.355 -456.106 1.085
40.977 -0.816 -310.808 1.022
-95.297 93.648 -445.901 0.797
25.984 14.901 -408.667 0.820
9.468 38.547 -364.288 0.872
56.238 37.167 -463.307 0.972
-71.519 93.051 -309.530 0.851
-11.514 -12.471 -448.920 0.784
86.023 -28.948 -481.652 1.099
-45.924 -28.128 -304.376 1.201
12.144 -0.666 -330.494 0.975
-20.575 -34.088 -310.366 0.990
92.633 -45.295 -395.718 1.150
-14.502 -79.757 -472.023 1.044
-26.528 40.005 -356.370 0.960
62.011 -43.304 -426.789 1.036
83.461 0.050 -415.845 1.001
64.622 61.276 -423.161 0.954
77.800 -40.289 -382.550 1.029
36.103 33.053 -357.655 0.890
59.236 36.386 -436.658 0.990
-63.222 37.796 -478.332 0.983
67.892 -97.313 -373.884 0.986
90.030 31.242 -376.720 0.936
59.350 78.393 -443.196 0.974
-97.329 -19.316 -340.840 1.119
-26.625 42.853 -336.433 0.956
68.902 -21.864 -306.832 0.976
73.734 98.339 -373.340 0.828
67.104 63.237 -371.125 0.924
20.671 52.274 -415.692 0.963
55.283 -18.324 -458.800 0.994
54.756 38.835 -369.345 0.870
-62.041 23.821 -440.613 1.090
82.971 -52.081 -300.562 0.732
-17.905 -46.641 -392.063 0.917
57.215 -64.121 -476.094 1.016
-62.129 -0.886 -337.977 1.101
62.559 54.373 -353.146 1.013
75.466 70.757 -389.820 0.805
69.749 78.604 -497.009 1.074
-49.133 -40.228 -317.583 0.908
-98.730 -40.340 -323.546 0.872
7.490 30.590 -480.199 0.980
-86.522 -56.593 -395.712 1.075
-24.614 61.742 -474.837 0.922
-46.696 -71.665 -469.433 0.855
-1.530 -22.589 -342.017 1.087
-59.830 45.923 -381.772 1.026
-57.014 -42.944 -379.845 1.040
70.278 -91.479 -452.822 0.939
-57.510 -88.074 -388.143 1.004
35.812 22.865 -418.587 0.941
6.977 -69.639 -348.490 0.970
-86.485 -42.916 -495.796 1.119
9.349 -31.819 -473.010 1.246
-15.739 -49.410 -382.464 0.962
-74.816 -81.468 -394.618 1.010
82.988 -48.661 -400.785 0.855
-59.337 34.063 -458.386 0.906
5.586 -39.435 -441.597 1.163
82.279 -36.755 -492.806 0.981
54.163 -91.720 -439.972 0.981
-85.749 42.005 -371.009 0.876
-12.668 98.839 -468.411 1.001
72.585 -81.409 -411.188 0.893
75.917 91.600 -329.855 1.050
-36.754 -96.812 -461.179 1.189
63.214 -80.121 -338.040 0.969
74.423 46.709 -340.562 1.000
-43.586 64.772 -425.465 1.149
38.737 2.194 -407.975 0.891
22.447 47.634 -423.358 0.976
89.367 10.034 -464.012 1.093
-82.364 58.385 -413.848 0.980
84.612 -52.541 -441.603 1.006
-15.784 22.407 -387.202 0.996
-55.345 49.515 -452.247 0.859
0.625 -11.441 -423.594 1.227
20.964 99.870 -328.724 0.898
18.556 15.601 -313.583 1.081
-85.075 -88.066 -380.886 1.062
64.472 -26.171 -451.435 0.878
-74.451 84.142 -432.592 1.137
-17.564 -25.216 -322.996 1.039
12.241 -75.406 -472.871 0.838
-56.194 -81.240 -313.042 0.935
87.266 -46.643 -337.709 0.940
-10.090 -50.223 -439.998 1.125
76.697 90.706 -375.897 0.996
-39.296 94.446 -494.583 1.084
-85.615 -2.913 -422.192 0.943
-37.635 26.024 -471.178 1.004
5.004 6.953 -443.866 0.823
-26.501 -75.436 -395.027 1.214
15.272 76.302 -346.644 1.035
86.812 60.631 -396.694 1.022
50.289 -23.065 -486.409 1.026
-4.712 -98.002 -307.811 1.069
-46.930 54.897 -496.480 0.921
-30.706 -76.679 -311.824 0.922
-55.291 -27.990 -345.534 1.040
32.569 -6.321 -338.623 1.002
-27.780 97.180 -470.295 1.050
42.322 36.952 -372.003 0.957
86.293 -65.113 -436.755 0.924
-0.036 74.572 -327.066 1.103
43.168 -35.470 -324.339 0.913
0.422 -28.604 -480.323 1.089
-42.021 5.633 -406.284 0.950
16.607 19.810 -415.177 0.923
-47.450 70.515 -337.995 1.281
15.446 27.376 -313.697 1.093
2.247 -18.652 -452.293 1.009
35.874 32.140 -365.583 0.986
-65.226 -16.407 -444.772 1.062
98.010 64.727 -329.089 0.929
17.859 -42.123 -396.415 1.028
-86.581 22.673 -424.566 1.144
-47.589 46.400 -307.853 0.883
32.075 80.095 -371.906 1.092
-50.016 -83.396 -377.819 1.063
12.760 52.541 -369.866 0.928
-95.287 -10.762 -431.020 1.255
38.135 27.615 -346.316 1.159
88.738 84.322 -445.952 1.014
-83.691 53.339 -365.190 0.897
-78.388 37.906 -486.872 1.007
-87.564 54.299 -362.603 0.936
11.584 -93.521 -358.239 0.851
55.132 52.017 -301.277 0.988
-67.333 99.208 -467.136 1.024
-76.517 -52.740 -345.735 1.105
-88.328 -47.887 -472.872 1.094
10.372 -59.801 -337.947 0.870
-9.153 -86.823 -462.986 1.139
8.407 6.360 -453.904 1.067
89.310 -29.249 -494.933 1.005
64.929 -30.285 -322.328 1.032
-90.197 -42.735 -412.585 0.945
96.802 -4.353 -480.981 1.129
7.852 94.647 -454.555 1.067
-50.574 40.632 -352.359 0.967
-33.837 -97.768 -344.932 0.855
96.588 -12.427 -450.915 1.127
-85.341 -74.544 -377.307 0.967
11.553 19.355 -390.406 0.830
-82.578 58.692 -359.758 1.279
-95.493 -22.684 -491.030 0.973
-85.719 -89.016 -302.462 0.952
-76.092 -71.814 -332.161 1.056
91.271 -85.159 -365.134 0.979
-45.948 -53.401 -380.306 1.136
-28.968 94.250 -426.662 0.955
39.874 -91.302 -376.651 1.046
58.214 33.746 -496.467 0.948
-38.525 11.101 -319.326 0.855
-87.615 63.242 -344.256 1.058
73.538 82.749 -431.180 1.008
-67.908 -18.703 -472.717 1.044
-57.171 45.543 -392.210 1.050
-52.884 10.100 -445.171 1.011
-5.211 21.912 -301.115 1.051
68.884 13.914 -408.878 0.792
60.592 16.882 -460.261 0.924
-99.263 -57.583 -352.964 1.073
-62.549 5.777 -325.299 1.060
59.556 -62.417 -432.935 0.959
29.717 78.785 -406.265 0.902
76.229 -76.754 -372.683 1.027
76.627 -14.279 -414.054 1.058
-4.277 45.152 -437.242 1.066
38.813 31.668 -396.207 0.918
-43.534 -8.970 -410.824 1.057
-75.103 -7.948 -383.493 0.907
-43.103 1.527 -363.445 0.914
89.859 -93.930 -383.028 0.940
-41.274 -55.805 -425.365 1.191
94.977 81.044 -496.844 0.981
45.341 35.354 -418.040 1.018
91.880 -83.799 -498.323 1.061
70.986 -41.698 -498.179 0.897
9.912 95.857 -322.017 1.162
-18.408 -13.657 -370.664 0.822
68.174 10.605 -381.630 1.018
-87.233 74.144 -421.397 0.849
82.150 -3.201 -351.884 1.084
-35.056 -1.927 -348.878 0.916
53.432 -85.273 -407.222 1.027
-7.060 17.712 -493.719 1.055
-62.955 66.417 -434.325 0.933
-96.219 16.259 -327.692 1.043
49.078 3.618 -315.812 0.962
-10.729 24.963 -383.748 1.097
-60.379 -64.474 -326.093 1.266
-90.447 -88.191 -482.170 1.033
55.420 -35.045 -470.302 0.977
-80.270 -85.718 -497.736 1.009
-42.906 88.502 -313.120 0.862
5.517 34.257 -464.883 0.771
61.685 -67.478 -479.066 0.940
43.324 -85.021 -380.378 0.882
-89.853 -47.218 -492.702 0.979
72.833 -99.171 -332.351 0.957
-19.774 71.083 -491.236 1.052
31.532 -11.407 -432.128 0.989
22.468 2.569 -445.121 1.087
55.754 -27.691 -409.138 1.064
79.826 -36.160 -359.841 0.982
-26.172 96.884 -434.530 1.081
27.366 -98.383 -480.225 0.988
54.857 11.065 -397.131 0.887
-23.378 6.838 -490.740 1.020
51.288 54.774 -499.372 1.053
-50.191 99.608 -472.350 0.976
22.304 55.894 -319.753 0.942
-17.063 21.796 -402.307 1.147
83.883 -64.802 -397.370 0.980
11.471 -37.136 -449.918 1.000
11.659 45.559 -439.047 0.941
-5.075 -76.865 -423.892 0.996
-27.847 60.384 -459.024 0.938
-63.945 81.444 -483.384 1.131
95.536 -73.920 -460.523 0.911
73.833 -92.944 -495.823 1.042
-22.542 -82.441 -349.691 1.158
26.167 -34.814 -325.167 1.105
-72.040 3.928 -490.392 1.105
67.890 -23.729 -487.343 1.111
34.898 0.577 -423.963 1.007
-81.730 99.164 -495.711 1.188
24.147 90.406 -414.399 0.797
95.898 99.542 -357.382 1.035
-61.154 -45.961 -408.208 0.894
-77.393 15.059 -370.496 0.941
-84.199 -80.334 -488.899 1.144
-13.189 6.256 -343.451 0.915
-72.553 -13.242 -418.688 0.794
-29.378 -50.099 -457.438 0.843
-32.065 -11.046 -463.360 1.201
-30.030 -48.810 -321.389 0.846
-67.261 -1.365 -332.946 1.008
18.925 97.139 -349.672 0.783
-48.675 -46.793 -442.873 0.993
-26.530 64.982 -452.305 0.929
3.154 -3.180 -407.061 0.960
-29.784 95.758 -415.067 0.943
-58.050 -77.197 -461.958 0.993
86.397 38.182 -377.992 1.050
-47.129 -75.017 -457.929 1.126
-93.459 83.273 -397.989 0.963
83.620 -28.290 -398.760 0.992
-47.281 69.587 -328.390 0.931
88.741 58.479 -338.743 1.119
64.757 -44.660 -393.125 1.070
-67.018 -59.515 -482.059 0.978
-1.592 -95.377 -454.066 0.948
-0.852 52.815 -301.639 0.894
78.287 -28.876 -355.764 1.162
78.308 -3.030 -312.729 0.820
-23.770 79.589 -302.308 0.834
-94.073 20.847 -413.393 0.946
-70.830 -62.074 -343.773 0.935
-95.450 23.214 -425.899 1.026
74.000 17.636 -452.357 0.976
82.188 74.579 -458.558 0.990
12.870 -0.764 -312.148 0.960
53.744 -5.132 -463.532 1.025
-34.642 -23.586 -416.176 0.755
-96.944 -61.709 -492.804 0.930
53.595 71.424 -402.693 1.024
5.772 -12.587 -471.578 1.035
65.259 10.843 -395.228 0.935
4.232 4.844 -413.983 1.120
-79.895 -14.618 -355.797 0.983
-48.194 16.312 -452.639 1.116
-34.977 -72.708 -331.620 1.035
18.730 -37.985 -306.060 1.013
63.737 -74.355 -471.734 1.053
-24.696 79.179 -403.785 1.039
-83.348 90.675 -478.904 1.182
61.810 -94.444 -364.670 0.989
72.814 47.408 -386.897 0.960
-5.832 90.344 -317.296 0.978
-83.662 91.231 -449.742 1.211
-28.186 -1.579 -481.378 1.034
-64.241 92.318 -347.337 0.982
12.262 -95.634 -437.693 0.887
-55.291 -0.489 -492.486 1.143
48.610 -2.420 -366.921 1.155
25.376 -91.751 -457.389 1.054
-19.827 -0.851 -408.973 0.857
87.565 -93.065 -322.251 0.892
-40.548 60.873 -368.456 1.012
50.501 -33.536 -342.121 1.086
-21.536 -50.872 -404.112 1.069
-75.969 31.570 -316.275 1.238
64.296 -1.849 -331.502 1.039
-17.467 -23.249 -494.237 1.058
52.756 -58.640 -321.135 1.037
-13.399 -53.327 -318.733 1.055
9.989 33.101 -395.478 1.101
17.783 -25.593 -400.350 0.945
-94.175 -79.897 -335.324 1.126
-3.898 9.440 -330.391 0.939
89.724 42.706 -414.306 0.921
-39.293 -47.013 -408.955 1.074
15.057 -51.416 -314.031 0.928
71.103 -20.855 -468.006 1.116
18.329 40.077 -383.545 1.070
59.851 -16.618 -476.319 0.991
66.603 81.589 -348.873 1.149
-62.638 26.683 -315.085 0.991
59.704 -97.169 -471.491 1.049
-96.953 -39.352 -358.495 0.910
-85.131 95.199 -406.523 1.169
-76.601 -95.479 -427.313 0.890
84.496 -65.344 -476.555 1.105
-94.874 22.766 -358.982 0.967
-16.470 3.809 -314.686 1.142
57.748 -87.199 -393.971 1.018
54.712 -1.316 -368.743 1.001
-24.898 -22.080 -325.794 0.944
-96.112 44.453 -444.620 0.908
-63.434 74.787 -473.093 1.117
-76.614 85.158 -344.743 1.120
34.185 77.848 -435.321 1.028
-46.890 -81.503 -415.042 0.901
51.950 -17.327 -331.923 0.873
-86.909 17.537 -358.540 0.974
71.999 -59.859 -450.641 0.816
-68.595 -39.180 -354.148 0.920
-90.026 -71.350 -371.033 1.074
2.824 -96.942 -394.895 0.947
-40.373 -17.122 -319.001 0.991
-42.049 83.705 -316.046 1.088
35.701 71.007 -429.229 0.962
68.058 39.055 -411.865 0.929
85.950 13.156 -424.722 1.073
-16.451 12.812 -404.099 1.053
30.629 26.070 -482.220 1.028
-33.017 -30.590 -377.452 1.121
-64.174 25.066 -383.340 1.024
40.690 -37.026 -450.180 1.022
21.679 97.854 -465.088 0.859
-65.081 90.786 -306.103 1.279
-97.947 69.232 -370.944 1.046
99.728 67.380 -460.085 0.957
-82.454 -7.376 -484.961 0.829
-75.465 66.917 -434.234 1.061
74.944 29.461 -483.329 0.963
38.586 -80.193 -459.352 0.949
74.453 -15.914 -384.725 1.037
-30.367 42.676 -384.574 1.117
-7.674 -32.713 -432.748 1.171
-29.403 -56.583 -428.976 1.025
-74.156 95.027 -323.081 0.929
-26.457 66.133 -426.230 0.970
52.885 63.509 -469.317 0.971
64.013 -98.583 -495.694 1.185
-46.764 -98.844 -440.880 1.088
39.433 -95.915 -451.445 0.918
85.085 29.318 -344.038 0.975
31.146 -91.634 -434.511 1.130
29.124 67.662 -334.584 0.979
89.142 -43.903 -314.330 0.763
-86.033 66.266 -483.367 0.999
64.711 71.329 -470.973 1.174
73.073 34.097 -379.727 0.928
55.733 -95.484 -488.613 1.019
-39.752 11.577 -336.994 1.030
-47.675 18.575 -402.321 0.919
14.759 -67.995 -414.954 1.091
-49.078 18.336 -305.557 1.067
30.241 52.184 -314.425 0.974
63.437 56.255 -477.551 1.028
55.396 -8.939 -462.238 0.933
-13.003 70.430 -397.551 0.999
52.276 -9.757 -412.565 0.970
-87.237 96.581 -392.395 1.098
27.262 -41.519 -320.543 0.955
-19.096 99.895 -432.040 0.896
61.901 -41.057 -397.005 1.234
90.920 63.040 -444.779 1.114
23.804 -28.561 -463.160 0.801
47.401 77.907 -353.752 0.929
45.375 8.934 -378.031 1.029
-66.524 -28.136 -403.232 1.019
33.088 -90.066 -323.418 0.939
-34.831 -72.560 -457.387 1.078
-67.158 38.868 -400.830 1.107
-29.125 27.531 -362.358 1.113
-71.955 24.077 -338.151 0.834
-11.236 -50.231 -334.367 1.050
29.850 -87.553 -402.214 0.936
-20.163 -93.122 -464.453 1.083
80.481 98.335 -381.144 1.092
-73.758 74.428 -462.892 0.960
47.895 -67.635 -376.376 0.842
-51.309 -54.909 -433.963 0.914
-37.258 33.678 -343.349 0.979
92.848 38.151 -466.205 1.036
28.538 -84.289 -466.524 1.032
-8.208 -54.021 -435.799 1.053
21.740 -83.382 -325.178 1.014
15.600 18.055 -359.545 1.153
-34.057 69.866 -333.355 1.117
-18.320 -51.332 -426.478 1.123
19.725 -89.000 -345.045 1.143
27.872 -97.433 -405.178 1.025
-43.203 -67.713 -300.441 0.866
64.668 90.050 -370.572 0.979
-42.553 -56.635 -360.292 0.951
53.232 26.648 -303.258 0.952
-34.825 16.985 -417.165 1.128
8.482 89.428 -399.275 0.875
13.715 -62.657 -437.759 1.101
-61.294 -30.973 -470.387 0.963
-69.438 -27.928 -450.986 0.983
89.959 78.266 -499.408 0.902
-93.867 -18.608 -315.690 1.023
-23.361 21.466 -375.799 0.979
97.407 79.061 -436.606 1.211
8.438 21.318 -404.465 0.926
-42.224 -11.137 -314.496 0.922
57.471 64.619 -459.210 0.995
45.534 -40.966 -454.745 0.907
5.527 62.124 -390.926 1.105
72.623 -48.536 -453.905 1.021
84.188 -39.038 -452.250 0.891
95.495 41.370 -478.775 0.916
-51.763 -38.701 -324.424 1.002
74.154 -28.087 -333.950 0.976
-18.791 35.912 -368.462 1.094
-29.938 5.081 -483.184 0.912
75.464 -81.700 -413.481 0.946
48.913 75.154 -301.808 0.826
-76.165 71.067 -406.371 0.976
14.164 75.227 -340.848 0.911
-17.317 43.864 -322.430 1.018
24.193 -70.124 -376.331 1.072
-97.408 -12.031 -421.069 1.090
-13.838 -76.130 -348.903 1.018
14.883 54.015 -396.157 1.055
-43.364 -86.246 -488.274 1.048
28.415 15.035 -363.359 0.975
38.274 -25.599 -384.893 1.196
-68.218 15.460 -385.632 1.024
91.597 37.611 -466.495 1.148
3.252 -12.024 -409.251 0.724
43.991 91.865 -351.184 0.940
28.612 -1.811 -354.390 1.008
3.677 73.711 -329.444 0.907
-26.813 -38.441 -452.185 0.955
-2.855 93.782 -302.248 0.877
-20.141 -47.477 -443.353 1.105
11.336 -94.887 -359.159 1.068
22.939 42.331 -452.468 0.930
-81.960 33.669 -386.100 1.126
56.594 59.584 -456.251 1.011
-9.724 -42.877 -435.961 1.113
-4.202 39.201 -417.703 1.055
-89.605 14.140 -464.846 0.935
95.466 -10.653 -371.967 1.039
-40.198 8.173 -411.065 0.828
-89.874 33.032 -318.635 0.942
-25.170 -68.720 -482.361 0.976
69.064 -74.474 -331.591 1.001
-57.407 -17.343 -470.493 0.864
31.428 -49.873 -472.832 0.897
-48.880 42.617 -497.601 1.053
67.499 -27.626 -375.967 0.892
70.512 -64.783 -481.802 0.966
-46.631 -23.293 -447.323 1.056
-4.965 -68.218 -335.431 0.948
-65.383 78.584 -464.752 1.125
86.739 -17.963 -483.326 1.015
96.573 -97.424 -345.555 1.189
-99.319 42.679 -312.318 1.069
27.008 26.429 -482.803 0.852
-29.594 2.433 -417.443 0.958
37.272 -8.015 -329.989 1.011
-62.239 31.710 -428.893 0.775
38.768 -20.913 -307.562 0.913
10.750 74.866 -303.850 0.850
