31.490 -98.503 -490.398 0.981
66.174 63.907 -340.371 0.917
-71.382 50.048 -421.015 0.951
59.427 68.733 -468.350 1.190
96.320 28.594 -385.279 1.050
-75.116 47.708 -316.541 0.949
95.701 36.229 -478.163 0.951
-36.445 99.048 -420.848 0.813
-66.813 66.276 -443.285 1.121
-95.678 -69.546 -481.503 1.034
-77.964 94.166 -464.280 1.142
10.170 74.710 -331.110 1.176
-46.117 47.354 -472.295 0.848
-50.059 26.285 -483.193 0.958
39.020 65.436 -385.117 1.125
57.083 62.030 -442.742 1.029
-18.001 -99.619 -350.052 1.094
97.488 -51.333 -498.820 1.060
72.696 30.412 -376.251 0.910
69.497 58.807 -449.977 1.017
-31.322 81.767 -340.437 1.050
27.803 61.370 -365.358 0.997
96.903 -73.115 -347.856 0.975
78.293 59.257 -417.772 1.023
-28.625 -6.109 -483.248 1.048
53.840 -26.759 -360.957 1.138
-84.052 -30.888 -354.889 0.969
30.088 -20.189 -331.904 1.097
26.228 6.809 -442.174 0.930
-51.988 93.431 -311.836 0.889
67.210 37.970 -373.123 1.045
46.253 -96.924 -441.176 0.866
73.159 -28.245 -374.999 1.075
61.474 77.400 -398.395 0.988
2.169 -9.826 -474.689 0.986
3.565 -45.927 -379.699 1.105
61.323 79.153 -422.711 0.944
12.070 83.899 -451.881 1.126
-39.175 -10.353 -326.317 0.907
-64.645 0.680 -480.888 1.024
-86.395 21.776 -411.164 1.168
-14.109 14.832 -369.731 0.961
-69.847 4.917 -406.207 0.901
47.119 -78.297 -466.667 1.021
-50.466 41.544 -428.063 1.228
-41.904 56.462 -300.071 0.936
-58.091 -63.023 -362.741 1.139
-27.631 -31.822 -323.699 0.862
92.480 57.850 -324.415 0.994
90.773 -36.612 -390.628 0.820
60.895 39.514 -497.067 1.033
60.811 86.082 -472.143 0.948
97.831 -23.696 -422.293 0.874
-52.870 -35.414 -465.396 0.856
81.188 51.487 -447.670 1.200
90.705 -56.228 -463.648 1.130
-67.989 -1.470 -374.919 0.861
8.054 85.443 -453.867 0.920
-24.911 47.261 -367.686 1.111
46.724 48.101 -342.191 1.105
-80.012 -10.099 -388.633 0.879
-82.683 36.242 -331.840 1.020
81.531 7.365 -410.073 1.093
-76.172 -63.261 -376.394 1.038
84.927 66.429 -374.740 0.886
-13.026 -31.087 -437.513 1.008
-82.974 -29.532 -401.243 1.013
18.459 -6.035 -432.179 1.020
4.886 32.811 -331.037 0.780
-62.733 18.856 -356.269 0.906
-47.966 60.595 -376.439 1.144
-72.858 -37.514 -420.564 1.012
90.612 -19.410 -353.789 1.097
-12.815 20.126 -335.864 0.907
-71.135 -56.248 -390.115 1.044
-26.531 37.864 -318.871 1.001
-94.709 -60.597 -401.804 0.932
58.431 0.651 -466.260 0.955
-65.986 -54.144 -338.060 0.862
37.859 -82.305 -401.833 1.049
-57.230 51.889 -377.379 0.794
-94.031 -57.293 -398.622 1.097
-71.816 90.900 -461.641 0.987
61.798 -43.494 -431.610 0.984
-49.688 6.250 -409.526 0.945
-15.117 42.035 -428.892 1.049
50.303 -62.097 -392.543 1.110
-95.396 1.080 -445.980 1.144
59.208 -67.336 -395.402 0.830
-5.487 -39.729 -494.849 1.039
-57.330 -63.171 -472.843 0.879
92.418 76.990 -475.518 0.953
-33.588 96.467 -309.793 1.069
74.311 0.827 -489.072 1.017
98.127 96.243 -484.165 0.883
58.006 5.763 -495.787 0.966
-89.737 16.035 -301.804 1.059
66.983 89.625 -457.016 1.146
-53.393 -8.588 -339.679 1.025
26.465 -27.136 -304.184 0.806
-85.963 -32.265 -343.909 0.932
-9.476 -38.086 -451.249 1.205
-65.539 4.383 -444.595 0.891
-63.336 -66.772 -353.063 1.104
-12.639 -31.430 -321.516 0.962
47.395 -92.193 -347.432 0.794
25.587 6.311 -378.394 1.086
-75.651 63.545 -459.922 0.985
-95.594 28.274 -447.156 0.948
96.592 96.875 -367.161 0.781
73.218 -39.840 -409.046 1.015
-52.572 80.280 -380.992 1.069
-55.522 88.406 -445.374 0.918
-26.289 78.860 -492.434 1.025
20.512 -80.197 -361.271 1.066
17.375 -93.453 -400.069 1.015
29.715 -59.410 -313.446 0.993
-73.404 84.196 -447.216 1.040
-77.586 64.776 -446.407 0.976
-95.048 -47.921 -408.969 0.967
-60.488 50.668 -305.714 0.895
-70.173 75.985 -452.668 1.039
5.834 9.975 -410.434 1.041
79.971 73.760 -337.961 0.896
-65.616 81.921 -482.220 1.106
73.985 77.589 -327.453 1.112
87.985 77.403 -386.047 1.017
-14.283 -60.779 -466.321 1.051
-18.090 74.027 -378.895 0.889
21.692 -59.607 -332.124 1.186
-5.078 -89.124 -368.676 0.959
26.291 -83.970 -436.081 0.981
-89.583 13.076 -494.191 1.099
13.554 23.299 -404.232 1.032
-76.942 88.329 -351.475 0.825
92.291 -84.481 -372.303 1.009
-6.062 30.187 -412.766 1.164
-83.797 -65.986 -359.823 1.045
68.647 93.447 -341.697 0.955
-65.626 -44.876 -325.620 1.107
59.589 -20.305 -416.692 1.035
-13.208 -30.600 -412.726 1.000
-9.339 -93.071 -360.743 1.202
29.347 -44.154 -474.316 0.943
35.167 -97.243 -302.360 0.764
10.355 -97.195 -494.317 1.110
77.986 -98.249 -387.500 0.922
8.953 65.896 -345.081 0.925
-28.638 57.119 -318.421 1.005
-1.302 -20.671 -350.655 0.815
-69.215 -96.146 -313.371 0.777
82.221 -77.807 -321.417 0.894
69.112 -40.619 -323.184 0.944
50.366 48.624 -304.972 0.945
62.530 19.424 -403.556 0.964
-45.284 30.830 -368.964 1.043
46.543 -85.944 -463.592 0.921
-63.420 -68.562 -336.157 0.993
65.938 64.930 -384.029 0.943
-54.044 -41.497 -457.285 0.888
-81.605 57.656 -327.098 0.928
-36.682 42.484 -352.354 1.000
19.017 22.326 -440.866 0.858
-78.586 -3.904 -353.737 0.977
72.586 -3.183 -307.605 0.821
-17.732 -71.066 -470.134 1.002
71.735 -12.287 -351.598 0.870
-0.326 -80.785 -448.188 0.990
51.408 46.723 -478.317 0.869
-49.961 89.938 -493.756 1.073
49.567 16.403 -365.507 1.108
-10.232 -19.639 -476.548 1.052
89.181 29.820 -451.799 1.003
10.556 -68.214 -462.245 0.885
79.153 -28.019 -306.642 1.206
87.477 73.861 -345.425 1.087
-8.232 -53.818 -333.144 0.844
90.042 23.538 -382.986 1.029
92.695 -74.914 -358.423 1.093
-64.981 39.673 -403.462 0.902
15.517 -79.091 -445.526 0.866
28.995 -56.438 -359.741 0.902
-73.887 -31.703 -317.284 0.992
63.881 -89.900 -472.748 1.105
-69.996 -13.741 -432.117 0.997
-74.118 92.602 -382.518 0.903
-66.431 -77.346 -443.350 1.018
-74.639 56.638 -483.987 1.064
-21.779 -3.988 -429.596 0.981
-97.088 56.863 -364.315 0.987
39.957 25.590 -436.064 1.002
49.855 -12.796 -427.125 0.881
-10.448 64.825 -441.300 0.988
-41.609 1.052 -358.110 1.061
84.611 -35.015 -465.659 1.118
-11.935 97.095 -319.690 1.159
-85.251 86.900 -319.382 0.881
61.981 -83.683 -477.847 1.066
23.534 45.648 -345.415 0.944
-70.785 62.407 -469.816 0.915
98.501 -27.286 -353.588 1.010
60.682 97.614 -477.861 1.018
45.291 61.927 -429.911 0.987
51.429 60.172 -359.928 0.936
91.135 -38.123 -489.291 0.846
-90.371 15.772 -415.835 0.968
73.331 80.964 -387.614 1.082
-98.177 33.400 -491.914 0.965
-13.285 13.826 -328.581 1.112
76.480 50.397 -305.246 0.988
6.764 -53.740 -344.437 1.024
84.125 32.339 -311.870 0.902
-55.434 11.430 -346.994 1.141
-47.344 73.542 -358.067 1.070
41.015 89.255 -422.883 1.123
69.721 14.823 -313.625 0.974
63.466 -38.057 -343.456 0.922
48.736 17.161 -335.657 1.093
37.869 74.339 -471.785 0.977
65.988 99.988 -419.834 0.890
6.641 93.158 -319.767 0.904
-59.988 59.193 -428.917 1.185
-59.355 -54.241 -324.768 1.046
-61.133 66.856 -455.315 1.152
37.543 78.192 -320.294 0.938
-71.699 67.406 -397.607 1.019
-99.500 69.852 -355.240 0.861
85.297 -27.899 -440.085 1.018
99.790 -12.739 -413.366 1.036
29.284 57.253 -492.028 0.885
60.467 10.145 -364.864 1.014
-22.524 1.130 -378.690 1.060
-61.187 82.059 -340.212 0.956
22.612 -95.798 -324.964 0.904
-98.544 -49.871 -405.442 1.006
-30.356 -51.120 -490.270 0.892
-83.434 -28.448 -350.446 1.069
-6.532 -45.395 -361.939 1.067
-55.343 4.175 -393.252 1.125
86.077 -69.119 -381.182 0.935
21.753 66.715 -359.766 0.859
-96.031 -59.794 -334.761 0.939
68.758 -57.216 -447.710 1.194
7.516 18.296 -444.877 0.997
-93.258 -16.707 -402.186 0.963
-52.371 -81.620 -490.271 1.245
64.680 -79.853 -375.917 0.993
-76.904 94.574 -353.953 1.013
41.026 42.529 -386.837 1.068
90.429 13.551 -476.580 1.088
73.586 -95.435 -420.608 1.100
-74.527 -97.525 -396.173 0.992
-16.674 -33.506 -362.836 1.068
-80.126 -14.239 -498.747 1.039
67.075 60.696 -406.268 0.904
50.666 18.021 -454.140 0.992
-40.271 66.670 -481.449 1.098
65.423 -14.441 -302.102 1.026
-37.826 26.352 -472.550 1.173
-42.861 13.102 -377.369 0.951
34.339 45.229 -460.414 1.010
75.055 -84.096 -391.829 1.068
-53.328 98.828 -344.842 1.078
-63.163 -55.474 -350.678 1.070
11.306 -56.132 -327.356 0.994
70.962 81.835 -477.509 1.008
37.234 -26.339 -436.912 1.025
-92.475 -4.856 -431.413 1.091
1.364 -39.196 -458.135 0.973
-81.462 3.013 -388.427 1.196
-60.866 26.056 -300.635 1.028
81.711 7.652 -443.696 1.113
-93.211 -36.097 -487.710 0.777
99.249 88.951 -315.057 0.929
60.739 46.344 -364.301 0.907
63.369 -61.130 -462.049 0.833
-6.177 39.577 -467.528 0.798
-49.582 -5.580 -365.552 1.048
-74.778 47.461 -432.847 0.963
76.223 -1.118 -316.623 1.022
-5.651 -95.383 -431.859 1.018
-39.536 8.921 -379.625 1.093
-92.323 18.669 -452.799 1.109
-21.393 1.982 -365.484 0.946
-49.224 44.020 -312.577 0.991
62.267 82.421 -497.110 1.077
98.084 19.927 -397.032 1.146
77.839 13.258 -305.781 0.926
-34.386 95.485 -454.017 1.017
-67.565 -73.143 -444.850 0.982
-73.784 58.346 -417.000 0.988
13.461 31.920 -499.386 1.006
-22.037 -74.267 -326.371 0.799
60.250 17.409 -496.142 1.055
-10.790 5.370 -451.615 1.107
69.907 3.852 -490.026 1.042
-33.784 -17.897 -331.607 0.802
-54.211 -26.781 -407.752 1.021
-62.534 -67.372 -355.969 0.808
-30.332 -69.648 -418.359 0.852
-24.156 16.182 -411.881 1.156
-37.772 -86.717 -464.377 0.969
78.477 -8.951 -452.292 1.028
0.425 9.806 -375.800 1.121
-72.695 34.314 -427.712 1.023
13.216 -46.616 -426.914 1.156
-52.435 85.098 -497.036 1.163
-78.883 -83.348 -340.658 0.989
-5.379 -95.018 -400.548 0.897
-22.383 51.572 -407.187 0.985
84.090 22.825 -403.553 0.945
-50.030 11.344 -344.322 0.947
-12.412 27.650 -378.574 1.082
70.723 41.828 -421.392 0.962
9.762 56.089 -466.912 1.216
10.745 91.486 -484.374 1.039
-76.824 39.803 -325.419 0.737
-60.095 -38.720 -359.692 1.025
19.799 -57.181 -380.975 1.030
3.610 -32.512 -428.268 0.946
-66.297 -9.257 -340.747 1.340
-37.371 70.338 -321.253 1.156
-92.621 -35.836 -344.221 1.031
84.788 -90.155 -434.615 1.105
15.893 72.365 -301.776 0.911
-46.304 -17.142 -446.292 0.959
-63.733 -3.918 -416.727 0.845
-2.695 77.169 -456.243 1.005
1.714 -69.099 -323.369 0.958
-42.134 -59.611 -372.117 1.057
-31.249 51.631 -348.596 0.998
-93.313 19.952 -338.653 1.123
35.713 -43.108 -308.312 1.065
-82.940 96.833 -394.915 0.853
86.601 -79.644 -348.870 1.007
5.414 -59.138 -410.437 0.985
-98.355 81.187 -357.116 0.834
37.754 -45.960 -327.772 1.136
-26.525 33.161 -392.384 1.055
27.237 54.299 -398.828 1.097
-26.167 -15.371 -442.003 0.898
6.822 95.208 -462.274 1.130
-65.252 -85.784 -378.253 0.980
46.029 89.417 -304.547 1.173
25.802 18.929 -458.147 0.939
60.150 -75.117 -450.591 0.847
48.467 -42.743 -460.671 0.875
-32.344 65.158 -356.928 1.023
-31.571 4.780 -439.841 0.987
-72.389 -45.686 -484.247 0.991
-94.933 23.333 -338.207 1.204
5.440 -45.371 -380.171 0.728
73.717 18.942 -433.452 1.113
76.155 87.629 -300.361 0.969
26.269 17.010 -432.381 0.942
-48.848 -76.227 -344.031 0.858
24.452 -78.320 -367.179 1.279
54.521 -62.291 -304.942 0.904
23.534 -24.469 -392.422 0.993
6.629 16.824 -365.034 1.166
-13.582 -29.298 -436.020 0.924
37.556 -60.218 -453.873 0.835
27.596 -73.269 -357.125 1.112
-27.735 59.264 -367.613 1.000
-32.595 -42.675 -421.728 0.982
-79.299 -65.054 -341.483 1.010
-9.472 -55.473 -429.314 0.901
-82.244 83.616 -425.494 0.982
40.265 51.832 -359.271 0.928
-59.923 -20.072 -481.665 1.039
6.569 -19.006 -404.168 1.145
32.494 -31.369 -346.333 0.962
-61.336 40.267 -403.200 0.830
-85.582 -77.939 -318.026 0.966
35.896 -15.533 -359.293 0.848
-99.938 -85.368 -497.187 1.050
-18.504 -76.877 -370.855 0.957
73.807 32.226 -373.645 0.995
74.770 86.406 -350.541 1.243
54.412 51.173 -451.990 1.043
-49.194 -85.672 -449.920 1.082
-94.059 -45.281 -334.616 1.131
90.643 -37.895 -470.542 1.010
66.435 -86.521 -494.098 0.990
-93.953 3.738 -478.725 1.166
-86.861 43.053 -339.763 0.918
-48.446 -64.835 -474.439 1.052
8.942 24.272 -317.175 0.992
-93.647 7.364 -427.298 1.050
71.002 12.607 -490.838 0.993
40.106 72.231 -407.448 0.903
82.792 -21.819 -456.904 0.885
35.962 -47.556 -490.311 1.026
-90.175 5.877 -447.827 0.926
-55.153 -59.160 -364.489 1.092
37.426 76.851 -399.801 1.055
-29.339 16.031 -403.183 1.073
9.220 1.200 -309.253 1.074
71.764 -30.499 -475.244 0.864
6.005 -32.844 -440.559 1.084
55.749 16.915 -425.297 0.921
-23.568 -83.574 -332.341 0.744
-81.850 39.784 -435.442 1.037
74.114 -35.894 -333.196 1.255
-85.539 26.805 -321.354 1.020
8.680 -18.667 -423.136 1.027
-55.272 84.289 -362.734 0.852
47.117 -54.377 -318.192 1.126
64.477 15.052 -384.876 0.967
38.657 54.032 -334.963 0.791
-19.248 17.827 -386.246 1.035
51.141 42.004 -390.530 0.960
60.501 -79.606 -449.145 0.814
-71.990 28.830 -326.931 0.818
-94.443 -4.333 -317.252 1.146
89.347 -65.480 -478.283 1.023
42.501 86.785 -416.320 0.983
-72.666 68.504 -401.988 1.122
-73.932 89.204 -451.157 0.979
-97.446 -44.337 -444.896 1.101
-86.888 -95.222 -419.778 1.091
-67.960 52.265 -448.484 0.969
62.896 94.451 -394.687 1.006
73.858 50.424 -476.402 0.995
28.363 -22.264 -413.975 0.937
-56.733 -5.942 -423.368 0.793
-70.542 68.748 -405.866 1.110
63.904 -5.415 -409.703 0.991
-93.374 89.435 -310.816 1.045
-72.910 -34.654 -454.423 1.078
9.265 42.831 -405.359 1.084
79.284 -85.466 -330.098 1.073
0.834 -9.580 -341.823 0.987
-28.920 15.416 -322.075 0.928
81.101 -3.826 -497.662 0.923
73.722 -74.293 -475.125 0.830
-33.895 89.081 -434.441 0.965
-59.109 22.466 -471.771 0.920
24.446 -59.195 -482.574 1.009
-6.625 -0.510 -323.208 1.024
34.733 78.385 -439.570 0.921
13.934 25.561 -472.423 1.052
36.678 5.364 -489.839 1.048
-70.429 -37.538 -361.401 1.120
0.286 91.163 -402.598 0.987
-98.258 -45.808 -405.207 0.887
96.734 -69.584 -470.163 0.950
-0.949 -96.339 -427.284 1.163
83.535 -80.389 -395.879 0.867
-88.992 -5.950 -425.502 1.008
-60.564 -86.631 -335.401 1.257
-85.946 -60.688 -481.257 1.086
-57.797 -45.854 -340.985 0.874
5.148 -65.791 -397.542 1.129
81.719 -41.739 -395.763 1.050
21.833 23.000 -439.671 0.886
70.860 -21.432 -361.250 0.922
18.908 -55.374 -338.562 0.980
-4.388 79.830 -446.781 0.897
86.448 98.706 -419.753 0.998
-41.018 81.356 -371.962 0.876
-55.886 40.250 -423.223 1.054
-6.599 69.286 -455.327 1.117
9.455 -95.312 -406.291 1.044
-95.548 -75.134 -418.638 1.009
-7.817 -17.619 -425.863 1.080
-32.001 -16.035 -367.687 0.942
-51.331 -8.093 -324.417 1.002
64.832 63.938 -406.284 1.040
-15.338 64.396 -460.155 0.881
48.865 -38.793 -310.273 0.911
15.306 -90.421 -462.103 1.029
59.289 -56.954 -311.799 0.926
-53.591 26.474 -490.680 0.928
25.630 19.354 -377.305 0.978
-8.756 96.028 -464.105 1.077
-48.885 -85.105 -387.655 0.891
-76.362 -1.503 -478.967 0.900
-89.565 -51.608 -496.758 1.026
40.639 -26.703 -439.653 1.093
-53.977 -48.444 -353.600 0.920
-28.704 52.568 -389.114 1.154
30.025 67.007 -399.662 0.933
-67.296 31.818 -499.596 1.051
23.187 45.842 -410.341 0.870
-84.490 -65.549 -378.024 1.162
-28.275 -33.359 -387.172 0.964
4.467 -90.550 -309.753 1.101
25.464 -87.696 -420.845 0.988
-96.519 68.204 -481.315 1.018
84.640 58.174 -413.951 1.052
-46.414 -33.394 -407.168 1.045
-1.723 40.659 -307.756 1.122
95.254 -17.027 -397.694 1.095
-87.729 -43.177 -475.098 0.841
-99.244 12.320 -343.098 1.012
53.996 -7.056 -488.256 0.952
30.602 -98.215 -387.052 1.150
23.418 -84.021 -400.024 1.002
-44.798 -8.348 -477.576 1.075
-7.231 16.167 -497.302 0.935
97.083 27.097 -417.151 1.140
-55.932 -42.776 -368.672 1.007
-75.197 -69.722 -413.934 1.159
37.707 -77.184 -349.192 0.992
-66.023 38.474 -478.099 0.984
-42.004 -86.911 -355.046 1.155
-15.109 -71.981 -496.234 1.092
-27.679 -27.811 -348.513 0.886
-12.557 19.452 -418.281 0.965
70.562 49.006 -496.393 1.018
90.576 -55.295 -373.350 1.145
-39.302 -14.526 -464.011 1.141
-48.832 55.155 -424.621 0.944
67.483 -83.472 -451.162 1.077
77.753 -12.890 -492.972 0.965
35.314 -4.541 -357.563 1.041
72.840 -46.551 -404.151 0.973
-61.426 4.898 -426.093 1.080
-32.971 -86.663 -450.919 1.027
-66.357 -68.667 -369.426 1.013
90.562 -54.373 -472.073 0.991
16.078 -14.787 -492.361 0.983
89.357 -71.943 -490.222 0.952
69.098 5.798 -392.226 0.894
42.286 20.097 -409.881 1.018
13.540 -42.251 -301.443 0.846
-30.781 -74.745 -469.546 0.930
41.821 -42.183 -353.585 1.101
44.653 21.677 -493.136 1.061
83.902 -11.126 -383.275 0.912
-94.813 32.769 -343.100 1.032
53.263 -20.466 -306.371 1.158
-11.971 70.489 -322.565 0.819
-58.068 62.565 -486.464 0.812
98.924 -25.137 -355.105 0.717
-10.072 -63.351 -338.479 0.905
1.649 -95.786 -308.400 1.061
21.499 89.341 -307.899 1.108
-12.501 -87.838 -452.026 1.136
-9.788 19.714 -314.984 1.050
-18.356 57.340 -348.201 0.919
30.572 71.654 -348.391 0.999
72.063 35.981 -373.105 1.060
-57.201 68.698 -454.840 1.100
32.453 -70.710 -349.569 1.007
-85.102 -46.956 -484.623 1.071
-65.677 -88.917 -340.522 0.876
-47.835 56.240 -470.540 0.925
-24.241 18.901 -323.364 0.766
-70.830 -3.288 -430.456 1.109
-44.481 -83.825 -377.134 0.888
-99.909 36.284 -354.926 1.014
79.149 83.468 -448.229 1.254
83.034 72.004 -301.233 1.023
15.434 -97.581 -430.574 1.033
-50.284 66.550 -478.774 0.802
-89.637 78.342 -431.351 1.074
65.282 -57.265 -390.811 0.999
97.891 78.675 -495.200 1.126
76.055 -0.892 -428.846 1.061
-92.460 72.836 -313.833 1.034
66.404 24.785 -321.431 0.793
-21.808 -92.947 -357.423 0.936
78.097 39.515 -332.396 0.780
-62.443 -24.059 -391.386 1.012
95.859 80.288 -427.801 0.796
34.841 65.686 -414.357 1.053
-44.942 1.483 -304.217 1.108
-84.567 77.737 -379.444 1.036
-23.368 65.700 -411.807 1.127
85.655 -42.137 -316.812 0.774
98.063 -93.249 -301.586 0.954
38.449 -83.408 -324.320 0.923
87.972 51.159 -424.305 0.900
-44.542 -89.607 -412.761 0.988
-17.789 -93.712 -429.615 1.067
26.366 -35.531 -406.101 1.095
-62.068 95.272 -310.949 1.172
-69.910 14.961 -436.878 1.033
58.045 74.217 -444.661 1.022
-33.186 80.452 -499.774 0.915
12.596 68.134 -331.334 0.908
67.710 -7.532 -321.016 0.974
93.051 -88.902 -452.113 1.059
50.025 -68.849 -316.254 0.930
21.385 20.284 -418.704 1.023
67.647 25.931 -311.495 0.933
80.831 -75.284 -393.282 0.973
-63.434 18.129 -330.694 1.058
-86.616 -57.781 -341.186 0.945
-70.166 1.417 -457.632 0.956
-66.830 -48.188 -422.308 1.099
48.366 -46.127 -333.452 1.056
55.203 3.079 -463.745 0.917
60.998 88.287 -356.739 0.867
-72.841 -4.938 -388.026 0.981
58.232 53.534 -302.595 1.001
-87.467 -26.950 -375.172 0.830
-46.179 -48.400 -443.862 1.030
1.103 52.211 -373.480 0.879
15.410 10.816 -452.329 0.956
1.485 -7.192 -407.498 1.065
-43.634 -14.410 -468.455 0.996
-60.870 -15.691 -335.469 0.991
-92.826 34.421 -474.704 0.801
34.051 -55.679 -354.589 0.821
93.098 -3.515 -316.748 1.188
13.920 -43.274 -370.281 0.843
-12.501 -18.063 -300.360 1.022
72.205 -86.069 -379.901 1.063
-5.424 53.528 -314.439 0.958
-12.979 14.154 -308.581 1.095
29.124 90.194 -305.124 0.935
33.115 79.278 -467.055 1.067
-86.194 11.624 -362.138 0.962
-96.480 -60.347 -462.034 0.910
18.075 36.988 -308.834 1.003
-10.881 -39.835 -377.933 1.122
-10.980 49.065 -439.409 1.000
79.832 -5.725 -303.490 0.874
-16.204 51.320 -370.109 1.019
-90.528 29.076 -337.429 1.150
53.376 51.218 -405.361 1.001
20.420 54.703 -355.189 1.090
-18.244 31.075 -311.652 0.948
-55.862 -58.732 -427.045 0.929
-24.298 15.295 -493.207 1.161
-1.268 44.967 -424.388 0.971
-74.411 46.601 -427.076 0.964
-69.397 33.627 -481.643 1.192
71.102 81.605 -394.896 1.094
95.193 39.703 -342.109 1.007
-93.240 51.674 -300.248 1.057
64.830 -8.702 -497.317 0.964
88.965 -13.667 -487.163 1.009
13.199 12.241 -305.158 1.024
-27.739 -40.306 -396.211 1.024
37.852 56.822 -394.919 0.981
-95.523 33.556 -474.003 0.960
44.690 -8.737 -414.412 0.930
52.013 -31.865 -308.710 1.190
35.950 -11.562 -367.833 0.840
-26.106 -31.663 -320.084 0.918
-67.214 87.628 -314.406 1.100
46.363 -48.051 -411.437 0.986
46.129 -72.010 -310.857 1.041
63.130 -38.225 -329.304 1.037
41.276 51.105 -300.924 1.032
-12.998 30.738 -458.229 0.992
45.476 -40.873 -347.743 0.925
71.918 23.238 -400.014 1.052
-11.925 -29.633 -397.643 0.946
-33.027 -46.761 -315.682 0.931
99.643 2.065 -375.973 1.105
-24.773 89.816 -473.836 1.080
-98.409 -63.541 -435.820 1.022
17.906 -34.932 -400.627 1.200
-56.018 -64.321 -391.813 0.968
-50.149 -41.826 -489.430 1.045
70.683 -41.222 -438.303 0.914
69.132 -81.221 -307.926 0.920
-80.635 89.395 -313.978 1.034
88.762 50.614 -416.770 1.010
-28.558 -18.644 -419.938 0.963
-60.131 89.818 -368.425 0.904
85.191 -98.820 -322.896 0.979
58.998 -40.379 -466.912 1.024
-42.458 -23.838 -426.817 0.926
86.443 -34.545 -372.999 0.962
59.311 -83.658 -361.657 0.954
59.926 80.519 -367.419 1.026
72.848 20.323 -432.493 1.210
97.029 -14.819 -349.360 0.894
36.651 -31.393 -310.202 1.133
39.196 14.431 -312.656 1.018
-67.167 -86.758 -315.229 0.934
23.593 86.628 -347.452 0.968
-4.212 -62.618 -444.022 0.852
-63.465 93.855 -300.634 1.010
47.898 0.627 -439.123 1.321
-32.076 38.075 -380.263 0.924
-61.832 60.353 -401.271 0.945
-7.867 -72.821 -444.263 1.001
83.005 -99.247 -457.263 0.995
-99.584 -20.197 -417.038 1.189
75.288 99.920 -422.192 0.907
-86.626 19.539 -358.636 0.991
74.615 6.410 -424.385 1.140
68.466 56.258 -356.070 1.163
-25.995 10.879 -373.169 0.919
63.851 -33.343 -358.825 1.079
11.388 -38.681 -358.760 1.073
10.153 75.921 -443.914 0.970
-56.541 48.494 -466.836 0.869
13.982 52.671 -434.743 1.034
3.581 -58.971 -318.918 0.985
-93.304 1.435 -428.895 1.018
40.899 -98.036 -390.230 0.931
2.100 -95.293 -372.681 1.058
64.699 -14.880 -452.876 0.896
-89.839 -35.429 -373.577 1.025
-18.428 -12.041 -404.948 1.003
-69.543 91.381 -379.554 0.865
40.423 45.638 -452.331 1.031
27.902 -43.855 -301.326 1.075
59.832 41.348 -358.387 0.919
58.154 21.402 -374.564 0.911
33.756 -43.647 -496.115 1.049
-98.016 -65.700 -316.431 0.969
-77.280 77.466 -306.540 0.907
-95.449 -54.119 -374.787 1.115
-8.068 -39.280 -342.348 0.947
-78.134 -67.962 -374.838 0.978
47.725 14.020 -440.560 1.022
4.276 -99.242 -355.996 1.062
-93.776 57.012 -385.139 0.943
80.269 -71.520 -471.914 1.183
18.319 32.888 -310.750 0.968
4.193 98.916 -378.334 1.085
23.366 -45.027 -333.086 0.871
-19.942 -83.618 -306.337 1.165
-75.789 -18.615 -339.317 0.989
92.769 97.494 -344.286 0.995
-67.051 99.707 -429.626 1.016
-71.094 92.261 -427.064 0.922
81.362 -88.903 -442.263 1.037
-53.336 80.822 -306.416 0.923
-83.486 -66.445 -359.911 1.013
-4.890 58.374 -371.550 0.882
45.991 60.413 -404.004 0.976
-21.246 0.673 -354.792 1.118
6.372 85.213 -362.478 1.025
70.489 -13.095 -399.659 0.904
47.452 -52.261 -353.509 0.922
-39.217 -0.391 -300.023 1.027
32.253 86.580 -335.796 0.949
6.407 -32.765 -415.751 0.832
-88.484 -2.445 -473.199 1.111
56.349 -13.131 -483.714 1.021
-31.613 35.025 -351.751 1.047
55.807 83.453 -373.935 0.952
81.529 -46.205 -302.043 1.095
-37.445 -78.035 -382.672 0.997
-23.766 -8.505 -360.034 1.035
-70.622 55.784 -450.866 0.846
5.421 17.359 -422.066 1.095
-18.773 85.394 -380.766 1.131
-65.738 95.114 -469.168 1.120
43.200 -6.844 -476.460 0.859
-50.931 90.500 -390.957 1.245
-73.831 27.253 -440.934 0.967
79.025 69.836 -494.653 1.125
-48.984 98.261 -496.867 0.904
-33.731 24.624 -409.212 0.878
-20.459 -82.914 -392.371 1.087
45.450 86.188 -457.293 1.130
-67.084 -46.604 -339.632 0.997
5.332 -0.536 -324.941 0.842
-72.194 9.710 -343.942 0.998
47.435 18.426 -367.220 1.207
21.553 79.811 -499.431 1.104
63.161 91.335 -340.821 0.917
-47.759 26.471 -342.347 0.895
-50.002 -11.391 -436.987 1.071
-66.512 -53.480 -321.230 1.092
-84.002 -82.219 -369.293 0.882
-51.489 26.111 -315.129 0.874
-34.308 7.756 -404.508 0.799
-84.771 -82.508 -490.633 0.884
-47.925 73.648 -383.165 0.924
-31.917 -72.826 -349.171 0.986
-49.209 25.817 -425.641 1.012
75.783 69.618 -442.669 0.942
49.502 95.654 -348.114 1.086
36.415 -60.170 -338.977 0.897
-62.148 56.651 -340.547 1.112
27.719 -0.153 -349.120 0.902
-57.722 24.288 -396.469 1.111
-6.323 -7.124 -420.444 0.891
14.513 46.123 -416.423 0.987
-63.043 74.731 -332.147 1.093
30.654 76.126 -414.646 1.015
-54.565 16.413 -486.375 1.122
-76.267 -1.538 -321.254 0.907
-88.621 81.969 -435.497 0.809
-40.330 -27.962 -477.429 0.914
-89.405 -22.085 -415.096 0.858
-67.016 -93.446 -322.146 0.842
53.003 46.135 -474.966 1.017
-91.328 -75.186 -310.659 0.978
19.463 -45.471 -490.963 1.056
-76.950 -20.268 -369.358 1.076
-68.782 38.983 -464.594 0.912
4.576 91.919 -345.019 1.004
14.075 67.163 -377.436 0.866
3.910 -21.230 -460.351 0.953
-43.654 -64.613 -455.565 0.853
12.484 28.058 -314.101 0.878
-46.053 17.898 -300.034 0.798
65.433 -58.407 -361.037 1.048
-83.676 -89.790 -301.520 1.022
-80.412 52.582 -444.598 1.168
-90.455 21.141 -313.711 0.974
0.598 -33.210 -435.399 1.033
-57.656 -87.391 -413.906 1.030
25.719 66.348 -350.176 0.889
58.690 -61.047 -486.449 1.025
84.864 -27.952 -311.381 0.956
8.168 55.556 -449.956 0.964
83.796 -59.014 -362.593 0.844
-74.682 -62.142 -431.470 0.972
-0.978 -1.736 -448.087 1.123
8.036 35.687 -493.258 0.899
77.149 95.882 -428.150 0.936
-47.816 8.999 -413.229 0.969
84.095 83.349 -361.254 1.172
16.883 10.699 -487.274 1.069
16.576 97.731 -484.472 0.849
7.206 -79.148 -357.116 0.919
36.551 -58.349 -452.072 1.134
-41.042 -94.398 -431.573 1.057
18.979 -15.043 -340.956 0.903
-25.674 -96.141 -485.881 0.852
82.248 98.446 -432.366 0.991
32.635 70.528 -472.313 0.847
36.127 69.308 -436.619 0.877
-32.453 -96.897 -455.724 1.222
59.084 42.324 -310.144 0.823
-77.838 58.145 -320.887 1.152
6.575 -51.871 -471.125 0.942
34.764 -82.527 -458.036 0.916
17.515 83.250 -384.188 0.999
20.977 88.960 -486.062 0.883
-89.513 -70.966 -361.131 0.942
27.464 70.585 -475.514 0.964
-2.545 3.584 -478.524 1.005
32.781 -86.187 -495.456 1.152
66.095 -72.043 -421.454 0.878
-55.150 -52.618 -456.156 1.093
5.632 0.158 -320.975 1.004
-76.958 7.357 -363.612 0.947
82.406 -87.388 -386.712 1.029
-76.008 20.803 -309.552 1.005
-88.467 -79.532 -339.057 0.987
-29.237 41.623 -359.394 0.956
-76.283 -28.122 -412.466 1.152
-30.359 49.681 -408.879 0.951
-24.986 9.810 -498.805 1.135
43.406 -44.344 -345.012 1.078
86.810 76.694 -499.541 1.022
4.103 41.781 -427.201 1.021
-71.073 86.484 -382.831 0.974
-95.893 -63.624 -379.242 1.146
86.561 24.033 -423.617 1.112
-86.290 18.379 -486.616 0.839
-52.179 56.883 -307.430 0.979
50.823 61.530 -410.996 1.083
-30.349 9.493 -336.994 1.149
-67.695 -94.362 -360.944 0.791
43.008 34.659 -323.507 1.029
-82.481 43.409 -463.289 1.107
89.826 -58.685 -484.861 0.948
7.415 -25.269 -484.445 1.045
35.032 50.433 -390.910 1.004
92.358 75.566 -332.472 1.044
85.367 -9.340 -443.685 1.060
62.164 5.213 -371.647 1.056
-72.807 -54.352 -395.717 0.928
54.944 -86.233 -455.047 1.011
47.514 80.958 -393.715 1.035
46.918 10.863 -458.897 1.024
33.336 25.838 -499.141 0.957
-94.546 28.501 -497.818 1.017
-64.032 60.812 -483.955 1.168
-99.481 -98.782 -433.246 0.945
75.689 20.770 -393.625 0.969
0.813 82.036 -377.730 1.081
3.876 -61.290 -410.593 0.938
18.735 28.633 -401.708 0.957
20.121 -72.974 -471.155 1.131
4.062 0.665 -304.824 1.054
-56.896 0.657 -327.328 1.190
58.054 76.507 -478.956 0.929
-17.445 53.745 -420.015 1.035
64.162 -98.996 -349.173 0.937
38.909 83.524 -373.333 1.038
-81.153 67.938 -301.967 0.923
-89.768 18.395 -318.766 0.951
36.880 47.356 -431.720 0.908
68.707 -52.980 -372.186 1.098
39.495 49.531 -336.410 1.011
-3.833 -99.357 -334.785 0.902
-47.346 56.765 -477.483 0.847
77.442 -56.717 -438.206 1.127
72.001 68.780 -445.623 0.978
62.384 -82.177 -428.370 0.882
2.440 30.532 -338.380 1.063
-86.513 66.038 -470.839 1.059
-80.142 60.014 -417.250 0.971
-37.263 -64.394 -455.882 0.938
-96.064 42.497 -358.316 0.929
-11.917 -64.973 -334.849 1.036
-96.640 -45.231 -429.666 0.995
-29.307 -72.569 -339.683 1.085
-52.680 29.218 -355.916 1.036
-28.340 81.114 -310.877 0.920
-52.734 -88.143 -344.701 1.073
-6.383 -66.628 -458.433 0.955
34.750 53.877 -425.695 0.937
90.313 -60.709 -440.547 0.964
8.470 96.654 -399.006 0.976
-46.211 -18.747 -452.249 1.036
40.440 51.172 -404.718 1.093
-47.284 -2.772 -336.046 0.942
55.509 -79.255 -368.189 0.951
-30.028 -99.033 -330.789 1.013
20.431 48.551 -443.104 0.827
42.545 4.964 -451.741 0.863
-19.007 -48.175 -342.802 1.037
-89.621 -48.532 -316.753 1.079
-30.626 -33.600 -416.852 1.108
49.873 20.411 -444.268 1.162
51.486 -85.639 -422.778 0.986
-11.703 -21.629 -384.437 1.002
17.498 83.729 -489.108 1.154
50.164 91.052 -398.047 1.002
32.005 73.473 -317.399 1.150
6.448 -5.710 -467.071 1.133
-69.803 89.976 -411.957 0.900
-41.595 -39.703 -383.435 0.983
-11.496 -93.022 -392.192 1.127
37.713 89.112 -409.080 1.046
90.616 -32.989 -321.907 1.151
-23.911 75.675 -355.879 0.934
0.159 -36.602 -495.244 0.991
85.427 -56.315 -458.506 0.895
-75.318 24.303 -377.237 0.922
-15.799 -41.477 -348.816 1.134
-45.101 35.888 -384.617 0.969
75.759 39.337 -388.968 1.135
-56.066 20.180 -313.478 0.985
45.238 86.458 -368.382 0.874
-96.451 48.471 -315.541 0.927
26.546 -33.019 -484.948 1.145
22.669 67.875 -363.663 1.024
76.002 -9.727 -387.292 0.967
56.255 -50.079 -341.978 0.959
-94.347 -15.853 -375.729 0.813
42.464 21.088 -490.843 0.923
-26.610 -91.821 -381.813 1.114
-2.438 24.922 -456.259 1.119
-82.467 -42.223 -449.126 1.074
85.077 62.175 -435.464 1.104
-27.173 15.127 -412.701 0.905
-85.940 -35.047 -308.842 0.913
-29.903 15.688 -372.222 1.035
61.746 -35.896 -394.414 0.999
-16.133 52.284 -393.329 1.021
-75.269 58.236 -382.841 0.834
59.899 -98.788 -404.121 1.077
2.154 -88.926 -456.221 1.055
-3.630 70.069 -496.058 1.097
-76.058 52.536 -306.920 0.905
-23.393 -89.510 -353.968 1.076
43.641 -16.837 -363.887 0.938
-46.970 -40.916 -320.783 1.085
11.938 -54.510 -378.363 1.166
73.627 -82.113 -451.083 1.153
-52.807 56.965 -427.176 1.083
37.866 -27.173 -494.165 0.970
-44.065 -52.605 -396.353 0.961
-61.512 -68.199 -497.197 1.090
85.062 97.663 -457.392 1.083
-37.312 -92.675 -354.205 0.972
-34.735 -44.792 -344.378 0.900
-99.931 14.200 -321.254 1.066
91.744 68.028 -318.205 1.012
-48.267 64.170 -488.134 0.784
-8.976 -12.033 -450.296 1.070
32.707 77.966 -467.844 0.991
26.651 10.916 -368.772 0.963
-64.942 -21.105 -455.315 1.103
-32.584 88.413 -329.885 0.903
-31.323 -86.998 -301.774 0.946
18.903 -57.649 -389.567 0.992
94.959 20.225 -447.479 1.024
-19.042 60.670 -375.441 1.015
14.871 -19.383 -461.849 0.842
58.078 -33.022 -333.471 1.165
24.516 93.223 -433.113 1.010
45.838 67.821 -391.292 0.968
-31.746 -34.524 -313.527 1.150
19.547 -0.442 -320.940 1.109
-97.108 -49.096 -429.384 0.993
71.971 -31.595 -447.102 0.995
-56.221 -41.138 -401.440 1.044
-18.978 -73.325 -493.747 0.895
40.660 12.643 -469.017 1.099
-77.298 99.768 -371.158 1.051
