54.471 -7.981 -303.239 0.866
25.077 -49.892 -433.325 0.641
78.700 49.122 -434.533 1.089
0.229 -19.547 -413.119 0.839
47.866 -15.553 -464.228 0.960
32.369 48.911 -414.833 0.924
44.231 73.354 -399.559 1.009
0.234 -64.001 -311.773 1.035
44.299 -40.375 -394.757 1.150
96.616 50.624 -321.494 0.957
-64.785 95.083 -333.560 1.011
32.498 39.114 -424.413 1.169
1.873 39.441 -343.316 1.025
81.172 -89.372 -470.998 0.924
-56.782 -50.882 -491.133 0.832
-96.102 -87.916 -346.191 0.971
-76.502 -79.765 -312.145 1.043
52.149 69.516 -344.770 0.871
87.273 -55.504 -311.980 0.911
82.517 -96.392 -428.926 1.158
48.074 -68.082 -362.764 0.936
-55.240 79.552 -463.949 1.140
-73.495 -70.239 -364.563 0.866
-5.776 53.383 -484.556 1.091
28.499 51.961 -366.253 0.941
61.260 -76.808 -342.812 1.004
67.095 -54.149 -352.815 1.056
49.121 -4.663 -414.922 0.906
73.404 10.910 -348.801 1.064
-61.502 55.308 -493.044 1.232
12.467 -25.534 -427.094 1.047
83.023 93.141 -321.227 1.083
1.709 55.042 -301.896 0.848
-9.391 31.084 -319.783 0.883
-67.213 -94.627 -352.556 1.071
24.135 -57.265 -499.693 0.995
-0.958 37.727 -401.625 0.911
41.084 -20.633 -338.764 1.052
96.466 -7.001 -416.014 0.990
73.065 75.471 -303.783 0.866
46.945 -92.013 -440.816 0.829
45.790 10.868 -425.667 1.002
-0.364 68.267 -306.782 1.071
-21.229 -93.563 -467.324 1.085
-49.465 0.805 -480.199 0.923
-32.942 -72.146 -303.405 1.090
-75.279 -28.018 -332.725 1.044
-64.765 -95.019 -447.457 0.925
-71.229 33.426 -361.496 0.831
-95.389 57.403 -307.016 0.974
-61.438 24.934 -350.147 1.157
6.066 79.870 -338.464 1.291
33.627 -90.764 -472.816 1.093
-15.607 59.656 -352.170 0.848
46.483 63.379 -374.686 1.153
-57.959 94.071 -406.895 0.813
57.574 73.819 -409.972 1.189
-45.223 33.638 -469.087 1.101
4.963 -40.597 -388.256 1.191
-54.071 -7.209 -496.853 1.014
3.998 51.872 -361.236 1.104
62.249 97.395 -387.327 0.906
-58.501 52.148 -311.407 0.671
-59.058 -83.084 -409.933 1.199
18.937 -15.625 -303.493 1.014
-2.803 -84.655 -338.643 0.926
-39.864 79.126 -301.673 0.960
79.513 -78.451 -310.548 1.088
-9.225 26.413 -475.748 0.919
-75.374 80.910 -359.187 0.975
-80.446 -4.948 -308.648 0.959
-73.137 11.705 -333.494 1.021
-91.293 -59.289 -335.206 1.052
84.864 93.665 -355.862 0.923
90.519 -36.768 -471.852 0.886
-52.425 -75.871 -493.781 1.024
-29.153 -44.463 -439.085 0.877
-90.648 43.373 -477.508 0.967
-5.048 75.180 -329.786 0.962
-46.801 -38.871 -462.222 0.861
90.615 -65.432 -310.571 0.894
16.978 -98.589 -328.182 0.911
3.908 78.846 -301.857 1.042
34.092 -77.947 -329.654 0.906
78.115 93.862 -335.097 1.163
-94.017 50.366 -400.293 0.907
12.181 -67.993 -428.019 1.083
42.250 56.384 -498.587 1.022
-21.784 16.862 -329.154 0.942
4.218 -16.906 -331.765 0.916
-39.122 42.424 -430.664 1.103
53.563 78.231 -328.669 1.076
65.775 -97.408 -369.295 1.016
3.476 93.809 -347.902 0.826
-69.424 -19.530 -375.054 1.034
13.433 0.414 -384.399 1.096
-79.689 -62.426 -426.019 0.815
78.717 -55.753 -382.078 1.152
-43.298 -38.131 -362.740 0.817
2.046 31.612 -499.986 1.038
83.772 -61.959 -441.293 0.943
-53.597 -20.047 -409.584 1.102
85.435 -40.297 -376.358 0.978
-58.584 63.793 -391.307 0.856
-32.354 76.666 -482.648 1.051
-50.489 -2.115 -386.806 0.851
-35.114 -36.109 -321.687 0.913
-36.992 -41.980 -424.013 0.941
-55.753 73.050 -359.842 1.096
35.455 -98.928 -485.110 0.902
-76.657 68.626 -305.916 1.163
-39.528 78.979 -454.690 1.001
-41.873 -62.293 -471.775 0.867
36.782 45.903 -311.888 0.972
83.276 -35.545 -385.999 0.994
-91.782 5.009 -444.617 1.133
51.378 -24.793 -495.278 0.813
82.056 -36.118 -475.612 0.945
-43.788 -33.051 -497.168 0.888
16.937 77.715 -425.798 0.950
31.103 89.009 -385.536 1.111
-87.819 -27.601 -365.977 0.961
-54.828 37.493 -436.180 0.986
-42.420 19.876 -398.044 0.766
-42.891 -29.534 -479.551 1.061
-39.389 94.385 -475.537 0.949
-74.365 11.375 -306.273 0.949
-24.538 79.316 -400.624 0.953
70.132 55.660 -370.782 0.758
-76.764 26.164 -312.728 0.908
98.865 58.540 -486.065 0.995
42.972 -54.417 -412.383 0.844
-66.218 37.479 -446.046 0.843
-95.618 -9.929 -302.147 1.041
45.348 -56.178 -337.764 1.006
-72.818 -93.302 -309.546 1.130
-26.990 -81.345 -450.062 0.911
66.332 3.632 -340.238 0.821
-76.766 -42.381 -306.771 1.053
19.031 9.037 -359.061 0.992
-5.891 43.764 -468.636 0.848
53.173 -18.427 -377.849 0.896
-99.645 58.622 -489.723 0.880
38.406 75.664 -367.188 1.024
-74.451 -99.474 -303.506 1.049
26.786 -84.626 -407.263 1.042
78.563 23.176 -366.537 0.981
-96.915 47.108 -356.125 0.935
70.803 0.232 -406.922 0.806
-18.654 90.025 -453.428 0.949
47.632 31.920 -484.351 1.034
-26.160 52.864 -404.079 1.096
-75.379 79.891 -356.761 1.183
94.269 -59.331 -308.675 0.940
-70.353 19.006 -320.966 0.930
21.027 86.214 -491.183 0.966
28.013 21.671 -437.549 1.071
28.851 91.397 -427.885 0.786
43.739 1.222 -326.973 0.974
0.713 74.584 -406.884 0.999
61.803 -38.671 -422.004 1.084
-0.993 -36.808 -354.229 0.864
-22.004 -67.553 -328.696 1.050
-75.049 -89.075 -350.002 0.908
97.850 21.220 -347.837 0.924
-9.821 46.625 -434.344 1.070
-41.684 -60.301 -396.943 1.050
57.057 -57.251 -447.327 0.992
-58.539 -55.431 -473.447 0.978
-13.791 -54.024 -392.249 1.160
-58.267 -97.041 -490.764 1.121
2.417 -68.163 -324.153 1.085
-54.315 93.794 -326.258 0.926
-26.221 39.721 -419.862 1.110
73.953 88.085 -497.190 0.983
-25.283 16.672 -376.832 1.209
-66.497 -45.822 -416.815 1.108
-8.647 -76.548 -380.966 0.941
13.342 13.082 -317.190 1.065
-56.950 -31.181 -352.256 1.009
3.942 3.133 -430.865 1.089
94.485 -61.308 -320.397 1.138
-71.288 -40.541 -446.621 1.142
18.464 -74.768 -337.446 0.920
-74.917 -98.051 -335.552 1.044
-35.764 21.621 -345.809 0.991
93.163 74.324 -370.022 1.012
78.264 63.369 -335.285 1.081
-41.739 -0.887 -306.116 1.147
-33.033 55.309 -455.094 0.968
57.209 -29.795 -396.474 0.823
-22.863 -46.973 -441.622 1.030
-13.056 89.889 -480.339 1.071
94.840 -14.787 -309.397 0.997
27.545 74.511 -335.882 0.957
61.926 89.180 -471.554 1.032
95.239 21.032 -426.261 1.181
-7.396 55.870 -376.867 1.073
54.440 -43.508 -327.423 0.883
26.904 84.999 -444.385 1.047
16.909 20.216 -395.921 1.034
-52.995 61.576 -423.890 0.972
-25.624 -18.170 -498.297 1.007
-24.856 -80.797 -310.812 1.056
89.215 26.330 -404.126 0.839
-18.094 -75.471 -451.003 0.915
33.963 -43.787 -418.358 1.088
21.341 29.684 -475.577 1.041
-40.423 -6.190 -457.473 0.897
-68.875 64.445 -341.846 1.107
-56.901 -65.421 -482.643 0.881
92.303 -33.760 -489.145 0.831
98.200 -46.302 -407.977 0.872
2.079 10.721 -316.049 1.089
2.409 -45.232 -360.022 1.151
-30.299 -21.375 -398.729 1.002
-43.061 -12.110 -325.261 1.188
-54.588 19.921 -488.471 0.995
-52.468 50.756 -302.580 0.970
-4.300 35.398 -382.870 1.142
94.516 -70.485 -354.731 1.136
82.661 51.831 -496.102 1.017
33.110 -48.183 -430.890 1.010
-83.140 47.083 -356.485 1.171
86.383 20.929 -445.636 1.014
21.811 -57.206 -442.969 1.051
-55.141 66.791 -406.276 1.164
72.461 79.036 -339.020 1.063
-3.990 -21.513 -448.230 1.038
-19.520 -24.731 -387.284 0.948
12.430 -88.428 -470.646 1.054
-59.873 -64.192 -334.295 0.897
76.710 -51.340 -481.308 1.066
-43.963 35.080 -328.869 1.074
-88.609 -56.498 -392.076 0.963
22.278 30.719 -312.593 0.750
-81.098 -24.920 -316.078 1.073
89.208 4.366 -349.612 1.087
82.932 56.797 -369.832 0.875
-20.573 43.855 -492.989 1.110
-37.787 60.776 -397.572 1.032
-45.872 -26.879 -409.000 1.067
47.335 -55.668 -414.076 0.924
-66.278 22.122 -431.459 1.125
-27.966 9.748 -404.109 0.814
57.632 -41.075 -421.565 0.999
15.559 4.631 -439.484 1.020
37.317 69.457 -442.803 0.978
62.361 66.261 -391.844 1.012
-54.281 61.522 -471.812 0.914
29.240 -64.633 -455.353 1.217
-71.211 -9.351 -451.430 0.788
79.952 10.706 -457.099 1.151
3.617 7.493 -404.097 1.031
4.790 28.510 -397.950 0.976
-85.346 93.959 -453.632 0.932
-57.670 -53.555 -447.728 0.906
-21.412 99.403 -313.393 0.844
55.554 89.173 -496.714 0.920
20.806 98.657 -330.544 0.946
-24.340 85.365 -416.031 1.016
-16.615 -56.061 -444.801 0.987
87.539 -77.176 -348.681 0.966
83.381 -6.805 -365.433 1.096
36.516 -26.908 -413.430 0.806
-5.617 -81.845 -314.233 1.027
-11.894 22.506 -484.243 1.198
43.734 42.073 -412.101 0.878
-40.288 21.915 -415.155 1.006
-22.430 -56.381 -381.529 0.968
32.034 95.789 -341.884 0.939
-97.537 24.317 -456.860 1.108
-75.804 7.250 -490.348 0.658
98.370 27.722 -388.364 0.969
53.199 -89.417 -308.090 0.859
-41.157 69.997 -424.267 1.003
47.787 15.518 -459.298 1.063
24.321 48.710 -468.185 0.962
-61.137 -84.346 -461.907 1.133
58.257 -38.280 -363.632 0.981
75.795 -54.284 -429.219 1.067
-45.593 -45.771 -484.926 0.937
-4.335 22.529 -394.986 0.949
19.834 82.889 -402.215 1.090
75.248 -56.412 -459.743 0.886
37.976 -49.906 -334.063 1.044
-97.251 21.064 -351.573 1.009
-47.185 -40.170 -433.105 1.153
-74.206 -9.433 -360.786 0.860
81.549 -98.927 -363.877 0.984
1.246 61.291 -409.809 1.086
61.527 93.058 -443.175 1.104
-11.455 22.234 -332.783 0.911
49.975 94.094 -351.373 1.061
22.786 -81.463 -341.877 1.089
78.232 67.446 -405.386 1.019
-62.956 -57.415 -399.337 1.153
37.993 -55.011 -324.572 1.037
90.343 -59.460 -415.164 1.015
98.226 -64.305 -431.638 0.984
-1.173 -53.150 -360.362 1.121
-20.351 35.857 -485.456 0.956
35.386 -70.675 -448.873 1.017
-17.929 74.726 -434.196 1.036
-78.162 -95.692 -394.818 1.072
-7.446 20.499 -401.793 0.999
-44.889 10.941 -492.508 0.961
49.720 -93.056 -488.175 1.042
17.905 50.385 -371.444 0.978
-48.365 83.348 -302.401 0.818
48.158 14.352 -480.406 0.790
94.031 32.230 -349.735 0.961
-67.511 -4.509 -445.559 1.132
49.427 43.157 -373.790 1.102
-2.298 -18.097 -381.694 0.999
80.997 -99.246 -382.847 1.168
21.928 11.944 -308.673 1.105
-45.803 -29.807 -424.318 0.863
-18.620 -31.309 -342.102 0.943
-74.732 -20.073 -357.758 1.193
-5.588 -51.397 -437.704 0.982
68.692 72.669 -418.329 1.062
57.507 -12.922 -409.476 1.063
26.066 24.164 -403.331 1.116
21.477 45.746 -381.291 0.909
-37.308 -80.530 -379.398 0.961
-87.904 63.087 -304.390 1.036
-35.053 76.788 -396.179 0.929
47.486 31.908 -482.392 1.090
-42.035 76.500 -342.457 0.992
-65.354 -21.433 -477.990 0.873
91.807 -75.298 -427.816 0.863
-95.932 -77.215 -458.054 1.141
-78.879 -58.724 -346.679 0.894
55.980 99.182 -307.430 0.937
81.513 69.952 -456.581 1.030
-81.062 68.018 -388.384 1.032
-43.131 53.337 -358.759 1.087
-43.694 72.932 -474.927 1.054
-72.935 -94.029 -360.860 1.006
-91.169 40.690 -320.684 0.816
36.708 78.124 -474.191 0.983
70.136 6.069 -349.299 0.992
-83.508 15.526 -414.048 1.012
94.076 -19.069 -460.512 1.104
-89.979 46.540 -339.199 0.945
-24.731 -99.121 -427.791 1.072
-83.931 73.906 -335.457 0.892
-53.927 13.429 -406.462 0.974
-40.262 -83.131 -404.784 1.018
-34.500 -94.626 -468.127 0.797
-60.764 64.146 -410.883 1.154
80.813 -38.382 -369.996 0.990
-29.303 -57.498 -316.476 0.931
-6.187 -70.101 -485.317 1.148
20.277 57.007 -335.309 0.931
-18.118 -18.719 -361.942 0.974
-15.953 -91.782 -435.295 0.940
58.657 53.003 -351.862 0.800
-2.317 2.769 -342.600 0.919
-85.929 63.302 -335.914 0.999
-75.890 -40.776 -363.440 0.935
16.387 -26.862 -481.577 0.953
8.827 93.995 -429.324 0.918
8.547 61.658 -395.332 1.076
47.766 17.029 -336.632 0.939
-99.840 -83.537 -342.830 1.058
25.460 -65.789 -369.857 1.109
8.354 -12.913 -499.906 1.027
-55.766 -98.374 -357.620 1.135
9.686 -43.779 -472.724 0.989
-16.564 61.423 -428.251 0.844
1.084 -43.477 -342.292 1.072
-15.366 -57.446 -328.395 0.821
-70.194 61.351 -326.736 0.764
-47.410 -79.985 -394.300 1.003
88.405 62.651 -386.623 0.880
-27.404 -46.964 -498.061 0.960
-96.228 -74.109 -351.957 1.038
71.599 -93.547 -300.374 0.978
1.568 -42.591 -364.705 0.942
6.580 37.660 -481.526 0.976
0.937 36.842 -402.811 0.958
45.786 -81.954 -328.063 0.945
-35.277 -84.913 -364.939 0.941
31.933 -41.318 -355.709 1.024
31.523 -45.136 -306.592 0.945
-60.586 17.319 -362.751 1.056
88.718 82.688 -496.929 1.150
84.040 -1.919 -496.417 0.987
67.592 76.118 -492.907 1.178
-39.228 -12.029 -393.956 1.031
95.498 86.906 -383.493 1.002
-2.735 59.834 -388.623 1.069
69.360 -8.125 -308.158 1.165
-20.609 -80.478 -494.777 1.076
91.026 21.877 -364.542 1.002
-51.617 53.065 -433.961 0.929
12.227 -44.689 -458.256 0.934
40.152 99.618 -343.799 1.039
47.347 -22.182 -349.196 0.961
81.644 86.307 -465.409 0.987
-29.186 -24.362 -380.703 1.036
-99.597 88.979 -475.861 1.133
-96.146 -1.467 -441.240 1.053
-40.672 33.723 -476.223 1.095
-88.014 -62.245 -498.069 0.894
40.651 -68.034 -319.392 1.173
28.446 -30.524 -465.462 1.050
55.428 -98.539 -452.610 0.821
14.554 -97.260 -387.315 0.931
-42.308 -12.566 -459.107 1.090
73.902 -48.703 -409.630 0.924
49.945 -38.576 -371.149 1.033
-22.334 79.988 -346.768 1.070
67.313 0.884 -452.680 1.059
-75.361 79.639 -365.084 1.071
-26.371 14.385 -377.643 0.967
-81.851 15.840 -459.597 0.996
6.624 -88.805 -436.090 0.908
30.372 -69.178 -393.560 0.995
59.014 -83.370 -337.925 1.064
-30.257 65.606 -428.989 1.011
-67.517 -14.728 -379.610 0.990
65.711 21.856 -464.530 1.009
35.554 30.173 -459.367 1.119
57.110 -98.606 -371.789 0.948
-24.965 -33.795 -349.794 1.086
-50.728 -78.738 -348.389 0.961
-85.150 -8.981 -376.528 1.145
68.161 92.677 -415.871 1.110
-46.561 -59.407 -331.022 0.951
-79.594 -24.291 -363.154 1.054
23.605 67.975 -356.664 0.931
14.587 -42.729 -448.871 1.030
-21.941 -43.554 -409.738 0.872
84.952 -69.018 -372.327 0.943
93.042 -52.581 -316.657 1.039
77.144 26.136 -397.341 1.123
-34.867 96.372 -395.755 1.043
46.867 81.987 -398.360 0.940
30.340 58.636 -465.473 1.104
-27.817 23.481 -464.070 1.031
-52.533 -10.030 -305.715 1.052
46.536 -91.507 -363.679 1.023
-74.473 -14.401 -409.322 0.943
-87.461 55.117 -336.111 0.963
-7.822 -7.902 -338.200 1.126
98.316 19.449 -430.379 0.988
-47.317 -84.880 -351.126 1.053
63.562 -43.097 -434.554 1.002
-97.103 -2.721 -348.323 0.983
-87.223 57.902 -356.303 0.844
80.022 -37.101 -303.594 1.066
3.167 -45.326 -368.402 1.012
-77.566 -22.546 -404.613 1.000
32.308 85.142 -478.782 0.852
-76.710 86.298 -412.031 0.869
12.640 -26.490 -474.553 1.025
38.833 -44.617 -433.795 1.085
-85.588 -24.228 -384.250 0.992
26.854 -17.355 -315.513 0.838
-36.222 -90.068 -435.753 1.045
96.697 34.703 -357.343 1.102
94.238 -96.905 -370.654 1.055
-18.878 97.732 -349.044 0.921
84.287 16.231 -397.421 0.971
66.596 -3.774 -380.316 0.988
77.532 -97.210 -464.290 0.948
-25.316 14.434 -328.964 0.974
89.858 8.108 -453.298 1.172
-9.462 -6.370 -484.960 1.036
32.613 62.987 -434.168 0.895
18.795 -39.727 -330.598 0.891
54.224 33.306 -380.754 0.926
-20.636 75.690 -374.794 0.873
99.138 -9.393 -406.108 0.929
-55.126 -75.275 -351.718 1.107
-3.023 -50.317 -439.316 0.977
41.986 -70.216 -496.279 1.109
25.562 -15.036 -349.791 1.171
-59.607 22.309 -485.269 0.989
57.551 40.580 -381.260 0.945
98.223 -53.019 -383.374 1.057
60.731 25.083 -427.911 0.866
17.778 80.525 -354.454 0.983
39.787 -59.714 -389.897 1.048
-59.829 -69.592 -410.328 0.954
66.352 87.509 -495.069 1.018
-65.017 -81.583 -304.278 1.007
-1.761 68.213 -496.701 0.999
-78.764 90.789 -461.234 0.804
18.234 -25.842 -461.344 1.010
-51.299 14.457 -331.293 1.132
56.243 80.294 -474.220 1.192
26.096 88.791 -357.613 1.037
-78.312 -29.821 -448.557 0.994
33.064 37.545 -343.215 1.119
27.607 27.821 -372.861 0.991
31.911 43.230 -308.345 1.026
-80.683 2.626 -381.811 1.178
67.435 -9.443 -379.011 1.098
42.001 76.824 -486.967 0.868
2.837 -18.350 -469.619 0.930
36.374 83.608 -492.201 0.875
-53.562 -65.916 -306.408 0.969
74.478 -9.326 -449.684 0.958
92.425 45.941 -394.195 0.954
-33.060 22.465 -350.150 0.912
-3.268 -25.115 -395.648 1.037
-24.331 -46.265 -462.615 0.922
-17.770 77.976 -461.706 0.960
-7.835 -60.580 -498.400 0.934
-15.844 18.439 -428.650 0.906
-44.090 9.585 -396.107 0.976
90.561 -70.649 -439.078 0.968
1.476 -86.829 -311.959 0.955
-14.027 -8.316 -437.033 1.087
-38.171 -5.600 -340.980 0.971
7.802 51.757 -410.436 1.137
-80.663 -85.162 -413.855 1.017
53.731 -37.124 -357.705 0.913
-42.673 -62.704 -379.300 1.127
-18.118 -81.307 -438.681 1.122
48.543 27.167 -325.920 1.028
-17.028 53.754 -334.790 1.035
-65.890 -20.364 -314.221 1.011
-88.357 -74.656 -387.085 1.169
21.709 -23.629 -460.447 1.069
68.888 -61.912 -396.570 0.928
-67.079 36.314 -426.940 1.019
-65.289 20.734 -436.378 0.911
-34.948 -62.598 -355.830 1.012
93.089 39.012 -497.264 1.016
-38.816 -7.870 -355.682 1.050
-71.812 -15.212 -411.591 0.974
83.636 -74.197 -359.664 1.042
60.261 -28.915 -425.118 0.818
78.972 -56.399 -386.385 0.894
-22.108 -73.483 -386.853 1.064
53.938 -7.289 -471.295 0.944
-2.708 12.782 -478.962 1.075
-21.882 -72.655 -314.301 0.751
-8.096 65.026 -435.441 1.143
-23.105 13.094 -312.909 1.066
54.206 -82.065 -365.426 0.890
-7.151 0.289 -367.928 1.014
-25.199 31.195 -400.627 1.097
18.785 -27.120 -442.789 0.975
70.370 -66.651 -476.086 1.119
-62.352 36.681 -488.611 0.852
-76.114 88.086 -304.648 1.041
64.514 79.650 -304.349 0.919
83.727 32.654 -473.116 1.035
84.232 -76.036 -372.315 0.723
-74.936 55.154 -336.466 0.989
-40.690 72.454 -336.294 1.000
22.965 57.245 -441.046 0.725
77.024 20.915 -471.246 0.962
55.700 -46.548 -302.958 0.779
-34.221 91.474 -438.842 1.073
34.732 42.690 -417.110 1.107
-88.975 -28.830 -429.624 1.012
-94.222 -42.929 -480.289 0.871
-9.259 83.728 -355.359 0.881
59.388 -14.219 -493.051 1.194
-56.798 73.379 -407.319 1.082
-2.888 -99.766 -389.520 1.175
16.665 -6.715 -325.251 1.035
-21.449 35.233 -469.007 0.986
-6.851 -66.042 -339.367 0.870
22.271 91.276 -352.648 0.893
31.290 72.259 -410.539 1.131
70.568 -51.604 -407.142 1.024
-5.411 -26.123 -431.708 0.997
-64.242 -29.400 -306.269 0.917
32.527 24.265 -348.702 1.023
40.008 59.745 -308.400 1.094
-78.845 80.282 -467.840 1.017
-67.815 23.374 -329.473 1.116
63.070 -21.221 -381.780 0.713
55.443 70.111 -379.436 1.099
-49.706 63.857 -497.418 0.984
9.019 79.606 -390.811 0.980
53.067 31.519 -321.535 0.987
-93.544 -38.776 -348.802 0.929
3.260 56.053 -397.811 1.221
23.996 -28.669 -432.466 0.939
0.936 -47.165 -471.081 1.122
-20.366 79.234 -473.909 1.010
-92.541 98.006 -442.501 0.963
-53.916 -79.114 -441.217 1.081
45.935 -34.661 -415.269 1.021
1.366 -25.805 -342.928 1.164
40.068 80.621 -362.779 1.172
-86.427 51.636 -372.701 1.027
-69.122 -30.040 -330.135 0.927
2.532 -26.947 -370.280 1.044
-64.870 -60.033 -478.720 1.045
90.022 27.992 -498.494 0.950
-89.117 13.706 -489.523 0.959
23.001 -61.937 -453.755 0.950
71.120 -2.719 -303.346 1.116
-23.472 45.779 -406.388 1.006
-36.769 -72.257 -343.594 1.097
-65.255 98.072 -474.734 1.089
-86.112 62.427 -408.963 0.959
-89.699 -0.896 -440.479 0.963
-97.548 18.243 -434.032 0.925
47.952 -11.275 -386.509 0.972
-80.408 -42.864 -481.044 1.105
20.186 -13.810 -300.812 1.103
27.613 -86.583 -416.354 1.204
-60.131 1.820 -386.164 0.966
28.824 -69.138 -314.352 0.798
43.837 26.582 -468.432 0.950
64.119 29.006 -311.716 0.965
-24.392 -48.629 -492.344 0.951
54.985 41.717 -372.971 0.854
61.682 62.553 -439.963 1.016
90.815 -31.864 -308.354 0.816
-39.328 -52.352 -344.475 0.835
46.235 -29.409 -344.191 1.030
-24.689 59.337 -300.781 1.178
97.328 -9.273 -476.276 0.964
2.456 -54.257 -494.905 0.819
44.602 -70.582 -307.138 0.955
-39.999 26.481 -483.889 0.953
-32.990 -60.938 -469.022 0.959
39.590 12.843 -482.705 1.086
-36.684 16.687 -421.776 0.909
52.538 67.795 -396.534 0.937
31.054 -92.472 -390.866 1.028
66.392 -13.700 -390.610 1.007
-29.875 22.141 -334.089 0.829
-1.662 -88.389 -450.791 1.255
8.749 93.725 -385.449 0.977
96.615 -89.060 -430.557 1.019
-87.376 65.219 -475.364 0.902
86.112 84.830 -476.337 0.937
-86.760 36.577 -410.038 1.187
53.393 -96.823 -405.718 0.986
36.527 21.548 -455.680 1.027
22.537 28.051 -477.688 1.015
-53.499 77.137 -415.283 0.942
24.313 29.176 -393.470 1.062
-59.413 -68.817 -344.514 1.084
-88.533 -19.479 -444.338 1.014
87.236 35.735 -326.096 1.043
95.434 -23.489 -332.972 0.881
18.226 -88.200 -495.704 1.179
-63.647 20.278 -480.239 1.035
-14.790 37.649 -303.634 0.810
-0.620 30.016 -465.894 0.918
-67.933 32.376 -445.648 0.803
39.949 -21.650 -468.265 0.895
36.238 49.522 -453.230 0.937
37.496 -41.708 -307.179 1.055
-32.421 -46.659 -342.552 0.889
42.057 -93.855 -471.576 0.963
12.242 -43.314 -489.925 0.951
-10.003 91.234 -464.693 0.842
-76.570 -24.596 -345.827 1.008
-92.161 14.297 -397.262 1.086
-89.092 87.725 -382.636 1.088
46.954 -49.622 -431.268 1.008
52.391 73.210 -360.388 1.044
6.794 85.600 -337.113 1.024
-95.125 91.731 -407.727 1.320
67.366 -69.440 -336.870 1.110
-91.704 -84.566 -307.815 1.064
-22.491 1.159 -423.163 1.031
-53.914 91.030 -328.627 1.079
-11.838 8.162 -473.932 1.129
91.660 -90.229 -487.538 0.971
56.053 9.487 -436.757 1.057
99.026 56.747 -433.461 1.138
-85.614 25.895 -444.637 1.092
-5.081 78.366 -483.523 0.679
-6.048 -26.491 -319.945 0.922
-88.781 81.049 -423.506 1.067
55.870 47.272 -381.411 1.197
77.985 -34.486 -357.576 0.946
-20.399 97.838 -382.291 1.013
39.226 -86.537 -449.357 0.921
-54.775 87.794 -438.394 0.875
29.033 -24.280 -496.345 0.921
28.710 -70.478 -409.797 1.116
53.144 22.189 -461.741 1.058
-58.373 86.070 -336.516 1.039
-9.231 38.937 -364.693 1.314
-12.328 70.490 -364.453 0.930
58.907 9.022 -379.504 1.127
47.309 -10.868 -395.943 1.109
3.329 -62.218 -415.359 0.866
-30.165 -14.761 -348.301 0.941
-50.384 89.096 -433.090 1.148
-80.918 60.550 -447.805 0.854
29.960 -94.337 -300.926 1.115
74.003 18.621 -472.449 1.123
-39.213 -49.310 -348.136 0.912
64.813 -79.232 -494.260 0.937
90.522 -25.431 -376.837 1.053
18.183 90.052 -430.296 0.937
-64.074 -18.763 -407.247 1.004
-66.875 77.905 -333.758 0.915
91.936 15.011 -477.187 0.828
-5.598 -86.387 -377.975 1.087
-44.745 20.718 -333.668 0.902
9.688 43.193 -361.251 1.002
35.943 49.423 -311.292 0.833
-67.927 -66.696 -430.558 1.053
2.266 90.758 -418.244 0.954
-46.272 23.136 -466.182 0.979
-19.786 48.150 -346.368 1.014
89.498 92.795 -448.569 1.044
5.919 34.455 -388.274 0.961
-86.044 -40.506 -459.689 0.977
35.182 -42.143 -343.991 0.952
17.656 -44.328 -339.130 1.001
-15.584 28.859 -380.271 1.011
85.370 -93.572 -409.173 0.976
-68.291 -19.769 -440.634 1.044
-64.075 32.858 -494.348 0.961
73.744 -11.072 -319.505 1.020
19.708 -42.265 -416.655 1.161
-18.527 -89.118 -341.480 0.925
-28.443 42.027 -428.263 1.154
77.282 -40.787 -466.228 0.980
58.479 15.776 -329.749 0.877
-54.701 68.253 -399.036 1.093
8.164 -42.827 -490.285 0.832
-59.011 -78.580 -338.707 1.183
56.518 27.157 -498.250 1.009
22.224 -92.627 -338.241 1.095
-18.676 -75.618 -465.839 0.888
14.715 14.998 -317.213 0.914
-38.193 -71.972 -475.719 1.147
-22.396 -97.335 -390.263 0.860
19.945 31.174 -459.559 0.878
54.585 38.247 -418.589 1.048
-24.156 29.944 -399.720 1.093
-19.428 -34.044 -436.193 1.078
82.338 95.700 -410.182 0.976
-30.339 12.574 -480.470 1.060
27.752 -14.047 -393.037 1.098
-95.776 24.628 -487.391 0.910
69.057 21.893 -474.141 1.092
0.602 97.651 -453.419 1.138
-90.739 96.729 -489.997 0.956
6.926 86.947 -347.366 1.002
-95.620 -49.880 -420.933 1.032
-30.903 -43.330 -425.714 0.798
64.978 -18.206 -321.318 1.022
1.387 -24.387 -350.875 1.034
60.836 -53.222 -315.042 1.020
-7.273 -81.450 -469.930 0.905
54.688 -59.390 -432.753 0.951
32.023 -29.063 -465.799 1.089
-0.594 12.810 -403.235 0.871
78.127 36.992 -385.514 1.034
-71.941 59.835 -327.246 1.147
43.974 -42.184 -376.909 0.963
79.614 42.250 -437.117 0.975
43.038 19.152 -336.299 0.980
-85.176 -78.348 -351.192 1.118
6.420 -44.982 -308.572 1.004
-46.618 5.390 -470.954 1.160
-48.903 28.399 -416.313 0.884
94.623 3.036 -431.850 1.135
-6.805 94.610 -360.765 1.098
21.170 72.327 -376.836 1.064
94.180 89.260 -483.593 1.063
-74.171 -82.125 -495.900 0.905
63.493 0.125 -379.066 0.846
99.046 87.609 -372.868 0.996
-83.611 35.135 -487.792 0.789
-96.746 -14.883 -497.273 0.919
-66.252 -76.196 -305.634 0.771
-77.977 -73.072 -313.063 0.954
30.681 -51.973 -495.002 1.003
87.847 53.014 -359.532 1.010
-44.171 -61.923 -311.005 1.080
-74.634 79.717 -401.809 1.147
41.734 24.152 -372.507 0.669
37.603 12.071 -397.833 0.979
-65.373 -47.733 -312.221 0.980
1.674 -35.099 -478.691 0.976
15.712 -88.156 -304.324 0.924
45.575 -55.532 -331.165 0.948
-71.374 -51.903 -376.025 0.994
-74.361 96.828 -412.379 1.118
57.182 81.004 -300.167 0.982
97.882 57.470 -469.128 1.004
7.922 60.981 -471.766 0.887
-50.516 -3.894 -467.451 0.823
6.806 25.763 -499.430 1.003
39.018 -2.907 -313.508 0.897
14.914 93.122 -391.144 1.141
-74.785 -55.678 -327.240 1.109
-26.923 -6.078 -417.166 0.862
5.014 35.189 -344.543 1.077
-45.011 -50.433 -305.703 0.798
-19.356 14.717 -344.398 1.075
19.986 78.605 -333.457 0.983
66.179 77.559 -383.042 0.941
-45.885 26.763 -393.640 0.982
-81.305 -67.558 -453.996 1.090
64.939 -16.452 -387.499 1.186
-18.956 40.612 -479.974 0.780
79.822 -45.401 -349.829 1.003
55.883 69.059 -368.146 1.000
82.161 -87.089 -307.946 0.941
46.462 -59.402 -386.300 0.984
-67.279 52.629 -390.975 0.974
-68.678 -2.498 -396.947 1.124
-68.249 72.083 -470.064 1.066
22.655 30.013 -392.784 0.974
21.856 -25.876 -366.886 0.990
42.490 -76.573 -492.199 0.986
-12.719 58.853 -466.012 1.006
-75.322 -11.555 -499.428 0.867
-74.492 37.263 -456.109 0.941
-24.214 -78.957 -405.566 0.967
21.068 -44.271 -375.861 0.912
55.386 38.255 -312.931 0.996
63.422 92.055 -353.412 1.178
-1.017 40.785 -494.028 1.002
-48.093 -17.828 -308.625 1.050
6.828 -3.294 -452.199 1.128
-61.754 24.224 -446.900 0.903
-4.528 -65.773 -346.006 0.962
-15.110 56.552 -409.669 0.804
-2.332 -16.802 -306.722 1.026
-2.165 -46.842 -354.362 0.850
-47.473 -39.601 -417.901 1.123
94.962 -1.132 -396.129 1.181
15.846 -50.584 -474.305 0.961
-51.873 10.558 -407.205 0.835
-0.753 -78.959 -400.028 0.961
-26.226 -29.180 -398.283 0.976
3.480 -48.983 -411.694 0.968
-37.244 23.942 -456.010 1.219
-59.925 -96.608 -426.417 1.034
-36.249 -53.139 -418.145 1.166
-58.721 -21.169 -496.228 0.950
30.100 30.214 -460.185 0.855
-18.918 5.131 -485.136 0.837
-73.755 2.516 -493.511 0.893
-92.138 -99.563 -358.889 0.939
-54.537 -92.377 -469.123 0.893
-31.851 77.709 -415.574 1.034
82.059 64.205 -495.898 1.106
-60.207 -31.188 -385.014 0.961
7.378 -79.157 -365.389 1.024
-34.609 -89.501 -403.644 1.005
45.368 11.395 -403.168 1.124
86.876 82.297 -308.863 0.965
-31.223 -95.915 -432.249 1.030
-35.355 77.170 -321.127 0.906
81.726 68.388 -395.815 1.032
82.218 78.053 -309.924 0.843
-15.820 58.891 -402.555 0.959
7.579 1.934 -498.204 1.152
77.727 72.972 -462.813 0.994
11.722 66.430 -395.265 0.899
-14.056 55.501 -443.715 0.932
-86.961 41.538 -451.560 0.941
-45.346 61.524 -380.216 0.958
9.878 8.644 -436.705 0.930
-0.951 -56.728 -322.570 0.923
-57.821 -62.038 -392.348 1.061
95.625 -93.625 -403.693 1.012
-53.055 -9.689 -404.095 0.919
11.601 24.873 -302.348 1.027
3.457 -75.633 -427.128 0.994
63.183 29.635 -303.415 1.068
-79.880 44.164 -421.600 1.119
29.679 -97.577 -496.175 0.958
-14.323 -2.769 -313.200 1.046
24.448 46.424 -358.969 1.143
-15.702 -85.948 -440.886 1.170
-66.035 14.527 -459.934 0.871
-1.478 -59.375 -476.457 1.195
-27.139 -36.458 -468.093 1.119
37.652 77.194 -425.473 0.951
-47.259 83.180 -326.335 0.971
65.451 -59.981 -409.338 0.949
-31.996 11.307 -401.642 0.959
-87.335 -40.528 -476.548 1.037
-66.252 21.205 -342.472 1.064
-18.471 -52.352 -343.188 1.050
-61.743 78.368 -409.885 0.834
9.513 32.732 -443.356 0.902
-63.985 68.588 -496.872 1.017
-66.960 45.865 -312.436 1.129
86.616 54.525 -385.147 0.856
-50.730 -62.387 -321.143 1.041
69.853 82.259 -469.793 0.958
-11.375 61.116 -372.887 1.072
-27.426 94.729 -379.012 0.932
6.197 -41.298 -418.045 1.074
72.283 88.630 -387.820 1.190
-28.927 85.406 -376.668 1.039
84.241 -6.064 -417.062 0.746
-58.227 48.827 -468.773 1.124
-31.372 40.897 -446.259 0.906
-13.447 15.966 -393.629 0.959
-13.928 50.762 -467.295 0.922
-42.652 81.971 -480.427 0.926
84.547 -95.697 -480.968 0.991
43.801 -66.730 -338.128 0.994
5.809 -36.511 -434.409 0.853
31.992 94.224 -405.159 1.199
-10.653 -94.280 -369.344 1.041
-0.876 48.283 -365.000 0.910
99.442 93.193 -392.656 1.092
-68.405 -72.184 -479.427 0.914
-18.995 -65.575 -351.285 0.946
38.781 -0.228 -370.792 0.896
-95.981 -78.357 -388.097 0.833
63.557 -24.176 -490.620 1.075
-4.411 -69.748 -418.567 0.856
-10.531 -80.426 -313.930 0.985
23.726 -84.937 -318.086 0.882
-42.188 -74.414 -411.977 1.131
-12.443 93.042 -485.238 1.180
-66.793 20.763 -478.719 1.034
-75.396 -81.834 -495.310 0.917
-90.305 -12.371 -456.746 1.127
-56.358 46.969 -435.332 1.044
86.030 -97.581 -468.907 1.237
-3.875 -56.158 -420.635 0.918
-83.009 36.141 -390.267 0.977
-98.340 46.308 -373.197 1.022
31.153 48.036 -483.254 0.961
-16.938 25.677 -463.583 0.998
-28.325 -58.495 -461.878 0.966
-76.100 84.986 -303.209 0.894
32.312 78.440 -486.772 0.916
3.129 -37.294 -332.578 0.995
-60.476 -59.218 -477.475 1.120
-7.425 14.512 -481.622 1.009
-23.002 89.829 -384.384 1.094
77.632 79.785 -385.036 1.009
-23.634 -61.406 -438.005 1.040
24.703 -30.976 -368.659 1.142
79.958 -65.565 -399.847 1.140
-34.185 -76.856 -450.144 0.939
63.411 1.222 -474.709 1.028
71.771 56.083 -374.820 0.949
82.769 94.793 -473.331 1.072
-13.601 21.576 -322.494 0.967
74.782 48.232 -356.642 1.145
-35.961 -33.264 -447.741 0.812
83.283 -39.744 -319.351 1.140
48.687 -23.598 -486.528 1.002
-14.498 -25.917 -453.050 1.060
22.379 10.881 -488.718 1.128
77.898 56.052 -376.872 0.848
-18.832 -43.806 -377.663 0.951
32.519 79.608 -396.861 1.040
-20.319 1.376 -451.461 0.944
-0.459 74.107 -313.084 0.934
85.846 28.217 -352.245 0.964
83.346 -59.058 -418.188 1.014
-35.483 29.007 -422.187 1.064
2.675 -75.787 -363.265 1.122
-52.436 -24.291 -477.142 0.885
-77.148 -57.571 -328.031 0.995
-74.810 -96.473 -342.760 0.916
1.892 0.378 -430.077 1.136
-11.012 22.286 -303.060 1.130
58.357 73.180 -313.848 0.922
-91.541 -30.634 -454.907 0.978
-85.857 -79.129 -431.390 0.997
-12.996 -37.424 -486.086 0.985
93.432 19.901 -361.660 1.063
14.124 94.786 -334.588 0.981
-10.759 19.112 -304.182 0.929
-62.983 63.424 -408.010 0.870
53.065 -22.519 -464.365 0.971
37.847 -51.172 -300.719 1.046
-41.691 -67.662 -339.502 1.049
74.498 66.559 -330.790 1.039
-25.490 -59.295 -474.157 1.023
-30.008 -71.883 -432.382 1.066
-84.550 -62.724 -476.002 1.013
-81.383 43.099 -474.124 1.066
-38.332 -85.585 -439.713 1.064
-30.141 -73.631 -449.798 0.914
0.462 -42.994 -314.305 0.925
-38.324 88.318 -330.076 1.112
-3.139 -5.693 -315.913 0.968
6.831 31.317 -407.899 1.031
95.870 -78.477 -497.357 1.021
-71.102 -48.153 -396.805 1.014
-13.636 -69.598 -334.480 0.930
84.466 84.454 -401.727 0.973
19.912 -39.684 -441.808 0.974
