82.322 -33.289 -467.508 1.122
-82.481 8.699 -320.366 1.197
-19.679 -86.477 -428.660 0.807
-50.152 -64.013 -485.991 1.002
-89.346 -64.070 -314.019 1.060
93.912 27.516 -478.184 0.990
97.467 87.280 -341.018 1.085
-22.215 89.307 -319.135 1.024
83.031 -60.271 -498.451 1.010
-60.438 -60.775 -456.220 0.942
-35.282 -89.545 -364.523 1.152
-56.926 -30.153 -375.194 1.067
-22.121 -18.916 -305.105 1.148
-38.140 71.919 -317.632 1.056
-63.306 57.314 -429.203 1.019
-74.219 75.614 -381.747 0.992
6.838 -92.340 -305.022 0.959
-18.569 42.315 -495.270 0.938
-36.734 -78.430 -437.255 0.940
6.553 -36.158 -375.170 0.983
-38.820 35.137 -456.384 0.874
55.268 -63.170 -317.268 0.985
25.043 -1.393 -357.474 1.068
30.683 -72.988 -416.013 0.989
-3.986 -18.367 -346.002 1.047
31.024 34.003 -426.288 0.991
-93.485 -68.379 -489.798 0.993
-72.842 -83.231 -419.574 1.216
-31.467 -65.002 -394.320 0.987
13.385 -97.729 -423.821 1.124
-87.757 -73.599 -352.559 0.968
-84.671 11.671 -434.229 0.986
-77.020 -38.158 -424.839 0.844
-50.227 89.673 -441.996 0.974
-87.653 73.646 -406.162 1.096
-48.343 8.525 -432.508 1.008
-46.194 -13.417 -382.614 0.958
-7.810 44.629 -309.279 0.975
95.343 29.338 -357.517 0.944
1.109 -56.085 -461.465 0.821
-32.444 -80.516 -357.050 1.265
-67.604 1.624 -451.503 0.947
-22.276 -74.130 -423.638 0.996
42.394 -95.536 -431.352 1.063
54.965 95.050 -416.860 0.959
-95.308 12.998 -483.399 1.030
61.621 71.005 -392.148 0.888
-69.313 96.919 -326.221 1.050
62.536 -96.470 -367.134 1.099
21.718 -19.053 -453.402 0.986
48.462 -88.002 -469.112 1.066
-1.527 -86.026 -378.712 1.138
-69.779 -74.286 -348.903 1.094
-97.478 53.155 -351.948 0.933
-30.608 -27.122 -480.758 1.181
-73.344 27.272 -486.015 1.079
97.596 62.527 -374.597 1.076
53.850 98.905 -436.227 0.874
47.716 74.337 -392.097 0.995
71.534 -55.515 -347.568 1.103
11.060 -70.872 -365.682 1.053
58.619 -99.237 -415.431 0.950
63.943 -92.306 -448.145 1.036
-41.001 -81.274 -340.618 1.023
-6.352 -94.908 -461.730 1.014
66.080 63.395 -410.135 0.843
2.522 -25.953 -412.115 0.907
59.235 -49.176 -465.792 1.067
8.299 66.035 -396.626 0.971
-45.828 -31.391 -382.307 0.986
-65.423 61.478 -310.162 0.937
-7.762 -40.798 -358.301 1.115
81.096 16.901 -495.340 1.166
-22.840 -52.595 -302.451 1.044
-66.034 -19.567 -366.526 1.046
11.481 -15.679 -373.370 0.948
6.100 28.571 -303.751 1.022
98.165 -53.461 -458.459 0.966
74.878 -89.382 -347.710 1.116
59.230 -11.686 -398.239 1.058
-2.809 70.349 -371.074 0.888
61.928 45.155 -440.009 1.009
-71.231 -53.001 -465.190 1.071
71.517 -20.633 -450.169 1.024
11.099 44.827 -363.015 1.044
55.938 -52.347 -392.000 1.286
-92.865 -49.129 -303.995 1.096
75.115 1.902 -360.797 0.907
39.428 67.881 -394.951 1.012
-42.872 83.123 -489.571 1.085
95.557 -63.452 -349.394 0.904
9.511 4.733 -422.963 0.991
-9.649 -33.168 -470.601 0.992
-3.983 -74.369 -371.141 0.799
65.531 -47.722 -410.930 0.863
23.081 15.458 -468.057 1.036
-70.411 21.774 -369.026 0.897
-42.293 -60.878 -454.683 0.948
-77.438 -56.611 -478.321 0.890
-53.119 -3.551 -397.909 1.003
80.187 -45.239 -487.798 0.992
95.611 32.316 -396.788 0.903
97.192 19.366 -316.118 0.885
-35.467 -72.088 -425.495 1.065
25.694 -14.962 -431.114 1.036
95.156 -12.800 -302.501 0.993
5.972 54.028 -353.953 0.878
65.735 -11.379 -435.667 0.756
-58.088 23.497 -482.479 1.028
21.465 25.879 -457.583 0.998
14.540 -65.303 -316.850 0.863
75.996 -93.259 -389.583 0.938
22.126 97.955 -464.809 0.987
24.495 21.699 -359.044 0.941
-3.748 49.550 -445.527 1.069
57.320 63.167 -461.534 1.256
-92.873 -34.326 -413.761 1.137
73.210 -11.386 -450.033 1.122
9.605 -40.023 -307.163 1.013
72.051 98.803 -385.463 1.055
44.977 15.072 -475.507 1.055
-29.005 -84.836 -407.296 0.936
-79.919 52.836 -363.839 0.888
34.489 61.411 -489.603 0.970
-91.568 86.892 -382.102 1.015
-88.901 -61.109 -301.380 1.084
-37.455 -85.554 -320.701 1.127
-89.676 96.125 -354.605 0.862
-29.254 -52.182 -407.670 0.990
-22.686 -17.359 -408.754 0.983
75.413 -93.644 -338.164 0.821
75.228 47.105 -311.850 0.909
85.153 39.454 -337.348 0.994
12.778 -86.017 -498.420 1.067
37.876 33.117 -466.230 1.025
-81.206 -69.782 -495.108 1.135
-13.578 -66.951 -310.726 1.031
72.567 11.100 -466.971 0.898
81.719 42.952 -360.389 0.969
-94.581 84.103 -494.592 0.943
-19.203 47.070 -378.321 0.952
38.311 -54.628 -346.501 1.001
46.700 -91.671 -465.940 0.917
76.166 74.985 -415.470 0.894
55.939 -10.602 -355.349 1.001
-88.872 -17.946 -337.760 1.082
-76.095 -97.359 -323.972 0.933
-17.196 46.132 -331.414 1.027
-97.858 32.511 -355.827 1.088
83.941 50.407 -370.414 0.974
49.770 43.009 -384.370 1.072
52.879 35.731 -456.046 0.963
99.605 83.299 -468.623 0.948
-36.027 8.452 -437.569 1.055
56.152 -97.226 -434.939 1.154
92.507 -22.241 -302.191 1.149
-62.040 -10.328 -312.626 1.015
26.661 -40.852 -329.777 0.920
-76.603 47.066 -362.815 1.045
-26.025 48.132 -487.464 0.934
-99.722 -91.606 -419.079 1.198
-53.813 -11.324 -407.247 0.858
-79.347 -80.452 -376.542 1.008
-43.783 31.424 -366.089 1.077
71.513 71.437 -343.982 0.928
-32.136 26.685 -383.014 0.963
11.797 -46.264 -431.627 1.032
48.665 -89.824 -359.055 0.926
-54.189 -74.760 -313.154 0.866
95.183 -1.587 -333.966 1.027
-92.799 -10.311 -497.369 0.906
60.220 91.013 -387.669 1.115
-50.790 -74.710 -440.069 1.005
-73.671 -92.456 -308.008 0.864
-97.884 -46.166 -428.500 0.938
-1.783 59.238 -368.846 1.086
28.940 -54.688 -388.224 1.035
-21.660 23.809 -431.465 1.056
23.300 -86.827 -450.215 0.987
70.102 -0.541 -428.294 0.926
86.208 75.490 -315.282 1.026
69.586 36.905 -486.513 1.003
67.299 -50.141 -383.646 1.142
19.312 37.824 -392.181 1.001
72.357 50.231 -310.276 1.091
-45.078 97.342 -480.075 1.109
81.473 41.988 -469.731 0.881
-46.403 -95.099 -400.395 1.173
64.282 27.719 -373.846 1.000
84.971 68.388 -375.739 1.125
-40.130 25.541 -415.225 0.985
0.440 77.873 -312.899 0.979
-4.716 38.134 -359.180 1.081
-4.978 78.150 -439.856 0.897
-72.814 3.238 -374.469 1.107
58.854 -59.089 -388.536 1.088
-49.535 -19.737 -468.736 0.979
19.101 82.860 -437.299 1.126
53.796 -65.497 -328.826 0.932
-77.555 33.615 -312.813 0.773
43.725 -52.051 -419.783 0.932
-58.190 3.568 -494.430 0.960
97.483 96.143 -480.535 0.908
-61.576 -63.012 -472.348 0.964
-15.662 80.859 -442.133 1.170
-25.980 64.552 -443.334 0.931
12.482 12.093 -370.828 0.820
71.231 -12.888 -488.289 0.958
49.355 -86.892 -355.997 0.966
-72.387 -52.878 -426.355 0.903
95.096 -63.628 -382.523 1.033
7.612 -16.262 -475.384 0.862
-68.049 14.607 -365.877 1.051
-94.641 -56.084 -352.876 0.981
-71.510 -90.056 -434.430 0.890
5.120 -65.138 -306.097 0.919
42.152 -2.727 -478.539 0.952
-67.817 79.715 -320.672 1.005
83.748 -63.774 -476.246 0.933
22.818 15.026 -317.850 0.898
99.915 40.274 -322.733 0.892
-59.449 -28.939 -408.076 0.969
99.999 -73.718 -463.682 1.010
-93.946 19.088 -371.495 1.023
28.846 -24.051 -452.482 1.064
-36.356 -58.265 -498.638 1.022
93.101 -49.205 -355.276 0.981
71.307 61.464 -408.008 0.854
-13.085 57.675 -361.591 1.100
55.746 21.708 -491.485 0.993
95.911 14.826 -369.169 0.929
56.994 5.077 -445.941 1.047
-24.202 -31.705 -431.364 1.130
54.560 -20.938 -406.974 1.078
77.804 -33.353 -452.095 1.030
-95.836 -29.169 -476.667 0.741
-57.012 78.532 -315.055 1.017
-20.356 98.010 -374.264 0.939
62.799 -97.159 -304.409 0.912
-25.551 17.435 -301.487 1.013
94.565 85.788 -421.197 0.957
61.402 47.080 -430.392 1.116
33.982 -42.475 -307.943 1.046
64.800 63.781 -482.483 1.154
64.031 -72.285 -448.676 0.955
-93.923 96.666 -377.178 1.062
-81.379 -64.556 -304.014 0.895
41.457 49.298 -461.035 0.984
92.989 68.242 -424.356 0.809
-26.645 -81.576 -450.201 0.986
78.438 -30.633 -488.731 0.911
30.637 75.333 -392.230 1.125
99.598 -14.504 -362.989 0.942
1.404 -55.919 -400.558 1.107
-6.657 41.391 -367.722 1.082
-37.579 47.335 -379.634 0.970
86.600 -71.261 -336.131 0.995
77.155 0.927 -432.570 1.067
90.935 19.549 -336.157 0.961
62.252 11.686 -361.922 1.014
-65.396 33.511 -308.885 1.024
-71.185 -93.932 -306.156 0.993
-58.829 -0.064 -401.294 0.846
-13.709 -34.034 -328.693 1.039
39.451 -64.310 -415.167 1.068
85.396 38.338 -338.989 1.042
-26.086 -72.198 -366.409 1.144
12.980 80.794 -350.410 1.120
84.095 78.435 -444.981 1.007
27.422 14.460 -406.490 1.058
-28.137 -69.134 -393.099 1.089
30.826 66.520 -367.307 0.867
64.068 -24.169 -400.929 0.930
-35.959 -15.184 -498.223 1.160
38.988 -8.965 -444.088 0.926
-28.156 69.963 -455.145 0.963
50.338 -97.837 -325.955 0.981
38.433 -26.530 -434.591 1.018
24.905 -69.092 -489.065 0.921
-99.388 90.186 -471.306 1.018
38.733 -4.336 -404.104 1.091
24.032 25.173 -365.428 0.818
34.616 -56.575 -428.571 1.051
32.059 -93.895 -400.701 0.976
-11.348 93.762 -385.400 0.965
85.278 -86.434 -391.182 0.969
82.927 80.034 -494.528 0.993
-0.026 46.699 -437.031 0.943
52.364 82.249 -469.480 0.904
65.884 21.609 -446.987 1.020
6.139 -49.340 -316.803 1.059
44.493 -25.810 -332.778 1.073
-77.404 9.929 -471.114 1.029
65.761 -28.001 -380.788 0.894
-99.238 6.994 -394.394 0.882
-25.208 -93.006 -304.085 1.084
14.591 22.217 -489.788 1.003
-57.960 -89.514 -348.022 0.891
-48.563 -74.895 -366.166 0.973
30.294 -63.456 -330.933 0.953
73.747 59.153 -418.447 1.125
-56.181 -85.062 -479.050 1.161
72.845 -0.448 -378.614 1.036
94.944 76.408 -470.456 0.952
50.067 -52.505 -359.752 1.017
-96.478 1.870 -426.099 0.970
-74.156 -44.985 -406.329 0.954
82.500 59.791 -455.945 0.916
7.420 16.296 -498.823 1.175
-90.205 -98.684 -464.870 0.981
-75.996 64.182 -344.769 0.880
-50.050 -50.142 -385.869 1.029
-88.243 89.558 -487.134 0.988
-75.721 -30.894 -482.850 0.974
87.789 62.521 -381.656 0.884
-16.431 -34.361 -408.955 0.951
-35.095 20.238 -358.402 1.016
72.555 44.887 -409.493 1.040
-62.028 -23.368 -396.512 0.919
21.928 -51.787 -474.017 1.076
46.365 37.980 -393.921 0.948
-31.814 68.590 -386.091 0.881
96.375 31.938 -472.893 1.182
-85.071 53.041 -414.894 0.925
-49.662 -35.643 -498.134 1.143
64.412 6.033 -363.999 1.016
-68.449 -44.739 -432.259 1.015
-70.634 -60.504 -329.127 0.966
-44.388 51.100 -412.563 0.984
20.065 99.388 -421.388 1.101
22.392 99.611 -413.857 1.057
58.259 89.853 -422.039 0.875
82.566 -14.483 -408.488 1.146
36.661 4.119 -431.504 0.962
-10.440 -88.204 -418.984 0.978
43.276 -96.145 -365.326 1.223
-21.667 34.951 -369.940 1.001
-54.762 -38.581 -401.962 0.865
60.429 -57.318 -452.164 0.932
55.237 45.457 -493.847 1.027
72.141 98.101 -440.306 0.994
88.134 -2.922 -458.772 1.131
80.671 65.006 -496.600 1.155
83.912 44.295 -336.597 1.138
-54.402 47.676 -398.771 0.983
-59.122 73.537 -419.194 1.184
41.888 -70.726 -430.259 0.951
1.597 -33.059 -324.696 1.169
-0.518 -53.148 -362.934 1.241
35.582 51.867 -310.847 1.158
96.827 -25.630 -377.819 1.093
-42.437 -6.567 -322.138 0.994
-74.197 43.874 -307.494 0.848
82.846 -1.405 -344.048 0.934
58.552 93.064 -474.050 1.049
20.202 -58.400 -446.657 1.086
7.650 79.840 -397.641 1.182
29.564 48.130 -319.743 0.817
70.607 -83.750 -316.117 1.109
70.056 -7.070 -326.185 0.998
-13.467 -99.355 -344.675 1.180
7.818 -1.602 -369.354 1.180
89.582 -21.506 -300.703 0.947
-70.677 -93.335 -450.322 1.005
63.912 58.519 -322.878 1.123
24.427 -36.687 -437.791 1.104
96.126 66.587 -383.636 0.944
-76.977 -87.875 -490.813 1.057
-0.334 -90.151 -326.857 0.991
-86.271 14.258 -410.854 0.827
99.744 -99.118 -334.738 0.966
-43.443 56.650 -408.017 0.986
38.088 92.737 -309.235 1.043
-56.146 -0.580 -330.365 1.094
-5.303 46.319 -374.244 0.979
-78.751 -94.782 -331.941 1.117
-16.083 -34.916 -341.110 0.946
82.023 68.687 -358.936 0.931
-78.381 60.169 -327.262 1.030
-95.485 34.604 -435.343 0.932
-30.681 -21.926 -471.682 1.096
-95.700 -56.182 -464.076 0.966
-79.804 30.351 -329.599 0.980
-0.833 11.321 -362.127 1.053
72.812 57.908 -312.736 1.055
59.095 -67.672 -458.958 1.063
-10.211 38.010 -305.411 1.111
-56.202 8.985 -420.337 1.096
-43.724 14.134 -460.491 0.983
-68.152 -3.563 -348.087 1.112
12.381 37.469 -366.726 0.816
-26.535 -24.354 -416.245 0.864
23.332 -49.926 -415.168 1.245
-29.087 43.805 -301.526 0.893
-7.827 21.852 -432.383 0.958
60.368 -14.863 -468.849 0.851
-14.811 -76.898 -462.384 1.049
-61.760 72.327 -386.093 0.942
-3.309 70.380 -443.293 0.931
72.738 -65.222 -332.531 0.832
56.336 39.687 -366.836 0.886
20.107 1.624 -456.669 0.931
82.712 -18.982 -498.522 1.018
85.417 -41.349 -379.445 1.041
-70.662 -4.506 -372.862 1.058
62.351 77.442 -437.127 0.984
20.988 -21.369 -405.522 0.856
53.332 -49.567 -411.237 1.134
22.429 31.310 -371.571 0.888
92.836 78.650 -448.947 1.150
48.826 -15.155 -332.583 0.816
6.461 50.003 -362.153 0.835
78.809 -84.360 -320.283 1.061
12.838 27.279 -451.880 0.805
-98.347 -36.581 -460.257 1.087
44.377 -58.419 -319.992 1.133
71.870 -46.766 -471.838 1.029
63.899 79.006 -479.131 1.000
22.104 64.403 -367.579 0.923
72.161 99.563 -315.591 0.980
-40.649 54.313 -341.723 1.277
82.241 18.257 -380.486 1.127
67.191 -4.529 -415.265 1.048
71.871 37.341 -347.284 1.208
-30.824 24.898 -377.859 0.879
-73.736 -64.058 -396.037 1.019
31.623 39.960 -407.742 1.126
73.547 -20.594 -437.840 1.001
-22.545 72.925 -420.309 1.011
15.018 47.951 -446.342 1.057
12.151 84.419 -457.090 0.893
-29.666 -47.936 -407.827 0.993
50.478 -20.865 -379.599 1.154
2.895 54.073 -437.554 0.896
98.130 -49.928 -498.966 1.198
95.481 65.641 -392.852 0.940
-43.544 82.088 -420.362 0.951
-17.021 -76.067 -300.500 0.907
-80.771 21.837 -335.814 0.934
-94.531 31.713 -469.422 0.955
0.457 -90.371 -410.850 0.992
-42.772 55.383 -425.442 0.922
-32.917 -5.191 -400.420 0.958
47.935 49.453 -481.899 0.792
-86.486 -26.286 -360.878 0.818
-32.945 87.623 -306.478 0.926
-9.660 91.067 -450.123 1.061
-51.375 71.370 -492.444 0.936
-81.132 -30.822 -383.823 1.036
-27.266 60.791 -430.260 0.965
-77.984 -52.577 -457.846 1.133
-72.809 -43.006 -493.067 1.035
-6.599 89.843 -428.214 1.165
-15.114 -89.471 -440.964 1.049
19.734 1.516 -386.982 0.928
-94.916 54.518 -339.573 1.086
-82.472 -79.768 -378.768 1.144
-22.606 -90.670 -361.518 1.161
79.415 11.062 -439.632 0.850
-58.087 -11.310 -424.864 0.731
7.281 3.706 -368.192 1.068
-12.974 -64.603 -438.313 1.102
80.770 -14.929 -418.652 1.094
74.850 84.236 -361.181 1.020
45.610 30.245 -409.268 1.012
-55.276 -57.690 -497.819 0.843
56.294 -50.781 -483.937 0.927
95.571 85.867 -351.385 1.064
-58.147 18.574 -300.513 1.073
-19.714 -17.400 -380.794 0.918
-32.356 -51.904 -415.751 0.973
-73.072 -48.874 -427.026 0.873
36.923 -33.311 -308.647 0.958
49.534 -28.992 -477.788 0.973
7.652 49.651 -348.938 1.024
-55.519 49.759 -342.438 0.929
-79.847 77.213 -344.004 1.099
-67.548 93.127 -339.293 0.962
-46.147 36.205 -387.162 0.911
60.805 94.698 -455.184 0.976
-3.660 -29.132 -434.262 0.810
19.760 27.655 -301.121 0.969
87.367 29.098 -438.535 0.971
-28.893 -78.502 -388.071 0.991
76.053 3.328 -395.158 0.989
-80.234 7.837 -473.814 0.860
-76.301 59.905 -341.063 1.080
-41.140 73.638 -365.694 1.059
-2.383 96.405 -472.428 0.931
77.580 67.929 -398.833 0.907
-50.916 91.248 -487.379 1.018
-28.885 55.220 -392.293 1.083
96.860 -42.153 -489.994 1.157
47.762 82.125 -385.060 1.026
35.897 -9.694 -346.107 0.906
36.858 76.104 -351.130 0.985
15.014 64.299 -335.874 0.849
-11.189 -74.349 -482.322 1.005
-76.687 34.574 -326.610 0.870
28.495 55.171 -441.479 1.205
-57.320 21.196 -328.620 0.867
8.151 -67.289 -469.857 0.985
74.938 -76.708 -335.785 1.103
7.592 27.961 -497.089 1.045
48.994 42.894 -473.687 1.099
88.052 45.999 -448.092 1.039
78.612 -73.315 -481.368 1.003
-35.853 80.983 -490.287 0.898
-39.013 -80.092 -360.813 0.927
-83.524 85.540 -482.718 1.039
-39.905 -57.961 -367.995 1.050
80.888 -90.474 -363.863 0.943
-67.253 43.631 -323.909 0.836
-92.910 -25.700 -365.156 1.019
-62.276 72.688 -358.263 1.016
6.978 13.895 -421.917 0.994
33.622 40.890 -434.391 1.123
-92.527 50.523 -322.700 1.040
-30.147 62.774 -420.595 1.138
11.397 43.933 -340.496 0.883
53.917 82.464 -464.667 1.050
-20.512 -73.170 -406.733 0.842
71.231 66.766 -361.406 1.000
71.932 -55.792 -363.882 0.923
-43.881 -64.180 -319.309 1.249
-65.685 25.058 -423.616 0.980
95.559 10.273 -480.761 0.951
91.355 -55.425 -363.814 0.969
-56.801 -46.046 -381.534 0.989
98.062 -75.953 -496.555 0.925
-48.865 14.318 -395.648 1.170
1.251 -60.014 -310.731 1.137
95.953 -70.508 -425.676 1.084
-40.483 -71.296 -386.761 0.950
-1.403 -46.381 -486.369 0.765
42.102 23.678 -408.722 1.096
-22.702 45.497 -375.624 1.094
12.026 -82.774 -343.164 1.111
-50.209 80.200 -430.052 1.003
-75.605 35.874 -406.258 0.977
74.242 -87.815 -437.071 1.287
-6.212 7.894 -414.562 0.974
47.001 -74.922 -354.005 1.058
81.958 -88.400 -368.136 1.026
15.363 -71.239 -469.937 0.978
-13.073 -9.812 -449.733 1.006
-73.106 61.149 -433.806 0.929
-95.054 -31.227 -431.901 0.981
85.093 89.085 -454.758 0.949
-16.642 92.857 -459.629 1.139
-91.239 14.104 -302.882 0.924
-56.423 -82.260 -408.555 1.112
18.833 -97.593 -302.731 1.125
-54.500 95.378 -346.686 1.055
77.243 -41.460 -397.204 0.965
2.672 -29.155 -347.807 0.781
21.482 -22.394 -481.552 0.966
-54.600 29.023 -464.731 0.924
29.385 26.811 -498.384 0.801
-59.908 -76.849 -466.085 0.973
71.957 86.831 -477.905 1.041
93.184 -33.093 -366.268 1.077
74.333 -22.083 -409.412 0.972
85.016 58.581 -320.135 0.969
-77.343 -3.980 -398.880 1.083
30.433 -43.664 -450.468 0.777
65.893 -10.229 -495.348 0.955
-75.810 -85.122 -376.375 1.146
-17.551 62.724 -353.829 1.011
-54.116 -93.003 -325.354 0.836
-80.592 64.448 -483.640 0.875
-5.551 2.809 -400.691 1.178
7.793 62.392 -374.996 0.873
-58.611 46.255 -417.475 0.918
35.184 -53.683 -349.706 0.851
50.885 35.833 -326.926 1.090
-23.271 -60.678 -424.116 1.036
19.140 69.406 -361.070 1.111
94.529 -23.186 -323.713 0.931
59.482 -29.136 -339.818 1.082
19.162 -86.785 -412.006 1.052
76.295 -96.992 -490.999 1.162
36.346 -13.899 -494.662 1.051
73.251 -82.551 -322.893 1.011
94.841 14.666 -394.845 1.025
-21.328 -80.158 -412.158 1.179
-10.711 25.081 -423.891 0.987
-72.982 -45.996 -399.550 1.155
-56.911 -35.980 -420.280 0.987
94.906 81.620 -414.529 0.784
-83.134 86.644 -396.568 1.079
85.050 38.377 -424.475 0.982
-66.594 32.861 -415.905 0.911
2.912 50.921 -477.460 1.020
-49.160 -61.101 -310.947 0.910
94.972 -81.113 -302.984 1.009
-49.123 94.803 -314.021 1.015
0.007 -1.411 -309.653 1.023
-70.317 -21.841 -462.711 1.048
17.282 -92.479 -425.074 1.038
-57.004 86.320 -426.946 1.040
74.089 68.065 -355.311 1.040
-76.988 88.133 -380.075 0.974
-19.355 -63.155 -331.377 1.067
43.754 27.490 -497.538 1.025
-1.170 64.437 -484.481 1.011
46.159 -50.527 -325.346 0.924
-1.444 94.760 -390.869 1.108
-12.443 -36.185 -489.775 0.972
97.597 0.510 -369.880 1.002
35.288 88.926 -343.965 0.924
75.231 -98.111 -443.444 0.985
66.686 78.987 -311.617 1.101
-66.462 -6.084 -473.507 1.037
83.898 -34.998 -475.070 0.954
36.328 85.158 -497.344 0.949
-50.212 67.007 -327.253 1.168
54.525 5.955 -360.501 0.952
-65.318 1.900 -456.512 0.948
-52.100 64.509 -475.848 1.082
-58.446 62.879 -320.439 0.897
40.448 80.343 -330.384 0.991
55.845 -21.971 -316.843 1.007
32.003 -50.313 -349.156 1.060
-38.353 56.887 -312.560 0.985
-90.956 59.664 -476.481 0.947
95.329 9.540 -427.692 0.949
51.589 -90.016 -466.686 1.002
-46.533 78.259 -436.164 0.753
-31.359 -96.760 -392.039 1.090
82.467 56.483 -373.720 0.910
23.866 93.260 -310.676 0.993
31.503 -28.398 -459.730 1.025
58.653 -80.484 -339.478 0.909
-92.857 -37.628 -466.490 0.818
-55.459 -71.681 -360.658 1.035
-9.772 59.654 -480.975 0.985
97.957 -30.580 -395.099 0.867
-54.516 -39.826 -473.752 1.036
20.009 54.921 -465.112 1.070
6.392 -56.023 -339.110 1.084
-34.296 -10.797 -361.267 0.932
-61.826 57.729 -456.831 0.944
-23.596 46.991 -385.562 1.058
-30.700 99.840 -316.405 1.112
33.842 -79.454 -343.792 0.892
47.193 64.820 -396.373 0.858
-14.328 -57.177 -315.574 1.008
88.525 44.233 -364.477 0.931
42.329 -78.394 -360.345 1.080
92.965 -12.309 -419.033 0.986
42.158 -75.192 -436.590 1.105
34.216 -65.210 -497.163 0.855
38.493 60.579 -336.792 0.954
78.687 28.615 -468.913 1.067
-82.097 -82.870 -489.827 0.935
34.744 -13.037 -398.922 1.080
17.453 49.714 -385.485 1.191
-92.087 17.890 -486.059 1.046
35.197 -57.132 -446.673 0.978
-66.237 -44.309 -327.063 0.978
-15.797 -14.094 -376.670 0.884
24.562 34.121 -389.693 1.023
-73.252 -55.793 -349.322 1.025
-22.213 14.153 -396.595 0.781
-89.229 86.177 -480.920 1.145
37.854 -44.390 -463.008 1.125
-93.439 42.170 -492.384 1.127
57.231 -62.401 -455.440 1.017
-38.643 -0.912 -404.818 1.106
68.157 32.090 -305.785 1.195
-89.178 93.207 -412.482 0.821
-89.621 9.876 -435.639 1.217
-88.829 -43.977 -489.806 0.987
-61.064 81.080 -373.484 0.853
86.288 1.209 -457.721 1.045
37.089 -30.849 -322.417 0.947
86.843 32.485 -330.143 1.079
17.284 62.025 -469.315 1.006
-92.757 -1.756 -483.679 0.910
35.882 45.034 -376.210 0.783
95.184 5.732 -347.140 1.109
18.487 16.850 -416.042 1.103
12.488 62.634 -391.335 1.052
-45.917 -64.390 -303.901 0.964
-95.569 -9.324 -351.649 1.001
81.177 -68.302 -402.462 0.943
84.118 0.077 -444.462 0.997
-55.143 33.030 -440.911 1.063
-82.885 -24.223 -339.574 1.007
47.561 -87.537 -395.702 0.951
-96.111 -57.850 -401.610 1.040
-37.530 35.533 -314.107 1.059
-42.424 34.113 -378.794 1.079
37.777 84.491 -363.635 0.836
-62.283 -49.082 -419.518 1.050
-96.301 6.268 -429.932 1.107
80.029 -22.755 -414.429 1.070
21.316 16.943 -307.988 1.042
-65.789 -32.201 -433.522 0.914
22.840 -0.618 -383.588 1.044
40.517 85.865 -445.530 0.877
47.863 7.542 -329.876 0.844
-54.041 -8.515 -475.956 1.064
94.653 19.679 -461.772 1.165
68.736 -82.832 -420.431 1.109
75.197 -15.815 -385.470 0.963
73.896 90.687 -308.896 0.959
-93.519 91.182 -326.299 0.821
69.795 78.685 -421.651 0.847
13.812 -30.650 -473.115 0.883
-41.602 20.779 -304.152 0.907
7.827 87.457 -468.264 0.821
16.300 -18.294 -324.385 0.889
-18.374 -0.971 -373.898 0.989
-19.648 -48.961 -460.001 1.025
-76.250 33.867 -321.932 0.926
32.477 -7.093 -459.404 1.157
8.895 -2.086 -496.710 0.760
16.084 2.911 -359.257 1.051
43.742 75.459 -466.039 1.228
47.911 -0.046 -406.554 0.814
-45.373 32.337 -303.012 1.051
46.351 13.591 -386.473 1.097
58.224 -91.319 -377.585 1.034
19.048 -83.441 -455.259 0.863
13.635 61.222 -415.116 0.969
-40.586 -27.059 -459.468 1.091
85.311 -28.984 -395.595 0.924
49.122 50.334 -386.301 0.827
34.043 -19.457 -371.876 0.806
66.474 38.788 -392.292 1.231
-54.949 59.045 -325.992 1.036
18.643 67.352 -346.370 0.921
27.938 62.202 -347.685 1.056
79.052 32.633 -464.349 1.009
86.621 86.301 -443.200 0.918
-70.577 42.956 -406.622 1.034
-15.540 81.000 -434.276 0.990
-64.530 -39.150 -385.281 0.832
-28.041 -45.418 -437.745 1.052
91.513 -90.794 -476.734 1.030
-74.903 7.165 -434.772 0.935
50.001 -66.878 -390.490 0.897
42.612 26.760 -411.189 0.917
63.565 -11.548 -461.037 1.166
-45.123 45.190 -335.377 1.054
15.380 -77.664 -487.532 0.915
31.012 55.108 -409.120 0.937
3.765 -24.734 -438.429 1.071
26.370 12.572 -317.171 1.062
72.092 90.607 -310.199 1.102
54.810 24.968 -310.790 0.892
-88.432 -78.772 -374.735 1.082
-35.194 -92.699 -442.260 0.988
30.732 39.318 -444.787 0.745
-68.336 39.250 -479.335 0.948
0.018 -85.108 -428.618 0.870
-75.872 -26.366 -327.180 1.220
41.884 -26.232 -451.079 0.975
-34.873 44.858 -334.533 1.126
-89.035 -15.807 -458.176 1.073
42.613 4.535 -430.843 0.936
62.364 -98.563 -307.379 0.854
-20.459 20.437 -386.097 1.117
-53.307 10.051 -456.626 1.061
-1.518 5.040 -362.911 0.974
54.649 34.671 -484.109 0.805
-2.503 97.859 -312.823 1.179
40.818 49.444 -441.892 1.142
-44.499 -16.764 -353.576 1.021
93.595 -27.941 -329.532 1.048
17.307 1.953 -474.493 1.055
-90.422 -41.797 -447.095 1.032
-40.695 -69.296 -384.676 1.022
31.830 43.849 -396.554 0.990
0.621 45.256 -492.722 0.954
32.975 -4.698 -330.950 0.989
-22.390 -33.960 -409.614 1.012
-73.679 63.900 -464.947 1.105
0.872 93.076 -384.191 0.914
73.265 0.806 -388.883 1.015
96.478 -61.714 -459.944 1.113
25.500 59.965 -315.050 1.067
57.359 82.643 -468.469 0.963
-80.262 57.915 -303.882 1.043
-99.818 77.779 -323.323 0.897
24.081 26.808 -315.992 1.010
3.037 -90.392 -357.958 0.852
-26.263 39.334 -480.065 0.903
92.924 -17.233 -489.461 0.927
19.019 -69.118 -491.301 0.745
-28.735 -13.046 -329.876 1.030
18.058 49.746 -361.528 0.900
26.375 -21.141 -309.243 1.024
-47.752 -95.632 -451.491 0.883
-76.171 -19.138 -425.118 1.082
62.821 9.895 -435.746 1.015
28.851 18.747 -430.466 1.060
-61.231 35.095 -473.535 1.079
-45.557 -88.412 -393.423 0.941
-55.523 53.776 -391.264 0.932
-41.718 27.923 -407.254 1.131
-13.380 46.773 -341.173 0.933
70.213 16.779 -357.918 0.969
79.111 53.261 -306.527 0.893
-2.926 -72.602 -371.394 0.846
-69.360 16.337 -377.903 1.073
96.952 27.756 -336.267 0.792
-26.865 -24.237 -335.609 0.807
-9.680 50.964 -306.789 1.127
-30.161 78.979 -350.726 0.990
-83.260 39.718 -402.910 1.285
54.052 -13.098 -414.924 0.990
-29.937 -73.825 -304.894 1.041
-53.804 36.420 -328.691 1.180
37.031 29.979 -442.260 1.063
9.253 -53.870 -399.068 1.090
70.275 -60.741 -458.355 0.986
-91.479 3.364 -334.561 0.881
-99.817 6.676 -463.574 0.978
55.838 -12.028 -380.356 0.812
0.111 1.584 -401.391 1.071
63.673 44.857 -448.320 0.942
0.586 -54.407 -445.668 1.037
-15.235 86.923 -350.913 1.114
93.200 94.590 -375.340 1.110
94.446 -43.783 -412.438 0.947
37.373 -44.154 -479.627 0.809
30.973 55.987 -303.460 0.846
17.169 17.892 -330.253 1.106
-78.742 -58.870 -467.843 1.059
16.641 -34.815 -312.326 1.037
-34.903 53.510 -401.332 1.060
-73.848 -50.293 -419.767 1.081
-47.621 60.251 -446.818 1.092
-96.818 33.530 -308.404 1.002
-30.578 -71.293 -329.848 1.061
85.824 55.556 -311.791 0.903
-81.830 -5.704 -361.516 1.060
67.387 44.066 -396.005 1.126
90.959 -54.909 -469.761 1.052
-45.850 67.238 -301.344 0.889
-90.410 3.710 -387.151 0.993
71.980 -3.593 -420.997 1.076
-14.553 15.700 -467.751 1.061
-14.024 48.057 -411.873 0.995
63.504 73.726 -473.220 0.890
-49.669 -34.138 -447.841 1.154
-2.001 -33.682 -411.160 0.836
25.701 45.296 -421.940 0.908
-15.849 63.517 -494.884 1.007
-13.709 -41.234 -499.758 1.086
-42.201 -77.284 -474.788 0.998
-89.403 -66.865 -372.973 0.985
69.518 60.624 -417.260 0.807
-66.358 74.754 -381.216 1.022
28.127 -58.425 -498.752 0.957
-24.649 73.180 -498.935 0.835
26.339 -72.833 -478.099 1.118
-57.362 37.669 -439.043 1.053
-79.355 -23.308 -404.883 0.861
-31.050 -73.251 -456.709 1.120
93.068 79.576 -304.964 1.243
-43.755 -11.921 -315.574 0.899
-74.930 -28.793 -433.745 0.947
-97.249 -51.209 -420.714 0.990
-84.225 27.067 -444.319 0.977
-67.934 16.976 -415.311 1.091
6.863 -13.019 -342.373 0.891
25.964 90.058 -323.594 1.213
28.289 33.116 -382.987 0.867
-32.519 88.049 -452.487 1.072
22.732 -32.447 -311.895 0.926
-10.339 57.793 -467.121 1.065
88.267 9.708 -409.413 0.976
-91.740 -32.873 -492.959 1.006
49.993 -42.394 -461.079 0.821
57.719 -35.225 -463.974 0.972
75.119 12.296 -409.245 0.955
65.894 -43.329 -349.213 1.077
87.375 48.419 -460.640 1.086
-55.079 98.322 -473.236 0.912
-72.777 68.054 -453.384 0.970
20.770 -52.501 -313.016 0.865
31.614 93.717 -386.090 0.879
-4.713 -41.863 -450.997 0.903
26.713 60.571 -464.319 0.906
-53.224 56.672 -404.132 0.965
19.987 31.061 -373.055 0.947
92.934 13.271 -467.231 1.012
-33.754 94.208 -491.304 0.886
31.909 72.865 -474.076 0.978
-75.673 70.812 -465.646 0.945
75.816 25.683 -304.457 1.030
-1.463 18.043 -478.059 0.975
-96.596 -49.235 -461.325 0.987
-79.632 -30.164 -481.989 1.098
-3.246 17.491 -338.352 1.021
25.969 39.925 -303.833 1.212
-73.009 0.173 -352.101 1.060
79.544 -42.463 -413.362 0.993
87.732 -23.463 -485.127 1.033
74.122 -30.600 -433.216 1.065
38.169 -7.261 -463.094 1.023
90.860 1.219 -439.846 0.999
59.159 53.391 -488.642 0.848
-64.761 -87.818 -483.581 1.033
90.994 -43.624 -469.307 1.052
-31.878 48.530 -468.824 1.047
36.569 43.853 -465.083 1.098
41.264 23.733 -449.487 1.173
-92.698 -21.305 -469.939 1.034
-47.436 -86.593 -328.805 1.062
16.511 38.946 -304.576 0.944
-36.760 -86.157 -441.739 0.784
34.847 59.475 -351.768 0.927
-33.142 -20.479 -429.884 0.850
59.972 92.047 -307.064 1.155
46.458 67.515 -499.954 0.977
-60.078 -75.661 -357.445 1.055
-71.506 -80.177 -369.707 0.794
70.734 62.245 -392.697 0.971
-7.720 92.245 -343.497 0.847
73.949 -97.970 -493.551 0.948
-86.920 98.246 -420.867 0.988
-85.216 -61.847 -424.216 0.983
63.877 -48.090 -445.231 1.017
46.113 53.864 -406.114 1.032
60.140 -71.004 -328.136 1.131
-10.850 -40.291 -420.487 0.952
-18.636 -9.552 -426.791 1.072
-52.830 47.205 -362.625 0.981
41.435 58.150 -485.591 1.005
-1.252 65.460 -345.134 1.240
78.992 43.389 -353.356 0.984
91.916 90.817 -308.549 1.179
82.548 -66.211 -417.324 0.893
5.658 -49.787 -353.835 1.072
-4.268 51.975 -390.819 0.944
-30.159 16.203 -342.348 1.007
42.942 -97.226 -307.315 1.046
-77.507 93.360 -340.735 0.804
-62.741 96.208 -434.621 0.975
7.980 45.873 -384.031 1.188
94.512 -79.271 -420.292 0.910
44.159 52.233 -491.269 1.078
-73.757 41.778 -312.374 1.040
74.958 -20.893 -397.433 1.107
-13.768 -26.263 -342.147 1.016
94.845 69.362 -476.046 0.971
77.734 51.089 -312.043 1.120
7.372 -6.004 -415.963 1.005
-6.459 45.621 -473.005 0.967
63.917 -47.898 -488.336 1.002
-85.753 -34.860 -367.635 1.145
-3.633 -9.179 -355.596 0.832
67.557 -2.133 -408.288 0.969
-27.450 -34.559 -348.577 1.001
-20.466 -19.733 -318.629 1.052
7.195 90.228 -398.964 0.867
-36.482 -46.402 -388.394 0.972
84.728 -62.471 -339.319 0.986
60.086 23.368 -405.409 0.988
1.529 69.494 -370.433 1.139
27.401 75.978 -433.773 1.090
40.358 43.587 -469.950 1.050
-33.119 6.728 -353.397 0.928
-42.551 25.345 -408.192 1.064
79.028 11.911 -332.133 1.055
88.394 31.878 -410.538 0.784
49.057 -79.970 -367.962 1.064
-15.345 27.125 -366.126 1.062
-61.285 -95.573 -438.559 1.057
8.972 59.976 -393.244 0.952
87.395 -59.706 -460.829 1.039
21.945 -23.306 -374.335 1.245
85.231 1.283 -497.644 1.022
-79.881 -11.494 -443.351 1.016
57.489 20.340 -398.960 1.022
-17.111 -32.764 -414.470 0.897
4.546 -92.592 -427.150 0.931
69.147 82.669 -466.139 0.958
-73.521 -5.910 -401.681 1.057
-21.758 54.101 -320.818 0.988
-49.774 73.684 -400.663 0.882
79.498 -40.401 -398.485 0.804
34.309 21.898 -472.475 0.913
-48.269 26.756 -440.546 0.998
-84.313 -44.229 -430.348 0.949
-85.431 17.149 -410.119 0.970
11.547 62.977 -414.781 0.953
-46.703 -53.643 -309.785 0.969
73.987 -61.170 -452.186 0.826
36.933 -49.346 -479.201 1.099
-52.541 1.100 -320.050 1.033
14.958 -5.099 -349.252 0.957
27.242 -49.275 -367.321 1.096
43.805 54.540 -447.642 0.982
6.762 -64.431 -451.602 1.105
