-53.128 -49.249 -400.648 0.997
-48.741 1.723 -406.826 1.158
65.729 78.668 -381.439 1.074
-51.919 99.804 -456.055 0.884
62.196 96.668 -399.144 1.042
-93.442 76.866 -316.351 0.950
4.035 -66.544 -458.577 1.196
-73.920 -27.816 -495.197 1.175
30.712 57.361 -429.322 1.037
43.100 81.037 -302.731 1.002
-21.052 76.873 -368.312 0.936
84.777 -65.041 -359.910 0.893
70.548 31.625 -468.582 1.042
-68.499 60.305 -435.979 0.916
74.929 45.137 -341.063 0.882
85.160 -94.917 -453.431 1.018
-7.653 36.184 -395.194 0.915
82.358 16.013 -392.255 0.959
72.031 89.020 -370.727 1.143
85.682 8.857 -343.903 0.870
-45.440 -86.086 -411.328 0.983
71.441 61.452 -364.057 1.016
39.575 73.623 -398.819 1.006
-95.871 -49.112 -356.963 0.899
58.281 -76.184 -394.450 0.967
-41.870 65.693 -319.435 1.036
-86.553 17.408 -305.684 0.955
81.613 -53.504 -456.880 0.986
-46.581 -36.674 -364.001 1.014
22.833 -26.086 -474.531 0.916
68.319 -48.945 -356.402 1.146
-35.427 -67.676 -387.774 0.895
80.824 1.445 -337.408 0.999
55.061 51.080 -417.095 0.854
81.040 -39.384 -382.173 1.059
-77.326 71.415 -436.953 1.005
-79.036 29.269 -391.345 1.004
-88.285 -69.278 -305.487 0.973
23.329 25.097 -420.291 0.950
4.658 24.612 -426.772 1.020
-82.483 -92.428 -419.174 1.014
63.646 -83.432 -402.937 0.951
60.386 45.256 -386.830 1.028
83.296 -10.849 -484.491 1.146
8.498 21.511 -324.221 1.113
69.447 -24.396 -498.340 1.136
16.155 52.784 -404.036 0.942
4.727 -20.959 -439.705 0.856
86.091 12.408 -384.982 0.966
78.840 59.104 -387.241 0.964
0.073 -9.166 -440.219 1.024
32.497 -98.033 -352.948 1.128
-44.632 -13.550 -373.354 0.989
-11.278 -95.823 -459.531 0.969
16.117 36.199 -415.454 1.013
93.234 -33.476 -399.258 1.001
-8.950 -33.990 -496.663 0.927
11.588 11.105 -333.063 0.998
-22.903 99.542 -406.960 0.953
-18.180 -7.587 -393.903 0.993
78.428 43.485 -386.218 0.962
10.729 82.396 -429.721 0.964
-92.267 -29.058 -376.066 0.880
-11.388 -72.626 -302.333 0.886
74.112 83.803 -499.944 0.967
91.382 90.728 -422.398 0.938
-55.126 85.917 -452.748 1.133
81.724 11.006 -387.713 0.980
-16.792 36.891 -463.357 0.968
67.603 59.027 -411.432 1.042
-57.976 -91.761 -317.225 0.977
48.287 -35.935 -377.271 1.023
32.197 39.589 -457.453 0.917
-21.583 45.282 -445.315 0.963
25.178 74.922 -442.187 1.014
-69.558 31.356 -419.896 0.885
19.363 4.296 -397.348 1.039
-23.353 39.728 -446.637 0.913
27.213 -74.306 -419.867 1.088
65.599 -69.443 -394.328 1.115
-16.153 32.242 -452.759 0.929
-95.443 -88.409 -342.848 1.022
-48.333 -86.930 -454.682 0.862
20.835 13.269 -404.814 0.942
-76.048 -24.750 -353.774 1.064
76.262 -65.074 -444.042 1.049
-9.532 -6.449 -408.086 0.749
-66.810 -55.087 -442.645 0.956
14.967 19.608 -362.330 0.959
59.218 -11.655 -444.372 0.884
69.995 -71.257 -418.756 1.104
-59.735 78.691 -318.583 1.180
14.192 -13.686 -323.536 0.931
-63.592 -26.587 -435.621 0.907
21.116 -49.542 -400.445 1.099
-43.108 43.215 -409.300 0.953
48.913 -31.366 -381.237 1.116
-52.620 59.201 -386.845 0.922
60.610 -85.336 -484.865 1.018
67.321 89.861 -438.929 1.126
-83.645 94.557 -379.738 0.980
-16.430 72.270 -360.849 0.816
-10.483 -22.450 -346.651 0.988
-94.398 66.189 -344.365 1.016
28.924 21.732 -394.926 0.919
-28.040 33.307 -458.555 1.149
30.110 -53.582 -416.200 1.018
60.240 72.152 -455.830 0.715
80.703 14.999 -404.666 1.014
20.963 58.913 -440.824 1.176
83.329 45.881 -325.329 1.196
93.269 0.182 -454.658 1.130
-49.965 -56.577 -335.124 0.836
51.714 -83.428 -336.862 1.245
33.425 -25.676 -400.005 0.882
-14.979 88.738 -413.242 1.042
-15.278 51.976 -362.214 0.916
-97.156 -43.280 -411.289 1.049
-84.938 -10.502 -380.381 0.910
89.839 -11.075 -470.627 1.078
-37.447 -85.591 -340.743 1.045
-42.877 -30.626 -438.425 0.839
-50.138 -61.980 -371.182 1.067
-25.382 46.033 -388.021 1.165
96.261 -13.267 -424.205 0.911
-37.564 -48.998 -313.134 1.027
63.343 96.656 -366.981 1.084
97.627 -11.618 -416.722 1.026
84.012 -76.393 -415.248 1.079
-48.955 -52.936 -334.221 1.041
-75.258 2.427 -478.868 0.972
-31.554 2.185 -348.711 0.814
-33.946 51.480 -399.659 1.100
94.433 -92.249 -338.664 0.989
3.173 -74.751 -315.931 1.058
4.797 -81.689 -337.044 0.983
-46.024 25.727 -437.595 1.139
-36.475 -71.235 -477.453 0.951
94.489 -29.010 -345.336 1.063
-75.724 27.314 -367.781 1.130
90.192 78.906 -475.423 0.963
29.342 35.888 -435.038 0.858
3.697 94.083 -455.089 0.960
-9.398 -62.193 -376.613 1.013
-69.930 -28.792 -353.604 1.066
91.876 -50.156 -340.447 1.053
37.999 -62.262 -347.502 0.859
91.500 -57.787 -448.692 1.011
-33.315 21.918 -309.235 1.008
61.165 -37.602 -490.795 1.221
50.766 -26.355 -474.746 0.864
45.406 -44.417 -492.859 1.066
35.911 -26.032 -313.440 0.960
57.535 5.542 -419.532 0.906
-89.677 -72.403 -494.711 0.749
66.335 88.216 -499.012 0.979
60.167 -29.859 -422.119 0.872
5.588 24.020 -322.267 0.914
54.078 92.516 -468.838 1.021
-45.228 4.279 -400.959 0.870
7.907 85.458 -454.925 0.884
7.121 85.605 -323.293 1.059
-69.062 -51.139 -386.877 1.106
-90.568 -26.195 -418.472 0.965
31.522 90.584 -465.296 0.892
77.142 44.301 -364.255 0.927
24.923 50.241 -331.498 1.052
78.523 -53.549 -416.027 1.131
76.296 -88.372 -330.274 0.830
-81.545 -2.650 -399.218 1.059
0.131 80.255 -307.677 1.121
44.243 2.876 -325.951 1.017
43.302 -0.125 -360.084 0.974
-45.866 -55.002 -399.966 0.829
-2.037 47.788 -362.937 0.985
-47.259 -65.152 -433.498 1.101
46.736 91.525 -474.956 0.968
17.525 48.240 -328.175 1.022
-12.890 -5.907 -490.569 0.802
22.526 -24.378 -388.475 1.051
-43.156 78.779 -412.515 0.924
-33.679 -78.467 -304.761 0.920
-8.675 -37.101 -472.830 1.042
-7.158 -57.978 -304.394 0.961
-90.588 80.033 -366.708 1.022
47.460 -56.433 -371.246 1.101
-4.904 65.369 -300.437 1.030
-8.529 -75.822 -381.485 1.040
-91.119 95.416 -436.785 0.966
50.116 -67.986 -464.120 1.057
-21.593 -42.313 -326.551 1.045
25.648 31.534 -488.354 0.877
12.562 -37.987 -456.982 0.989
88.058 -86.751 -486.129 1.123
-4.650 -25.323 -396.310 0.830
-41.714 29.847 -361.570 0.985
-47.176 -98.722 -326.152 0.994
-14.170 -80.102 -499.788 1.056
53.913 15.558 -348.940 1.168
-89.059 -84.079 -324.378 1.048
63.205 -91.454 -447.160 1.105
-61.627 34.832 -473.807 1.057
-24.410 33.759 -462.266 0.984
33.117 5.071 -372.951 1.066
-34.287 5.504 -485.779 1.005
62.111 79.615 -422.677 1.005
-52.113 -95.735 -471.657 0.957
-4.925 57.371 -338.546 1.002
-11.300 48.527 -327.192 1.082
54.795 38.589 -351.877 1.041
6.783 -76.942 -492.435 0.863
-26.705 -81.023 -303.332 0.952
-94.621 -13.313 -381.639 0.952
-18.474 -18.351 -432.708 0.920
-66.633 -28.682 -405.287 0.766
-31.835 19.821 -338.618 1.127
-93.455 11.660 -369.412 0.959
-29.960 91.166 -499.926 1.150
-64.094 16.680 -395.280 1.073
-92.322 45.560 -314.725 1.144
66.035 91.015 -471.123 1.027
-30.816 9.892 -458.631 0.926
-9.606 78.804 -332.665 0.979
44.331 -15.223 -477.478 0.886
77.199 42.478 -421.958 0.910
-97.221 -52.312 -446.620 0.886
-11.875 86.551 -326.099 1.085
-82.656 26.548 -343.302 1.059
-68.855 77.366 -412.548 1.056
-83.698 -19.637 -384.140 0.941
-75.794 -38.502 -344.342 1.007
-49.285 95.918 -449.977 1.095
-49.808 29.785 -494.161 1.130
28.186 -85.290 -351.896 1.158
4.387 -53.681 -345.174 1.007
-56.181 -63.588 -329.205 0.960
-54.785 48.538 -475.560 0.797
91.610 56.274 -441.722 1.243
-97.487 81.558 -367.006 1.174
-39.549 91.169 -418.555 0.934
43.131 50.233 -380.031 1.120
-26.021 -9.129 -342.540 0.991
51.324 37.947 -356.203 1.042
-57.879 -2.425 -497.274 0.874
-63.952 33.131 -429.702 0.938
60.194 -20.660 -445.747 0.900
-60.210 -57.674 -480.827 1.020
23.670 -72.338 -405.164 0.898
1.330 11.915 -354.107 0.893
-15.164 -40.540 -351.266 1.103
-55.563 35.445 -481.774 1.084
-83.532 -81.080 -369.019 1.084
35.357 62.799 -440.563 1.031
-78.471 83.347 -301.002 1.061
-13.173 -54.233 -325.086 1.159
-38.237 -9.307 -435.479 1.120
36.238 46.382 -476.665 1.042
99.962 98.455 -433.251 1.021
31.955 79.603 -498.474 1.091
17.180 -70.789 -316.598 0.989
54.736 -6.020 -393.698 1.097
-33.492 -76.587 -376.219 0.972
-83.872 87.705 -498.647 0.962
-62.327 -84.207 -350.517 0.954
-94.217 -6.778 -386.392 0.913
-88.881 -49.402 -416.486 1.123
10.185 42.434 -426.298 1.312
-15.829 54.061 -439.238 0.883
-74.772 -28.929 -443.292 1.064
-17.672 -30.808 -405.344 1.061
25.976 -28.267 -491.011 1.133
-24.412 -44.159 -383.354 1.059
68.303 -26.810 -449.095 0.997
41.672 -85.292 -486.427 0.876
-7.923 28.791 -439.029 1.109
62.821 -29.891 -368.076 0.897
17.063 57.483 -494.393 1.130
-75.324 51.224 -439.132 1.055
-53.791 82.183 -495.871 1.206
60.655 10.732 -380.774 1.064
-64.582 -6.831 -359.939 1.012
39.804 -13.781 -430.888 1.188
21.837 42.517 -443.659 0.910
-14.707 -0.199 -484.848 1.094
-13.180 -24.239 -431.047 0.984
10.826 55.855 -410.575 1.015
-58.138 39.454 -454.543 1.042
-38.079 96.355 -445.898 1.213
7.601 -99.075 -304.353 0.877
14.118 -72.158 -421.371 1.158
-46.464 82.407 -417.963 1.109
-33.388 47.721 -482.361 1.136
-95.687 -56.086 -312.197 1.140
-65.192 -23.968 -480.127 0.872
99.316 74.278 -430.772 1.083
-9.891 -86.112 -433.877 1.031
-28.622 79.455 -472.287 0.987
-93.728 44.873 -370.082 1.061
-55.651 50.392 -411.466 1.133
42.330 -24.048 -334.117 0.994
-55.264 -96.913 -421.687 0.990
77.482 -71.674 -363.393 1.112
84.095 83.714 -391.966 0.970
54.699 78.193 -317.858 0.805
29.024 -50.959 -364.386 1.039
44.318 -4.250 -395.519 0.830
62.304 -64.526 -362.024 0.760
-78.467 -31.141 -440.069 0.919
-97.582 -55.364 -449.364 0.940
-43.161 8.887 -451.864 0.938
90.331 74.054 -317.244 0.922
64.708 73.923 -376.344 1.127
69.057 73.332 -397.545 0.930
62.611 13.779 -477.365 1.057
73.957 61.321 -407.202 0.916
77.028 -76.104 -358.471 0.773
-66.196 29.655 -304.712 0.900
-33.981 18.527 -411.329 1.127
-10.698 87.324 -456.798 0.969
-0.645 -6.488 -406.809 1.000
-34.991 75.500 -358.858 1.032
-71.777 -93.136 -364.945 0.902
81.897 36.951 -400.623 0.836
29.545 -56.311 -438.775 1.073
58.678 -89.932 -371.260 0.967
88.591 27.668 -330.330 1.185
-54.467 48.509 -336.482 0.913
87.847 -6.968 -341.881 1.127
-69.393 -63.908 -414.241 1.030
-32.899 17.124 -441.506 1.064
22.276 -52.997 -320.670 0.729
11.351 -7.322 -457.133 0.825
37.594 84.040 -464.124 1.167
-22.181 39.487 -339.482 1.033
-38.949 23.234 -437.016 1.141
-51.392 91.707 -393.581 1.070
5.577 -98.771 -324.696 1.087
7.149 -43.407 -368.689 0.964
-96.549 -27.774 -494.286 0.898
99.809 85.039 -374.338 1.109
-2.931 -28.613 -328.989 0.980
-79.537 11.516 -356.347 1.157
-34.035 67.165 -387.151 0.923
54.140 -80.022 -389.675 0.993
-12.075 57.048 -382.678 0.966
-9.103 68.314 -416.110 1.049
9.994 4.464 -478.958 0.985
90.294 -23.400 -312.187 0.874
94.338 26.342 -315.386 0.959
21.814 75.101 -417.804 0.882
36.895 17.943 -486.237 0.952
84.514 44.322 -410.055 1.094
-97.902 -48.275 -477.466 0.974
-68.043 81.342 -316.125 1.019
-9.998 29.064 -359.285 0.759
-42.636 -79.298 -334.068 1.106
44.850 4.658 -331.948 0.967
-36.335 99.952 -485.090 0.961
46.358 32.694 -414.659 1.074
-73.357 84.765 -419.027 0.857
-54.108 -82.959 -424.013 0.950
-64.483 14.037 -428.695 1.150
4.359 -29.121 -300.542 1.016
-64.770 23.692 -331.710 1.010
41.287 54.591 -392.697 1.051
-42.558 6.298 -497.228 0.989
-43.436 38.741 -326.651 0.960
22.683 78.496 -495.888 1.179
-59.294 21.683 -322.093 1.117
22.117 -55.648 -365.978 1.100
-50.748 89.040 -423.413 0.970
-68.539 7.177 -437.750 1.002
-75.881 -21.694 -344.539 0.979
-7.866 89.926 -393.956 0.906
87.388 -65.138 -333.414 0.876
-8.857 18.056 -460.186 0.976
-68.190 -44.635 -426.288 1.114
-29.916 -12.893 -443.097 0.952
-6.805 -62.515 -317.969 0.922
-80.308 29.644 -433.937 0.954
-96.038 66.892 -486.214 0.895
-20.223 27.567 -490.090 0.942
69.957 -88.761 -470.950 1.010
53.123 54.797 -367.858 0.970
-1.745 -65.129 -395.466 0.970
-94.683 -3.816 -410.747 0.929
93.315 6.775 -346.037 0.978
-19.587 -74.343 -343.600 1.016
8.644 11.557 -416.412 0.814
-36.655 -66.299 -393.483 1.041
12.079 18.470 -315.211 0.884
-45.487 78.157 -380.078 1.034
73.486 -1.486 -407.424 0.896
-3.367 38.834 -327.971 1.028
98.540 -11.277 -427.477 0.923
-19.093 91.826 -329.755 0.844
-29.475 15.976 -486.994 0.951
-89.094 -44.776 -415.049 0.761
-63.653 -67.584 -353.174 0.820
7.618 21.432 -489.811 0.698
60.319 -25.487 -321.474 0.963
-32.814 -51.566 -465.799 1.054
93.705 -45.539 -317.338 0.875
63.252 31.159 -452.835 0.874
-72.483 63.147 -321.833 1.117
-55.735 -38.502 -456.705 1.019
23.483 97.851 -398.427 1.041
79.255 83.601 -344.439 1.004
-33.135 -78.373 -361.675 1.049
-36.194 -24.380 -391.945 0.909
74.566 -92.630 -475.054 0.951
97.554 -87.243 -444.122 1.038
-28.161 -17.579 -321.461 1.109
34.325 -30.533 -338.467 0.940
54.065 -11.205 -424.386 0.916
-18.729 -42.891 -339.855 1.056
-26.984 53.869 -341.686 0.921
12.611 -59.384 -319.372 0.827
-76.449 -55.380 -480.031 1.131
-88.465 -41.972 -319.085 1.046
-10.556 -13.964 -454.734 1.179
7.029 14.868 -381.170 0.907
39.757 40.399 -455.877 0.949
41.977 -2.754 -315.364 1.150
3.801 -61.612 -330.709 1.161
58.528 -1.134 -370.368 0.956
-98.370 -62.674 -464.314 1.043
97.774 40.991 -300.007 1.167
-37.319 -85.589 -364.961 0.916
-55.622 78.098 -433.374 0.856
-45.934 52.029 -441.898 1.054
97.948 79.058 -382.514 0.876
8.389 -9.767 -352.035 1.240
75.372 -92.950 -341.322 1.029
37.584 -31.025 -390.191 0.979
69.356 37.887 -479.339 0.975
23.339 3.002 -316.267 0.811
-90.251 94.755 -426.300 1.088
39.916 43.985 -341.601 0.913
12.852 54.603 -343.030 1.112
37.981 92.412 -468.176 1.087
-16.952 31.067 -386.658 0.949
-78.537 96.511 -402.382 0.983
-82.467 3.099 -394.639 1.067
-60.260 -19.989 -442.134 1.016
20.193 -62.308 -366.589 0.908
-12.450 88.357 -371.435 0.866
50.471 45.146 -347.108 1.128
25.494 34.667 -328.133 1.078
94.065 79.544 -366.861 1.064
8.486 47.168 -401.286 1.082
17.560 32.851 -464.229 1.060
7.596 56.015 -340.610 1.131
-94.529 -76.167 -383.071 0.874
-14.946 14.553 -316.772 1.094
91.196 -80.063 -433.686 1.103
-89.132 -90.888 -336.824 0.959
-51.851 55.829 -430.569 0.999
24.061 -49.504 -304.771 0.978
-80.304 -51.139 -383.577 1.028
-64.645 72.558 -477.007 0.893
30.762 59.445 -443.370 0.856
-9.422 -37.748 -411.913 1.174
23.139 50.169 -408.974 1.130
77.668 -76.397 -420.405 1.147
-91.261 -26.124 -396.550 0.920
5.745 17.167 -459.916 1.028
18.786 -52.375 -399.930 1.121
30.395 -11.450 -486.856 1.011
89.088 -18.963 -416.272 0.902
15.616 56.144 -499.731 0.971
-75.969 -12.420 -344.259 1.050
63.597 97.192 -388.702 1.015
-27.251 -49.222 -445.799 0.847
30.112 42.404 -320.376 1.114
68.189 -82.601 -335.261 1.034
28.304 -61.998 -395.345 1.039
-70.674 35.908 -345.387 1.153
61.827 68.826 -412.788 1.020
37.182 13.921 -397.429 0.949
-65.265 -59.395 -449.975 1.014
-13.005 -23.906 -493.546 1.009
-93.035 -22.107 -361.388 0.900
-6.872 47.071 -331.434 1.047
-47.099 97.336 -374.620 0.999
-60.416 72.581 -455.858 0.756
32.395 18.779 -330.328 0.947
-9.337 -78.155 -317.095 1.001
-13.490 -46.835 -318.957 0.924
-23.649 9.524 -356.955 1.026
55.996 84.320 -496.248 1.002
-49.225 27.979 -390.466 1.131
-96.980 -51.537 -457.991 1.067
93.963 -14.014 -409.452 1.039
-0.493 85.603 -461.318 1.163
-0.165 -24.785 -381.455 0.962
-9.139 -11.758 -341.449 0.973
70.371 44.269 -441.656 1.028
-6.709 17.407 -334.885 1.049
-52.018 -71.320 -433.784 1.144
-95.497 -57.253 -368.485 1.062
-51.743 85.500 -491.791 0.944
56.574 -49.674 -496.741 0.964
-50.610 -35.605 -367.200 0.877
44.209 3.225 -484.450 0.941
-60.269 1.137 -305.017 0.848
-49.737 59.084 -330.586 0.913
71.894 -3.246 -342.940 1.086
88.209 66.139 -344.513 1.111
-40.758 -80.193 -401.672 1.016
26.600 41.910 -417.829 0.899
-89.401 9.395 -374.275 1.058
15.607 -78.905 -471.150 1.057
87.797 21.601 -470.744 0.981
42.108 99.688 -459.092 0.893
-56.760 -56.759 -373.748 1.085
73.111 77.261 -327.256 1.110
39.169 48.601 -448.453 1.017
8.458 -41.018 -331.656 1.030
31.610 66.079 -405.753 0.863
-0.954 24.916 -376.367 0.930
33.627 -85.057 -447.030 0.888
87.918 84.368 -341.149 1.013
30.849 -62.523 -339.364 1.125
-75.802 -98.651 -385.247 1.186
-94.589 53.923 -413.575 1.180
-29.449 56.966 -325.845 1.101
77.720 41.435 -305.790 0.921
48.653 -18.162 -353.795 1.027
16.908 -82.121 -305.137 0.984
85.324 -10.095 -338.133 0.926
-70.323 79.788 -485.360 1.000
-48.385 24.937 -480.689 1.168
-22.233 -54.292 -358.599 0.993
10.497 57.912 -436.943 1.252
10.242 77.470 -347.480 1.296
68.035 98.537 -482.980 1.081
68.167 -15.322 -468.745 1.010
-45.732 -93.174 -463.130 0.875
-91.004 -23.763 -338.309 1.106
-85.730 -32.771 -388.674 1.100
-54.898 -2.453 -427.593 0.890
6.839 -69.776 -479.163 1.024
41.565 -19.200 -445.457 0.831
-99.376 73.922 -426.486 0.839
-73.387 11.413 -426.053 1.160
96.907 53.341 -447.817 1.116
84.225 -23.086 -307.888 0.872
-67.786 -29.393 -340.208 1.041
71.263 6.983 -307.571 1.179
-11.252 64.019 -373.965 1.041
-60.518 46.208 -470.081 0.921
85.326 -31.830 -412.328 1.009
-98.979 10.099 -423.134 1.069
32.763 -44.888 -435.324 0.932
61.128 20.909 -450.405 0.951
46.980 13.623 -445.411 0.873
3.943 -90.841 -394.720 0.995
18.331 80.400 -427.363 1.019
16.311 -88.832 -369.618 0.964
-73.984 42.718 -437.617 1.017
31.742 50.404 -477.760 0.906
-30.229 26.641 -376.485 1.061
96.102 -69.188 -492.615 0.834
73.471 45.871 -495.928 1.194
34.629 8.623 -398.901 1.015
-68.575 48.973 -462.122 1.110
-22.199 77.641 -420.272 1.158
-3.004 -67.866 -376.145 1.055
70.972 -15.560 -397.158 1.089
-0.567 -58.402 -347.576 0.967
91.731 19.423 -473.588 0.858
-85.765 -90.654 -421.457 0.997
65.644 89.945 -470.413 0.909
-1.759 -54.882 -435.912 1.001
-22.814 -44.444 -385.950 0.938
49.281 64.400 -478.983 1.052
48.123 6.486 -386.675 0.919
-69.520 39.199 -317.573 1.203
-4.271 -90.992 -402.781 1.082
-39.534 38.797 -455.685 0.896
-22.619 40.686 -441.967 1.104
45.920 20.006 -330.559 0.992
13.872 -66.500 -310.715 0.905
-90.735 -9.898 -490.050 1.037
-36.155 82.147 -358.017 1.071
9.018 64.672 -302.443 1.000
-70.205 33.371 -466.240 0.972
-83.033 -99.950 -451.423 1.044
-73.063 -39.777 -416.918 0.951
-9.836 -91.680 -420.161 0.938
18.787 -41.659 -312.175 1.081
3.428 -51.850 -446.913 1.042
-3.085 71.650 -306.695 0.929
-23.547 -40.168 -343.813 1.187
81.837 52.751 -326.912 0.935
-72.078 -58.583 -380.928 1.234
68.540 -33.995 -473.221 0.889
-50.169 28.004 -300.519 0.886
-45.364 98.141 -356.756 1.206
66.588 -47.506 -414.498 0.828
-88.595 -93.353 -333.601 1.078
7.919 97.833 -481.715 1.014
-65.465 73.717 -450.371 1.160
-78.075 83.137 -388.197 0.994
-53.639 51.064 -470.472 0.930
-92.713 -93.630 -365.156 1.005
68.146 -19.242 -419.943 0.909
77.300 -18.272 -405.045 0.896
38.704 77.725 -363.660 0.981
86.075 5.304 -426.116 1.063
-42.029 -42.216 -397.985 0.844
-55.387 16.220 -391.350 1.084
72.365 57.910 -486.356 0.852
-52.299 -21.269 -302.667 1.020
-15.460 -14.431 -412.708 0.801
-74.364 65.572 -414.188 0.971
19.925 -48.372 -435.678 0.958
-39.568 -7.731 -496.203 1.017
97.467 27.198 -378.185 1.083
45.564 78.027 -380.612 1.059
-41.771 37.787 -457.422 0.877
46.951 5.952 -368.664 0.952
2.842 94.863 -359.707 1.092
11.998 39.574 -375.060 0.999
74.936 -23.386 -423.016 0.955
60.438 -54.012 -356.196 0.936
-76.671 -99.016 -493.664 0.912
-83.896 77.535 -364.205 1.012
41.583 26.582 -421.347 1.145
-12.082 50.196 -427.448 0.988
43.835 19.737 -471.285 0.907
46.538 85.263 -340.321 0.875
3.714 88.451 -468.249 0.768
-90.269 -5.199 -307.105 1.088
-86.951 10.989 -451.247 0.836
95.723 57.988 -446.789 0.902
97.919 -88.882 -496.240 1.072
-95.916 -51.752 -381.867 0.958
92.547 -89.646 -395.471 1.084
-86.326 -79.955 -315.992 1.015
-76.360 62.409 -477.410 1.089
85.238 93.899 -438.686 1.168
-25.327 -85.870 -492.036 1.001
-21.045 8.052 -308.575 0.837
-65.168 13.290 -354.272 0.869
46.594 -79.362 -411.513 1.065
-56.136 -75.771 -405.176 1.063
11.581 39.890 -334.216 1.160
77.873 99.823 -472.894 0.861
-75.428 -20.059 -473.637 0.991
98.734 -36.088 -395.526 0.994
82.913 -19.734 -425.172 0.772
48.462 47.276 -364.570 1.065
-70.945 -80.307 -315.161 1.062
18.692 74.049 -406.324 1.069
-66.765 96.390 -310.256 1.001
-14.189 -41.563 -355.503 0.906
13.807 -41.390 -361.380 0.924
11.191 -1.387 -359.905 1.285
42.766 63.706 -486.659 0.992
-21.126 -6.163 -308.658 1.121
-36.947 65.012 -403.347 0.858
-25.818 41.576 -420.506 1.159
-25.530 -32.438 -475.746 0.963
3.199 42.428 -338.165 0.821
-53.235 -0.342 -396.308 1.082
-77.527 -93.997 -497.657 0.943
-1.326 0.947 -345.820 0.894
19.132 46.587 -491.195 1.078
41.559 -63.106 -407.036 1.045
-40.438 -38.796 -347.229 0.913
-87.407 -11.538 -479.364 0.992
-38.953 -32.888 -368.232 1.030
90.441 -49.920 -466.119 1.124
61.504 -72.681 -423.943 0.820
96.954 -35.560 -359.731 0.922
-67.990 -83.055 -466.072 1.214
-73.210 -74.070 -472.392 1.083
-27.400 -21.512 -388.428 1.154
70.657 83.049 -304.322 0.771
-99.715 7.753 -386.902 0.939
-11.873 12.833 -379.310 0.859
55.771 -10.608 -438.250 1.049
55.759 -34.141 -386.964 1.222
-69.434 69.494 -451.125 1.105
-90.227 76.763 -382.236 1.079
20.804 -21.193 -429.253 0.942
47.912 18.236 -411.948 0.997
17.691 -31.102 -441.889 0.958
34.306 -82.847 -357.421 1.059
-45.815 -63.160 -453.699 0.999
-46.700 28.393 -383.541 1.079
-41.897 81.758 -349.440 0.897
97.648 0.517 -325.586 1.205
3.398 53.072 -430.588 0.962
86.957 38.485 -313.565 0.869
21.380 64.796 -486.854 0.860
-38.894 -62.276 -310.539 1.006
-41.838 -23.778 -399.285 1.136
-58.241 28.748 -407.582 1.059
-30.464 97.095 -493.887 1.081
-46.776 -31.871 -373.070 1.003
3.621 39.918 -370.377 0.855
-96.281 -37.001 -476.122 0.879
-66.870 -45.070 -398.321 1.073
0.307 1.616 -363.473 0.906
10.643 85.011 -313.542 0.954
-78.699 8.813 -336.555 1.104
93.918 -58.169 -301.658 0.906
-57.021 48.820 -386.385 1.062
-92.968 -78.948 -307.472 1.166
75.528 -62.919 -412.676 0.843
56.496 21.083 -378.834 0.950
-91.015 17.937 -484.416 1.290
82.121 -28.862 -445.591 0.864
-65.559 47.927 -302.723 0.963
70.676 -39.518 -415.700 1.155
76.463 -79.593 -345.714 0.997
22.999 -81.128 -472.837 1.015
18.095 80.714 -413.227 1.056
25.303 -91.900 -364.866 1.076
-74.121 -59.184 -318.161 0.978
-45.787 -30.599 -301.611 1.037
85.886 -46.985 -414.576 1.100
-97.489 -67.922 -358.139 1.038
-81.141 -75.755 -359.158 1.034
1.824 -0.940 -398.692 0.905
-61.157 -80.362 -452.958 0.896
35.114 -91.979 -473.744 0.741
-25.124 43.505 -436.170 0.692
-1.612 -18.680 -381.884 0.945
-32.467 -93.790 -337.396 1.212
33.290 65.546 -468.937 1.037
80.679 -27.092 -473.789 1.011
72.928 57.833 -379.997 0.911
-98.116 -42.418 -498.298 1.023
88.742 -16.212 -402.860 1.003
-99.841 -70.109 -456.670 1.099
39.760 -81.265 -307.175 1.023
-39.490 -60.887 -349.973 1.024
80.189 70.150 -455.329 1.065
-19.776 75.322 -392.717 0.846
-95.768 -73.326 -315.167 1.102
77.184 58.664 -494.083 1.060
-91.013 37.970 -326.674 0.939
-94.683 81.163 -342.277 1.026
-24.594 32.995 -302.053 1.088
20.945 67.286 -471.603 0.893
-27.261 78.868 -315.092 0.956
-68.933 -96.300 -308.418 0.849
65.592 81.142 -446.823 1.138
18.196 98.767 -445.686 0.975
27.400 -23.190 -411.753 0.899
-68.967 90.745 -312.548 1.187
14.705 31.477 -465.802 1.084
-84.899 -5.981 -454.966 1.132
-49.281 49.985 -375.071 0.988
98.637 -4.323 -412.229 1.096
94.343 3.519 -411.597 0.997
-52.849 -89.680 -369.439 0.920
-21.957 48.972 -305.545 1.168
21.740 -64.319 -379.304 0.923
64.759 6.731 -452.842 0.978
-85.289 20.481 -438.654 1.141
78.480 -29.491 -327.903 1.095
7.302 -86.319 -305.113 0.905
-29.444 -60.889 -365.810 0.952
76.653 -31.957 -420.230 1.154
63.495 -34.380 -326.728 1.002
89.388 57.447 -351.938 0.779
-14.375 65.335 -331.205 1.169
76.716 -68.165 -406.877 0.842
44.870 13.424 -478.506 0.963
98.405 -34.800 -386.585 1.054
71.132 32.629 -368.917 1.009
49.604 9.151 -408.112 1.047
-72.191 70.976 -414.347 1.021
-22.909 -53.556 -339.582 0.998
-1.467 67.891 -310.022 0.980
-39.761 -42.633 -319.464 0.876
94.381 91.496 -407.129 0.979
9.835 53.188 -322.991 1.073
10.975 -74.507 -443.677 1.154
9.838 45.927 -381.876 1.011
0.615 91.560 -446.650 1.071
62.507 32.147 -346.409 0.853
-0.555 53.973 -443.540 1.073
-33.470 2.431 -303.982 0.879
-89.521 22.998 -367.204 1.118
98.504 -8.453 -349.458 0.862
74.394 83.955 -304.941 1.087
-14.474 -99.771 -410.237 0.840
43.484 66.056 -359.251 1.214
87.172 18.697 -315.955 0.954
-86.693 1.955 -429.733 1.116
59.178 -36.155 -382.324 1.136
3.223 -87.707 -460.607 0.880
-88.024 47.213 -316.027 0.911
60.702 76.248 -385.064 1.061
64.852 94.953 -473.161 0.811
63.533 -28.047 -459.827 0.863
-22.547 88.679 -471.533 0.890
-50.522 -67.072 -369.498 0.861
84.556 -77.613 -456.837 0.892
-51.044 51.569 -320.482 0.935
-11.583 -46.279 -385.295 1.086
58.120 41.672 -361.756 1.099
-66.986 27.581 -481.201 1.043
-5.511 -25.127 -330.283 0.954
55.339 60.772 -353.850 0.941
18.484 -92.407 -395.384 0.785
98.569 -29.833 -498.315 0.892
-22.621 -56.332 -374.902 0.901
-95.049 42.043 -383.850 0.997
7.921 97.366 -408.381 1.056
54.812 -73.023 -493.112 1.084
48.355 0.053 -439.410 1.017
-5.918 -10.908 -332.153 1.189
-52.761 1.453 -417.845 1.051
57.089 80.302 -381.197 0.795
-59.587 -52.765 -375.313 0.875
-84.381 -59.174 -409.156 1.037
-66.694 -87.185 -470.122 1.037
-99.858 -79.983 -431.457 0.904
-52.776 -66.634 -408.995 0.792
71.222 6.065 -417.315 0.850
-18.125 6.687 -478.937 0.976
64.560 -6.634 -398.212 1.000
73.114 7.503 -341.078 1.081
64.742 16.146 -408.827 1.079
-12.050 -52.848 -435.325 1.034
-63.605 -95.199 -444.350 0.945
11.386 -15.028 -468.922 0.974
-4.458 42.065 -493.596 1.009
-5.713 -7.564 -493.443 0.911
-37.859 25.129 -368.651 0.966
37.617 -22.828 -459.796 0.966
-62.472 24.121 -410.082 0.992
-67.883 0.699 -315.614 1.007
-88.252 -8.521 -317.367 1.072
83.464 -91.831 -424.204 1.087
0.100 -33.474 -327.996 0.917
63.175 21.391 -466.090 0.967
52.129 8.010 -442.813 0.885
-93.738 73.144 -342.664 1.137
11.484 51.772 -383.625 0.987
-26.030 4.103 -485.878 1.115
-84.405 80.874 -446.395 1.133
85.159 88.773 -403.945 1.157
96.739 76.669 -310.191 0.972
-79.674 47.279 -460.049 0.980
79.358 89.660 -303.932 0.908
8.462 -97.754 -436.773 0.933
15.937 -12.308 -492.894 0.945
54.198 42.714 -346.339 0.986
-72.446 -41.024 -380.653 0.963
-82.782 12.144 -384.862 0.876
-27.232 -29.709 -481.911 1.208
-44.142 -16.938 -391.667 0.997
-14.252 -32.840 -445.916 0.961
-0.724 -96.297 -331.039 1.020
-51.909 -27.511 -489.669 0.923
76.768 -89.888 -328.185 0.914
28.946 4.652 -489.308 1.211
21.000 -10.598 -475.686 0.884
-94.917 57.089 -328.160 0.989
-93.642 64.976 -329.293 0.876
58.228 -32.907 -467.087 1.091
90.996 -53.004 -358.376 0.844
7.109 17.812 -439.157 0.890
-0.220 -57.267 -411.457 1.094
-98.247 84.720 -407.313 0.989
99.182 -70.001 -432.480 1.063
88.541 50.873 -381.357 0.875
87.685 35.729 -363.261 0.925
-29.204 -86.035 -489.286 1.108
22.086 -50.322 -495.634 0.995
98.268 -76.714 -497.082 0.920
-46.170 66.620 -493.412 1.040
-26.181 66.727 -390.539 0.845
76.372 46.893 -360.903 0.981
75.034 -27.256 -348.561 0.899
84.402 -30.103 -427.991 0.981
50.996 -56.786 -321.341 1.172
-26.118 -32.408 -343.294 0.881
74.339 14.786 -474.801 0.944
-93.782 36.074 -303.184 1.017
62.032 -53.059 -403.107 1.090
-96.216 -71.046 -303.528 1.007
96.301 -77.916 -410.544 1.116
-25.180 -68.617 -453.467 0.934
44.903 -26.675 -332.881 0.851
9.197 -81.242 -431.279 1.130
12.476 -87.898 -497.968 1.098
58.612 6.248 -302.025 0.953
85.683 29.285 -376.624 0.904
-25.402 8.995 -482.036 0.871
-45.481 -48.900 -337.970 1.014
-99.532 70.145 -415.287 1.229
75.155 49.474 -422.487 1.011
29.369 72.750 -422.152 1.187
-44.419 -56.843 -300.363 0.892
18.726 -26.314 -463.054 0.905
39.144 76.881 -427.316 1.033
44.504 -22.533 -392.951 0.948
-6.319 -87.917 -416.970 0.969
8.009 -12.355 -376.787 1.026
-16.670 -11.944 -488.270 1.007
8.138 -55.849 -481.871 0.919
-75.510 2.885 -440.791 1.075
71.435 83.778 -369.944 1.020
36.344 62.763 -495.891 0.906
60.572 -41.597 -470.108 1.017
12.144 9.932 -419.932 0.987
53.555 -23.139 -422.540 1.056
36.251 -31.939 -466.090 1.034
23.780 15.189 -351.604 0.983
-30.695 97.698 -406.020 1.069
-76.556 -0.799 -316.713 1.001
93.003 94.201 -496.565 1.000
-7.427 26.316 -343.834 0.999
-74.474 -59.772 -450.432 1.076
-8.772 55.787 -397.998 0.952
47.002 7.284 -484.171 1.061
51.333 99.135 -314.299 1.043
-23.224 6.691 -446.040 0.959
77.089 34.576 -365.789 0.911
6.713 -96.377 -368.225 1.108
-39.083 -48.396 -318.802 1.052
-69.134 -46.987 -427.585 1.064
39.780 95.062 -440.357 1.074
85.465 -3.827 -411.082 0.938
97.989 -22.109 -466.034 1.047
-11.684 63.406 -488.530 1.016
59.897 -21.520 -328.594 1.146
41.425 -73.913 -435.367 0.988
-29.688 -28.048 -472.561 0.881
64.653 -18.917 -425.539 0.950
-52.122 19.283 -459.528 1.059
-49.785 12.605 -311.075 1.045
12.797 86.212 -349.675 1.024
91.698 -1.773 -406.874 0.991
-58.395 61.763 -401.988 0.905
49.428 -57.071 -406.982 0.889
40.344 -54.853 -472.248 0.892
-13.065 45.394 -477.565 1.093
76.016 39.521 -477.333 0.784
-2.009 0.570 -492.219 1.073
-5.497 -50.726 -389.318 1.036
-64.613 21.899 -403.757 0.776
90.866 -81.640 -445.741 0.939
-88.838 -84.284 -437.318 1.101
-95.344 -7.302 -318.618 1.038
72.888 -53.149 -445.916 0.781
23.612 34.733 -491.464 1.046
14.516 -35.435 -484.887 0.830
52.545 21.066 -348.377 1.125
-95.375 52.028 -480.129 1.021
-95.830 -10.566 -354.657 1.139
3.940 79.806 -447.894 1.254
88.584 -24.586 -442.986 0.910
86.862 88.020 -420.040 0.945
-29.198 -32.472 -337.840 0.936
-48.647 -35.145 -311.755 0.885
-89.057 22.060 -392.468 1.016
-36.601 -64.230 -429.003 0.813
-20.035 -61.459 -372.432 0.880
45.723 0.455 -432.702 1.076
-88.312 -58.578 -397.265 1.020
32.429 87.659 -316.688 0.963
-52.597 71.884 -303.625 0.964
47.670 -45.660 -341.662 0.922
-1.850 68.655 -363.360 0.801
12.130 64.711 -469.084 1.000
1.920 31.002 -450.092 0.993
95.820 -81.439 -483.784 1.142
59.781 76.087 -417.583 0.958
-67.154 -46.424 -310.394 0.877
-22.365 -54.368 -429.913 0.967
-7.954 -56.806 -471.917 1.008
-5.587 -77.395 -368.767 0.995
-62.299 -34.048 -460.119 1.088
23.819 61.710 -495.780 1.080
-42.050 48.906 -336.819 0.933
70.908 -89.383 -357.017 1.033
-84.328 -21.456 -424.511 1.055
-88.836 83.746 -361.851 0.923
-1.091 27.232 -326.515 1.076
-93.682 43.305 -426.702 0.993
-62.506 -35.187 -342.114 1.081
78.229 -94.039 -447.614 0.952
51.924 -95.014 -382.589 1.124
99.546 60.875 -433.909 0.950
-65.737 9.843 -312.594 0.793
46.421 -75.227 -494.866 1.059
40.689 7.013 -479.100 0.994
72.379 62.270 -367.263 1.127
-38.847 -74.660 -464.385 0.968
-5.980 93.291 -399.450 0.968
