34.638 -21.373 -398.319 0.975
67.072 -78.965 -328.616 1.105
79.265 -55.484 -398.768 0.980
68.552 88.905 -326.918 0.987
73.770 61.857 -421.008 0.962
-40.901 11.618 -461.415 1.200
-39.841 -31.702 -332.578 0.846
-39.278 -14.447 -419.025 0.991
-29.691 -71.237 -340.834 0.863
22.174 3.224 -400.511 0.809
43.485 44.724 -387.324 0.940
-61.496 50.491 -307.631 1.148
3.407 -50.277 -360.617 0.826
-22.697 -44.165 -362.127 0.953
43.553 -65.206 -399.466 1.030
-98.125 -39.452 -408.989 1.047
32.371 89.925 -414.380 0.725
55.974 92.414 -414.047 0.973
89.221 -27.624 -420.285 0.943
-32.246 -76.327 -495.570 1.223
40.028 -79.012 -493.562 1.091
-42.142 -69.408 -396.311 0.910
68.590 -26.184 -353.991 0.885
26.262 61.113 -304.133 0.842
-56.419 52.060 -324.663 1.062
-61.366 14.968 -358.038 0.951
-2.403 26.657 -343.907 1.250
-50.934 0.981 -302.169 0.900
76.178 1.977 -342.470 0.717
95.440 -38.623 -382.029 1.155
-52.149 66.032 -390.099 1.066
-17.884 -31.634 -415.675 1.028
69.844 47.994 -481.775 1.004
-43.899 64.228 -300.318 0.983
63.970 -84.570 -348.160 1.055
-7.840 17.976 -482.454 1.055
-77.614 -81.048 -453.940 0.976
93.611 -31.859 -338.063 1.006
38.557 -74.873 -469.635 0.895
78.781 33.875 -357.882 1.062
38.107 15.129 -305.367 1.005
13.291 3.541 -377.064 1.051
6.624 7.754 -345.104 0.919
-42.055 40.633 -376.837 0.738
93.471 -46.467 -360.679 1.034
59.921 32.194 -477.877 0.906
-79.379 -7.101 -387.144 1.046
27.543 -56.077 -404.091 0.906
-9.087 -64.923 -309.922 0.872
92.547 56.491 -370.977 1.071
-83.178 -60.042 -473.373 1.001
28.406 -23.340 -456.270 1.130
80.491 -34.387 -489.259 1.211
60.401 -73.467 -476.917 0.979
76.206 69.416 -442.612 1.114
10.723 -67.996 -416.355 1.054
-81.399 41.111 -307.295 0.979
-27.994 15.394 -495.561 0.993
84.893 25.353 -347.459 0.783
-13.696 -20.948 -322.954 1.188
15.325 -71.857 -454.213 1.059
77.633 -11.497 -404.220 1.036
78.813 16.684 -339.727 1.158
35.912 -27.143 -314.972 1.037
36.236 -7.251 -426.918 1.206
-72.324 -32.240 -497.585 0.937
20.643 -37.816 -487.450 1.056
-49.531 37.599 -450.187 1.061
88.937 -93.261 -380.671 0.933
-36.050 -70.915 -381.758 0.967
-69.495 -11.299 -482.220 1.027
65.659 84.460 -470.285 1.099
-2.907 23.824 -433.170 1.186
40.297 66.471 -410.951 1.110
8.783 -10.245 -385.147 0.893
53.965 -98.782 -322.523 0.971
-86.561 16.312 -465.647 1.045
-6.458 -67.629 -426.134 1.015
-93.637 -22.663 -318.645 1.049
-9.014 19.015 -348.618 1.093
-63.534 22.652 -347.231 0.799
-85.180 -11.532 -394.346 1.106
-57.398 95.191 -492.923 0.925
-33.628 -42.061 -316.059 0.943
89.781 74.038 -497.902 1.134
27.005 -48.856 -422.408 1.023
-21.863 -80.208 -473.309 1.062
70.209 -23.646 -411.816 1.055
22.657 1.540 -321.527 0.969
-76.546 9.725 -324.398 1.007
67.410 81.379 -380.713 1.020
-59.999 19.803 -315.762 1.055
-70.677 34.175 -396.697 0.940
-39.346 -4.369 -363.652 1.036
-9.932 -4.835 -456.794 0.951
-44.904 23.603 -386.388 1.051
-81.654 0.652 -378.082 0.954
54.953 -46.334 -437.515 1.053
-13.983 -53.507 -413.205 0.905
78.395 -65.737 -463.159 1.007
-34.941 60.289 -333.823 1.014
78.790 93.286 -490.857 1.074
-96.873 54.845 -327.543 0.800
41.241 -13.775 -467.542 0.950
38.975 -9.461 -365.752 1.107
-83.732 58.717 -431.921 1.152
85.567 -46.252 -358.840 0.949
58.494 -53.990 -439.121 1.189
37.940 55.697 -492.838 1.033
-67.958 -97.227 -314.639 0.900
29.684 79.384 -456.488 0.879
-42.419 -20.664 -446.021 1.028
30.572 47.810 -370.455 1.052
-87.108 -92.494 -390.711 0.877
-89.401 -14.572 -425.978 1.095
83.539 25.351 -453.062 1.046
49.693 -46.467 -424.761 0.841
-14.163 47.358 -408.571 1.074
-9.562 -80.418 -347.960 0.949
-29.361 -81.115 -447.215 1.051
54.287 -7.215 -498.327 1.130
-56.124 53.157 -314.558 0.934
21.158 -33.119 -380.031 0.948
-61.703 -19.634 -426.264 0.925
44.635 90.895 -428.019 0.909
82.025 12.184 -399.260 0.986
-23.490 4.034 -356.463 0.998
-21.868 -21.356 -428.536 0.854
48.440 -0.813 -405.265 0.873
-94.986 -62.010 -366.848 0.985
-41.156 13.549 -389.748 1.078
36.614 -65.145 -466.307 1.055
-96.237 -31.898 -318.071 1.116
11.881 37.473 -366.308 1.048
-87.670 -37.181 -337.792 0.854
-31.994 -23.615 -436.162 1.120
-83.886 87.779 -439.823 0.892
55.620 16.459 -323.776 0.980
71.605 32.969 -437.754 0.931
-77.193 -46.915 -430.542 0.862
85.264 -75.767 -403.847 0.911
-81.577 28.167 -309.142 0.953
24.492 26.797 -489.405 0.935
99.169 -29.353 -496.870 1.113
19.355 -54.835 -383.913 1.152
96.670 54.360 -397.877 1.257
-95.078 -34.924 -467.859 0.919
45.376 -76.406 -437.020 1.068
-75.540 35.391 -418.315 0.862
-84.773 5.922 -456.284 0.866
-19.313 85.304 -361.971 0.922
38.221 42.715 -439.218 1.118
63.787 1.456 -388.268 1.046
-54.079 88.204 -349.223 0.990
21.684 30.101 -339.771 1.313
-78.198 -89.482 -499.929 0.918
10.315 76.994 -320.561 1.051
18.783 52.296 -413.162 0.931
-99.949 -27.990 -403.520 0.948
56.392 -50.493 -378.704 0.942
-11.677 -47.194 -362.413 1.135
91.128 20.456 -490.200 0.930
52.063 22.645 -329.099 1.065
-62.903 5.796 -401.525 1.025
86.747 -73.490 -391.123 0.974
-32.648 -75.386 -398.737 1.020
-3.963 -96.346 -363.587 0.987
-15.184 -32.174 -339.701 0.947
19.928 94.072 -339.865 0.988
-72.829 -60.605 -351.296 1.040
32.312 -9.354 -337.028 1.030
41.755 90.998 -329.162 1.127
-53.618 69.200 -301.973 0.920
-36.659 79.616 -347.375 0.936
78.389 89.197 -304.832 0.942
19.750 66.309 -421.279 1.100
7.869 31.008 -386.140 1.055
47.421 -17.396 -410.518 0.984
-78.751 -14.956 -333.809 0.797
86.387 17.388 -412.268 1.058
66.667 -63.417 -415.727 0.929
60.030 16.250 -496.481 1.040
80.960 -48.254 -367.901 1.019
88.115 41.811 -404.476 1.090
90.151 31.616 -430.980 0.924
-74.352 -93.555 -370.395 0.957
26.102 68.291 -325.271 0.948
-90.224 95.382 -467.029 1.117
18.042 23.915 -381.054 0.971
75.324 -57.733 -344.093 1.091
-65.304 84.351 -344.944 0.922
-10.949 -19.422 -490.269 1.004
-6.588 70.113 -487.795 1.101
-70.046 97.652 -356.286 1.113
-57.700 -31.007 -467.144 0.851
-0.723 -84.735 -457.210 0.908
-93.467 -81.729 -463.769 0.960
-62.746 -6.706 -343.077 0.849
-48.743 -45.139 -390.424 1.019
-84.156 5.698 -410.435 1.005
-22.912 95.907 -456.134 0.908
2.835 -85.445 -393.263 1.056
-55.138 29.770 -378.066 0.900
69.225 55.594 -350.751 0.879
18.446 72.258 -302.417 0.905
76.038 43.253 -427.514 0.822
-88.108 -62.856 -451.914 1.000
12.814 28.302 -445.480 1.213
-73.792 37.282 -364.229 1.021
45.790 44.874 -380.988 1.169
-77.561 -68.473 -489.470 0.848
-59.045 50.105 -394.538 1.080
70.857 -27.901 -471.147 1.152
11.598 -36.671 -308.320 0.934
22.732 -99.927 -422.225 1.020
16.308 13.808 -365.875 0.961
-55.952 7.551 -329.946 1.052
-48.363 11.929 -364.418 0.780
-68.753 -94.357 -309.676 0.948
-66.746 -5.442 -368.680 1.015
-58.310 -89.741 -316.643 0.988
-95.630 -40.182 -417.067 1.169
83.177 98.706 -343.105 0.901
24.862 62.080 -417.696 0.908
-12.004 45.556 -470.294 0.953
-45.227 76.774 -443.219 0.850
75.778 -92.366 -391.813 1.103
-84.962 -39.744 -338.416 0.799
46.766 -35.901 -411.577 0.709
-4.064 26.330 -303.943 1.237
-3.725 19.504 -318.434 1.122
-93.708 22.836 -486.412 0.874
-92.042 4.228 -334.268 0.923
-80.597 26.287 -440.558 1.149
-58.361 -97.766 -344.516 0.976
29.632 4.455 -339.036 1.074
-80.534 -40.119 -383.254 1.080
7.806 -25.586 -352.589 0.873
-55.048 -78.859 -430.099 0.879
99.830 67.913 -383.588 0.886
64.075 -12.519 -453.834 1.178
33.657 79.288 -487.585 1.142
25.874 73.005 -411.615 1.042
-79.577 -70.562 -408.813 1.136
-62.293 47.456 -394.643 0.937
-83.659 -68.987 -484.580 0.978
49.658 80.133 -364.214 0.899
42.275 -79.034 -418.908 0.955
-31.073 32.762 -459.854 1.178
74.262 -96.162 -447.090 0.841
69.201 -95.773 -442.162 1.160
2.128 -99.323 -331.250 0.846
-15.065 43.275 -490.038 0.898
-6.211 -81.166 -369.168 1.000
-39.501 -17.544 -472.127 0.923
-62.719 23.506 -341.058 1.089
-43.535 68.236 -493.924 0.931
5.360 -76.021 -393.963 1.005
73.337 9.110 -468.332 1.006
32.169 87.645 -435.571 1.169
-62.151 -6.465 -457.368 1.008
-10.957 -66.211 -495.540 0.995
-43.758 16.065 -325.309 0.945
47.044 -13.652 -475.481 0.816
-44.050 -30.393 -482.872 0.829
-36.974 42.475 -498.306 0.976
-83.852 -1.962 -437.349 0.796
-87.624 -17.154 -385.153 1.093
56.250 -71.540 -387.819 0.992
-63.792 -87.483 -481.769 0.914
87.865 89.554 -428.623 1.025
81.097 -99.919 -354.508 1.218
-58.600 -88.634 -309.760 0.929
-48.695 53.637 -390.621 1.070
-54.698 61.230 -347.556 0.966
3.461 -53.118 -462.597 0.959
-5.685 -92.727 -464.688 0.932
-36.410 -14.836 -333.037 1.060
18.767 -25.680 -441.502 1.058
16.286 -21.900 -364.266 0.906
84.884 7.531 -375.419 1.004
-51.760 67.559 -419.221 1.069
-40.655 50.037 -487.567 0.843
47.001 90.610 -342.214 0.814
86.407 -64.091 -474.330 0.891
-29.221 -94.862 -483.282 1.020
-89.755 -28.391 -381.137 1.304
77.223 49.066 -423.202 0.970
30.377 77.884 -493.223 0.806
-13.880 6.055 -428.931 1.058
-25.116 2.008 -417.464 1.003
14.376 21.876 -480.827 1.120
-90.155 -84.609 -498.534 1.112
-64.433 12.999 -375.625 0.993
12.518 72.478 -407.104 0.826
76.304 -90.056 -476.756 0.995
-3.580 -37.904 -365.545 0.905
-19.253 67.972 -463.952 1.073
51.176 -18.665 -366.586 1.157
-80.298 20.520 -397.978 0.983
-82.053 5.843 -375.229 0.995
66.146 -78.286 -355.873 0.867
-23.255 60.996 -314.331 1.124
62.559 55.514 -317.656 0.835
-19.732 -11.315 -421.437 1.068
95.250 69.162 -436.822 0.993
-44.405 66.128 -380.794 1.130
22.124 87.448 -499.186 1.037
-86.511 69.677 -474.777 0.863
49.743 52.813 -370.810 1.160
-13.840 -79.197 -356.290 0.864
17.222 29.419 -422.290 0.955
38.237 50.304 -490.963 0.987
31.855 -1.399 -320.955 0.889
-12.352 -76.327 -358.479 1.096
-36.234 -19.733 -321.228 1.054
37.492 -63.536 -486.657 0.979
-69.927 -13.422 -411.325 0.885
-48.941 -90.194 -365.250 0.804
87.273 -79.922 -458.612 0.921
40.547 -79.910 -472.722 0.901
29.112 34.250 -344.887 0.930
-86.617 -98.190 -451.810 0.907
37.678 11.125 -391.838 1.037
8.326 -66.603 -322.394 1.046
53.345 -91.490 -308.188 0.835
-73.454 -97.757 -461.313 0.891
39.994 -23.952 -445.636 1.011
-43.792 87.467 -477.793 0.946
78.275 19.232 -430.652 0.998
91.027 61.604 -315.603 0.952
10.217 74.621 -371.739 0.931
-81.546 0.145 -462.780 1.039
-93.894 -28.739 -420.687 0.906
-63.986 -88.898 -444.302 0.888
-25.612 2.336 -427.721 0.994
-60.353 -75.316 -455.229 1.068
-42.979 -66.990 -403.645 0.984
-73.778 -75.267 -435.049 1.048
-35.659 -85.730 -445.498 1.056
-69.685 31.821 -418.874 1.027
66.838 -59.219 -417.772 1.057
-25.492 -11.397 -372.356 0.962
-17.440 11.527 -443.867 1.008
31.717 -71.061 -378.540 1.225
-97.451 -12.019 -443.693 1.164
-30.467 -21.255 -304.554 0.825
72.277 6.761 -333.887 0.967
-20.274 1.155 -311.271 1.162
-33.396 27.520 -449.339 0.977
-47.636 47.467 -419.187 1.067
5.373 93.331 -331.130 1.081
-32.564 -39.660 -344.971 0.867
8.713 -58.135 -465.801 0.960
-76.615 56.465 -303.204 0.710
-81.863 67.652 -352.848 0.916
-19.208 46.498 -481.653 1.070
-93.372 49.761 -324.573 1.059
-38.620 97.443 -452.373 1.112
-17.162 45.036 -425.130 0.952
-26.074 -25.917 -416.545 1.069
-80.163 -4.464 -461.579 0.965
70.053 -1.583 -465.982 0.924
-34.449 -45.989 -497.459 0.910
80.707 -95.339 -459.268 1.086
-52.861 -86.832 -321.145 0.916
59.128 -8.965 -446.667 1.050
42.160 -31.351 -453.740 1.091
-12.594 43.817 -482.023 0.970
-48.535 -61.393 -354.775 1.073
-73.509 -17.944 -495.772 1.053
97.610 67.048 -483.463 0.896
-61.424 62.188 -304.312 0.951
67.186 -3.228 -405.808 1.012
77.970 53.379 -372.989 1.041
-39.307 65.805 -439.265 0.909
19.200 7.310 -339.659 0.813
37.714 -91.016 -406.401 0.931
0.772 37.469 -496.826 1.074
80.496 -44.197 -427.359 1.051
51.180 6.396 -380.194 0.976
-40.800 -40.187 -496.317 1.114
45.780 64.004 -410.483 1.001
89.237 54.578 -349.293 0.985
-93.616 29.051 -327.522 1.074
33.009 -66.173 -441.102 1.074
-78.846 -94.247 -490.330 1.095
-92.383 -79.727 -436.363 1.001
15.064 -17.709 -375.552 1.154
54.027 54.094 -310.298 0.941
-92.617 -85.627 -347.886 0.982
16.691 -57.862 -320.570 0.930
14.893 -77.533 -331.500 1.034
41.961 20.118 -415.438 0.820
29.311 -71.915 -328.008 0.947
57.147 73.701 -337.798 1.052
-45.857 -77.537 -302.410 1.087
28.236 -72.640 -498.109 1.003
-81.716 -75.203 -374.623 0.950
-45.815 -9.341 -364.665 0.963
33.075 -95.766 -365.344 1.286
93.971 15.835 -403.820 1.082
27.291 74.542 -482.032 0.940
97.510 6.059 -423.893 0.909
64.161 4.445 -481.124 1.011
56.741 63.513 -498.445 1.043
43.074 -39.596 -434.479 1.039
-1.733 -38.702 -448.173 0.956
80.478 94.851 -442.372 1.012
-99.664 -57.439 -314.239 0.921
-89.078 77.299 -428.842 1.028
17.162 -24.877 -389.012 1.050
65.151 88.101 -442.980 1.047
83.925 47.423 -497.858 0.907
39.098 -14.641 -400.855 0.976
-60.463 -63.469 -391.319 0.908
-82.139 -12.368 -322.692 0.943
-82.484 -51.520 -495.300 1.114
87.609 -7.500 -499.044 0.866
-95.534 96.450 -498.873 1.122
-12.071 53.635 -495.692 0.864
25.105 69.990 -480.258 1.058
68.964 -68.711 -424.701 1.165
34.398 29.307 -472.534 1.054
66.789 96.151 -458.796 1.013
-77.043 -13.358 -327.230 1.021
-64.119 12.567 -446.844 0.953
-32.141 51.233 -381.452 1.016
-52.758 -6.285 -466.089 1.164
-17.307 -60.762 -469.419 0.968
-62.696 -56.562 -416.401 0.997
29.445 -61.073 -426.877 0.997
-1.707 -45.320 -478.660 0.945
95.237 96.365 -421.693 1.022
5.261 39.224 -359.637 1.129
-9.781 -15.702 -475.064 1.030
37.847 97.073 -328.973 1.070
-61.478 56.123 -366.305 0.978
83.449 -38.531 -422.251 1.019
70.635 97.500 -408.160 1.165
53.688 83.021 -352.630 1.169
16.210 17.965 -478.266 0.986
34.153 35.503 -468.947 0.911
-49.399 3.709 -423.530 1.061
-93.016 27.528 -332.729 0.955
2.819 -51.254 -395.680 1.017
58.594 29.503 -483.216 0.990
-24.621 78.676 -360.682 0.956
-70.959 22.317 -487.990 0.971
-11.424 60.938 -376.351 0.995
-83.677 23.028 -398.195 1.107
-66.536 17.246 -453.214 0.883
-55.482 -49.518 -426.153 1.058
66.494 -39.358 -326.404 1.048
-83.615 47.583 -445.230 1.062
-92.847 85.503 -499.810 0.821
1.816 -28.892 -301.107 1.155
-81.968 98.464 -495.992 0.950
-53.373 -5.896 -378.968 1.125
81.658 -51.956 -300.394 0.802
-9.889 56.204 -365.432 0.938
-6.411 96.758 -358.859 1.013
58.777 -22.263 -325.181 1.045
79.910 -77.112 -461.046 0.870
-91.561 -9.703 -390.749 0.927
61.416 26.040 -352.716 0.989
47.606 7.320 -467.906 0.992
12.109 12.468 -489.050 1.169
-76.930 29.379 -406.357 1.173
63.558 -71.049 -432.079 0.974
63.037 47.653 -328.959 0.872
47.242 66.054 -398.459 1.041
-63.069 -75.679 -443.723 0.935
-2.014 76.207 -378.245 0.917
-96.249 69.036 -433.338 1.051
46.967 34.020 -387.837 0.991
23.163 95.925 -302.448 1.027
-64.213 40.277 -458.595 1.032
33.163 71.261 -311.947 0.981
-61.876 -21.065 -431.990 1.009
92.000 39.310 -466.537 0.989
64.005 -5.491 -301.298 0.943
22.033 6.734 -310.763 0.979
9.230 75.162 -302.582 1.073
99.508 -40.540 -435.985 0.772
9.481 73.068 -370.348 1.016
-70.763 71.794 -358.370 0.874
-85.787 77.177 -357.848 1.058
44.849 -73.089 -450.316 0.906
-80.540 -47.576 -351.186 1.021
29.615 40.703 -427.843 0.999
62.217 9.977 -354.888 0.904
-11.030 -67.013 -335.351 0.832
57.285 -12.987 -427.588 1.005
61.369 1.455 -429.407 1.117
15.565 88.037 -344.861 0.925
-32.167 -47.663 -475.632 0.972
-32.514 32.502 -485.419 1.079
-51.182 81.482 -368.446 0.857
-68.802 30.130 -347.884 0.807
87.552 -41.054 -330.782 1.139
88.999 -6.796 -320.238 1.014
-60.110 -28.538 -322.429 1.037
75.591 21.803 -374.150 0.986
-63.145 8.354 -339.002 1.088
21.139 34.095 -496.275 0.893
-60.677 73.847 -456.779 0.896
-86.729 -28.234 -463.447 1.115
57.554 82.362 -352.506 0.689
64.324 0.286 -430.823 1.092
-52.361 15.888 -374.879 0.870
3.259 65.427 -445.835 0.924
-98.021 -15.651 -492.871 1.057
-60.276 -34.472 -423.074 1.044
-8.698 6.728 -426.002 0.987
96.560 -97.357 -453.755 0.987
14.157 48.456 -378.697 1.001
-22.253 -95.039 -337.230 1.037
-98.832 -79.521 -307.956 0.972
28.247 26.115 -414.420 0.870
67.034 61.416 -482.573 1.012
81.054 -72.357 -356.306 1.071
-99.561 50.873 -391.580 1.131
36.423 34.180 -418.197 1.024
89.261 -49.163 -304.080 1.022
25.874 -20.607 -372.785 1.131
46.635 -36.089 -445.913 1.005
-42.225 70.518 -428.586 0.946
46.998 9.649 -480.248 0.871
-93.647 -57.586 -347.167 0.962
80.087 -97.004 -392.272 1.168
37.786 -77.294 -461.350 0.959
-53.347 70.753 -459.595 1.056
93.470 -2.275 -409.379 1.013
79.748 -12.662 -489.713 0.907
1.139 46.530 -310.485 1.075
-95.962 -35.495 -324.240 0.950
-45.049 38.645 -420.425 0.758
-27.271 -68.457 -420.406 1.024
-35.701 -58.469 -379.172 0.981
-84.170 -89.231 -329.344 0.854
-15.393 51.260 -322.706 1.055
31.992 -88.767 -438.553 0.930
7.602 -27.467 -462.039 0.946
-33.445 -44.602 -302.226 1.064
98.453 1.855 -415.090 1.042
49.399 9.224 -480.006 1.027
-49.783 47.624 -485.190 0.880
42.163 62.596 -333.320 0.998
-12.986 -73.926 -344.624 1.004
-13.083 31.891 -347.228 0.987
-44.473 -28.324 -344.364 0.883
52.715 -98.543 -349.266 0.919
-7.655 -36.526 -380.239 0.984
13.705 -44.272 -487.968 0.894
-22.520 -2.240 -395.160 0.983
-18.707 30.454 -424.016 1.049
-92.280 -85.113 -408.460 0.931
-35.558 45.466 -426.922 0.968
-68.912 9.214 -442.492 0.821
42.426 -16.832 -366.172 1.118
77.927 -30.826 -473.935 0.969
70.419 -37.624 -460.896 0.895
38.099 -99.674 -376.558 1.112
69.729 49.164 -469.083 1.063
-48.701 10.282 -401.004 0.885
-60.215 24.085 -382.716 0.847
12.986 -23.016 -484.202 0.854
3.488 -64.161 -367.395 0.938
-50.154 -70.317 -326.648 1.045
56.819 -53.691 -336.963 0.975
-89.533 -56.567 -378.000 0.871
-80.680 -59.978 -337.969 1.027
-30.133 20.804 -347.232 1.037
-54.409 -96.649 -393.339 0.944
44.136 -25.110 -323.669 1.031
-65.697 29.723 -421.234 1.081
-97.895 93.482 -491.597 0.979
43.067 -38.994 -419.028 1.097
-73.806 -33.864 -392.414 1.054
-10.282 -24.417 -314.573 0.904
-57.066 35.906 -301.268 0.932
-42.365 32.619 -492.964 0.949
-68.464 -34.900 -480.825 0.822
36.632 -6.916 -469.326 1.076
35.761 18.097 -343.957 1.101
-48.924 37.653 -301.843 1.047
49.979 -18.189 -320.949 0.971
-90.157 77.032 -417.859 1.049
-90.278 6.619 -303.377 1.094
-42.420 -82.241 -490.977 0.935
-46.693 -25.264 -375.741 1.006
-33.606 37.071 -497.101 1.126
-81.641 31.266 -468.907 0.997
-65.221 1.559 -437.657 0.892
81.184 -80.968 -384.426 0.914
41.884 -95.980 -312.080 1.006
-6.923 42.974 -448.348 0.964
-4.861 84.138 -383.985 1.087
-73.335 -58.667 -456.932 1.007
54.758 58.721 -420.181 1.171
89.383 17.154 -352.251 1.048
-16.123 63.974 -416.820 0.953
1.059 58.081 -456.200 0.945
-57.275 -90.839 -402.529 1.045
-73.723 64.605 -424.434 0.963
-18.608 38.163 -315.072 0.896
-41.515 22.810 -460.087 1.073
-1.935 -9.277 -386.053 0.923
-82.170 58.598 -416.539 0.990
-45.446 -97.508 -445.494 0.802
15.547 -87.501 -380.377 0.908
-98.475 41.876 -407.851 0.795
-1.872 8.748 -467.680 0.791
56.691 5.716 -476.506 0.925
-6.085 33.630 -433.994 0.809
36.520 -35.949 -388.679 0.946
-54.737 -50.697 -477.210 0.935
-79.611 -4.652 -312.530 0.869
48.672 87.314 -335.941 1.074
-5.602 82.427 -429.692 1.074
23.835 -87.228 -489.609 1.232
50.156 -59.721 -300.971 0.961
-34.814 -57.679 -498.947 1.040
-39.872 -39.385 -323.116 1.023
88.570 87.946 -331.362 0.905
5.546 15.717 -441.329 0.944
-77.960 -15.926 -402.145 1.002
-1.754 -7.614 -306.010 0.914
-41.702 1.162 -381.647 0.878
31.855 -0.388 -495.147 1.001
94.503 14.952 -438.238 1.118
14.835 -73.393 -408.479 0.945
35.469 73.452 -462.056 0.983
57.206 -45.493 -307.503 1.038
86.424 23.330 -316.602 0.963
-60.364 -27.218 -423.793 1.107
73.164 97.239 -431.094 0.883
-99.151 -85.742 -459.709 1.128
-21.612 49.736 -347.505 1.086
-41.300 95.426 -429.441 1.182
-10.985 82.737 -458.451 1.066
-23.973 -60.972 -403.368 1.016
-39.271 -22.648 -461.166 1.125
18.263 39.008 -318.597 1.074
-38.898 -82.981 -334.937 1.039
90.339 -64.568 -314.652 0.878
-43.648 81.899 -343.126 1.017
-61.236 35.351 -327.374 1.260
79.029 -93.933 -344.313 0.855
-78.847 2.294 -324.035 0.949
-88.498 -14.884 -302.538 0.925
-93.011 -21.096 -411.364 1.124
63.314 -79.550 -339.593 0.938
-70.072 6.121 -434.046 1.072
-34.719 -29.883 -327.589 0.989
57.288 16.400 -431.123 0.955
69.114 -0.646 -351.637 0.827
92.492 -38.657 -475.808 0.887
-27.767 84.310 -422.800 1.141
-85.239 69.819 -401.910 0.864
27.471 77.355 -316.662 0.896
6.512 -49.394 -383.380 1.046
46.150 6.481 -397.811 0.911
-58.839 -30.914 -380.362 1.072
39.195 -24.140 -383.477 1.218
-3.889 75.880 -461.678 0.906
-37.205 -68.158 -444.626 1.032
-96.597 71.738 -345.782 0.928
-38.108 82.451 -380.066 1.132
2.013 -8.565 -480.814 1.146
-2.315 -3.735 -464.779 0.954
-13.304 34.682 -318.537 0.987
86.367 -16.488 -442.201 0.815
6.315 29.298 -363.995 0.710
-89.226 -9.628 -380.225 1.022
-63.683 34.037 -478.607 0.981
53.314 -7.586 -459.935 0.982
-51.572 63.187 -478.246 1.039
63.683 90.150 -464.480 1.087
-49.810 -2.357 -365.253 0.905
-55.191 29.298 -417.943 0.891
-82.096 -28.295 -421.278 0.932
-33.792 13.783 -478.386 0.929
30.978 14.261 -438.168 0.835
-39.469 34.161 -376.942 1.208
-56.704 52.578 -361.951 1.073
-39.065 -10.241 -359.338 1.022
-7.437 -50.691 -319.335 1.063
-19.714 94.695 -329.194 1.136
-44.314 23.707 -301.873 0.792
58.858 51.724 -391.626 0.892
56.639 -45.386 -366.885 0.977
-7.109 86.463 -359.467 0.940
-6.994 -34.607 -461.795 1.040
-17.509 -40.429 -473.374 0.863
-40.572 53.849 -321.565 1.049
40.819 -8.317 -367.167 0.972
92.919 11.006 -440.438 1.061
-63.444 42.171 -470.374 0.910
86.324 83.734 -463.098 0.983
-69.102 36.346 -477.071 0.986
24.326 -83.538 -342.790 0.838
30.989 -56.582 -371.541 1.080
-89.442 68.223 -431.021 0.999
-98.849 -51.817 -390.312 1.018
-13.683 81.499 -452.709 0.949
-97.598 12.677 -450.617 1.134
28.571 -77.972 -322.312 1.032
-50.172 35.823 -374.997 0.953
-84.917 -95.110 -306.877 0.940
-59.953 -72.724 -303.539 0.895
79.444 15.779 -327.668 1.059
-98.009 -45.760 -393.906 1.031
-29.007 75.899 -400.887 1.250
94.206 -68.370 -436.809 0.929
53.500 48.823 -417.454 0.881
21.708 -25.314 -369.167 1.069
45.516 83.434 -354.399 0.833
26.565 -75.393 -398.891 0.975
49.892 44.846 -383.598 1.011
-95.948 -85.023 -481.573 0.916
-20.437 -5.063 -319.097 1.037
-74.229 20.059 -451.009 0.931
-66.767 29.485 -318.097 1.013
-62.286 86.240 -499.229 1.078
-88.571 -25.920 -334.750 1.049
9.054 74.822 -489.329 1.020
51.307 -28.564 -469.373 1.125
5.265 -3.618 -422.699 0.900
45.211 17.104 -393.538 0.880
27.179 -61.992 -332.866 0.794
-1.508 48.066 -332.737 1.076
87.194 21.286 -452.167 0.922
95.125 -91.797 -489.424 1.109
-26.400 -73.196 -368.843 1.082
-70.345 -36.259 -427.007 1.261
10.112 -56.726 -347.053 0.721
90.030 34.953 -396.383 0.885
-47.961 7.509 -383.331 1.105
-61.397 46.199 -375.815 0.895
-47.434 -70.481 -420.479 0.940
95.209 -70.377 -365.445 1.113
-60.174 32.602 -383.888 1.018
-32.537 -90.580 -466.233 0.973
-93.988 -75.614 -459.222 1.164
14.308 23.072 -314.711 0.791
66.376 58.612 -442.806 1.143
-29.722 -54.990 -423.143 1.032
36.658 -23.154 -435.720 1.100
56.129 -60.447 -388.382 0.788
26.558 57.293 -472.634 1.017
-77.615 46.477 -341.409 0.847
-22.260 46.859 -450.387 0.931
-48.277 -36.784 -370.091 1.168
-26.061 53.256 -312.732 1.155
41.002 -63.943 -328.860 0.872
26.191 75.668 -427.538 0.848
-11.555 76.330 -374.038 1.145
-95.973 21.720 -474.640 0.970
-6.196 -75.406 -437.354 0.986
-3.310 -82.588 -482.723 0.946
-25.088 -63.837 -386.440 1.133
38.341 -86.161 -317.132 1.004
-17.648 -83.558 -315.070 0.951
-24.969 73.762 -441.813 1.084
89.434 21.262 -436.532 1.149
-38.002 -85.117 -401.287 1.001
61.205 -37.558 -342.877 0.995
-48.237 30.076 -306.081 1.004
38.249 2.186 -312.056 1.009
23.660 -28.095 -315.858 1.275
92.081 -91.058 -339.179 0.882
-50.558 42.982 -343.629 0.883
52.606 95.052 -306.273 0.955
-7.153 17.445 -476.241 0.945
60.797 -97.398 -355.505 0.837
71.795 -50.846 -383.963 0.976
-46.112 4.335 -350.831 1.034
98.244 30.380 -456.890 0.903
-65.916 34.866 -409.719 1.179
76.297 36.435 -450.214 1.091
-91.898 -40.157 -314.035 0.998
-26.098 33.040 -484.125 1.044
-38.003 -56.989 -342.680 0.843
-4.746 77.685 -310.297 1.056
-99.649 -60.166 -410.593 0.879
26.841 42.150 -423.370 0.924
-94.380 10.390 -301.158 0.947
3.848 -25.227 -407.954 1.073
-25.581 -95.391 -476.434 0.931
-17.375 39.082 -411.636 1.003
-19.550 49.870 -361.176 1.033
-67.732 44.945 -405.620 0.915
75.604 -70.531 -312.116 1.363
-26.405 78.731 -413.919 0.996
8.714 -22.943 -418.707 0.905
-91.178 28.059 -491.968 0.942
-50.757 -34.793 -356.414 1.092
-62.841 71.454 -309.396 0.966
13.397 30.969 -443.888 0.994
61.891 81.940 -498.086 1.004
8.327 -38.616 -473.041 0.944
31.233 65.301 -425.524 0.898
19.046 66.039 -368.644 0.944
46.332 -24.311 -302.511 0.983
13.281 17.177 -329.648 1.033
80.680 18.839 -407.611 0.974
-53.525 -50.435 -482.576 0.922
0.623 85.653 -428.695 1.009
-15.555 -27.573 -337.196 0.960
-93.431 -92.526 -354.307 1.053
85.798 -84.767 -452.900 1.025
41.290 97.626 -409.581 1.087
-74.541 47.961 -466.527 0.975
-69.930 -21.593 -458.144 1.021
17.368 -86.083 -353.262 0.947
31.882 -37.754 -456.302 1.023
71.056 -25.463 -466.705 0.898
-90.497 -48.682 -441.541 0.921
-33.771 -54.596 -499.875 0.939
-28.290 7.432 -400.485 1.032
-36.574 -21.164 -460.765 0.941
-57.518 46.097 -313.660 1.014
-92.005 92.804 -440.114 1.069
-79.981 42.645 -480.131 0.972
76.270 41.722 -361.471 1.063
72.965 -93.018 -339.728 0.935
-27.296 -74.874 -401.978 1.028
34.235 10.392 -356.543 0.930
39.126 2.732 -370.214 1.136
3.848 -3.906 -496.470 0.863
-82.340 26.405 -320.906 1.003
15.810 16.626 -409.846 1.053
42.570 86.895 -343.135 0.911
9.392 -1.987 -430.017 0.986
2.809 -43.118 -360.549 1.030
39.025 -49.418 -465.906 1.061
-23.998 55.664 -442.663 0.969
-13.107 -44.775 -484.190 0.939
-94.302 46.462 -463.865 1.185
-65.606 79.772 -435.076 1.074
-49.726 -20.496 -360.138 1.096
-79.384 15.499 -433.348 1.035
1.926 42.118 -319.785 0.984
-33.604 -78.136 -329.209 0.770
1.156 47.171 -321.945 0.991
22.969 13.392 -457.442 0.959
-46.620 -81.833 -470.413 1.058
-48.891 7.194 -370.821 1.035
31.966 34.946 -493.791 0.997
-47.484 -50.900 -482.554 0.900
-87.537 9.541 -458.959 0.988
80.808 98.777 -488.166 0.816
15.338 0.825 -301.651 1.120
80.751 -41.938 -498.766 1.027
70.295 -57.218 -478.411 0.833
-13.012 -58.113 -496.999 1.039
30.646 55.409 -328.002 0.917
-96.120 -24.090 -329.515 1.008
-93.625 -49.028 -441.421 0.947
-79.970 -43.270 -307.376 1.058
68.704 -92.400 -346.190 1.129
95.932 39.769 -315.702 1.029
-1.878 -89.932 -445.506 0.993
-5.991 -0.020 -442.211 0.916
0.444 -41.728 -414.593 1.024
56.821 48.137 -343.005 1.053
85.871 -36.323 -357.980 1.070
42.029 61.998 -401.341 0.997
-73.268 -95.476 -328.331 0.902
-47.066 -27.713 -364.325 0.956
-80.300 89.369 -448.195 0.906
78.548 32.477 -385.828 1.159
58.739 73.202 -444.754 0.938
-27.654 32.333 -454.619 0.989
61.859 85.903 -327.420 1.046
62.304 -4.852 -371.384 0.999
-83.618 -59.732 -433.725 1.127
98.409 76.226 -315.224 1.138
20.695 48.253 -454.883 0.926
99.368 42.867 -368.126 0.941
-84.588 -7.234 -442.366 0.982
59.309 45.174 -363.002 0.882
39.228 83.568 -388.358 1.077
65.756 -71.237 -482.323 0.921
-67.757 -99.013 -363.066 0.880
1.187 -33.956 -484.796 1.252
99.579 -99.140 -469.360 1.067
-73.884 -76.714 -469.682 0.982
-21.675 -45.855 -387.644 0.999
-23.217 8.296 -327.629 0.848
-70.652 -3.964 -489.388 0.987
49.302 -72.090 -376.467 0.939
-93.610 -92.046 -480.070 1.042
-52.738 -94.110 -348.181 1.112
31.432 -0.472 -362.238 1.045
50.500 -37.084 -332.178 0.863
-51.752 -94.870 -337.689 1.107
26.123 52.688 -479.115 1.064
75.543 -33.968 -402.871 1.171
96.565 -27.673 -395.407 0.913
77.429 71.031 -368.537 0.926
29.271 -41.804 -342.269 1.207
24.401 -9.746 -327.242 1.033
-67.006 28.143 -452.463 1.043
7.837 98.354 -364.481 1.069
-1.867 22.968 -334.904 1.139
-27.375 -52.644 -369.278 0.840
83.374 61.241 -408.550 1.048
66.235 33.825 -457.003 1.241
70.125 93.224 -379.477 0.832
54.559 39.069 -351.461 0.959
-41.344 19.784 -486.413 0.976
-31.702 3.622 -339.765 1.014
-76.622 -8.868 -442.098 0.952
-93.152 -60.119 -375.562 1.030
-12.090 -80.408 -450.386 0.936
-44.187 -40.115 -358.683 1.065
4.779 -97.137 -470.983 1.032
91.863 -86.443 -438.347 0.877
-92.982 27.478 -310.496 1.089
42.292 -73.567 -302.036 1.045
90.952 -56.500 -408.297 1.134
6.477 -68.725 -336.978 1.002
-13.266 -72.543 -487.153 0.900
28.580 -22.183 -310.674 0.914
55.369 -38.002 -313.652 0.875
58.251 -43.552 -417.301 0.879
-26.265 -12.223 -424.074 0.998
0.801 -62.259 -349.774 0.971
68.150 -37.554 -379.907 0.954
-63.128 74.350 -449.370 1.109
43.430 -57.387 -387.696 0.923
-93.054 -17.298 -306.749 0.978
28.908 81.074 -473.353 0.863
89.978 47.296 -465.886 0.884
-33.697 40.559 -394.332 1.035
47.036 25.873 -478.959 0.934
-22.355 31.619 -479.620 0.949
-89.610 -98.382 -346.984 1.060
66.448 -15.633 -470.916 0.847
-43.530 -88.799 -495.712 0.907
-49.100 -55.118 -410.015 0.937
-47.542 -96.706 -426.232 0.942
-61.256 81.863 -413.838 1.023
99.025 89.470 -352.943 1.123
-35.891 -8.957 -301.100 1.162
40.771 -57.766 -359.859 1.084
-49.997 91.198 -488.535 0.955
83.281 -9.628 -383.945 0.964
37.690 67.402 -473.144 0.911
-58.129 -48.246 -350.150 1.016
-22.834 -86.285 -438.463 0.935
88.104 7.565 -380.412 1.065
35.134 95.856 -473.604 0.862
-36.150 52.188 -334.925 0.935
-97.562 -7.085 -465.798 0.865
43.190 -83.971 -389.298 1.012
61.261 -17.967 -440.919 1.037
63.417 -88.338 -459.505 1.026
20.888 14.406 -367.654 0.796
18.996 -57.179 -444.393 1.022
10.023 -65.350 -427.450 1.154
66.722 18.144 -422.565 1.043
24.514 89.409 -490.229 1.082
20.491 10.436 -329.978 1.036
81.278 -67.196 -473.591 0.932
3.151 -21.493 -458.392 0.950
-4.201 44.080 -328.381 1.028
94.825 -92.319 -415.998 1.069
59.456 78.776 -365.621 0.873
-93.251 -42.531 -438.631 1.008
-89.809 75.131 -422.900 0.927
30.835 -63.900 -389.971 0.908
-13.599 85.817 -349.074 1.137
-36.455 -31.058 -307.161 1.014
-22.300 -44.037 -380.242 0.776
-88.433 47.141 -307.062 1.066
-71.645 -90.332 -367.323 0.959
20.480 58.799 -417.098 0.972
17.433 86.256 -453.490 0.873
-71.939 61.470 -415.463 0.981
-51.434 1.432 -464.090 1.026
99.685 -63.320 -389.949 0.987
98.441 2.195 -458.569 1.021
-68.924 38.864 -382.333 1.103
-96.728 8.769 -453.565 0.980
-83.286 -23.098 -463.782 1.049
17.552 -27.579 -378.020 1.039
-11.621 98.662 -435.886 1.057
-73.301 36.181 -414.598 1.015
99.987 -86.222 -354.281 0.874
-75.125 83.128 -358.439 0.895
51.236 -44.304 -392.805 0.964
-17.252 -41.757 -466.685 0.956
62.087 -69.875 -302.497 0.939
18.808 -30.668 -305.897 0.933
-31.583 -30.343 -338.128 0.970
4.089 37.923 -448.882 1.099
