57.223 -8.426 -329.179 0.909
-8.572 11.620 -422.931 0.933
85.022 -51.057 -343.159 1.021
84.119 -87.003 -350.530 1.028
46.535 78.575 -497.876 1.071
16.288 54.709 -341.255 0.877
73.465 84.007 -383.078 1.020
40.628 42.851 -418.465 1.008
97.789 25.210 -358.917 1.117
-10.426 -32.708 -484.429 1.059
16.825 -47.767 -396.852 1.132
-53.054 -19.256 -424.163 1.203
-13.048 9.597 -369.575 0.992
-2.851 -97.489 -338.956 1.044
20.480 40.650 -499.321 1.115
-41.159 81.200 -489.595 1.080
-65.583 -30.412 -418.039 1.070
-31.794 -52.399 -408.801 1.042
83.982 -44.950 -332.540 1.062
-54.123 -33.908 -376.978 1.102
-73.584 20.695 -459.698 1.034
32.358 55.218 -310.288 1.112
87.557 -5.771 -471.165 0.834
82.973 63.865 -422.059 1.084
7.043 -54.647 -476.929 0.988
-90.752 16.473 -434.438 1.040
54.636 7.502 -411.134 1.086
-52.455 32.531 -418.291 0.918
-10.867 -47.632 -368.178 1.160
-68.989 16.918 -427.174 1.007
-30.625 -5.296 -475.821 0.977
-25.736 -81.213 -484.168 0.849
60.813 -37.720 -464.322 0.855
50.136 -90.021 -465.785 1.197
80.042 16.328 -302.994 0.956
12.686 -72.503 -440.621 0.993
-83.934 -57.985 -312.929 1.103
41.499 42.985 -415.089 1.051
97.345 63.872 -432.277 0.904
25.178 53.108 -328.789 1.046
-61.698 67.304 -383.675 1.135
-82.568 0.739 -348.745 0.934
-80.900 41.656 -436.449 0.986
-90.228 92.936 -332.735 0.936
13.797 95.164 -420.497 0.969
-43.362 97.183 -393.735 1.158
-89.556 -74.925 -340.908 1.038
46.487 -27.164 -454.593 0.913
94.806 -18.309 -387.422 0.820
-34.148 60.766 -498.259 1.019
-21.642 -80.418 -335.100 1.153
-54.512 -1.532 -300.487 0.911
88.338 -16.007 -466.422 0.978
75.002 -98.560 -400.647 0.951
28.096 -31.897 -369.822 0.880
91.491 -99.937 -327.745 1.051
55.231 71.478 -338.486 0.801
32.846 -69.103 -393.288 1.125
12.851 45.106 -342.536 0.992
45.394 80.249 -418.706 0.954
-55.483 71.560 -364.337 1.082
-44.022 51.592 -456.093 1.002
-53.264 32.264 -440.199 0.825
0.567 91.622 -475.705 1.026
36.642 -18.997 -346.418 0.988
-81.547 -88.473 -458.230 0.782
-90.639 -24.484 -399.674 1.085
-83.700 80.455 -424.999 0.906
14.065 41.702 -432.654 0.979
-72.416 -9.235 -335.832 0.981
-82.478 -68.975 -480.044 1.034
-17.302 -16.979 -444.171 1.044
-89.261 57.378 -415.629 1.136
84.248 -24.107 -436.354 0.886
14.835 -81.528 -458.952 1.013
81.787 18.624 -365.145 0.993
-50.010 24.699 -358.356 0.927
20.490 3.378 -358.258 1.038
-55.460 59.508 -452.981 1.121
-52.699 15.843 -439.112 1.001
55.716 66.393 -351.449 1.005
83.693 -85.463 -392.533 0.697
-13.747 86.182 -316.783 1.166
64.886 12.909 -469.487 1.102
-73.484 -23.204 -412.224 0.824
-36.771 39.925 -446.185 1.231
-59.196 -51.368 -312.299 1.116
-57.154 30.470 -465.687 0.977
5.503 47.831 -387.294 1.021
84.490 -91.578 -440.251 1.092
-96.437 34.153 -346.822 1.158
-72.835 -2.301 -421.458 0.958
92.636 -19.376 -310.788 0.995
-59.026 45.447 -340.936 0.872
-77.541 23.920 -463.395 0.970
43.688 -8.097 -355.125 0.999
-73.689 54.583 -314.028 1.049
95.459 78.562 -431.777 0.960
-92.865 10.215 -493.764 1.072
-90.884 80.280 -421.069 0.904
-36.260 -79.182 -493.449 0.988
50.041 87.294 -326.706 0.939
-27.562 52.389 -392.057 0.960
-92.063 -57.354 -450.546 0.972
-34.263 -38.702 -428.794 0.883
-52.864 34.168 -437.018 0.866
-39.122 29.861 -439.006 1.086
44.448 32.548 -378.610 0.859
-94.223 55.772 -478.646 0.937
79.147 -95.852 -468.386 0.987
19.298 66.510 -343.401 0.809
-43.940 -18.744 -416.412 0.879
51.454 -62.301 -478.853 1.121
-19.939 -67.989 -422.525 0.947
63.766 4.358 -467.252 0.953
-27.386 -60.690 -350.300 1.041
49.182 -17.920 -466.016 0.959
52.228 54.752 -456.555 1.129
-89.643 -55.988 -480.402 1.030
12.498 -95.812 -383.304 1.063
-57.897 -31.716 -405.868 0.895
-88.000 -53.592 -383.366 1.128
-3.678 -49.513 -320.191 1.034
21.627 43.899 -418.769 1.053
55.104 81.440 -308.949 1.051
-90.571 1.131 -454.088 0.958
-58.304 -78.349 -498.451 1.105
43.094 69.313 -484.462 0.884
-25.709 -48.485 -490.496 1.159
-49.625 -78.523 -311.109 0.959
88.494 -11.517 -306.207 1.018
62.669 77.667 -378.832 1.202
58.445 -96.631 -368.448 1.150
81.846 65.059 -395.534 0.833
5.616 16.002 -314.960 1.045
-4.533 76.176 -318.715 0.872
70.743 20.239 -386.509 1.100
11.237 79.791 -347.448 1.028
-62.082 -97.863 -442.761 0.988
16.380 -6.593 -457.004 0.882
-8.606 38.498 -433.514 1.135
-77.118 30.496 -306.487 0.827
-96.694 4.162 -305.737 1.119
-31.817 -30.409 -417.388 1.135
-48.855 78.657 -382.520 1.038
-5.701 -39.170 -353.184 1.112
35.235 -21.865 -442.891 0.885
78.575 -28.293 -474.543 0.956
-58.081 44.793 -446.326 1.015
68.162 -19.660 -413.763 0.981
-42.175 -51.559 -313.732 0.942
78.428 -10.469 -359.413 0.847
-14.056 -0.595 -418.018 0.928
69.298 71.802 -444.084 0.995
59.297 -17.363 -315.710 1.065
68.897 14.298 -409.209 1.079
77.076 -50.871 -484.770 0.976
-75.829 83.652 -481.134 1.042
-30.365 37.537 -427.788 1.013
41.041 94.084 -426.601 0.823
17.051 -52.270 -386.703 1.061
-57.942 81.263 -474.861 0.925
30.064 39.538 -451.654 1.159
-95.699 38.414 -403.130 0.822
-66.990 48.529 -340.516 1.027
70.191 75.105 -313.383 1.119
40.984 73.018 -383.388 0.941
-56.920 75.894 -471.887 1.106
75.993 -95.223 -347.011 0.973
30.077 80.717 -434.678 1.014
30.915 -4.931 -321.238 0.971
63.151 32.212 -303.900 0.945
13.832 -28.301 -418.301 0.836
27.595 -47.813 -374.707 1.057
8.804 8.962 -492.654 1.184
65.769 12.658 -355.369 0.955
23.950 -84.500 -394.855 0.877
84.913 -0.466 -424.717 1.005
86.625 -73.051 -323.637 0.961
59.943 -54.078 -318.015 1.070
48.276 -42.422 -402.318 1.009
-24.431 -65.486 -343.329 0.964
-55.542 97.769 -389.467 0.832
30.920 -86.624 -400.559 0.816
13.581 -0.793 -484.487 0.921
-25.754 82.219 -404.156 1.013
52.429 -86.089 -470.876 0.882
58.292 42.390 -396.149 0.936
-92.608 34.446 -312.802 0.879
44.999 -47.450 -349.342 1.098
-67.662 -35.786 -340.456 1.070
94.062 48.991 -480.875 1.010
-72.092 7.219 -310.591 0.945
51.437 13.303 -390.920 0.943
-77.396 43.657 -490.283 1.049
16.462 69.188 -419.024 0.945
10.833 79.007 -392.084 0.922
38.797 37.803 -350.234 0.988
91.831 77.692 -405.984 1.154
58.867 39.804 -456.165 1.046
96.636 7.130 -354.932 1.025
-38.713 -29.705 -458.357 1.068
83.582 -79.507 -309.804 1.080
-13.904 12.039 -439.157 1.078
-48.561 -89.235 -498.138 0.927
63.269 56.604 -385.689 1.031
-14.841 34.998 -359.557 0.937
1.790 -33.047 -470.696 1.039
75.429 -5.994 -415.040 0.880
-88.566 68.318 -437.836 1.123
-79.227 -68.561 -423.457 1.022
13.065 -16.792 -453.401 1.111
97.219 97.114 -472.759 0.911
39.549 0.579 -369.449 0.964
-45.275 -61.205 -376.955 1.040
29.956 -5.530 -364.149 0.935
1.980 -42.936 -354.721 0.943
-2.100 -10.265 -490.653 0.878
46.783 -31.128 -407.804 0.957
-30.533 13.022 -485.506 1.084
-9.879 38.150 -433.483 0.930
-94.277 62.381 -453.256 1.017
9.030 39.426 -460.213 1.131
-19.146 -80.947 -326.185 1.114
17.603 79.021 -344.124 1.074
-90.490 -38.430 -369.625 0.969
35.336 66.141 -464.192 1.008
-36.300 -95.206 -482.511 0.877
-81.137 -69.528 -428.993 1.127
-36.268 -1.304 -419.654 1.036
67.588 -23.314 -441.716 1.044
20.404 -5.126 -494.840 1.121
93.309 -14.276 -417.991 1.009
-17.754 95.021 -443.028 1.040
0.043 41.864 -334.168 1.042
42.204 -82.241 -486.225 1.014
-74.956 -11.370 -332.794 0.967
-82.940 3.930 -460.992 0.881
86.883 5.303 -399.935 1.096
70.676 -71.124 -409.342 1.096
4.062 67.396 -422.588 0.991
-43.386 76.972 -389.792 1.097
-64.026 70.888 -481.902 1.008
90.176 -16.058 -380.695 1.015
-32.177 -32.976 -356.891 1.011
-33.032 -50.963 -480.654 1.040
-23.750 49.357 -492.666 0.930
-16.676 1.383 -387.873 1.142
-87.163 -0.561 -434.949 1.041
-39.894 23.947 -323.347 0.985
99.857 -69.156 -434.115 1.015
49.887 -9.685 -462.716 1.012
-71.741 -33.904 -480.152 0.938
-59.590 -96.191 -414.614 1.008
75.093 -29.804 -474.998 0.837
49.843 88.249 -431.737 1.049
-28.946 -94.501 -442.651 0.898
27.388 84.717 -345.365 1.038
50.619 83.108 -441.087 1.079
-39.226 -98.861 -484.666 0.897
-19.037 62.079 -404.619 1.149
-19.919 -52.923 -471.353 1.101
60.330 94.607 -408.940 1.016
-3.541 4.246 -302.616 1.150
59.099 -45.494 -467.054 1.036
-84.027 40.872 -359.580 0.957
-92.258 99.216 -487.401 0.921
22.339 29.913 -310.668 1.110
-13.745 59.172 -348.610 1.141
33.536 -88.032 -349.429 0.981
-20.879 -39.754 -386.591 1.120
0.966 45.650 -396.528 1.097
-6.998 5.331 -389.774 1.072
33.977 91.011 -474.492 0.984
50.920 -14.632 -422.400 0.917
-23.767 17.738 -328.337 0.977
93.892 -30.686 -397.198 1.075
79.348 -71.150 -390.633 0.889
47.505 -41.968 -432.663 1.028
86.913 22.681 -408.096 0.927
-3.500 96.539 -365.496 1.068
-35.006 -9.283 -338.222 1.015
-4.900 -85.499 -420.439 1.103
-25.942 81.222 -360.123 0.887
-79.236 -92.680 -356.124 0.917
-78.935 -70.324 -310.363 1.249
-40.322 -86.367 -300.736 0.834
-76.827 -10.665 -342.082 1.107
95.512 -97.858 -352.005 0.946
-43.848 -33.545 -467.753 1.102
70.112 -23.936 -440.975 0.832
82.316 -35.039 -451.491 0.822
-49.307 -7.245 -489.681 1.113
-17.985 -18.356 -363.329 0.813
43.644 -21.139 -393.315 0.860
-3.644 -71.293 -436.660 1.051
34.323 42.115 -417.771 1.100
-41.750 5.969 -361.736 1.076
-88.510 -40.388 -333.931 1.153
-53.962 63.918 -391.008 0.967
-8.972 -2.868 -477.934 0.953
-70.519 87.601 -361.134 1.044
-1.028 -38.037 -414.212 0.924
-48.297 -1.630 -422.173 1.052
-83.621 -97.754 -472.835 0.914
74.414 -58.580 -477.620 1.093
88.897 98.807 -466.698 1.075
65.633 53.424 -371.269 0.927
77.733 -55.877 -369.856 1.222
47.748 -0.892 -498.229 1.059
-94.313 -26.883 -406.335 0.968
-80.548 12.476 -407.172 1.061
90.158 -34.157 -426.739 0.901
-51.223 -55.431 -416.876 1.063
-52.125 -53.562 -432.635 1.036
22.165 20.364 -461.583 1.059
-79.435 48.638 -465.438 0.928
-66.815 59.044 -358.875 0.924
12.580 9.150 -317.993 0.969
-83.939 36.433 -452.362 0.901
-67.060 62.533 -306.921 0.974
3.087 -5.040 -438.376 0.943
-17.778 78.835 -495.124 0.968
-23.881 -27.447 -369.206 1.051
-7.802 -7.677 -351.504 0.965
39.475 72.456 -360.975 0.976
57.241 -72.791 -332.763 1.074
-61.004 78.535 -458.410 0.887
-44.259 85.206 -303.604 1.071
12.135 -63.102 -346.746 0.936
-55.164 15.749 -398.208 0.873
70.853 -32.289 -394.522 1.005
0.645 40.774 -468.331 1.030
12.498 -36.563 -401.974 1.016
-11.621 90.823 -339.494 0.958
-41.128 -17.251 -440.156 1.039
-3.988 -51.574 -313.900 1.071
-0.459 -52.216 -460.395 0.926
5.615 13.194 -484.513 1.085
90.267 -64.129 -467.827 1.121
-79.577 -72.208 -467.037 1.066
-82.401 -89.364 -469.193 0.883
71.859 -31.444 -360.336 1.122
-13.728 -86.111 -412.208 1.044
-78.773 6.103 -381.665 1.006
-51.386 -27.517 -363.672 1.003
-1.495 -72.652 -419.761 1.045
60.562 -74.510 -443.040 1.185
-14.210 30.512 -465.070 0.929
20.303 -68.491 -360.218 0.929
-34.787 86.065 -414.574 1.034
46.446 -55.993 -395.178 1.120
-58.957 76.601 -481.150 1.021
9.511 9.754 -430.824 0.978
-56.055 -14.957 -412.154 0.832
-95.513 56.736 -406.862 1.025
-1.256 1.071 -436.264 0.990
-25.673 85.632 -466.940 1.110
76.969 87.857 -466.722 0.944
-70.499 96.343 -457.501 0.815
-37.014 -60.121 -365.853 1.080
-52.768 -30.585 -303.950 1.055
-73.352 -92.413 -411.254 1.028
-84.850 76.430 -407.293 1.056
-35.883 37.688 -464.991 1.080
-14.950 -89.347 -376.372 0.996
-12.735 26.018 -389.776 0.898
-99.931 -24.205 -319.570 1.107
57.095 19.254 -306.368 1.165
76.455 -45.781 -473.486 1.003
-11.760 21.875 -491.109 0.933
23.272 41.851 -461.333 1.056
42.374 44.271 -443.833 1.028
47.658 -34.324 -384.321 1.019
65.568 28.499 -431.992 0.890
-90.087 -34.497 -347.202 0.936
-55.153 49.519 -460.240 1.050
-58.835 -82.460 -372.339 1.139
-27.352 30.087 -351.707 1.055
82.301 -37.494 -394.930 1.016
-87.520 95.814 -322.167 0.945
-39.543 51.979 -488.292 1.125
-22.014 -53.699 -466.325 1.118
36.895 -16.146 -340.228 1.040
-24.608 -61.726 -444.409 1.082
-29.937 -91.108 -361.480 1.158
-65.235 52.660 -473.797 1.159
40.220 -17.143 -423.443 1.286
-5.601 -83.825 -344.557 1.010
4.905 40.170 -303.720 0.865
-33.216 -36.376 -339.507 1.181
-3.558 -98.413 -319.414 0.917
-10.249 95.500 -498.639 1.034
-68.448 -75.312 -335.590 1.013
-5.678 -82.883 -311.088 1.016
-48.368 -94.374 -444.392 0.832
-73.383 -99.485 -476.970 1.130
-39.460 63.801 -450.325 1.007
22.041 18.760 -337.854 1.090
-20.018 26.998 -316.875 1.032
18.792 89.619 -399.658 1.109
-14.042 -53.940 -455.972 0.908
-77.931 -92.030 -476.228 0.967
-69.118 23.535 -354.605 1.028
-92.569 -2.440 -472.004 1.119
-9.377 -37.868 -302.065 1.041
-82.927 -98.362 -337.830 0.811
-6.656 94.664 -450.790 0.868
-69.466 -63.010 -374.335 1.052
-31.092 82.192 -410.144 1.038
56.826 -34.113 -340.493 0.883
-55.778 81.736 -480.329 0.966
11.487 18.907 -333.859 1.123
-91.638 -44.860 -454.007 0.975
-84.386 62.135 -349.483 0.812
-93.839 -20.092 -375.271 0.953
-9.461 -18.638 -475.880 0.880
-38.037 -95.964 -474.573 1.031
85.918 36.140 -321.484 1.128
82.642 -6.316 -315.101 0.880
-31.893 -0.977 -341.778 1.088
-15.192 -34.561 -376.510 0.966
68.361 16.282 -469.975 1.063
-1.089 -23.603 -346.672 1.099
-49.821 14.912 -300.436 1.092
50.957 99.635 -449.337 0.946
-30.616 -39.876 -438.363 1.224
-13.472 -41.827 -388.282 0.926
7.288 38.822 -343.095 1.052
84.787 23.214 -365.440 1.205
-39.008 -90.621 -458.310 0.996
65.981 -49.410 -300.176 1.083
-73.133 37.417 -457.222 0.915
-75.777 13.953 -405.056 1.093
32.052 -77.839 -397.875 1.097
-28.642 -89.501 -300.155 1.128
-59.764 76.940 -359.995 0.979
55.440 98.965 -372.299 0.925
72.364 -46.022 -357.860 0.956
2.769 34.893 -451.961 1.090
18.119 48.580 -394.691 1.089
-55.964 58.688 -470.723 1.175
50.673 -67.024 -427.203 1.039
77.527 89.476 -450.267 1.057
-88.199 36.681 -304.096 1.087
83.149 35.554 -387.011 1.083
50.364 -64.456 -326.803 1.061
47.654 96.065 -326.275 1.076
7.283 24.926 -340.394 1.161
-96.685 -91.342 -305.681 0.999
94.969 88.162 -452.044 0.870
37.468 99.899 -498.446 1.089
-7.082 23.547 -486.142 0.950
-77.826 11.956 -438.999 1.141
-39.121 44.373 -446.183 0.982
22.571 50.553 -432.692 1.028
79.768 -46.420 -421.618 0.837
12.632 -38.009 -479.234 1.098
-54.440 -28.884 -465.419 1.180
72.558 63.064 -321.369 1.236
75.010 59.222 -451.839 1.034
-69.157 -5.524 -454.220 1.092
74.315 -40.980 -445.646 0.981
-61.697 -32.627 -403.436 1.058
83.521 19.355 -497.136 0.869
-23.193 -90.953 -494.403 1.050
-70.267 39.058 -377.777 0.987
28.857 87.205 -424.342 1.044
-66.251 -5.734 -331.238 0.950
7.707 64.044 -318.685 1.094
-62.926 -16.666 -392.932 1.007
63.833 -96.040 -431.548 0.975
56.083 52.502 -360.545 0.898
-21.311 -37.956 -401.281 0.974
54.213 -33.778 -429.341 1.095
1.102 -29.300 -407.708 1.134
27.091 -25.395 -430.497 0.971
-36.065 24.330 -386.389 1.001
44.288 -37.671 -411.372 0.963
5.383 -0.030 -345.112 1.164
11.745 -94.228 -458.959 0.877
-35.421 -33.356 -335.118 0.952
-7.966 -73.091 -392.577 1.098
43.657 94.775 -402.187 0.802
96.309 75.461 -435.342 1.179
-9.634 -17.924 -361.723 1.074
-29.710 49.105 -386.801 0.999
14.881 -27.576 -426.507 0.904
-24.346 57.803 -431.331 1.063
34.768 -90.209 -365.637 1.059
76.702 53.691 -389.010 1.009
76.952 -4.692 -412.348 1.045
-60.935 46.702 -458.385 0.875
78.193 -60.510 -312.504 0.916
-41.026 -58.243 -335.271 0.915
-83.186 -2.512 -341.383 0.941
-20.265 -65.148 -376.978 0.835
-24.327 7.996 -327.855 1.014
-96.295 36.465 -482.564 0.982
16.724 89.910 -321.509 1.075
18.633 47.363 -345.324 0.951
1.336 35.750 -384.091 0.956
-8.074 53.369 -423.827 1.018
56.089 -90.700 -450.857 1.088
32.440 99.260 -477.290 1.037
97.575 -30.532 -362.301 1.083
-75.423 -30.121 -335.674 1.094
42.264 69.536 -394.977 0.902
-91.187 66.177 -341.252 0.928
-83.131 29.024 -348.955 0.841
-31.179 -68.417 -433.544 0.946
-14.944 -27.405 -341.365 0.940
-62.427 -48.648 -342.172 0.985
36.613 0.076 -302.074 0.846
-31.634 -90.975 -424.625 1.009
-94.019 -54.729 -332.154 0.938
-62.871 52.132 -499.579 1.083
62.135 -79.071 -448.365 1.003
-79.042 46.461 -476.493 0.943
71.559 41.879 -458.015 1.006
43.714 90.257 -326.741 0.990
-65.920 1.952 -445.058 0.948
-29.733 64.480 -300.631 1.059
-16.458 -32.415 -331.959 1.094
-70.441 83.645 -330.872 0.951
84.989 15.117 -462.724 0.981
-32.037 -97.025 -304.826 0.852
-1.582 -99.868 -450.341 0.923
57.628 -15.632 -329.687 0.946
94.804 -95.115 -380.047 0.832
8.656 -73.278 -396.111 0.879
-76.213 -92.320 -311.233 0.952
-10.120 65.343 -440.876 0.988
85.756 55.932 -392.392 0.881
-45.449 30.017 -442.548 1.066
-22.790 96.257 -470.856 1.094
44.468 43.936 -440.776 1.088
10.249 -96.690 -489.702 0.893
36.664 -52.695 -448.283 1.116
1.026 6.132 -474.215 0.904
13.982 -65.622 -360.454 1.059
-42.674 -44.329 -456.385 0.822
-15.451 2.034 -452.501 1.021
47.962 10.266 -446.446 0.996
-60.493 -85.659 -425.841 0.924
-25.732 -84.334 -383.502 0.990
-21.288 88.284 -494.826 1.124
-5.636 -65.959 -407.129 0.841
-34.514 -19.036 -494.811 0.968
74.694 65.204 -317.722 1.161
-44.828 -30.976 -462.277 0.925
99.824 -61.666 -475.850 1.014
-49.068 -39.186 -407.063 1.163
48.795 72.048 -474.553 0.946
-81.713 -35.993 -417.777 0.893
-88.602 -12.757 -406.256 1.021
-37.541 -37.370 -481.847 0.870
33.799 42.783 -334.439 0.962
60.893 -88.725 -404.929 1.098
-18.031 -60.434 -365.980 1.014
-66.722 1.759 -374.029 1.059
-85.192 73.428 -316.323 1.035
99.012 35.878 -417.128 0.889
86.538 -78.942 -324.273 0.916
83.287 89.726 -466.446 1.019
-3.693 -48.274 -414.633 1.047
23.557 70.077 -472.154 0.873
80.601 19.692 -444.394 0.955
-43.213 48.155 -442.836 0.845
72.429 33.992 -391.310 1.302
-7.279 -97.355 -471.341 1.057
-76.636 82.795 -422.187 1.049
-84.407 3.800 -465.063 0.898
90.155 73.822 -356.712 0.871
-42.583 54.065 -382.901 1.100
-54.525 -10.291 -328.479 1.085
58.471 92.173 -452.913 0.996
34.962 -35.598 -321.118 1.001
-92.258 8.239 -446.409 0.911
-5.996 -12.014 -458.658 1.025
66.292 78.508 -391.431 0.987
68.637 83.199 -471.035 1.097
86.697 35.814 -316.302 0.990
86.321 91.835 -469.170 1.007
-14.190 63.905 -499.703 1.048
25.263 72.716 -400.581 1.094
-14.735 81.405 -388.668 1.132
44.964 67.634 -386.546 0.678
71.809 -82.809 -489.779 0.976
-53.802 0.983 -418.175 0.954
-64.569 -34.962 -466.632 0.883
85.385 -62.755 -485.213 1.077
-91.149 46.429 -397.311 0.976
93.776 -90.591 -333.101 1.089
-66.944 4.664 -423.172 1.007
-67.461 56.162 -308.365 0.913
7.604 -13.429 -372.319 1.050
-5.361 92.818 -464.623 1.001
-80.520 -22.263 -477.984 1.020
58.201 94.636 -416.312 0.954
41.052 -25.687 -416.125 0.917
-30.179 11.272 -447.514 1.139
47.599 -87.126 -354.394 0.964
-56.151 -26.486 -308.566 0.987
-13.733 -3.745 -443.928 1.117
20.399 -21.766 -379.774 0.977
32.777 5.149 -402.773 1.224
5.402 21.820 -345.469 1.115
-73.993 -41.277 -350.955 0.894
71.488 -87.977 -395.336 0.887
56.881 36.199 -460.632 0.871
2.559 17.657 -453.843 1.071
-74.350 48.749 -327.072 1.013
-21.484 20.015 -407.768 1.007
-56.190 -49.570 -355.357 1.029
-15.732 71.620 -471.657 1.048
-46.409 -64.408 -302.410 0.786
-51.942 -82.939 -399.933 0.790
7.104 84.884 -387.495 1.043
-29.999 -90.725 -317.315 0.929
9.891 -19.593 -424.470 1.045
-68.012 -9.447 -353.481 0.960
-79.490 17.983 -438.734 0.947
68.221 31.350 -309.176 1.054
9.869 57.603 -391.876 1.112
-65.707 78.151 -319.543 1.087
-22.493 -13.496 -321.457 0.909
71.369 83.007 -438.545 0.775
51.827 -22.255 -484.362 0.934
2.483 -18.965 -381.880 1.025
40.218 -78.790 -417.539 1.211
-64.590 -78.645 -380.607 0.882
-5.572 70.145 -454.419 0.830
-29.847 97.667 -304.716 1.023
-43.503 -30.888 -439.213 0.998
-39.295 80.689 -322.425 1.109
29.385 -24.091 -320.213 1.050
-68.093 33.565 -405.351 0.957
-22.806 48.469 -475.567 1.191
-5.170 26.207 -372.567 1.090
-92.982 46.273 -407.927 0.885
-82.988 -99.252 -402.178 1.131
-8.699 98.335 -427.100 0.945
-57.458 -70.131 -341.989 1.062
54.527 -6.620 -466.268 0.978
48.059 95.376 -478.014 1.049
48.317 -37.797 -460.154 1.216
76.876 -54.170 -432.843 0.942
67.380 25.685 -321.762 1.127
-35.716 41.182 -416.086 1.056
70.154 89.451 -434.279 1.037
-11.378 93.127 -472.461 0.874
-5.583 32.631 -465.691 1.261
-19.926 -38.164 -341.303 1.083
73.954 -58.583 -425.422 0.779
-77.282 -82.730 -304.851 0.789
18.321 -95.965 -395.914 0.948
39.043 65.787 -362.269 1.031
31.040 -48.455 -409.885 1.063
84.163 30.190 -495.715 0.972
-4.108 -32.288 -489.271 1.067
72.132 31.430 -419.657 1.021
91.285 63.193 -442.240 0.942
1.449 16.755 -340.195 0.984
-65.703 -87.868 -373.261 1.029
-65.713 -63.380 -301.616 0.951
-97.039 72.936 -474.190 1.012
80.642 45.491 -348.071 0.950
58.669 -59.883 -463.553 1.063
71.194 90.707 -356.756 1.047
31.099 -96.241 -427.378 1.056
-77.144 85.062 -392.965 0.947
94.060 1.340 -364.682 0.991
-38.789 32.377 -305.315 1.111
28.473 11.853 -300.879 1.003
5.922 67.106 -437.085 0.876
87.910 82.312 -469.069 0.770
-46.371 95.740 -450.601 0.923
-81.563 85.530 -344.360 0.962
-69.327 -62.657 -400.065 1.217
-12.598 43.180 -478.734 1.054
59.474 1.274 -459.847 0.986
90.535 -90.944 -337.109 1.024
72.911 -87.134 -367.496 1.084
92.720 -74.108 -402.130 0.998
-24.616 -93.846 -331.657 1.054
-97.255 -67.401 -450.134 0.834
15.885 10.439 -453.001 0.903
17.870 -46.312 -360.378 0.863
96.440 -55.789 -497.294 0.867
47.070 98.615 -367.663 1.055
-84.574 -48.230 -351.975 1.065
24.087 -39.812 -418.996 0.959
1.786 63.399 -474.485 0.941
20.926 -23.377 -436.350 0.841
-0.307 57.164 -408.253 0.924
-45.224 29.432 -391.331 0.847
-23.913 10.303 -324.979 1.062
-68.305 48.745 -376.611 1.019
50.182 38.627 -454.373 0.964
28.474 -62.867 -351.945 0.985
52.225 -12.731 -385.166 0.760
13.546 72.120 -477.078 1.087
41.814 -0.015 -382.931 1.052
-21.251 68.023 -496.477 1.091
56.140 -62.838 -389.879 0.971
64.187 32.869 -430.952 1.052
79.899 -69.265 -433.500 1.029
13.620 95.338 -367.584 1.022
28.024 64.749 -380.570 0.924
-75.288 -27.371 -465.294 0.903
-0.069 45.383 -467.709 0.979
-8.831 9.895 -346.035 1.140
-85.527 13.626 -348.701 1.067
-4.192 44.183 -369.955 0.927
41.228 81.770 -470.606 0.700
26.865 -66.241 -470.013 0.936
46.566 3.510 -361.536 1.090
88.310 -67.187 -456.807 0.902
-61.525 17.763 -346.531 1.065
50.400 95.642 -355.177 1.046
37.637 24.033 -418.949 1.134
35.406 12.805 -415.353 0.762
43.939 53.530 -452.164 1.009
50.942 96.040 -394.225 0.881
-23.751 -85.791 -365.609 1.177
-2.553 -75.331 -446.446 1.089
28.795 -62.960 -419.467 0.995
10.607 -48.494 -310.080 1.143
-63.393 5.452 -388.690 0.959
51.631 -46.467 -454.455 0.965
6.660 94.548 -332.128 1.028
29.437 -46.780 -340.482 1.097
-61.673 -24.481 -360.371 1.040
70.159 78.166 -458.521 1.035
-63.756 65.148 -335.241 0.981
15.452 -53.802 -380.007 1.016
2.742 -70.063 -303.032 0.979
-66.610 -96.972 -476.215 1.053
67.895 -90.375 -452.678 1.152
-81.825 11.076 -437.854 0.917
84.718 91.152 -484.008 0.899
-35.731 -60.052 -386.545 0.889
59.523 60.776 -480.750 0.943
-32.436 -81.443 -374.352 1.089
79.159 23.691 -356.130 0.986
42.997 -28.622 -439.762 1.027
91.099 83.638 -467.822 1.012
85.895 -80.363 -338.009 1.065
-7.426 42.419 -431.724 0.934
90.555 -6.189 -415.580 0.937
-42.771 -50.509 -416.056 1.081
-12.111 1.623 -466.089 0.882
0.811 -67.152 -342.239 1.071
-79.311 -8.818 -435.314 0.973
-10.369 -70.169 -422.635 0.922
71.319 73.918 -410.868 1.158
56.185 -57.655 -482.376 1.128
96.615 -57.249 -357.027 1.054
82.688 -21.089 -465.972 1.006
-66.753 -99.789 -434.666 1.054
29.630 -7.004 -430.045 0.903
-19.663 -0.092 -421.201 1.152
-7.807 56.677 -413.842 1.029
-10.347 76.212 -446.936 0.930
58.720 47.403 -493.308 1.224
-23.377 93.025 -306.960 1.041
-55.709 -10.122 -431.282 1.172
-80.507 -56.594 -354.410 1.070
-95.446 -5.896 -330.349 0.988
67.429 -61.276 -445.124 1.057
-39.175 -51.089 -394.171 0.892
-48.598 -14.419 -365.360 0.979
43.299 38.432 -439.869 0.888
-40.446 82.722 -433.362 0.982
95.463 -81.026 -406.556 1.034
-21.190 -4.180 -438.214 0.955
88.940 6.453 -408.433 1.156
-84.411 49.756 -484.523 0.997
-56.819 58.704 -485.452 1.105
42.417 32.154 -456.859 0.825
54.809 64.326 -476.084 1.002
-43.793 -12.170 -378.690 0.963
-43.831 1.037 -413.769 1.159
-55.706 78.570 -365.698 1.059
36.071 67.098 -455.355 1.079
80.744 -27.113 -456.900 1.193
-43.339 -82.077 -329.647 0.953
21.113 -30.948 -476.074 0.872
58.497 -65.227 -483.843 0.869
29.696 60.189 -312.556 1.212
-53.592 -99.813 -385.510 1.110
-41.543 -21.831 -457.460 1.032
-52.859 -16.771 -429.184 1.034
42.712 62.126 -445.231 0.972
41.275 61.834 -305.886 1.051
-93.987 55.657 -301.028 1.097
3.255 -18.489 -316.805 1.087
9.586 -35.899 -336.109 0.886
-42.441 -39.707 -378.328 1.198
16.697 -70.342 -493.409 1.008
82.445 8.760 -354.741 1.115
57.214 -13.675 -470.591 1.149
97.195 35.063 -460.430 0.761
-15.248 75.872 -318.724 1.067
-12.825 22.831 -484.521 0.916
-86.655 42.940 -305.722 0.932
-89.046 55.789 -415.282 0.984
94.357 90.893 -307.897 0.896
-73.500 -7.901 -304.496 0.959
-32.585 93.955 -347.477 0.861
89.562 -55.547 -453.112 1.049
-97.750 -72.517 -381.667 0.967
6.060 -61.980 -479.256 1.065
82.906 -30.472 -446.011 0.989
13.023 57.403 -404.935 0.886
58.618 77.968 -311.774 1.210
-88.034 -59.526 -432.416 0.891
54.589 79.195 -440.973 1.071
-23.412 0.296 -338.450 0.995
78.323 -63.188 -445.230 1.022
90.568 85.154 -458.960 1.131
62.944 -80.030 -325.473 1.126
13.459 -35.458 -363.467 0.959
83.997 -29.136 -365.852 0.907
98.515 -52.545 -395.592 1.170
-11.562 -84.580 -301.184 0.842
-43.845 -16.615 -377.165 1.008
61.288 -16.477 -443.818 0.952
-43.013 -24.206 -323.885 1.006
84.801 22.429 -488.447 0.993
-18.903 -90.287 -430.039 1.036
79.201 -2.930 -425.846 1.021
36.882 -31.058 -379.876 0.970
7.681 -28.531 -453.598 1.073
-63.273 64.181 -425.144 1.096
93.659 69.270 -378.165 0.905
-42.470 15.039 -335.146 1.008
64.706 -81.896 -435.389 1.012
15.876 35.478 -426.435 0.913
20.336 -28.186 -361.901 0.909
-62.568 3.363 -485.012 1.085
53.065 -22.898 -364.881 1.072
0.715 17.702 -427.793 1.012
61.663 -76.035 -406.422 0.866
76.091 -61.808 -494.932 1.035
39.834 63.511 -361.797 1.077
93.214 81.851 -486.509 0.875
87.377 31.816 -302.071 1.152
9.424 35.547 -429.033 1.037
61.948 -18.747 -350.240 0.865
-37.423 85.164 -415.902 1.282
31.972 55.632 -398.434 0.967
-67.474 -7.840 -487.928 1.072
-40.151 77.591 -340.423 0.996
58.948 83.131 -382.361 0.889
37.013 35.921 -466.855 0.939
-14.224 78.039 -417.367 1.076
-91.858 -95.011 -368.802 0.866
-82.650 33.553 -487.836 1.303
-4.091 -12.152 -402.813 1.142
-2.687 66.717 -357.557 1.109
-96.384 -43.616 -497.800 0.966
94.727 -37.285 -311.454 1.042
-99.594 -49.126 -432.753 0.985
-71.521 -40.803 -437.413 0.898
-7.989 -29.970 -367.939 1.037
27.184 -56.162 -305.190 1.131
-30.670 60.628 -391.995 0.972
-29.497 -18.330 -452.722 1.041
-75.028 9.674 -453.196 0.958
35.326 66.668 -361.153 0.889
-64.909 -7.179 -477.155 0.916
-37.230 48.384 -329.896 0.986
-82.064 -87.089 -335.317 0.988
23.632 10.434 -345.194 0.942
63.049 -17.744 -337.376 0.895
-90.924 78.794 -339.109 0.933
69.150 11.974 -431.760 0.816
-70.115 10.087 -370.049 1.074
90.869 -97.633 -495.333 1.029
88.670 73.455 -450.813 1.011
17.038 -15.887 -359.610 1.140
-15.048 37.533 -348.714 1.083
29.524 -24.085 -420.419 0.955
7.858 -36.420 -382.683 0.957
22.184 -81.172 -407.495 1.054
72.459 -69.799 -490.579 1.038
-21.168 69.959 -418.675 1.193
-81.144 61.857 -377.806 1.078
70.428 96.287 -454.010 0.931
59.374 65.195 -474.809 0.997
-10.146 53.826 -418.895 1.113
-39.817 97.844 -470.966 1.139
-41.457 72.464 -305.559 1.026
-29.293 8.110 -351.028 1.092
-48.421 -51.892 -440.360 0.904
-72.241 -67.726 -341.955 1.004
3.419 2.998 -310.548 0.882
35.928 83.024 -325.099 0.883
52.402 12.325 -432.687 1.090
67.299 37.224 -452.038 0.934
55.599 -59.452 -364.737 1.006
-65.427 45.023 -457.714 1.005
-45.884 -91.931 -499.689 0.893
-28.911 13.870 -483.298 0.932
-40.940 -82.778 -374.802 1.080
12.067 2.057 -381.772 1.157
-61.449 -71.128 -479.393 0.909
-37.496 -92.914 -423.585 0.970
-13.424 -68.095 -499.975 1.364
0.293 -57.003 -476.995 1.030
53.285 86.777 -433.076 0.928
54.999 26.419 -495.866 1.017
-65.563 -50.913 -303.429 0.907
-71.108 65.080 -419.062 1.027
93.777 -16.889 -312.480 0.940
-77.919 8.700 -314.246 0.989
-38.204 -33.036 -390.078 1.103
97.499 -22.716 -438.370 1.108
68.301 15.074 -377.921 0.920
-52.022 -71.136 -467.863 1.003
-30.464 26.245 -470.567 1.042
-8.095 -7.631 -365.358 0.846
20.926 36.203 -304.937 0.996
35.569 34.511 -474.906 0.970
86.644 -68.295 -444.291 0.944
-26.259 12.411 -373.601 0.956
-51.537 -2.337 -481.656 0.960
23.915 3.704 -431.774 0.750
75.030 54.008 -329.984 1.027
-92.739 -51.685 -348.778 1.015
98.525 -85.005 -370.898 0.952
-29.733 48.423 -327.370 1.100
-92.491 -43.988 -311.888 0.970
49.824 -26.264 -340.947 0.963
-18.936 -77.207 -479.096 1.163
-11.789 30.420 -390.987 1.001
-43.765 74.859 -499.357 0.821
54.457 12.914 -309.820 1.016
11.064 -86.349 -433.227 0.943
52.696 29.751 -486.794 1.037
-2.070 -76.312 -447.552 0.916
26.321 -69.916 -366.480 0.997
-22.608 23.036 -407.640 0.887
-2.038 -52.955 -355.215 0.944
-20.100 11.474 -367.110 1.038
-49.937 44.408 -475.876 0.886
-89.816 54.580 -499.769 0.910
-35.505 67.731 -455.082 1.048
-33.205 78.576 -349.534 0.772
-13.856 -16.232 -383.901 0.983
43.713 -5.469 -464.806 1.079
-69.942 97.130 -454.698 1.167
33.919 80.929 -335.947 0.860
-6.814 -51.920 -416.428 0.993
83.559 95.641 -444.965 0.937
83.203 -52.982 -429.549 0.941
-36.834 -86.221 -330.312 0.916
51.325 56.901 -483.380 0.847
78.699 -95.360 -419.818 1.034
65.620 18.371 -344.375 0.858
38.188 42.444 -401.919 0.874
74.108 -22.622 -384.777 1.032
28.338 -8.594 -394.275 0.782
59.633 8.883 -373.088 1.032
17.850 -2.466 -443.514 1.016
-97.250 74.636 -394.445 0.869
-28.214 -63.510 -353.614 0.960
-86.527 97.191 -484.159 0.919
-60.835 -40.052 -491.104 1.091
-10.598 66.474 -326.283 1.004
-2.213 36.863 -393.264 0.886
47.532 -58.992 -339.124 0.891
76.090 66.745 -403.339 0.973
-12.315 -28.236 -339.768 0.973
-92.053 60.499 -311.590 1.029
-3.017 -2.801 -417.232 0.944
-39.733 -77.645 -476.733 0.942
51.686 -84.712 -341.083 1.009
-51.209 22.829 -400.131 0.836
39.608 64.189 -427.303 0.898
65.161 -64.644 -467.076 0.836
27.394 86.175 -362.707 1.035
-87.013 -39.017 -329.973 0.980
-19.196 89.339 -482.741 1.207
11.591 47.012 -450.798 0.927
20.926 93.762 -463.330 0.989
-39.796 -40.637 -353.001 1.069
-48.708 18.915 -421.121 1.217
11.229 -94.915 -397.357 0.974
44.819 -32.714 -415.088 1.058
-47.742 -0.861 -356.863 1.052
98.877 -71.993 -415.811 0.864
59.553 -27.505 -332.027 1.008
34.503 -81.145 -358.390 0.927
24.111 -22.623 -308.737 0.869
0.891 97.461 -467.963 0.918
-96.851 78.948 -376.129 1.162
-22.598 -9.942 -489.017 0.932
