67.659 -8.379 -391.011 1.135
30.253 -97.321 -441.842 1.029
87.672 -16.580 -497.601 1.015
44.107 -12.163 -472.756 1.290
-99.361 81.625 -471.951 1.020
5.936 -8.342 -369.492 1.142
-91.800 -7.392 -311.749 0.816
-39.637 66.413 -483.136 0.855
-63.079 -27.905 -476.064 1.050
-35.184 -68.025 -332.835 0.891
87.957 37.389 -341.554 1.063
92.607 50.780 -317.714 1.110
70.206 -43.331 -330.879 0.852
-90.786 -29.852 -445.817 0.885
-59.783 7.248 -470.429 0.820
26.947 -30.848 -442.397 1.168
20.366 -89.533 -433.359 1.100
-93.832 -91.734 -359.699 1.091
41.847 24.637 -427.112 1.114
-46.871 50.321 -420.292 0.957
-59.824 -39.078 -435.416 1.024
67.209 97.400 -375.543 0.704
-55.230 21.559 -431.469 0.814
97.876 7.168 -450.284 0.820
29.868 50.029 -483.553 0.912
64.997 22.409 -473.349 0.968
70.504 40.546 -494.730 0.955
39.055 13.681 -395.564 0.889
-15.258 89.744 -361.912 1.034
10.447 -10.182 -396.376 0.854
-1.760 -80.748 -403.122 0.947
53.271 -52.534 -303.969 1.176
-88.182 -50.183 -466.756 0.959
29.170 -18.816 -412.947 0.928
78.111 -77.989 -478.455 0.976
71.468 62.113 -417.326 1.033
56.215 47.369 -314.278 1.020
-1.875 -84.553 -438.695 1.168
-72.527 38.303 -366.237 1.029
44.844 41.902 -339.281 0.960
-89.169 -62.483 -307.625 0.999
-69.066 62.216 -313.226 1.012
-41.115 -6.943 -324.814 0.948
41.876 -71.177 -398.843 0.963
-7.300 -23.736 -382.306 0.749
-39.338 -90.010 -317.693 0.972
-39.239 95.053 -457.524 0.986
-22.907 -21.221 -374.960 1.017
-26.167 79.697 -320.761 0.975
-53.949 1.710 -325.571 1.005
-81.065 88.822 -470.635 1.088
-83.649 -66.885 -375.824 1.047
66.878 43.909 -496.127 0.927
-60.033 -86.214 -387.118 0.895
-9.314 51.512 -429.561 1.124
-12.750 61.020 -352.046 1.077
-79.821 -25.226 -428.747 1.021
-89.141 65.875 -322.198 1.022
-86.403 57.585 -386.658 0.949
-19.165 -56.224 -454.573 0.909
77.279 -9.032 -415.163 1.030
77.431 33.211 -452.025 0.867
-16.371 -76.331 -309.229 0.941
61.399 28.634 -383.335 0.973
66.550 1.496 -468.205 1.025
-23.585 21.895 -339.655 0.863
-23.811 65.660 -320.561 0.929
-64.751 85.092 -437.302 0.786
31.966 -89.214 -305.029 1.052
57.075 17.887 -335.512 1.096
-76.238 99.425 -312.958 0.899
59.022 6.120 -397.025 0.838
-10.304 52.891 -407.280 0.973
-65.731 20.497 -391.358 0.969
-31.415 56.971 -385.514 0.881
-25.614 -93.715 -448.153 1.100
79.695 94.529 -312.231 1.026
-16.888 -38.797 -499.212 1.003
-88.143 -23.888 -379.637 0.847
-61.160 -82.819 -319.332 0.849
-19.608 28.444 -476.370 1.149
-37.009 85.185 -444.545 1.054
51.692 -26.956 -309.921 1.031
60.718 73.530 -350.017 1.037
-96.496 -24.961 -344.177 1.042
14.609 -87.769 -313.809 1.148
-71.044 -30.967 -409.974 0.823
-46.356 -45.108 -487.216 1.134
-61.619 40.428 -425.807 0.937
12.329 42.776 -441.167 0.784
-3.054 -43.272 -376.379 1.152
87.020 87.639 -324.346 0.890
-4.779 -61.071 -442.779 1.019
81.575 -6.722 -393.692 0.965
-9.821 -94.101 -492.297 1.073
93.852 60.928 -464.724 1.152
18.767 57.255 -448.960 1.159
37.495 -79.645 -493.944 0.895
74.710 -79.376 -315.607 1.047
47.824 94.822 -443.589 0.962
38.070 26.049 -373.840 1.017
-39.021 75.876 -345.043 1.062
78.836 36.195 -429.489 1.038
23.590 30.352 -482.836 0.872
-53.412 21.007 -447.158 0.971
70.197 92.940 -483.125 0.938
77.053 -31.677 -323.975 0.962
89.042 77.869 -336.407 0.966
34.287 93.672 -377.982 0.942
83.456 15.370 -449.417 0.945
88.302 -30.504 -436.801 1.001
-11.971 38.711 -306.255 0.941
80.494 65.868 -304.965 1.055
-28.825 7.299 -379.589 1.041
-48.508 48.647 -371.932 1.110
12.815 17.365 -434.237 0.978
-9.795 -5.546 -350.405 1.021
37.418 68.424 -342.419 1.121
19.919 4.154 -353.328 0.910
7.648 -11.782 -348.722 0.977
-40.087 -5.782 -329.063 1.105
-83.230 17.522 -358.596 0.969
8.936 70.711 -315.383 1.153
-50.033 37.081 -410.122 0.886
-11.122 62.812 -441.970 1.026
-53.490 73.069 -375.654 0.894
-77.822 -53.580 -347.702 1.007
91.148 -72.148 -410.829 0.940
87.753 39.710 -360.212 0.998
-13.732 -20.643 -442.451 1.169
52.432 -75.241 -318.843 1.050
-83.465 -51.576 -429.266 0.964
-56.163 71.129 -455.283 1.022
-67.976 78.882 -458.251 0.854
-70.704 -34.667 -351.675 1.146
95.916 86.378 -482.733 1.024
-15.768 -30.462 -445.264 1.017
91.219 -11.440 -367.560 1.110
7.701 33.972 -450.978 0.937
-75.131 -8.743 -318.012 1.027
-99.843 -62.691 -320.442 1.076
-41.626 34.253 -492.838 0.910
55.442 18.691 -364.728 0.910
95.281 -40.321 -479.857 0.986
-22.251 -10.717 -365.252 1.014
27.143 36.003 -363.039 1.043
51.770 -27.681 -370.683 0.853
-50.108 -49.604 -406.071 0.965
-47.806 70.790 -416.394 0.784
75.485 -22.010 -481.286 0.840
74.814 89.112 -478.182 1.063
33.408 -64.875 -315.578 1.135
33.938 -48.946 -365.067 0.917
-37.283 21.542 -432.363 1.081
-41.654 -52.171 -387.936 1.263
94.664 36.517 -449.949 0.979
57.262 -20.742 -380.072 0.991
88.136 -62.024 -460.227 0.926
38.913 40.752 -364.320 0.848
-16.897 42.425 -441.991 0.875
59.410 75.155 -378.379 0.928
-1.114 -3.538 -340.901 1.095
44.831 68.149 -486.747 0.908
62.109 -99.048 -375.507 1.018
-75.594 -48.658 -450.307 1.040
83.378 18.123 -360.229 0.852
31.048 -9.033 -367.631 0.953
-17.172 77.109 -312.384 0.983
86.149 -90.982 -447.262 0.897
95.859 62.104 -328.959 0.943
-44.504 94.486 -362.566 1.004
53.652 40.668 -348.248 0.887
78.240 98.458 -473.628 1.063
-33.080 67.764 -309.825 0.916
-98.946 26.675 -424.571 1.051
26.276 -43.085 -437.792 0.991
91.642 92.093 -305.914 0.953
-18.720 72.930 -321.588 1.065
28.502 -12.263 -335.795 1.100
82.156 17.963 -335.823 1.047
31.374 6.452 -335.535 1.167
-40.900 -31.212 -469.304 0.973
27.206 58.821 -380.382 1.067
-9.344 94.711 -347.067 1.116
35.504 -81.377 -459.664 1.001
5.289 93.669 -490.061 0.941
8.349 86.399 -335.139 1.093
-30.072 6.345 -416.592 0.990
20.127 -11.024 -485.731 1.251
-36.082 -64.721 -307.505 1.146
95.451 -46.730 -392.867 1.236
1.497 -14.051 -407.490 0.802
-7.867 -12.977 -343.143 1.131
43.818 -63.757 -353.771 1.074
50.385 -86.143 -315.048 1.113
62.206 29.792 -457.619 0.941
-34.000 -6.393 -364.397 1.170
-96.191 -16.931 -321.105 1.114
-5.392 97.288 -414.703 0.946
0.463 64.262 -391.098 1.004
-4.089 -95.292 -428.424 1.157
-56.859 -69.440 -359.373 0.989
-6.859 -93.939 -317.682 1.091
20.985 -4.105 -308.297 0.982
-18.733 76.698 -472.514 1.038
51.066 54.260 -426.969 0.970
-57.503 -5.507 -427.136 0.996
94.622 -62.092 -387.300 0.786
19.129 42.066 -388.723 0.895
-94.243 -57.046 -358.178 1.098
-90.124 35.872 -330.580 0.875
-37.266 -78.571 -466.849 0.879
2.853 29.317 -392.228 1.085
58.122 85.630 -430.159 0.840
-22.169 -24.576 -314.366 0.831
-44.656 47.076 -436.538 1.037
-71.419 83.195 -306.838 1.024
22.221 -59.586 -329.624 1.093
33.684 -22.527 -329.892 1.038
1.275 74.465 -421.982 1.108
53.951 77.884 -393.220 0.834
38.316 -46.883 -338.287 1.096
37.249 -10.141 -482.528 0.975
-74.706 -39.274 -344.483 0.999
8.494 -87.331 -464.562 1.094
-91.382 -6.132 -498.175 1.222
-73.656 -63.099 -312.940 1.077
-7.836 -1.244 -322.153 1.163
36.610 57.968 -439.455 0.952
34.602 70.940 -429.628 0.964
84.250 60.397 -337.020 1.025
-52.757 -16.190 -432.489 1.008
-15.671 -42.038 -373.762 0.938
75.905 18.896 -414.156 0.928
-93.958 -25.528 -433.350 0.980
-66.715 13.483 -350.883 1.054
93.897 -37.591 -303.439 0.928
28.736 36.128 -380.524 0.860
-22.355 -40.933 -463.768 0.960
61.043 -70.851 -442.177 1.041
-39.679 -42.730 -469.777 1.105
-32.632 -12.580 -480.794 0.998
-62.360 -11.472 -326.563 1.006
-74.179 17.689 -326.040 1.154
61.003 3.382 -435.150 0.976
91.689 -86.643 -475.443 1.028
97.883 60.510 -366.818 1.043
81.999 18.874 -401.677 0.997
-80.676 50.244 -312.921 1.054
-48.023 45.962 -325.844 1.101
-95.402 13.589 -437.547 0.999
-14.833 1.634 -478.032 1.038
46.295 37.792 -424.810 1.018
34.754 76.704 -407.512 0.954
75.678 -82.807 -424.219 1.130
89.274 71.973 -324.931 1.126
87.381 52.980 -349.463 0.867
-16.860 39.119 -343.921 1.117
75.208 11.703 -378.285 0.996
-70.370 76.781 -470.218 1.024
93.983 25.115 -379.208 0.923
90.560 -50.169 -420.333 1.042
64.858 -88.516 -433.261 1.055
6.505 49.253 -370.168 0.847
-54.376 -68.157 -488.774 1.054
-12.519 98.983 -383.137 0.971
32.286 62.787 -377.313 0.953
-81.945 -98.648 -456.595 1.074
-16.537 -45.156 -458.886 1.073
94.523 94.465 -356.809 0.970
-0.378 -86.153 -357.416 1.007
-63.258 -72.321 -348.767 0.814
48.543 -25.156 -360.157 1.180
-44.229 49.658 -388.025 1.092
-24.990 -45.017 -489.160 0.925
17.251 71.955 -490.760 1.120
-6.351 73.712 -442.043 0.918
50.649 97.479 -391.279 0.975
-53.502 0.336 -327.467 0.951
11.693 87.037 -430.478 0.892
-57.070 -81.733 -338.300 0.827
-43.402 37.850 -334.441 1.111
29.133 -99.573 -415.879 1.087
-46.596 -29.132 -385.118 0.968
-81.729 -36.348 -484.240 0.825
5.912 96.495 -363.645 1.004
23.823 -75.918 -389.071 1.176
-74.240 -83.925 -494.356 0.988
-85.926 -71.276 -354.536 1.170
-68.645 69.219 -458.420 0.938
48.331 73.896 -468.827 1.038
40.019 31.899 -326.977 0.995
51.090 67.873 -408.478 0.996
-45.378 34.160 -406.633 1.100
95.116 -25.796 -464.246 1.068
57.802 71.674 -448.415 1.064
12.562 -79.167 -376.230 1.047
-55.334 -69.504 -467.480 1.019
57.102 -33.517 -439.344 0.931
35.264 -20.944 -410.903 1.034
-67.440 12.237 -376.890 1.047
-65.673 7.868 -496.012 0.927
-38.816 17.084 -474.362 1.036
48.630 43.942 -452.078 1.013
-15.936 -4.851 -490.302 1.015
67.885 -85.285 -357.430 0.957
-20.788 89.621 -444.862 1.232
-54.427 -67.635 -435.275 0.952
-48.129 16.759 -484.267 0.853
0.929 -89.173 -388.968 0.885
33.126 -71.924 -451.237 0.913
72.428 -16.110 -408.251 1.231
72.354 1.332 -485.001 0.953
5.077 68.709 -355.200 0.913
69.618 -35.360 -335.443 0.974
-47.005 -49.684 -449.065 0.961
-54.769 -9.610 -475.668 0.904
-95.227 -34.049 -341.458 1.049
88.246 60.037 -347.239 0.999
6.414 -55.557 -413.165 0.972
52.546 -12.961 -397.338 0.970
29.326 79.170 -453.688 0.850
-42.386 -88.053 -408.804 1.065
-76.158 -89.122 -431.200 0.862
73.546 -86.978 -419.094 1.076
78.114 -36.545 -377.045 1.021
-92.067 2.538 -371.891 0.897
48.192 -76.712 -335.264 1.133
-18.103 -38.087 -372.239 0.975
35.211 65.584 -329.458 1.014
-56.559 18.455 -378.513 0.975
76.471 17.947 -361.321 0.986
-88.036 -12.585 -402.000 1.011
-87.815 -52.232 -357.598 0.936
-12.474 72.293 -347.581 0.985
-22.076 -83.522 -307.097 1.006
-90.306 -10.394 -302.205 1.259
-65.342 -10.894 -399.518 0.853
5.819 -20.163 -492.799 1.105
-81.231 98.727 -440.603 1.023
-69.931 -5.477 -311.163 1.113
56.291 -67.342 -339.799 0.776
24.437 38.668 -460.464 0.940
39.639 68.985 -347.528 1.031
-27.021 29.966 -411.426 1.084
26.577 -99.009 -407.650 0.951
-22.162 -57.422 -488.882 0.819
35.661 -52.140 -360.569 0.988
-94.836 -12.568 -353.803 0.757
73.910 -64.809 -323.023 0.930
-90.074 -78.602 -385.417 1.071
-32.384 14.702 -364.842 1.135
-64.252 -59.654 -419.123 0.964
94.949 -8.039 -466.468 1.065
61.070 -51.692 -394.801 1.065
-80.933 73.867 -320.600 1.063
54.903 -91.747 -400.790 0.974
-43.591 -38.886 -498.000 1.020
-28.714 -22.528 -431.880 1.011
27.643 -50.208 -484.199 0.886
16.474 60.344 -484.314 0.749
2.299 -66.139 -406.196 0.896
-10.188 52.167 -401.069 1.112
-15.299 46.465 -320.813 1.017
56.422 -94.661 -365.290 0.919
-51.595 54.608 -439.312 1.028
28.428 28.670 -438.323 1.013
-2.676 -51.096 -421.787 0.949
-1.019 56.264 -358.365 1.152
-78.659 90.562 -478.576 1.002
17.518 -6.501 -311.379 0.842
41.820 94.278 -374.053 0.942
-36.584 62.970 -432.848 0.844
33.939 3.696 -487.451 0.979
-71.236 -83.337 -321.998 1.193
17.332 -28.525 -343.722 0.930
-12.743 11.137 -415.372 1.215
4.396 67.957 -321.395 1.057
54.490 -43.914 -438.984 1.094
-17.554 -5.093 -435.171 0.892
-76.237 -79.342 -351.516 0.880
18.134 -34.588 -396.811 1.055
95.041 68.050 -482.653 0.956
-68.024 -43.260 -494.532 0.935
-29.861 -71.631 -319.220 1.124
76.979 -75.773 -384.973 1.136
-96.057 48.384 -474.576 0.923
-32.207 54.565 -456.813 0.949
37.765 -24.659 -362.510 1.009
-25.976 -28.901 -326.419 1.043
-19.625 -58.901 -351.154 0.961
80.122 -12.858 -346.996 1.006
-36.958 -25.924 -338.251 0.982
-50.024 -62.456 -331.498 1.110
37.850 -83.812 -483.399 1.079
-98.536 12.755 -435.929 1.090
-11.612 -29.734 -302.207 0.911
99.834 -42.269 -374.168 1.026
88.872 -92.924 -378.829 0.972
-77.353 48.734 -496.243 0.849
99.982 43.495 -434.207 1.068
-39.400 -89.407 -430.906 0.749
35.767 9.521 -395.468 1.195
-90.801 -78.726 -360.148 1.142
26.175 4.723 -326.350 1.079
10.883 15.426 -340.937 0.894
-99.493 46.589 -445.309 1.034
89.894 64.087 -477.644 1.128
-29.016 -9.196 -311.320 1.084
15.471 -78.467 -418.154 0.875
-28.711 72.873 -312.340 0.884
37.391 64.300 -412.018 0.941
63.373 -95.778 -444.328 0.810
-7.034 50.113 -381.159 0.940
5.832 66.871 -355.669 1.036
-59.227 -73.088 -389.071 0.898
53.528 36.573 -422.455 1.006
-59.454 -89.671 -340.828 1.063
-70.696 35.644 -416.147 0.884
-18.979 -24.823 -448.035 1.178
2.264 -48.248 -388.158 0.870
-27.783 -95.060 -368.088 0.900
11.722 -97.211 -300.969 1.019
-54.294 48.296 -304.483 0.931
12.932 40.825 -401.810 0.980
24.639 -44.992 -329.630 1.118
-95.094 35.155 -360.636 1.006
-91.724 62.343 -483.963 1.066
-29.744 46.435 -480.826 0.983
-34.953 -56.418 -446.635 0.959
38.765 -99.264 -490.889 1.025
-36.894 -65.778 -417.396 1.009
-27.679 -62.207 -429.700 1.065
-8.883 -12.289 -397.101 1.040
-28.340 69.444 -382.873 1.077
1.997 57.258 -474.874 0.916
56.518 28.913 -422.231 0.913
-64.344 -32.826 -431.610 0.923
84.289 68.196 -338.000 1.060
6.536 26.372 -453.867 0.842
-4.347 61.087 -393.671 1.046
-63.498 -62.821 -320.546 1.214
-51.146 -80.786 -336.357 0.957
1.383 -27.664 -452.646 1.097
-65.054 -15.457 -402.946 0.849
97.115 -70.486 -352.762 0.930
-45.336 -47.336 -400.333 0.873
71.179 98.893 -446.520 1.169
-52.123 37.492 -470.273 1.044
-92.556 88.852 -403.729 1.130
19.044 18.613 -491.438 1.043
74.642 -6.703 -375.582 0.941
38.475 -33.177 -449.697 0.945
71.347 24.032 -337.848 0.916
-5.113 -94.169 -316.419 1.210
-3.849 -2.144 -463.603 1.122
93.563 -79.348 -350.504 1.117
73.692 65.067 -377.680 1.080
18.444 -18.538 -476.674 0.955
-12.089 22.889 -313.238 0.855
5.778 23.896 -485.972 1.067
-58.551 98.598 -391.398 1.172
-3.589 1.515 -441.642 0.988
-80.603 81.946 -323.727 1.141
-36.580 17.163 -397.805 0.876
-99.221 51.011 -384.939 1.094
-40.751 -62.306 -341.372 1.083
-84.803 -22.327 -325.066 1.117
13.401 25.139 -377.631 1.024
36.688 41.143 -426.073 0.976
52.810 5.508 -431.251 1.020
-69.058 -36.576 -441.612 1.043
-69.297 -77.331 -357.612 1.150
-53.627 3.091 -334.964 1.015
-20.110 -75.149 -300.690 0.956
95.908 20.452 -383.595 1.086
-18.343 -54.666 -336.480 1.194
98.097 -98.980 -439.154 1.008
-54.923 24.106 -374.071 0.966
19.034 86.078 -438.059 0.979
94.051 -49.768 -488.851 1.073
23.599 56.326 -361.231 1.048
-67.301 24.925 -344.423 0.840
81.796 -65.010 -459.966 0.903
73.170 86.977 -374.046 1.062
-12.002 96.777 -394.742 0.824
-92.739 60.246 -346.702 1.059
-47.540 -89.980 -363.727 0.961
39.890 49.914 -366.500 1.060
-87.281 -27.283 -484.556 1.035
-34.047 -23.522 -446.737 0.925
27.326 -21.605 -427.437 1.137
-56.461 47.140 -444.777 1.117
77.792 52.934 -495.028 0.876
35.301 -19.709 -467.422 1.022
-29.754 -11.635 -366.402 0.920
-76.440 -88.217 -455.587 0.927
-32.946 10.116 -371.827 0.987
78.485 85.352 -456.831 1.002
-37.007 89.034 -326.640 1.192
39.005 -39.802 -349.536 0.865
-31.356 5.984 -344.629 0.893
-61.207 9.570 -462.320 0.998
22.743 34.865 -411.887 1.154
-10.069 -84.141 -417.574 0.930
21.946 -65.861 -475.320 1.134
51.767 -64.589 -350.023 0.985
41.758 -20.061 -494.316 0.827
-25.997 33.561 -497.845 1.029
63.059 23.316 -486.521 1.078
-87.287 -10.184 -376.150 1.119
-90.574 -10.790 -472.731 0.911
59.328 49.456 -336.245 1.199
2.279 22.354 -428.474 1.152
92.479 80.265 -360.179 1.100
-71.306 -75.929 -412.695 1.143
82.739 28.110 -410.390 1.235
59.429 -4.112 -489.396 0.872
76.519 2.474 -318.020 0.933
-56.868 94.559 -474.755 0.904
96.612 -64.701 -491.377 1.151
5.256 -76.136 -341.562 1.123
92.517 69.062 -443.136 1.033
82.955 -86.666 -320.617 1.019
-8.909 77.644 -389.995 1.202
-53.968 80.559 -350.339 1.044
42.951 -90.705 -492.295 1.007
30.964 28.281 -499.204 1.179
-45.554 83.958 -382.324 0.892
-29.685 -80.418 -316.637 1.050
73.660 -90.855 -449.778 0.992
21.408 15.185 -430.294 0.909
54.805 -5.020 -446.040 0.975
-98.752 28.249 -460.447 1.012
7.538 -57.571 -480.694 0.949
-81.005 17.790 -367.885 1.070
-99.293 -16.081 -382.143 1.084
65.622 27.586 -429.265 0.990
32.723 94.754 -392.851 0.886
46.132 -69.316 -303.339 1.043
9.461 36.449 -410.395 0.946
-6.510 96.131 -498.857 0.970
44.979 49.971 -338.980 0.981
-28.976 -7.353 -390.613 1.065
-52.890 -83.460 -485.156 1.098
97.103 89.306 -452.634 0.867
35.524 -36.592 -316.594 1.227
98.971 82.524 -410.242 1.025
-27.239 -82.895 -407.195 0.970
-51.020 34.499 -400.429 1.082
57.106 23.933 -413.451 1.017
60.290 60.970 -449.569 0.845
70.145 42.104 -442.981 0.979
-81.459 -0.094 -354.738 0.878
76.265 -79.201 -444.502 0.893
11.210 94.282 -411.068 0.969
61.997 73.293 -486.558 1.006
-81.684 -75.337 -373.925 0.910
-65.465 -7.081 -368.797 1.005
14.666 -33.491 -396.106 0.996
37.277 38.589 -479.762 0.943
-64.291 -92.231 -369.481 1.119
-11.767 33.574 -395.242 1.060
-68.479 -5.863 -412.003 1.005
73.620 -46.893 -377.006 1.019
-76.889 -13.402 -423.693 0.960
-89.898 34.985 -421.752 0.934
61.008 -79.236 -371.672 1.016
79.394 43.856 -427.846 0.894
-62.282 29.806 -498.337 1.071
85.050 31.114 -348.367 0.991
61.750 -24.819 -372.110 1.098
73.866 18.271 -491.737 1.035
80.966 79.923 -467.543 1.062
65.737 13.053 -369.732 1.088
89.654 -91.783 -340.413 0.848
87.585 8.410 -475.748 1.225
-31.473 -30.973 -304.953 0.916
99.098 48.644 -499.955 0.889
94.568 24.859 -478.220 0.958
-18.765 28.154 -433.701 1.078
-81.275 25.662 -455.358 1.014
41.820 -23.930 -473.146 0.927
57.014 -10.607 -304.376 1.004
86.429 76.099 -342.565 1.029
89.404 53.620 -467.450 0.996
4.721 -7.045 -377.567 0.916
37.627 94.093 -400.491 1.091
85.764 -82.149 -418.017 1.052
35.268 -59.639 -396.269 1.011
74.727 -42.914 -377.724 0.936
-87.889 -64.894 -320.254 1.009
-10.499 -28.192 -480.143 1.065
-17.241 -13.718 -313.390 1.100
-87.033 -21.103 -331.218 1.251
-90.004 75.826 -343.983 1.175
-61.096 99.055 -431.913 1.155
93.596 11.495 -444.261 1.150
29.447 -61.982 -415.490 1.036
87.430 88.001 -472.129 1.029
25.778 15.695 -428.433 1.153
-85.701 -16.532 -399.019 0.977
20.084 -58.157 -390.761 1.196
-24.989 -49.181 -354.598 1.047
-51.572 82.976 -421.526 0.980
17.249 71.998 -497.278 1.179
-38.312 -14.014 -475.310 0.978
-62.273 -83.442 -450.169 0.887
48.556 -25.243 -447.447 0.952
43.850 -59.818 -373.271 1.021
82.183 -46.243 -333.356 0.936
-82.771 -52.905 -495.997 1.072
77.629 27.806 -333.561 0.954
-28.650 -6.319 -409.197 1.025
-47.118 58.977 -322.785 0.722
83.287 81.716 -333.608 0.938
94.460 -54.275 -369.396 0.888
4.841 95.546 -418.879 1.137
21.480 37.476 -328.286 0.790
9.798 -81.848 -434.844 0.771
30.056 -68.260 -324.420 1.010
88.418 39.569 -355.650 1.043
-34.408 7.192 -344.839 1.092
-82.978 -26.834 -402.926 0.945
-53.154 -33.113 -458.337 0.904
-56.686 45.303 -385.413 1.074
-36.055 -87.839 -407.829 0.900
32.604 -14.614 -371.060 0.984
-54.303 -39.469 -362.406 0.980
20.216 74.574 -383.206 1.130
59.809 -7.122 -353.234 1.188
-96.820 -70.394 -395.921 1.003
13.656 -8.301 -317.779 0.996
61.083 96.754 -379.403 1.060
-44.589 80.984 -374.617 0.934
-58.284 -38.630 -341.116 0.993
-56.620 58.599 -443.321 0.927
-93.837 -74.457 -362.908 1.235
67.381 -18.832 -426.648 1.103
76.630 17.892 -399.287 1.033
-78.487 74.406 -380.341 0.953
-19.993 7.745 -475.802 1.204
-25.549 -17.641 -477.327 1.023
-56.873 -68.210 -346.351 0.821
91.151 -65.409 -438.185 1.138
-85.186 -48.909 -306.926 0.896
-28.364 40.602 -370.025 0.988
32.430 29.251 -318.261 0.978
89.351 -69.565 -354.060 0.995
-42.085 -57.194 -445.124 0.970
82.672 -17.711 -366.458 1.014
35.474 41.853 -342.884 0.899
-93.233 -41.304 -450.122 0.924
-6.876 -80.796 -479.569 1.044
73.127 17.429 -396.584 1.034
33.106 19.408 -404.139 1.117
98.964 -72.896 -369.342 1.119
-92.211 -64.806 -433.314 0.944
43.107 -2.888 -333.607 1.085
9.428 -92.073 -364.549 0.879
-91.890 -81.534 -457.921 0.944
8.214 88.298 -324.357 1.019
38.867 64.096 -369.030 1.153
-11.484 -10.495 -413.150 1.029
-38.113 -68.965 -415.698 1.105
37.868 44.638 -496.031 1.032
38.662 -24.921 -328.597 1.122
51.979 -51.142 -401.998 1.120
-34.721 -25.713 -396.381 0.968
27.222 -76.852 -360.134 0.911
-37.136 -30.544 -349.845 1.087
-8.002 90.208 -318.533 0.951
47.644 4.506 -435.010 1.115
-16.469 -18.247 -364.337 1.037
-11.297 -97.852 -410.060 1.030
-88.364 -53.310 -327.770 1.110
-33.561 2.432 -382.473 1.196
-21.280 -52.803 -494.615 0.922
-73.233 -64.400 -487.067 1.151
73.660 -44.295 -437.739 1.036
72.355 44.442 -410.805 1.019
-7.416 82.072 -457.299 0.940
-6.452 78.741 -362.570 1.095
-34.886 80.385 -332.919 1.047
-19.745 -66.689 -451.807 1.005
11.502 84.184 -493.614 0.895
-30.396 18.304 -471.135 1.010
8.284 -70.564 -361.309 0.748
-9.289 19.499 -408.700 1.055
11.311 -20.416 -354.153 0.878
-69.948 79.122 -348.019 0.927
30.722 31.951 -435.649 1.191
85.195 36.017 -443.498 1.051
-61.190 -28.266 -392.699 1.079
68.794 -1.608 -498.861 0.942
21.799 -62.643 -442.909 0.985
-79.588 -50.210 -446.130 1.048
-18.769 17.701 -379.468 1.068
78.006 75.412 -320.084 1.038
95.829 -94.688 -372.371 0.820
-37.593 -4.785 -409.392 0.883
33.842 -80.208 -331.996 0.809
23.525 55.440 -422.521 1.045
41.426 92.585 -316.744 1.033
-35.206 9.200 -480.244 0.985
-57.696 29.927 -310.340 1.034
-65.930 13.465 -318.663 1.058
-82.820 -32.739 -466.870 1.154
-39.557 -30.092 -496.572 1.046
23.054 -10.868 -374.032 1.021
18.169 -47.111 -492.544 0.807
-19.512 92.637 -450.973 0.865
-11.696 -71.594 -439.044 1.004
-21.661 50.029 -388.733 1.150
16.757 -62.224 -346.928 0.932
-51.559 48.041 -410.175 0.965
20.550 9.904 -342.317 1.061
-46.707 71.672 -310.033 0.842
-85.307 -19.829 -336.322 1.144
-40.113 -9.472 -439.951 0.845
-77.737 8.782 -365.815 1.021
-77.893 -65.145 -458.503 1.046
-69.213 86.193 -424.815 1.117
-48.414 74.732 -457.839 1.030
-2.242 1.135 -397.357 1.036
-21.755 -89.568 -466.512 0.894
5.688 96.362 -391.464 0.891
-71.015 -29.276 -459.409 0.916
93.230 -26.808 -409.615 0.841
93.618 81.495 -456.605 0.853
-84.889 52.848 -392.328 1.146
70.374 16.299 -373.290 1.008
-91.107 -81.174 -460.816 0.953
-69.047 91.711 -409.328 1.104
-98.007 69.624 -497.774 0.890
3.586 -87.806 -450.386 0.990
33.895 -4.222 -447.914 0.947
-69.295 -87.809 -451.606 1.019
21.475 -76.836 -436.492 0.761
-94.181 23.882 -309.424 0.986
45.457 -22.131 -314.125 1.033
-36.141 15.986 -350.237 0.941
-39.509 -19.899 -345.923 0.828
-67.283 -27.736 -388.744 0.897
-11.898 58.081 -382.066 0.894
93.510 -17.010 -354.505 1.125
15.237 54.102 -457.616 0.980
28.833 -68.136 -388.166 1.084
-21.436 99.158 -342.574 0.972
-64.776 -47.223 -378.901 0.935
-8.471 -20.299 -421.650 1.017
-59.175 91.767 -346.652 1.023
-81.066 58.775 -423.523 1.023
23.667 -11.067 -306.979 1.091
-83.287 -30.895 -403.558 1.027
-29.119 -3.951 -368.977 1.002
-17.103 41.396 -477.140 0.842
12.802 62.727 -323.731 0.932
95.566 -11.731 -470.309 1.023
-3.198 54.887 -339.605 1.101
-28.660 73.386 -489.641 1.030
-64.317 72.209 -496.978 0.760
90.180 -98.186 -413.263 0.856
84.249 87.938 -349.121 0.962
-26.366 30.044 -478.608 1.084
-34.314 48.358 -464.357 1.086
60.629 14.009 -395.204 0.846
69.188 88.995 -427.446 0.981
-33.832 82.408 -303.071 0.968
-5.777 45.579 -365.231 0.927
84.761 -16.081 -304.920 0.932
-81.446 -11.871 -404.651 0.944
-97.047 -46.526 -426.046 1.157
-33.954 -79.863 -382.831 0.857
96.957 74.499 -404.761 1.027
29.209 82.015 -335.365 0.955
21.961 -31.268 -346.679 1.021
-10.438 -72.932 -462.979 0.967
35.989 52.841 -428.059 1.174
91.168 26.064 -384.174 1.173
-92.123 91.921 -431.429 1.061
16.330 -30.058 -410.378 0.810
-67.840 62.540 -329.973 1.207
-40.844 17.375 -325.968 0.991
76.970 -89.040 -391.232 0.811
62.867 0.208 -454.744 1.049
65.823 40.056 -490.773 0.855
-14.960 -20.304 -439.280 0.916
28.309 -52.055 -356.615 1.204
19.874 -38.254 -473.901 0.903
10.840 56.482 -449.906 1.033
43.716 80.521 -355.818 0.978
92.548 -86.871 -407.587 1.050
-19.352 -43.670 -468.440 0.917
-95.507 -59.286 -452.475 0.829
46.380 54.532 -473.450 1.113
-27.959 82.899 -433.918 1.048
-81.416 17.206 -482.397 1.041
62.989 61.428 -436.750 0.960
30.612 -45.902 -383.233 1.133
-74.126 86.682 -411.679 1.107
11.259 52.056 -336.652 1.005
-65.712 -63.346 -427.513 1.116
-42.036 -74.426 -439.146 1.148
-68.535 50.983 -419.107 0.904
-84.603 82.161 -494.237 0.821
-82.282 -97.692 -420.059 0.892
-23.700 -10.347 -431.597 1.153
30.428 -46.451 -443.783 1.045
-3.631 4.201 -355.070 1.056
15.349 16.115 -334.658 1.060
36.752 -42.628 -341.882 1.087
-88.872 44.932 -474.370 0.865
-1.818 -84.028 -418.290 1.161
5.397 13.538 -369.754 0.967
-71.550 30.889 -497.805 1.081
-98.141 -53.779 -356.285 0.920
11.746 81.099 -375.241 1.072
-46.612 36.771 -304.982 1.026
-5.583 -28.036 -480.593 0.965
56.237 -69.075 -407.751 1.049
-55.699 -93.077 -405.300 0.825
-91.474 -92.515 -390.312 0.831
-97.102 -7.043 -408.273 1.127
-16.660 -45.535 -386.386 0.981
98.617 57.378 -458.785 1.013
81.776 98.937 -364.353 1.193
-68.111 -79.522 -397.369 1.137
48.507 -6.700 -444.795 1.131
92.168 -16.175 -459.134 1.183
41.002 2.923 -398.128 0.950
4.039 -82.910 -375.638 1.036
-65.310 -97.840 -361.475 1.024
7.682 -88.187 -356.812 0.976
38.900 -59.189 -482.571 0.846
-81.642 18.413 -353.740 1.035
89.226 -47.486 -414.060 0.928
31.136 52.209 -384.403 1.137
-29.337 38.114 -375.187 1.004
94.199 -93.941 -442.859 1.083
-45.670 -83.640 -367.054 0.967
45.180 -54.745 -407.343 0.965
2.450 49.767 -498.209 1.048
81.028 12.202 -491.313 0.942
-19.994 47.186 -366.095 1.038
28.683 -22.373 -378.184 1.088
-52.277 -73.353 -467.098 1.021
67.264 66.767 -349.497 1.036
81.438 -88.177 -450.867 1.158
9.241 -72.292 -425.490 1.049
-57.037 -70.399 -444.299 1.035
13.262 64.922 -306.298 1.035
-74.869 79.127 -313.691 1.184
97.626 -23.807 -495.065 1.156
58.431 46.777 -376.663 1.003
77.429 -52.735 -437.525 1.144
-49.675 -80.282 -498.329 0.984
18.650 -18.561 -467.602 0.948
-25.500 15.156 -469.809 1.017
5.194 78.918 -493.145 1.095
8.186 20.549 -419.614 0.840
78.479 -61.209 -329.617 0.904
-44.792 55.870 -367.024 0.953
18.194 2.998 -312.482 1.005
10.148 45.004 -450.340 1.012
-36.809 -85.868 -351.631 1.076
-49.099 -33.365 -418.407 0.892
37.313 69.893 -478.692 1.033
-76.040 81.457 -378.151 0.992
0.323 88.444 -400.135 0.936
38.116 -75.915 -432.171 0.923
35.995 52.995 -312.587 0.890
17.367 -18.531 -403.050 1.018
-63.816 -88.175 -323.187 0.993
-2.646 65.292 -430.761 0.884
42.330 25.131 -455.391 0.954
50.628 3.803 -440.045 1.093
-53.794 -59.360 -447.615 0.948
-47.434 -39.535 -420.056 1.187
-97.049 41.773 -391.016 1.183
-22.318 -5.536 -475.075 0.954
37.650 -96.143 -350.749 0.974
-89.571 -31.020 -431.279 1.029
40.738 -29.239 -348.070 1.051
-22.114 -48.896 -347.654 1.054
80.375 66.501 -313.355 0.962
-42.323 43.827 -345.783 1.156
-2.382 -16.777 -323.731 1.000
20.481 -85.680 -416.675 0.790
-80.028 56.907 -496.178 0.998
-93.910 -10.859 -499.386 0.937
10.981 23.369 -498.217 1.011
92.399 -60.733 -462.599 1.070
33.841 -77.526 -305.097 1.220
59.999 -81.187 -364.853 0.968
-83.233 83.482 -392.631 1.033
-8.738 -3.055 -364.460 1.092
38.892 -16.892 -451.723 0.885
-60.700 -86.526 -332.246 0.872
-68.779 89.754 -306.083 0.839
23.547 -25.798 -481.115 0.862
-29.680 13.065 -305.844 1.089
-46.915 -10.996 -409.634 0.898
51.834 -83.915 -361.318 0.966
-77.878 6.304 -392.679 1.019
54.872 33.448 -419.361 1.018
98.953 -59.746 -451.856 0.975
5.991 6.108 -458.370 1.025
-4.024 -7.805 -311.160 0.986
39.159 -36.212 -310.285 1.159
81.088 -11.968 -334.785 0.812
94.372 -4.592 -357.290 1.050
-53.111 -86.842 -304.830 1.106
91.205 -57.989 -497.556 0.976
63.273 56.122 -480.182 0.864
-84.688 15.631 -496.453 1.050
-56.529 -18.685 -309.276 1.038
-25.019 -72.147 -489.053 1.031
-31.739 43.732 -315.039 1.000
-45.804 97.534 -450.828 0.863
52.342 62.045 -401.835 1.032
-37.125 -9.532 -402.032 0.850
4.516 77.051 -368.626 1.039
35.832 13.323 -324.326 1.133
-44.132 60.502 -495.637 0.901
40.896 77.879 -493.043 0.859
-32.400 -72.292 -472.616 0.907
23.625 -57.105 -398.345 0.987
38.422 24.685 -479.860 1.072
-66.987 92.234 -416.799 0.980
-40.683 -26.516 -496.669 0.877
48.392 92.170 -321.413 1.041
89.183 -4.728 -307.505 0.958
87.987 -99.089 -324.355 0.996
43.791 -50.203 -451.888 1.140
-66.806 -17.233 -470.375 0.981
88.086 85.393 -408.770 0.904
27.958 40.187 -324.818 1.061
37.994 -44.448 -440.607 1.059
43.545 81.057 -386.753 0.913
97.930 -65.950 -472.387 0.925
47.632 -99.340 -496.927 1.021
77.412 17.927 -441.701 0.965
31.484 -54.508 -364.851 0.932
70.266 -6.558 -470.245 0.939
6.330 -20.317 -436.279 1.154
-53.389 91.437 -366.256 1.063
64.858 -60.437 -300.599 1.016
52.095 -41.746 -309.291 0.927
-84.063 -19.122 -396.357 0.961
11.554 28.591 -373.264 0.977
-48.301 60.275 -397.370 1.033
-88.456 -89.593 -498.308 1.134
52.231 -74.955 -394.871 1.066
26.373 -73.253 -382.990 1.000
-76.940 -54.821 -476.973 0.989
-35.477 -57.441 -354.094 1.060
-8.284 74.971 -359.229 1.028
99.741 -7.742 -421.564 0.880
60.749 88.041 -331.219 0.996
73.305 -14.718 -379.723 1.041
63.611 -5.818 -472.270 1.081
58.116 -85.855 -405.720 0.972
93.839 40.595 -420.038 1.019
-78.561 49.648 -300.421 0.973
98.781 64.577 -422.111 1.050
3.836 -65.938 -425.103 1.037
-36.432 -46.793 -361.680 0.994
67.205 10.103 -335.352 0.873
-65.626 -26.757 -363.468 1.074
-60.407 -87.563 -411.489 1.112
-65.269 73.732 -300.999 1.068
80.615 -18.245 -335.865 1.043
-13.614 39.782 -432.513 0.965
-26.285 -21.911 -460.041 0.871
28.176 -40.532 -441.250 0.956
-52.242 25.758 -402.194 0.963
-35.150 -7.559 -384.368 1.132
-54.235 -72.197 -398.150 1.040
14.560 42.427 -304.098 1.169
77.808 19.443 -433.502 0.972
36.217 73.941 -356.329 1.116
-13.073 -8.987 -307.821 0.990
-10.017 91.195 -353.702 1.037
49.606 54.093 -314.599 1.019
32.556 93.550 -455.333 1.097
84.167 -99.251 -384.825 1.121
-9.659 -74.241 -420.109 0.889
90.726 -2.396 -381.240 0.999
19.279 -11.013 -470.624 1.092
-5.245 96.816 -473.075 1.144
79.908 -20.928 -478.345 1.118
64.125 33.088 -300.009 0.856
10.643 85.690 -393.993 0.974
-48.125 -77.813 -330.548 1.015
44.966 -38.621 -433.170 0.849
45.899 36.420 -468.332 1.106
-64.033 -23.637 -409.963 1.106
98.565 -83.292 -483.538 1.007
43.767 -7.168 -313.100 0.809
