91.671 32.147 -420.676 0.826
-93.019 -83.978 -324.371 0.953
72.164 61.135 -418.081 0.970
-2.696 -63.228 -420.779 0.975
44.985 94.898 -364.484 1.011
-39.749 46.026 -475.768 0.807
-19.794 -73.519 -343.175 0.830
-11.554 -85.216 -455.632 0.905
-99.617 -87.392 -387.949 0.800
62.162 63.049 -319.484 0.897
51.481 1.217 -407.344 1.106
15.178 39.579 -427.642 0.978
76.766 -59.266 -426.639 0.983
53.245 -52.627 -319.661 1.012
46.205 67.631 -311.563 1.096
69.248 23.218 -464.674 1.222
-11.054 -11.458 -357.697 1.055
50.027 -29.015 -475.075 1.125
-1.782 21.489 -366.273 0.951
38.775 40.181 -331.789 1.072
84.328 -39.967 -409.623 0.910
16.535 17.840 -323.061 1.074
38.058 43.629 -425.017 0.940
-23.075 61.879 -448.846 1.140
-20.586 39.594 -332.081 0.920
-84.338 -86.076 -387.418 0.899
90.812 30.864 -405.302 1.074
-83.294 -13.511 -471.488 0.914
20.563 16.246 -424.138 1.127
-93.276 14.030 -371.161 0.955
-30.428 -73.338 -329.747 0.897
-29.271 -55.773 -396.875 1.038
-31.027 -40.874 -357.322 1.148
-82.113 29.936 -375.088 0.903
-16.669 -35.834 -426.022 1.094
33.898 66.973 -406.378 0.910
-9.300 88.814 -385.050 0.944
-2.900 53.347 -421.158 0.970
-66.126 -67.988 -430.485 1.113
-29.760 44.464 -361.861 0.974
-18.679 71.793 -383.581 0.960
-78.615 97.498 -385.100 1.136
42.608 -35.301 -326.184 0.908
53.784 75.622 -458.639 1.019
-11.494 -83.952 -486.216 1.031
-75.293 -74.743 -386.063 1.013
99.151 35.259 -349.153 1.098
-47.459 -38.140 -495.505 1.053
18.035 -43.649 -391.463 1.066
45.209 -5.806 -300.218 1.149
-16.477 16.101 -424.626 0.886
77.271 54.853 -451.940 1.031
-33.792 -63.510 -412.240 0.824
57.351 -67.339 -384.330 1.075
-68.602 -86.688 -497.274 1.140
53.059 82.801 -426.431 1.041
-12.377 -96.821 -493.849 0.757
-50.425 -86.875 -475.873 0.969
-34.712 96.273 -351.663 0.887
55.907 50.853 -480.533 1.049
-8.173 -72.445 -457.534 1.101
48.491 58.937 -449.756 0.842
80.030 67.269 -451.710 0.935
21.126 28.029 -424.537 0.902
-76.356 -25.152 -334.507 1.047
-20.235 4.237 -475.975 1.044
-46.816 77.876 -397.866 0.930
-37.661 -11.318 -351.495 0.924
88.012 -68.891 -351.849 1.110
40.313 45.563 -387.855 1.117
-63.852 -16.462 -344.868 1.012
-74.468 -15.565 -453.787 0.956
20.680 93.229 -338.743 1.159
-89.809 -51.609 -345.243 0.913
90.384 -93.863 -428.422 1.066
-7.982 26.651 -338.695 0.904
-3.724 11.049 -435.638 0.965
-93.121 -76.046 -482.079 0.901
16.019 -14.529 -496.597 1.051
38.093 -89.405 -414.240 1.016
95.648 -49.143 -358.762 1.043
6.263 -97.958 -492.821 1.161
19.027 21.806 -486.178 0.882
3.763 15.761 -397.716 1.048
84.908 31.908 -374.050 0.980
-81.795 -83.323 -453.936 0.950
-78.596 9.922 -343.736 0.888
-64.873 -99.535 -350.428 1.283
-30.732 -40.221 -374.248 1.205
14.021 -73.198 -319.593 1.298
48.908 55.484 -363.251 0.965
12.916 32.489 -358.096 1.045
64.676 63.115 -359.156 1.010
-62.813 -35.336 -442.272 1.100
-95.864 -1.708 -324.932 0.924
-65.226 -56.556 -335.232 1.104
79.335 -24.492 -473.537 0.994
-48.544 -24.765 -384.388 1.059
1.985 -43.098 -363.196 1.063
78.281 51.367 -303.571 1.005
-31.036 55.476 -425.693 1.073
55.553 44.544 -415.028 1.067
30.124 76.743 -446.755 1.040
95.003 -68.668 -350.823 0.979
-68.473 -81.978 -391.998 0.870
42.787 -27.106 -421.005 0.923
-10.507 62.900 -459.896 1.217
77.457 92.717 -382.009 1.100
77.150 -49.375 -355.165 0.858
34.742 -15.350 -358.475 0.968
-54.225 -68.199 -455.584 0.909
54.658 15.831 -403.554 1.023
-35.250 -77.360 -342.900 1.002
69.390 -58.511 -384.751 1.102
-19.285 -73.881 -422.822 0.883
6.846 -25.748 -320.520 0.899
73.258 -29.843 -353.935 1.163
87.512 -2.683 -368.687 1.135
25.036 -39.684 -454.464 0.966
25.384 18.544 -374.095 0.952
33.224 52.573 -308.555 0.790
60.517 -35.422 -439.175 1.004
-27.021 94.141 -364.683 0.888
-13.604 2.516 -421.607 1.176
-62.767 46.436 -449.008 0.883
67.785 73.063 -431.701 0.998
-32.803 -91.455 -379.127 0.994
5.255 -87.943 -474.776 0.941
-83.147 -11.348 -434.408 0.974
47.798 -29.662 -353.239 0.902
-90.516 22.563 -483.951 1.103
-56.508 26.281 -438.345 0.935
13.423 86.539 -304.586 0.855
-10.993 -30.745 -352.723 1.155
-56.561 -44.208 -435.299 1.104
-99.541 -23.855 -496.619 1.017
-37.205 87.758 -322.654 1.032
-7.299 -14.069 -442.793 1.031
67.403 60.429 -378.946 1.069
11.569 -34.319 -396.254 0.812
20.927 -56.310 -364.665 1.161
-65.948 -45.349 -475.264 0.866
-60.575 -30.910 -412.777 0.929
-19.077 91.435 -321.416 0.919
-7.289 -61.720 -401.906 0.970
3.621 -36.788 -432.368 1.059
24.967 -52.071 -440.471 1.036
-40.406 15.306 -305.200 1.031
32.710 61.448 -483.475 0.912
61.224 -80.528 -465.357 0.994
-66.086 -26.562 -410.345 0.938
-24.420 -9.296 -418.719 1.213
-48.245 92.246 -419.615 0.903
-55.084 73.918 -370.860 0.943
-5.913 20.706 -311.585 1.067
-47.927 -18.678 -456.788 0.892
-64.244 -18.386 -398.836 1.050
78.577 -86.129 -365.102 0.838
-38.897 -31.499 -394.256 0.860
-90.808 -89.154 -302.791 1.089
-13.086 -56.654 -426.251 1.028
-37.345 -25.526 -496.158 1.030
-33.349 80.778 -338.871 0.844
-26.491 29.422 -430.170 0.984
-28.599 -48.742 -300.714 1.219
-36.214 -65.395 -447.652 1.019
-99.068 -4.798 -337.635 1.097
8.072 -45.927 -307.492 1.036
58.189 -79.682 -406.511 0.860
42.904 -62.566 -373.072 1.052
34.048 52.851 -469.466 1.112
-7.839 56.866 -479.578 1.013
-62.679 -21.327 -472.410 0.951
-20.934 49.866 -317.545 0.844
-65.040 30.954 -420.652 1.029
41.527 -52.799 -337.741 0.928
52.382 -71.574 -485.331 0.928
35.656 -26.252 -437.647 1.026
29.103 20.554 -364.365 1.211
-55.929 29.481 -376.384 0.760
91.345 36.825 -352.449 1.023
55.651 -32.921 -492.056 0.971
74.874 -32.629 -473.160 1.074
-78.949 33.336 -460.618 1.167
60.235 -28.008 -494.036 0.981
-56.486 39.048 -419.464 1.128
-71.984 46.185 -452.125 0.815
-53.947 15.392 -347.702 1.033
-70.186 34.351 -315.954 1.117
45.250 74.109 -349.632 1.137
81.832 -22.664 -458.660 0.927
67.944 26.867 -468.658 0.992
-45.857 51.873 -423.978 1.036
-24.035 76.871 -365.659 1.002
49.377 -4.109 -498.875 1.111
67.956 -5.927 -472.293 0.904
-72.918 -65.596 -462.539 0.932
74.940 63.745 -301.402 1.122
-11.996 -42.963 -400.446 0.989
-70.729 -17.526 -382.950 1.045
58.051 -38.563 -390.064 1.055
-70.792 92.456 -349.661 0.787
-91.397 -79.004 -374.372 1.135
91.658 -21.710 -437.453 1.041
-69.006 -50.095 -468.937 1.059
30.559 31.017 -479.866 0.937
-81.825 -94.321 -475.707 0.975
-3.098 -34.790 -312.891 0.928
-18.588 -15.922 -482.914 1.064
81.676 65.954 -430.261 1.145
-53.016 -50.937 -486.149 1.168
42.741 51.683 -349.110 0.985
-96.229 0.972 -306.853 0.964
94.290 69.925 -482.226 0.986
-0.391 36.815 -484.904 1.051
27.354 7.190 -485.012 0.939
27.426 71.856 -424.960 0.985
-59.729 -69.479 -448.947 0.909
8.064 -89.785 -486.068 0.888
-18.051 -96.740 -456.001 0.860
82.160 -28.801 -396.839 1.103
-0.632 -48.745 -388.503 1.003
45.732 -32.130 -481.022 1.002
75.450 86.589 -387.951 0.830
16.675 79.077 -439.837 1.004
4.074 9.342 -423.717 1.026
-61.442 -21.595 -451.570 0.944
88.305 94.517 -343.297 0.997
76.586 52.640 -419.920 1.013
-66.410 -43.904 -497.180 0.984
26.585 9.984 -425.984 0.919
49.975 66.497 -472.570 0.935
26.319 78.754 -427.326 0.932
-60.854 60.142 -457.632 1.091
36.716 -75.252 -386.313 1.008
-59.693 13.249 -450.594 1.076
65.542 28.387 -375.635 0.928
10.496 77.982 -491.167 0.940
64.844 -85.224 -419.072 0.847
-30.083 -12.887 -313.501 0.992
74.716 11.059 -357.496 0.830
55.828 -62.228 -320.702 1.096
-79.266 76.280 -397.887 1.109
57.209 70.152 -444.190 1.008
-95.815 -14.740 -483.338 1.052
77.894 -69.953 -323.873 0.920
-85.898 -41.292 -361.218 1.055
47.300 25.946 -476.949 0.872
-69.427 -10.930 -399.912 0.938
55.150 -11.405 -422.405 0.901
86.527 34.759 -414.476 1.141
71.485 40.283 -486.579 0.995
-10.258 -19.945 -418.415 1.055
93.991 51.055 -324.439 0.973
83.239 80.044 -421.152 0.997
-48.605 -22.683 -487.590 1.019
32.021 3.726 -380.137 1.107
-84.757 48.900 -331.674 1.065
76.943 45.506 -449.838 1.119
47.670 73.685 -381.109 1.138
-1.968 -78.277 -308.989 1.165
-53.706 -19.519 -438.577 0.947
61.291 28.688 -428.315 1.184
72.881 -48.060 -362.498 0.876
83.894 -26.587 -345.228 0.964
8.743 -76.594 -315.714 0.850
41.837 -70.113 -470.474 1.143
19.585 -90.217 -461.952 0.981
94.281 -14.934 -416.654 1.049
47.799 -34.554 -386.219 1.078
-3.255 37.610 -433.787 0.983
6.529 -89.186 -398.482 0.969
12.401 43.870 -306.084 1.071
-10.362 -34.855 -339.555 1.112
-5.627 70.190 -424.318 0.849
5.041 61.843 -436.065 1.037
-75.818 8.944 -396.954 0.901
68.697 12.357 -374.444 1.022
53.704 71.446 -407.588 0.982
56.405 -80.919 -350.685 1.112
70.332 99.695 -320.302 1.055
-51.251 33.276 -468.604 1.047
90.165 23.698 -441.825 1.200
54.256 -24.209 -451.769 0.858
-98.892 -11.060 -481.819 0.834
-35.288 -43.218 -346.496 1.073
-97.743 95.564 -392.376 1.113
-87.043 46.409 -421.866 0.986
-5.764 30.501 -400.951 1.087
70.441 99.714 -350.970 1.117
-36.822 -51.565 -394.194 0.990
39.849 1.729 -490.556 0.969
69.285 -46.427 -373.300 1.060
-8.192 62.900 -418.499 1.071
-17.426 -58.179 -445.580 0.736
-51.942 -98.606 -425.602 1.112
-29.344 15.902 -390.270 1.151
-19.285 -14.888 -361.231 1.084
-74.834 88.459 -344.043 1.069
86.816 99.116 -345.814 1.171
-56.989 -62.820 -302.242 0.972
87.181 -45.464 -457.085 1.185
63.155 60.999 -347.202 0.968
47.410 22.983 -484.850 1.065
-73.726 -0.774 -411.660 1.074
82.835 -85.496 -456.339 0.820
30.777 -29.384 -482.634 0.880
72.675 32.685 -404.061 0.919
-19.224 -25.580 -414.685 0.970
-96.721 59.331 -336.872 0.928
9.519 68.015 -455.521 0.886
35.183 -97.274 -425.992 1.077
51.589 -35.631 -433.049 0.950
69.988 -9.589 -393.636 0.899
-63.524 -70.591 -446.046 0.889
1.311 -97.328 -315.063 0.890
-90.267 -55.851 -445.780 1.075
84.622 70.129 -396.400 1.079
68.375 95.178 -479.775 0.910
56.468 -79.902 -425.944 1.147
-88.298 -72.866 -383.860 0.860
-76.420 2.783 -427.990 0.866
-2.237 20.509 -343.610 1.080
-2.485 26.364 -473.860 1.077
-89.018 2.714 -477.700 0.920
86.895 -22.207 -378.034 1.004
-23.610 19.991 -359.438 0.938
61.210 51.395 -391.276 0.891
95.702 -9.947 -465.857 0.967
52.972 -13.438 -342.191 1.047
32.758 -54.472 -344.039 0.911
22.408 19.369 -364.061 1.037
-95.247 66.020 -301.593 0.961
83.919 -60.754 -327.748 1.002
-58.512 63.031 -323.808 1.182
-16.140 -93.934 -469.142 1.063
98.500 -73.450 -458.922 0.925
-64.138 64.080 -409.829 1.063
31.438 16.728 -456.070 0.987
-49.465 -90.307 -386.675 0.983
-0.198 -80.656 -368.628 0.940
-11.252 98.577 -495.080 0.913
69.255 44.245 -319.347 1.102
-10.571 -25.863 -302.139 0.943
40.069 27.032 -390.440 0.886
75.874 -32.120 -486.990 0.951
-24.791 19.395 -499.435 1.057
13.902 -53.830 -403.654 1.044
-75.733 -72.711 -308.565 0.968
20.147 -18.553 -322.670 0.964
-3.523 91.026 -445.337 0.987
-7.469 6.228 -440.089 0.953
-43.974 -90.224 -407.773 1.083
-44.653 -30.170 -375.267 0.933
43.398 23.150 -385.004 1.104
-58.558 -73.781 -348.569 1.044
-34.825 91.910 -358.217 0.900
45.824 -42.851 -359.664 1.137
7.827 46.535 -451.963 1.015
-16.331 -4.046 -335.269 0.957
-2.083 -88.800 -477.902 0.959
-38.338 0.162 -325.932 1.151
-28.334 75.217 -429.078 0.880
-32.477 55.068 -378.238 1.019
-5.809 90.217 -316.135 0.960
52.371 60.763 -423.811 1.057
-14.450 76.207 -470.307 0.829
-43.264 77.114 -374.234 1.002
60.790 76.161 -362.183 1.016
-44.163 -34.979 -414.488 0.998
0.027 -38.075 -388.941 0.936
64.647 -64.460 -447.624 1.018
51.082 95.396 -357.811 1.011
-48.535 -26.704 -308.526 1.047
-49.846 -42.899 -305.278 0.971
-61.739 84.555 -445.637 1.300
-15.002 1.439 -343.901 1.191
71.111 -12.789 -367.536 0.753
-61.995 -54.987 -358.668 0.974
-23.382 33.321 -405.370 1.116
-51.453 45.404 -333.286 1.065
-54.079 -85.281 -496.185 0.961
-50.853 37.130 -322.560 0.909
-72.730 -52.578 -347.879 0.979
89.495 30.444 -438.141 0.994
-56.678 66.673 -491.676 0.996
-72.639 -90.393 -483.053 0.994
-36.394 64.622 -368.205 0.829
52.559 -22.640 -311.905 1.069
91.482 66.002 -434.872 1.046
-16.047 36.987 -489.610 1.044
-74.469 -93.985 -375.345 0.895
-14.658 -16.810 -493.980 0.938
-82.438 -89.093 -310.393 1.080
23.349 61.827 -491.802 1.027
-20.971 44.522 -364.714 0.929
16.815 66.635 -499.066 1.067
99.503 91.302 -394.517 1.029
6.514 -25.854 -358.886 0.976
-48.154 42.562 -497.571 1.077
-80.951 75.074 -399.946 0.964
3.376 -32.745 -347.007 1.130
-29.612 -60.156 -356.016 1.015
86.605 -68.092 -326.247 0.930
-67.592 53.496 -342.159 0.981
-90.119 57.428 -429.832 1.176
-28.456 -53.473 -368.795 1.073
16.266 -21.114 -450.346 0.988
-56.343 -35.297 -344.721 1.181
-52.262 -25.250 -327.218 1.028
13.585 8.007 -397.303 0.931
29.246 -28.488 -425.956 0.896
1.822 14.147 -370.533 1.018
-43.812 22.345 -321.450 1.158
39.531 -38.734 -322.023 0.970
-73.475 85.423 -370.344 1.051
88.511 -57.366 -342.170 1.201
68.696 79.070 -377.838 1.069
-8.229 39.582 -481.535 0.893
75.416 -72.377 -354.601 1.002
46.427 84.804 -310.632 1.102
98.715 -0.915 -450.672 1.084
72.015 0.887 -390.686 0.961
-85.305 87.681 -414.106 1.082
79.839 51.642 -417.694 1.005
-14.690 -68.601 -426.461 0.978
3.134 -99.576 -377.106 0.948
-3.166 10.416 -403.173 0.871
-80.510 -36.260 -307.056 0.919
-59.394 5.088 -391.040 1.088
85.522 -35.072 -380.435 0.869
97.859 61.465 -324.781 0.965
-19.275 -0.801 -393.301 1.002
-7.824 -66.105 -398.370 0.882
67.906 -48.227 -367.089 0.967
-50.834 2.091 -402.091 0.938
80.117 0.860 -311.087 1.178
-18.506 32.889 -416.226 1.109
6.573 -77.220 -337.714 1.087
-65.252 76.123 -315.353 1.052
85.946 -43.373 -416.830 1.069
-84.480 -98.461 -326.787 0.909
-46.455 12.760 -473.291 1.206
3.870 69.856 -382.647 1.082
-70.389 86.263 -477.409 1.057
40.183 26.787 -422.164 1.126
-79.959 51.538 -432.311 0.975
-17.662 -96.195 -429.419 1.029
14.981 56.039 -327.130 0.889
47.093 -62.948 -437.467 0.846
20.854 17.561 -320.379 0.820
-5.496 47.208 -415.956 1.074
-18.976 88.288 -432.640 0.865
-22.334 56.534 -437.610 0.762
-5.141 -70.335 -378.353 0.869
66.662 -43.201 -377.034 0.959
-25.792 18.998 -334.102 1.024
-99.349 6.853 -359.226 1.063
16.393 62.293 -423.672 1.054
-11.399 -26.753 -484.041 1.094
-35.933 -61.529 -406.994 0.985
-30.187 -16.078 -394.920 0.939
72.695 41.380 -429.256 0.884
35.834 33.040 -330.592 0.964
49.997 68.319 -321.160 0.947
-26.537 42.624 -490.649 1.072
39.151 -20.440 -395.805 1.018
-28.085 -3.847 -359.921 0.930
38.145 43.420 -314.075 0.991
8.994 -97.603 -378.615 1.020
58.027 79.402 -339.068 1.016
62.908 5.223 -376.139 1.239
-89.190 66.069 -499.210 0.944
-39.002 57.119 -423.912 0.841
24.491 26.889 -312.120 0.907
-11.080 -33.088 -306.011 0.798
-61.705 -55.933 -421.849 0.916
-33.412 21.550 -412.495 0.896
29.327 -44.475 -447.159 0.862
71.644 45.809 -439.209 1.041
45.571 93.943 -341.772 0.906
-96.216 -58.214 -429.123 1.063
50.776 32.841 -402.208 1.098
-2.688 -68.720 -306.419 0.958
-44.767 -91.819 -442.802 0.949
28.579 81.625 -368.589 0.937
-20.261 -68.248 -367.981 1.018
50.186 -20.392 -358.971 0.927
4.949 5.229 -410.414 0.829
-31.386 -77.557 -477.770 0.944
-55.502 90.432 -389.416 1.001
-23.460 45.108 -435.949 1.084
0.407 56.765 -440.057 0.980
-73.244 0.171 -485.139 0.967
-13.300 42.851 -440.203 1.162
-25.659 86.909 -466.936 0.872
6.401 -6.380 -335.830 1.021
39.972 68.284 -308.135 0.898
66.741 -37.356 -430.402 0.946
-36.468 39.564 -366.172 1.039
-56.704 -17.950 -464.361 1.046
-97.056 -64.317 -438.233 1.086
37.523 -9.613 -319.294 0.892
38.895 -73.019 -407.437 1.188
76.618 84.957 -404.456 0.953
81.380 64.771 -406.392 0.907
-55.234 53.937 -409.154 0.969
16.015 83.882 -499.741 0.896
-35.783 -14.921 -387.534 0.955
1.891 83.302 -422.240 0.968
94.348 16.445 -446.783 0.978
-16.898 4.733 -388.695 0.920
74.160 -69.810 -406.973 1.045
65.297 -70.671 -474.728 1.055
35.802 73.871 -342.901 0.831
32.650 20.375 -402.592 1.041
-21.182 41.979 -346.042 1.052
50.487 49.363 -451.794 0.838
-98.501 -98.458 -304.277 1.145
64.183 -87.403 -302.830 1.017
-45.149 -0.163 -423.443 0.939
63.532 -31.239 -375.670 0.807
-88.676 45.971 -326.972 1.069
22.843 48.425 -472.872 0.963
-29.396 97.380 -495.760 1.153
-76.650 -35.466 -303.256 0.908
-74.060 34.219 -450.795 0.837
-20.122 95.182 -427.084 0.974
-36.990 -14.082 -440.905 0.917
-29.952 99.145 -465.498 1.130
-26.509 -53.708 -434.174 1.014
17.416 -55.728 -352.452 1.047
-52.019 26.266 -351.555 0.946
82.418 -55.820 -460.713 1.128
-1.899 -57.978 -498.525 1.151
20.803 75.080 -352.953 1.078
-63.728 -35.188 -486.869 1.005
-7.243 16.917 -397.455 0.801
66.627 30.835 -385.209 0.961
-69.442 -22.000 -307.559 0.987
30.287 97.590 -305.953 1.012
-91.896 -94.928 -457.467 0.988
3.041 61.200 -303.723 1.059
41.092 4.272 -429.062 1.125
-34.722 86.325 -354.642 0.906
4.174 66.962 -382.799 0.770
21.971 57.341 -313.746 0.848
-34.568 -80.614 -391.271 1.063
90.254 -47.318 -494.490 1.100
9.155 69.438 -361.747 0.765
-89.380 20.754 -320.864 0.809
69.999 84.784 -393.141 0.913
11.412 4.522 -322.026 0.941
35.835 63.897 -301.391 1.008
-73.772 -93.991 -474.886 1.000
-76.964 -94.992 -320.070 0.897
59.767 18.168 -438.520 0.824
61.125 21.520 -382.486 0.970
73.074 9.665 -485.151 0.921
73.014 19.939 -497.505 0.950
94.492 -44.364 -419.823 0.939
-57.721 -1.407 -424.943 0.913
-49.715 -22.768 -490.768 0.976
-22.624 -19.260 -358.648 1.147
-90.565 59.358 -492.229 1.043
-42.054 24.250 -371.286 0.819
-17.618 18.222 -430.007 0.964
-79.819 8.049 -325.126 0.879
-19.036 72.849 -379.690 0.876
-45.651 -17.162 -440.588 0.819
-92.480 -95.528 -323.931 0.961
25.030 -9.787 -337.518 1.174
29.867 -32.809 -421.612 0.958
-82.093 73.775 -384.840 1.007
66.783 -28.107 -483.463 0.882
-97.437 -68.100 -361.425 0.937
9.000 53.391 -443.749 0.973
29.370 -32.376 -366.587 1.144
15.766 -31.926 -474.395 1.104
-80.658 -24.771 -410.824 0.849
76.808 -33.067 -383.182 1.045
57.388 70.565 -350.570 1.015
65.504 11.926 -400.719 0.980
-94.697 9.343 -317.714 0.892
39.980 -20.308 -332.282 0.934
14.700 -70.860 -330.275 1.185
33.390 98.032 -380.404 0.951
-49.086 -46.726 -368.136 0.937
85.731 34.979 -387.764 1.144
80.211 -95.030 -419.561 1.037
-87.613 60.320 -335.356 0.920
-44.060 -33.968 -485.956 1.021
-90.147 -31.648 -447.284 1.011
-49.959 5.774 -335.782 0.905
52.223 -25.618 -430.781 1.234
-91.656 -87.215 -461.922 1.085
47.039 25.055 -310.241 0.978
27.189 -89.885 -341.218 1.006
8.406 26.237 -457.193 0.957
-5.443 79.875 -450.062 1.003
21.363 -81.727 -303.618 0.872
-30.411 22.299 -448.436 1.061
21.452 82.799 -412.363 1.000
31.268 42.851 -442.544 1.114
-0.099 68.731 -407.114 1.158
4.670 17.474 -447.978 0.962
83.549 36.359 -476.306 0.988
-22.561 10.233 -319.969 0.929
36.319 -55.000 -312.032 0.998
-58.254 -89.223 -458.440 1.053
-80.960 41.707 -453.329 0.935
33.439 -52.438 -328.535 1.102
-10.847 25.956 -380.825 1.047
17.220 49.285 -428.422 1.122
84.149 -78.540 -490.015 1.094
-43.947 48.063 -342.239 0.916
44.773 92.574 -459.270 1.157
51.548 96.420 -328.586 0.817
-26.946 89.477 -373.014 1.123
64.534 96.761 -488.935 1.231
2.932 -26.866 -423.412 0.926
27.542 15.892 -350.583 1.088
57.851 11.061 -400.327 0.962
-51.622 -87.849 -351.100 1.165
-54.705 85.884 -351.244 1.182
33.089 -42.156 -438.181 0.863
42.523 97.626 -488.890 0.999
-36.198 32.199 -317.224 0.878
-88.923 -39.872 -487.309 1.092
-31.268 2.102 -336.959 0.987
-69.774 -9.166 -368.928 0.907
88.876 37.012 -397.312 1.084
49.325 -79.586 -442.055 0.889
-15.644 -8.525 -498.333 1.018
4.548 -76.471 -427.993 0.987
-36.358 85.812 -410.528 0.867
41.242 76.595 -419.100 0.914
-85.298 -30.009 -336.601 1.139
71.955 -33.218 -384.650 1.020
-35.145 -97.523 -333.873 1.146
-60.337 -95.884 -317.698 0.907
22.820 85.751 -311.167 1.109
-76.192 -9.025 -346.290 0.954
41.880 30.638 -349.094 1.105
-97.237 -9.012 -431.273 1.039
-34.078 53.474 -375.732 1.092
-57.229 -76.243 -472.250 1.167
-31.098 80.516 -470.605 0.980
20.956 85.227 -437.240 0.937
-45.669 28.004 -486.965 0.861
42.680 29.045 -353.007 0.940
-1.151 85.172 -415.006 0.884
-81.709 -92.022 -363.389 0.952
-79.508 -44.376 -367.656 1.048
-60.127 -46.922 -317.812 0.988
40.040 -13.941 -377.272 1.124
88.645 -67.950 -446.733 0.999
87.053 -38.439 -376.615 0.904
-86.187 20.849 -318.046 0.986
65.073 80.523 -380.796 0.862
-17.498 -67.064 -389.847 0.910
26.433 98.943 -305.261 1.123
90.001 -65.403 -491.065 1.106
30.914 66.113 -459.131 1.016
33.618 -51.444 -478.232 0.955
-93.939 35.483 -419.822 1.087
-47.054 56.126 -333.932 1.047
69.702 45.269 -392.712 0.983
7.358 -13.326 -370.784 1.012
-20.341 79.703 -481.641 1.038
-44.470 27.996 -433.800 1.085
51.180 64.742 -484.406 0.989
37.649 34.973 -498.444 1.039
87.279 48.864 -469.966 0.986
-11.866 -90.233 -456.023 1.017
94.785 -12.188 -488.398 0.989
97.959 -75.509 -496.083 1.067
-98.266 69.665 -499.607 1.002
33.068 -96.240 -445.664 0.927
92.116 28.352 -319.728 1.010
-29.064 -38.868 -400.321 1.069
-98.581 22.024 -467.856 0.821
65.910 -5.965 -343.129 0.914
67.943 10.107 -453.934 0.972
-17.010 -8.313 -489.602 1.058
-78.932 72.742 -481.059 1.047
83.460 -3.912 -428.467 0.920
8.253 26.850 -460.222 0.863
85.191 -55.838 -468.681 0.938
32.559 -52.390 -365.034 1.026
26.877 -91.314 -333.619 0.847
-19.857 -96.452 -353.004 1.028
25.424 83.051 -338.108 1.138
31.822 62.104 -354.460 0.986
-68.274 -28.080 -301.067 0.946
-92.560 35.418 -329.693 1.059
13.539 -17.901 -341.798 1.054
34.069 -70.190 -434.338 1.181
16.163 18.517 -481.371 0.997
-45.638 -15.231 -360.224 0.770
87.730 2.561 -487.631 0.985
92.221 -27.439 -442.279 0.978
-61.379 13.014 -434.360 0.966
43.435 45.537 -406.349 1.186
-80.654 92.307 -445.865 0.751
-0.304 -71.791 -447.227 0.970
7.003 60.188 -395.954 1.025
-51.854 -99.834 -363.110 1.108
61.367 -24.922 -460.083 1.181
-60.744 86.076 -372.604 1.006
41.145 46.784 -390.811 1.110
-49.924 -44.191 -377.600 0.923
55.167 -95.826 -305.844 0.958
77.967 -57.265 -426.817 1.088
69.275 74.143 -457.335 0.930
-77.720 66.181 -330.637 1.130
-72.510 -81.519 -470.604 0.990
74.601 99.842 -400.019 0.951
78.418 23.678 -385.281 1.042
60.277 -48.300 -352.230 1.038
-49.642 -58.938 -379.345 1.001
41.633 10.467 -407.382 0.862
-40.831 -52.965 -396.217 1.079
98.329 -57.618 -349.196 1.094
-41.898 23.176 -494.497 1.170
-39.450 -93.738 -452.070 0.994
-75.102 -69.544 -429.313 1.097
40.608 -34.909 -498.708 1.126
-70.050 78.665 -316.061 0.977
1.149 12.946 -456.244 0.943
27.127 33.210 -307.829 0.781
0.491 -59.958 -361.894 0.881
25.590 16.308 -335.815 1.064
-19.029 -1.361 -410.201 1.045
74.131 -76.966 -378.857 1.135
-81.203 -70.441 -351.493 0.872
48.508 53.546 -354.928 1.047
-66.606 10.745 -489.554 1.040
47.133 10.820 -489.228 0.959
-53.872 -78.527 -366.732 0.917
-88.983 -94.154 -370.269 1.078
93.318 57.660 -411.137 1.128
-59.722 -88.875 -401.011 0.970
-18.519 -29.933 -477.574 1.116
44.863 81.036 -325.141 1.068
-35.236 99.464 -322.160 1.217
1.239 -51.267 -327.287 1.188
49.492 53.719 -342.372 0.929
-60.572 -66.962 -354.445 1.022
-35.898 -53.233 -428.140 1.012
71.947 -13.971 -328.454 0.996
-64.066 17.490 -464.971 1.148
-14.270 -23.384 -483.933 1.029
1.659 -89.062 -363.892 0.936
11.610 34.882 -384.375 1.232
48.987 39.051 -466.055 1.035
56.088 -60.771 -400.493 0.934
-90.230 -25.553 -462.601 0.965
-38.899 -89.404 -312.530 0.939
-2.792 28.028 -400.728 0.755
-46.703 -76.273 -381.796 0.855
-15.076 60.305 -415.270 1.065
-2.213 12.128 -463.394 0.932
-31.862 12.380 -324.139 1.131
-42.881 -67.877 -486.582 1.023
68.551 -32.626 -370.936 1.098
-13.392 80.182 -475.303 0.946
-40.006 5.980 -398.395 0.971
-82.667 43.214 -353.962 1.143
90.673 89.526 -396.969 1.019
50.362 -53.180 -415.339 1.041
-27.905 -31.400 -494.947 0.955
-53.090 48.772 -308.534 1.026
-65.968 20.820 -303.654 1.114
43.951 -71.328 -370.399 1.113
-83.880 -69.159 -334.963 0.967
-32.623 -33.115 -315.965 1.053
-0.376 3.537 -324.716 1.070
59.836 -29.598 -409.242 1.094
25.061 38.235 -302.275 0.949
5.542 35.819 -479.467 0.903
-37.331 -90.915 -472.363 1.189
22.557 -89.773 -422.758 1.019
-33.880 76.754 -393.586 0.904
8.963 37.331 -324.001 1.003
21.128 -6.870 -473.603 1.026
-26.504 -27.267 -468.795 0.957
26.564 79.259 -400.656 0.931
24.249 -64.417 -399.238 1.073
-38.552 -77.859 -398.686 0.978
13.195 32.555 -405.738 1.039
-34.042 -71.571 -499.829 1.083
-93.307 -3.829 -382.356 1.167
41.580 56.667 -419.568 0.914
-34.788 65.801 -429.330 0.956
12.328 -30.433 -337.669 1.090
-8.453 65.748 -465.658 1.130
-67.894 52.952 -364.013 1.008
6.392 0.398 -400.397 1.085
-7.553 0.488 -415.494 1.162
5.331 -86.649 -457.502 0.964
-89.473 -30.343 -302.527 0.861
99.558 -31.574 -390.823 1.038
59.626 -99.174 -353.143 1.064
81.646 -37.801 -461.160 0.966
63.200 86.398 -486.054 0.936
-52.493 -84.387 -386.376 0.915
0.542 44.512 -474.375 0.896
50.292 67.955 -410.142 0.907
98.309 -66.353 -492.632 0.983
89.612 40.941 -370.864 0.891
29.077 -58.430 -458.990 1.003
65.259 -21.266 -466.052 1.166
96.993 -7.561 -333.922 1.105
48.624 89.303 -401.872 0.994
-68.177 -43.451 -470.388 0.917
-70.642 78.563 -391.646 0.884
-3.318 9.122 -435.377 0.985
89.405 -20.047 -340.921 0.971
94.339 -11.786 -353.262 1.239
47.059 -59.042 -372.037 0.798
12.813 21.167 -301.365 0.940
-79.993 -51.022 -457.534 1.058
-59.657 -29.072 -418.104 0.844
3.298 3.789 -404.230 1.094
-46.218 -17.187 -349.457 0.954
-97.064 93.285 -419.556 1.063
-71.989 -15.519 -417.062 1.209
71.786 82.981 -447.031 0.930
70.880 -52.662 -488.505 0.871
36.400 16.009 -389.944 1.046
31.673 -27.675 -332.203 0.881
-83.059 78.384 -339.721 0.871
57.365 50.114 -425.423 0.809
64.093 35.615 -340.283 1.067
-52.366 60.814 -481.534 1.115
-54.075 93.356 -461.572 1.130
-4.176 -6.493 -335.058 0.963
62.269 64.705 -318.108 0.828
51.595 -68.993 -371.459 0.832
5.468 88.557 -354.906 0.934
-29.727 -67.208 -341.361 1.003
-84.743 33.933 -481.794 1.046
57.902 -9.504 -343.394 1.043
-56.792 -43.535 -423.849 1.012
-89.381 6.338 -461.016 1.003
88.967 97.688 -322.572 1.067
77.678 -37.971 -464.873 0.988
34.955 -82.845 -349.796 1.032
19.107 -5.588 -482.931 0.995
-7.771 13.795 -381.077 1.053
91.101 50.447 -415.235 0.935
-45.508 -45.626 -303.969 0.948
97.760 -71.049 -454.898 0.973
3.096 62.262 -427.812 1.090
-53.524 14.326 -462.669 1.039
-35.634 -57.734 -405.791 0.892
30.394 -75.881 -485.426 1.199
-29.671 -44.753 -367.525 0.971
-85.869 -25.405 -380.738 0.993
-50.392 33.983 -454.887 1.041
2.308 80.991 -407.574 0.943
-36.547 -57.835 -303.123 0.886
-9.036 -19.318 -463.359 0.901
87.769 45.339 -310.493 1.019
-52.779 22.128 -472.041 1.002
-51.477 86.606 -303.555 1.012
-66.607 37.790 -437.932 1.191
-42.746 55.788 -419.430 0.981
43.379 -54.061 -395.694 0.860
-50.809 61.778 -331.930 0.853
18.990 -83.489 -342.259 1.080
-63.901 28.457 -414.612 1.094
93.672 51.567 -445.414 1.026
-42.973 -11.366 -330.104 1.069
-95.044 -58.515 -443.898 1.074
42.640 31.373 -464.156 1.097
-24.438 73.065 -413.014 1.145
80.155 67.779 -374.446 1.135
59.309 -9.145 -386.871 0.865
-27.684 99.111 -440.500 0.780
-46.695 19.698 -322.846 1.044
-98.672 28.191 -420.958 0.940
-19.425 0.458 -331.761 0.906
68.381 47.461 -359.508 1.036
-16.418 -73.143 -399.220 0.918
-8.062 7.043 -376.252 0.932
18.885 89.019 -301.214 0.972
25.575 59.974 -447.137 1.071
36.105 -98.129 -355.878 1.001
11.235 20.060 -441.847 1.073
73.120 66.734 -377.710 1.191
-49.935 -33.820 -339.668 0.828
-32.851 66.141 -304.970 0.938
-68.268 -40.282 -463.088 1.074
57.860 -54.187 -420.448 1.101
-77.661 40.365 -424.643 0.882
-53.922 -59.614 -369.294 0.988
-23.292 84.770 -364.230 1.106
14.430 10.364 -475.877 1.000
-17.212 43.526 -389.302 0.941
95.210 48.373 -359.131 0.868
57.017 2.952 -424.354 0.976
40.601 -65.981 -495.723 1.037
59.949 44.988 -453.994 0.875
65.802 91.828 -427.348 1.013
-18.406 60.964 -329.111 1.038
19.459 69.545 -432.593 1.047
70.336 83.875 -360.572 0.931
67.556 -69.633 -432.161 0.866
0.835 -60.151 -315.031 0.902
-78.077 49.303 -403.721 1.102
-47.417 -35.743 -410.172 1.074
85.890 21.783 -383.247 1.031
-82.729 78.957 -411.093 1.002
13.557 59.199 -336.333 0.845
80.303 71.679 -454.992 1.149
64.436 17.955 -370.717 1.064
-54.120 33.772 -428.797 0.880
1.763 -40.887 -412.377 1.003
50.671 25.574 -307.498 1.035
85.386 68.572 -316.846 1.036
-16.994 37.342 -379.134 1.121
-14.764 -36.527 -360.088 0.986
-56.656 36.118 -330.465 0.979
-28.999 79.866 -487.017 1.004
74.580 73.840 -304.709 1.082
25.178 87.866 -364.125 0.959
-94.734 6.547 -302.544 0.998
44.239 20.004 -469.118 1.022
62.583 -90.671 -472.263 1.175
35.724 80.316 -303.476 0.899
-87.915 -79.077 -368.175 0.676
-64.262 57.152 -364.533 1.103
51.098 66.954 -333.580 0.827
-17.044 96.130 -356.981 1.064
-12.966 -23.632 -475.158 0.905
56.567 2.267 -486.367 1.045
61.047 -9.658 -377.572 0.893
28.501 46.751 -331.234 1.214
-46.307 47.402 -357.358 0.981
12.844 -78.645 -300.247 1.103
99.249 74.656 -485.575 1.042
12.107 15.124 -337.928 0.851
60.330 -16.670 -426.700 1.192
-55.335 -98.178 -368.522 1.051
1.199 -92.866 -484.644 0.898
13.759 -96.156 -391.647 0.827
-83.610 71.573 -385.599 1.020
10.666 -3.554 -402.853 0.956
-5.024 -19.663 -464.177 1.066
44.352 -38.785 -481.383 0.945
-84.906 -97.641 -427.948 1.068
60.766 -75.986 -380.082 1.079
23.763 62.688 -498.066 0.917
-12.579 -50.461 -397.660 1.222
-50.511 -25.788 -428.013 0.916
-21.282 -52.330 -474.494 0.878
93.533 -38.311 -345.920 1.026
-12.448 -65.140 -435.650 1.178
22.073 -69.262 -349.779 0.910
-24.302 12.068 -320.241 0.943
-89.354 -35.763 -311.520 0.948
70.615 86.907 -457.720 1.004
90.616 -49.601 -412.612 0.962
-31.998 58.309 -400.313 1.145
92.010 61.903 -301.617 1.055
77.521 31.312 -303.541 1.010
98.609 36.471 -396.227 0.894
50.582 -62.804 -406.628 1.020
63.932 -55.214 -398.273 0.907
-6.119 96.954 -412.964 1.021
-81.407 82.227 -462.763 1.035
21.566 -27.945 -370.867 0.945
90.101 -72.806 -418.060 0.912
-67.757 -99.838 -321.874 1.001
96.854 -71.472 -332.276 1.126
9.700 98.975 -306.095 0.778
-67.771 -75.781 -478.743 0.984
17.330 28.614 -347.068 1.181
-79.698 -7.047 -354.274 1.052
-43.490 34.471 -340.192 0.848
77.342 -18.404 -395.795 1.066
53.580 -63.182 -496.185 1.105
10.664 -74.708 -327.863 0.958
-11.290 -17.450 -336.283 1.110
-46.388 -87.006 -444.623 1.036
57.000 41.676 -443.983 0.844
-43.000 97.415 -317.142 0.812
-75.314 -49.796 -394.850 1.020
37.941 43.518 -433.459 0.801
-66.138 -68.747 -467.945 0.936
-51.030 -13.164 -495.371 0.867
-47.646 30.284 -316.407 0.940
38.762 21.103 -323.588 1.156
-69.615 29.884 -318.943 1.040
-40.137 -34.412 -436.242 0.936
53.122 84.101 -357.942 0.910
12.827 37.582 -304.276 0.933
-18.284 -66.086 -309.487 1.032
