20.253 0.274 -419.689 0.919
-11.086 9.186 -439.399 0.906
50.125 83.686 -322.574 1.000
-52.171 3.510 -477.373 0.901
81.419 23.909 -324.633 0.974
-47.446 -21.965 -352.908 1.017
-29.054 77.439 -313.061 0.955
-67.604 -0.335 -433.745 0.975
69.302 -99.709 -351.345 0.842
-26.427 49.179 -447.605 0.781
52.691 -33.474 -377.618 1.054
-48.202 -47.796 -455.748 0.928
-53.252 -64.281 -359.094 0.934
-52.375 10.017 -386.806 1.172
-44.490 90.966 -400.628 1.100
-90.028 -64.570 -342.251 1.051
-81.876 63.477 -474.713 0.901
-19.279 6.341 -304.418 1.117
3.794 -96.409 -340.526 1.033
86.395 3.199 -354.247 0.919
-8.293 47.589 -431.349 1.105
-58.173 -11.032 -375.573 1.026
48.292 70.731 -495.863 0.830
12.218 31.693 -469.504 0.992
-63.058 92.119 -418.942 0.976
33.756 -19.328 -376.338 0.930
-36.826 -75.243 -482.942 1.138
-47.244 -23.648 -446.965 1.049
56.248 -84.667 -437.144 1.104
20.983 72.741 -318.147 0.993
72.025 22.575 -372.046 0.925
-40.842 85.003 -382.667 0.939
27.109 53.902 -340.268 1.166
-93.066 65.195 -413.710 0.870
5.797 -13.130 -323.611 0.977
-37.664 31.260 -304.084 0.912
-98.694 -73.263 -424.965 1.067
-15.061 88.495 -422.854 0.953
-65.296 -19.631 -435.829 1.042
-68.233 -85.597 -490.635 1.031
43.111 -9.511 -433.462 1.148
-40.994 -14.841 -447.914 1.002
26.837 2.083 -337.696 1.067
-33.316 -61.285 -323.610 1.003
71.029 -46.009 -351.982 0.962
17.609 87.780 -495.709 0.864
-74.976 14.471 -391.040 0.786
60.227 -97.384 -443.632 0.899
84.106 -5.108 -304.105 1.226
-10.958 -43.175 -457.719 1.094
59.415 -60.778 -499.811 0.975
-8.541 32.735 -402.791 0.872
-93.403 5.540 -471.002 0.879
48.428 -21.687 -374.988 1.044
29.859 -53.517 -399.155 0.897
-42.783 22.123 -405.691 1.064
61.156 -21.483 -339.703 1.078
42.291 -74.540 -375.871 0.883
-27.708 33.111 -441.064 0.968
-96.357 -35.593 -331.292 1.031
-5.921 68.930 -338.298 0.913
21.223 -60.955 -372.655 1.042
37.242 -24.556 -396.213 0.935
94.690 -99.548 -433.669 1.026
-38.274 -82.163 -414.986 0.988
-9.561 -60.082 -351.806 1.035
-41.008 70.585 -367.546 0.830
-12.543 60.410 -388.655 0.952
-28.915 -30.014 -366.604 0.987
83.520 -59.021 -430.505 1.003
-72.742 7.205 -318.088 1.001
78.754 -76.160 -497.355 1.115
80.862 1.817 -353.416 0.958
-55.469 -72.406 -483.635 1.158
88.010 66.766 -427.291 1.003
97.981 65.367 -349.244 1.043
64.707 -62.016 -439.965 1.163
39.396 -17.363 -462.611 0.996
18.461 -12.737 -418.790 0.962
-76.154 33.725 -402.240 1.089
67.132 73.988 -444.400 0.817
-39.112 99.017 -493.224 1.031
88.316 -0.950 -389.703 1.113
8.357 -27.304 -316.655 0.969
-58.625 -38.713 -451.077 1.164
-31.400 3.992 -439.346 0.969
-58.367 82.502 -395.323 1.156
-8.394 -3.319 -398.576 1.107
37.245 -89.108 -460.417 1.138
50.299 98.430 -456.929 0.958
-29.764 -98.611 -472.846 1.075
54.322 45.717 -447.853 1.143
61.185 22.794 -421.284 1.188
78.591 -46.256 -341.917 0.878
98.091 -64.166 -434.248 0.942
-59.316 -25.356 -367.415 1.005
-58.462 -45.889 -462.023 1.069
-46.863 -65.882 -385.897 1.134
-38.060 -26.574 -414.734 1.025
83.479 14.211 -405.429 1.121
-41.229 76.102 -365.842 0.984
71.898 -97.424 -488.664 1.094
-15.122 8.587 -408.178 0.984
92.090 15.544 -377.106 1.275
-55.095 -7.568 -488.393 0.926
-43.334 84.527 -414.860 1.022
55.669 42.221 -440.928 0.913
46.075 67.243 -460.740 0.983
49.367 18.828 -499.076 0.953
24.415 87.394 -452.090 0.984
44.244 -41.582 -472.295 1.091
22.603 -86.872 -417.946 0.893
-37.467 65.996 -407.442 1.038
94.179 71.034 -305.670 1.062
-57.125 60.856 -409.455 1.064
53.874 98.268 -364.631 0.943
-69.790 -92.996 -426.535 0.995
28.974 -79.260 -340.398 1.017
-75.346 -20.905 -375.240 0.940
-39.831 -93.781 -449.257 0.906
-29.477 57.717 -342.276 1.113
-62.395 0.892 -465.931 1.156
-86.195 80.635 -459.402 1.006
56.972 -12.780 -326.159 0.793
12.778 -98.789 -399.566 1.158
-11.786 72.103 -301.255 0.976
34.588 88.519 -356.704 1.030
67.674 -56.784 -407.974 1.014
27.567 -72.839 -412.108 0.985
-77.188 -71.404 -364.825 0.948
-10.311 59.739 -359.412 1.033
45.605 71.271 -399.921 0.999
-1.510 -83.650 -441.156 1.219
-5.782 -86.005 -365.114 1.058
48.398 28.464 -330.202 0.951
-44.326 42.370 -384.160 1.077
18.063 -53.031 -306.432 1.077
-42.035 90.868 -372.798 0.959
7.439 -52.375 -414.441 1.004
-62.340 -77.676 -332.121 0.894
9.140 81.044 -437.385 0.908
-37.094 91.389 -331.067 1.040
90.906 25.368 -415.102 1.047
-19.686 -72.789 -457.315 1.058
-16.690 40.051 -319.737 0.938
94.185 70.581 -370.608 1.040
-53.335 65.718 -375.323 1.051
-3.120 44.366 -394.679 0.891
-7.934 -54.783 -316.879 1.052
-44.967 -96.835 -430.161 0.877
78.861 40.988 -498.578 0.901
-24.963 19.828 -318.873 0.908
-23.349 43.410 -431.682 1.057
80.053 27.129 -391.767 1.063
-86.821 -55.978 -318.236 0.991
-61.881 95.716 -350.612 1.146
-50.824 -39.347 -350.945 0.752
-85.932 53.292 -322.162 1.109
-50.917 -64.718 -420.028 0.990
-53.500 85.902 -478.205 1.038
92.181 -44.761 -352.987 1.202
-61.589 -49.525 -446.616 0.934
-70.069 -96.325 -385.496 1.091
-29.760 31.285 -382.452 1.126
-41.022 24.129 -481.781 1.017
-79.547 -3.193 -366.472 0.787
-37.750 32.398 -453.800 0.903
-51.210 -2.433 -474.776 1.052
-57.054 37.300 -466.459 0.823
74.565 -19.912 -449.135 1.002
-6.030 -70.401 -351.882 0.831
-22.260 78.948 -458.228 1.034
53.730 -64.321 -453.920 1.145
72.844 -25.540 -306.745 1.048
52.330 56.022 -312.133 1.150
-61.307 -93.927 -449.162 0.932
-48.881 96.612 -354.398 0.890
-76.480 32.887 -407.039 0.965
-14.242 -93.669 -490.638 1.092
70.623 23.748 -400.339 1.117
-15.432 -83.610 -368.877 0.895
42.632 -28.632 -416.716 0.943
55.222 2.651 -382.723 1.199
-85.599 -17.243 -425.360 1.054
-97.401 20.114 -411.381 0.945
-63.124 32.829 -319.891 1.062
99.291 6.820 -374.708 1.149
5.039 15.615 -435.208 1.165
-5.276 6.389 -356.446 1.105
-9.082 17.318 -448.666 1.021
-6.320 46.776 -311.935 0.919
60.631 31.781 -454.020 0.902
18.726 -11.127 -345.183 0.892
-58.062 44.496 -315.688 1.003
35.910 46.469 -393.078 1.075
54.051 29.113 -348.037 0.980
56.004 60.845 -311.853 1.057
-98.083 64.579 -480.136 0.962
-35.593 -99.407 -461.129 0.897
58.870 -83.564 -358.592 1.013
45.637 31.079 -448.727 1.003
-48.556 33.671 -417.280 1.140
86.511 20.538 -374.122 0.932
59.354 97.214 -370.621 0.885
-84.455 47.692 -429.982 0.986
-61.314 27.209 -406.853 0.955
79.704 -86.076 -429.546 0.944
22.359 -43.848 -303.525 0.891
34.906 68.852 -373.962 1.115
38.342 -91.237 -498.408 0.931
8.598 39.968 -470.959 1.096
99.520 -39.584 -363.927 0.980
-74.609 -87.612 -327.934 0.898
-38.135 65.247 -466.008 1.043
-2.078 -19.624 -469.453 0.919
71.570 -74.782 -326.066 0.702
-66.171 -46.478 -478.169 0.865
-65.548 41.467 -424.892 0.966
-27.951 75.825 -482.506 0.877
14.977 -98.792 -339.732 1.105
-88.375 -93.968 -304.239 0.957
15.567 44.519 -318.877 0.944
-55.866 82.570 -482.455 0.914
-94.207 24.340 -342.309 0.976
-90.011 45.093 -391.224 0.900
-61.162 -11.152 -437.765 0.943
-86.287 29.276 -399.740 0.960
68.711 -0.952 -448.747 0.955
42.719 -54.449 -443.105 0.987
-29.949 44.227 -310.637 1.019
30.183 41.373 -423.415 0.783
-66.266 -97.526 -313.306 1.077
-86.160 -16.074 -362.596 0.985
-68.566 72.697 -334.309 0.832
-28.726 -16.212 -358.497 0.923
65.193 -3.322 -420.106 1.083
-20.560 31.371 -358.189 1.010
-27.831 76.191 -441.576 0.960
37.490 13.814 -391.063 0.989
-64.104 -96.105 -457.177 1.042
6.993 6.602 -320.750 1.066
-21.002 29.172 -410.678 1.174
-53.244 -27.633 -379.279 0.988
0.627 88.229 -350.580 1.108
98.078 18.074 -347.797 1.120
29.736 -25.191 -405.707 0.969
-22.810 -56.099 -459.554 0.975
-58.432 -58.580 -336.042 1.192
-8.453 53.114 -349.620 0.932
76.654 80.204 -483.566 0.900
70.354 -97.780 -411.292 0.987
-42.663 4.828 -495.916 1.034
4.536 -2.859 -416.494 1.085
-4.321 29.884 -449.647 0.891
-71.256 32.270 -312.474 1.021
-76.394 -4.227 -315.611 0.990
87.233 21.163 -439.173 0.986
-35.886 83.845 -337.838 1.105
81.423 -39.581 -440.222 1.095
93.006 -70.875 -495.891 0.781
50.548 -81.291 -414.026 1.114
-3.438 24.153 -488.046 1.010
-33.721 74.231 -410.702 1.040
24.550 69.315 -320.544 0.980
-78.074 -58.037 -397.658 0.991
85.542 -16.600 -413.670 1.056
67.034 -27.450 -448.495 1.228
-34.491 60.282 -434.268 0.949
-44.399 21.194 -423.948 0.808
38.472 -4.822 -450.005 1.079
-87.152 -65.429 -374.072 0.811
-43.431 -35.896 -415.608 0.911
-43.981 71.749 -426.223 0.997
4.425 -28.531 -490.044 1.093
31.976 9.919 -395.302 0.942
29.450 3.549 -307.908 1.062
-51.341 -25.108 -447.222 0.983
-66.242 -49.357 -482.470 0.988
78.564 -52.677 -459.198 1.028
2.483 20.301 -366.063 1.188
-4.770 -23.025 -429.394 0.922
99.125 79.845 -471.886 1.192
-86.786 -84.197 -405.541 1.077
-90.417 30.616 -404.822 1.005
-33.150 16.598 -469.165 1.001
1.432 -78.215 -356.365 1.125
68.920 51.057 -406.280 1.269
90.791 96.441 -368.237 1.111
61.146 -61.676 -449.522 1.022
-82.836 27.578 -305.199 1.056
-91.779 91.809 -474.811 0.955
-20.707 21.181 -440.836 0.924
90.194 -81.642 -360.537 1.065
-38.824 -82.627 -465.059 0.832
-60.977 3.801 -340.183 0.933
-72.091 -14.226 -477.471 1.019
-93.051 -74.550 -465.409 0.801
-29.595 19.611 -390.270 0.991
-74.252 -54.935 -367.627 1.081
76.510 5.668 -499.334 1.029
-41.782 -59.851 -450.081 1.163
-65.524 27.779 -483.372 1.093
-48.729 -76.283 -468.416 1.194
-95.298 -46.499 -377.597 0.945
59.654 -80.999 -498.695 0.838
68.386 -84.353 -302.602 0.869
64.439 74.649 -331.151 0.700
-78.911 -84.722 -417.435 0.930
-37.482 40.806 -370.511 1.135
-20.820 26.527 -438.879 0.986
-98.452 60.393 -383.735 0.950
10.017 80.492 -379.386 0.816
18.026 96.917 -449.551 0.970
52.317 93.403 -468.227 1.058
86.955 -11.093 -460.177 1.078
-14.224 -56.090 -322.778 1.207
20.146 -42.101 -338.734 0.967
-28.203 -29.901 -410.119 1.173
-29.014 -0.662 -346.804 0.734
15.220 92.128 -420.393 1.040
77.383 -24.245 -368.807 1.127
0.641 20.473 -466.157 1.157
96.917 59.042 -492.515 1.054
73.106 -15.766 -419.183 1.118
54.559 -91.556 -346.249 0.969
-69.791 -46.019 -342.726 1.161
39.093 -2.709 -484.456 1.066
-67.147 92.538 -446.325 0.962
-61.075 93.058 -314.233 1.004
-47.597 6.500 -475.499 1.029
43.606 -0.105 -386.529 0.863
-97.870 -86.809 -439.372 1.076
-50.647 80.873 -375.804 0.871
63.927 47.699 -330.192 1.021
-80.818 1.730 -460.224 1.043
-15.537 30.782 -362.890 0.998
37.154 -70.632 -334.765 0.984
33.458 -45.646 -464.899 1.012
8.031 -61.704 -408.458 0.943
21.402 -20.312 -376.285 1.012
60.552 -25.806 -476.826 1.095
-70.557 -23.227 -335.905 1.001
-77.695 -22.972 -487.841 0.914
49.502 -19.445 -323.998 0.993
-87.628 -91.666 -392.155 0.921
-70.016 -64.829 -323.183 1.063
41.804 -55.354 -439.281 1.178
52.883 75.274 -484.183 0.945
62.328 89.706 -369.410 1.161
-0.401 -55.022 -315.598 0.996
-43.904 91.505 -345.158 0.945
83.410 -12.107 -358.616 0.810
-33.679 -32.254 -309.117 1.026
28.373 66.033 -332.252 0.949
78.912 -49.197 -314.285 0.870
-70.288 75.253 -312.273 1.118
-77.987 60.081 -424.389 0.876
56.215 67.056 -455.050 0.856
48.254 -56.680 -328.645 0.904
-8.112 30.608 -494.850 0.949
95.229 23.419 -422.397 0.936
35.248 92.737 -356.293 1.125
66.527 74.597 -335.136 1.037
-68.206 86.696 -311.740 0.999
-20.047 52.043 -311.968 1.137
11.067 89.914 -493.718 1.062
-96.322 37.558 -316.375 1.155
13.358 -21.753 -398.217 0.941
42.318 31.076 -405.569 1.020
-10.690 -39.536 -305.034 1.045
57.612 -57.443 -362.690 0.982
-76.138 -74.253 -448.378 1.001
5.532 -61.210 -443.619 1.058
-76.474 71.089 -491.182 0.987
43.026 -80.770 -370.628 0.986
91.801 -23.054 -340.507 1.036
34.129 -7.792 -400.829 0.983
72.031 -28.581 -420.065 1.029
20.738 92.389 -321.465 1.134
-27.524 -97.249 -448.299 1.156
-10.912 29.679 -473.783 1.020
74.044 39.215 -485.097 1.066
-21.027 77.220 -365.256 1.023
-52.344 -46.385 -355.974 0.957
28.084 -20.917 -415.727 0.920
19.881 -29.674 -420.563 0.937
51.372 68.926 -453.242 0.883
19.597 56.204 -369.498 0.898
73.983 -58.291 -438.450 0.890
-54.314 -12.248 -340.344 0.969
19.603 -17.113 -498.633 1.087
48.496 -95.615 -333.731 1.110
-54.635 -94.640 -405.483 1.137
49.111 19.733 -383.935 0.889
-46.362 55.682 -425.910 1.052
54.522 29.561 -328.201 1.037
46.729 40.023 -494.038 0.933
-32.868 -11.868 -396.938 1.146
-37.373 -10.150 -373.302 0.998
15.774 -15.721 -389.846 0.996
-28.260 93.292 -349.437 1.043
41.675 32.259 -347.565 1.051
88.578 -81.596 -458.785 0.854
63.497 46.336 -490.550 1.033
57.278 -19.651 -349.287 0.920
51.698 -37.248 -320.990 1.056
1.521 -59.386 -414.677 0.861
-89.836 72.798 -367.278 1.054
55.194 73.126 -318.502 0.854
34.498 -10.228 -311.089 1.033
68.150 57.464 -316.982 0.973
85.641 -98.240 -302.498 1.002
-22.714 50.600 -441.066 0.884
53.271 83.215 -423.411 1.144
-96.960 -35.736 -386.454 1.005
53.661 99.485 -436.342 0.820
-35.291 57.683 -363.133 0.788
13.208 53.570 -488.682 1.052
-47.916 80.643 -437.443 0.917
36.205 0.616 -333.400 1.109
-16.305 72.130 -460.291 1.010
11.077 -7.418 -455.684 0.938
-0.833 -62.723 -301.536 0.950
-78.312 14.438 -404.940 1.043
71.677 -49.782 -455.125 0.869
-11.225 -97.279 -365.963 1.006
80.787 44.030 -474.568 0.908
-62.183 -85.740 -464.857 0.957
47.353 -57.973 -323.192 0.960
10.501 98.124 -400.689 1.069
-79.547 44.414 -451.025 0.819
76.587 17.308 -448.298 1.091
-32.646 15.203 -434.405 1.063
49.493 -23.011 -319.522 0.871
27.720 -63.884 -495.212 0.965
61.008 74.436 -474.029 1.030
-26.779 -70.532 -429.895 0.907
-66.272 -42.658 -420.333 1.216
26.196 -79.063 -472.067 1.034
-8.784 -77.669 -339.486 1.017
32.269 11.765 -336.949 1.007
-44.823 -4.085 -319.736 0.894
81.583 -67.822 -388.484 0.991
-54.647 50.562 -361.579 1.001
-34.266 -95.992 -465.877 1.058
-92.403 33.283 -396.922 0.908
25.371 0.115 -481.917 1.097
96.903 -87.621 -491.895 0.912
-12.167 33.644 -410.007 1.064
85.555 40.607 -469.657 0.956
91.783 -57.430 -363.181 1.083
22.545 64.004 -370.559 0.981
-27.540 -37.899 -309.316 1.222
-98.867 0.687 -444.217 1.036
47.193 -26.672 -479.343 0.952
4.454 -25.135 -389.605 1.090
95.623 -11.404 -315.571 1.038
-68.551 -99.601 -352.680 0.922
9.430 89.789 -311.584 1.131
-25.871 -27.119 -429.691 0.877
-35.555 -94.365 -347.136 0.993
82.851 32.944 -408.592 0.951
34.322 -22.327 -360.671 1.024
35.272 -29.126 -327.760 1.066
70.904 27.735 -312.082 0.856
22.290 76.884 -391.480 1.002
1.971 -1.329 -307.277 0.911
13.266 18.398 -404.359 1.045
87.248 10.060 -324.454 0.953
-28.235 96.569 -308.607 0.868
64.950 -0.759 -320.229 1.118
-31.391 -59.689 -486.971 0.983
-41.731 51.570 -470.879 0.860
63.754 -38.763 -459.508 1.065
54.919 71.153 -308.744 1.090
-42.693 28.378 -487.530 1.107
77.168 28.853 -436.271 0.901
-82.174 -0.122 -440.399 1.180
-36.721 71.838 -461.929 0.966
64.827 -34.420 -452.626 1.030
-83.079 -91.959 -404.162 1.019
97.529 75.529 -444.118 0.932
56.541 -5.511 -467.150 1.039
-53.309 -7.264 -391.186 1.074
-20.609 80.686 -452.909 0.997
27.875 -68.405 -350.949 0.799
-97.697 86.425 -355.332 0.799
80.107 45.135 -476.604 0.874
-25.309 -28.796 -416.654 1.051
-69.875 74.260 -476.179 1.027
-77.885 -93.771 -425.471 0.983
-89.245 18.229 -412.495 1.077
21.308 -11.503 -418.510 1.074
90.107 70.175 -472.013 0.964
-37.472 49.089 -486.055 0.931
67.575 -92.732 -439.538 0.881
-10.631 47.458 -471.076 1.043
-62.336 -68.295 -491.432 1.209
-10.567 34.478 -454.181 1.111
-8.890 -16.819 -368.719 1.025
95.945 -61.443 -426.798 1.042
73.894 -4.880 -313.019 0.876
29.016 -26.818 -461.124 1.046
60.929 -32.679 -387.620 0.940
-60.283 -16.528 -492.973 1.102
-1.776 65.712 -474.088 0.940
-69.162 89.027 -310.811 0.969
26.754 -49.308 -437.569 0.635
-62.851 4.199 -409.082 1.053
61.971 -30.541 -399.476 1.177
9.628 -50.446 -454.494 0.969
58.112 -55.182 -394.953 0.985
7.525 88.678 -331.924 1.040
-68.576 21.971 -368.971 0.961
-70.365 -97.446 -427.170 0.947
-67.099 -64.506 -467.911 0.942
-64.491 -99.510 -321.606 1.085
-61.342 -90.858 -347.674 0.841
-18.416 32.678 -444.202 0.988
-38.869 -21.586 -399.685 1.078
-78.717 59.789 -310.035 0.944
-0.303 -53.493 -342.965 0.952
12.557 3.443 -407.780 1.078
48.898 -91.480 -492.498 1.072
9.189 -64.967 -402.884 0.976
51.177 69.373 -315.304 0.706
80.491 22.412 -401.935 1.005
-85.447 -6.784 -427.856 1.037
47.892 -3.819 -435.538 0.946
48.630 52.907 -465.988 1.296
-64.875 -41.130 -391.900 0.889
-46.191 25.521 -316.419 1.134
35.461 49.933 -418.707 0.919
-58.401 86.347 -439.340 1.021
-4.781 2.980 -388.956 0.791
-88.798 -70.884 -489.446 0.811
-54.589 75.651 -498.384 1.025
2.111 -97.814 -472.427 0.938
-33.370 -20.358 -349.225 0.914
28.619 -80.303 -365.228 0.818
-49.722 -70.753 -482.564 0.991
-87.448 68.972 -306.457 1.078
-83.040 -49.004 -387.574 1.136
60.141 -93.249 -438.378 1.064
23.567 57.807 -372.492 0.878
-44.260 9.452 -471.610 1.041
63.384 33.225 -489.659 1.055
5.010 -90.401 -357.862 0.958
22.802 -6.700 -455.182 0.985
8.337 -67.804 -393.392 0.867
-71.754 -32.073 -498.279 1.035
-26.683 21.804 -347.410 0.872
-54.459 -54.089 -456.000 1.032
64.712 58.316 -345.094 0.978
25.022 27.765 -379.039 1.038
72.208 -68.668 -435.277 0.929
-12.678 86.528 -409.521 0.920
23.027 2.365 -341.820 0.978
-26.600 -45.689 -376.700 1.039
34.360 -93.306 -421.832 0.934
-20.142 -90.250 -427.792 0.882
36.747 -49.659 -425.791 1.134
17.864 -59.363 -300.024 0.917
-5.854 -96.237 -324.958 1.021
-43.809 38.859 -382.419 0.972
-40.868 9.058 -322.943 1.099
-7.129 13.574 -437.024 1.018
-13.839 -94.278 -437.437 0.938
-57.850 8.379 -369.846 0.989
84.667 17.362 -486.926 1.057
36.557 68.432 -333.343 0.911
49.020 58.518 -380.547 1.180
42.407 59.984 -392.771 0.991
-45.928 84.621 -305.201 0.917
64.600 54.869 -413.889 1.111
-29.913 -8.188 -330.245 0.995
59.853 6.997 -454.090 0.886
-97.555 -20.506 -362.191 1.102
-10.042 -64.411 -475.695 1.116
-82.273 -48.869 -394.039 1.058
15.403 -43.814 -358.875 0.959
-31.129 -90.075 -481.616 0.908
13.915 -7.133 -389.129 1.167
-56.889 27.703 -405.323 1.159
6.609 -94.872 -305.746 1.019
-13.073 94.987 -381.627 0.983
31.623 94.285 -301.252 0.856
-94.161 -8.775 -460.860 0.940
-43.883 -14.047 -345.337 1.151
-78.338 47.075 -332.561 1.030
53.555 57.484 -337.984 0.954
62.079 30.359 -449.957 1.144
-61.507 -49.706 -319.379 1.009
89.699 -74.167 -426.644 1.006
19.159 -69.322 -485.213 1.218
74.656 72.315 -348.528 1.157
20.155 -5.278 -454.468 1.018
-99.402 -37.443 -310.176 0.977
59.625 30.312 -394.909 1.092
-97.875 44.802 -321.271 0.767
99.754 18.369 -309.714 0.981
13.166 52.040 -417.108 1.021
-33.392 -0.337 -459.058 0.906
95.663 62.282 -458.351 1.141
7.892 90.530 -440.989 0.847
-85.226 65.749 -498.688 1.129
-90.480 82.042 -301.070 0.922
-41.968 1.680 -300.186 1.046
6.773 82.649 -328.247 0.861
-13.486 -95.200 -376.051 0.931
-82.977 19.590 -361.851 0.973
69.600 -24.565 -344.166 1.063
44.495 90.677 -358.717 1.239
-2.622 88.615 -462.168 0.839
-33.948 9.364 -310.704 1.074
79.247 -73.390 -324.634 0.846
-22.978 -89.092 -404.524 1.099
-39.004 49.180 -365.674 1.025
-52.824 -71.194 -419.499 0.932
-19.614 -26.981 -403.512 1.000
-44.834 7.924 -476.042 1.062
58.520 -59.078 -491.767 1.219
69.476 40.805 -396.338 1.052
-23.134 -48.188 -497.974 0.978
80.534 -48.592 -416.130 1.051
77.660 66.297 -353.874 0.933
95.769 66.561 -373.697 0.982
-15.324 63.590 -447.649 0.863
-97.495 78.557 -418.575 0.888
-82.479 71.505 -387.409 1.119
-85.845 -88.494 -495.655 0.949
73.915 18.954 -478.765 1.024
2.288 -99.175 -376.195 1.089
14.152 -67.283 -351.858 0.901
-15.317 -32.925 -419.797 0.948
-66.566 -12.570 -490.497 0.933
28.532 58.179 -314.372 1.083
-90.713 -74.407 -413.413 0.908
-16.829 95.514 -327.916 0.879
-88.773 -5.028 -370.301 1.143
-23.269 38.671 -318.642 1.128
-9.849 -34.835 -335.692 1.015
-95.051 40.845 -470.954 0.978
69.033 -34.473 -423.824 1.036
-39.707 -93.170 -467.132 1.192
-88.370 -3.968 -322.665 0.764
-43.076 51.255 -358.061 1.020
34.155 -82.163 -424.489 1.047
-71.071 -55.945 -405.294 0.857
81.967 74.802 -425.573 1.020
-96.786 57.867 -388.646 0.802
36.506 -20.071 -443.075 1.033
65.955 53.119 -382.325 0.843
11.879 92.297 -484.307 0.890
-97.239 -89.705 -400.026 1.041
40.721 71.464 -349.754 1.262
-50.798 -54.826 -419.640 1.187
40.100 78.373 -399.726 1.070
79.325 -33.731 -479.161 0.958
42.930 -1.984 -380.223 1.077
75.358 79.848 -373.258 0.778
-98.118 66.087 -396.767 0.946
-87.686 78.018 -377.304 1.089
11.753 -26.112 -443.574 0.897
-35.258 78.427 -300.381 0.980
44.152 85.301 -341.802 0.973
99.988 97.501 -495.148 1.091
83.221 90.870 -420.759 1.127
-53.557 19.822 -388.533 0.922
50.724 -86.705 -432.805 1.272
-64.256 94.440 -432.779 1.122
-66.490 40.781 -326.212 0.855
-53.304 50.319 -489.262 1.013
-77.049 88.150 -397.029 1.168
59.468 -83.834 -341.495 0.915
74.772 -82.487 -455.095 1.134
-7.377 -26.892 -429.994 0.934
99.974 -78.246 -467.532 0.925
91.700 60.141 -317.668 1.013
19.408 -44.540 -325.454 1.037
-26.513 -62.673 -310.411 1.220
-14.342 -45.816 -310.207 1.100
-32.448 -90.959 -400.747 1.030
74.306 3.728 -369.315 1.054
-47.373 -71.396 -316.490 1.076
-13.768 -26.417 -302.456 1.104
17.509 -59.677 -324.483 1.219
64.015 -90.809 -383.718 1.127
-94.318 77.187 -444.064 0.842
-93.718 20.956 -351.302 1.030
16.429 12.355 -388.399 1.100
26.925 -32.398 -383.110 0.792
-38.215 48.065 -384.788 1.056
70.631 78.768 -393.618 1.145
10.605 55.220 -309.016 1.166
-27.947 -28.668 -343.406 0.890
-12.350 53.964 -351.150 1.015
84.784 53.407 -395.805 0.865
72.917 -47.384 -360.918 1.014
-61.503 52.308 -324.376 0.779
58.556 -79.400 -341.325 0.816
11.973 24.341 -356.953 0.989
84.263 52.834 -310.289 0.938
61.118 87.076 -490.688 1.114
-17.962 80.824 -323.243 0.879
91.545 -90.124 -423.270 0.931
2.803 -98.862 -379.590 1.075
23.078 71.429 -441.625 1.176
44.724 19.805 -464.102 1.020
-26.828 23.771 -431.294 0.868
75.785 -32.798 -333.132 1.069
12.393 -83.672 -413.304 1.046
59.539 85.565 -427.360 0.877
-61.077 -38.282 -319.894 0.941
-46.844 20.574 -479.146 0.963
18.302 80.831 -330.300 1.016
29.488 -53.082 -383.554 1.149
-63.705 -56.610 -470.818 0.978
-68.593 72.010 -462.307 1.105
15.648 -72.162 -422.634 0.924
27.622 28.019 -402.998 0.758
71.636 -33.378 -456.925 1.061
-79.595 91.872 -414.659 1.027
22.131 -71.685 -334.384 1.150
-42.848 74.296 -381.793 1.128
46.577 68.144 -307.084 0.867
-12.289 10.710 -326.426 0.988
79.117 52.871 -451.611 0.953
-78.036 -62.365 -492.241 0.924
-37.817 -33.557 -449.956 0.850
64.828 -19.812 -435.581 0.943
-68.206 -91.029 -360.116 1.102
-6.155 -35.913 -403.964 1.077
74.863 -19.843 -497.697 1.086
25.153 -34.760 -426.002 0.785
-70.944 98.703 -383.225 1.055
8.799 -19.059 -367.050 1.242
-41.468 -96.427 -423.053 1.023
-60.777 -17.372 -349.410 0.954
32.877 -27.094 -483.067 1.020
-84.611 -2.168 -335.097 1.052
-16.912 80.720 -487.796 1.128
-14.757 -47.178 -307.419 1.016
81.723 -55.775 -465.226 1.098
45.005 -33.273 -345.480 0.800
-1.618 -47.498 -310.758 0.976
3.330 -87.697 -399.997 1.152
65.438 93.354 -384.152 0.887
44.369 -91.260 -403.729 1.029
68.102 71.884 -453.281 1.025
27.650 -73.888 -448.291 1.167
-7.512 -9.677 -445.599 1.135
-96.053 -44.194 -443.845 1.046
-26.644 91.649 -460.409 1.207
7.550 71.989 -498.709 1.025
94.226 46.452 -485.832 0.967
-61.741 -23.260 -356.824 1.068
65.786 -19.845 -361.102 0.898
-4.804 6.275 -313.676 1.029
0.645 11.997 -487.185 0.890
35.781 83.203 -435.694 1.029
-77.713 -42.112 -445.696 1.108
-43.313 -62.524 -479.941 1.166
-44.455 38.194 -365.287 1.015
1.147 30.849 -478.824 0.899
-72.305 -47.150 -497.927 0.991
74.831 36.648 -474.875 1.157
31.338 86.541 -401.393 0.901
64.766 73.962 -480.895 1.017
68.193 -11.390 -306.673 0.830
-0.950 15.768 -375.170 1.017
97.916 -83.215 -446.255 1.050
-16.293 -26.969 -441.284 0.854
78.670 41.620 -316.844 1.086
51.444 10.675 -376.949 1.003
17.126 45.907 -417.802 1.133
-85.897 10.962 -415.435 0.985
30.799 52.468 -337.528 1.088
20.644 9.833 -463.111 0.736
9.338 79.347 -340.016 0.955
-98.737 10.383 -468.142 0.962
98.260 -3.383 -432.164 0.862
-64.762 3.007 -417.744 1.070
4.992 -46.603 -456.056 1.098
21.139 -38.224 -313.018 1.038
-36.645 -46.376 -483.265 0.928
-46.939 79.686 -439.751 1.078
-40.397 58.265 -458.793 0.990
72.464 -15.099 -488.463 0.978
27.208 -68.123 -436.279 1.001
96.152 -74.294 -467.857 1.024
-3.883 87.819 -455.323 1.120
39.975 -99.940 -388.806 1.091
-95.810 26.597 -364.005 0.927
-15.562 -11.313 -445.490 0.968
-75.383 -11.427 -379.715 0.976
0.198 -23.637 -497.423 0.896
-32.176 -33.992 -467.308 0.906
-39.734 70.224 -358.906 1.067
-32.198 49.503 -431.595 1.072
14.996 -97.567 -364.623 1.058
19.120 47.083 -457.407 0.919
37.717 -77.485 -331.799 1.076
70.355 -82.096 -386.398 1.169
18.053 8.202 -498.482 1.016
54.898 -31.686 -462.371 1.111
36.542 26.577 -358.297 1.046
-16.594 -18.112 -337.572 0.998
87.506 6.227 -449.028 0.882
-90.996 71.531 -365.160 0.900
-4.402 -3.386 -391.002 1.072
-54.868 -46.592 -473.229 0.963
-30.595 15.370 -437.301 0.952
26.171 1.953 -426.664 1.014
-15.788 -63.358 -453.433 0.980
-59.802 -51.511 -473.940 0.878
6.223 7.400 -385.894 1.051
-57.911 -39.605 -356.959 0.883
-71.285 67.980 -387.383 1.184
2.361 39.294 -442.430 1.026
31.007 -91.075 -494.369 0.737
92.950 -1.876 -356.012 0.953
-30.731 97.142 -351.165 1.019
-77.586 29.839 -484.799 1.035
-65.063 0.492 -400.210 1.070
-93.537 -47.648 -312.986 0.973
-10.391 -96.493 -394.186 1.004
-98.974 -61.748 -337.227 1.105
59.818 51.902 -480.928 1.011
42.928 -95.752 -386.425 0.930
-73.097 46.954 -398.659 0.968
79.961 83.076 -328.662 0.861
-23.096 45.951 -375.510 1.209
-45.932 -92.787 -439.110 0.922
-22.611 -89.957 -470.203 1.053
12.100 11.527 -416.703 0.966
-34.930 46.737 -459.526 1.123
19.665 -6.389 -368.013 1.006
30.518 -16.179 -480.942 0.836
-47.082 75.274 -426.355 0.907
-15.470 -47.007 -481.353 1.122
55.610 -58.820 -476.117 0.977
66.411 86.184 -342.240 1.084
69.580 -16.628 -494.358 0.762
-30.214 -80.546 -498.531 1.144
-92.195 -99.996 -366.028 0.897
-51.101 -38.578 -351.541 1.049
33.231 72.032 -338.950 1.135
-6.413 99.231 -486.067 1.163
32.847 -92.601 -402.378 1.083
-15.278 76.467 -422.172 0.860
3.730 37.315 -423.796 0.997
66.149 77.766 -451.114 0.843
53.414 -54.726 -481.584 0.976
49.606 -61.786 -440.010 0.899
-47.983 -84.716 -320.934 1.127
25.453 -35.872 -398.257 1.025
-72.793 -93.138 -323.260 0.931
37.460 -33.742 -363.494 1.007
60.554 68.534 -355.128 0.932
-64.745 -66.929 -360.639 0.990
5.126 -71.404 -413.977 0.866
22.739 -97.869 -397.518 0.960
73.925 -19.391 -475.540 1.004
6.800 -14.447 -422.486 1.061
-32.151 19.727 -354.288 0.783
-96.561 -36.848 -471.697 0.968
-64.855 14.647 -329.876 0.873
-98.956 40.540 -300.785 1.020
46.183 -96.236 -338.941 0.980
9.600 34.943 -470.304 1.071
-73.493 -10.620 -485.041 0.910
64.599 51.005 -374.249 1.093
74.673 67.453 -469.444 1.015
34.255 -33.912 -379.207 0.887
-6.433 -82.186 -345.615 0.902
5.390 68.318 -331.451 1.108
26.786 -84.007 -341.135 1.001
-58.767 23.291 -344.477 0.957
39.540 0.261 -435.948 0.903
-33.845 68.611 -470.032 0.943
75.274 94.955 -411.203 1.104
41.739 -21.505 -349.537 0.961
89.670 71.760 -499.974 0.902
73.217 -97.304 -365.219 1.034
-11.087 92.254 -481.098 1.048
62.880 94.420 -469.173 0.896
-97.007 3.327 -361.949 1.178
-67.840 69.785 -468.711 1.130
25.487 94.344 -453.185 1.023
98.773 -85.322 -305.971 1.043
72.294 -60.151 -327.083 1.149
95.887 -64.010 -364.230 1.037
-26.400 -63.590 -352.084 0.943
55.234 -89.522 -399.158 1.017
-85.227 -26.376 -381.763 0.834
-81.701 -30.775 -310.421 0.899
62.372 -30.143 -409.951 0.996
52.384 -21.123 -474.348 0.915
-73.623 18.108 -327.467 0.991
-80.113 -53.900 -489.580 1.145
54.161 -19.410 -327.758 1.036
-42.128 -5.797 -457.469 1.232
-26.922 20.231 -390.575 0.964
-66.569 -67.170 -490.821 0.951
17.904 7.605 -353.332 1.079
26.272 -96.665 -372.825 0.950
-58.876 80.273 -454.851 0.921
-89.625 13.652 -382.826 0.995
-11.134 72.542 -418.407 1.059
-83.009 4.542 -398.832 0.887
-13.938 12.200 -438.274 0.930
-2.138 52.351 -361.820 0.998
59.563 99.407 -464.737 0.926
-6.502 48.078 -462.961 1.049
77.130 -79.990 -312.093 0.891
41.001 -77.575 -306.243 0.929
61.374 50.503 -450.494 1.015
25.435 66.373 -415.216 1.006
69.705 69.904 -384.362 1.160
-15.588 5.362 -302.212 1.147
-93.351 34.699 -325.889 0.966
85.862 10.745 -376.699 0.984
-14.249 6.087 -376.899 0.946
69.026 -78.935 -327.792 0.904
-86.325 12.311 -388.448 0.849
64.090 53.094 -445.000 0.995
-50.004 70.788 -434.263 0.937
69.210 -50.171 -445.205 1.079
16.254 44.687 -428.111 1.135
-94.875 19.298 -337.828 0.960
38.471 43.209 -343.664 0.898
-9.715 -42.682 -438.070 0.841
47.584 -69.240 -318.842 1.033
3.117 31.089 -416.146 0.995
0.025 11.839 -351.963 1.035
-27.148 65.247 -383.058 0.938
-50.453 78.882 -387.604 1.090
-72.213 -43.993 -381.358 0.968
-27.666 86.525 -388.223 0.774
52.721 -82.782 -447.366 0.804
55.580 94.870 -342.036 0.993
-37.281 64.496 -407.250 0.790
43.109 38.037 -319.277 0.906
-53.623 -42.595 -329.108 0.785
60.969 87.235 -472.299 1.037
-98.630 -15.311 -333.152 0.974
-97.763 77.504 -301.168 1.085
20.220 -35.132 -455.688 0.780
0.558 -96.838 -491.845 0.962
-52.326 -35.512 -403.190 0.879
14.959 -74.645 -416.502 0.982
34.826 25.752 -473.210 0.935
5.662 13.375 -317.830 1.144
57.976 -52.288 -494.235 1.033
86.740 -73.087 -421.326 1.016
57.410 -18.716 -365.149 0.973
-45.228 -8.059 -389.080 0.891
13.659 -40.396 -318.975 1.268
-33.513 97.777 -490.495 0.858
55.550 30.633 -300.400 1.039
-81.052 56.106 -425.163 1.052
-5.620 23.078 -400.167 0.979
-14.234 -26.440 -350.274 0.966
67.599 -97.748 -356.940 0.961
-30.035 -84.061 -394.699 1.124
40.410 -62.050 -408.496 1.014
50.097 9.334 -359.616 0.982
69.070 -38.800 -446.605 1.002
29.555 53.648 -366.157 0.906
70.302 22.773 -487.129 1.030
11.392 11.918 -333.437 1.039
-30.179 -85.137 -389.793 1.037
80.796 18.607 -314.885 0.765
54.559 6.703 -456.684 1.159
-13.375 -4.785 -462.852 1.036
-30.947 34.670 -376.821 1.251
0.249 5.710 -461.227 0.930
-52.596 -59.142 -316.661 1.066
-11.400 32.582 -331.673 1.093
-93.148 5.702 -454.754 1.135
-55.496 -93.085 -463.604 0.994
-39.323 11.463 -435.826 1.131
36.007 -72.992 -319.751 1.005
-50.984 37.701 -465.587 0.968
10.893 95.359 -490.275 0.942
76.790 -3.182 -324.834 1.024
5.875 41.828 -423.756 1.257
-18.218 -54.767 -338.002 1.069
64.509 83.443 -354.236 0.934
63.655 -86.836 -445.435 1.077
89.077 22.150 -385.356 0.889
-89.765 -38.090 -328.768 1.177
97.312 -34.554 -356.587 1.045
-99.662 -74.399 -486.017 0.888
-40.472 88.892 -458.172 1.019
91.145 75.526 -351.157 0.871
-84.370 -46.852 -452.560 0.936
-92.765 -3.224 -395.783 1.063
62.472 94.476 -330.097 1.070
