50.709 89.891 -407.056 1.084
-37.703 -34.422 -380.774 0.917
-77.005 -38.828 -401.455 1.036
-7.784 33.437 -457.398 1.036
-32.298 51.768 -439.367 0.999
16.467 -90.816 -389.008 0.928
-2.956 59.920 -486.294 0.991
37.746 96.770 -435.912 0.944
68.714 91.527 -384.288 1.118
-84.768 -80.863 -329.335 1.088
64.997 -7.188 -324.601 0.744
-72.544 -29.203 -434.960 0.902
-37.157 60.017 -305.122 1.075
19.019 -22.685 -332.517 0.881
-59.194 27.217 -346.280 1.214
34.203 36.605 -303.496 0.990
50.658 -71.457 -300.771 0.738
-69.054 -98.292 -363.660 0.902
-50.125 -48.197 -353.796 1.064
-88.889 -72.473 -426.737 0.963
-17.795 45.946 -382.629 1.016
-56.786 46.977 -456.265 0.951
1.057 80.747 -402.264 0.890
29.369 -81.811 -372.669 0.944
33.899 -93.019 -466.940 1.076
-1.147 45.262 -344.774 0.923
-82.126 -34.984 -420.677 1.010
-71.294 -36.556 -390.504 1.053
98.705 -93.501 -463.869 0.908
43.112 -31.179 -322.514 1.055
-66.214 -34.560 -375.419 1.100
-0.760 78.599 -466.594 1.122
-53.764 10.382 -346.822 0.882
-73.595 18.090 -486.429 0.998
-94.760 -32.409 -486.801 1.103
-89.990 -53.379 -451.881 1.070
15.571 35.881 -453.386 1.132
-88.141 -72.750 -443.571 0.967
-84.468 52.502 -402.844 1.029
29.010 81.112 -499.182 0.987
-37.652 57.511 -410.672 1.019
78.159 -96.473 -409.693 0.823
9.466 21.618 -326.634 0.859
80.920 -48.198 -357.351 0.871
-97.532 -58.916 -406.105 1.060
-11.567 39.876 -396.358 1.073
76.962 92.549 -340.633 1.098
-84.451 -25.585 -327.381 1.035
37.406 46.443 -339.034 0.880
91.075 -24.421 -320.861 0.968
-60.148 77.584 -424.627 0.930
62.975 -64.386 -399.280 0.977
73.610 46.109 -388.019 0.815
-30.038 -90.859 -361.603 0.897
-40.346 9.308 -325.626 0.966
-96.336 -23.171 -394.037 1.005
0.329 59.671 -419.312 0.821
-55.478 99.043 -382.620 0.987
93.902 66.919 -339.767 1.044
57.659 9.789 -305.712 0.988
-53.031 10.924 -408.377 1.200
29.635 47.784 -484.275 1.022
-37.113 8.743 -352.108 0.948
37.019 81.042 -376.253 1.179
6.983 -2.414 -314.689 0.954
54.945 87.237 -362.749 1.042
-90.548 -47.717 -421.138 0.836
-99.232 -33.005 -430.900 0.860
-4.666 -55.829 -476.577 0.863
30.274 15.954 -436.499 1.105
30.553 82.488 -424.975 0.977
-96.677 -67.851 -497.636 1.184
-10.060 -71.909 -354.681 0.990
93.432 31.132 -310.533 0.967
63.258 -80.746 -331.712 0.996
-63.594 12.730 -407.990 1.020
-7.086 8.834 -353.198 0.880
-81.577 11.146 -306.099 0.944
-54.974 -36.960 -461.702 0.966
-31.384 46.881 -349.205 0.972
12.926 69.306 -494.962 0.917
-18.743 -2.214 -317.605 0.985
55.323 0.996 -444.814 0.965
77.575 -58.522 -339.136 0.910
-73.277 -14.014 -355.661 0.923
50.657 34.277 -360.524 1.099
36.753 2.857 -307.556 1.055
-90.287 30.867 -311.772 0.926
-25.560 -83.542 -384.547 0.909
-39.504 89.919 -316.478 1.054
20.405 -42.157 -496.863 1.161
61.465 17.795 -352.464 1.000
46.949 -7.847 -321.358 0.866
-36.833 -33.717 -301.117 1.171
-22.453 -57.303 -324.748 0.954
-86.258 61.610 -452.764 0.783
-78.835 -2.882 -375.000 1.056
-37.824 -83.382 -474.609 1.165
-57.762 -63.607 -385.685 0.988
-18.034 83.820 -492.153 0.962
20.142 85.859 -309.066 0.711
91.909 67.991 -312.100 0.993
-56.567 -56.043 -438.871 0.971
43.108 -92.315 -491.766 0.912
-25.384 35.651 -315.974 1.135
71.403 79.879 -478.109 0.890
-63.686 53.130 -473.610 0.953
60.302 -16.444 -414.638 1.212
56.018 14.288 -344.326 1.049
98.295 93.054 -484.397 1.040
46.396 46.147 -412.092 0.914
41.027 0.220 -479.593 1.048
-87.291 -61.655 -410.031 0.972
-77.624 -62.272 -437.553 0.991
-84.869 -42.156 -389.418 0.884
-40.777 -18.169 -468.774 0.791
-69.902 33.719 -409.840 1.046
25.156 95.022 -306.948 0.770
1.198 -45.312 -350.240 1.162
-89.140 -15.572 -483.937 0.840
-20.098 -36.512 -454.207 0.976
57.542 -29.163 -425.762 0.909
-23.471 41.631 -301.294 0.901
-68.089 93.002 -332.025 0.867
49.105 -12.282 -389.574 0.876
-32.377 -69.677 -462.990 1.088
37.789 31.203 -492.940 0.897
27.099 95.677 -371.427 1.076
67.038 -52.430 -487.681 0.877
-2.392 -46.668 -402.985 0.816
75.377 83.543 -386.216 1.114
23.833 98.050 -466.040 1.089
10.208 -3.823 -416.724 0.910
34.511 -11.829 -421.637 1.036
-63.978 81.450 -304.899 1.029
-80.293 -33.951 -310.690 0.911
-37.456 82.669 -489.840 0.936
52.748 26.595 -392.091 0.934
72.158 60.897 -319.020 0.827
-99.588 -31.244 -489.302 1.028
67.849 45.736 -351.539 0.980
58.594 -12.216 -419.006 1.049
45.284 -53.220 -429.839 0.874
-67.111 14.222 -427.222 0.955
27.123 21.645 -328.479 0.915
-96.212 32.385 -493.549 0.924
-22.442 -76.875 -449.650 0.841
19.993 -22.122 -314.816 0.941
37.548 32.843 -404.681 1.017
-83.527 51.199 -403.199 0.995
-53.111 35.717 -326.108 1.074
5.140 79.525 -372.465 0.888
7.917 77.274 -497.971 0.950
-10.455 -70.764 -373.057 1.004
93.554 -7.870 -310.383 1.133
44.245 43.952 -420.996 0.944
-39.374 -26.534 -427.547 1.064
-23.966 -49.494 -312.789 0.931
21.556 62.504 -481.534 1.132
-7.436 -27.786 -365.383 0.992
-90.969 86.295 -387.101 0.983
-45.818 41.695 -437.733 0.973
49.265 -13.752 -485.733 1.029
75.777 28.946 -340.597 1.064
69.288 96.252 -403.230 1.028
-72.972 78.086 -363.820 0.960
10.001 -47.516 -429.631 1.155
-96.231 79.657 -497.389 1.050
54.320 -78.002 -389.583 0.818
37.444 86.290 -420.039 1.196
-26.866 85.559 -444.590 1.082
83.473 -86.368 -409.300 0.913
47.501 -39.752 -445.216 1.015
89.287 -49.858 -372.421 0.940
12.245 86.677 -383.427 0.842
-31.345 77.015 -329.216 1.136
-44.623 -10.918 -430.010 1.106
-48.200 9.708 -487.567 1.040
2.207 -71.697 -453.069 0.809
30.826 47.132 -364.394 0.994
-67.433 -89.163 -467.150 1.028
-68.968 -93.954 -310.058 1.146
-55.470 -6.457 -376.656 0.800
46.248 -81.743 -360.540 0.752
31.292 -60.178 -379.332 0.964
45.023 0.998 -448.845 0.974
70.567 74.021 -388.118 1.122
75.328 -40.177 -496.124 1.077
0.624 -49.474 -494.066 0.898
-19.011 -43.285 -303.993 0.992
-58.932 -90.201 -367.800 1.016
34.645 -40.664 -391.151 0.954
-60.389 -26.696 -414.257 1.218
-57.129 -6.895 -327.327 1.089
69.614 -81.836 -488.651 0.980
74.113 -83.299 -474.593 1.056
86.158 64.381 -333.926 0.745
28.775 -20.226 -314.554 1.204
86.436 80.144 -359.591 0.941
12.672 18.099 -456.214 1.032
-52.512 -89.999 -458.013 1.050
-45.495 -0.639 -433.409 0.920
18.968 33.996 -495.686 1.106
34.690 46.927 -417.765 1.250
31.580 -33.211 -383.618 0.958
59.617 -86.533 -465.108 1.109
-8.797 -91.862 -401.362 0.976
65.646 85.301 -343.359 0.901
27.310 40.829 -492.925 0.893
30.891 -76.203 -306.655 0.958
84.369 -23.483 -497.918 1.017
66.352 72.934 -432.594 0.930
-7.031 -33.367 -363.457 1.089
98.335 14.090 -301.149 0.977
17.308 -10.470 -325.549 1.034
-0.303 -20.961 -324.836 0.960
-44.689 94.123 -305.682 1.080
-66.890 81.863 -363.469 0.984
-61.033 -38.853 -303.600 1.013
44.375 -73.649 -332.179 1.118
82.365 70.027 -315.740 0.922
-36.492 -3.967 -496.241 1.113
61.247 79.127 -428.393 1.007
-90.596 4.922 -395.708 1.178
-34.185 94.510 -489.354 1.020
-95.466 12.131 -308.128 1.152
-47.945 25.764 -310.624 0.867
-21.948 54.299 -388.470 0.908
-87.886 87.796 -305.835 1.122
-10.847 -76.817 -417.958 1.034
-33.334 -99.032 -486.997 0.807
32.862 71.643 -310.056 0.998
31.162 -81.852 -329.820 0.875
9.072 -60.689 -369.239 1.040
45.933 -18.796 -362.717 0.937
79.173 91.209 -311.826 0.976
-91.135 -73.452 -496.061 1.055
-33.265 71.170 -404.936 0.922
-63.795 -32.003 -352.194 0.907
25.503 25.927 -472.334 0.900
-18.445 52.105 -324.850 1.196
-88.819 30.014 -395.247 0.782
-72.038 -98.249 -494.751 0.895
-78.113 97.273 -377.938 0.940
-27.271 24.058 -414.646 0.914
-98.677 49.176 -485.861 1.064
56.684 -96.525 -415.040 0.961
86.516 29.023 -455.428 0.893
-47.044 -95.583 -301.253 0.988
-47.979 67.354 -302.274 1.203
-70.811 -6.853 -371.564 0.994
-65.525 -27.291 -362.914 0.945
-6.393 -16.824 -395.429 1.029
2.760 -3.624 -430.203 1.023
17.787 -18.673 -477.169 0.952
49.351 -0.834 -336.386 1.008
-30.602 94.045 -322.141 0.951
-29.633 -33.061 -386.193 0.991
35.574 60.167 -357.190 1.009
56.043 49.839 -446.639 0.971
5.770 -16.179 -456.827 1.135
-52.677 -86.935 -416.095 1.091
72.998 -62.790 -498.799 1.121
-24.743 13.601 -370.397 0.844
-66.480 -23.542 -363.096 1.144
30.552 88.947 -475.240 0.820
-38.478 -10.347 -410.057 1.004
56.499 16.388 -318.074 1.072
-17.716 95.424 -305.748 1.064
-75.808 -98.214 -467.258 0.726
35.116 96.177 -374.700 1.033
61.854 74.825 -470.570 1.021
19.158 -29.788 -452.991 1.326
-43.689 -29.675 -491.848 1.110
66.573 13.977 -468.230 0.943
-13.175 -62.844 -452.971 0.904
14.746 -1.977 -422.096 1.076
9.899 -8.469 -426.098 0.848
-0.823 8.761 -355.462 0.851
76.063 -0.619 -434.545 0.860
35.779 -94.939 -466.994 1.062
66.440 49.785 -395.090 0.985
66.530 59.335 -486.719 1.073
-36.418 21.382 -311.169 0.918
24.100 -42.304 -339.380 1.062
12.457 -52.762 -361.984 1.009
29.023 90.557 -364.659 1.042
49.183 -91.543 -422.073 1.029
-17.198 -82.357 -385.177 0.953
-66.035 35.185 -384.668 0.946
95.758 -60.666 -307.376 0.785
91.596 -50.989 -388.596 0.965
12.033 40.676 -448.277 1.041
82.428 -31.159 -363.796 0.995
-70.836 -52.349 -456.219 1.069
-38.432 75.080 -331.561 0.828
-41.630 63.696 -476.301 0.738
-42.719 -34.867 -364.594 1.091
70.942 -5.354 -326.904 1.027
70.338 69.135 -312.221 0.917
-38.519 72.536 -358.085 0.985
79.606 -99.195 -496.309 0.989
55.658 -34.142 -448.234 0.992
-45.692 52.838 -395.034 1.034
-53.134 24.525 -493.367 0.988
2.876 -76.497 -419.288 0.957
-45.816 49.658 -482.211 1.075
-60.272 -97.186 -360.681 1.059
6.546 81.204 -316.661 1.025
-75.693 -30.430 -314.137 1.035
77.513 52.956 -356.744 1.123
-66.641 -72.655 -314.125 1.073
-32.599 -41.795 -471.593 1.084
-99.553 -73.683 -492.013 1.054
-13.458 22.794 -462.923 1.068
38.893 -31.370 -375.173 0.915
98.051 20.135 -431.080 1.013
-69.411 49.084 -388.302 0.927
-94.907 14.352 -310.404 1.134
12.080 -3.105 -347.806 0.866
77.834 -54.299 -447.668 0.857
-76.956 -78.202 -303.073 0.822
-56.923 -52.559 -491.289 0.794
44.484 81.081 -347.287 0.990
-40.668 77.931 -369.947 0.940
3.809 -39.286 -350.805 1.065
44.395 -77.259 -315.583 0.856
64.883 49.298 -437.948 0.975
-80.109 -97.376 -461.078 0.926
-7.459 -4.612 -498.412 0.762
5.146 25.316 -309.442 0.970
27.312 -55.163 -433.063 1.037
-29.677 -56.303 -372.834 0.923
98.686 3.126 -437.729 0.838
40.256 -96.991 -486.199 0.857
16.810 68.368 -315.841 1.161
-43.303 68.747 -368.351 0.894
85.381 -69.362 -429.670 0.974
92.287 28.636 -418.417 0.929
-42.569 62.322 -465.569 1.073
23.606 40.043 -466.015 0.980
21.987 -5.055 -364.296 1.178
44.887 62.876 -434.264 0.968
-18.739 -95.342 -407.452 0.989
54.452 -34.732 -330.705 1.065
-75.394 -2.792 -409.686 0.925
94.378 50.125 -474.812 0.915
40.398 -72.560 -475.819 1.066
35.110 -55.984 -352.167 0.903
28.937 41.252 -321.847 0.993
-72.630 -61.066 -489.750 0.903
4.657 85.413 -311.797 1.092
-89.958 -19.384 -306.325 0.947
-32.615 44.614 -406.849 1.122
16.646 69.671 -457.236 0.993
-44.382 -80.025 -345.211 0.925
-87.106 -24.013 -303.493 0.961
25.143 -25.771 -411.604 1.065
-1.556 49.134 -466.970 1.060
-62.872 -98.530 -488.075 0.917
-45.768 11.745 -383.678 0.923
40.375 -85.749 -323.212 1.075
21.991 -28.247 -490.514 0.929
75.551 -27.409 -377.467 0.831
59.992 -80.733 -459.301 0.962
-86.968 -12.565 -438.221 1.101
56.531 -21.347 -336.123 0.904
-12.104 55.905 -470.740 1.155
15.573 55.452 -491.355 1.067
-9.390 -49.816 -338.893 0.839
85.447 -39.991 -331.787 1.007
-49.137 95.150 -340.205 0.906
88.042 -81.447 -491.663 0.740
41.546 95.860 -444.564 1.112
-41.307 -93.190 -304.010 0.996
50.339 71.153 -485.820 0.946
-0.428 -56.224 -346.509 0.876
-27.580 79.437 -361.617 0.955
36.806 -51.770 -466.518 1.064
0.085 -32.024 -438.374 1.175
-87.576 0.911 -339.351 1.050
-51.698 -1.647 -364.693 0.990
-52.592 0.606 -446.456 1.126
-70.873 -18.224 -416.396 1.055
-39.962 10.177 -367.856 0.796
96.565 -48.107 -493.646 1.139
-7.694 98.537 -349.771 0.933
-83.353 -73.165 -314.119 1.025
39.780 -10.935 -408.249 1.153
-11.940 -34.535 -315.832 0.918
-54.400 -21.187 -395.768 0.927
98.395 -7.255 -390.103 0.865
-34.483 37.479 -311.894 0.982
58.181 -84.121 -344.444 0.931
-88.927 -8.182 -451.610 1.107
-12.269 33.098 -484.699 1.018
47.398 -17.584 -446.193 0.831
-13.277 -2.517 -348.965 0.934
89.051 99.132 -331.630 0.965
36.557 77.051 -440.443 0.882
8.399 39.916 -398.247 1.082
-27.873 -2.790 -317.272 1.007
18.538 69.626 -499.632 0.936
10.525 94.225 -387.106 1.152
92.868 73.508 -401.768 0.963
-50.376 7.008 -341.173 0.973
90.072 8.281 -402.392 1.077
19.350 -98.476 -309.857 0.955
-85.958 -79.019 -302.668 0.834
1.565 -6.378 -489.987 1.042
12.122 -24.213 -320.604 1.110
-23.495 59.791 -341.132 0.774
-12.920 2.045 -482.739 0.914
-99.960 -4.523 -350.182 1.000
-53.168 29.343 -413.160 1.057
66.721 77.133 -410.627 0.885
16.247 -48.100 -350.207 0.999
-95.759 -12.230 -327.145 0.986
6.065 -76.938 -367.077 0.987
95.009 76.886 -474.062 0.931
89.382 19.364 -480.343 1.035
38.970 -80.143 -396.868 0.954
52.674 -51.332 -493.939 1.024
-37.232 10.819 -466.139 0.965
90.061 -53.331 -454.562 0.996
11.257 -95.238 -470.238 0.966
22.716 5.677 -312.768 1.101
-67.728 -59.651 -415.512 1.039
82.883 -12.106 -389.073 0.873
-73.859 55.920 -489.188 0.928
84.820 50.232 -377.352 0.924
-59.321 -59.052 -428.339 1.059
-40.631 9.379 -313.243 1.024
47.535 -82.568 -360.232 1.126
-42.356 -28.940 -460.558 0.975
20.772 -20.034 -492.036 1.013
86.375 -9.070 -435.983 0.925
98.213 5.349 -339.400 1.026
47.029 97.933 -433.950 1.100
-83.802 34.109 -304.819 0.894
-67.077 34.956 -410.380 1.021
-76.565 83.836 -328.629 0.969
20.599 31.967 -324.386 0.991
-83.414 9.288 -461.153 0.909
95.084 88.758 -345.835 0.898
-98.896 -22.081 -362.005 1.036
72.836 56.143 -490.134 1.054
-98.520 -62.718 -427.308 1.064
80.809 12.607 -396.294 0.926
59.374 41.589 -470.740 0.888
71.092 -86.846 -408.609 0.837
-31.273 -45.344 -334.321 1.040
94.922 -1.828 -452.118 1.049
55.791 36.815 -388.697 0.952
34.512 -51.449 -472.514 1.143
-47.981 -44.933 -466.309 1.153
41.987 -20.434 -321.071 1.045
-92.754 70.420 -340.496 0.926
-8.678 35.284 -356.901 0.987
44.358 -23.715 -469.337 0.968
-13.993 -26.984 -484.882 1.085
-66.810 -50.671 -499.231 1.058
-48.564 -85.824 -318.419 1.082
-2.930 57.133 -404.968 0.997
-95.310 75.351 -388.493 0.862
-91.777 -56.516 -466.877 1.009
90.496 74.560 -496.613 1.079
68.694 12.421 -479.733 1.052
20.435 15.197 -448.176 0.864
-61.061 -33.503 -316.163 1.184
-6.459 48.991 -312.106 0.891
25.827 -21.464 -437.469 1.174
-60.514 -15.587 -494.714 1.048
90.402 59.331 -426.604 1.073
-83.140 -82.357 -480.073 1.032
39.469 47.231 -381.078 1.032
47.782 -54.917 -495.676 0.998
-53.020 -66.546 -499.298 1.057
-85.156 -2.606 -442.103 1.007
91.304 79.072 -408.322 1.137
68.537 -10.145 -397.027 1.162
43.879 -79.908 -415.574 1.030
-22.271 -34.486 -353.613 0.966
12.888 -34.922 -371.553 0.819
-14.171 -74.946 -375.670 1.062
48.635 -50.721 -411.844 1.169
65.439 9.201 -329.756 0.985
22.117 8.167 -362.073 1.083
39.314 -30.898 -385.195 1.035
2.470 -39.019 -366.570 0.942
95.239 -58.179 -427.134 0.905
12.080 -24.007 -345.030 0.997
-29.644 -95.042 -315.130 0.972
21.330 -19.674 -345.367 0.923
-99.793 33.993 -456.624 0.991
-85.545 7.800 -469.423 1.026
-78.306 -33.402 -301.973 0.971
-58.268 -42.844 -450.817 0.894
5.345 51.985 -302.460 0.980
-7.943 -81.221 -356.306 1.106
-70.951 -89.155 -474.085 0.944
28.138 -15.482 -407.224 1.076
82.134 30.135 -316.375 1.062
-40.864 18.694 -499.671 1.091
-6.718 57.861 -463.294 0.961
-91.498 -82.005 -441.126 0.935
35.494 76.757 -474.608 0.925
-83.804 -24.041 -404.156 1.142
-61.933 72.240 -308.057 0.946
28.659 6.829 -310.707 1.040
-84.735 77.174 -473.248 1.066
4.136 -57.200 -431.644 1.084
-97.346 28.418 -300.456 0.955
-41.182 -70.532 -467.118 1.015
-19.280 49.320 -462.326 1.161
-12.608 66.894 -313.504 1.091
51.533 -41.592 -494.359 0.973
6.954 97.395 -383.571 0.998
-44.118 71.294 -422.868 1.018
-24.917 0.365 -329.895 1.072
93.534 -50.087 -437.809 1.218
-9.418 -73.725 -390.342 1.001
-10.924 -40.283 -433.396 0.988
0.460 25.574 -377.854 0.960
50.089 -19.096 -423.031 0.995
-66.270 66.720 -453.431 0.953
23.471 85.666 -395.660 1.021
-89.067 69.085 -427.248 1.088
5.551 -57.942 -477.922 1.022
37.107 97.081 -492.651 1.012
93.270 -46.783 -334.098 0.924
-41.303 -52.348 -483.653 1.140
26.947 75.613 -444.775 0.984
-64.235 -84.019 -391.758 1.044
62.445 -3.592 -344.817 0.945
57.402 -86.158 -302.553 0.993
82.395 60.968 -320.317 0.838
-52.998 -79.413 -420.561 1.180
-46.259 -31.353 -323.723 1.036
7.135 -23.941 -363.791 0.998
-82.656 -6.148 -387.515 0.924
-81.440 -21.713 -339.841 1.025
60.444 18.212 -418.041 1.065
-97.659 83.423 -497.934 0.968
51.849 29.079 -477.728 0.948
55.663 12.932 -344.226 0.864
50.293 -3.007 -369.438 1.006
-82.422 -30.003 -331.143 0.963
36.347 -36.414 -358.509 0.914
-68.110 69.466 -459.117 0.987
10.120 -18.293 -359.608 1.152
47.771 -52.723 -479.980 0.922
-75.456 0.559 -413.908 0.890
52.724 -23.906 -355.340 1.047
-76.166 57.549 -397.631 0.922
-97.721 32.733 -480.721 0.862
45.461 -28.066 -324.245 1.115
-39.312 81.410 -319.240 0.984
-93.926 38.150 -488.400 1.180
32.544 -79.538 -487.788 0.956
-78.927 92.814 -382.514 0.793
-84.796 -69.925 -365.529 0.802
8.763 67.452 -406.049 0.987
-48.021 -7.072 -329.416 0.947
-58.800 -77.469 -425.323 1.047
-71.001 -59.279 -489.258 1.127
37.203 -39.124 -478.121 0.865
-11.344 9.427 -462.912 1.147
21.895 25.933 -499.830 0.951
84.669 -92.211 -417.349 0.975
57.041 9.134 -446.486 1.047
-60.258 98.405 -393.028 1.108
32.756 -85.638 -442.046 0.881
-20.305 88.238 -430.976 1.027
74.443 58.416 -477.291 1.151
83.005 -3.470 -468.718 0.937
3.997 16.816 -301.572 1.021
-36.290 -90.406 -452.054 0.842
47.740 -29.454 -403.651 0.854
72.595 21.255 -419.747 0.866
49.199 -8.500 -445.590 1.108
98.153 -63.592 -392.847 1.078
-89.521 -76.368 -424.647 1.024
79.012 1.265 -366.469 0.938
-90.392 35.094 -307.982 0.952
89.187 -75.214 -388.556 0.993
-84.616 -23.235 -441.019 0.960
-37.048 71.414 -409.494 0.917
7.641 55.596 -402.836 0.941
-16.122 40.281 -383.899 1.047
-93.897 -87.681 -457.987 1.112
-81.327 47.269 -318.551 0.930
-71.068 90.257 -374.093 0.928
-49.219 12.915 -336.234 1.045
15.493 -7.977 -325.401 0.974
-29.373 -48.115 -340.628 1.044
-22.747 -41.410 -398.262 0.968
-25.746 35.017 -400.531 0.794
34.717 21.880 -332.905 1.203
80.113 -22.278 -335.835 0.936
-31.489 72.302 -424.893 1.050
30.553 91.249 -436.575 1.019
-9.480 -61.987 -388.625 1.031
-12.986 33.080 -399.845 0.836
-31.745 74.022 -412.052 1.046
-71.921 37.121 -300.539 1.322
-97.915 -83.430 -384.745 1.125
-89.502 61.163 -425.356 1.065
14.027 -93.291 -475.344 1.104
66.884 11.087 -425.470 1.057
83.699 -22.157 -364.296 0.888
76.882 20.028 -433.951 0.979
87.998 74.587 -380.570 0.895
-64.080 -41.063 -419.564 0.970
-79.985 -57.564 -429.408 0.949
-75.842 -47.766 -474.343 1.079
60.860 -99.743 -415.083 1.022
71.576 -56.147 -309.532 1.038
-65.222 -16.973 -481.936 0.844
-57.529 -33.591 -334.848 0.901
-65.483 -19.633 -424.830 1.012
97.767 -33.217 -382.564 1.004
-93.637 14.056 -309.789 1.007
-79.479 -72.859 -352.863 1.091
-74.951 0.469 -411.062 0.953
-11.631 -30.259 -335.262 1.060
-93.270 -37.447 -316.172 1.069
45.821 -74.647 -300.195 0.909
81.443 -90.688 -406.650 1.107
28.429 52.649 -475.458 1.213
-65.696 15.984 -338.292 0.892
44.835 49.046 -428.154 0.926
87.583 60.432 -478.670 0.970
99.191 -39.633 -467.065 1.105
12.161 62.551 -421.272 1.072
0.947 84.744 -459.475 0.921
2.367 49.369 -374.760 0.928
-24.658 95.120 -348.495 1.051
92.282 26.982 -483.316 0.834
-92.521 0.118 -379.607 0.869
32.622 -74.181 -318.365 1.154
-6.465 24.991 -371.562 1.213
-86.516 7.897 -438.879 1.107
88.916 -84.120 -403.363 1.197
-59.509 -56.170 -323.014 0.870
-58.757 -98.991 -432.309 1.046
94.844 -38.032 -484.143 1.087
-89.698 36.751 -336.887 0.963
19.859 26.678 -405.778 1.129
-94.820 85.059 -395.026 0.915
-45.199 -13.707 -307.421 0.865
81.354 -3.920 -362.516 0.951
33.095 -72.473 -341.039 0.965
-20.513 80.515 -479.364 1.008
-96.853 27.824 -378.429 0.967
-40.213 -61.406 -359.433 0.789
32.491 -89.902 -431.999 0.913
-66.903 -43.690 -367.608 0.989
-1.829 -39.036 -403.977 1.013
97.845 -74.008 -336.119 0.977
-2.570 -9.180 -376.292 1.022
-60.172 37.837 -471.941 0.877
74.905 -41.417 -333.788 0.879
-72.201 -96.672 -389.006 0.802
-32.622 93.986 -383.908 0.896
23.531 -56.827 -395.071 0.970
-18.290 -18.985 -377.135 0.769
-82.654 95.228 -346.058 1.177
28.603 -80.390 -344.888 1.079
-85.265 -81.498 -326.205 1.039
-84.190 -22.672 -403.179 0.993
71.493 -5.908 -353.565 0.704
23.847 -66.127 -387.669 1.011
-41.364 -93.407 -307.021 0.979
-51.379 -32.821 -441.754 0.915
13.497 -45.836 -325.547 1.128
94.504 -81.746 -491.410 1.147
95.275 50.567 -331.557 0.930
30.042 -3.814 -452.043 0.973
-86.557 -88.467 -489.481 0.845
-73.379 68.229 -330.672 0.982
-91.717 -83.023 -373.701 1.058
27.305 -82.444 -428.021 1.118
-29.609 -28.216 -365.888 1.033
-72.264 10.330 -414.834 1.001
-91.829 43.117 -466.585 0.882
-57.973 48.747 -336.374 0.964
-24.599 10.490 -385.714 0.992
-67.200 -37.303 -358.375 0.925
-12.248 -18.571 -364.099 0.955
5.378 90.382 -318.620 0.858
35.558 68.911 -336.292 1.023
57.904 87.301 -395.253 0.941
60.038 -14.573 -389.500 1.029
-55.012 24.196 -333.167 1.027
-3.627 22.907 -399.889 0.995
51.015 -42.626 -475.139 0.826
-64.310 95.568 -470.403 0.939
-9.321 -13.498 -447.171 1.094
-35.465 -2.597 -403.201 0.997
-54.255 -5.998 -452.036 1.019
-49.104 -16.497 -350.330 0.909
54.884 -74.537 -370.692 1.009
-9.311 71.939 -392.024 0.909
-55.106 36.668 -479.769 1.060
39.357 36.653 -359.619 0.935
-14.980 -36.703 -413.826 1.011
-45.111 -21.317 -336.755 1.126
2.048 82.524 -420.938 0.919
-6.541 34.476 -445.679 0.899
-95.062 -80.647 -300.738 0.995
85.319 -68.138 -486.336 1.058
4.973 62.884 -484.465 0.975
-29.119 4.652 -493.721 1.044
-23.561 34.075 -404.972 1.006
61.883 34.811 -485.926 1.030
-38.495 51.627 -464.373 0.874
-46.281 -93.330 -383.069 0.963
69.888 25.715 -366.027 1.109
41.077 -13.794 -495.390 1.130
-43.991 47.898 -330.067 0.972
98.246 92.605 -382.112 1.104
-14.744 -13.058 -486.717 0.997
58.216 49.608 -426.242 0.860
-22.878 -28.692 -472.802 1.051
47.551 28.584 -346.284 1.078
62.107 52.002 -395.860 1.023
-5.311 -29.523 -379.784 0.965
73.683 1.989 -322.033 1.053
-84.839 -31.785 -471.632 0.947
-61.509 66.669 -366.882 1.153
77.735 13.358 -399.659 0.955
36.104 -71.034 -437.931 0.911
70.952 61.605 -366.594 0.954
-81.535 13.837 -486.244 0.932
55.649 -7.847 -466.637 1.150
1.309 -73.060 -323.132 0.966
-82.682 73.533 -383.038 1.046
-96.476 -37.887 -338.035 1.018
7.147 -28.798 -488.426 1.026
-65.770 -7.482 -459.610 1.096
89.727 -52.211 -376.188 1.137
85.311 -32.793 -439.009 0.990
-19.531 7.658 -427.151 0.865
-2.045 7.255 -424.790 0.907
71.610 5.989 -450.786 0.997
1.123 42.889 -404.440 0.982
-44.003 -45.955 -314.102 0.947
-11.256 -90.200 -415.601 1.000
98.651 -78.395 -373.721 0.953
-33.592 -39.872 -477.432 0.978
8.034 27.325 -442.025 1.185
-12.275 37.822 -387.127 1.161
77.958 14.454 -460.137 1.057
56.713 69.915 -354.468 0.801
18.027 -13.912 -355.763 0.807
50.386 19.096 -309.434 0.867
-91.951 70.559 -398.424 0.988
-67.466 -55.966 -372.996 0.866
-64.639 51.366 -411.852 0.897
17.828 75.886 -427.033 0.889
-3.414 66.695 -399.846 0.900
-76.402 32.329 -457.207 0.730
-32.688 42.024 -490.467 1.024
87.320 -73.833 -479.382 1.064
29.164 96.946 -302.574 0.999
-2.930 59.285 -345.197 0.865
-42.510 44.743 -381.697 0.866
76.989 82.999 -459.210 1.041
89.911 -4.829 -414.738 0.883
30.272 27.356 -325.187 0.987
47.433 -5.670 -486.585 0.986
80.935 45.090 -307.664 0.934
20.092 67.312 -455.752 1.005
21.058 -50.549 -485.991 1.122
-47.704 46.997 -386.659 1.132
8.800 47.923 -414.296 1.022
-64.525 32.166 -307.601 1.111
-67.098 -90.161 -491.148 0.919
-4.191 33.695 -381.161 1.033
-29.022 -99.683 -426.698 0.886
92.064 -55.841 -437.475 1.095
-68.158 -11.259 -473.012 0.898
51.393 73.559 -468.793 1.027
96.203 78.178 -311.465 0.827
97.970 74.176 -317.513 0.948
-98.913 -3.284 -387.332 0.911
-23.694 -47.595 -417.353 1.074
0.983 -45.566 -498.671 1.080
81.612 -49.720 -437.248 1.046
65.069 -50.701 -436.182 1.142
20.836 -31.615 -319.007 1.010
79.796 45.670 -324.526 1.319
66.522 -6.989 -379.573 0.970
-43.085 -69.921 -433.023 0.938
-52.092 -67.834 -493.756 0.989
71.852 20.094 -356.906 1.048
83.036 -92.964 -395.935 0.945
68.063 96.409 -425.441 1.013
78.500 -31.353 -325.270 1.049
24.572 -56.463 -448.914 1.162
33.693 -17.692 -494.966 0.844
-49.812 -38.417 -353.265 0.951
-35.928 -80.986 -466.380 1.002
93.321 64.913 -433.740 0.968
-57.248 -20.601 -387.476 1.051
-99.696 -98.788 -446.851 0.884
-27.521 -6.701 -372.840 0.965
-10.222 -73.416 -361.074 0.893
8.012 -39.954 -332.955 1.135
38.957 39.740 -417.957 0.975
44.856 -27.116 -351.608 1.066
-1.835 -51.484 -390.268 1.064
-93.469 -94.215 -392.350 0.987
-76.016 -88.476 -323.091 1.045
14.472 -92.527 -478.394 1.080
-74.519 -72.562 -335.945 0.978
8.555 17.051 -494.623 1.011
-99.207 86.048 -417.117 0.749
96.033 47.523 -458.748 1.027
-66.626 93.527 -420.018 0.997
-82.513 18.867 -429.380 1.036
61.745 95.873 -357.936 0.922
63.135 -1.564 -321.646 0.964
85.681 28.280 -314.987 0.840
-56.719 98.594 -316.040 1.239
37.347 24.566 -420.611 1.077
45.399 12.581 -407.391 0.898
77.909 -83.571 -433.894 0.812
-38.224 3.560 -302.464 0.957
-2.342 -42.856 -363.666 1.041
-73.398 99.129 -449.158 1.022
-50.617 78.214 -437.496 1.112
-86.657 34.469 -449.790 0.907
-47.023 31.379 -495.515 1.052
98.335 21.972 -448.724 0.786
25.697 -20.375 -488.196 0.996
-15.118 -30.061 -401.412 0.994
-27.337 -16.900 -482.618 0.952
-74.190 19.044 -380.715 1.040
52.238 -10.171 -418.106 1.118
-3.760 38.527 -419.839 0.933
-75.707 29.910 -302.785 0.970
92.482 -24.251 -458.428 0.881
-38.386 -1.290 -390.923 0.979
25.050 67.189 -481.481 1.110
-83.818 -29.787 -442.226 1.029
78.287 -98.434 -320.845 1.108
-57.465 -6.396 -393.467 1.125
28.881 -9.837 -457.491 1.098
35.320 -87.651 -372.519 0.963
42.445 59.034 -308.363 1.018
-94.807 -62.877 -484.451 1.003
87.065 18.232 -334.680 0.929
47.739 -94.083 -491.019 0.833
89.727 -28.277 -393.537 0.953
25.405 10.663 -459.444 0.784
11.892 52.347 -307.444 0.940
12.266 18.097 -475.757 1.004
63.941 -51.132 -397.306 0.931
27.670 -33.924 -371.058 1.082
-54.877 35.100 -331.264 1.009
94.194 -7.832 -385.609 1.057
4.101 85.322 -474.166 1.071
-10.928 23.818 -425.330 1.191
93.378 4.309 -349.518 0.905
59.445 -58.628 -494.808 0.996
-30.559 88.483 -493.760 1.100
25.281 46.530 -337.187 1.086
-34.162 -50.025 -300.059 0.883
-18.830 56.627 -307.052 1.114
67.173 63.396 -387.786 1.065
82.405 -1.988 -487.021 1.125
86.770 37.787 -349.451 0.890
-11.778 -90.186 -370.527 0.918
-15.362 6.354 -461.319 1.036
-20.312 -15.338 -434.484 0.951
-98.805 28.483 -477.959 1.054
39.369 -65.115 -488.686 0.897
51.706 -55.696 -326.461 1.058
5.565 25.610 -381.966 0.786
-65.215 7.258 -373.851 0.858
-78.393 47.020 -462.604 0.912
-66.322 -38.998 -499.549 0.917
-46.201 39.162 -387.752 1.017
21.130 39.969 -359.185 1.024
14.917 -8.749 -340.906 0.799
10.848 -42.712 -406.447 1.014
-76.601 77.503 -363.909 0.996
-89.899 76.623 -449.647 1.035
-23.360 -96.451 -355.271 0.902
-19.518 74.583 -423.811 0.971
51.875 41.350 -462.337 1.018
-42.548 41.438 -438.609 0.929
67.630 -80.359 -357.177 0.838
-69.847 78.426 -331.783 1.137
1.633 44.895 -303.251 0.863
-11.071 -42.839 -478.814 1.067
1.805 86.817 -303.922 1.145
97.013 -6.669 -474.879 0.878
-59.605 -28.999 -471.634 1.066
33.222 -28.112 -308.982 1.153
-51.560 -84.255 -476.645 1.138
75.755 76.906 -393.035 1.093
-57.897 -28.354 -332.738 1.136
-15.583 21.863 -325.465 1.068
-15.027 -3.760 -452.396 0.974
30.928 53.991 -391.243 0.861
-54.049 24.782 -445.524 0.955
-30.769 33.478 -397.331 1.017
-84.580 33.830 -498.612 1.162
-93.754 82.212 -393.616 1.019
67.253 34.728 -456.681 0.969
-32.360 67.719 -377.669 1.026
60.942 -22.068 -321.638 1.024
90.273 93.610 -363.899 0.860
9.529 36.987 -307.555 1.006
-21.134 10.240 -489.271 0.897
2.398 -53.112 -491.936 1.102
-20.207 -29.993 -490.913 1.070
23.433 6.729 -493.121 1.048
78.844 -59.577 -426.384 1.129
28.162 -35.543 -371.228 0.917
58.101 -71.479 -304.877 1.009
7.677 72.610 -470.291 1.104
-16.692 -51.280 -340.214 1.017
-52.623 -89.906 -418.551 1.061
-44.599 10.402 -342.660 0.868
43.380 -82.252 -301.443 1.029
-3.812 -46.729 -483.755 1.112
-37.995 -49.213 -454.753 0.916
-18.830 -19.032 -486.912 0.999
62.469 52.136 -318.430 1.242
18.021 -53.070 -477.454 1.067
11.084 -12.454 -395.566 1.183
23.748 58.704 -420.962 1.064
-39.676 -24.013 -390.845 1.025
-83.788 -97.855 -350.721 0.889
-25.162 -76.027 -492.057 1.052
44.612 39.338 -481.407 1.216
-43.126 -0.922 -304.449 0.978
47.195 -72.552 -311.403 1.011
-69.485 -16.918 -448.825 0.966
56.747 85.052 -393.112 1.118
-78.544 -59.501 -317.648 0.996
22.096 -73.278 -485.791 0.978
-24.280 30.536 -356.088 0.966
97.854 72.152 -462.281 1.051
21.204 -50.803 -367.436 1.184
-61.690 -34.511 -490.903 0.972
-2.414 25.160 -364.049 1.048
-87.757 54.866 -492.987 0.995
75.352 77.465 -471.956 1.055
18.083 68.569 -360.289 1.061
4.159 -37.432 -449.066 1.129
-66.235 52.500 -421.014 1.210
80.371 -66.465 -483.651 0.903
-67.151 27.309 -308.908 0.885
-16.715 74.849 -472.791 1.085
-81.165 -4.548 -420.614 1.108
-72.286 70.744 -494.464 1.163
19.482 73.918 -488.209 1.031
88.351 52.505 -418.238 0.937
8.289 -3.045 -370.258 1.057
-28.747 -74.365 -467.097 1.142
89.993 64.526 -330.783 0.911
-97.941 70.913 -300.274 0.911
-25.138 -91.896 -321.312 1.044
24.036 -86.499 -337.856 1.060
-3.882 11.706 -349.646 0.865
-91.068 94.216 -477.559 1.012
-81.529 -14.190 -356.936 0.981
40.868 -90.703 -399.926 0.950
28.688 -13.552 -468.380 1.120
79.603 36.668 -495.263 0.873
-37.222 -50.042 -382.574 0.902
11.740 -65.560 -481.264 0.913
-22.814 -71.838 -337.091 0.940
-84.985 -45.836 -400.298 0.798
72.040 -51.638 -483.663 0.906
31.848 -84.233 -456.583 1.095
-44.146 -20.711 -398.696 1.003
-55.602 -16.421 -404.791 0.974
91.865 -22.843 -459.665 0.898
-60.838 -85.535 -309.970 1.098
80.232 98.205 -414.223 1.089
13.818 47.276 -472.072 0.826
-61.463 -58.769 -450.803 0.937
-49.161 -2.487 -462.571 0.993
-46.954 87.525 -382.708 0.980
37.982 -18.303 -386.075 0.943
10.291 98.176 -309.679 0.947
-56.893 -86.286 -360.899 0.896
-16.110 -96.045 -371.093 0.960
-3.061 -39.679 -359.628 0.923
-81.257 -32.480 -422.657 0.904
-98.494 -48.438 -491.163 0.972
70.041 -87.536 -463.603 0.893
36.872 -15.754 -316.411 0.922
32.002 24.935 -309.695 0.997
