65.503 44.454 -319.092 1.042
-16.705 -75.605 -442.799 1.037
-64.433 65.320 -350.466 1.016
-69.535 46.211 -316.130 0.837
-99.253 88.742 -375.517 0.998
22.967 49.907 -460.994 1.078
-94.673 55.888 -450.511 1.085
-11.576 64.759 -427.052 0.938
-0.404 4.871 -435.822 1.047
68.936 77.097 -469.848 1.000
49.043 -50.027 -334.652 1.112
-2.328 -55.573 -449.180 0.901
-83.943 28.385 -490.185 1.047
-58.397 16.115 -339.876 1.082
-23.605 -6.806 -488.600 1.101
83.350 21.331 -425.864 0.925
29.068 14.314 -492.951 1.019
-26.502 -63.335 -383.739 0.908
21.102 67.204 -327.274 1.051
11.448 90.268 -314.501 0.989
-10.268 -70.816 -449.312 0.922
-3.644 78.897 -362.041 0.962
28.821 -15.898 -361.249 1.009
-44.177 -66.841 -439.826 0.935
19.997 -86.122 -303.889 1.023
63.375 -86.665 -389.026 0.857
-8.160 84.540 -355.627 1.061
-77.205 -97.031 -460.300 0.986
-51.395 86.899 -400.447 0.956
-65.604 -9.235 -330.250 0.916
-94.238 -8.023 -436.839 1.069
-19.949 -28.106 -390.001 0.977
-41.963 -22.669 -310.370 1.032
55.444 2.655 -316.414 1.002
-23.241 3.842 -479.780 1.001
83.663 -8.511 -455.812 1.101
-52.771 81.722 -382.671 0.857
-53.134 -4.696 -326.054 0.900
0.152 70.856 -417.863 0.901
91.927 64.746 -339.007 0.974
-78.487 -59.446 -456.860 0.875
-9.345 47.188 -470.260 1.173
26.918 54.954 -439.917 1.028
-73.893 51.449 -479.786 0.960
22.557 -33.604 -396.655 0.885
-93.071 -89.133 -385.193 0.961
35.763 -30.798 -379.623 1.150
98.069 -21.882 -409.154 1.031
15.377 -92.287 -359.344 0.877
98.658 34.284 -460.183 0.776
-71.015 -55.892 -365.478 0.943
-64.750 -27.960 -421.444 1.083
72.862 -32.370 -408.099 0.935
74.051 -5.984 -356.590 0.948
-67.544 28.606 -492.232 1.072
97.756 48.357 -486.823 1.160
71.946 -6.541 -357.359 0.961
40.001 64.959 -427.801 0.939
6.861 -92.180 -340.881 0.842
-28.663 48.150 -480.884 0.927
61.819 91.646 -302.048 1.046
-52.689 53.239 -410.158 0.842
74.817 -44.566 -325.167 0.884
-87.433 -45.430 -381.473 0.860
25.555 42.365 -349.675 1.073
70.828 -42.624 -329.806 1.127
-36.261 -67.316 -422.371 0.849
91.090 -55.904 -415.681 0.954
63.701 -96.745 -345.293 1.083
76.495 25.997 -406.087 1.151
-55.979 77.642 -361.568 1.102
12.900 98.186 -336.213 1.097
37.182 11.007 -398.318 1.183
42.491 -12.460 -341.493 0.989
-89.475 35.320 -451.806 0.989
70.730 29.945 -375.302 0.971
-31.618 13.793 -345.068 1.097
42.323 -73.518 -410.828 0.935
-56.592 -82.210 -325.944 1.030
-82.183 -21.190 -470.038 1.066
93.994 -45.840 -474.758 1.005
-79.128 44.148 -418.144 0.791
-49.590 49.896 -383.315 1.022
55.890 3.473 -481.741 0.918
-30.922 57.440 -336.354 1.062
58.746 -76.417 -343.788 1.104
-61.500 -22.856 -420.047 0.927
-4.286 -20.650 -326.176 1.023
-8.078 -55.931 -352.377 1.041
-91.599 36.545 -457.091 0.897
17.961 66.327 -433.589 1.085
-9.290 -99.191 -445.793 1.025
-89.804 -35.843 -426.245 1.070
47.863 -46.942 -445.768 1.052
-66.472 87.052 -426.458 1.076
35.324 -49.676 -354.318 1.003
60.101 50.293 -408.677 1.090
-82.615 17.404 -477.358 0.827
-69.778 -37.681 -349.271 1.164
-58.437 72.496 -367.097 1.082
59.245 -30.851 -353.124 0.990
14.993 -93.346 -495.143 1.287
-46.324 82.888 -378.096 1.211
-38.580 94.476 -364.485 1.014
-10.179 -4.691 -361.811 1.009
-50.273 -24.518 -438.453 1.096
-22.296 53.994 -412.080 1.048
-39.144 74.798 -333.335 0.883
-14.208 -89.102 -450.129 0.910
13.539 -95.093 -477.981 1.081
8.486 -99.458 -350.855 1.200
-94.677 -44.916 -350.320 0.963
-11.665 9.396 -405.450 0.930
93.054 -3.325 -350.117 0.991
8.514 74.270 -419.620 1.046
-12.886 85.603 -359.798 0.784
7.438 5.114 -365.646 0.991
-30.285 -76.121 -405.558 1.059
17.370 50.998 -464.755 1.138
-53.420 72.258 -387.428 1.042
53.625 -3.393 -303.705 0.864
85.444 -44.276 -382.672 1.030
42.711 -4.548 -307.206 0.987
69.481 -22.994 -419.868 0.915
32.898 -87.875 -442.683 0.918
13.022 11.395 -496.203 1.041
0.900 75.569 -310.201 1.041
-56.297 26.138 -417.790 0.913
-5.409 -89.246 -439.674 0.980
-70.442 65.102 -434.743 0.981
-76.349 -66.837 -427.047 1.097
-17.249 -32.828 -328.047 0.888
-47.374 91.987 -389.024 1.096
-19.088 91.572 -486.484 1.020
-43.792 -37.076 -443.772 1.111
-83.526 -50.842 -380.481 1.080
40.870 63.277 -385.409 0.996
-3.832 32.296 -369.614 1.037
-67.422 12.904 -470.325 1.050
15.637 57.354 -370.209 0.836
-7.690 -26.720 -401.705 1.024
-83.484 -66.518 -351.500 0.989
-15.960 -27.345 -397.115 1.114
-29.419 -95.147 -485.249 0.947
34.498 54.757 -430.190 0.988
-45.474 -94.464 -305.280 1.119
-87.617 0.260 -464.472 1.163
98.554 75.371 -303.879 1.122
41.598 -89.605 -318.628 0.903
24.927 47.763 -307.389 0.925
-23.567 -2.388 -372.029 0.881
-70.955 92.473 -442.615 0.731
13.977 44.353 -383.826 1.042
-10.211 -14.798 -441.364 1.046
49.716 53.994 -397.523 0.944
-24.614 54.180 -430.651 1.043
63.371 -83.374 -303.186 0.782
88.176 -89.362 -348.684 0.921
86.692 -96.221 -458.321 1.080
61.406 -30.054 -446.714 1.189
47.405 -58.359 -363.882 1.104
-81.389 65.795 -463.997 1.122
13.931 -43.419 -336.640 0.953
-20.680 -26.148 -441.916 1.073
-92.440 50.254 -353.114 0.871
54.310 68.762 -447.857 0.940
-55.614 93.548 -491.085 1.104
-29.397 5.631 -300.980 1.123
-66.223 -62.179 -497.213 0.856
-47.826 47.442 -303.689 1.018
-23.643 28.962 -479.176 0.849
-54.531 -66.611 -408.607 1.075
34.553 -45.350 -320.622 0.960
-12.455 0.605 -309.065 0.959
4.430 87.223 -430.413 1.037
-28.270 -59.675 -340.085 0.913
-88.214 -45.909 -394.555 1.055
-83.665 -97.211 -361.201 0.893
-23.942 80.769 -474.927 1.057
75.329 87.775 -464.260 1.227
-31.030 89.366 -355.949 1.077
75.661 -25.141 -302.670 0.891
-45.220 24.623 -397.167 1.128
-81.996 -64.746 -496.334 1.024
10.114 46.529 -490.705 0.946
-44.535 52.163 -372.921 0.952
-84.983 -20.397 -391.153 1.019
-67.033 64.576 -304.822 1.010
-23.663 4.774 -373.691 0.862
23.862 5.553 -320.898 0.962
96.971 21.571 -370.351 1.017
8.061 77.576 -404.402 1.069
-75.953 46.805 -324.166 0.900
47.766 -52.790 -429.043 1.025
12.218 -92.132 -318.232 0.964
43.344 73.297 -340.469 0.943
-37.932 21.549 -479.950 1.106
-49.123 -15.962 -472.095 0.949
-50.913 -54.413 -412.710 1.085
86.271 -22.849 -399.382 0.820
6.478 60.799 -394.020 0.882
-90.029 -31.692 -425.299 0.997
89.315 -95.093 -483.997 1.055
98.444 -62.785 -416.164 1.102
88.629 -95.573 -320.704 1.194
-55.978 7.443 -343.041 1.124
-69.820 27.998 -339.007 1.029
56.010 -33.101 -414.638 1.011
2.442 1.787 -316.877 0.891
-44.872 10.076 -487.945 1.073
77.864 -23.558 -410.940 0.939
63.802 -41.810 -448.806 0.971
7.409 -9.097 -309.066 1.042
-96.564 -32.113 -465.499 1.075
10.983 39.948 -421.632 0.973
-69.236 12.914 -357.845 0.981
4.670 85.039 -404.277 1.008
-10.710 -16.540 -335.075 1.047
89.798 -90.557 -433.769 1.038
-21.812 95.435 -350.673 1.153
89.554 -84.255 -488.898 1.161
-38.554 -75.844 -371.781 0.936
-7.653 36.575 -497.456 1.026
53.841 20.834 -347.555 0.731
57.101 -58.901 -438.767 1.021
6.747 60.486 -346.774 0.956
96.974 -95.024 -429.281 1.035
-64.700 99.209 -410.250 0.974
-46.345 99.462 -353.693 1.003
-36.024 27.271 -367.019 1.021
40.036 46.323 -319.814 1.130
51.655 -84.499 -393.551 0.926
88.211 6.191 -413.247 0.851
40.836 -0.531 -461.604 1.110
47.526 11.661 -333.209 0.913
-40.539 -42.446 -366.353 1.056
40.293 -61.997 -340.104 0.874
12.588 -24.055 -359.991 0.974
46.489 77.981 -459.327 0.822
1.043 -15.993 -492.100 0.963
11.702 -95.011 -308.197 0.939
29.794 -25.289 -389.540 0.817
32.132 -61.816 -450.665 0.877
-35.060 -68.782 -390.608 1.064
-17.758 -36.633 -473.310 1.152
98.363 -22.965 -324.466 1.008
-29.571 46.883 -378.208 0.968
42.703 -6.110 -474.945 0.904
12.739 -45.959 -314.627 0.860
-86.079 -85.335 -476.351 1.090
73.951 -30.866 -434.599 1.028
36.452 79.215 -400.423 0.961
-91.230 7.238 -362.807 1.110
-83.139 -15.566 -494.366 0.794
42.380 3.137 -314.507 1.063
85.369 21.702 -360.847 0.921
59.348 88.971 -423.422 0.965
-91.919 57.100 -406.317 0.939
-79.190 22.001 -319.620 1.155
-97.727 0.363 -330.327 0.961
-37.900 74.693 -433.736 0.685
62.025 -0.202 -353.729 1.008
93.963 80.930 -430.078 0.942
-23.309 -76.012 -303.768 0.977
-85.287 8.678 -325.777 0.956
26.598 -15.794 -379.291 1.038
58.055 -10.809 -472.195 0.782
-62.530 55.607 -387.636 0.967
-10.523 -84.619 -487.394 1.015
71.948 -22.066 -470.987 0.990
-78.883 20.441 -331.807 1.150
-42.363 84.489 -341.977 1.179
-88.505 79.166 -333.226 0.896
-14.186 92.690 -301.749 1.135
-78.979 5.873 -451.096 0.903
-3.206 47.735 -317.540 0.952
-63.286 72.021 -480.690 0.909
56.049 78.594 -373.498 1.028
51.577 95.643 -381.718 1.023
-51.211 -90.340 -424.287 1.131
69.629 31.820 -390.779 1.084
-89.075 -82.985 -323.142 0.882
72.828 26.401 -410.050 0.939
-30.384 33.010 -365.640 0.996
6.438 -26.511 -367.120 1.056
-80.863 -73.499 -413.281 0.909
-75.929 -80.295 -491.772 1.110
99.552 8.822 -487.249 1.247
79.973 -9.568 -478.297 0.922
-2.639 30.260 -430.090 0.830
-68.495 -19.357 -415.822 0.972
-13.643 84.504 -315.147 0.853
-48.269 25.909 -403.973 1.132
-44.451 -94.625 -400.281 0.996
-99.297 32.848 -481.300 0.940
61.183 -97.105 -396.034 0.989
-10.172 51.810 -317.799 0.828
99.176 72.684 -485.419 1.047
19.465 -78.669 -380.910 1.165
-35.862 36.783 -377.631 1.153
33.006 -94.540 -466.683 0.914
-83.866 -23.625 -374.098 0.971
-67.438 -16.298 -352.966 0.906
-0.095 -48.490 -356.755 1.133
-63.592 47.573 -348.749 0.993
73.508 75.986 -466.560 1.057
-40.680 8.181 -494.955 0.765
-71.282 35.973 -422.870 0.941
-1.794 -55.111 -486.002 1.060
-70.599 -18.515 -396.847 1.094
33.372 -33.796 -417.255 0.977
55.610 42.658 -417.761 1.133
-41.025 -72.852 -311.974 1.034
-91.239 56.160 -402.543 0.943
90.021 -39.251 -366.772 0.836
98.968 48.285 -492.477 0.911
63.869 22.987 -362.780 0.992
-28.465 15.921 -437.346 0.917
-88.724 93.404 -413.167 0.991
73.654 73.084 -334.520 0.963
-13.676 83.428 -302.528 1.192
21.377 -34.125 -448.443 0.896
87.919 46.367 -368.441 1.067
6.649 -0.087 -499.933 0.928
-20.697 -62.730 -415.622 0.790
6.467 22.716 -421.698 1.089
66.865 45.555 -321.168 1.108
-47.787 98.312 -454.610 0.945
52.689 -82.000 -320.032 0.978
46.385 58.891 -403.632 0.872
30.336 11.954 -395.732 1.036
-19.111 0.103 -362.377 0.891
-86.769 95.927 -483.549 0.952
-47.643 75.224 -472.444 0.973
79.531 -10.814 -476.244 0.986
-8.614 49.913 -326.304 0.962
66.129 47.983 -447.001 0.941
-14.186 -91.456 -460.612 0.936
94.221 13.431 -366.395 1.031
24.032 98.461 -345.130 0.815
88.155 41.580 -491.191 0.925
-34.153 75.544 -420.250 0.875
-80.534 -60.921 -348.934 0.941
-73.274 2.086 -473.383 0.945
-15.762 -22.680 -370.390 0.984
-78.440 59.907 -377.834 0.994
64.023 42.185 -393.003 0.893
-29.341 -72.423 -471.960 1.079
-0.604 -0.572 -305.171 1.013
-33.642 28.956 -416.409 1.038
84.707 48.739 -353.940 0.861
-57.668 -37.807 -339.653 1.103
50.561 -43.910 -356.144 1.036
-30.470 68.020 -343.968 0.772
-89.530 -11.942 -441.569 0.971
2.996 -59.887 -402.022 0.957
67.617 -20.394 -394.615 0.952
43.227 -4.217 -460.213 0.828
18.926 -95.157 -393.847 0.930
-94.812 -35.460 -450.251 1.033
-95.010 90.292 -332.243 0.835
52.951 -54.407 -464.963 1.069
-27.267 48.086 -382.607 1.009
89.442 6.890 -397.029 1.141
-13.351 -63.732 -414.102 0.930
-93.653 23.658 -411.834 0.900
13.016 44.843 -492.757 0.881
-57.046 -42.418 -400.677 1.167
-55.888 21.560 -376.118 1.107
84.026 41.937 -373.059 1.135
-39.788 87.081 -409.184 0.806
-11.099 -91.476 -305.222 0.975
-78.624 66.646 -381.355 1.125
89.197 -72.563 -376.309 1.016
-51.846 -55.318 -348.983 1.042
-95.643 -93.118 -355.950 1.117
79.689 -53.512 -301.936 1.038
-87.758 42.421 -457.852 1.159
11.308 -37.373 -326.984 0.877
-89.763 71.389 -496.787 0.902
-10.657 22.840 -389.145 1.006
58.424 -64.474 -425.208 0.941
52.303 50.257 -374.536 0.881
-49.126 62.509 -400.862 0.990
-71.619 1.933 -423.425 1.201
20.604 1.870 -394.556 1.102
70.328 -57.124 -459.765 1.181
88.387 56.668 -462.002 0.957
-49.984 5.246 -361.077 0.877
-81.232 -67.829 -328.103 1.057
-75.690 69.295 -340.575 1.079
24.489 -30.343 -353.892 1.050
74.299 -7.565 -488.447 0.989
-2.777 -50.277 -451.758 1.068
-91.566 41.650 -360.369 0.931
-53.915 -22.919 -369.422 1.003
-93.915 69.409 -368.000 1.086
77.795 48.858 -415.073 0.826
48.717 -84.781 -359.472 1.017
67.098 2.618 -446.160 1.024
53.078 94.584 -473.630 0.760
-70.231 -4.494 -381.540 0.948
87.288 -69.875 -310.890 1.004
-29.830 -27.317 -429.436 0.971
82.811 -59.378 -379.814 1.136
10.745 -41.832 -434.681 0.831
87.609 -82.382 -380.264 0.921
-26.376 -40.972 -453.994 0.898
64.892 40.500 -497.062 1.082
-21.307 -6.565 -406.803 0.989
-45.502 6.566 -452.575 1.044
71.014 -75.499 -384.026 0.884
35.007 40.022 -384.700 1.144
40.443 31.659 -439.042 0.999
-76.242 11.856 -356.710 1.168
26.953 -11.144 -485.862 0.957
-56.848 93.900 -438.413 1.144
29.277 -67.920 -415.600 0.795
97.621 -16.343 -362.854 0.941
59.618 -41.847 -337.565 0.877
37.947 -91.157 -374.016 1.136
-63.548 65.763 -440.567 0.913
-37.623 -71.827 -435.909 0.938
72.411 -70.239 -486.734 1.003
-75.535 95.854 -450.781 1.000
-50.265 33.027 -322.151 0.841
-57.312 -58.777 -336.618 0.921
-66.842 -58.793 -492.933 0.899
67.267 17.028 -457.896 0.994
-72.795 34.931 -416.799 1.087
75.104 -72.184 -354.782 1.137
-79.642 -56.778 -317.809 1.044
-58.884 10.204 -314.830 0.860
-68.840 91.288 -494.819 0.938
96.439 -91.312 -349.362 1.251
-26.356 49.883 -485.052 1.018
-88.285 -3.642 -363.406 1.188
66.889 -38.249 -486.427 0.926
11.698 -23.245 -331.606 1.125
53.430 31.041 -490.398 0.925
-44.367 91.306 -496.790 0.942
15.506 -84.881 -380.518 0.980
-22.074 55.682 -322.011 1.056
16.737 38.118 -338.915 0.968
34.086 -8.587 -469.092 0.880
-53.081 23.256 -353.119 0.863
65.903 -54.836 -449.052 1.140
-27.809 -2.944 -444.913 1.056
-91.470 -95.772 -464.232 0.771
-44.652 -76.096 -441.285 1.140
-49.687 96.787 -462.710 1.263
-64.780 -94.833 -367.552 1.101
-59.652 -91.064 -374.420 1.230
49.965 93.199 -366.340 1.060
-13.297 2.763 -313.365 0.819
70.033 40.101 -466.138 0.907
92.245 29.660 -485.381 0.996
76.400 77.437 -415.196 1.091
52.679 -75.819 -319.499 1.036
-25.991 -94.536 -441.105 1.095
64.308 54.770 -316.243 0.758
32.007 13.011 -361.958 0.920
60.430 -99.693 -392.530 1.142
-16.354 40.981 -366.839 1.053
22.595 4.976 -323.712 0.977
-16.945 26.060 -318.649 0.722
-14.353 85.371 -479.842 0.908
57.437 -18.490 -373.887 1.036
-39.393 -96.630 -315.608 0.812
22.335 10.648 -408.823 0.865
3.853 22.978 -349.770 0.937
-35.097 75.924 -452.112 0.988
-90.274 61.875 -306.673 0.947
77.089 78.016 -328.253 0.922
76.119 5.813 -346.856 0.936
-20.160 15.987 -358.603 1.118
62.151 90.037 -437.515 1.025
-99.041 -59.833 -447.083 1.018
43.534 -86.576 -499.018 0.970
-73.170 -5.686 -362.660 1.178
23.350 -85.111 -309.942 1.030
21.439 45.351 -435.237 1.077
-63.890 -75.494 -314.311 1.049
-13.162 26.329 -333.380 0.911
54.582 -90.732 -440.279 0.953
-71.411 -72.208 -394.463 0.942
90.468 -99.061 -321.278 0.953
68.697 -7.012 -393.104 0.969
-5.778 -45.082 -382.519 1.210
-37.530 -28.455 -361.127 1.004
-49.684 0.704 -333.426 0.808
-14.589 1.664 -311.417 0.844
-61.767 -38.824 -406.248 1.006
-35.776 -7.464 -475.362 1.079
36.215 10.688 -491.135 1.045
-22.168 -43.311 -381.337 1.130
47.808 -10.214 -356.289 1.080
24.070 -82.709 -393.689 1.086
-97.416 13.636 -325.528 1.037
73.356 10.409 -373.584 0.924
12.931 -45.965 -408.352 1.064
63.885 27.349 -365.763 0.946
74.018 -28.447 -449.562 1.081
-44.116 43.207 -461.962 0.928
31.073 -72.003 -363.898 0.865
-5.761 -57.784 -447.570 0.979
29.106 -49.541 -382.169 0.951
46.697 -12.412 -435.162 1.147
-79.280 66.971 -459.488 1.095
55.218 -90.566 -376.021 1.095
-56.643 -34.591 -455.499 0.827
29.909 -57.398 -368.396 0.995
31.215 33.699 -311.580 1.139
3.102 -41.288 -325.911 1.066
71.053 66.864 -406.781 0.812
-93.003 -58.426 -325.371 1.000
-41.599 77.973 -464.808 0.957
4.145 -76.796 -400.341 0.930
-67.487 -16.539 -490.382 1.212
-36.291 65.904 -376.217 0.914
25.386 28.821 -458.854 1.228
11.598 -5.103 -491.782 1.040
9.709 47.966 -376.677 1.014
66.333 22.366 -453.091 0.992
73.633 75.292 -389.880 0.895
67.919 52.183 -302.990 1.064
73.299 -43.373 -470.483 0.895
1.424 -30.210 -352.613 1.013
-10.968 -7.346 -474.280 0.767
83.051 80.526 -393.663 0.959
-76.330 -52.722 -452.485 0.956
-50.008 -1.756 -427.566 1.074
-48.588 98.442 -383.203 1.070
41.933 -6.283 -341.101 1.023
-52.934 51.420 -371.021 0.934
-67.021 -23.434 -373.005 0.844
46.378 -63.248 -385.879 0.972
-92.116 -79.408 -463.138 1.108
21.720 95.409 -412.615 1.052
-56.621 -52.990 -474.533 0.994
64.775 -67.527 -344.600 1.032
-25.040 -57.268 -425.487 0.978
-75.747 -53.757 -385.395 0.931
1.594 89.950 -325.496 1.104
-13.732 34.253 -454.179 1.165
78.658 -46.548 -349.462 1.002
5.594 93.287 -473.414 0.944
94.943 1.430 -369.322 0.887
-15.680 71.631 -448.287 0.929
88.954 22.492 -423.031 1.033
-13.712 0.831 -368.115 1.025
86.715 -34.460 -402.197 0.979
58.568 -65.457 -472.158 0.917
81.168 36.798 -358.589 1.056
45.681 -57.961 -471.501 0.820
-4.616 95.789 -482.570 1.147
-41.645 -46.391 -433.445 1.051
-87.541 -92.810 -300.852 0.757
-29.467 -70.153 -305.046 1.006
6.867 -31.541 -353.328 0.974
-43.187 8.960 -329.287 0.657
19.283 11.228 -308.179 0.837
-48.757 6.882 -464.122 0.964
32.944 -71.577 -406.675 1.114
-72.417 80.220 -431.734 1.020
43.579 93.228 -356.210 0.894
-63.341 -42.428 -379.161 1.088
15.323 -64.299 -427.023 1.002
35.243 18.052 -418.097 0.667
61.244 44.817 -460.809 0.906
46.302 91.977 -407.428 1.017
-87.827 -0.164 -444.832 0.928
-45.768 -71.885 -402.127 0.742
91.889 76.704 -362.082 0.961
-62.961 83.461 -307.202 0.974
62.259 -9.549 -404.140 0.778
81.296 -30.503 -441.310 1.071
87.509 -74.293 -461.127 0.775
34.276 -91.340 -482.143 1.068
65.258 -7.346 -456.600 0.937
57.411 -54.503 -336.167 0.887
-3.429 66.225 -362.986 1.112
50.184 87.285 -308.256 0.823
9.870 46.308 -395.247 1.009
-19.224 -0.433 -395.880 1.153
56.571 -51.735 -431.020 0.976
65.338 -50.588 -402.808 0.970
-3.048 -49.243 -316.270 0.984
83.906 -29.116 -413.083 1.068
-53.804 42.062 -394.191 1.000
-76.391 23.603 -313.671 1.034
64.571 83.173 -352.266 0.762
-72.436 20.429 -370.592 1.181
-46.592 22.352 -468.878 0.961
9.052 66.833 -472.783 1.160
81.124 78.995 -416.584 0.993
-80.328 54.954 -349.970 1.054
-35.892 -42.589 -498.535 1.073
-72.860 93.250 -422.598 0.990
2.081 81.379 -340.472 0.957
-16.539 -65.786 -400.994 0.988
85.359 92.467 -475.436 1.039
30.801 -30.833 -426.997 0.933
-98.568 41.861 -440.612 0.949
-24.903 -32.201 -389.280 1.083
37.660 -16.067 -481.201 0.979
29.848 -6.636 -419.561 1.129
-75.198 -89.669 -362.748 1.105
55.130 43.549 -322.242 1.001
-22.484 36.697 -450.884 0.976
51.747 -29.753 -484.571 0.954
30.976 27.478 -451.065 0.999
-97.136 -35.007 -412.611 1.003
-78.265 52.432 -350.528 1.076
44.819 -5.508 -474.149 0.916
96.885 0.686 -358.774 0.760
51.128 11.588 -315.066 0.851
-87.684 -96.178 -408.376 1.109
34.193 -58.505 -380.963 0.755
78.151 -97.133 -480.763 1.108
22.888 17.089 -420.001 1.185
70.482 46.760 -457.036 0.889
-3.244 70.501 -357.189 1.062
31.085 98.090 -329.066 0.937
-80.973 88.927 -323.144 0.812
-22.952 -34.909 -404.548 0.904
84.514 72.735 -445.161 1.016
14.522 -92.452 -417.236 0.968
-46.425 -67.863 -414.333 0.916
50.523 -50.402 -337.309 0.937
5.557 18.132 -453.651 1.024
-79.066 -42.870 -387.108 0.817
-61.565 18.861 -344.411 0.975
62.336 -24.813 -467.932 0.977
26.842 -4.516 -382.940 1.025
8.269 -12.805 -354.598 1.050
-47.231 16.796 -445.686 0.988
60.871 -55.320 -407.303 1.067
59.558 44.998 -449.931 0.981
56.710 73.286 -447.688 1.094
-38.913 -72.735 -459.876 0.971
-89.059 8.342 -342.891 0.998
-12.341 -78.147 -425.782 1.166
-75.628 26.352 -440.628 0.881
56.693 -21.556 -346.369 1.048
-35.749 -7.813 -305.613 0.954
41.862 -7.880 -309.697 0.994
-81.494 12.916 -457.439 1.077
-97.412 43.002 -314.966 1.001
16.006 -37.782 -356.013 1.134
6.235 -56.233 -300.130 0.996
40.618 54.742 -373.670 0.810
-90.435 -53.929 -322.045 0.890
57.591 35.770 -369.233 0.932
-21.891 0.390 -427.418 0.991
30.654 59.894 -413.745 0.935
39.627 73.729 -325.564 0.882
-82.841 61.232 -430.323 1.019
-22.849 3.136 -492.248 0.989
-62.028 -15.180 -467.561 1.048
-11.932 76.780 -486.195 1.025
64.673 -73.197 -414.865 0.989
82.493 0.497 -470.407 0.959
-55.683 -9.106 -380.942 1.106
-8.065 -28.822 -470.303 0.977
-78.977 -98.949 -316.608 0.909
-39.057 -59.105 -472.504 0.768
-80.456 -9.676 -302.889 0.833
-38.922 -92.465 -336.634 0.958
-81.812 38.708 -409.082 0.958
-83.042 67.089 -496.493 1.049
43.781 95.853 -354.548 0.971
-65.832 85.021 -429.402 1.072
96.939 15.839 -330.769 0.897
-60.448 29.924 -319.945 0.844
14.021 25.311 -375.685 1.176
56.752 77.904 -467.015 1.067
-59.982 -84.843 -440.278 0.978
20.823 -37.482 -393.746 0.931
12.094 -49.652 -441.739 0.928
13.139 68.691 -408.367 0.982
-23.220 -73.904 -336.921 1.006
-46.508 -76.392 -385.134 0.729
16.756 -40.733 -467.984 0.973
-83.316 -62.763 -455.966 0.935
88.868 35.319 -418.367 0.966
36.891 41.106 -466.872 0.991
-47.922 62.516 -417.420 1.002
51.378 59.375 -467.366 1.013
15.844 -53.209 -456.788 1.004
40.510 97.446 -355.044 1.010
14.519 76.044 -345.681 0.951
12.523 32.677 -354.216 0.968
-96.679 -19.908 -441.138 0.991
16.984 -0.584 -399.995 1.185
22.899 86.060 -312.561 1.024
65.900 66.701 -403.116 1.048
-52.461 -21.729 -307.564 0.922
55.952 20.051 -459.022 0.914
-99.988 99.986 -440.696 1.061
-58.222 40.138 -486.565 1.072
-89.113 -62.765 -330.123 0.951
-9.785 49.685 -419.409 0.902
-29.397 -86.473 -471.112 0.899
-10.661 -65.508 -392.602 1.005
-66.892 23.872 -484.536 0.948
-72.369 49.300 -334.893 1.141
73.269 28.756 -466.451 1.177
-36.130 10.165 -300.494 0.909
-29.171 -20.431 -318.465 1.147
-20.188 -39.012 -474.701 0.810
-29.609 -33.437 -391.571 1.153
75.654 58.353 -316.916 1.133
78.560 -82.035 -462.464 0.857
-92.653 88.217 -386.129 1.198
-9.425 82.802 -311.021 1.003
-80.564 -84.351 -458.288 0.855
-61.255 -24.923 -374.517 1.012
87.434 -18.404 -319.446 0.890
-29.151 58.417 -368.684 1.106
-98.258 85.381 -436.950 0.762
-56.680 29.099 -366.548 0.964
-7.795 56.055 -336.932 1.047
90.433 -19.104 -469.037 0.901
33.638 77.756 -446.832 0.906
10.034 85.541 -310.226 0.924
-84.410 21.425 -492.406 1.069
52.993 96.106 -386.053 1.157
-56.746 56.688 -412.637 0.771
67.640 -90.341 -464.448 0.900
-93.503 -83.936 -465.001 1.025
0.748 34.698 -401.161 0.900
-91.168 89.945 -441.970 0.885
35.120 14.906 -340.378 1.107
12.056 -58.224 -367.620 0.994
-44.016 -83.346 -386.013 0.915
65.414 19.927 -476.247 1.117
69.647 -59.799 -400.772 0.995
-77.027 80.447 -441.393 0.980
-29.347 -86.763 -313.351 1.074
-19.264 9.294 -328.115 0.951
-4.425 -89.430 -487.800 0.941
47.993 57.148 -345.417 1.139
-37.323 -59.194 -456.921 1.195
-1.432 37.516 -426.568 0.845
74.550 57.957 -451.484 0.946
-87.937 21.671 -332.827 0.883
84.623 90.868 -444.679 1.031
22.034 61.101 -373.768 1.111
-8.343 89.593 -419.648 1.079
-79.467 20.992 -429.911 1.059
-24.906 26.037 -321.640 0.962
-86.646 22.325 -407.157 1.046
14.856 -9.031 -381.400 0.801
-39.585 76.986 -494.560 1.018
-62.121 68.677 -376.862 1.173
4.024 -99.014 -396.470 1.189
-23.863 10.772 -499.206 0.906
40.666 -95.175 -483.262 0.831
72.077 56.456 -374.692 1.193
13.343 23.624 -418.000 0.951
-57.251 -41.850 -420.694 0.972
93.905 -35.730 -313.765 0.946
-16.292 -6.356 -449.684 0.978
-57.886 -98.278 -499.662 1.018
61.389 -24.960 -323.395 0.958
-77.643 -30.842 -341.068 0.966
-69.846 -89.372 -491.516 1.016
10.712 0.638 -318.380 1.144
8.324 -39.006 -319.225 1.133
-96.506 38.264 -464.224 1.025
-50.327 -65.942 -489.102 1.168
-94.291 -60.575 -336.783 1.069
9.375 80.717 -408.342 0.996
-85.523 -50.423 -444.296 0.993
-74.329 26.141 -464.745 1.119
-45.893 92.526 -402.776 1.031
-26.225 -90.870 -442.903 1.042
27.908 -47.350 -445.670 1.059
-50.622 -44.012 -312.015 0.994
-38.055 83.059 -454.515 1.114
-34.886 61.022 -493.481 1.196
-34.160 -83.788 -408.876 0.854
-8.233 40.356 -482.683 0.955
-18.264 9.925 -473.820 1.056
78.386 -27.718 -434.780 1.099
-90.857 -85.225 -365.574 1.020
-80.503 -12.473 -309.560 1.078
-18.152 52.960 -303.336 1.006
-2.350 -62.363 -483.241 1.083
-69.066 42.117 -466.711 1.099
79.935 -28.400 -453.621 0.885
63.975 -24.192 -331.517 0.990
97.620 18.736 -434.610 0.873
-74.869 -27.012 -437.797 1.075
-90.971 48.929 -369.739 0.965
0.983 51.382 -402.786 0.978
49.123 50.225 -429.760 0.963
5.884 83.355 -350.180 0.785
60.631 23.582 -362.597 0.982
-16.884 -46.077 -410.362 1.117
71.927 -3.611 -321.119 0.947
41.752 -93.343 -384.807 0.985
-88.741 0.464 -373.388 0.926
-71.200 38.400 -306.028 0.831
18.818 -32.385 -372.600 0.974
-87.376 -74.594 -415.848 0.881
72.227 0.674 -308.906 0.914
-70.194 -12.063 -362.841 0.951
-47.783 -42.064 -374.106 1.096
-80.377 -91.558 -491.552 0.945
-31.223 -95.985 -370.997 1.170
-43.869 49.850 -382.128 1.198
-21.012 86.674 -471.838 0.961
10.927 16.428 -341.709 1.015
-2.207 13.057 -326.805 0.981
63.483 28.330 -370.192 0.869
-9.853 -25.038 -437.204 0.962
82.950 31.798 -383.747 1.089
20.863 13.278 -461.302 0.950
-28.600 -0.157 -372.727 1.034
-81.370 39.054 -498.293 0.954
79.997 41.246 -432.922 0.926
-83.446 71.022 -360.625 1.140
3.349 5.469 -305.609 0.982
89.888 -48.378 -365.889 0.988
-45.125 -51.770 -421.431 1.104
-30.170 -32.934 -396.108 1.039
55.705 51.261 -392.008 1.058
-15.020 -5.105 -327.172 0.978
92.240 90.702 -355.776 1.123
-89.615 -62.545 -311.741 1.027
74.139 49.817 -422.511 0.881
45.373 -66.207 -462.158 1.103
-40.548 30.280 -492.764 1.040
-8.515 98.040 -389.246 1.099
93.877 -83.979 -315.975 0.954
-2.429 -81.174 -376.966 1.067
77.208 21.049 -472.437 1.090
97.036 98.241 -445.820 1.188
41.082 -67.625 -396.077 1.118
57.251 37.303 -341.796 1.015
56.444 -68.213 -302.440 1.028
-31.182 94.693 -495.471 0.916
2.985 24.491 -397.988 1.014
-91.840 -49.998 -400.315 1.128
-6.984 -79.421 -354.013 1.168
67.067 83.547 -445.694 0.908
35.523 -53.161 -369.961 0.985
-8.904 35.597 -446.353 0.708
51.938 99.864 -367.333 1.060
56.702 32.694 -384.786 0.797
-54.777 -48.437 -462.392 1.172
-2.066 -17.933 -451.176 1.119
15.786 -79.685 -391.896 1.087
-46.749 19.532 -300.927 0.927
90.718 87.591 -489.573 1.090
67.521 80.043 -366.510 0.752
-61.083 -15.499 -310.674 0.979
86.495 -81.176 -352.345 1.052
75.164 52.171 -302.488 0.917
21.953 64.627 -407.278 1.071
-30.958 86.233 -452.963 1.086
65.254 -22.015 -463.642 0.972
72.738 -6.092 -407.500 1.018
24.332 -34.010 -361.099 1.000
-56.709 40.862 -434.488 1.091
-88.527 70.767 -418.909 1.000
5.506 79.615 -477.595 0.994
69.250 69.051 -404.325 1.009
-15.091 9.034 -473.563 0.844
-1.566 13.880 -369.768 0.951
-92.837 -86.922 -498.623 1.115
8.904 44.695 -349.242 1.025
-6.084 -30.233 -319.100 0.971
4.880 93.302 -398.973 0.968
-1.546 69.012 -351.164 1.093
19.017 -71.803 -456.027 1.113
-39.292 6.351 -430.019 0.988
2.288 -9.226 -468.118 1.061
79.307 35.748 -477.409 1.082
-42.550 -78.390 -471.660 0.889
-10.192 97.794 -314.047 0.900
-12.570 -8.188 -454.251 0.926
-22.095 -30.011 -498.398 0.711
-23.380 38.350 -442.183 1.094
19.698 64.857 -486.909 1.084
-81.644 -95.755 -408.667 0.991
-34.979 -38.253 -451.474 0.957
-59.035 43.249 -499.264 1.175
-51.343 32.330 -399.845 1.062
-90.290 -39.012 -475.984 0.939
91.073 17.807 -482.363 0.920
47.881 -61.440 -371.496 1.033
27.040 -88.004 -476.248 1.228
-51.836 83.967 -329.392 0.961
-18.050 -23.749 -352.374 0.972
-42.840 -12.243 -385.347 0.758
83.476 30.230 -384.460 1.015
-94.754 37.066 -451.607 1.094
51.374 86.261 -465.719 1.214
-83.174 6.458 -348.288 1.102
-53.258 71.273 -457.259 0.904
23.742 -66.905 -321.065 1.261
-51.633 -76.408 -353.191 0.977
-8.440 -38.045 -327.644 0.929
14.977 -38.708 -409.870 0.807
79.655 46.838 -453.396 1.129
67.908 89.545 -399.879 1.158
26.061 90.435 -473.017 1.007
-54.695 2.260 -373.328 0.927
2.459 -94.587 -313.992 0.928
-90.711 -93.023 -338.023 0.960
73.676 -73.727 -311.519 0.966
86.839 -35.960 -496.985 1.001
26.189 45.843 -399.472 0.853
20.861 91.286 -385.744 0.868
-26.655 -94.756 -371.139 1.034
-75.062 2.242 -417.919 1.069
-17.839 19.523 -320.827 1.182
90.293 44.602 -401.012 0.900
-93.456 -38.075 -392.982 1.024
-47.866 -78.815 -328.079 0.881
44.025 92.813 -374.303 1.035
8.881 -13.542 -326.373 0.856
27.651 12.829 -431.415 1.185
-71.897 -0.804 -372.124 1.147
23.105 -23.466 -471.338 0.995
-98.758 -19.014 -426.836 0.904
-96.296 45.697 -318.924 0.750
-15.692 13.783 -425.615 1.055
-98.495 95.599 -418.179 0.889
-84.270 -19.627 -476.506 0.961
71.542 -70.180 -323.041 0.879
-74.361 -83.894 -345.163 1.064
77.072 -16.430 -387.144 1.007
-62.664 -37.982 -344.929 0.818
58.524 -66.707 -401.152 0.921
-86.624 -51.594 -374.458 1.248
50.559 -7.675 -496.139 1.024
-66.133 2.814 -409.622 0.910
-60.088 -30.935 -341.677 0.945
72.435 3.731 -333.460 0.830
-72.916 23.445 -439.700 0.773
93.975 -44.669 -458.308 1.082
-82.959 -3.861 -458.548 1.131
68.786 36.295 -417.015 1.045
-9.845 53.848 -335.209 1.065
-26.931 -13.347 -406.581 1.217
-78.258 38.115 -452.469 0.962
-16.816 3.291 -489.236 1.060
6.379 -81.811 -430.743 0.763
80.919 27.467 -313.767 0.855
-23.232 8.037 -394.231 0.929
-52.279 -81.644 -413.598 0.925
-96.104 49.283 -311.200 0.981
25.486 -72.397 -443.994 0.825
31.977 24.139 -412.404 0.973
-0.305 72.321 -320.629 1.068
45.610 -66.405 -418.521 1.124
-54.393 -69.149 -458.127 0.998
7.375 -90.316 -396.000 0.949
-31.154 37.354 -333.870 0.984
-60.125 -85.915 -445.249 1.163
20.931 -46.272 -427.067 1.132
18.651 -9.544 -410.986 0.851
63.806 18.161 -495.299 0.948
-37.515 88.027 -499.315 1.024
-51.077 0.049 -404.400 1.013
67.770 -6.635 -313.829 1.039
98.578 -30.517 -391.300 1.053
-97.416 61.256 -407.042 1.037
-22.387 29.442 -363.350 1.020
34.495 34.383 -472.359 1.019
-79.177 43.911 -309.430 1.138
14.194 -5.304 -336.968 1.128
-70.751 76.270 -477.308 1.027
24.358 53.581 -312.365 1.215
-1.914 52.090 -376.536 0.837
65.517 89.127 -354.257 1.016
-42.629 3.034 -377.723 1.062
-46.546 -53.526 -389.023 1.186
-60.557 22.519 -335.663 1.069
46.164 -99.260 -455.878 0.968
-39.223 -43.006 -492.145 0.923
81.894 -28.402 -423.804 1.085
80.408 -17.765 -306.062 1.015
47.329 -98.660 -302.989 0.963
-3.113 -0.657 -470.130 1.073
-9.646 -58.521 -493.985 0.825
27.762 20.249 -304.482 0.897
-16.401 -74.441 -347.938 1.106
81.949 27.297 -336.346 1.135
-67.298 92.221 -442.788 1.072
-48.394 -99.854 -423.466 1.096
57.479 -60.850 -406.994 0.890
-15.959 30.249 -420.011 1.008
-40.940 -75.905 -373.167 1.126
17.522 -47.259 -496.688 0.990
63.744 22.329 -331.774 0.863
