72.640 21.322 -307.428 1.142
-70.395 22.493 -441.426 0.820
85.709 -12.493 -489.086 1.126
91.814 -57.662 -343.235 1.085
54.641 98.682 -467.433 0.866
23.809 -2.238 -380.256 0.936
-12.488 72.411 -461.136 1.024
-42.488 68.949 -440.049 0.922
-33.772 -0.034 -491.837 1.185
-15.166 6.943 -319.417 0.965
-78.130 5.925 -334.594 0.849
-16.795 10.263 -474.372 1.050
37.272 36.149 -467.208 1.048
85.707 7.884 -360.284 1.003
-45.971 42.903 -492.492 0.946
-17.063 29.498 -398.910 0.991
-19.233 23.875 -444.449 1.085
-13.730 -25.301 -390.735 0.981
-70.075 -16.127 -426.624 1.163
0.699 -74.653 -391.746 0.907
-14.815 61.259 -428.324 1.019
36.996 -82.158 -432.248 0.909
4.674 44.217 -471.344 1.093
16.563 -23.397 -380.727 0.805
-26.648 70.910 -481.308 0.823
60.495 -65.088 -313.241 1.043
85.988 87.613 -338.048 1.083
26.866 -22.103 -466.424 0.909
-12.068 80.814 -481.054 1.037
63.313 -21.470 -338.756 1.066
-69.732 65.559 -395.408 1.084
77.698 -11.507 -390.262 1.123
64.600 6.147 -494.846 0.946
63.707 14.305 -459.779 0.983
-62.651 61.100 -361.212 1.053
38.009 -1.426 -390.899 0.946
-15.891 66.150 -450.084 0.969
74.851 -90.424 -339.464 0.938
-0.698 -34.442 -305.420 1.050
30.036 50.089 -387.006 0.956
-67.518 97.005 -417.366 1.063
-55.912 87.645 -334.704 1.009
42.370 3.117 -483.476 1.148
85.973 -79.766 -448.802 1.091
-94.466 -86.754 -354.628 1.077
88.121 29.223 -436.573 0.932
-49.220 -82.296 -417.289 0.918
-87.276 45.498 -394.259 1.000
-41.909 -89.852 -317.437 1.027
-53.880 -14.662 -435.211 0.909
-77.520 27.378 -332.155 1.169
-56.288 57.196 -318.698 1.018
-9.382 65.797 -456.591 1.050
-43.569 -36.486 -339.245 1.028
-18.532 90.722 -493.318 1.091
41.164 68.032 -316.950 1.053
57.628 98.825 -488.795 0.872
-13.130 -75.728 -424.161 0.938
-45.523 69.930 -360.024 0.899
65.666 13.236 -320.630 1.092
24.717 -54.735 -481.111 1.016
6.294 17.624 -326.906 1.098
-90.444 -60.036 -369.532 0.978
-97.671 70.980 -451.862 1.038
25.439 64.795 -402.713 1.038
-27.585 10.696 -462.956 0.897
45.764 -29.429 -312.544 1.016
-51.457 70.011 -384.641 1.029
-88.674 -69.393 -416.799 0.920
65.508 18.028 -359.099 1.004
20.686 -15.989 -400.930 0.779
-15.257 -68.755 -338.740 1.106
50.615 63.098 -486.049 1.110
50.670 7.019 -458.764 0.899
-23.444 -2.314 -485.076 0.891
58.171 41.271 -364.997 1.025
66.770 9.589 -453.291 1.185
-62.691 96.316 -401.478 0.886
53.143 80.364 -494.324 1.033
4.754 44.240 -411.611 1.058
-69.358 42.775 -495.306 1.125
87.995 -98.119 -401.455 1.178
1.750 -50.507 -430.642 0.924
2.980 54.513 -327.953 0.961
-98.782 -91.257 -382.302 1.149
18.529 -88.618 -375.772 0.963
-23.211 43.710 -446.331 1.126
-10.808 9.250 -356.291 0.876
-13.947 24.309 -499.699 1.136
-33.040 89.267 -367.740 1.035
-33.668 12.668 -345.311 1.006
73.045 -46.097 -388.939 1.058
-88.538 -71.178 -352.682 0.953
-42.543 -20.969 -455.283 1.031
9.310 -22.945 -404.578 0.871
-88.863 98.950 -489.286 0.933
-31.654 -51.286 -450.365 0.863
82.737 -86.265 -365.318 0.915
-0.010 -13.317 -498.825 1.055
-73.470 -41.024 -328.305 0.934
-18.180 78.563 -315.717 1.121
-83.921 -50.090 -436.149 1.040
78.987 -27.488 -484.783 1.027
23.540 13.990 -362.382 0.843
55.864 -14.623 -367.865 1.165
-19.492 79.588 -488.218 1.005
73.551 27.563 -377.332 1.090
62.773 26.297 -314.181 1.058
13.736 11.967 -465.550 0.956
61.590 -24.546 -312.316 1.210
81.027 -61.476 -370.691 1.087
52.978 -64.546 -408.721 0.742
-70.183 -0.128 -412.363 0.915
62.203 -49.786 -394.604 0.909
77.559 45.978 -360.239 0.878
90.467 -28.434 -485.491 0.973
-70.923 97.013 -300.158 0.886
4.729 -48.328 -331.686 1.062
10.492 -65.133 -317.324 1.123
22.446 -2.002 -321.875 0.871
10.665 12.104 -300.158 1.139
76.245 43.532 -393.831 0.989
-74.053 -15.362 -417.862 1.127
92.129 -10.417 -347.005 0.824
-6.007 15.841 -450.109 1.130
93.126 -11.260 -458.237 0.941
82.849 98.921 -471.738 1.141
-80.000 -9.852 -309.444 1.003
67.676 55.050 -446.808 1.134
43.996 -39.996 -499.867 1.084
-51.139 67.818 -430.169 1.082
-3.482 17.556 -489.739 0.826
-75.194 72.579 -313.195 0.987
-0.350 -21.759 -415.954 0.957
-46.335 6.003 -441.763 0.937
-55.235 -13.482 -326.530 1.130
67.884 90.348 -378.159 0.924
-24.612 -60.984 -376.440 0.888
-32.056 -62.040 -474.097 0.930
65.064 49.271 -398.591 0.892
-63.516 99.795 -304.676 0.913
9.878 50.406 -478.231 1.202
-37.061 -66.009 -309.495 0.955
-15.742 -73.271 -425.844 1.031
-37.487 71.029 -407.348 1.131
-0.430 -86.586 -372.111 0.968
34.297 -87.561 -483.367 1.003
39.098 -40.055 -437.716 1.118
93.120 -54.383 -346.037 1.010
11.683 -80.424 -496.935 1.008
14.640 83.239 -328.755 1.100
2.283 -75.996 -444.413 1.131
48.243 -76.045 -476.077 0.982
-85.257 85.017 -417.989 1.059
98.107 -21.333 -452.314 1.023
54.569 38.320 -495.579 1.024
-43.925 -17.967 -322.605 1.044
19.879 82.384 -432.860 0.944
-55.038 -22.672 -499.908 0.935
-61.158 92.794 -497.088 1.049
1.897 -99.240 -411.707 1.238
-24.585 11.425 -327.492 0.898
0.084 77.381 -375.919 1.065
31.597 18.998 -455.414 0.976
-64.989 -75.340 -357.477 1.108
-77.089 27.483 -465.956 1.026
-84.162 5.058 -483.535 0.940
2.341 -65.050 -407.198 1.069
63.158 -18.016 -459.613 0.957
-24.903 -37.356 -321.574 1.027
75.839 51.792 -426.934 1.017
30.363 65.253 -467.515 1.088
70.697 -25.783 -336.810 1.053
-61.395 36.078 -361.061 1.106
36.037 -83.974 -319.142 0.929
36.294 -6.407 -464.294 1.088
-88.743 -78.392 -404.059 0.738
73.350 60.056 -418.290 1.156
8.870 -45.557 -360.542 1.163
24.795 -8.627 -332.273 1.124
-86.024 23.568 -492.097 1.172
-85.978 -11.180 -498.463 1.010
-75.758 -11.606 -350.306 0.966
-73.431 -42.808 -426.599 0.882
59.038 18.042 -302.357 1.118
-96.916 -18.485 -457.985 1.024
9.690 50.046 -315.408 0.780
81.873 83.171 -382.038 1.063
25.230 -45.552 -481.625 1.169
-3.541 78.280 -460.574 0.999
-75.879 35.140 -460.083 0.986
25.488 15.749 -482.645 0.958
52.827 26.909 -460.923 1.014
-86.522 -31.139 -329.687 0.686
47.413 -80.761 -466.495 1.095
-94.001 -48.858 -472.944 1.027
97.994 -72.114 -391.666 0.976
-32.563 54.899 -437.974 1.141
79.850 -8.380 -357.111 0.822
-70.168 25.405 -468.732 1.133
-17.410 17.857 -445.823 0.872
17.728 -59.520 -453.776 1.083
55.275 -56.207 -400.775 1.024
-70.379 -64.491 -324.516 0.999
-28.185 -23.345 -410.669 1.017
64.199 77.762 -473.712 1.010
-97.876 50.655 -482.173 1.074
-4.397 48.483 -307.151 0.976
68.662 -44.454 -357.275 0.974
-48.538 92.665 -335.443 0.957
-3.677 -29.251 -404.349 0.996
18.902 -58.156 -385.313 0.903
-76.493 51.998 -372.585 0.939
-33.558 -98.618 -310.608 1.043
12.377 -16.307 -300.390 1.053
11.485 84.031 -342.182 1.003
-34.700 -33.743 -312.818 0.933
26.429 9.127 -340.841 1.007
55.616 7.346 -328.462 0.834
48.685 -83.831 -487.489 1.010
94.007 -48.038 -354.831 1.038
-91.923 -25.052 -498.711 0.997
-7.598 -78.568 -385.497 1.036
-36.653 -93.713 -487.822 1.147
-99.348 34.698 -335.631 0.974
14.579 -11.501 -395.059 1.006
-82.143 19.147 -370.620 0.877
10.264 56.596 -440.114 1.095
95.522 25.013 -488.573 1.094
21.612 31.085 -427.978 1.039
4.783 22.167 -473.048 1.123
53.582 36.221 -463.956 1.078
-10.275 -64.787 -309.777 0.848
30.368 -13.235 -395.114 0.979
36.455 -1.346 -300.649 0.908
-92.957 -38.555 -439.484 0.944
-27.213 -64.058 -324.450 1.053
-43.606 0.942 -329.162 0.986
0.597 -72.054 -327.795 1.024
-82.174 -66.620 -420.434 1.017
77.680 -80.879 -364.506 1.072
28.752 -53.376 -357.859 1.158
-57.256 75.588 -492.712 1.180
87.029 52.951 -411.012 1.099
53.574 -12.141 -392.679 1.029
-44.128 -51.892 -390.181 0.969
40.250 -3.301 -372.897 0.965
-78.165 -58.365 -493.512 0.931
-17.633 22.260 -372.370 1.212
84.154 93.794 -440.369 0.918
-91.724 -65.057 -413.508 0.961
0.862 98.674 -491.401 1.063
-56.435 53.431 -336.975 1.025
-10.165 82.340 -419.444 1.044
-67.519 -34.389 -327.026 0.901
-31.373 46.786 -322.316 1.075
-28.526 17.952 -304.527 1.059
23.769 20.176 -315.464 0.895
80.428 55.325 -482.117 1.034
70.364 -47.238 -497.489 0.997
-25.048 65.799 -313.629 0.847
80.897 -70.149 -343.040 0.879
-36.888 82.215 -422.666 1.013
3.223 -60.868 -494.982 0.996
59.056 -2.764 -314.016 0.888
72.840 29.144 -462.892 0.991
11.445 8.711 -466.953 1.004
19.766 88.049 -357.525 1.043
-56.825 1.652 -359.382 0.930
51.175 -51.688 -420.038 0.878
-51.185 38.116 -324.627 0.981
-52.078 -12.599 -430.767 0.915
-18.802 -23.887 -304.925 1.193
75.527 -68.622 -353.304 1.047
-17.599 -45.065 -337.701 0.864
-3.587 97.274 -467.420 0.899
95.379 -67.754 -410.374 1.067
5.367 -96.948 -390.519 1.001
42.264 84.603 -372.102 1.134
33.024 1.985 -333.218 0.815
-30.442 -38.556 -460.746 1.028
-14.299 -94.496 -389.230 1.038
-35.760 91.930 -402.812 1.007
-71.824 -1.293 -406.445 0.978
-62.272 8.648 -308.753 1.183
90.315 57.102 -375.785 1.118
-96.888 47.852 -482.614 1.096
35.709 -5.087 -472.974 0.929
83.450 -28.357 -420.410 1.103
38.563 -67.176 -397.432 1.104
-75.789 -65.855 -396.616 0.861
9.866 -38.454 -438.349 1.037
-12.253 9.093 -373.525 1.029
-91.458 -14.481 -456.832 0.911
64.987 -61.298 -334.033 0.980
-13.806 -3.426 -439.057 1.044
51.249 91.799 -484.905 1.111
-58.903 71.848 -351.373 1.131
31.585 -9.508 -429.594 0.864
68.990 42.192 -456.212 0.875
-33.343 4.348 -495.086 0.978
11.695 -48.002 -303.476 1.232
-34.860 -3.031 -344.535 0.898
48.086 17.672 -371.750 1.155
-41.464 -61.509 -368.366 0.980
37.968 -60.223 -346.367 0.942
93.677 -15.640 -437.721 0.915
64.267 34.598 -375.196 1.029
-10.226 20.546 -382.950 1.181
80.373 27.330 -498.436 1.039
83.111 96.260 -305.758 0.972
9.279 20.736 -324.764 1.110
-65.994 -10.160 -448.611 0.987
56.507 90.438 -449.255 1.039
70.608 13.192 -389.918 1.033
10.574 14.401 -469.334 0.968
-36.905 13.078 -385.548 0.951
45.849 52.618 -395.533 0.953
54.282 72.057 -323.350 0.926
-56.160 -57.533 -424.042 1.038
47.303 18.162 -475.870 1.018
39.055 -79.649 -427.296 0.944
27.214 -73.454 -446.966 1.103
73.832 31.809 -304.141 1.060
86.349 -52.977 -352.595 0.916
-54.574 0.841 -450.057 1.030
-97.050 25.869 -430.738 1.149
33.290 -33.650 -370.380 0.915
-90.072 64.456 -361.186 1.096
-88.301 82.470 -485.844 1.109
-42.471 31.765 -417.791 1.088
-20.440 -3.503 -495.118 0.840
-21.835 -99.529 -394.883 0.950
-25.390 23.202 -433.576 1.158
-98.547 27.221 -354.872 0.949
-86.380 80.137 -310.865 1.106
57.783 -48.685 -358.907 1.069
94.582 -76.602 -454.628 1.083
59.299 -70.969 -390.075 0.874
-77.743 -17.088 -306.220 1.101
-68.968 -89.718 -330.367 1.079
73.918 -65.639 -430.392 0.840
-39.282 52.504 -381.814 1.123
-23.769 19.358 -398.064 0.889
58.645 0.923 -339.263 1.128
-23.294 -42.536 -323.143 1.162
71.402 -15.102 -327.791 1.116
-32.815 88.884 -410.946 0.737
-54.033 87.078 -339.339 1.071
71.976 -1.632 -359.728 1.036
37.744 33.048 -424.849 0.960
-34.983 -79.001 -376.414 0.942
16.366 -47.285 -352.126 0.813
-80.238 92.337 -318.959 1.074
-44.288 21.152 -386.043 0.798
-32.142 8.782 -356.787 0.857
-19.713 -84.755 -450.102 0.933
19.217 24.062 -362.211 0.937
48.564 20.346 -454.418 0.836
-10.751 67.666 -495.077 0.893
3.876 73.137 -415.106 1.095
-49.967 -62.183 -343.347 0.914
73.519 95.980 -382.927 0.739
98.034 2.741 -473.711 0.999
-55.920 -25.563 -487.638 1.036
84.066 -68.535 -439.172 1.172
-1.093 -21.508 -315.659 1.122
-14.922 92.871 -350.467 1.032
-48.769 41.397 -319.973 0.706
-83.162 -64.223 -491.482 1.039
-70.034 55.581 -302.635 0.986
-9.412 60.066 -396.644 0.969
-99.448 11.196 -313.792 1.162
-21.009 -61.778 -390.794 0.985
80.890 -5.580 -410.094 1.107
-58.030 58.681 -304.256 1.146
-71.414 -17.230 -447.943 0.972
-73.560 95.634 -358.264 1.068
-48.330 -32.883 -394.976 1.145
-4.300 94.365 -464.163 1.255
-19.268 52.083 -467.547 1.178
35.563 -16.985 -411.327 1.020
-44.611 -84.360 -398.217 1.006
62.872 15.713 -498.372 0.990
-10.986 -97.131 -321.072 0.884
94.620 9.438 -372.402 0.930
-19.271 0.051 -454.393 1.085
-90.602 -8.142 -473.551 0.862
23.418 -8.584 -319.848 0.969
77.249 -63.834 -355.471 1.179
-57.165 30.774 -348.462 0.911
-67.989 64.677 -433.668 1.033
82.875 -55.118 -460.239 0.856
58.760 79.843 -345.091 0.966
-11.873 64.741 -342.251 0.919
48.869 -5.123 -427.388 0.992
63.462 -67.605 -371.396 1.075
74.106 89.189 -446.082 0.960
-8.906 32.020 -466.608 1.021
1.436 46.003 -481.007 1.001
-22.076 -68.450 -443.672 1.104
-74.327 -70.359 -369.702 1.066
-24.445 -65.090 -485.683 1.021
14.349 -52.679 -405.247 1.152
24.202 -30.806 -417.905 1.107
-48.256 -31.225 -362.621 1.005
25.289 18.750 -498.368 1.117
36.775 62.324 -455.769 0.961
-76.476 -98.368 -469.584 0.848
-22.637 19.186 -431.188 0.883
-47.301 -31.148 -490.874 0.867
88.225 -61.571 -369.111 1.028
43.181 -77.402 -475.024 1.185
-27.591 25.789 -453.287 1.123
78.252 84.073 -423.687 1.014
-80.483 -42.388 -340.938 0.854
-85.454 -38.883 -432.454 0.951
-5.222 74.772 -410.077 1.085
-58.906 -92.221 -305.169 1.075
16.559 82.274 -485.140 1.237
-43.870 -36.886 -333.390 0.926
41.542 -79.810 -442.936 0.937
39.494 -45.791 -377.331 1.064
-74.322 55.855 -383.063 0.973
-61.025 -27.620 -397.896 0.911
-35.290 4.678 -467.309 0.867
-27.145 82.888 -308.560 1.037
-82.052 8.311 -360.846 0.991
72.120 10.109 -419.877 0.810
-13.152 27.477 -427.228 0.829
-36.675 26.349 -335.130 0.862
63.750 30.486 -400.095 1.133
77.082 54.850 -492.310 0.928
-4.570 -53.902 -383.603 0.918
57.023 65.340 -481.485 1.176
-44.387 -45.299 -495.751 1.005
37.108 -55.121 -404.406 1.016
-67.810 70.914 -477.973 1.006
36.784 26.710 -400.093 0.947
-54.938 73.799 -446.357 1.165
-82.349 -77.733 -383.749 1.016
67.897 -76.059 -332.994 1.009
83.059 -17.123 -350.256 0.950
87.033 49.137 -498.548 0.926
80.947 43.127 -377.124 0.995
16.470 -73.364 -318.372 0.930
-1.884 67.839 -305.794 1.034
76.612 -42.731 -404.926 0.782
89.250 40.530 -370.145 0.878
-45.662 72.440 -445.590 1.003
58.433 15.384 -422.149 1.057
71.744 97.869 -411.107 1.049
45.509 -25.519 -455.983 1.200
-22.235 -67.926 -344.236 0.921
15.340 -80.620 -456.831 0.991
40.225 47.355 -451.115 0.906
35.402 4.176 -407.560 0.935
-32.988 -80.347 -467.024 1.093
-69.036 58.558 -430.557 0.953
-37.764 -76.218 -472.216 0.784
-19.281 -82.012 -456.138 0.992
4.116 46.355 -378.982 1.110
64.416 14.106 -314.184 1.100
-10.777 -54.872 -487.979 0.967
76.983 72.426 -311.619 1.048
45.394 73.232 -370.204 1.050
-70.441 73.677 -417.769 0.971
-50.416 89.911 -408.290 1.042
96.440 -48.378 -395.371 1.149
16.239 32.724 -419.018 1.077
69.189 -52.379 -471.346 0.689
50.652 73.597 -466.127 1.127
-83.437 -88.292 -421.373 0.831
-68.943 81.978 -482.136 1.001
-72.683 54.063 -303.425 0.909
73.327 51.040 -353.346 1.192
-76.916 90.607 -450.986 1.370
-73.152 73.118 -321.256 1.095
63.307 -40.073 -384.951 1.035
42.495 21.943 -399.500 1.107
61.061 -25.896 -401.736 1.057
54.103 36.737 -311.683 0.992
-42.766 91.369 -386.079 1.005
34.706 -10.520 -438.015 0.942
-98.324 4.524 -459.059 0.973
-69.546 51.984 -308.488 0.990
39.746 45.458 -346.513 1.025
95.099 67.559 -375.018 1.005
77.420 27.179 -313.639 1.110
66.691 -98.351 -317.628 1.037
-16.812 58.162 -448.554 0.963
82.245 12.162 -391.399 0.967
37.790 18.807 -396.661 1.084
-76.324 28.067 -400.610 0.903
94.576 28.687 -344.106 0.939
-11.827 17.483 -369.743 1.059
-0.388 -24.178 -355.270 0.886
35.191 22.137 -396.544 0.996
-24.209 15.906 -392.356 1.043
54.167 -44.569 -471.206 1.005
31.428 4.357 -308.527 0.987
17.234 -80.619 -442.900 1.140
93.736 -1.759 -352.580 0.966
-70.702 31.059 -364.710 0.874
-28.476 17.064 -415.462 0.925
-36.315 -68.133 -485.771 0.989
65.830 -85.153 -423.447 0.942
-29.647 -22.249 -472.530 0.939
-81.499 -21.793 -332.743 0.993
20.866 -47.304 -462.018 1.001
60.707 -31.543 -407.028 0.866
-30.814 71.667 -323.229 0.941
-2.745 6.148 -327.379 0.929
-50.193 -4.301 -401.185 0.952
-32.860 -95.567 -455.671 0.987
21.202 99.352 -455.071 1.156
33.157 64.473 -305.920 0.918
26.863 -93.492 -403.522 1.214
-38.239 4.314 -462.644 0.914
-48.769 92.842 -331.031 0.755
-7.251 -39.264 -300.322 0.873
28.053 -4.003 -369.097 0.935
-71.407 39.578 -481.346 1.034
-12.021 -69.300 -344.710 0.967
-88.677 -45.472 -382.723 1.141
30.499 55.033 -373.371 0.936
-60.832 14.708 -422.127 1.185
-8.498 93.061 -331.014 0.955
-42.819 91.836 -374.541 1.130
51.827 6.677 -359.578 1.020
-27.257 72.342 -309.588 0.980
20.938 57.101 -422.072 0.916
67.220 86.758 -495.074 0.985
4.507 62.345 -331.172 0.981
-27.613 12.611 -341.479 0.886
-95.484 77.443 -432.423 0.861
-58.303 -55.030 -497.278 1.010
50.631 -58.453 -465.855 0.808
92.312 -17.391 -402.722 0.938
38.559 10.240 -406.061 1.076
-43.953 94.230 -486.964 0.963
58.121 -30.581 -342.264 0.790
-22.716 -84.083 -322.346 0.968
-75.640 74.340 -351.041 0.912
-47.487 -70.123 -320.501 1.107
-84.576 63.252 -413.551 1.143
4.794 -75.457 -386.009 1.031
66.894 -71.274 -395.186 1.112
76.567 -23.670 -346.116 0.869
55.080 65.627 -363.998 1.128
-93.836 -54.386 -457.144 1.150
47.277 -25.400 -359.132 1.001
33.834 -43.095 -344.994 1.090
83.886 73.542 -314.898 1.036
92.421 39.807 -487.598 0.972
-17.454 32.830 -462.072 1.146
61.075 96.939 -499.571 0.833
-27.552 23.343 -413.827 0.848
-38.688 -97.631 -320.249 0.897
-92.390 -86.326 -452.948 1.024
45.886 -1.013 -417.709 1.132
81.943 -93.275 -378.822 1.093
46.627 -80.784 -472.095 1.069
70.023 -18.775 -322.742 1.115
-80.629 73.356 -412.764 0.926
11.229 -44.075 -468.075 1.022
-82.113 57.723 -390.962 0.900
-14.141 55.384 -431.748 1.103
27.096 79.260 -396.437 0.873
44.802 -96.128 -457.048 0.923
46.398 -52.118 -305.599 0.949
11.313 25.936 -318.368 1.036
90.569 -11.388 -380.075 1.003
5.943 -99.468 -393.785 0.945
23.861 55.758 -476.368 0.986
71.035 10.709 -346.806 0.990
-80.939 42.510 -356.589 1.052
74.571 3.476 -437.203 1.087
90.828 -56.704 -378.743 1.159
59.968 47.704 -346.871 1.134
66.101 83.627 -318.575 1.131
-80.886 -47.350 -397.491 1.076
71.852 58.859 -468.058 0.969
-64.629 -85.444 -456.902 0.843
6.940 64.052 -449.282 0.946
70.667 -92.280 -310.222 0.980
56.317 -32.970 -451.971 0.970
-10.539 82.741 -427.198 0.971
-35.480 46.458 -467.457 1.155
66.378 30.220 -371.877 1.086
36.542 66.936 -404.588 1.197
-14.022 -50.718 -303.217 0.915
-60.635 -59.475 -377.403 1.062
-0.476 -25.092 -305.965 0.904
-89.704 -54.799 -463.033 1.098
91.851 91.623 -320.155 0.927
-64.904 -77.618 -308.719 0.741
-54.412 -72.177 -336.409 1.097
-61.906 -30.039 -481.907 1.171
-1.455 -69.925 -340.813 1.089
35.752 1.532 -328.096 0.937
-85.242 50.393 -387.359 1.013
-14.414 -65.692 -305.501 0.801
99.849 -9.065 -454.638 1.004
40.003 17.486 -395.252 1.157
-3.721 -56.483 -479.017 0.936
68.806 -40.607 -429.315 1.078
-10.266 72.998 -419.629 1.128
7.654 23.748 -309.183 1.040
32.011 0.527 -408.692 0.978
-34.810 -56.999 -418.730 1.055
-27.732 27.513 -337.039 1.028
-20.905 -98.951 -318.051 0.829
-96.650 87.746 -418.150 1.203
9.938 60.580 -448.331 0.988
-55.229 -7.172 -480.124 1.064
-8.115 47.988 -312.681 0.960
17.513 -42.102 -455.226 0.959
38.455 84.002 -339.129 0.988
-43.191 19.042 -440.834 1.040
48.365 -7.533 -443.478 0.860
81.060 8.161 -413.260 1.072
17.432 90.455 -362.104 1.006
21.318 -70.793 -381.066 1.077
85.757 97.051 -473.804 1.108
86.388 51.256 -466.618 1.038
-72.900 -79.806 -379.958 0.923
50.738 78.464 -310.292 1.030
19.666 -67.806 -458.160 0.864
-34.628 32.567 -372.264 0.998
49.752 -76.413 -332.649 1.318
8.742 -6.143 -367.420 0.934
-78.615 -71.584 -322.188 1.121
45.620 -20.520 -343.979 0.930
-96.822 62.692 -458.807 1.215
99.719 -89.562 -454.188 1.069
-2.418 -28.204 -393.736 1.088
-72.994 -75.920 -424.723 0.932
-13.848 -60.604 -316.800 1.072
41.554 52.918 -333.365 1.086
-57.501 -60.210 -355.525 0.946
-9.125 27.829 -434.362 0.965
6.895 -67.245 -320.972 1.042
-39.873 -9.263 -471.300 0.897
-91.075 -91.131 -340.708 0.959
98.094 -34.414 -414.566 0.941
-67.762 -23.899 -443.310 0.920
78.791 92.306 -333.936 1.076
-73.977 3.175 -354.335 1.021
-34.885 19.188 -315.995 0.941
-52.943 -71.730 -400.461 0.990
85.653 -1.999 -403.395 0.933
-64.726 35.316 -462.715 0.941
82.974 -10.416 -353.660 1.120
-77.685 -81.814 -400.093 1.077
-69.219 97.334 -429.306 0.876
86.440 11.594 -353.420 1.029
93.950 -46.306 -396.694 1.002
-50.411 -49.933 -466.489 1.197
-15.501 10.577 -450.091 0.963
61.047 -85.681 -319.640 1.023
-25.832 -11.894 -327.738 0.952
77.141 59.745 -388.647 1.111
-42.922 -59.182 -456.243 1.014
-38.264 66.941 -423.922 1.032
-81.106 -60.197 -364.237 0.991
-58.477 42.390 -394.985 0.928
-42.171 -10.380 -436.231 0.948
9.017 15.922 -377.070 1.101
-73.803 36.873 -300.537 0.972
-32.717 1.370 -392.344 0.989
16.269 -12.150 -303.638 0.945
-49.466 -52.832 -474.369 1.076
-19.692 -37.913 -422.250 0.984
-58.948 78.510 -493.229 1.165
18.263 -55.198 -435.111 1.057
71.563 -76.690 -399.402 0.958
-10.906 -44.307 -493.664 0.969
26.843 -32.352 -459.095 1.052
-20.258 -98.261 -482.997 0.858
-96.610 -66.893 -333.037 1.041
79.333 13.823 -353.204 0.920
-9.091 0.296 -425.862 1.009
95.104 -28.845 -384.182 0.865
-56.694 -41.979 -450.024 1.235
42.784 -99.518 -412.604 0.961
31.388 82.118 -350.202 1.049
22.128 -2.350 -320.983 1.155
-5.903 16.035 -381.638 0.918
38.886 86.699 -394.089 0.932
41.339 72.793 -339.057 0.814
-96.161 -77.199 -312.875 0.771
53.937 68.194 -401.753 0.883
39.254 -33.568 -311.224 0.952
-28.491 98.922 -377.683 1.145
-61.121 55.622 -465.245 0.948
-59.156 45.453 -461.853 1.011
47.359 83.010 -313.978 0.935
-63.941 -86.641 -448.743 0.855
63.331 2.931 -312.759 1.094
-47.976 -65.647 -381.806 0.855
-65.811 -31.533 -354.697 1.233
-70.190 49.172 -353.978 0.920
-50.690 62.532 -321.047 1.043
71.160 36.794 -328.309 0.804
42.392 46.882 -401.967 1.149
34.159 69.530 -333.254 0.708
-20.354 -99.110 -304.162 0.911
13.190 17.726 -391.332 0.850
-95.994 52.081 -379.860 1.063
59.651 37.609 -428.401 1.103
-53.572 -55.109 -402.645 1.068
-18.449 -4.474 -320.643 1.055
77.227 52.727 -439.148 1.160
72.752 56.668 -445.850 1.115
-71.996 39.633 -349.883 1.163
93.329 49.076 -302.277 0.728
77.944 -50.345 -465.531 0.760
61.927 -94.946 -380.543 1.064
-6.029 -20.247 -479.175 0.809
1.004 -31.434 -452.687 1.058
12.836 -13.686 -410.536 1.106
19.697 57.678 -337.947 1.004
-8.481 12.019 -366.150 0.910
-88.852 -26.160 -452.768 0.954
-16.260 -18.755 -464.237 1.006
-61.344 43.119 -300.704 0.962
81.903 4.234 -333.841 0.986
-6.679 1.759 -381.097 1.199
9.387 58.326 -373.012 1.069
-23.601 -71.034 -476.797 1.032
58.631 -63.755 -380.937 1.044
-14.403 66.422 -306.503 0.994
-71.004 1.757 -364.947 1.037
-21.791 -84.191 -373.371 1.039
-79.277 -54.320 -406.200 1.107
-87.175 -82.273 -464.352 1.107
-96.203 -57.236 -404.554 1.051
-97.242 -94.408 -361.090 0.994
15.430 0.307 -361.428 1.011
8.733 -35.991 -485.227 1.045
52.610 -55.260 -468.893 1.138
-48.365 -40.474 -416.823 0.989
-60.706 -37.362 -457.471 1.051
13.340 16.854 -300.627 1.122
76.202 -93.787 -344.353 1.161
-35.252 -34.666 -305.325 0.962
-9.949 -98.137 -356.584 0.959
-95.431 -69.119 -485.393 0.985
68.924 39.157 -420.429 1.053
-62.032 -67.825 -376.548 1.100
55.704 -14.846 -372.893 1.149
-59.792 -76.046 -443.042 0.781
49.747 -35.659 -405.594 0.928
10.602 -29.388 -394.658 1.064
-41.999 53.251 -341.148 1.037
-29.326 68.832 -354.143 1.187
61.998 32.578 -318.218 1.014
53.035 46.974 -402.605 0.959
19.119 55.776 -406.336 1.048
63.569 62.206 -331.317 0.964
68.213 -0.640 -447.653 0.888
38.114 21.817 -327.494 0.857
46.075 -30.309 -318.112 1.129
-85.618 -66.127 -306.312 1.086
50.322 7.047 -426.205 0.934
85.050 -75.548 -372.224 0.991
-77.912 76.318 -421.975 0.980
16.439 59.241 -393.557 0.983
7.331 -38.469 -427.391 1.014
-92.974 -20.133 -357.635 1.000
26.892 -66.311 -312.897 0.973
17.060 33.244 -390.973 1.244
-31.607 32.307 -372.353 1.037
-94.369 37.283 -477.360 0.961
51.421 -78.501 -301.366 1.127
35.514 -62.318 -489.016 1.020
-90.691 44.811 -332.962 1.085
-61.330 -64.549 -466.062 1.054
96.906 40.486 -374.626 0.948
45.560 17.998 -359.419 1.072
9.180 53.730 -377.832 0.991
-10.031 57.414 -378.336 1.031
58.133 0.696 -477.246 0.967
71.196 -90.696 -415.893 1.018
-80.294 -57.437 -431.274 0.968
32.045 53.656 -452.805 1.080
-52.334 91.747 -389.529 1.048
16.272 -37.744 -423.263 1.056
88.937 -87.081 -357.428 1.023
18.261 -80.707 -469.476 1.118
7.069 47.910 -392.008 1.085
-69.337 -98.580 -311.562 1.029
-52.399 -41.288 -436.475 0.823
12.260 12.518 -323.306 1.056
-28.337 -96.238 -303.128 1.094
74.560 -28.560 -470.197 0.932
-22.336 -71.330 -305.351 0.911
38.832 5.569 -313.063 0.837
33.073 30.003 -341.216 0.989
-82.523 -3.270 -376.904 0.822
27.116 -36.935 -304.061 0.782
-1.450 1.057 -454.074 1.063
73.639 -51.597 -454.866 0.969
73.223 -37.357 -442.527 0.914
-3.626 34.307 -392.558 1.008
79.106 -77.928 -303.322 1.040
-58.110 -19.352 -450.832 0.948
-0.244 -84.110 -372.529 0.960
-62.798 -44.500 -419.421 0.961
-82.001 -93.019 -473.816 1.090
-4.426 57.827 -446.662 1.113
-10.285 -99.964 -402.314 0.890
39.683 -75.582 -493.026 1.044
-45.636 -58.604 -432.443 1.018
97.174 41.869 -413.392 0.844
19.951 44.519 -384.572 0.972
-0.307 64.461 -339.590 0.896
-96.607 75.604 -425.341 1.022
37.210 13.779 -357.326 1.022
48.478 32.630 -459.731 0.854
57.985 -14.503 -324.847 1.056
9.523 65.217 -403.253 1.011
-86.771 -97.763 -391.200 0.993
48.600 8.067 -414.519 0.983
81.174 -21.155 -315.697 1.130
34.060 -21.643 -336.588 1.075
-86.271 -30.220 -488.514 1.038
51.592 -91.667 -323.559 1.149
3.790 -7.845 -472.244 1.063
20.666 80.051 -476.942 0.892
-53.889 -57.983 -346.366 1.059
-76.024 -66.226 -380.405 1.007
-52.216 -68.249 -353.111 1.148
81.045 -19.434 -362.433 0.849
-96.042 -85.949 -477.074 0.986
62.519 18.577 -397.920 0.988
-61.429 -15.124 -454.635 0.758
25.445 -76.698 -400.944 0.922
27.599 54.284 -311.616 0.941
6.366 58.020 -498.343 1.007
82.676 26.254 -496.273 0.989
-95.774 27.616 -361.300 1.062
34.166 21.400 -401.008 0.990
77.642 31.932 -439.307 0.975
-98.689 88.832 -356.850 1.017
95.201 70.578 -375.432 1.019
23.257 -75.983 -404.522 0.957
-22.152 68.534 -315.126 0.862
-47.941 -35.640 -345.446 0.966
-35.553 67.413 -312.399 1.140
95.659 -70.542 -433.295 1.172
32.772 35.719 -422.902 0.750
59.444 74.099 -362.000 1.120
-81.581 -89.541 -427.445 1.155
-64.849 77.913 -485.945 0.972
-49.256 -84.174 -477.094 1.013
-10.049 0.931 -448.825 0.891
-30.190 25.957 -324.960 0.849
52.462 30.396 -469.698 1.076
94.969 15.232 -377.508 1.178
20.342 55.994 -333.048 0.894
-16.187 -31.291 -370.959 1.103
81.093 23.364 -353.844 0.992
56.164 -71.986 -313.911 0.835
-73.698 18.420 -427.178 1.028
-17.589 0.056 -333.227 0.888
-68.665 -50.538 -419.571 1.007
63.820 -83.946 -497.036 0.819
16.466 19.908 -350.269 1.099
-70.598 -61.057 -499.055 0.932
-49.076 -67.594 -342.971 1.061
37.731 69.780 -453.362 1.037
-83.019 -82.340 -313.723 0.755
7.155 -8.927 -327.937 0.854
93.047 77.440 -489.975 1.034
-5.782 95.167 -436.304 0.989
-89.337 74.680 -498.970 1.076
-97.491 -27.123 -380.807 1.048
-71.195 22.153 -450.072 0.917
77.578 63.811 -337.678 0.862
-72.966 97.935 -477.240 0.958
-35.139 -88.583 -398.327 1.030
22.768 -97.527 -371.792 0.965
25.436 48.030 -449.930 0.928
46.648 61.201 -444.123 0.868
80.346 -91.823 -354.859 1.140
-82.268 63.004 -411.870 1.049
59.209 71.306 -390.420 0.936
-55.941 58.369 -389.582 0.907
-17.271 -79.633 -321.466 1.117
66.524 38.415 -307.169 0.695
32.368 -61.193 -383.651 0.844
84.391 -55.055 -457.139 0.977
10.516 40.463 -357.158 0.931
34.249 -11.054 -363.078 0.963
68.035 -65.582 -458.892 0.780
-79.027 56.508 -496.042 0.767
82.384 -12.495 -412.117 0.924
9.614 32.655 -495.431 1.168
7.874 79.104 -321.932 0.999
2.428 -58.969 -437.295 1.049
70.447 -61.879 -300.796 1.070
47.909 -60.326 -417.335 0.952
16.977 49.987 -490.633 1.150
-90.194 56.605 -464.477 0.890
-5.483 71.479 -365.604 1.139
79.232 41.202 -421.375 1.057
-79.385 41.090 -304.965 0.962
25.845 -98.273 -444.671 1.013
85.756 -75.733 -494.218 0.956
-73.063 45.136 -476.650 1.011
82.158 -84.723 -310.895 1.074
-49.265 32.032 -459.526 0.937
51.880 89.066 -389.000 1.007
-17.951 26.085 -412.050 1.087
47.616 59.218 -430.393 0.800
1.185 35.405 -495.051 0.841
-27.608 -46.737 -359.702 1.037
-61.103 18.747 -398.944 0.948
11.097 -34.763 -315.109 1.148
2.173 77.985 -366.938 1.006
-16.917 -45.211 -454.772 0.973
-89.269 -53.481 -425.864 1.020
-73.593 -61.465 -428.698 0.977
54.942 7.675 -414.042 0.881
86.985 -82.903 -460.331 0.965
25.156 -66.097 -410.646 0.845
-96.455 -21.587 -381.690 1.043
33.639 95.054 -442.160 0.952
72.061 -75.157 -361.770 0.977
79.687 4.115 -448.257 0.934
41.979 11.185 -458.857 1.053
40.905 -61.860 -377.612 0.956
63.558 -10.350 -301.391 0.887
77.823 50.228 -326.217 1.089
-7.019 64.124 -457.852 1.099
7.875 16.312 -363.750 1.050
32.561 30.223 -475.935 1.021
96.206 71.799 -436.557 1.145
-16.352 30.038 -304.267 0.891
-71.182 78.500 -371.098 0.983
-66.798 71.273 -461.163 1.167
-77.449 96.729 -379.634 1.027
-5.252 -40.220 -309.732 1.031
-22.655 54.500 -444.048 0.987
-93.737 -13.713 -404.315 1.014
16.969 -3.178 -466.414 1.016
77.234 -39.357 -388.335 0.946
-13.890 97.955 -462.693 1.114
90.415 -94.853 -304.070 0.986
81.121 32.842 -442.238 1.123
-40.019 -45.302 -370.062 1.116
32.251 85.206 -464.321 0.962
-34.012 82.341 -323.433 0.990
-66.427 -93.103 -335.920 0.871
-31.474 -58.798 -425.990 0.887
68.575 99.872 -470.816 1.130
72.597 58.546 -474.506 0.870
-86.283 -76.015 -329.566 1.047
0.886 72.075 -440.787 1.189
-42.565 38.874 -349.429 0.970
-25.050 59.126 -322.675 1.082
49.454 17.835 -341.382 1.092
28.807 -45.970 -302.526 0.912
73.612 -25.702 -396.932 1.047
0.880 -36.973 -315.486 0.868
6.226 -66.733 -422.054 0.862
37.519 -6.850 -465.278 0.920
19.735 -1.615 -499.958 1.006
-26.283 11.439 -304.193 0.809
-45.896 36.028 -354.995 1.033
41.254 -19.878 -439.969 0.703
-86.766 17.952 -339.489 0.888
91.048 -14.759 -494.045 1.167
1.061 14.102 -338.410 0.982
40.275 87.166 -360.907 1.023
-55.636 -44.363 -494.554 0.962
3.072 26.203 -496.047 1.195
-53.558 -22.296 -318.845 1.119
50.350 63.449 -489.636 0.998
82.070 -52.004 -308.451 0.889
-55.251 -36.228 -380.387 0.952
15.347 -44.016 -302.504 1.111
78.555 17.248 -343.876 0.925
-80.384 79.503 -498.946 1.036
21.788 95.379 -364.416 1.088
-50.106 19.391 -408.364 1.203
-14.746 34.179 -301.679 0.987
95.940 -38.578 -424.604 1.114
6.783 -28.504 -344.270 1.180
-33.585 49.628 -321.196 0.847
-1.780 -12.729 -366.816 1.105
-36.842 88.830 -413.053 0.921
11.507 -98.395 -315.591 1.047
39.075 -72.023 -371.229 0.999
-87.203 -86.327 -470.681 1.234
7.619 -38.702 -360.123 1.034
-12.868 55.375 -383.800 1.116
-32.896 68.068 -420.324 1.059
