90.639 -26.788 -328.968 1.004
-86.916 83.250 -412.784 1.078
98.784 -63.759 -455.936 0.967
-43.177 -38.710 -472.574 1.001
-26.177 -51.919 -314.236 0.872
-96.778 -59.793 -461.250 1.124
58.899 73.232 -347.882 0.957
88.338 0.791 -482.162 1.033
-92.477 51.526 -358.357 1.126
55.915 -19.095 -457.469 0.808
-13.653 -6.348 -424.825 1.024
88.755 27.624 -321.349 1.073
30.541 95.701 -410.468 1.012
-66.418 91.243 -381.410 1.037
-24.035 -86.821 -316.045 0.880
-47.540 -75.393 -355.521 0.770
-44.056 -13.742 -392.790 0.937
66.489 68.984 -400.494 0.996
-25.905 1.813 -378.912 1.039
77.590 -23.693 -460.855 0.874
-67.733 24.156 -493.251 1.035
88.462 85.272 -337.773 0.966
68.726 46.893 -316.325 1.086
17.923 79.531 -481.108 1.124
-7.913 -92.393 -301.053 1.198
33.402 -55.322 -454.847 1.054
73.405 -81.234 -357.234 1.048
29.698 22.050 -468.108 1.112
-31.692 55.245 -320.157 0.918
34.278 -36.480 -442.050 1.038
70.857 2.369 -321.029 1.012
36.670 -73.584 -401.864 0.891
18.112 -71.902 -464.306 0.911
68.627 67.370 -342.246 0.985
-36.303 69.474 -340.072 1.046
-98.525 51.902 -463.640 1.142
-26.207 22.155 -402.291 1.067
-90.814 13.850 -356.232 0.943
29.087 63.769 -335.866 1.148
-22.395 78.678 -387.681 0.983
-77.128 -30.197 -422.718 0.794
66.677 -79.105 -392.322 0.902
-98.825 -3.985 -445.939 0.830
39.990 -45.406 -390.247 1.185
9.401 21.747 -407.473 1.074
-55.859 -94.774 -453.471 1.149
-6.401 43.042 -410.348 1.014
71.257 3.350 -432.626 1.049
-73.312 -90.212 -318.476 1.092
-70.101 33.291 -472.922 1.064
85.343 -77.835 -304.605 1.131
77.755 14.245 -429.896 0.958
79.031 43.520 -456.218 1.233
65.515 67.783 -366.585 1.017
-52.602 26.593 -417.302 0.934
12.804 2.726 -456.360 0.789
16.583 -21.751 -458.666 1.042
-34.285 59.787 -488.280 1.066
39.558 -95.381 -382.115 1.050
61.243 -37.676 -328.889 1.004
14.474 94.152 -343.498 0.837
-96.535 -31.665 -395.379 0.943
39.784 95.627 -412.733 1.015
-39.009 -66.251 -437.179 1.074
13.240 -74.634 -484.128 1.187
-84.055 -89.826 -306.896 1.059
-13.547 -31.798 -335.837 0.998
-96.654 -82.476 -306.828 0.836
62.776 82.629 -429.211 0.806
79.956 67.845 -333.685 1.006
35.465 81.454 -423.674 1.030
27.599 -73.173 -370.755 1.007
-88.802 -30.004 -438.007 0.885
58.610 27.046 -301.420 1.061
73.694 99.880 -316.876 0.845
41.919 98.636 -306.691 0.825
53.903 -86.043 -492.055 0.866
-91.561 -2.665 -425.509 1.066
-44.723 36.373 -406.029 0.997
13.532 -71.695 -399.249 1.022
96.226 27.945 -349.007 1.207
-70.411 1.603 -471.082 0.946
69.634 -57.550 -372.185 0.802
-25.140 76.585 -370.087 1.038
-80.380 -66.365 -456.129 0.974
-76.372 58.975 -384.980 1.077
-26.308 26.912 -466.881 0.860
-0.723 -54.385 -383.460 0.938
6.743 92.871 -440.542 0.897
58.898 -33.125 -404.377 1.005
31.638 -75.002 -394.500 0.959
-84.463 38.045 -379.526 1.027
-57.152 76.758 -464.119 1.026
-15.518 20.971 -456.645 0.806
26.117 74.925 -364.354 0.980
70.102 -94.056 -344.091 1.016
23.497 -53.488 -346.217 0.995
-74.877 -28.694 -387.006 0.949
-38.719 -41.953 -421.089 0.945
-1.116 7.063 -403.227 0.676
-15.587 64.807 -432.079 1.134
78.564 -63.049 -363.501 1.075
-52.761 -97.812 -454.877 0.860
-85.919 -2.196 -343.385 0.932
-70.249 59.573 -412.712 1.034
-86.764 -7.122 -497.294 1.097
-63.039 78.640 -491.361 0.958
-74.410 89.165 -464.683 0.903
-98.962 -80.334 -351.003 0.895
97.236 88.378 -485.270 1.032
6.049 36.891 -488.061 0.997
97.691 -98.079 -323.177 1.032
-96.884 48.792 -462.977 1.064
-81.604 -25.263 -447.798 1.050
89.350 74.081 -300.945 0.786
-7.187 44.717 -431.961 1.226
58.346 55.508 -342.062 0.970
46.769 -5.001 -496.813 1.092
-28.392 32.501 -302.073 0.970
-6.927 19.978 -384.775 1.056
-84.728 59.344 -468.836 0.962
-60.378 -74.241 -432.971 0.737
-98.381 -33.419 -451.501 0.967
19.533 -63.897 -386.769 1.212
-75.134 69.212 -345.326 1.045
83.232 -87.177 -344.434 0.948
47.160 -5.915 -362.080 1.037
-88.735 10.341 -354.729 0.886
26.437 88.005 -441.557 0.987
31.790 86.355 -374.888 0.941
83.142 88.622 -408.908 0.990
0.288 -68.224 -384.946 0.987
56.722 2.630 -371.427 0.996
-73.365 39.156 -387.171 0.893
-84.847 -59.387 -330.292 1.004
-29.002 -47.648 -479.935 0.930
-46.885 -57.270 -469.221 0.866
33.510 -16.396 -466.869 1.077
-12.592 53.434 -466.850 0.939
-4.787 -99.707 -482.425 0.777
-54.609 -61.549 -494.466 0.995
-93.031 -91.584 -322.626 0.840
72.138 -90.393 -423.364 0.967
-74.445 -80.839 -308.068 1.111
88.872 45.085 -345.887 0.835
23.834 -68.168 -459.633 1.100
-68.221 -96.517 -404.630 1.032
70.803 42.065 -316.299 0.970
67.389 -21.530 -401.205 0.908
84.053 30.541 -305.825 1.026
-15.387 -2.188 -407.843 1.103
-80.921 -4.406 -319.340 1.081
57.124 -14.139 -334.250 1.074
3.330 97.828 -360.560 0.965
-98.170 -40.862 -314.548 0.977
-0.513 -32.210 -378.746 0.969
-0.783 -47.439 -316.698 1.161
-46.646 4.858 -439.617 1.008
-63.200 2.329 -410.860 1.100
80.072 -85.833 -438.110 1.091
-62.508 88.212 -319.793 1.044
95.496 74.709 -363.912 1.040
-64.292 -48.837 -362.196 0.811
-76.438 67.982 -443.545 1.047
-42.615 61.114 -417.824 1.152
-36.605 -12.833 -381.477 0.896
51.732 -40.769 -435.054 1.015
-91.059 -99.257 -367.464 1.068
66.761 18.989 -413.317 0.984
99.387 24.105 -389.776 0.856
70.931 50.336 -351.316 0.870
73.623 -68.652 -313.358 0.969
-58.047 -63.197 -384.928 1.181
99.557 -65.070 -425.063 1.053
-78.877 31.720 -304.503 0.938
-45.341 -98.486 -397.857 0.927
97.799 84.873 -470.042 1.171
-94.888 -62.239 -428.983 0.975
87.224 56.221 -485.462 1.132
-40.297 -94.827 -496.305 0.987
25.927 -42.589 -382.439 0.921
-83.180 -11.452 -491.337 0.966
-43.733 -23.479 -424.040 0.900
42.741 41.532 -460.449 0.969
-90.630 -23.310 -317.326 0.895
-26.417 99.273 -411.674 0.994
-45.810 1.833 -464.212 1.095
-22.819 82.183 -478.344 1.141
-12.266 -51.333 -446.868 1.073
-71.237 17.979 -341.213 1.079
14.368 95.879 -447.491 0.922
-35.526 -30.065 -403.713 1.141
33.584 37.981 -321.938 1.006
49.052 -24.377 -483.387 0.926
1.121 13.605 -480.619 0.820
-10.074 -7.778 -362.032 1.010
-82.651 -96.004 -365.391 1.068
-45.982 -80.894 -384.113 0.980
86.364 -89.189 -422.786 0.879
-88.487 81.349 -474.536 1.003
26.194 -97.051 -365.159 1.011
-80.897 -70.725 -368.032 1.096
-7.895 -85.947 -419.130 1.076
-29.362 30.782 -353.488 1.102
38.867 -3.441 -348.373 1.131
28.993 -52.610 -347.424 0.815
-31.413 -73.473 -352.766 1.062
44.652 42.764 -328.171 0.848
-35.041 -57.477 -452.009 1.350
-78.911 -41.943 -462.801 1.008
-7.541 -18.369 -448.733 0.980
58.474 -56.399 -325.480 1.009
71.303 -28.139 -398.024 1.099
50.769 -49.317 -479.016 1.029
31.316 -13.261 -416.579 1.114
-3.359 -1.345 -320.321 0.940
7.260 28.406 -434.811 0.865
-37.059 -36.994 -451.318 1.014
-80.487 -6.094 -440.715 1.020
-10.241 -46.153 -386.077 0.988
6.717 34.339 -351.772 0.931
-70.037 -52.858 -405.962 1.077
53.741 8.249 -377.266 1.033
-28.215 93.108 -304.169 0.828
31.108 41.634 -497.786 1.020
74.456 87.389 -352.301 1.040
-22.778 49.138 -360.967 1.071
-67.965 -17.581 -369.288 1.136
90.148 49.993 -336.881 0.947
-7.092 -92.625 -425.560 0.996
-43.549 24.082 -469.227 0.808
-27.803 -12.250 -467.218 0.987
28.782 -91.716 -454.481 0.852
-35.105 -17.033 -393.721 0.974
-50.933 67.537 -447.409 1.129
49.246 66.081 -363.333 1.006
-9.340 -59.457 -487.794 1.074
-10.256 -20.023 -383.872 0.969
-28.686 30.344 -497.510 0.955
64.288 94.266 -469.976 0.917
4.062 -51.194 -475.484 0.896
-0.026 24.794 -441.945 0.860
79.281 15.370 -440.351 1.102
-3.586 92.317 -473.428 1.014
-6.035 27.788 -417.999 0.996
32.208 -73.665 -387.235 1.052
-90.078 -31.258 -352.892 0.924
-32.698 -66.289 -459.897 1.185
-80.394 -18.004 -333.357 0.981
-8.259 -25.207 -495.994 0.825
9.662 -63.836 -375.829 0.946
-25.092 -16.238 -475.500 1.042
-60.573 -25.020 -343.113 1.022
-73.160 72.840 -329.787 1.034
-8.777 88.639 -424.235 1.181
-35.914 -58.116 -379.629 1.006
80.340 -66.196 -449.873 1.011
-54.883 78.444 -339.366 0.977
41.852 85.041 -404.462 1.039
0.769 87.710 -348.041 0.993
51.949 -20.816 -420.433 1.054
-24.116 57.019 -300.758 0.870
93.764 -30.772 -460.261 0.877
59.835 47.685 -379.051 1.006
-42.107 -46.320 -392.675 0.936
-24.520 34.746 -393.368 1.108
62.583 -92.142 -353.826 0.621
68.568 -0.547 -345.318 1.050
67.175 -98.654 -445.489 0.923
55.742 -94.092 -303.873 0.940
-86.212 -54.704 -462.002 0.866
-61.770 -42.465 -399.097 1.009
82.853 37.981 -347.474 1.027
-4.482 66.163 -397.104 1.097
-12.085 -45.160 -424.776 0.958
92.217 -4.208 -386.586 0.995
-19.594 -54.909 -436.760 1.094
24.683 -52.285 -398.673 0.954
-93.643 -54.995 -333.443 0.958
69.006 16.724 -350.667 1.005
-79.085 -69.408 -479.731 1.249
-0.616 41.388 -370.735 0.888
74.464 -51.123 -367.597 0.977
-24.099 -81.698 -334.881 0.923
16.112 -86.020 -318.658 1.119
-31.380 61.004 -410.357 1.020
-45.379 -52.059 -404.223 0.974
-92.829 -46.743 -495.766 1.002
-75.278 79.267 -421.631 1.106
-1.280 14.951 -467.392 0.880
14.078 3.452 -345.579 1.009
-16.230 78.752 -487.635 1.042
71.713 -72.345 -491.588 0.999
-18.990 -80.471 -350.852 1.059
-67.902 -84.375 -458.398 0.812
65.712 65.770 -411.469 0.988
22.156 86.851 -457.791 1.016
40.440 49.073 -355.761 0.799
88.760 -8.451 -432.099 1.045
-59.067 -56.462 -441.574 1.022
5.732 -21.195 -333.319 0.830
15.024 -43.608 -309.034 0.910
-63.991 -93.897 -395.778 1.068
-32.098 -78.073 -335.023 1.069
-56.100 -98.158 -392.853 0.921
3.765 -75.646 -441.603 0.914
35.924 12.080 -430.753 0.933
-62.621 -15.614 -425.440 1.175
97.229 -51.007 -313.201 1.229
-18.416 74.562 -371.807 0.868
42.243 31.543 -308.591 0.966
-47.378 -8.370 -454.479 0.929
96.346 29.616 -462.404 0.951
-64.350 -80.955 -497.793 0.962
77.167 63.192 -314.790 1.015
-31.958 -84.221 -428.598 1.157
-5.990 69.326 -397.571 1.002
-44.548 -95.919 -394.386 1.024
52.271 -36.721 -340.006 0.885
65.899 49.543 -459.357 1.100
-75.025 66.040 -380.715 1.080
-71.343 -38.793 -434.879 0.880
-39.443 11.339 -430.830 0.930
83.300 30.976 -311.800 0.927
21.999 -10.545 -484.354 1.023
95.176 -41.090 -482.001 0.982
-20.675 -51.779 -355.447 1.086
-91.710 -6.471 -418.559 1.011
1.434 -90.619 -380.302 1.010
-56.745 -35.350 -482.960 0.989
-69.457 23.926 -460.161 1.074
49.656 -81.194 -477.405 1.163
-13.859 2.149 -324.920 1.035
4.494 -91.057 -469.170 1.067
-98.038 -79.069 -401.686 0.866
84.558 -99.537 -457.672 0.927
13.246 -56.241 -391.653 0.897
-19.688 3.539 -318.251 1.161
98.799 61.602 -435.597 0.987
42.334 93.514 -456.877 0.983
-39.900 -34.369 -397.567 0.841
-28.845 87.153 -492.247 0.995
84.161 -42.833 -471.028 0.870
14.287 -8.010 -458.308 1.001
-45.552 35.619 -318.258 1.010
-22.704 -96.465 -366.136 0.914
40.222 -88.112 -393.543 0.985
-13.776 -9.565 -466.596 1.081
19.271 98.561 -452.536 0.846
66.834 90.649 -431.484 0.978
48.465 -84.513 -347.018 1.031
14.628 -48.116 -403.263 1.010
86.471 58.063 -395.125 1.140
2.756 50.847 -472.806 0.830
-59.799 -84.750 -397.684 0.920
-49.457 -7.283 -447.680 1.082
39.837 67.833 -471.095 0.746
-88.097 -45.187 -356.103 0.934
56.308 79.093 -475.505 0.928
22.122 92.920 -431.370 0.784
-15.123 -43.804 -444.271 0.947
-43.333 41.980 -319.210 1.065
41.815 65.317 -392.906 0.917
88.494 -24.792 -438.474 1.071
-68.483 7.671 -333.227 1.048
33.059 -41.721 -300.581 0.956
82.385 92.854 -407.562 0.984
-13.356 15.269 -434.578 1.025
0.613 13.169 -370.739 0.992
-72.067 -80.651 -308.155 0.907
14.728 41.657 -481.533 1.121
92.227 83.929 -424.181 0.990
-90.647 19.468 -480.304 0.972
63.625 26.367 -379.930 1.079
69.521 82.588 -369.910 0.823
-86.140 37.170 -383.753 0.910
50.010 35.075 -409.315 1.098
-26.370 -21.222 -312.250 1.108
44.022 55.296 -335.976 0.994
-5.719 -88.391 -401.118 1.082
40.791 -31.671 -391.084 1.005
59.115 78.289 -338.216 1.017
-21.481 16.641 -334.214 0.958
-84.459 19.000 -388.782 0.943
53.270 -96.632 -497.206 0.891
-38.676 -90.866 -303.015 0.983
-44.974 83.180 -481.535 0.911
55.290 3.516 -411.220 0.905
37.180 8.320 -319.566 1.059
-79.872 -25.308 -388.038 1.044
65.747 -93.225 -453.885 1.008
6.691 -25.736 -491.081 1.140
86.834 1.154 -325.222 1.067
-86.405 -37.383 -441.171 1.068
91.309 -49.838 -457.026 1.131
10.917 50.284 -300.061 1.036
23.772 33.825 -392.644 0.962
93.474 -26.058 -480.514 1.151
16.185 55.943 -445.794 0.974
9.769 -38.029 -490.723 1.054
-62.088 9.755 -410.414 1.132
-42.047 76.926 -403.100 1.132
-3.134 28.512 -344.911 1.115
75.971 -7.858 -469.323 0.967
-47.815 -46.496 -462.340 1.036
-31.811 -22.185 -456.727 0.961
53.211 15.210 -426.466 0.959
-21.298 28.038 -472.675 0.982
-85.169 -66.489 -419.794 0.891
-39.591 70.540 -440.971 0.983
-16.927 -63.758 -455.925 1.028
-38.982 7.054 -476.395 1.006
-37.226 44.634 -462.567 1.163
30.638 53.831 -315.712 0.875
27.510 -76.867 -413.879 0.993
-55.491 72.666 -352.562 1.023
63.474 93.354 -427.980 1.060
23.738 -38.466 -392.917 1.082
-86.082 37.557 -387.574 0.943
70.831 -63.240 -466.416 0.917
23.550 99.609 -417.552 1.093
99.279 -17.276 -474.313 0.888
8.815 -11.352 -327.888 1.041
33.247 9.817 -381.743 0.989
-28.028 -49.022 -381.869 1.071
-90.322 -49.127 -457.183 1.132
5.503 70.233 -497.033 1.013
-5.629 61.540 -410.855 0.948
-79.246 56.090 -330.609 1.068
19.224 -86.617 -493.349 0.990
34.308 -77.437 -350.124 1.073
-35.037 0.396 -485.657 1.025
46.556 -46.630 -491.974 1.019
-15.987 -48.843 -396.398 0.953
-48.697 63.656 -356.017 0.933
-84.793 24.839 -335.048 1.120
-60.406 5.511 -341.177 1.027
82.295 -4.862 -349.997 0.974
20.639 -39.056 -443.902 0.998
32.518 -67.250 -469.857 0.837
15.980 51.169 -426.061 1.165
-2.304 22.779 -485.406 1.151
-57.994 66.249 -340.054 1.018
8.836 -76.628 -313.225 1.004
20.816 -66.882 -480.358 1.025
-29.035 -94.895 -301.878 1.044
-4.430 -82.129 -305.287 1.098
-34.679 48.105 -384.952 1.061
10.582 -29.217 -346.046 1.007
-82.594 40.298 -452.059 0.933
-70.345 38.199 -489.081 0.938
37.067 -79.505 -477.650 1.087
86.483 38.956 -326.637 0.899
84.330 -63.478 -300.042 1.111
-0.359 15.882 -311.280 0.929
53.725 4.179 -466.865 0.944
-77.753 -11.461 -325.130 1.127
-20.623 -87.066 -310.201 0.984
21.080 -40.034 -385.360 1.054
-16.115 89.609 -438.262 1.091
68.757 -33.978 -453.563 1.036
-78.183 54.119 -453.064 1.115
-14.132 69.663 -442.643 0.758
-90.140 -45.786 -358.391 0.986
-94.558 85.692 -412.079 0.913
-45.225 -99.046 -483.730 0.907
27.724 1.720 -301.236 1.099
47.430 41.342 -343.383 0.835
79.562 -0.417 -489.316 0.829
26.549 -35.905 -310.935 1.024
58.521 55.810 -453.847 1.027
-7.820 70.505 -427.894 0.900
28.782 7.147 -307.371 1.001
71.155 -10.339 -453.555 1.047
-54.891 -95.188 -468.085 1.136
-53.884 36.634 -373.716 0.914
46.555 61.128 -304.346 0.979
-35.305 54.144 -467.198 1.187
-50.988 -6.387 -476.806 0.873
62.067 98.183 -481.941 1.005
58.578 30.453 -436.945 1.058
53.049 40.729 -315.709 0.975
60.267 -83.809 -338.923 0.962
91.608 -2.904 -475.318 1.052
-67.463 20.411 -333.636 1.006
69.039 35.669 -484.281 0.983
-20.700 -14.438 -357.068 0.713
74.485 -37.998 -469.624 1.023
28.738 53.228 -336.874 1.076
-15.619 47.611 -490.749 0.860
-10.646 32.161 -463.412 1.014
82.765 -35.359 -434.106 0.771
-83.567 99.807 -300.852 1.055
-77.986 -4.833 -334.342 0.898
64.164 69.606 -323.108 0.918
54.017 -68.010 -346.157 0.982
29.177 48.825 -364.759 0.875
98.497 -96.309 -366.327 0.949
80.626 -21.521 -340.179 1.008
-76.296 4.139 -361.931 0.994
7.570 -9.571 -421.640 1.056
62.266 -30.870 -409.809 1.089
-68.852 36.420 -470.698 0.953
97.467 71.603 -369.085 1.005
-0.954 -73.405 -371.747 1.141
66.568 -25.996 -495.410 0.781
88.044 -13.110 -370.672 1.006
-82.447 46.428 -342.097 0.824
14.244 -34.408 -318.910 0.773
-18.788 -85.121 -487.735 1.051
-94.301 67.867 -372.790 0.951
-65.536 23.667 -456.444 0.993
-97.139 -29.172 -334.998 1.137
79.471 3.941 -403.945 0.990
-14.045 -65.710 -456.480 1.035
-16.243 7.419 -441.541 1.032
28.363 45.226 -324.360 1.004
99.644 91.910 -436.004 0.899
-57.342 -26.484 -315.553 0.973
-30.806 72.811 -489.095 0.951
-29.189 -70.119 -439.455 0.934
93.635 16.875 -413.922 0.948
87.988 13.477 -400.034 0.970
-0.293 -29.263 -414.515 1.137
-94.936 -95.622 -380.664 0.835
38.610 5.943 -389.187 0.800
-71.018 -37.042 -464.060 1.068
77.497 75.139 -346.552 0.976
43.322 -44.208 -469.693 0.936
15.236 39.699 -333.805 1.094
97.149 24.945 -372.777 0.890
95.273 23.038 -447.233 0.921
-41.085 25.673 -356.679 1.057
60.749 -3.733 -484.003 1.172
97.116 -7.658 -330.699 1.075
91.690 4.343 -306.540 1.015
-12.156 71.773 -356.471 0.946
-60.188 75.108 -424.310 0.943
94.497 46.537 -493.964 0.937
50.545 36.101 -407.334 0.924
-46.968 -14.740 -317.840 1.060
-77.678 79.038 -396.796 0.984
45.775 -10.238 -459.204 0.749
-56.791 -9.048 -412.412 0.953
11.966 15.317 -457.561 1.076
97.697 -62.836 -373.242 1.051
-72.754 -46.726 -325.554 1.078
63.990 22.645 -427.433 0.872
-92.498 -91.162 -493.405 1.139
-36.058 89.594 -489.127 0.936
99.748 -82.505 -331.419 1.025
-92.262 77.711 -441.696 0.977
-55.035 -65.487 -319.497 1.087
-8.587 74.620 -420.799 1.073
-11.029 -88.186 -403.995 1.064
17.453 94.223 -478.126 0.928
7.714 56.800 -472.486 0.798
-71.404 13.037 -447.873 1.197
-14.716 97.505 -394.243 1.013
-94.627 60.502 -307.859 0.981
57.715 -19.210 -385.032 1.109
-79.738 24.575 -402.097 1.034
-75.362 59.647 -468.391 0.948
97.235 -19.419 -408.199 1.127
-43.516 89.502 -402.863 1.099
60.070 -15.543 -351.809 0.826
72.226 -65.500 -362.260 1.000
25.674 28.619 -460.498 1.026
12.515 -41.266 -302.200 1.192
-62.096 5.789 -366.961 0.992
-94.582 -83.984 -310.252 1.069
13.750 80.196 -353.798 1.030
-92.740 -55.723 -418.425 1.161
-16.930 -6.882 -360.672 0.884
33.072 84.914 -379.323 1.192
68.701 -64.800 -366.082 0.972
-78.659 -27.178 -472.789 1.186
79.730 75.137 -440.014 0.795
19.378 10.481 -369.932 1.022
10.465 -3.997 -445.475 0.923
-26.366 43.721 -315.454 1.187
69.698 5.546 -451.674 1.006
49.442 79.318 -378.246 1.056
-22.387 24.671 -453.427 1.047
-72.766 66.644 -385.843 0.938
-9.470 33.170 -480.451 0.786
27.937 -14.316 -422.638 1.077
-75.533 31.653 -384.432 1.091
59.945 7.262 -486.612 1.019
-65.207 -41.741 -395.980 1.120
39.342 -67.184 -368.879 0.929
-26.308 -84.301 -320.892 0.912
16.816 -87.514 -413.036 0.934
8.067 -83.622 -393.117 0.980
37.811 86.605 -386.168 1.040
-59.272 76.070 -456.669 0.976
-10.715 93.820 -447.254 0.988
-27.406 -18.715 -389.008 1.050
-47.225 -74.547 -460.333 0.880
30.171 77.183 -308.429 0.930
-66.298 -31.050 -385.799 1.068
7.042 90.084 -497.695 1.242
-95.350 11.629 -495.604 0.912
25.730 48.922 -338.676 1.182
-25.432 37.436 -484.192 0.843
33.764 -18.530 -418.500 1.091
27.897 -28.948 -328.907 1.002
-75.282 39.631 -439.396 0.877
-37.994 -73.483 -407.295 1.066
98.922 17.518 -345.385 0.958
-41.872 65.460 -323.333 0.859
-6.230 -85.858 -447.561 0.932
-98.811 -73.353 -384.128 0.812
2.256 88.245 -483.674 1.102
-91.400 -16.690 -478.897 0.998
16.077 67.416 -386.927 1.080
97.395 82.462 -325.522 0.878
65.546 -71.432 -468.902 0.982
-16.731 80.651 -483.225 0.922
-88.884 37.033 -470.561 1.030
-74.671 2.449 -498.674 1.030
52.181 -35.026 -480.103 1.009
57.051 35.759 -432.020 1.210
26.570 -26.722 -483.920 1.086
-80.299 2.185 -367.046 0.973
84.930 95.661 -418.721 1.131
29.090 -92.512 -335.545 1.143
99.083 -7.372 -321.315 1.182
74.939 49.701 -496.149 1.099
22.131 -24.144 -386.492 1.054
-2.876 28.591 -341.320 0.926
40.235 37.886 -381.161 0.951
-91.146 83.588 -399.232 1.132
-69.587 -50.331 -473.385 1.047
-90.079 -22.976 -322.037 0.822
53.912 -23.495 -492.958 0.939
25.858 64.454 -477.119 1.077
69.270 23.553 -430.987 0.964
47.128 96.413 -331.294 0.933
53.511 72.915 -426.633 1.008
-74.903 57.015 -485.896 0.966
23.946 50.527 -414.200 1.127
-69.557 36.397 -396.807 0.907
-37.370 -6.582 -316.470 0.894
-22.920 32.029 -446.372 0.919
-54.759 -76.691 -370.080 1.052
-38.378 12.495 -462.603 0.877
-96.939 -35.523 -475.688 1.041
-2.905 -40.644 -495.842 0.796
-88.569 52.893 -420.987 1.006
-49.795 -59.179 -478.130 1.135
-17.121 38.788 -413.090 1.123
-57.974 -40.991 -311.874 1.068
50.003 42.945 -408.136 1.020
65.138 -14.871 -361.095 1.024
-54.518 -23.342 -494.188 0.951
42.586 63.965 -455.943 0.844
-78.101 -67.273 -303.436 0.902
-14.090 -1.483 -436.589 1.043
-22.164 93.964 -390.868 0.999
50.061 47.591 -463.423 0.979
-55.432 -7.167 -336.261 0.915
-75.027 -20.870 -407.193 0.930
88.326 43.367 -485.834 1.092
-72.617 1.938 -421.563 1.117
-76.615 8.842 -350.103 1.010
83.638 21.220 -494.048 0.935
51.626 63.463 -334.146 0.983
48.411 -72.288 -440.486 0.802
-71.318 -18.138 -363.935 0.915
70.610 -66.262 -429.127 1.090
99.774 21.720 -352.458 1.092
-63.573 -68.746 -443.515 1.103
-30.523 4.988 -447.382 1.144
89.458 -82.509 -435.053 0.760
81.525 53.691 -410.298 0.781
35.693 -13.246 -437.054 0.925
-96.574 -91.382 -387.153 0.907
-15.561 -16.543 -463.167 1.054
-70.294 8.186 -368.657 0.801
-66.711 -63.210 -487.085 1.119
80.313 27.803 -430.969 0.750
63.800 -12.317 -418.951 0.825
97.743 -28.063 -357.491 1.143
-4.759 80.301 -406.469 0.991
51.350 -91.994 -373.230 1.005
91.321 15.137 -419.181 1.057
9.896 -97.892 -383.670 1.039
40.429 10.303 -312.649 0.969
65.632 10.299 -360.359 1.045
-77.543 -90.542 -316.855 1.088
83.123 -40.528 -396.093 0.928
39.203 79.251 -494.675 1.053
48.701 65.460 -347.058 1.102
-56.769 63.051 -416.282 0.964
7.529 89.678 -376.716 0.943
-56.566 36.623 -469.341 1.125
60.845 58.330 -479.772 0.968
31.433 10.104 -303.251 1.059
-79.762 53.982 -388.546 0.782
39.571 32.238 -464.378 0.888
31.597 8.545 -411.333 0.827
-39.119 6.073 -499.373 0.863
-9.479 43.627 -310.951 1.006
-31.216 -24.886 -451.234 0.999
-46.536 -35.303 -475.476 1.075
-81.714 -59.256 -363.203 1.073
-66.903 -22.450 -363.618 1.001
94.225 84.951 -450.476 1.100
67.178 74.564 -371.836 1.067
55.566 17.599 -431.818 1.034
-12.244 -31.693 -396.711 1.064
9.232 -43.329 -372.722 0.985
-39.236 -28.369 -421.820 1.172
-94.027 -39.419 -330.963 1.247
77.135 -5.347 -495.555 1.202
-10.903 62.609 -327.716 0.911
41.912 20.248 -390.199 1.121
75.039 -95.154 -461.358 0.921
-73.787 22.129 -341.670 1.010
-9.081 10.829 -404.797 0.982
-42.205 11.489 -365.031 0.892
67.451 -28.342 -375.973 0.948
-95.207 0.432 -431.729 0.873
-37.648 90.636 -374.645 0.915
-81.418 88.935 -355.933 1.163
28.922 84.315 -388.624 1.072
-72.109 -58.712 -348.680 0.961
-48.100 -13.562 -309.127 0.900
-76.019 -38.643 -468.842 0.726
60.328 61.413 -304.114 0.898
-42.968 44.608 -427.313 0.861
-91.044 -83.130 -303.924 0.998
64.227 -53.469 -315.771 0.931
5.607 -61.916 -370.134 1.076
-43.776 53.940 -335.203 0.958
27.532 -41.926 -465.923 1.015
-13.268 -6.494 -335.424 1.199
59.015 -37.709 -496.075 0.940
-9.078 -12.950 -362.976 1.064
-53.450 45.037 -311.034 0.912
87.958 55.988 -430.889 1.051
64.518 -90.528 -365.565 1.131
-28.063 5.749 -350.298 0.935
79.715 18.884 -381.895 0.959
16.659 -20.953 -397.269 1.037
-84.525 84.512 -424.084 0.910
-31.837 -43.714 -315.138 0.826
89.653 8.793 -449.327 0.946
-65.245 -37.702 -469.243 0.974
-91.204 5.463 -459.163 0.923
29.923 -19.515 -453.477 1.166
91.785 11.107 -329.297 0.947
62.504 7.108 -378.934 1.165
40.231 0.559 -411.803 0.993
4.452 2.557 -440.412 0.954
-68.121 8.082 -496.790 1.117
-60.218 24.975 -382.856 1.048
-7.489 79.244 -460.623 0.973
-79.686 -20.577 -400.101 1.136
-97.829 -7.547 -451.805 1.078
-56.508 23.928 -347.583 1.117
-70.764 23.025 -371.365 1.123
14.377 -33.309 -402.493 1.027
18.984 -42.218 -314.026 1.051
-91.143 85.034 -376.292 1.109
-72.551 96.263 -464.656 1.079
-53.764 13.704 -331.244 1.015
34.856 55.833 -371.655 1.034
-10.358 85.835 -436.290 0.855
-42.204 -10.073 -401.967 1.088
-37.503 -73.137 -315.925 0.962
-40.065 -15.400 -430.966 0.989
-55.810 95.296 -379.528 0.952
-50.789 -45.528 -371.180 1.043
7.713 -3.216 -397.052 1.018
8.701 94.363 -346.339 0.893
18.610 -23.787 -342.475 1.053
-52.465 -18.318 -342.374 0.963
-66.943 32.936 -434.669 1.064
19.500 -12.035 -432.706 1.037
-38.940 -44.598 -302.542 1.075
6.702 -64.276 -497.820 0.836
-91.284 89.830 -324.968 0.901
-93.202 -39.012 -353.165 1.028
-91.710 66.488 -343.665 1.041
-85.504 -97.717 -374.737 1.196
40.693 -56.635 -441.749 0.927
49.349 24.709 -362.293 1.067
81.767 -65.919 -488.282 1.072
48.109 16.799 -450.875 1.104
-41.861 6.623 -493.755 0.973
-84.355 -98.495 -366.597 1.105
26.204 -20.746 -473.949 1.019
-16.670 46.305 -431.889 1.103
-48.186 97.617 -423.248 0.891
56.036 -31.223 -411.060 0.976
-97.941 93.598 -347.604 0.899
-60.370 79.792 -455.269 1.121
83.061 10.027 -450.034 1.105
-11.772 63.002 -413.264 1.121
14.130 -28.516 -343.925 0.870
44.140 46.531 -351.656 1.096
-37.036 -3.269 -439.242 0.896
-70.017 -2.428 -366.377 1.017
-5.523 -20.588 -302.149 0.969
-23.242 84.175 -301.809 1.204
-59.769 98.685 -380.371 0.799
58.383 -79.521 -447.183 0.867
15.005 86.385 -445.541 1.063
24.971 36.961 -423.097 0.971
72.030 49.359 -474.615 0.916
-4.193 -61.582 -464.226 0.996
19.319 -56.706 -494.309 0.959
42.877 -54.738 -381.366 0.903
-18.127 -5.196 -454.392 1.021
34.437 32.938 -378.614 0.987
-80.436 49.946 -448.544 0.941
-86.366 91.414 -416.601 0.938
-1.497 49.672 -324.736 0.919
58.752 83.423 -381.651 1.069
43.552 35.019 -341.701 0.954
-81.062 88.299 -333.265 1.048
59.606 -18.170 -467.864 0.887
-39.243 -79.300 -325.643 1.004
-80.252 -95.739 -351.069 0.913
-33.716 -32.858 -376.292 1.215
-99.375 -10.111 -339.954 0.987
12.518 -11.533 -374.355 1.172
40.792 17.507 -351.223 1.104
-63.740 46.014 -340.730 1.057
90.860 22.643 -436.520 1.031
-23.099 39.220 -408.217 1.037
28.907 97.966 -420.302 0.864
20.060 -66.339 -454.442 1.184
16.505 95.033 -346.533 1.051
-67.137 55.309 -490.153 0.945
2.567 -54.647 -469.939 1.089
-7.966 82.987 -490.467 0.765
-76.217 67.233 -424.251 0.890
61.033 -90.425 -437.340 0.911
5.550 -32.879 -353.783 0.971
-40.069 83.846 -327.404 1.028
22.493 -54.120 -318.033 1.002
62.757 -51.892 -471.138 1.133
-29.148 -90.217 -317.848 0.999
8.370 -49.478 -330.448 1.001
58.710 -99.454 -447.688 0.928
91.548 97.465 -382.131 0.925
8.465 22.239 -402.731 1.085
-71.879 -17.592 -343.601 1.052
-21.607 -21.114 -373.833 0.728
96.026 21.764 -346.896 1.071
67.344 27.165 -412.024 0.960
-55.996 57.897 -494.419 0.970
-13.031 21.061 -387.158 1.191
38.976 28.327 -330.697 0.917
43.789 86.764 -397.325 0.936
87.670 -84.488 -478.966 1.016
-41.173 -15.497 -349.052 0.908
58.696 7.534 -384.805 1.077
-20.306 42.420 -442.024 1.092
-19.620 -40.888 -472.325 0.994
79.979 -13.253 -463.261 1.042
-7.702 -6.856 -494.019 1.055
13.559 38.183 -327.899 0.956
-85.635 -13.639 -345.105 0.946
-94.398 -39.843 -306.240 0.926
13.587 19.967 -348.730 1.066
75.667 -14.987 -352.002 0.951
-6.332 56.519 -379.591 0.904
-69.884 88.826 -383.184 1.125
86.611 11.097 -349.894 0.920
-58.107 80.240 -319.985 1.030
-51.904 70.417 -369.905 0.752
23.607 21.742 -482.423 1.123
44.508 -91.367 -388.977 1.100
10.399 47.892 -449.615 0.938
-56.084 87.865 -474.078 0.898
-39.723 -41.333 -329.993 1.115
-58.114 -33.157 -362.862 1.045
-35.080 93.359 -320.638 0.921
3.732 -10.016 -386.331 1.048
17.528 -60.363 -463.517 0.995
-69.789 -82.460 -410.859 1.055
-97.490 85.226 -349.945 0.972
14.586 -29.128 -388.893 1.184
36.339 -87.854 -440.757 0.952
35.049 23.689 -417.674 0.947
97.028 -89.552 -351.330 0.908
-36.321 54.871 -424.471 1.054
87.507 90.881 -347.454 1.114
38.056 61.880 -449.719 1.094
83.329 96.082 -357.009 0.895
74.464 -95.905 -351.393 1.015
-80.758 59.728 -384.014 1.042
57.306 91.967 -426.124 0.971
-10.510 -5.441 -449.426 0.874
53.693 -62.459 -437.186 1.059
-71.373 -11.126 -489.321 1.119
-46.982 -63.564 -499.361 0.991
46.358 17.460 -466.130 0.756
-60.325 2.917 -458.087 0.933
1.661 -96.046 -373.477 0.919
-51.325 42.188 -402.660 1.030
-14.013 58.122 -466.743 1.216
-56.475 -62.197 -404.108 1.118
-66.122 -62.914 -355.346 1.006
-24.706 96.627 -432.568 0.837
-93.085 94.521 -418.474 0.974
-27.978 -25.321 -450.804 0.985
9.776 98.870 -436.695 0.992
64.283 -35.428 -375.077 0.873
-76.681 -35.417 -463.652 0.955
62.825 -83.003 -463.712 0.939
-44.459 -82.918 -461.621 1.052
-31.652 -45.458 -499.217 0.937
-83.997 12.728 -462.457 1.083
-81.389 -10.735 -426.163 0.927
-21.565 13.323 -365.350 0.970
-30.144 -80.744 -373.640 0.986
55.491 -10.332 -483.050 1.052
-63.123 -39.116 -449.928 0.964
53.699 -21.868 -343.870 0.931
67.169 -84.770 -485.343 0.925
16.482 76.155 -457.474 1.039
-21.119 65.986 -450.090 0.987
-91.283 18.614 -406.700 1.252
87.481 -8.811 -321.608 0.979
-87.517 63.029 -465.763 1.022
-53.855 -3.155 -349.527 1.040
-68.488 -9.286 -434.059 1.017
-23.262 -79.506 -466.244 1.129
-81.753 -70.542 -459.700 0.955
84.425 19.923 -477.222 1.001
-15.215 -81.450 -336.086 1.186
56.180 -83.939 -333.163 1.029
-28.564 31.309 -310.389 0.918
-22.508 -93.304 -438.472 0.733
44.859 -42.645 -478.757 1.070
35.094 -2.697 -419.283 0.933
-42.487 -8.252 -421.456 1.205
-84.905 -57.287 -327.878 1.183
-37.165 79.533 -410.451 1.057
10.463 -83.443 -458.737 1.126
-81.732 55.465 -327.301 0.904
25.266 63.444 -401.189 1.015
9.824 -64.996 -324.900 0.970
8.496 -94.714 -337.140 0.935
32.100 44.056 -368.840 1.147
42.011 -43.332 -333.418 1.086
-25.548 -11.411 -404.542 0.866
-29.175 22.667 -332.140 1.006
23.562 74.157 -445.296 0.935
93.817 -87.128 -329.473 0.838
-16.886 -14.797 -478.621 0.903
44.197 -20.052 -475.447 1.202
-36.508 72.354 -472.291 1.008
86.707 -21.836 -454.131 1.161
-25.396 -63.878 -353.817 1.031
-12.472 97.172 -422.007 0.955
-76.452 -73.070 -329.553 0.848
-10.694 89.531 -314.482 0.906
88.252 39.081 -302.093 1.105
31.945 -64.957 -426.007 0.851
3.422 -47.822 -343.335 1.167
79.324 -86.204 -436.188 0.886
-9.239 74.020 -469.834 1.105
37.538 -5.871 -406.139 1.045
71.927 78.037 -302.178 1.013
-95.904 -82.122 -371.518 1.053
8.089 -40.475 -327.789 0.918
68.965 -88.135 -441.292 0.938
-1.925 65.811 -350.436 1.026
-76.558 22.187 -489.315 0.885
-41.657 64.842 -328.858 0.963
-73.902 -9.555 -308.660 0.993
22.055 -92.961 -431.332 0.957
-87.993 44.656 -302.517 0.945
44.622 -25.895 -446.944 0.862
49.212 98.823 -458.402 1.037
-92.271 0.707 -365.059 0.831
-55.917 86.451 -402.519 1.048
-90.832 71.668 -447.300 1.076
19.817 -58.799 -492.491 1.106
-36.667 54.531 -417.902 1.007
-85.239 -9.494 -485.054 0.987
9.603 -93.526 -495.898 1.156
-0.772 -88.726 -301.094 0.989
-7.131 -34.210 -459.193 1.056
-71.723 -46.134 -316.779 0.963
32.956 -62.724 -373.392 1.118
-71.880 -87.079 -464.508 1.079
-74.882 45.147 -361.802 1.025
23.332 -56.768 -357.774 1.127
-28.056 -47.963 -415.556 0.907
-81.381 8.410 -383.650 0.926
-33.449 -84.162 -426.041 1.025
-65.534 19.580 -403.324 0.949
-41.046 -2.186 -394.952 1.244
