65.234 -85.593 -460.659 0.922
-33.104 -45.657 -416.896 1.012
-68.697 19.804 -496.477 1.046
-14.594 -78.602 -308.020 1.015
-48.217 -2.650 -452.557 0.964
82.677 -5.410 -307.608 1.051
55.867 -99.141 -350.765 1.041
-92.591 3.048 -315.803 0.836
-83.876 -12.382 -351.964 1.114
-70.548 -11.791 -366.834 0.869
86.111 12.449 -468.822 0.924
-36.673 -63.726 -420.164 1.127
-33.594 -57.842 -401.402 1.056
-61.095 15.270 -437.457 0.899
-1.897 -48.139 -465.031 1.002
71.625 -29.425 -339.535 0.973
44.559 -61.975 -494.414 0.833
73.539 57.512 -450.737 1.032
-48.416 -63.791 -465.503 1.104
-7.482 -27.395 -336.742 0.981
-92.456 -69.602 -482.277 0.996
-56.509 20.700 -346.248 1.089
6.449 -87.786 -300.362 1.026
55.510 -23.993 -450.881 1.078
-42.778 -46.572 -369.697 0.998
3.930 37.296 -464.774 0.916
60.595 33.779 -341.164 1.009
-42.096 -39.892 -491.663 1.141
-99.225 74.539 -310.760 0.842
4.601 -95.508 -345.084 0.902
-94.214 -11.407 -471.965 1.035
74.837 -86.456 -331.703 1.025
-35.492 -6.394 -493.695 0.993
-17.792 -55.571 -324.370 0.965
77.228 -20.981 -337.944 0.882
-96.591 23.839 -446.234 0.936
18.084 -94.850 -478.471 1.103
73.127 56.035 -457.537 0.967
-88.846 -11.813 -365.503 1.055
8.258 -33.964 -341.103 1.036
-75.077 69.529 -467.239 1.086
35.528 33.269 -365.723 0.853
26.301 83.507 -334.453 1.081
-71.208 -24.889 -359.616 1.056
-28.677 84.314 -472.871 0.820
-96.414 -93.365 -442.571 0.954
61.144 -64.619 -362.504 0.878
-73.894 42.739 -326.963 1.108
1.083 58.934 -445.318 1.018
-80.845 63.538 -329.137 0.900
-46.978 -81.996 -493.858 0.751
65.849 -32.290 -463.543 0.901
10.169 -58.007 -391.643 1.097
-2.939 42.636 -425.780 1.121
36.805 48.132 -441.931 1.052
-1.542 -61.805 -381.428 1.014
83.475 98.692 -364.419 1.045
88.804 -39.344 -489.068 1.044
-20.369 -89.715 -339.205 1.034
26.978 57.212 -317.191 0.955
85.594 32.941 -417.505 1.015
3.648 -63.443 -352.706 1.151
73.301 20.375 -429.984 1.013
-60.656 57.706 -424.119 0.833
34.557 35.272 -451.931 0.899
92.173 -11.991 -367.463 1.095
-7.844 -32.567 -384.484 0.819
98.988 16.839 -360.112 1.195
98.126 99.024 -487.241 1.055
33.293 63.304 -482.153 0.967
-59.898 -90.816 -455.810 1.143
-45.907 -82.944 -369.757 0.968
45.411 -67.217 -440.571 0.994
38.275 36.636 -487.453 0.956
-30.591 25.642 -333.057 0.922
48.326 68.554 -378.670 1.051
-75.568 33.503 -301.398 1.137
-52.752 16.629 -438.810 0.983
28.108 -53.137 -348.561 1.036
-8.849 -24.468 -475.897 1.027
-36.050 50.775 -436.703 1.052
-3.859 -5.060 -384.615 0.861
-98.851 -8.982 -380.740 0.887
-37.060 45.926 -430.610 1.032
40.578 69.624 -334.017 1.007
42.595 -94.706 -409.931 0.940
-57.939 -78.450 -310.594 1.045
78.250 95.095 -397.747 1.061
-53.147 -92.320 -488.790 0.931
55.128 -58.114 -384.698 0.977
70.182 -39.275 -496.161 1.108
-58.353 -2.654 -408.958 0.891
9.872 54.214 -300.463 0.985
89.357 91.861 -469.777 1.085
72.670 -43.908 -407.630 1.092
15.029 -95.716 -452.210 1.048
60.176 -94.852 -342.503 1.088
-22.877 26.873 -463.901 1.182
-24.835 -20.215 -362.915 1.209
78.727 -23.005 -317.755 0.943
-45.077 -2.736 -322.648 1.171
-65.775 -56.982 -370.158 1.043
-18.899 -3.538 -448.114 0.958
21.399 50.008 -480.388 1.173
-77.599 94.743 -344.767 1.281
87.035 20.453 -411.184 1.066
-10.055 -32.871 -313.866 1.034
-15.998 44.643 -477.920 1.206
33.065 84.384 -440.940 1.080
-89.920 93.526 -426.824 0.977
-58.464 98.744 -304.767 0.958
33.493 -44.342 -358.673 0.982
99.824 96.706 -340.639 1.064
43.941 2.821 -444.743 1.271
76.364 30.202 -316.976 0.912
-96.299 48.400 -441.829 0.990
44.085 58.533 -432.782 1.045
22.006 -96.925 -487.617 1.206
-66.687 21.931 -367.144 1.031
-2.423 42.685 -384.078 0.929
-33.749 -17.217 -405.081 1.122
-81.087 18.605 -480.803 0.975
-36.166 23.217 -469.259 1.035
-61.297 43.541 -310.216 1.083
-85.935 53.599 -303.449 0.827
64.157 84.727 -306.519 0.970
-59.723 -46.690 -360.999 1.084
-49.387 97.781 -424.570 0.881
78.853 17.842 -420.307 0.958
-71.781 -94.852 -328.241 0.946
-2.559 -87.398 -492.587 1.103
-44.155 43.174 -389.272 0.902
74.585 92.148 -365.925 0.975
-53.094 -2.853 -404.357 1.178
-55.243 -66.719 -493.254 0.991
-93.260 -26.893 -324.799 0.907
97.599 3.664 -315.796 0.800
85.059 -12.872 -359.940 0.888
57.376 -82.562 -420.237 0.917
82.312 -11.246 -467.632 1.078
-23.766 2.698 -468.015 0.996
-45.425 97.480 -446.789 1.079
46.983 3.693 -442.016 1.107
59.816 -25.743 -369.572 1.014
-34.518 -1.712 -426.654 1.045
-78.003 0.199 -323.094 1.017
-92.921 98.248 -389.171 1.134
-24.125 -6.824 -369.635 0.898
30.635 -62.217 -443.661 1.004
54.888 62.332 -497.700 1.008
-88.489 62.880 -464.666 0.955
-81.893 -99.637 -409.948 1.045
-19.414 -94.155 -435.891 1.078
32.207 -57.210 -475.096 1.024
17.089 -2.246 -454.188 1.019
-31.677 71.468 -333.371 1.060
-29.020 -51.022 -437.713 1.175
-18.144 17.317 -416.980 0.770
-73.310 -47.580 -405.048 1.115
88.289 -20.652 -424.815 1.138
16.660 -90.705 -436.672 1.000
66.075 -75.965 -466.695 1.102
82.270 -36.811 -451.078 1.106
57.193 -44.123 -347.286 0.990
65.983 -12.182 -489.339 1.034
41.271 52.196 -383.207 0.872
21.824 -85.056 -479.733 1.153
39.981 -68.850 -486.286 1.135
89.232 35.038 -377.772 1.009
5.227 -52.239 -444.938 1.018
-54.409 36.796 -379.139 1.022
-61.820 81.164 -385.405 0.842
24.349 97.004 -348.542 1.032
-17.447 -76.728 -318.748 1.076
52.919 -9.310 -396.297 1.056
-17.172 10.715 -353.195 0.871
-85.223 77.761 -394.381 1.064
-58.608 -20.610 -484.178 0.912
-48.865 72.965 -300.541 0.895
-31.662 82.512 -317.765 1.127
92.863 -33.349 -411.136 0.912
-85.642 41.949 -457.482 1.076
84.349 -14.125 -480.686 1.087
-10.471 41.911 -463.456 1.123
-69.531 10.317 -397.789 0.987
-16.959 88.373 -323.569 1.021
47.856 -73.426 -311.918 0.952
71.031 -39.072 -474.328 0.924
27.735 42.507 -414.705 1.055
-55.241 78.922 -417.214 1.037
-55.201 74.875 -365.157 0.926
60.984 7.902 -434.335 0.950
-98.280 -38.638 -495.146 0.980
-36.861 -18.242 -400.998 1.058
-46.957 -96.437 -356.000 0.950
-24.979 2.690 -418.053 0.877
21.957 -31.595 -405.858 0.981
65.909 5.979 -415.039 1.135
60.077 39.832 -306.782 0.876
18.796 -61.672 -305.876 1.031
-76.826 -50.120 -497.261 1.082
1.858 -3.074 -445.236 0.978
27.472 3.446 -439.031 1.062
-53.205 73.543 -428.234 0.958
-93.310 85.783 -477.465 1.168
-16.539 21.717 -450.858 0.885
-30.542 10.736 -487.440 0.657
89.200 48.271 -312.113 0.943
-18.864 49.389 -353.956 0.987
57.006 13.831 -383.765 1.024
-36.962 -44.509 -418.165 0.901
-95.753 56.122 -421.717 0.953
-21.992 86.059 -497.225 1.091
-20.280 -15.718 -319.895 1.156
-81.591 -7.925 -412.846 1.080
-93.377 24.850 -388.867 1.111
-28.224 98.263 -355.449 1.023
61.345 15.498 -417.293 0.918
-9.880 -6.201 -314.609 1.132
8.223 -16.364 -436.852 0.992
-80.819 48.642 -408.372 0.964
50.893 -35.766 -409.223 1.056
-94.173 -90.815 -393.384 0.930
-73.597 6.054 -300.747 1.136
17.331 3.647 -349.418 1.257
-31.176 -19.703 -472.967 1.095
59.443 -89.414 -316.306 0.929
-25.952 90.644 -362.547 1.197
-45.282 -28.601 -376.767 0.980
94.607 4.455 -378.537 1.010
-89.807 49.567 -410.983 0.964
55.656 58.910 -455.130 0.986
76.045 -76.184 -452.486 0.951
44.034 -50.696 -384.447 1.028
37.883 -45.758 -459.488 0.855
-34.988 92.237 -430.813 0.900
-51.457 72.601 -399.666 1.092
4.136 -2.234 -371.503 0.939
-61.948 -85.715 -365.364 1.052
58.785 3.185 -380.022 1.047
89.358 -49.285 -498.884 1.040
99.369 -1.522 -443.516 0.797
88.960 30.844 -433.792 0.949
-79.989 -88.950 -495.317 0.965
21.167 25.461 -309.336 1.074
-50.421 -41.337 -437.691 0.854
47.368 82.574 -375.918 1.066
-78.323 98.722 -449.085 0.986
29.480 -17.855 -451.302 0.972
74.937 -81.265 -357.946 1.085
6.345 -35.728 -429.502 1.042
79.115 -40.290 -387.391 1.067
-13.170 45.461 -425.537 0.966
75.231 -92.760 -388.562 0.902
-80.501 -32.368 -391.773 0.982
37.841 46.302 -473.376 1.169
50.940 47.680 -362.562 1.179
-17.982 -56.629 -358.103 1.017
94.342 -32.568 -477.264 0.938
44.998 40.432 -339.061 1.102
77.579 -79.887 -451.778 0.930
15.673 -77.930 -360.128 0.992
-0.735 -36.515 -384.092 0.906
-14.954 33.791 -424.690 0.939
50.666 -39.640 -452.543 0.959
-92.896 -38.580 -344.940 0.761
73.064 -70.866 -370.468 1.160
-99.788 -2.809 -363.053 1.069
35.731 -24.301 -347.673 0.951
38.813 -95.507 -390.312 0.833
-39.325 83.083 -447.009 1.015
-73.372 17.960 -445.468 1.041
-99.186 -47.043 -335.986 1.093
-64.154 69.112 -358.343 0.969
-26.593 -76.819 -378.958 0.869
-55.720 -84.257 -470.416 1.009
-78.236 -82.565 -441.483 0.974
22.105 69.224 -389.964 1.024
-47.598 23.024 -388.514 0.728
-96.928 -78.365 -399.798 0.926
89.348 -13.263 -484.454 1.109
10.757 -44.781 -437.606 1.007
-25.478 55.679 -428.963 0.995
-20.679 -48.868 -414.898 1.109
91.814 21.060 -477.420 1.089
80.305 -13.129 -384.884 1.073
91.995 -55.892 -379.129 1.150
33.830 67.390 -432.273 0.914
48.049 30.446 -422.613 0.923
-67.577 -31.076 -443.814 1.276
45.406 -34.462 -313.055 0.768
-7.611 -94.767 -391.454 0.958
-44.439 -80.448 -367.405 0.894
70.761 -99.760 -357.359 1.123
78.420 65.666 -445.043 1.001
-79.970 35.801 -314.855 1.014
-79.218 -44.483 -396.393 1.108
37.952 -37.837 -459.181 1.074
-30.018 -2.752 -467.611 0.966
-58.801 -38.515 -455.866 1.017
-6.161 -39.952 -416.293 0.902
57.829 -87.131 -497.178 0.966
46.044 -51.365 -461.915 0.971
-63.119 -10.932 -313.686 0.969
5.555 84.396 -361.140 0.939
18.856 -86.380 -475.506 0.957
-10.858 -44.556 -340.458 1.006
-1.036 -3.573 -335.691 1.107
-6.397 -0.145 -408.573 0.984
29.460 -35.938 -343.053 1.081
21.378 -14.877 -316.581 0.971
72.818 64.209 -362.216 1.062
-88.687 -35.782 -404.321 0.997
-81.224 60.931 -330.687 1.085
-43.972 -17.979 -338.974 1.101
18.481 -48.887 -315.063 0.942
20.136 -23.439 -345.271 1.076
-54.716 -10.957 -418.984 1.076
-14.707 38.899 -410.538 1.092
84.715 20.054 -422.575 0.945
43.467 -85.104 -422.596 0.904
77.619 -61.207 -336.801 1.016
57.487 -56.113 -343.311 0.964
55.837 -26.782 -429.400 1.039
99.636 11.950 -475.887 1.014
-42.669 -4.210 -494.483 1.077
-51.097 43.795 -421.769 1.118
31.379 49.351 -389.807 1.023
-43.374 -45.178 -358.953 1.127
68.899 -38.504 -476.934 1.001
2.569 -62.471 -412.146 0.865
6.089 55.269 -498.922 1.075
83.797 -96.778 -334.215 1.080
-91.683 54.211 -319.602 0.795
-41.135 -71.583 -463.832 1.235
79.846 64.419 -434.288 0.878
98.742 -79.575 -398.110 0.898
96.810 -28.321 -359.462 0.947
-80.595 96.775 -430.023 0.982
-34.217 -27.250 -407.677 0.984
-29.724 59.432 -393.689 1.124
-17.422 -41.727 -384.655 0.975
-3.406 -46.195 -390.840 0.977
-93.407 30.120 -324.919 1.087
62.352 -6.662 -395.528 0.865
-63.068 20.468 -427.823 0.994
-87.693 57.439 -402.272 1.132
90.852 -94.603 -453.858 0.992
89.115 -16.639 -417.936 1.086
14.122 -45.438 -419.830 1.005
-28.467 -33.486 -316.465 0.972
-22.271 -12.258 -309.351 0.978
3.249 -10.961 -362.210 0.952
60.275 28.971 -328.030 0.904
97.301 1.328 -464.196 0.898
74.501 67.203 -324.561 0.918
61.775 95.676 -379.743 0.921
-27.016 24.907 -327.695 0.968
1.052 72.602 -467.500 1.084
-16.783 1.086 -378.647 0.895
-81.257 57.951 -430.050 0.949
92.190 23.976 -428.925 0.968
-86.699 69.181 -385.104 1.044
89.775 69.348 -321.764 0.808
-84.724 67.443 -486.085 1.124
-1.840 -19.830 -447.473 0.919
98.270 66.199 -380.227 0.885
29.909 73.191 -370.789 0.867
-86.662 -36.961 -473.062 0.952
27.681 92.070 -380.905 1.045
-15.695 82.443 -398.877 0.984
-37.883 86.906 -317.969 0.857
-43.726 18.614 -413.735 0.918
96.600 -75.588 -337.866 0.929
55.625 9.318 -352.308 0.878
-72.811 -19.888 -349.334 1.001
36.451 39.229 -432.240 0.892
-50.409 -40.732 -445.909 0.931
-76.492 -6.522 -499.156 0.953
-16.095 70.380 -461.553 0.965
-35.836 67.730 -400.820 0.712
-27.299 -17.170 -475.352 1.121
81.496 -9.809 -466.826 0.876
27.012 67.923 -317.297 1.179
-32.549 -72.584 -439.171 0.992
67.126 -42.233 -446.425 0.877
-38.230 -66.915 -438.584 1.117
-52.673 -36.640 -381.943 0.962
74.586 -92.062 -367.135 0.958
-20.598 -98.434 -445.710 0.815
-2.286 -93.752 -355.402 0.927
74.030 77.496 -405.233 0.994
-20.078 -79.911 -307.644 1.063
-22.554 -38.591 -486.974 0.833
-53.916 67.879 -306.020 1.235
-80.283 70.591 -422.116 1.164
52.272 -47.906 -406.576 0.999
49.145 6.498 -432.509 1.011
74.555 -65.776 -446.952 0.935
-86.850 -91.393 -316.537 0.859
-10.757 -72.803 -385.202 0.900
17.677 43.612 -411.683 0.862
97.147 84.707 -405.265 0.963
8.876 57.556 -304.745 1.113
-87.630 0.862 -480.653 1.177
85.873 -76.039 -396.702 1.001
-55.932 -19.147 -363.094 1.027
-80.746 -85.174 -339.869 0.860
-53.661 96.142 -472.266 0.999
64.148 -14.560 -389.162 1.130
66.233 -85.105 -486.306 0.897
-5.485 82.021 -322.635 0.974
-49.907 68.436 -413.849 1.074
32.821 87.681 -367.928 1.059
11.086 -95.310 -474.225 0.938
-75.487 52.151 -368.105 0.951
-38.059 -77.716 -478.788 1.069
4.990 -17.534 -454.835 1.172
-24.949 -52.924 -446.994 1.056
59.974 19.266 -494.974 0.967
-85.402 78.098 -466.080 1.199
-81.080 -35.865 -464.140 1.011
-51.002 25.820 -327.736 0.923
83.120 -19.471 -320.390 1.015
80.855 -2.990 -488.833 1.008
-77.432 81.067 -478.098 1.023
41.679 34.600 -489.382 1.019
-12.077 15.663 -345.195 0.904
34.625 -62.076 -452.401 1.106
92.883 15.911 -395.770 0.964
91.806 -58.692 -425.658 1.039
-18.579 82.261 -436.803 0.937
77.594 77.380 -445.397 0.930
-88.847 13.275 -369.229 0.977
-5.572 62.612 -405.537 1.022
-75.793 -64.342 -333.182 1.102
-36.578 95.011 -371.903 0.963
-31.798 -93.770 -406.720 1.096
-80.693 -38.255 -326.429 1.073
-97.927 -23.847 -428.410 0.890
-81.042 31.648 -417.562 0.921
83.886 98.865 -460.865 0.866
72.355 -14.996 -384.184 0.956
-27.341 47.794 -359.778 0.879
66.822 85.361 -381.338 1.063
-17.012 -8.471 -353.585 1.179
3.806 51.756 -382.600 1.008
17.663 4.520 -424.515 0.904
-46.572 50.185 -333.968 1.127
73.335 14.111 -491.832 0.995
-53.080 62.704 -492.823 1.158
-82.597 33.405 -442.602 0.731
23.598 -43.512 -467.259 0.850
-29.902 -14.584 -331.741 0.754
21.297 -3.548 -402.906 1.162
-55.687 -69.522 -489.427 0.982
-19.861 47.178 -424.899 1.119
-19.115 -26.208 -498.681 1.111
2.073 -46.353 -482.870 0.948
4.938 -64.003 -380.812 1.102
-95.694 -95.384 -434.223 1.032
99.719 70.454 -369.395 0.890
22.173 83.679 -470.234 1.073
-2.068 -67.418 -431.573 0.916
63.251 56.576 -422.573 1.059
53.545 -31.725 -386.737 0.904
-67.657 -23.565 -473.646 0.940
-60.492 13.698 -483.088 1.031
52.229 -44.629 -324.452 1.076
36.603 3.016 -346.592 1.086
34.344 -27.607 -393.668 0.970
44.036 88.844 -451.918 0.848
-47.419 71.194 -359.068 1.067
23.506 -15.383 -483.684 0.948
-14.024 -67.555 -485.193 1.263
-23.277 65.888 -351.295 1.062
-66.747 1.172 -445.327 0.909
-13.111 -47.671 -425.679 0.985
70.459 18.383 -446.755 1.132
36.464 -59.735 -310.811 0.835
97.007 30.919 -395.262 0.935
-79.723 70.840 -443.602 0.918
26.217 0.514 -321.775 1.065
-21.878 69.131 -384.183 1.123
75.247 -28.716 -369.166 1.097
-75.213 13.678 -312.854 0.829
-25.728 38.091 -389.325 0.954
-18.960 40.128 -495.266 1.078
8.228 62.501 -394.775 0.904
54.702 87.955 -356.861 0.843
-63.171 11.787 -480.777 1.183
81.756 -38.988 -356.274 1.117
9.687 -51.206 -337.067 1.083
81.425 60.986 -391.167 1.184
-92.082 -57.582 -421.999 0.900
3.474 -94.398 -482.564 0.915
-84.956 18.583 -498.303 0.877
77.388 49.684 -307.344 1.078
96.110 59.040 -398.631 1.016
-80.425 7.598 -350.301 0.935
-34.692 69.074 -492.573 0.942
-3.659 -80.944 -476.756 0.918
32.806 94.711 -476.249 1.135
-63.468 20.911 -325.025 0.867
60.249 77.471 -457.516 0.790
13.083 17.172 -308.356 1.038
76.331 15.407 -423.223 1.023
13.176 -20.609 -340.865 0.852
51.247 84.785 -330.492 0.946
12.673 53.555 -336.004 0.888
-43.144 -52.615 -374.474 1.042
-91.264 -73.925 -398.499 0.852
-23.846 42.355 -458.412 0.827
-67.625 -88.717 -375.643 0.998
-79.369 64.150 -428.825 0.845
-80.749 -66.607 -455.683 0.997
21.960 -70.478 -429.348 1.060
-40.394 -97.295 -475.193 1.014
-69.827 74.672 -349.513 1.079
-16.700 -38.166 -336.408 1.021
-5.701 -6.299 -385.016 0.985
-73.433 -67.697 -317.114 1.219
-87.815 62.112 -345.519 1.132
19.251 -81.466 -480.632 0.989
90.892 -29.183 -414.887 1.029
-85.617 -53.725 -303.631 1.077
60.054 10.365 -315.951 0.974
-6.941 -80.522 -425.134 1.132
-14.003 73.217 -303.034 0.979
39.482 8.876 -416.552 0.899
92.604 50.856 -390.655 0.921
92.229 88.058 -306.916 0.726
14.661 -80.625 -331.925 0.979
-0.297 13.278 -466.568 0.807
30.869 -0.880 -456.321 1.026
90.481 12.434 -341.711 0.972
31.588 65.642 -483.800 0.975
-86.378 24.379 -327.433 1.104
-21.920 -98.820 -359.374 0.779
-7.631 25.091 -353.597 1.180
-64.607 33.490 -333.401 0.927
-89.525 -3.506 -476.362 1.124
2.397 92.923 -494.491 1.212
57.270 -79.850 -316.766 0.921
-33.271 -7.095 -389.432 0.977
-54.650 85.440 -412.963 0.941
43.080 96.333 -417.889 1.097
-90.073 -92.054 -369.197 0.957
3.071 27.668 -463.009 0.846
-38.486 -44.525 -408.126 1.080
-83.484 -1.084 -321.272 0.926
-69.671 -75.360 -451.534 0.978
10.050 -4.530 -364.791 0.899
-53.012 44.028 -443.628 0.900
-32.654 15.866 -414.921 0.848
-78.273 59.552 -439.935 0.962
61.425 -75.991 -301.287 1.063
57.330 9.312 -419.971 0.995
-33.321 53.357 -340.548 0.929
-65.188 -73.124 -477.931 0.884
-74.604 -66.174 -471.068 0.919
-29.814 53.009 -498.421 1.096
-17.757 19.223 -462.392 0.998
18.469 34.956 -440.011 1.102
40.875 -17.421 -417.321 0.926
24.755 40.836 -331.363 0.990
5.187 22.683 -457.647 0.980
-81.665 15.456 -457.232 1.079
-53.807 -91.430 -409.841 1.079
-71.472 -75.054 -456.904 0.873
78.249 10.695 -460.065 1.119
-94.425 78.707 -339.561 1.123
71.546 -90.180 -341.083 1.087
-78.396 -40.643 -367.604 0.881
85.017 81.235 -446.826 1.021
85.737 -71.969 -396.718 0.986
-3.762 68.938 -319.009 1.032
34.565 -29.699 -419.684 1.192
97.051 -94.234 -468.779 0.890
8.053 93.152 -424.005 0.893
-95.965 -42.581 -495.147 0.868
26.797 -88.970 -441.086 0.958
96.214 65.720 -498.481 1.079
-9.701 -32.623 -436.379 1.099
-96.900 -85.694 -464.065 0.871
44.662 -22.526 -426.958 0.937
-84.771 -15.083 -457.523 0.962
-68.434 -16.604 -496.429 1.057
-21.689 -73.879 -476.686 1.108
81.928 -73.442 -478.815 1.075
96.975 94.764 -376.566 1.116
21.162 -73.701 -325.517 0.969
-97.218 7.053 -314.250 0.968
3.160 96.237 -396.169 1.071
-30.030 -49.424 -426.130 0.947
-67.613 -31.071 -384.882 0.994
-79.867 -89.694 -486.359 0.960
79.548 -27.994 -413.989 0.846
-76.904 -12.277 -489.438 1.191
-33.213 88.128 -368.335 0.867
86.439 46.482 -347.333 0.937
-39.563 79.368 -302.927 0.892
-46.050 48.458 -439.854 0.843
-16.957 -42.457 -414.723 0.941
-58.575 85.821 -309.891 1.175
-59.063 -99.919 -441.339 1.000
35.760 55.895 -497.975 0.988
-8.640 -28.984 -470.513 0.898
-1.815 86.516 -355.080 0.935
-35.180 60.700 -458.737 1.112
47.056 90.783 -498.228 0.887
7.990 59.655 -411.013 1.132
-23.486 31.366 -460.466 1.057
82.196 -36.453 -334.186 0.970
10.172 94.178 -326.700 0.912
49.757 96.570 -339.662 1.154
-88.136 64.910 -305.582 1.039
9.992 7.639 -342.432 1.219
-65.372 -88.796 -325.375 1.008
27.815 -82.883 -410.653 1.111
84.216 -20.034 -352.274 1.071
-11.457 38.608 -382.820 1.076
63.860 -25.351 -470.900 0.962
83.287 -54.826 -333.092 0.838
-82.558 -92.197 -343.421 0.982
-51.970 4.671 -490.449 0.990
11.906 57.457 -353.991 0.694
50.161 -81.590 -462.830 0.780
77.016 -45.188 -303.175 0.929
57.105 1.835 -397.457 1.051
93.577 -91.275 -390.045 0.997
90.534 -88.882 -419.705 0.979
59.151 -40.184 -432.309 0.963
64.206 27.888 -438.264 0.997
21.923 -87.064 -434.293 1.027
12.454 68.211 -302.869 0.995
81.826 -17.619 -410.052 1.108
-32.553 -82.058 -352.426 0.938
31.312 -74.075 -488.228 1.009
93.595 54.220 -423.675 1.057
17.851 91.400 -347.350 0.934
67.327 81.370 -477.295 0.861
-83.840 22.349 -462.514 0.829
72.508 -71.054 -422.199 0.922
-58.915 23.341 -423.472 1.061
4.939 55.451 -448.117 1.033
-9.911 75.433 -480.254 0.823
-85.119 -38.741 -348.504 1.097
-30.694 -57.284 -469.109 0.899
-91.727 22.304 -306.499 0.975
-14.833 -67.928 -490.560 0.903
58.311 78.512 -327.462 0.989
-52.139 0.099 -469.853 1.073
-96.721 -12.376 -384.966 0.965
63.973 -51.016 -422.813 1.002
66.447 -23.345 -467.964 0.904
13.753 -34.175 -376.428 1.000
70.534 -53.065 -350.485 1.078
-88.421 -25.069 -408.643 1.016
59.874 91.709 -455.009 1.052
-6.674 71.992 -417.641 0.935
27.383 -21.625 -477.776 0.897
-22.066 91.111 -301.104 1.078
11.988 6.506 -494.581 0.941
-50.475 49.488 -344.642 0.949
-88.085 43.458 -355.153 1.159
73.440 11.017 -414.787 1.132
-30.931 -57.092 -365.966 0.913
51.015 -61.657 -473.635 0.934
-74.873 81.402 -405.026 0.836
91.123 -96.443 -319.841 1.151
50.524 89.643 -349.099 1.001
93.688 96.655 -338.941 0.943
-30.544 -96.493 -397.133 0.927
-6.759 -56.397 -475.814 0.966
-67.808 93.811 -448.625 0.891
50.262 74.676 -449.957 0.990
-15.950 85.974 -370.150 0.832
-94.850 -72.331 -459.570 1.058
-85.269 1.485 -449.969 0.930
96.499 14.464 -376.035 0.952
-0.782 44.430 -426.362 1.062
-31.848 87.189 -357.404 1.011
27.771 -82.189 -312.025 1.039
-81.092 44.072 -465.058 1.054
-12.459 -73.393 -317.688 1.015
-74.085 -48.682 -401.217 1.012
29.481 31.670 -336.086 1.181
-24.984 63.972 -374.138 1.081
-15.531 55.965 -331.273 0.858
-81.957 -51.182 -375.507 1.027
19.787 63.705 -388.378 0.991
-87.844 -84.034 -387.653 0.994
16.934 47.593 -412.814 1.127
84.971 -65.540 -478.207 1.057
-84.621 -40.991 -492.088 1.068
41.596 -30.490 -416.367 0.965
-75.219 75.228 -341.048 0.846
10.081 43.731 -405.444 0.838
9.252 55.398 -338.560 1.035
82.080 -97.390 -497.265 1.069
-6.073 -87.260 -447.364 0.812
-14.081 0.693 -328.516 0.901
91.897 41.072 -307.661 1.300
-58.053 -12.198 -433.913 0.885
44.532 -21.029 -463.911 1.109
-83.343 -14.226 -442.296 1.013
-99.402 -18.142 -492.921 1.040
19.840 76.828 -414.151 0.802
-48.172 83.593 -345.816 0.962
12.815 -12.583 -354.173 0.955
66.545 13.789 -411.149 0.964
-75.620 49.038 -420.318 1.095
19.494 92.498 -353.020 0.865
41.732 -73.039 -390.002 1.214
29.936 24.106 -304.619 1.133
-57.443 73.325 -322.166 0.861
-22.963 46.563 -423.559 1.027
-80.454 82.376 -398.126 1.177
29.564 -37.806 -420.280 0.997
-2.129 80.649 -367.301 1.091
-54.830 91.206 -459.750 0.963
24.271 -82.239 -465.084 0.949
46.271 -36.765 -393.857 0.997
67.279 83.225 -353.743 0.952
-60.714 -7.055 -382.280 0.963
-72.687 21.641 -350.020 0.940
46.901 93.667 -434.128 0.955
44.384 -44.840 -301.789 1.065
-67.467 -8.449 -369.425 0.966
66.530 -32.770 -401.707 1.053
-79.557 -44.860 -444.709 1.044
-71.994 -4.342 -449.181 0.847
-12.492 82.392 -433.240 1.132
96.263 92.769 -355.327 0.904
40.050 -75.008 -406.516 0.950
43.000 60.348 -348.821 0.927
91.241 62.516 -495.226 1.014
64.015 -65.308 -338.708 1.006
93.170 44.182 -494.254 1.014
-44.009 -58.490 -486.639 1.078
50.721 -34.007 -448.271 0.878
7.100 68.856 -471.372 1.036
22.135 -89.623 -461.102 1.206
-45.626 60.757 -482.466 1.144
22.969 -44.805 -451.568 0.972
11.239 18.830 -497.590 1.141
61.415 67.885 -302.110 1.107
90.660 -13.137 -380.158 1.170
-2.717 -76.620 -382.608 0.860
-1.239 26.074 -403.368 0.993
-11.386 9.211 -439.318 0.995
-7.135 80.674 -340.461 0.996
7.524 2.219 -469.000 1.010
-1.166 79.529 -410.897 0.907
-10.443 86.342 -403.020 0.965
33.032 86.524 -358.242 0.869
46.497 -24.190 -338.695 0.998
-17.408 6.208 -424.130 1.097
-4.766 73.835 -380.837 0.961
-70.452 -78.062 -400.894 1.044
-69.508 80.119 -367.247 1.152
-68.597 18.928 -303.958 1.077
84.355 -66.998 -479.118 0.867
24.088 -53.860 -473.970 1.035
16.215 -6.172 -352.547 0.964
7.813 -0.484 -372.921 1.013
-9.768 87.656 -345.714 0.856
33.245 -98.676 -468.295 1.052
0.865 5.588 -426.897 0.869
21.466 7.219 -405.782 1.044
42.930 -0.364 -331.250 1.002
1.922 -58.164 -325.153 0.973
93.199 5.562 -423.379 1.045
19.119 7.264 -412.139 0.995
35.746 55.490 -470.878 0.967
65.694 -50.574 -441.754 0.925
-69.504 16.577 -495.637 1.144
65.683 -70.313 -412.057 1.091
26.019 -85.966 -311.286 0.947
-17.970 51.990 -327.953 1.135
62.995 95.376 -378.155 0.914
-85.902 -48.870 -404.412 1.040
-14.681 46.483 -409.958 1.142
-32.563 49.123 -474.066 0.924
24.274 93.693 -306.653 0.972
-0.365 53.466 -335.213 1.075
-52.575 -73.892 -382.880 1.299
-35.299 78.866 -329.315 1.041
-38.643 -81.794 -486.004 0.913
32.562 50.443 -469.674 0.959
17.805 68.457 -362.354 0.865
-31.740 39.309 -339.243 1.033
49.719 -5.222 -458.133 0.982
-10.144 -57.854 -443.794 0.966
97.479 -21.115 -424.593 0.991
0.345 -24.613 -491.003 1.099
-48.406 47.565 -477.335 0.986
-18.763 -54.843 -347.659 1.108
46.765 -10.287 -445.218 1.095
98.330 -7.358 -342.981 0.915
-17.682 75.458 -399.406 0.897
-54.903 60.161 -489.855 0.919
-54.338 -45.875 -469.838 1.099
3.049 -88.149 -427.332 0.855
-84.687 15.608 -328.008 0.935
88.583 34.958 -373.365 0.949
-47.585 25.310 -416.558 0.994
60.370 67.061 -304.131 0.922
95.604 31.932 -406.085 1.085
40.677 31.545 -329.277 1.102
46.375 52.629 -491.166 0.881
89.370 -0.559 -477.611 0.991
35.038 44.589 -319.015 0.946
95.931 -99.700 -437.421 0.975
16.680 -40.651 -489.653 1.061
-41.415 -4.885 -463.551 1.012
-76.809 86.928 -487.353 1.013
1.731 -42.116 -456.868 1.103
-37.065 20.320 -404.204 0.928
63.189 -99.742 -381.456 0.949
64.605 -32.703 -416.316 0.862
-50.415 3.016 -424.795 0.782
59.004 -66.394 -395.128 1.139
35.586 49.292 -397.635 0.870
-48.633 85.728 -320.932 1.062
64.777 -42.596 -326.240 1.212
42.069 -39.437 -333.076 0.980
84.619 -17.634 -486.105 0.959
-20.294 -83.636 -440.451 1.055
-71.567 -75.016 -476.981 0.951
-35.102 -15.134 -403.069 0.880
-51.099 -62.677 -333.781 1.036
-78.411 12.065 -354.688 1.057
24.535 -36.943 -311.319 1.168
81.092 -63.736 -311.781 0.930
-28.352 94.745 -432.002 0.683
20.585 -0.591 -309.713 1.132
-16.938 -68.003 -383.453 1.015
88.650 -39.006 -428.466 0.955
-54.333 34.031 -428.328 0.970
23.513 5.491 -414.330 1.155
64.459 86.153 -402.193 0.911
-47.561 87.192 -340.686 1.054
-46.014 73.576 -479.597 1.190
-19.035 24.952 -494.857 1.108
72.149 -85.616 -472.443 1.008
-97.767 39.522 -449.474 1.005
-80.234 87.042 -328.338 0.876
-70.640 -6.948 -420.071 0.956
33.297 6.854 -438.746 0.957
-10.162 -51.293 -443.967 0.841
-79.281 15.812 -329.931 0.974
22.254 6.918 -416.451 0.888
30.334 26.149 -346.234 1.226
-18.274 12.188 -325.400 0.887
24.525 -37.728 -356.505 1.088
-90.098 21.300 -392.187 1.050
3.629 -23.542 -419.422 0.922
30.652 36.226 -442.114 1.119
-56.432 -45.561 -438.128 1.010
-94.428 -52.477 -444.688 0.949
-23.630 94.907 -377.544 1.009
19.357 -90.054 -461.697 1.141
87.468 66.809 -464.505 0.938
31.570 79.490 -377.760 1.069
-58.001 -44.821 -396.724 0.963
-22.095 71.157 -466.847 1.056
28.119 -10.785 -349.393 0.957
1.631 -50.550 -441.433 0.936
-35.367 81.871 -357.720 0.971
-2.280 -44.030 -355.872 1.046
-32.243 -25.865 -358.830 1.147
-40.506 -55.474 -496.494 0.943
21.096 10.552 -402.783 0.825
84.809 -36.957 -498.612 0.811
18.735 -64.640 -405.859 1.143
-59.305 22.766 -433.664 1.065
67.775 -94.410 -492.146 0.968
-83.529 -83.321 -347.821 0.920
61.204 -53.679 -495.973 1.253
-41.102 -47.548 -435.242 1.078
-9.682 -79.427 -437.682 1.012
28.921 18.106 -442.616 0.925
-80.536 -30.091 -350.628 1.184
90.991 -80.660 -324.413 1.092
-87.365 37.781 -349.543 0.938
18.215 96.000 -438.604 1.009
51.005 -8.012 -467.892 1.056
-53.452 65.363 -463.729 1.062
72.939 -21.424 -434.097 0.863
42.391 -3.576 -378.474 1.025
92.913 -80.976 -311.169 0.981
5.230 -63.769 -302.294 0.867
94.507 -94.678 -333.844 0.999
42.314 -5.919 -390.816 0.828
-99.230 6.056 -420.140 1.070
-76.983 -4.820 -381.038 0.989
-95.811 -57.157 -498.055 0.913
-64.204 85.444 -432.523 0.883
-61.848 4.070 -384.719 0.950
-1.223 -1.680 -455.516 0.972
7.016 20.187 -473.499 0.956
81.805 6.761 -389.083 1.056
-2.935 -1.543 -460.948 0.930
-17.182 -0.396 -339.092 1.139
84.051 -14.670 -368.650 0.956
94.209 1.999 -497.019 1.008
-39.935 -63.474 -433.542 1.023
-23.041 -45.741 -355.801 1.015
64.334 98.427 -430.047 1.112
-63.244 -2.857 -392.577 1.038
-68.633 64.989 -421.070 0.968
-20.135 -90.241 -364.142 1.084
-83.560 51.824 -432.711 0.896
-1.315 98.721 -317.593 1.001
72.620 -1.108 -496.946 0.975
-91.523 -50.409 -314.668 1.005
-17.873 35.282 -478.926 0.904
-12.136 -48.502 -433.807 0.865
-44.643 39.609 -316.660 1.097
-0.469 -42.760 -436.019 0.871
-82.817 -52.629 -378.650 0.922
-80.506 -65.268 -419.204 0.991
24.292 -69.584 -403.165 0.862
-95.878 -80.482 -419.883 1.057
79.083 -94.737 -483.953 1.013
-88.537 24.111 -420.834 1.256
60.108 49.858 -454.667 0.953
-40.587 56.542 -339.947 0.793
96.396 -20.265 -496.221 1.127
-9.849 -29.745 -422.927 0.977
51.868 -64.020 -388.000 1.050
-47.384 25.611 -434.387 1.055
-17.804 79.393 -342.039 0.925
90.117 -38.862 -399.688 1.049
-58.050 -60.726 -447.990 0.803
48.618 -31.400 -456.230 0.947
67.600 92.799 -454.815 0.919
43.678 -3.556 -490.419 1.096
87.138 81.557 -394.914 1.027
-92.940 -25.759 -373.498 0.955
-28.226 90.079 -308.789 1.177
80.222 -7.610 -309.999 0.859
-27.461 -4.875 -385.958 1.108
68.164 -49.430 -367.620 0.929
-78.312 67.791 -392.625 1.031
-98.222 2.328 -403.446 0.861
-94.402 -74.596 -301.877 0.873
-81.485 53.361 -307.634 1.038
-1.327 -49.596 -366.555 1.090
94.661 74.920 -307.819 0.730
67.595 22.694 -484.263 1.009
37.113 -15.815 -400.249 1.147
0.386 -66.737 -406.760 0.977
17.032 -18.705 -415.075 0.876
-91.894 -52.856 -485.199 1.068
-14.394 -66.593 -373.276 1.050
-73.507 -53.222 -339.484 1.269
75.399 -29.422 -402.962 1.119
-8.811 91.838 -440.857 1.011
-21.575 -70.276 -377.728 0.828
99.598 15.855 -390.873 1.001
68.999 -68.196 -360.620 1.054
29.550 14.470 -390.212 1.076
-90.431 -98.455 -344.319 1.058
-87.542 -9.731 -402.249 0.985
21.365 -32.827 -440.312 0.953
37.352 6.050 -493.510 1.125
-27.269 73.862 -408.053 0.952
-33.036 41.991 -343.164 1.014
-91.257 -51.502 -457.883 0.914
43.541 24.791 -399.435 0.908
97.477 -62.901 -313.110 0.989
-29.781 -59.288 -420.286 1.144
52.858 -20.661 -348.611 0.998
-64.523 -99.504 -349.301 1.166
59.240 81.201 -301.039 0.898
-37.293 -96.780 -402.364 0.863
-0.874 -65.983 -327.258 0.987
23.759 9.504 -490.543 0.909
-76.536 59.756 -348.750 1.000
-69.638 -17.072 -369.176 0.896
65.887 -47.076 -415.007 1.125
23.991 -64.982 -319.233 1.052
37.605 -65.313 -322.096 1.005
88.781 41.268 -372.547 0.947
67.573 -80.510 -499.188 1.069
-23.576 15.205 -306.464 1.096
-58.994 57.984 -388.356 1.052
-63.627 -55.904 -319.927 0.898
-84.860 -65.801 -423.002 0.844
-4.979 7.360 -391.701 0.903
82.507 78.739 -458.670 0.995
71.025 -19.885 -488.708 1.027
-70.846 15.419 -322.761 1.141
73.239 9.366 -345.362 1.105
-20.882 -93.928 -301.746 1.104
6.801 -84.757 -364.819 0.975
88.307 -48.350 -478.370 0.980
