-45.084 -44.799 -448.373 0.936
-76.688 3.694 -470.124 1.160
77.164 46.586 -368.713 0.867
99.688 84.706 -356.845 0.921
18.382 -94.730 -372.394 0.855
-55.992 -74.160 -301.701 1.125
-21.566 64.119 -426.863 0.835
88.418 72.685 -423.791 0.965
38.966 31.896 -320.458 1.189
-32.355 12.479 -392.508 1.136
-8.951 10.941 -306.217 0.938
-99.475 -92.636 -427.604 1.025
62.887 -32.216 -336.552 1.021
2.960 32.371 -494.818 1.022
-6.442 28.857 -306.854 1.099
81.023 -73.312 -332.480 1.045
99.989 68.592 -476.392 0.988
-1.274 -34.187 -386.380 1.061
94.673 -74.495 -322.931 1.091
-31.912 -2.809 -483.199 0.944
-22.282 -10.208 -350.553 0.926
-24.058 -57.939 -355.953 1.073
2.400 -4.399 -305.929 0.962
-79.445 45.992 -367.347 0.987
-37.778 96.009 -301.472 1.137
75.972 79.493 -494.880 1.034
13.041 -77.386 -494.134 0.937
64.033 2.776 -405.880 1.062
24.324 -85.077 -348.224 1.032
-38.685 63.748 -310.776 1.015
-19.923 -78.482 -314.288 0.968
5.837 58.293 -476.959 0.969
-18.882 -98.793 -401.897 1.042
94.091 41.373 -374.948 0.983
-20.463 23.348 -355.944 1.094
10.962 -53.726 -360.275 1.024
40.597 -25.571 -422.822 1.117
-2.830 64.653 -494.304 0.887
89.442 77.974 -311.791 1.048
22.168 80.945 -344.916 0.891
-60.033 -63.976 -416.063 0.958
75.039 -22.875 -486.226 0.860
10.078 67.534 -442.428 0.875
-36.038 55.185 -496.226 1.021
-9.198 96.384 -379.781 0.990
-83.038 18.708 -494.010 1.029
-77.582 -77.214 -305.171 0.947
97.442 -28.591 -311.996 0.975
-59.388 -74.859 -404.364 0.910
87.635 -70.840 -396.121 0.894
-89.186 6.348 -493.531 1.157
-18.728 -78.230 -433.086 1.039
40.073 -43.406 -312.653 1.140
35.184 -15.055 -434.814 0.951
99.183 72.866 -337.620 1.017
54.753 93.448 -374.266 1.133
-72.864 -56.343 -419.262 0.954
59.373 -78.432 -380.139 0.901
-17.663 55.726 -375.844 1.005
71.043 93.206 -374.698 0.992
89.951 68.242 -391.774 1.079
-19.706 -70.049 -373.711 0.984
73.379 47.885 -479.689 1.006
57.113 -28.769 -352.171 1.053
-8.103 45.041 -411.963 1.044
-25.798 27.801 -486.745 0.946
-83.472 41.517 -452.473 1.170
-31.670 98.397 -487.848 1.109
65.036 44.605 -324.087 1.074
11.072 11.533 -323.916 1.038
-37.042 -29.812 -475.454 0.912
-98.012 -18.158 -312.087 0.921
94.446 -17.077 -431.325 0.930
57.187 14.249 -410.078 1.023
-16.185 55.027 -322.097 0.876
85.756 68.248 -410.038 1.124
-82.264 -29.125 -415.189 0.984
96.646 -55.763 -431.048 0.855
87.790 34.946 -490.748 0.984
-21.535 95.272 -435.275 0.912
90.608 -51.709 -437.158 0.886
45.012 72.893 -387.576 1.120
68.501 -49.033 -448.114 0.846
0.778 92.304 -431.395 0.927
-13.660 89.534 -493.383 1.056
59.880 73.201 -444.754 0.870
-52.502 22.111 -330.206 0.954
-93.734 -4.675 -401.185 1.124
-48.474 -92.127 -368.662 0.974
-46.433 -43.561 -358.234 1.033
-94.543 37.819 -334.884 0.877
-26.512 15.732 -325.006 1.052
43.096 -39.113 -400.369 1.049
95.765 26.793 -394.221 0.880
76.835 2.225 -475.967 0.985
-17.259 93.552 -495.716 0.876
-14.583 -83.117 -326.392 1.020
60.236 -40.737 -360.724 1.000
38.585 -92.077 -411.133 0.926
72.872 88.345 -301.498 0.897
59.771 -58.343 -435.281 1.119
-58.525 -64.558 -346.451 1.131
-45.894 2.900 -450.073 0.820
-34.398 -8.005 -436.560 0.957
-31.873 -99.215 -431.857 1.016
-7.093 -6.233 -386.885 1.065
4.613 62.728 -426.854 1.097
-27.000 57.588 -378.997 1.038
75.909 -0.395 -461.893 0.944
-97.405 57.144 -467.848 1.043
-64.539 -26.754 -415.425 0.952
49.492 37.748 -447.236 1.141
-17.506 -0.350 -464.069 0.991
-68.117 42.428 -375.426 1.173
67.634 87.193 -341.942 1.021
11.889 -92.754 -328.351 1.039
18.213 -67.948 -434.452 0.897
72.290 -89.057 -435.361 0.849
-58.240 77.288 -451.775 0.994
54.884 -24.621 -348.099 1.051
59.293 -97.211 -429.544 1.069
-86.090 -96.984 -468.473 1.081
36.841 -60.817 -367.327 0.915
17.697 -49.143 -485.365 0.911
-48.558 -52.410 -390.585 0.867
60.620 -7.263 -377.636 1.193
-19.816 39.373 -476.715 1.118
43.171 -44.150 -369.830 0.913
65.746 3.300 -470.104 1.091
-8.330 23.866 -338.263 0.890
83.008 -61.550 -454.510 1.019
19.012 14.706 -390.149 1.000
51.673 38.460 -373.315 0.967
-96.906 -54.404 -372.538 1.036
-88.090 49.665 -361.928 0.916
12.771 56.975 -419.306 0.942
67.666 -82.176 -353.766 0.809
-35.273 -6.208 -448.571 1.163
-53.172 82.025 -384.539 1.132
73.844 47.021 -431.398 1.066
-7.972 87.727 -320.085 1.171
45.589 -68.491 -319.943 0.922
1.157 -68.074 -359.813 1.168
42.065 65.147 -352.826 0.907
95.845 59.195 -383.762 0.987
-69.613 82.155 -420.681 0.973
-71.980 -59.074 -346.535 1.016
1.164 35.020 -491.100 1.023
40.928 68.830 -302.997 0.868
-77.372 16.153 -467.716 0.959
37.312 41.819 -335.583 0.954
-77.246 73.206 -495.229 0.984
30.669 -28.821 -411.144 1.030
91.432 91.685 -412.499 1.115
60.055 10.743 -468.694 0.913
-61.047 -28.154 -486.901 0.954
-46.945 48.773 -396.332 1.001
-26.125 43.917 -406.035 1.037
25.656 -61.456 -424.861 0.994
-99.396 38.699 -322.426 0.779
11.679 8.845 -423.518 1.011
-43.768 -78.557 -393.182 0.916
-19.856 90.506 -338.963 1.014
-20.822 -28.676 -450.585 1.096
28.355 -12.450 -479.835 1.107
-48.839 63.991 -316.763 1.058
-26.688 43.065 -374.292 1.010
13.713 86.112 -399.623 1.084
-95.140 28.615 -481.191 1.131
34.170 92.706 -392.060 1.080
-40.071 -96.622 -351.497 1.183
-50.545 76.385 -332.333 1.137
14.233 -89.956 -425.456 0.973
-88.203 93.759 -365.179 1.002
28.426 19.865 -300.256 1.134
16.177 39.433 -339.285 1.039
-98.864 62.266 -463.906 0.968
-14.954 82.629 -494.596 1.107
65.542 -87.942 -394.625 0.970
-95.596 -35.473 -423.474 0.904
25.921 -78.834 -332.285 0.975
-6.578 -54.944 -424.541 1.085
-83.321 28.733 -447.402 0.953
-24.763 -2.108 -494.141 1.107
8.690 -54.669 -311.843 0.904
53.442 -18.631 -423.625 1.049
42.268 -86.901 -444.281 1.124
-91.983 -10.046 -414.388 0.921
27.162 -5.579 -371.277 1.055
-3.869 23.712 -408.597 1.017
85.927 17.278 -469.974 1.043
-52.229 7.268 -325.205 1.032
-11.821 73.438 -411.624 1.027
-40.393 -51.615 -352.546 1.136
-14.741 42.857 -425.671 0.986
-88.175 -9.605 -425.943 0.804
83.595 -20.051 -348.781 1.053
-79.695 72.085 -460.605 1.116
47.835 8.112 -345.162 0.985
27.515 -10.888 -326.010 1.028
42.953 55.704 -443.003 0.913
0.669 56.720 -351.319 0.905
30.855 52.480 -317.787 1.059
-81.943 -60.570 -356.724 1.052
-48.705 -20.581 -385.134 1.024
-85.973 70.689 -474.215 1.146
-27.297 2.823 -317.848 0.959
61.667 23.689 -370.763 0.862
84.052 -9.374 -486.221 0.971
91.948 83.473 -303.022 1.127
-45.764 -71.351 -320.747 1.149
-72.795 69.750 -309.785 0.995
96.416 67.137 -325.545 0.903
-75.182 -43.762 -336.964 0.927
-31.304 70.415 -377.939 1.085
-9.263 -47.559 -424.505 0.834
-16.553 70.030 -400.941 1.081
20.195 95.689 -332.906 0.972
53.065 4.037 -354.318 1.013
-43.571 97.543 -393.759 0.967
16.741 -54.213 -408.197 0.985
-72.898 -87.576 -478.032 1.090
-28.592 99.812 -358.951 0.726
8.698 -18.074 -454.761 0.721
-96.392 60.490 -314.676 0.973
-5.237 2.253 -466.060 0.937
78.290 -32.944 -466.568 0.885
-63.891 -78.424 -434.162 0.902
-48.250 -7.467 -418.971 0.972
38.920 -60.138 -348.055 1.062
-23.971 -2.004 -313.235 0.968
6.383 -56.591 -361.171 1.061
7.877 -29.033 -318.593 1.095
-29.046 -11.730 -353.576 0.959
-90.403 -70.676 -380.266 1.082
-73.985 -32.394 -414.972 1.007
-44.879 -68.761 -312.630 0.857
58.874 -37.613 -451.980 1.034
87.306 -96.659 -355.935 0.926
-51.823 38.082 -464.394 0.883
-53.129 17.222 -353.418 0.836
88.901 -24.359 -364.675 0.968
-89.186 -63.001 -467.903 1.060
55.214 -14.676 -416.634 1.023
-68.757 -24.198 -315.406 0.968
54.136 75.446 -427.966 1.184
-51.173 -50.398 -436.592 0.960
-75.273 8.506 -485.863 1.044
56.217 -67.058 -424.024 0.991
-97.359 12.914 -438.827 1.033
-16.587 92.743 -436.392 1.114
-19.858 40.156 -386.555 0.969
-30.751 -60.306 -383.319 1.165
-61.739 -18.739 -495.755 0.947
-7.263 87.354 -358.016 1.133
-7.731 -88.478 -476.654 0.961
-67.278 -22.400 -320.114 0.921
82.268 27.857 -441.680 1.158
3.044 19.034 -483.709 1.068
90.616 69.694 -444.004 0.966
-84.080 37.685 -363.660 0.965
-95.375 -99.684 -413.340 1.083
95.557 76.103 -418.767 0.887
-19.874 -89.770 -357.316 1.006
-43.617 -44.086 -360.626 0.930
52.419 -52.287 -359.253 1.114
-1.943 -41.527 -440.229 0.918
87.735 -93.144 -333.575 0.981
17.807 -0.030 -472.575 1.220
53.859 -12.141 -476.315 0.960
49.233 50.407 -493.712 0.910
0.942 48.666 -392.631 1.048
-34.919 -50.550 -426.970 0.975
53.758 58.375 -373.471 0.848
-16.430 11.270 -316.018 1.040
7.379 17.083 -490.244 1.154
-4.771 45.270 -466.722 0.991
-11.492 -36.487 -457.867 0.998
81.952 26.704 -447.049 1.187
49.902 -29.931 -428.446 1.082
-28.827 78.354 -460.960 1.062
47.944 50.364 -350.489 1.068
95.132 72.578 -372.518 1.034
-5.353 94.798 -380.876 1.094
-36.372 86.591 -308.052 1.140
-7.678 94.229 -331.776 1.142
-44.294 -97.547 -354.294 0.828
-21.224 24.490 -372.049 1.042
47.797 -72.474 -365.513 0.944
52.761 -32.736 -455.538 0.944
-19.940 91.585 -397.783 1.081
-55.372 83.518 -353.857 1.052
-13.180 69.300 -487.701 0.953
-74.271 -68.522 -446.590 1.040
-29.143 67.857 -349.162 1.081
52.193 6.789 -450.242 1.001
40.130 -33.537 -395.728 1.169
-59.574 -29.438 -336.002 0.990
83.849 20.147 -439.184 1.041
85.348 -73.904 -485.142 0.979
90.041 -18.616 -437.849 1.079
94.904 16.588 -482.402 1.009
-7.071 82.631 -333.515 0.989
16.069 11.296 -434.188 1.099
52.652 -48.908 -402.187 1.098
-85.347 10.266 -468.092 0.966
-27.910 78.207 -308.573 0.891
41.575 -72.480 -361.258 0.910
90.603 -93.517 -413.080 1.014
53.590 71.155 -399.777 1.009
-51.778 -45.359 -354.474 1.050
-38.116 -42.017 -494.338 0.972
-57.802 2.651 -307.969 1.146
29.073 67.061 -430.552 0.940
-96.164 -29.771 -343.932 0.859
78.523 -43.493 -427.952 0.934
44.272 -25.864 -468.601 0.807
73.838 -97.249 -472.448 1.177
51.773 36.138 -417.785 0.959
-36.135 8.650 -310.747 0.901
-43.611 -75.820 -359.543 0.914
25.166 -93.598 -360.902 0.995
-54.114 -17.111 -386.077 1.115
-48.336 18.097 -340.752 1.055
-46.512 -56.576 -498.245 0.949
8.197 30.924 -393.169 0.924
26.376 89.099 -386.373 0.895
-34.320 78.279 -475.845 1.038
76.509 76.437 -442.544 0.914
24.090 -84.207 -322.185 0.820
68.029 -13.488 -460.276 1.117
-72.501 57.366 -316.175 1.154
-53.298 69.077 -398.901 1.012
-74.416 20.999 -499.193 0.933
31.027 -13.168 -350.187 0.878
-89.837 8.100 -422.471 1.042
-11.049 19.240 -469.411 1.110
66.997 -62.013 -403.121 1.064
-71.073 -82.379 -462.717 0.917
-2.594 -72.300 -490.736 0.928
24.210 14.835 -497.251 0.903
-98.129 76.534 -301.529 1.068
2.788 -38.213 -479.403 0.935
29.895 -83.320 -477.837 0.893
-35.893 -47.292 -475.546 1.030
69.236 60.944 -369.225 0.815
-45.190 63.352 -303.271 0.991
-14.660 -17.556 -336.310 1.073
6.817 -48.425 -414.350 0.876
39.345 4.917 -476.489 1.185
-49.224 57.230 -404.603 0.861
-17.229 42.247 -429.534 0.902
-93.574 98.401 -382.100 1.062
-95.997 80.344 -445.998 1.022
79.501 29.160 -432.610 0.677
54.264 28.968 -444.115 1.039
-83.614 -27.509 -392.586 1.111
-32.113 -17.993 -469.161 1.017
-86.139 -42.033 -334.818 0.857
-3.557 0.193 -446.312 1.036
40.196 60.473 -411.430 1.026
21.527 8.219 -367.954 0.856
-40.126 54.747 -323.475 1.026
87.157 -2.902 -314.531 0.941
-79.494 -83.131 -452.264 0.903
53.624 -21.476 -358.730 0.960
47.729 -24.106 -387.221 0.976
23.652 -40.726 -310.564 0.807
16.827 22.659 -458.349 0.938
-61.011 -34.248 -496.449 0.986
9.682 -85.819 -466.034 1.068
-46.892 62.045 -440.005 1.077
-42.551 -58.022 -481.757 0.956
12.476 -38.829 -404.677 1.127
-99.365 34.468 -413.929 1.062
-39.484 74.084 -420.831 0.941
3.042 88.794 -441.644 0.981
-40.156 -32.030 -443.312 1.039
76.478 -81.108 -354.269 0.813
-10.598 -6.072 -385.177 1.059
68.567 -61.425 -341.242 1.204
94.256 21.796 -469.078 1.043
-0.878 -92.078 -302.027 1.078
90.883 51.917 -476.989 1.148
-30.805 38.659 -316.036 0.889
37.869 68.863 -449.375 1.114
-52.220 -93.369 -409.851 0.980
79.559 78.224 -309.921 0.948
-23.775 16.053 -409.748 0.794
91.481 -53.530 -329.603 0.979
-61.543 57.444 -424.948 1.017
-26.186 71.638 -323.324 0.801
82.291 -11.225 -355.844 0.870
-50.949 -12.708 -453.819 1.077
-95.279 0.916 -489.001 0.956
28.561 -71.190 -354.341 0.964
26.294 -99.636 -389.690 1.082
-19.688 -20.402 -389.487 0.825
-36.013 -28.498 -304.907 1.163
-57.554 57.244 -431.474 0.863
-18.141 -26.891 -410.438 1.136
-2.842 74.536 -414.999 0.933
72.319 -67.653 -311.756 0.956
83.782 -5.181 -336.517 0.716
-8.224 -3.745 -365.074 1.037
72.318 -56.327 -470.221 1.078
-50.019 -15.791 -402.163 1.053
48.271 -13.723 -440.629 0.979
-29.664 35.212 -392.115 1.051
85.251 -12.449 -435.446 0.853
27.521 -66.697 -430.417 0.962
-10.512 -67.859 -313.061 1.080
-70.734 -73.700 -380.130 0.946
-4.530 75.945 -356.782 1.041
61.208 77.842 -358.712 0.854
-27.556 12.479 -383.761 0.699
-1.540 -43.891 -326.870 0.982
-64.124 11.731 -327.118 1.071
-1.182 -55.716 -388.744 0.849
17.243 -97.141 -309.896 1.066
-65.352 49.814 -455.764 0.877
47.075 -53.300 -330.293 1.139
-56.801 -91.173 -430.755 1.065
-85.505 -0.052 -421.922 0.881
-38.993 17.072 -466.565 1.032
-28.977 11.517 -350.134 0.974
61.826 -24.550 -427.990 1.160
-99.633 60.163 -324.099 1.015
-71.692 50.560 -419.284 1.121
-63.201 42.992 -374.841 1.158
62.149 35.756 -410.059 0.952
82.583 88.641 -323.087 0.782
-71.497 -35.535 -452.742 1.003
90.823 -45.216 -362.978 1.008
73.613 -69.802 -388.049 0.893
34.564 4.146 -364.744 1.002
-48.459 -6.989 -354.005 1.100
-71.979 56.561 -337.062 1.029
20.367 92.560 -408.086 0.870
2.418 -14.268 -318.319 1.063
57.071 89.970 -351.105 0.929
-67.856 7.687 -461.104 0.907
92.775 51.072 -370.046 1.030
23.111 32.105 -491.578 0.869
-5.668 17.846 -304.687 0.953
-84.305 61.936 -316.075 1.161
-57.408 52.371 -446.845 0.816
-9.884 86.003 -360.087 0.821
49.400 55.766 -408.956 1.005
-74.050 5.575 -384.097 1.033
40.352 5.346 -492.660 0.950
-46.544 56.439 -426.529 1.170
-59.216 -8.328 -307.912 0.911
87.247 -23.059 -347.023 1.062
96.568 -91.953 -351.723 0.977
-83.536 89.240 -475.768 0.934
-37.703 58.150 -465.017 1.099
-85.010 -3.734 -361.120 1.062
69.006 9.607 -313.927 1.144
-88.487 -33.229 -392.052 0.975
42.387 -3.828 -422.342 0.955
13.006 -71.947 -411.682 0.888
-70.345 -82.240 -422.560 0.761
44.194 47.074 -310.672 0.765
-44.409 95.970 -451.620 0.989
68.278 78.872 -479.861 0.921
-36.964 5.514 -308.427 1.013
97.472 82.794 -339.600 0.975
27.859 -50.651 -376.063 1.070
52.650 12.474 -434.280 1.026
-43.535 -73.937 -438.569 0.750
-5.094 -62.525 -398.166 1.030
70.919 -20.111 -360.351 0.881
-25.393 -28.923 -390.257 0.996
10.709 -35.032 -401.340 0.975
-56.636 7.283 -420.482 1.076
84.583 -44.112 -439.326 1.044
97.160 32.718 -364.282 1.157
-15.501 78.275 -424.453 0.972
83.927 -93.907 -412.377 1.272
-59.290 -69.922 -354.705 0.893
-0.524 37.975 -435.753 0.900
52.519 -2.094 -383.429 0.778
1.201 74.026 -417.921 1.019
35.288 47.294 -487.058 0.949
44.138 -54.734 -348.722 0.970
16.156 -84.486 -300.920 0.959
3.177 -22.507 -458.889 1.078
-13.660 -14.928 -417.511 1.129
-82.373 26.256 -340.748 1.057
-5.299 -84.617 -357.297 1.095
49.911 -68.094 -496.098 0.961
-79.849 11.997 -426.904 0.836
67.908 39.122 -330.141 1.133
-95.789 10.213 -434.983 1.019
-35.632 -8.401 -470.402 0.938
-65.300 -31.335 -327.562 0.986
-5.005 93.437 -331.078 1.117
37.475 -37.393 -452.569 0.779
84.762 -2.233 -347.019 0.997
-66.166 -85.665 -338.956 0.876
80.448 -18.590 -440.089 0.941
-97.943 81.283 -370.378 1.064
48.728 60.958 -310.626 0.794
72.040 31.557 -390.531 1.042
66.678 -4.160 -364.695 0.925
45.276 -70.131 -309.887 0.892
-56.431 51.085 -457.932 0.899
47.311 78.926 -407.982 0.861
7.113 -2.446 -344.435 1.026
-69.438 -72.345 -491.284 1.130
-74.323 -23.030 -390.684 0.862
-15.522 0.511 -468.706 1.104
-80.867 -10.083 -416.728 1.297
-11.435 69.383 -316.533 0.991
28.909 11.922 -364.247 1.103
-61.126 -40.476 -374.041 0.904
34.489 -41.173 -366.294 1.018
-45.452 -59.224 -340.541 1.117
95.101 19.023 -317.311 0.870
18.147 11.421 -376.823 0.933
99.938 54.607 -439.629 0.934
-20.654 -10.089 -454.115 1.170
-53.348 -68.680 -355.925 1.029
48.661 -72.046 -344.248 1.050
-42.139 -98.758 -491.700 1.191
-86.346 -2.213 -442.023 0.989
41.479 -40.591 -457.642 0.940
89.361 -36.427 -331.733 0.975
-88.084 -90.633 -384.413 0.968
-32.823 61.193 -340.081 0.990
-25.298 -10.022 -398.025 0.997
36.722 81.558 -308.593 0.926
24.602 -59.710 -480.944 0.856
-0.925 85.784 -382.046 1.037
-56.920 99.263 -486.547 0.764
-74.580 80.149 -482.775 0.998
21.134 82.280 -496.030 0.876
-31.190 -62.484 -488.120 0.932
-31.417 -75.143 -316.288 0.915
-82.302 -10.949 -463.120 1.000
-56.574 -71.763 -316.897 0.972
62.810 -49.226 -358.910 1.090
-98.467 59.035 -322.296 1.100
-79.268 87.992 -303.838 0.944
32.267 65.561 -375.207 1.051
-26.422 -76.080 -495.934 0.938
-69.717 -77.012 -443.674 0.793
-46.334 50.002 -396.762 1.017
35.991 46.526 -410.487 1.039
-71.070 -93.536 -341.328 0.998
80.143 85.805 -479.123 1.149
-95.665 77.732 -302.813 1.130
-70.834 -14.379 -446.480 1.211
-80.568 -97.830 -330.240 0.924
27.995 -16.015 -431.132 0.884
-69.018 -0.409 -361.022 1.116
63.005 97.572 -304.486 0.861
46.930 69.242 -465.400 1.026
-51.068 7.981 -326.398 0.985
51.738 -80.407 -385.254 1.058
13.441 44.861 -492.787 1.014
-90.300 -97.419 -422.938 0.867
-34.515 -48.192 -376.807 0.915
-2.914 1.285 -364.767 0.984
-82.726 -19.279 -450.433 1.070
46.422 30.891 -479.250 0.940
-99.298 -54.913 -356.862 0.955
-97.882 -32.169 -469.183 1.004
-42.745 -8.002 -433.144 1.085
-52.494 -70.670 -424.458 0.959
-55.576 -44.107 -487.853 0.879
93.256 -20.899 -430.358 1.031
-51.508 -44.389 -373.725 1.033
59.213 -19.077 -439.721 0.899
-41.244 66.728 -469.282 1.059
-34.202 -79.965 -301.598 1.003
-94.168 53.154 -307.944 0.978
-32.033 84.623 -435.992 1.110
98.169 -78.689 -492.172 0.956
92.305 -21.338 -340.943 1.056
-42.840 -53.958 -380.685 0.871
-67.185 -70.609 -367.643 1.015
-13.521 14.859 -414.852 0.948
52.603 29.556 -472.544 0.792
-15.483 -73.412 -472.308 0.922
89.495 -65.256 -343.139 1.101
63.826 -28.672 -300.690 1.009
-41.321 -77.363 -332.742 1.028
70.038 83.149 -401.944 0.826
27.658 5.046 -438.001 0.972
-68.589 -78.099 -450.651 1.044
-41.824 -62.590 -471.244 1.110
-49.836 -28.835 -416.910 1.019
-4.749 61.150 -350.218 0.889
-35.997 35.690 -440.572 0.965
33.170 -40.500 -465.725 1.150
-3.900 13.808 -324.172 1.021
3.739 -66.414 -455.946 1.006
92.011 10.677 -458.551 0.845
31.794 -60.056 -304.380 0.900
74.111 -29.066 -318.045 1.095
-81.284 15.618 -367.267 0.891
72.428 66.525 -300.047 0.929
65.579 -59.852 -355.272 1.086
68.242 -27.645 -449.287 1.048
45.079 21.053 -392.564 0.875
-27.453 60.847 -317.955 0.960
69.812 -80.243 -392.013 1.170
31.844 -37.782 -335.494 1.223
-46.553 39.170 -403.006 0.941
-71.195 95.022 -363.007 1.062
63.355 -55.716 -363.932 1.010
38.342 -87.394 -492.376 1.014
-24.877 42.326 -366.428 0.989
-67.017 -96.889 -360.530 1.055
-3.979 39.731 -375.455 0.851
-3.901 -18.656 -368.430 1.105
38.611 -20.711 -490.718 1.084
-93.009 -33.936 -491.961 0.997
16.115 18.773 -343.677 1.012
-8.409 -15.798 -361.972 1.095
-60.798 9.540 -430.490 1.202
40.938 67.967 -333.260 1.071
-21.972 1.017 -306.451 0.997
60.287 62.835 -475.539 1.131
-89.650 -33.003 -389.750 1.094
-21.913 49.680 -399.156 0.738
-11.568 99.188 -327.151 1.038
24.738 78.007 -362.886 0.981
87.319 -27.365 -313.369 1.050
70.504 -11.756 -480.464 1.041
-72.827 28.535 -474.266 0.959
67.452 -55.161 -486.376 0.819
-0.873 -73.468 -395.277 1.126
69.351 35.039 -326.993 1.079
-79.410 -44.910 -395.677 0.746
10.519 -36.509 -320.037 0.830
-6.746 -35.642 -376.441 0.852
-87.838 -44.307 -395.902 0.933
82.925 -83.890 -481.387 1.272
-17.629 -32.545 -401.970 1.086
-49.562 -96.136 -341.712 0.945
78.847 46.051 -393.261 0.957
-2.057 -95.387 -353.743 1.230
29.012 -20.279 -304.039 1.053
72.479 -97.464 -357.082 1.086
70.508 22.817 -429.169 0.963
37.191 -91.122 -361.089 1.075
-99.182 -75.488 -334.190 1.058
-54.894 65.591 -394.106 0.994
-36.378 -44.384 -441.500 1.042
93.537 -63.804 -375.659 1.058
33.767 80.660 -304.235 0.911
99.920 36.334 -345.178 0.960
73.625 19.542 -338.128 1.105
67.156 -3.010 -427.674 1.023
-40.442 -33.233 -470.201 0.978
-28.349 19.517 -309.742 1.000
74.857 -16.643 -492.636 1.089
-34.884 -67.359 -388.737 0.825
6.858 -31.216 -456.097 0.777
35.250 -91.494 -439.704 0.858
51.177 29.848 -330.620 1.057
34.939 -74.664 -494.315 0.972
64.484 -70.129 -312.263 1.145
69.847 -64.501 -431.560 0.976
67.005 37.242 -416.250 0.927
74.910 6.420 -443.110 1.017
28.742 -7.846 -345.680 0.858
38.919 41.908 -331.346 0.964
78.972 22.910 -375.808 0.983
65.731 15.750 -331.041 0.896
62.177 -52.093 -327.463 1.052
23.994 -63.623 -415.131 1.156
-78.895 61.870 -397.699 0.987
-67.907 21.681 -487.424 0.872
-89.620 72.686 -426.155 1.061
47.936 43.542 -351.405 1.018
9.156 -53.340 -477.767 1.025
14.999 -75.844 -452.546 1.183
-91.754 77.221 -460.373 0.947
-56.297 -33.000 -374.104 1.112
99.131 79.758 -364.355 1.081
-84.163 -15.419 -385.963 1.036
-28.642 21.069 -469.631 1.103
75.881 -83.504 -393.682 0.872
78.305 -46.625 -415.202 0.963
84.746 -71.008 -447.241 0.966
61.858 -11.299 -319.708 0.893
20.277 34.373 -335.680 0.997
-76.962 -82.343 -461.709 1.037
-98.802 8.714 -452.082 1.111
-73.102 93.006 -400.660 0.911
74.927 -15.998 -326.208 1.116
-52.398 -42.221 -341.750 1.085
-73.516 -44.985 -309.162 1.001
61.707 18.128 -328.831 1.006
79.275 90.657 -460.927 0.844
90.312 7.472 -442.736 1.106
84.414 -75.258 -335.415 1.236
-10.454 -64.822 -352.703 1.024
-44.248 -71.226 -488.208 1.096
-52.656 34.314 -397.604 0.935
68.245 -85.788 -456.595 1.048
-23.753 78.481 -454.649 1.005
17.440 4.064 -396.164 0.984
1.877 60.194 -322.225 1.035
-1.384 24.319 -324.059 1.060
-38.603 -79.903 -467.666 0.941
-19.135 36.414 -303.938 1.080
-10.493 -27.633 -389.853 0.952
53.624 85.719 -401.225 0.892
-43.380 -17.995 -382.711 0.994
-78.609 3.105 -455.266 0.938
40.051 65.587 -351.757 1.048
6.445 -97.635 -456.167 1.040
-19.773 -27.205 -322.741 1.073
43.360 96.506 -489.814 1.114
97.428 -82.101 -354.043 1.026
-79.715 72.952 -447.527 1.178
-87.670 50.034 -340.145 1.114
-4.033 56.603 -486.629 1.090
66.383 11.568 -328.563 1.012
16.669 89.071 -405.298 0.865
93.910 39.877 -373.641 0.767
6.927 69.502 -395.640 1.017
-26.920 96.822 -474.532 0.970
-88.230 -62.973 -478.987 0.890
85.917 -58.925 -472.414 1.012
48.990 2.808 -349.282 0.894
6.847 -17.700 -369.541 0.970
21.817 -95.059 -324.546 1.069
54.656 44.469 -495.576 1.026
-22.959 89.536 -466.175 1.058
33.954 66.776 -468.149 0.960
51.730 84.703 -438.930 0.928
-4.261 81.974 -478.378 0.933
-10.100 22.942 -488.727 1.035
19.825 -60.761 -317.863 0.939
61.299 64.441 -424.863 1.152
-29.418 -6.407 -352.302 1.115
60.505 80.591 -333.420 1.083
95.983 -71.924 -487.647 0.964
62.019 -67.059 -400.300 0.917
-0.305 71.732 -310.453 1.140
1.087 28.463 -455.093 1.212
10.176 -64.213 -414.146 0.969
57.763 -5.821 -443.976 1.067
68.190 -50.019 -353.564 1.001
-12.022 -58.563 -347.120 1.045
62.675 14.593 -432.314 1.027
21.551 3.486 -347.644 1.240
-99.689 -42.899 -341.099 0.952
-93.417 -87.569 -457.355 1.007
-61.868 -87.478 -475.359 1.049
23.457 67.168 -366.536 0.817
-1.935 18.329 -445.705 1.107
13.893 -17.982 -351.345 0.924
85.749 31.292 -369.456 1.070
12.301 83.361 -330.354 1.186
83.125 -65.651 -439.719 0.928
-92.109 7.518 -464.608 0.868
-75.956 65.236 -348.645 1.069
74.206 -80.757 -397.839 1.003
18.384 6.038 -344.255 0.968
-14.718 -12.361 -462.535 1.057
61.148 53.407 -497.935 1.070
46.570 36.279 -478.493 1.221
51.945 -77.747 -478.020 1.016
-5.820 -38.167 -406.371 0.922
-94.420 -12.640 -347.110 1.074
11.181 -84.167 -415.982 1.110
97.807 85.379 -411.068 0.991
44.483 9.708 -320.273 1.124
76.578 94.999 -421.322 0.954
-73.089 -47.820 -310.695 0.767
-23.695 23.265 -345.543 0.964
-25.788 61.217 -479.332 1.019
70.409 -52.571 -467.649 1.062
18.330 71.627 -393.120 1.116
77.600 15.429 -378.727 0.900
83.217 84.336 -419.989 1.059
-29.122 -18.072 -342.636 0.894
25.501 -90.230 -350.963 0.995
-24.317 -74.790 -446.520 0.899
29.692 80.893 -415.327 1.075
57.413 88.051 -336.652 1.095
14.034 -32.655 -449.826 1.143
-2.332 -53.969 -388.336 0.794
83.830 -42.500 -439.828 0.868
-77.794 -7.737 -303.067 0.963
-78.066 -26.393 -442.215 0.937
-22.589 -69.591 -317.705 0.983
67.445 81.590 -321.293 1.048
70.343 -50.553 -454.071 1.076
29.873 20.218 -313.033 0.871
20.593 74.599 -369.716 1.103
50.986 -15.814 -386.039 1.062
10.452 -81.837 -305.223 1.095
6.675 49.724 -398.212 0.877
72.399 30.067 -335.678 0.840
-74.378 -21.929 -311.773 1.151
62.385 99.433 -304.323 0.811
-2.952 -78.192 -341.994 1.051
-10.986 21.017 -421.467 1.009
7.892 -23.202 -322.670 1.161
60.915 84.047 -331.784 0.859
88.737 95.780 -451.519 1.022
0.415 18.258 -407.664 0.966
54.131 -38.462 -477.712 0.986
14.857 36.988 -461.863 0.948
-46.339 -9.164 -390.347 0.855
16.583 -62.904 -434.235 1.135
-73.810 30.945 -399.962 0.995
72.697 -65.058 -313.388 0.987
63.638 -32.386 -396.093 0.988
86.844 74.006 -458.852 0.885
-70.677 56.609 -340.115 0.909
18.892 -0.991 -346.775 1.100
27.398 -30.807 -435.471 0.806
26.308 45.126 -355.961 0.878
45.448 39.187 -364.386 1.002
9.184 -62.566 -401.280 0.963
-99.431 -5.575 -478.082 0.870
-61.374 -81.617 -494.593 0.956
-24.081 -60.614 -371.217 1.116
97.457 -83.621 -412.242 0.881
-52.777 77.993 -318.366 0.943
-3.967 -60.887 -356.511 0.909
66.900 33.371 -331.448 0.956
-52.744 -55.530 -377.440 0.836
4.596 -83.692 -345.645 1.030
33.674 4.740 -352.265 0.963
-66.371 -2.139 -469.714 0.963
-33.237 56.006 -430.502 1.044
49.071 78.588 -347.094 0.794
-3.164 -11.617 -365.708 1.072
-88.393 39.128 -411.361 1.038
-7.293 -14.707 -331.723 1.234
-38.539 -14.451 -365.691 1.011
-79.110 -10.816 -301.338 0.936
-57.298 20.582 -362.715 1.069
35.984 78.841 -300.623 1.061
52.057 -33.476 -310.477 0.975
21.463 90.737 -453.056 0.964
0.105 85.078 -407.473 1.034
29.513 92.760 -365.201 1.165
14.767 -86.824 -458.250 1.136
40.103 -26.186 -361.442 1.043
-44.853 9.691 -426.973 0.917
76.701 11.062 -427.370 1.079
-71.147 -66.987 -309.209 1.171
-46.922 -45.122 -358.406 1.143
-91.951 -91.853 -433.357 1.001
-9.577 -92.891 -428.873 0.878
61.950 -4.232 -381.735 1.069
-62.851 -34.880 -363.821 1.043
33.347 -29.369 -342.878 1.112
-35.715 -34.089 -317.320 0.966
-40.502 92.854 -492.316 0.931
-53.620 -76.910 -357.063 0.782
24.492 41.567 -318.241 1.116
44.276 -91.225 -412.887 1.134
-81.241 -94.258 -440.138 0.970
-21.587 94.842 -405.118 1.016
41.027 45.021 -465.181 0.918
-73.204 -97.241 -412.701 1.029
28.183 -60.898 -388.595 0.907
-35.682 -79.246 -413.712 0.981
99.669 15.849 -373.154 1.092
-55.176 -11.051 -419.472 0.938
-10.601 91.122 -480.192 1.087
76.691 6.538 -401.575 0.951
-68.240 -4.668 -386.260 1.021
-13.123 46.333 -402.376 1.009
14.605 43.476 -471.034 1.011
-20.141 18.180 -374.027 0.960
-63.546 36.433 -351.517 0.993
56.179 -27.130 -416.523 0.928
96.193 -43.943 -488.021 1.096
49.627 74.915 -355.866 0.946
-51.523 -32.148 -326.005 1.021
-61.535 91.029 -470.557 1.197
18.564 -92.533 -373.478 0.988
-15.682 10.175 -410.592 0.850
-60.982 -69.135 -498.630 0.921
-96.704 -58.625 -411.292 1.083
-25.268 13.594 -477.910 0.936
-47.862 -41.684 -355.834 0.899
-18.432 -14.531 -393.728 1.122
92.403 66.759 -380.618 1.088
-37.930 -77.736 -300.921 1.058
82.617 71.574 -498.680 0.917
18.291 -85.220 -475.895 1.035
69.844 -76.632 -386.988 1.124
22.260 -80.720 -349.363 1.091
39.013 50.421 -347.868 1.012
96.142 64.364 -300.139 0.862
-51.247 -96.895 -356.890 1.009
88.168 71.756 -418.739 1.055
18.523 -57.544 -467.746 0.951
-76.476 -27.253 -307.641 1.057
30.873 24.867 -489.949 1.225
9.149 -83.534 -336.388 1.085
-90.132 21.119 -477.208 1.223
75.070 -77.311 -403.126 1.301
-45.353 -11.774 -466.271 0.984
4.508 -41.041 -481.956 1.065
55.254 -99.379 -400.582 0.887
12.606 41.880 -461.816 1.053
65.615 4.110 -499.958 0.972
-32.014 51.604 -404.596 0.975
43.425 -46.277 -422.743 0.949
92.617 -99.977 -343.083 0.849
53.011 48.481 -458.103 1.207
-27.163 -8.050 -318.484 0.982
-27.089 79.795 -396.626 1.056
31.004 21.434 -483.429 0.999
25.476 89.530 -448.322 1.099
45.733 77.559 -470.812 0.931
-95.557 12.887 -335.220 0.847
-10.538 53.300 -413.354 0.867
21.408 -99.712 -384.146 0.949
35.783 68.510 -385.610 0.796
-98.330 -76.936 -308.966 0.894
-13.649 17.296 -345.540 0.884
93.529 74.219 -472.505 1.113
43.964 -71.993 -315.827 1.068
-96.613 -14.581 -373.279 1.091
-91.590 -50.218 -375.495 0.955
-58.162 -38.275 -441.086 0.860
55.053 17.464 -430.334 0.848
85.021 34.206 -357.741 1.026
90.077 17.566 -323.431 0.798
-95.609 13.086 -474.894 1.035
-51.918 -27.187 -368.237 1.193
-11.220 89.012 -490.251 1.060
-33.781 -0.642 -469.036 1.063
53.664 -70.012 -319.327 1.006
72.453 93.818 -322.892 0.942
-67.142 -16.513 -362.514 1.023
-8.185 61.949 -486.577 1.083
-1.312 -57.297 -439.528 0.913
75.688 -7.927 -423.447 1.065
3.790 -93.601 -348.771 0.958
57.225 83.293 -388.903 1.018
27.973 -10.429 -403.325 1.069
-74.844 -38.430 -447.067 1.015
21.703 99.712 -335.159 0.984
93.634 54.147 -305.014 1.082
-98.098 98.831 -408.765 1.115
13.312 64.794 -398.209 0.930
77.570 55.940 -459.244 0.987
-1.784 30.140 -446.371 0.967
81.484 -76.845 -365.381 1.165
76.915 -10.564 -434.544 0.853
-86.733 34.463 -391.560 1.017
5.236 -90.156 -363.879 0.936
67.994 -13.441 -369.914 0.796
89.921 67.320 -491.976 1.027
85.890 91.688 -313.805 0.965
58.322 43.804 -349.433 0.983
98.161 56.472 -449.356 0.720
-90.299 -17.389 -366.027 0.969
-74.547 -38.811 -361.922 1.065
67.403 57.550 -341.092 0.976
72.026 35.079 -454.911 0.873
10.839 -10.244 -325.599 0.925
80.687 -56.836 -360.142 0.886
-49.032 -15.510 -458.322 1.169
-66.279 -73.557 -377.882 1.002
-39.315 -19.231 -310.945 0.967
34.459 70.266 -449.425 0.830
7.584 17.910 -324.062 0.879
-66.282 14.978 -320.944 0.891
-46.944 49.820 -426.181 1.116
88.525 17.248 -344.486 0.917
-57.349 0.671 -303.554 0.855
83.462 -93.134 -430.296 1.000
51.376 -87.227 -460.737 0.903
55.562 7.761 -310.464 1.296
-2.694 -17.028 -470.934 0.980
7.586 60.948 -434.878 1.053
88.437 -55.175 -402.746 0.959
-88.971 -71.071 -494.904 0.934
-41.419 -87.526 -491.423 1.109
-67.613 28.135 -374.387 1.216
-43.703 -96.814 -438.202 0.988
21.721 -6.298 -460.093 0.857
64.815 33.272 -439.106 1.142
-30.176 -40.689 -481.559 1.075
-17.928 21.412 -450.866 1.048
-15.778 -6.509 -383.997 0.867
86.349 8.031 -434.651 0.839
-5.506 -63.810 -408.140 0.761
63.473 -33.585 -387.610 1.022
-18.338 50.816 -416.017 1.136
-15.566 67.608 -374.381 0.848
22.297 -32.719 -368.525 0.954
