-16.997 -6.254 -351.235 1.083
64.870 61.681 -330.512 0.884
-0.007 75.652 -448.419 1.093
-92.149 42.608 -424.116 0.885
83.755 49.987 -342.505 0.926
-38.575 -27.912 -332.998 0.972
-86.832 35.705 -435.262 1.065
88.792 18.507 -497.305 0.935
-42.481 -27.851 -304.562 0.950
15.437 -71.873 -304.691 0.782
-65.980 35.059 -366.386 1.064
-80.654 17.872 -325.849 1.093
-78.255 83.771 -458.849 0.961
40.182 -68.710 -371.552 1.025
-2.134 -61.534 -319.982 1.008
-9.315 27.052 -301.183 1.066
45.736 -46.292 -439.109 0.982
-85.446 86.142 -345.190 0.823
-69.258 -2.239 -466.655 1.066
66.004 31.745 -376.034 1.086
59.708 86.094 -421.871 1.096
-19.550 39.126 -377.628 1.011
45.010 -48.965 -491.294 0.949
-40.968 -18.102 -468.087 0.947
72.744 43.241 -490.526 0.987
-2.059 -36.853 -325.500 0.974
-53.902 -22.101 -372.255 0.898
94.743 91.526 -397.013 0.899
61.830 3.014 -373.450 1.111
-41.028 63.160 -458.057 1.123
9.882 -15.981 -410.241 1.006
34.331 33.955 -307.711 1.011
47.755 -67.479 -327.769 1.022
17.673 77.010 -361.423 0.982
44.160 62.079 -457.759 0.807
-90.334 94.373 -388.363 0.726
-66.670 74.505 -471.550 1.009
-76.966 20.746 -342.153 1.281
70.675 76.429 -377.275 0.899
44.143 65.700 -497.200 0.974
46.865 -2.459 -351.713 1.003
-53.905 88.749 -448.890 0.933
-78.513 -25.862 -317.172 0.807
-35.073 31.868 -396.639 0.934
-30.566 -23.485 -346.046 0.892
31.895 -1.669 -411.056 1.002
-80.505 96.148 -494.439 1.037
25.814 50.875 -468.562 0.881
-75.491 -92.302 -323.065 1.196
-77.657 69.075 -472.282 0.788
-24.332 84.721 -352.432 1.037
-57.231 0.784 -456.880 0.925
-92.305 -19.769 -309.906 1.027
-17.823 -42.305 -359.374 0.920
-27.585 53.920 -368.629 1.007
85.005 -10.993 -323.926 1.089
84.922 -47.155 -349.077 0.987
36.288 74.758 -352.922 1.038
-52.451 -77.127 -366.205 1.061
30.951 -9.841 -376.570 0.855
46.458 -73.670 -373.059 1.051
-69.463 -31.296 -421.041 0.896
59.221 -5.983 -355.517 1.072
-62.752 -54.320 -492.954 0.881
73.041 -71.545 -469.675 0.988
-32.834 -89.451 -470.290 0.880
-55.555 76.604 -320.567 1.102
-65.122 15.228 -375.753 1.091
-79.033 6.408 -328.938 1.043
67.174 59.211 -381.999 0.885
-29.068 -42.840 -369.206 1.063
-21.114 25.255 -374.598 1.026
93.526 62.300 -428.685 1.054
79.432 -43.216 -387.802 1.035
-19.499 46.424 -415.704 1.094
1.500 75.358 -319.378 1.187
64.539 57.429 -378.921 1.087
87.295 -62.821 -475.111 1.197
-50.441 74.462 -335.121 1.104
-98.504 31.871 -329.823 0.978
10.470 -42.634 -330.697 1.059
-65.593 -89.948 -438.649 1.100
48.779 -19.137 -319.847 0.847
-95.282 65.280 -307.834 0.969
-37.142 -69.289 -302.456 0.941
-53.534 -58.885 -399.825 1.027
34.948 4.582 -489.334 1.093
-32.256 18.741 -356.298 0.920
86.435 68.236 -470.223 0.927
-44.789 -96.960 -368.119 0.845
-40.087 3.220 -337.743 0.939
70.613 62.547 -438.538 0.767
90.914 -76.132 -425.891 1.274
66.244 -27.242 -432.804 0.956
-37.914 -94.905 -393.457 1.018
-85.131 -66.338 -418.943 1.178
-90.506 -47.276 -363.113 0.894
45.784 -22.157 -362.765 1.008
64.849 -42.915 -462.499 0.776
-78.286 14.936 -338.386 1.039
-19.273 -25.690 -408.475 1.109
-86.570 -3.843 -380.684 0.858
-92.278 79.536 -404.973 1.020
21.711 18.068 -457.650 1.109
95.531 4.766 -404.457 1.056
-74.366 68.512 -471.246 1.039
65.250 80.119 -377.844 1.069
-12.687 30.569 -496.130 0.923
82.020 -11.163 -305.459 1.118
39.626 96.938 -418.823 0.980
-12.920 71.578 -362.898 0.989
-67.024 -96.056 -386.212 1.081
-65.182 65.145 -377.761 0.900
39.451 12.300 -324.990 1.080
5.703 -7.169 -395.243 0.979
-28.546 1.981 -483.216 0.905
81.275 48.923 -331.005 1.160
-58.613 -46.069 -459.716 1.088
61.992 48.901 -446.940 0.894
78.082 13.761 -489.157 1.015
89.220 67.914 -445.153 0.802
7.696 14.599 -310.180 1.074
7.301 -55.837 -493.992 1.080
64.325 30.413 -462.459 1.067
68.263 -97.950 -459.457 1.201
-42.503 25.869 -440.212 0.874
-67.570 -3.655 -459.627 1.002
20.740 74.856 -388.163 0.982
2.167 39.854 -463.095 1.130
-68.972 93.311 -461.100 0.834
-32.969 -55.085 -391.200 0.851
7.493 -1.143 -345.759 0.751
-40.416 22.571 -343.513 0.954
-16.304 52.612 -435.456 1.150
47.548 23.529 -360.469 0.997
72.189 59.879 -310.429 0.817
-1.505 -54.351 -398.437 1.070
-24.092 -57.717 -495.448 0.985
-48.694 45.468 -441.714 0.938
63.356 -40.712 -343.804 0.837
-52.423 -93.408 -337.754 1.037
-36.631 38.099 -430.402 1.057
35.646 -22.904 -347.030 1.049
59.083 58.112 -464.935 1.109
-84.444 -0.361 -347.592 1.005
-16.929 48.487 -479.013 1.092
18.266 26.964 -450.160 1.025
76.997 52.476 -492.112 0.847
-90.222 -74.725 -330.092 0.956
82.500 -68.015 -391.149 1.065
-63.112 -70.075 -392.775 0.857
82.625 -99.519 -300.951 0.971
88.584 -26.711 -390.343 1.084
4.051 61.472 -413.158 1.262
-44.868 84.611 -342.112 1.138
-40.707 0.407 -383.274 0.913
-27.310 64.527 -356.327 0.982
88.194 55.652 -329.486 0.962
-32.131 -76.212 -453.863 1.081
-49.123 -76.331 -498.280 1.021
-11.071 83.981 -335.292 0.971
99.469 42.468 -375.545 0.919
-15.563 78.246 -368.613 1.000
71.230 -71.505 -387.925 1.043
65.783 96.124 -339.609 0.881
-7.865 16.449 -475.386 1.086
66.512 -99.603 -320.253 0.833
69.561 23.528 -405.504 0.843
98.178 89.002 -439.134 0.970
75.968 42.889 -360.885 1.141
-64.369 14.560 -435.505 1.080
-45.054 -55.016 -310.468 0.776
-43.899 -56.965 -342.144 1.029
-11.348 91.724 -414.195 1.155
17.745 13.203 -449.314 1.000
-38.250 23.152 -331.962 0.925
34.918 74.376 -489.550 1.003
-77.229 -81.347 -448.271 1.014
55.435 -94.256 -440.696 0.933
27.931 81.252 -328.764 1.102
-79.345 95.744 -459.457 1.032
-2.210 -57.477 -359.730 1.068
-54.236 -47.204 -405.262 1.104
6.158 -97.108 -417.361 1.022
-3.448 0.621 -401.423 0.775
31.602 -81.102 -329.880 0.928
-7.192 -93.332 -334.676 0.967
84.539 -20.590 -392.350 1.070
50.279 -69.568 -302.763 0.864
9.330 -93.868 -416.190 1.055
-18.601 -57.654 -312.856 0.876
-67.086 -10.027 -332.226 0.898
52.837 -93.335 -398.994 0.948
56.650 49.232 -380.149 1.157
-11.323 39.493 -452.899 1.161
-85.044 92.731 -329.627 0.945
-76.265 -87.986 -460.228 1.001
-16.664 5.595 -369.007 1.010
-50.683 -19.600 -415.067 0.918
-7.208 -16.358 -408.042 0.967
-96.891 48.446 -442.156 1.094
38.587 -17.045 -494.123 0.914
-79.984 98.429 -462.129 0.983
-68.937 -81.885 -453.075 0.950
-58.349 -54.126 -333.999 0.940
57.821 -62.172 -377.780 1.066
-37.572 -33.256 -467.006 0.914
-16.261 69.894 -345.752 1.042
-50.960 -84.298 -460.850 1.101
8.322 -72.439 -423.008 1.015
15.266 20.561 -325.663 0.952
-62.260 96.339 -436.676 0.861
-18.181 -54.187 -389.792 1.063
80.630 -17.071 -307.627 0.958
94.073 -79.485 -319.097 0.907
-62.166 18.227 -467.695 1.048
-53.823 -39.236 -377.266 0.841
93.203 10.833 -486.853 0.939
70.514 -12.997 -378.903 0.918
-31.409 48.837 -365.345 1.231
54.515 25.497 -430.008 1.059
96.176 -22.164 -364.505 0.975
31.223 16.562 -392.067 1.154
-55.971 -63.082 -458.375 0.752
86.342 14.484 -383.961 0.999
-2.989 -3.720 -485.534 0.866
45.519 30.254 -302.769 1.015
-54.761 70.160 -377.326 0.942
-81.981 90.676 -478.459 0.945
-79.576 9.214 -333.116 0.909
25.577 64.758 -447.133 0.921
-1.207 7.970 -475.742 0.974
33.912 80.272 -312.622 1.016
50.256 -78.432 -435.351 0.997
-83.454 -99.091 -452.785 1.068
-19.422 -54.127 -448.220 0.935
-81.521 -11.034 -497.135 1.078
83.769 -13.048 -359.357 0.764
-78.570 -87.529 -433.687 0.851
56.249 -26.910 -348.667 1.036
46.005 71.492 -467.601 1.055
61.061 -83.257 -423.574 1.021
95.839 16.561 -352.227 0.866
-10.004 94.044 -342.475 0.961
-35.645 28.759 -436.331 1.093
72.109 1.691 -409.969 0.928
62.203 70.876 -410.704 1.042
-17.283 41.284 -328.737 0.925
-47.176 98.873 -435.423 0.816
50.139 12.905 -413.290 1.002
-52.081 -85.211 -330.301 1.166
-20.422 -77.782 -370.118 0.919
-20.535 81.798 -357.035 0.873
73.158 -43.006 -361.649 1.052
-96.757 51.068 -373.298 0.998
28.247 26.254 -427.513 1.151
-67.527 -5.260 -413.800 1.120
-10.601 7.857 -309.117 0.929
-33.164 44.870 -409.790 1.070
-35.481 -6.208 -363.319 1.047
81.089 50.861 -443.946 1.016
-77.776 -23.640 -475.146 0.973
-10.448 -56.177 -460.067 1.023
18.722 -21.136 -480.820 1.135
56.101 59.035 -444.774 0.900
-32.227 -10.985 -385.406 1.130
72.499 -93.610 -342.531 1.020
-27.985 42.641 -340.591 1.142
-80.072 94.025 -432.689 0.959
57.644 -46.181 -327.929 1.048
33.496 -77.482 -403.872 1.093
-45.965 -2.309 -352.470 0.918
98.893 -14.930 -454.818 0.924
-40.501 -73.308 -311.457 1.031
-5.278 86.118 -354.630 1.092
82.027 -24.260 -448.563 0.968
17.057 93.156 -422.518 1.172
-15.662 -74.516 -325.541 0.845
-89.017 48.458 -454.765 1.093
-34.830 -62.001 -413.618 1.010
-97.956 -48.760 -436.258 0.919
2.025 98.696 -312.950 1.059
5.349 0.989 -491.345 0.885
-84.041 -58.599 -496.169 0.947
54.356 29.598 -378.969 1.155
74.396 -79.506 -304.981 0.990
-67.346 6.576 -428.694 0.958
-62.312 21.972 -335.698 1.077
60.534 89.581 -389.579 0.902
-61.850 69.021 -465.460 1.030
74.397 77.103 -384.244 1.011
-57.299 47.393 -358.083 0.951
74.464 40.474 -455.847 1.006
10.632 -10.692 -323.224 0.988
44.669 45.041 -351.965 1.072
19.752 -14.455 -481.532 1.192
-96.511 -55.793 -455.406 0.924
72.121 -19.924 -484.927 1.008
85.897 -7.004 -313.313 1.076
8.650 58.481 -490.734 1.112
96.709 -61.455 -324.401 1.020
-62.418 89.551 -387.097 1.076
-19.113 81.754 -382.896 1.091
91.777 11.724 -390.048 1.044
-51.961 -11.756 -326.181 0.868
-41.105 -72.118 -359.203 0.882
-5.589 15.362 -487.065 1.013
-74.414 75.586 -484.885 0.970
40.048 31.689 -389.349 1.007
-89.610 0.932 -400.911 0.953
-46.476 -12.018 -353.698 1.085
56.510 5.453 -334.112 0.958
-48.135 97.201 -404.658 1.082
-9.704 -8.279 -485.696 1.038
60.027 -86.790 -444.895 1.122
-91.472 15.137 -322.163 1.149
-81.173 -16.826 -405.846 1.073
-52.207 15.160 -412.672 1.150
-82.089 82.086 -386.201 0.983
-89.903 -42.717 -311.475 0.981
-63.673 13.299 -332.168 1.017
44.464 -5.543 -309.148 1.083
-94.991 -52.860 -329.909 1.046
-16.025 44.270 -396.412 0.934
-90.883 -9.774 -382.193 0.963
82.055 -35.841 -454.948 0.994
-10.423 82.694 -403.201 0.985
-92.575 6.332 -433.942 1.133
-42.388 -46.706 -344.478 0.933
14.442 83.408 -390.845 1.221
34.706 28.399 -427.651 0.843
1.539 -95.023 -368.673 1.071
16.665 96.883 -438.277 1.143
97.078 -32.934 -308.237 0.956
66.414 -42.619 -373.209 0.832
0.154 1.058 -332.229 1.076
38.761 -96.827 -372.512 1.053
-82.356 -9.252 -438.261 0.979
25.696 66.978 -489.822 0.992
-93.169 -82.245 -387.473 0.858
-99.059 90.971 -377.104 0.882
68.427 43.023 -340.156 1.037
-40.627 92.660 -479.241 1.109
34.827 70.477 -336.212 1.015
-11.041 -27.032 -327.617 0.920
-10.426 14.936 -315.511 1.100
-18.172 89.077 -317.615 1.113
11.700 -86.879 -434.030 0.942
-94.138 -88.176 -378.271 1.056
-94.923 -66.894 -310.340 0.901
-64.591 78.507 -351.252 1.027
49.798 -42.983 -445.679 0.855
22.151 -27.282 -359.768 0.926
69.673 37.441 -395.933 0.989
86.806 22.219 -418.003 1.047
-54.980 99.531 -429.401 1.148
20.704 -19.609 -448.204 0.973
-78.792 -4.457 -327.294 0.980
-48.357 -46.088 -401.003 1.074
-43.633 -27.895 -376.863 1.074
-3.903 40.703 -344.589 0.980
9.651 24.825 -423.462 0.900
43.843 0.899 -416.730 1.008
44.789 -37.983 -452.626 0.839
-77.014 86.985 -409.087 0.992
-24.827 -6.948 -339.164 1.067
-39.242 50.370 -351.292 0.944
40.620 87.797 -486.996 0.955
-92.209 96.848 -389.940 1.020
83.697 -94.316 -308.369 0.973
-71.520 86.273 -321.898 0.952
41.071 -79.518 -334.954 0.916
17.342 -33.528 -443.231 0.842
-24.670 -8.949 -357.577 1.004
-11.448 -28.577 -371.665 0.886
99.742 19.709 -379.177 0.982
-24.080 98.807 -457.677 0.871
-5.081 75.443 -304.382 1.032
22.611 50.431 -430.874 1.120
-85.379 -51.744 -350.001 1.142
-21.962 -68.572 -490.251 1.012
-77.700 71.102 -392.873 1.051
91.974 -8.663 -305.687 0.917
-13.159 -66.992 -404.676 0.982
91.985 61.291 -496.630 0.987
58.800 -38.227 -463.979 0.966
60.186 47.269 -475.830 0.864
-50.701 -83.129 -432.165 0.965
-84.285 -74.595 -372.649 1.096
20.522 -99.915 -340.150 1.075
8.663 -80.409 -466.599 1.067
38.598 48.046 -386.427 1.106
-93.528 -56.648 -458.957 0.900
43.513 74.632 -477.446 0.937
90.189 -31.391 -457.188 0.832
46.252 -51.638 -395.958 1.025
14.300 59.550 -379.117 1.014
43.654 72.114 -472.232 0.989
50.042 -86.664 -486.149 0.846
47.923 -76.699 -365.505 1.225
66.232 -8.406 -460.564 0.891
-96.799 -89.294 -380.606 0.990
7.906 -27.212 -423.087 0.873
73.391 -88.217 -354.915 1.164
-72.465 -5.589 -475.359 1.018
-83.985 40.684 -441.877 1.002
33.156 -11.860 -369.158 1.012
-87.503 -94.366 -467.725 1.155
11.360 67.794 -481.696 0.807
78.681 17.652 -487.011 0.879
39.347 -43.628 -474.935 0.954
6.763 -43.932 -397.056 1.148
-96.988 12.113 -403.377 0.894
-73.033 -86.295 -483.664 0.942
26.735 -65.720 -374.051 0.998
-5.480 -67.220 -372.013 1.065
11.044 -61.946 -337.924 1.231
45.943 -17.680 -416.010 0.733
-73.294 18.682 -340.138 1.009
-37.809 95.186 -312.639 0.953
-70.931 23.645 -455.966 1.131
69.269 22.846 -410.242 1.035
-85.137 50.511 -461.116 1.112
-78.572 -57.088 -374.791 0.999
-41.744 -5.647 -405.351 0.926
-31.307 53.751 -432.667 0.781
-75.671 -89.108 -493.676 0.991
0.208 89.547 -434.312 1.061
1.173 -93.145 -426.595 1.152
-32.167 -35.476 -391.411 1.067
-31.634 -61.780 -430.229 0.985
-73.608 54.144 -482.288 1.112
83.456 72.671 -408.317 1.076
50.974 -72.713 -359.530 0.997
56.030 -47.361 -419.123 0.945
6.824 -6.294 -431.347 0.916
-11.394 52.741 -373.546 0.896
35.427 -82.230 -366.832 0.979
-77.838 32.173 -455.745 1.002
-85.988 -79.009 -495.556 0.979
-27.061 -24.207 -472.729 0.964
-35.774 -67.111 -491.587 0.985
-88.871 8.354 -484.465 1.076
68.019 -8.981 -478.352 1.153
16.829 -22.427 -393.040 0.955
33.290 -93.179 -349.537 1.083
39.417 -76.556 -348.049 1.075
-30.107 56.393 -334.407 0.901
-67.804 -68.416 -314.911 1.136
-55.639 44.295 -455.174 0.985
-89.865 64.832 -349.290 0.935
-86.175 -19.912 -346.849 0.924
-47.488 54.672 -439.969 0.897
-25.552 -96.400 -474.736 0.997
-43.999 -4.389 -350.928 1.052
-15.770 -99.780 -488.935 1.184
-97.659 -77.735 -480.316 0.992
66.946 97.297 -307.081 1.114
9.550 86.297 -350.027 0.976
-99.768 15.090 -399.792 1.045
55.190 -54.369 -341.311 1.153
-15.477 6.837 -356.325 1.099
-33.568 -40.053 -489.611 1.000
52.893 5.790 -402.937 0.928
-5.864 -48.076 -434.539 1.093
89.305 70.821 -490.720 0.855
75.762 63.209 -434.060 0.880
-42.382 -33.713 -330.761 1.141
53.213 99.774 -313.813 1.211
7.603 92.635 -438.466 0.883
-26.087 4.338 -436.483 1.018
12.278 -12.813 -339.635 0.857
-46.266 -34.275 -346.568 0.976
42.765 36.330 -309.493 0.995
-92.732 -31.724 -308.235 0.950
52.124 -94.184 -386.399 1.047
-34.184 69.661 -381.526 1.053
-12.013 42.071 -420.103 1.014
53.214 -28.753 -371.594 1.064
85.418 -99.969 -495.088 1.153
39.868 4.575 -306.337 0.897
-71.507 66.264 -372.777 1.081
-49.987 -88.093 -347.078 0.920
49.400 -63.954 -488.267 1.136
59.761 -76.681 -320.796 0.928
-80.369 -27.904 -319.140 1.000
-69.357 38.014 -305.657 1.043
18.113 -88.782 -342.430 1.061
79.446 77.359 -481.646 1.024
26.770 50.130 -495.609 1.069
-2.168 63.139 -300.562 1.268
-88.929 75.625 -465.433 0.985
85.151 -74.261 -343.528 0.960
34.119 -7.807 -495.575 0.984
29.790 99.983 -467.865 0.987
-4.751 -68.419 -414.564 0.867
-71.424 -76.331 -418.739 1.047
-50.567 -44.044 -310.038 1.068
64.341 -71.107 -474.879 1.006
-76.289 -20.993 -442.165 0.986
-37.464 -82.948 -478.708 0.970
-95.048 -74.629 -402.633 1.250
-82.866 -32.438 -419.190 1.017
61.812 34.838 -351.544 0.913
88.082 -32.596 -396.851 0.982
79.906 -25.371 -434.610 1.018
38.612 26.343 -301.568 1.075
59.462 -22.063 -406.879 1.031
97.307 -79.167 -476.665 0.750
82.487 -94.236 -441.096 0.939
93.147 -71.843 -496.430 1.151
-26.890 -56.683 -492.955 0.964
70.993 25.400 -461.830 0.988
-20.157 -57.707 -402.429 0.915
50.271 63.738 -348.785 0.833
15.300 9.988 -398.539 1.071
54.272 -68.534 -470.478 0.929
-50.848 -27.466 -452.519 1.104
-16.915 -52.009 -466.823 1.239
71.269 18.842 -371.748 1.023
-99.981 84.816 -420.027 1.010
55.950 7.327 -339.593 0.935
71.481 -33.673 -337.933 1.040
3.350 -1.409 -312.349 0.926
-18.399 -69.239 -408.877 1.044
-38.253 -71.715 -336.475 0.859
-44.804 -28.055 -358.602 0.861
-77.487 -34.326 -433.094 0.986
81.190 -16.138 -483.700 1.110
19.499 -45.034 -425.830 0.991
59.309 33.088 -337.419 0.947
9.099 27.037 -478.961 0.873
12.141 37.072 -366.991 1.044
-22.535 -29.335 -312.263 0.937
93.417 -52.183 -305.159 1.003
-52.678 -50.822 -313.432 1.195
45.673 -49.748 -498.798 1.094
62.876 1.919 -495.157 0.896
42.617 26.122 -444.950 0.903
-34.457 -77.327 -426.409 0.987
-21.721 -17.367 -441.249 0.882
48.176 54.348 -379.103 0.935
95.828 38.161 -396.968 1.007
-57.484 34.905 -439.162 0.976
61.630 -97.167 -328.543 1.166
13.237 64.157 -385.962 1.064
-89.214 -64.507 -321.685 0.983
77.103 -44.312 -391.655 1.021
95.975 90.620 -325.335 0.933
-27.910 98.364 -472.589 1.003
78.752 -25.161 -423.895 1.004
23.698 -26.537 -467.568 0.891
-29.380 98.900 -377.595 0.827
-44.745 45.827 -387.669 0.955
-42.383 66.398 -445.874 0.927
57.211 32.933 -315.446 0.935
22.678 -98.114 -306.373 0.989
22.598 84.183 -496.232 0.976
-20.263 -60.979 -353.468 0.975
87.316 45.821 -448.443 1.050
24.211 36.591 -412.828 0.963
77.113 68.782 -345.813 0.832
66.640 -98.500 -389.433 0.936
29.229 90.275 -445.876 1.047
-63.534 -4.644 -347.863 0.957
-2.685 14.764 -379.682 0.918
81.909 14.773 -361.956 0.908
-44.648 -29.499 -377.195 1.032
31.077 9.920 -454.643 1.070
35.855 61.501 -438.424 0.888
47.594 58.247 -310.909 1.102
-9.013 -66.841 -352.547 0.857
81.399 -48.999 -399.402 1.108
70.521 53.257 -431.275 1.063
-45.938 -19.702 -488.516 0.924
98.648 -38.419 -463.660 1.051
79.371 -78.961 -321.404 0.973
-94.957 -57.848 -310.488 1.014
-84.806 -29.211 -491.052 1.168
83.555 -56.729 -473.410 0.880
39.313 -93.644 -459.812 0.907
-7.906 -62.416 -399.446 1.089
-0.335 45.400 -304.755 1.084
-79.879 -21.121 -420.197 0.899
68.081 -80.011 -426.425 0.866
94.062 -63.693 -424.246 0.977
2.056 61.358 -428.256 0.902
24.443 34.418 -432.157 1.120
19.635 -36.111 -393.455 0.986
33.946 76.452 -306.872 1.018
-81.417 -41.174 -308.256 1.010
-94.107 19.197 -434.812 1.056
47.829 -38.222 -348.478 0.902
-62.696 67.059 -327.550 0.876
-96.894 48.810 -415.495 1.021
-72.735 -30.413 -369.176 1.295
40.928 38.236 -414.686 0.910
90.489 68.369 -440.251 0.848
-47.383 49.473 -393.532 1.088
82.349 -4.155 -361.912 0.960
-20.387 -18.394 -439.228 0.863
62.988 -69.216 -388.588 0.928
57.765 -68.987 -455.650 0.929
-25.163 -4.468 -345.545 0.912
-86.289 -33.377 -426.444 0.918
-5.077 2.209 -456.437 0.955
-44.986 -11.722 -439.626 1.148
24.888 -98.047 -310.599 0.980
74.639 -10.689 -315.604 1.097
-29.659 5.456 -354.098 1.072
-47.896 84.922 -343.047 1.001
95.110 23.422 -490.113 1.085
56.150 82.245 -383.876 1.069
67.235 66.319 -460.889 0.980
51.811 84.379 -432.673 1.131
-99.785 -16.006 -302.146 1.171
46.200 25.773 -488.684 1.088
6.866 -84.452 -392.647 0.888
30.869 30.767 -320.313 1.028
-63.509 -56.765 -336.417 1.076
59.334 -15.933 -454.470 0.904
-69.589 -10.013 -385.388 0.921
-5.376 22.275 -476.339 0.956
34.280 -71.691 -432.434 0.862
-70.497 55.349 -331.182 0.993
18.441 33.355 -375.778 0.834
-9.821 -50.683 -351.477 0.876
-38.160 -96.375 -402.145 0.960
-68.059 -34.357 -350.828 0.947
-71.578 26.411 -379.169 0.923
47.658 -5.908 -361.193 1.145
96.005 48.018 -304.416 0.946
-86.252 -90.241 -459.757 1.063
-99.063 -36.574 -365.724 0.857
73.309 -68.747 -420.827 0.977
37.677 30.448 -474.231 1.062
5.804 -37.714 -443.124 1.046
-47.851 30.808 -393.285 0.897
-54.341 43.704 -416.380 0.855
-6.919 -33.827 -440.284 1.099
42.390 29.772 -419.393 0.971
-59.463 -92.321 -385.897 1.083
-34.856 59.203 -378.008 1.035
-40.710 53.464 -402.881 1.059
-50.235 -86.037 -371.200 0.961
95.912 58.449 -310.800 1.115
-21.162 -33.121 -337.119 0.839
-10.285 92.305 -467.521 0.800
-93.282 -99.213 -432.098 0.801
42.467 -14.798 -315.429 1.067
70.089 -80.733 -300.436 0.896
-50.492 -44.244 -318.275 0.950
80.794 1.504 -439.336 1.059
50.153 -23.558 -301.460 0.999
98.154 61.681 -458.491 0.949
87.418 -31.923 -339.302 1.103
-14.933 94.121 -484.031 1.115
-69.925 -1.012 -454.050 1.025
-25.880 -85.573 -480.084 0.932
-27.113 -22.384 -309.666 0.831
98.245 -80.006 -426.270 1.179
-28.389 0.749 -447.850 0.903
-8.724 85.751 -474.087 1.037
41.752 -58.930 -450.204 0.884
-67.256 -64.847 -395.682 0.963
82.881 -52.300 -458.278 0.940
-80.416 2.221 -484.410 0.937
37.175 -17.675 -365.646 1.096
97.222 42.736 -440.647 0.978
-59.933 -20.347 -390.460 0.904
33.746 2.055 -486.331 0.940
-35.226 -54.022 -383.592 1.051
14.206 -45.764 -369.405 0.967
-51.774 -35.322 -450.197 1.008
-36.459 7.232 -344.192 1.065
28.722 -96.380 -334.259 0.972
-85.439 -53.845 -334.261 1.109
0.128 52.809 -314.522 0.930
50.411 -59.323 -424.351 1.021
-42.291 -73.370 -445.971 0.860
64.660 -83.335 -373.820 0.985
-5.354 52.027 -365.146 1.075
-43.776 -67.577 -431.663 0.907
35.028 -44.674 -451.140 1.010
-6.434 -22.695 -342.536 0.944
-67.504 -41.652 -324.318 0.868
-67.542 87.285 -418.211 0.923
-7.102 -92.525 -387.223 0.917
-7.886 -21.909 -485.357 1.063
-64.020 61.728 -430.116 1.032
77.838 -64.848 -327.376 1.041
-6.444 96.585 -381.310 0.958
13.578 25.763 -395.259 1.028
12.573 1.396 -377.414 0.919
-58.196 35.425 -315.074 0.970
56.072 -61.224 -467.223 1.101
-72.377 66.273 -492.161 1.057
-1.540 32.542 -468.431 1.025
28.820 44.948 -348.722 0.998
60.914 18.464 -338.875 0.860
-47.723 -5.673 -371.879 0.849
84.651 35.792 -405.758 1.057
89.811 81.065 -309.565 1.033
-7.828 83.030 -348.918 1.092
54.010 20.354 -499.491 0.946
27.258 89.716 -398.030 1.008
38.122 -63.089 -321.608 0.921
-57.090 40.070 -490.321 1.042
-87.633 40.236 -333.990 1.048
-25.939 42.626 -376.715 1.080
85.998 -24.435 -434.660 0.902
4.083 -8.958 -425.562 0.996
-40.401 -42.051 -404.844 0.814
-25.753 58.972 -324.350 0.991
20.488 75.103 -419.619 0.993
92.294 -15.350 -461.626 0.970
-8.844 61.189 -354.065 1.075
94.000 46.622 -332.177 0.933
-89.926 42.449 -387.111 1.026
46.148 -2.539 -492.878 1.004
-27.487 -32.357 -378.124 1.087
93.288 -92.792 -478.946 0.921
77.027 31.653 -315.072 0.961
47.651 86.170 -346.634 0.815
63.961 52.181 -360.526 0.787
-18.525 -59.161 -494.922 1.043
-38.816 -71.937 -327.468 0.801
99.252 -16.965 -377.094 0.960
38.524 -45.062 -300.045 1.081
30.788 54.701 -458.660 1.098
-68.627 32.651 -471.687 0.963
17.111 86.836 -336.357 0.926
49.219 -99.596 -317.775 0.966
-8.792 -82.465 -332.337 1.028
-72.656 32.087 -326.914 0.966
36.016 18.757 -352.930 0.882
-46.998 90.350 -393.389 1.128
-85.362 -60.849 -450.269 1.015
49.377 69.286 -492.068 1.024
-20.053 23.567 -311.632 1.026
-31.690 -7.088 -398.977 0.935
47.280 -44.218 -464.693 1.046
80.974 0.541 -408.310 1.005
73.878 -25.933 -350.535 1.081
-41.294 39.364 -419.009 1.188
9.138 -9.354 -405.412 0.892
67.697 -43.986 -397.368 0.894
-93.379 -41.334 -392.985 1.051
-73.558 -68.166 -375.014 0.992
-56.935 -11.822 -457.435 0.917
-77.382 -23.230 -360.849 1.024
-15.435 -26.174 -388.174 1.035
-17.721 79.713 -310.111 1.030
64.585 67.090 -441.783 0.945
43.272 -23.210 -356.072 1.011
46.373 -1.897 -469.853 0.927
-85.066 -92.634 -314.197 1.071
98.240 91.813 -491.259 0.972
-37.447 -26.926 -387.546 1.001
-44.134 -99.154 -320.629 1.146
25.448 27.142 -362.199 1.221
-67.730 -78.509 -418.065 0.809
-75.420 89.652 -445.346 1.221
22.281 19.951 -333.376 0.911
27.008 -95.597 -351.719 0.967
87.406 75.544 -347.114 0.797
-3.033 88.156 -383.139 0.921
94.941 31.922 -432.323 1.083
75.714 -42.010 -366.214 0.904
88.960 33.779 -316.852 0.873
-19.747 86.761 -476.009 1.122
-60.287 10.651 -390.952 1.088
-55.799 -5.296 -424.834 1.066
-45.795 43.400 -497.693 1.022
-9.348 -75.981 -431.088 1.076
-55.922 56.560 -418.503 0.966
-55.754 -27.538 -341.416 0.983
99.279 -64.885 -304.608 0.843
-83.159 -30.129 -323.366 1.114
52.812 -76.880 -320.696 1.016
-95.863 -68.140 -337.942 1.025
-96.353 10.176 -472.006 0.998
-84.036 -79.739 -326.689 1.062
72.912 -98.564 -490.231 0.879
-78.041 31.705 -353.671 0.925
-38.619 52.956 -406.152 1.026
-29.867 98.902 -387.426 1.104
-77.783 -83.617 -357.225 1.081
-38.675 -60.874 -410.083 0.942
-13.698 50.985 -338.812 1.074
-67.424 36.484 -478.291 1.025
93.394 15.835 -336.631 0.939
35.646 89.255 -383.370 1.059
-46.390 -67.596 -457.337 0.970
46.314 11.531 -474.517 1.087
69.213 -29.457 -487.568 0.988
38.781 0.963 -332.435 0.991
74.545 -15.794 -491.550 0.942
13.451 -10.238 -467.313 0.995
45.022 20.665 -317.880 1.026
77.886 61.378 -324.223 0.839
83.327 -19.328 -388.423 0.979
-89.571 -30.542 -332.541 0.919
87.654 32.184 -457.390 1.019
-33.963 -90.355 -302.978 0.852
68.307 13.330 -417.531 1.138
88.000 33.878 -307.942 1.116
0.219 -67.242 -312.189 0.956
-85.879 -24.745 -432.263 1.100
93.746 -74.955 -370.730 1.033
73.889 5.386 -339.985 0.891
69.598 61.825 -312.187 1.082
19.469 30.413 -423.213 0.999
-95.137 31.091 -391.087 0.973
-54.240 93.802 -375.665 1.141
-7.049 43.081 -317.166 0.990
-17.409 39.686 -351.654 0.958
-65.718 88.319 -457.918 0.844
-11.402 -14.547 -470.352 1.053
-19.786 23.405 -431.504 1.050
-53.384 -29.183 -387.130 0.814
69.884 74.542 -441.547 0.999
-42.662 -78.292 -363.907 1.081
-48.534 95.582 -305.985 1.016
-21.463 -21.134 -494.500 0.931
-24.166 16.948 -439.064 1.067
-63.574 14.895 -318.356 0.937
20.150 24.225 -479.454 0.879
53.684 72.385 -359.172 1.035
41.706 60.878 -371.081 0.966
-28.271 -19.349 -305.447 0.973
13.056 -42.004 -354.011 1.015
-62.940 -66.356 -493.787 1.082
33.198 -74.648 -388.734 1.043
33.045 13.676 -450.726 0.868
-26.118 90.145 -459.006 0.956
-92.974 -31.998 -328.835 0.951
-4.539 2.482 -310.638 0.981
39.915 -19.903 -376.278 0.987
-93.564 -67.148 -422.055 1.067
67.862 -75.221 -429.033 0.839
74.708 23.210 -432.676 0.881
83.495 33.273 -442.776 1.076
95.331 -8.878 -366.044 1.076
21.377 -60.283 -453.759 1.080
1.054 78.246 -323.185 1.088
-43.035 71.557 -328.315 0.978
-21.392 -7.771 -452.512 1.081
-25.086 74.029 -308.054 1.208
-42.640 -22.425 -429.397 1.071
-63.121 -59.875 -408.802 1.008
-65.865 86.028 -478.726 1.233
19.155 -86.691 -421.433 1.076
-74.849 3.804 -346.449 1.023
-17.683 23.224 -426.828 1.120
72.451 -48.094 -464.039 0.943
61.882 -8.750 -302.993 1.192
-73.092 44.512 -402.729 1.010
-33.873 78.122 -393.683 1.107
-24.318 -48.269 -473.611 0.973
15.041 -58.131 -300.255 1.095
80.769 -7.260 -384.877 1.159
68.527 -71.682 -332.635 1.097
39.120 86.404 -496.191 0.881
94.598 -69.039 -351.234 1.018
78.980 -6.295 -323.212 0.946
-83.020 -45.014 -332.648 1.053
-37.277 60.988 -389.380 0.985
5.491 98.979 -354.681 0.915
-80.021 44.363 -384.457 1.049
-52.276 -54.977 -432.241 0.819
84.919 1.488 -310.958 1.058
-5.152 -93.490 -485.298 1.196
27.524 -89.534 -323.094 1.194
-20.097 41.455 -418.973 0.887
69.578 50.678 -378.996 0.960
34.301 -61.843 -374.998 1.066
38.690 -86.922 -323.369 1.081
26.327 36.029 -374.956 0.921
-36.648 77.322 -338.411 1.004
47.638 -67.060 -305.006 1.010
30.939 -74.149 -427.112 0.864
-80.366 54.060 -410.388 0.843
-74.685 71.742 -340.786 0.992
-62.129 -89.160 -362.287 1.061
85.871 -70.769 -305.326 0.890
-79.248 -64.065 -387.826 0.992
-6.285 -20.012 -363.493 1.072
92.437 -48.781 -401.175 1.032
-86.473 -73.260 -494.019 0.991
-53.807 6.081 -339.066 0.989
77.628 17.074 -410.332 1.006
-15.270 -14.712 -314.884 0.968
88.934 -31.349 -353.075 0.850
96.066 -20.964 -330.518 1.059
72.297 -32.603 -493.755 0.947
-96.827 -60.617 -416.178 1.135
34.506 -6.868 -312.914 0.898
-93.319 -41.193 -347.167 1.127
70.180 18.434 -480.524 1.002
12.127 -71.788 -392.418 1.055
52.217 50.041 -361.532 1.044
94.801 46.815 -418.409 1.103
-80.013 47.924 -468.667 1.087
-83.104 12.815 -322.434 1.035
43.490 48.265 -412.227 0.872
-82.671 -29.218 -459.933 0.900
-2.847 -60.209 -321.174 0.932
-98.566 -8.721 -347.277 0.802
-66.647 -83.442 -348.580 0.862
58.017 15.800 -380.738 1.001
61.582 -43.578 -318.881 1.119
34.395 -93.436 -306.927 1.093
-80.558 -47.182 -390.461 0.865
-29.564 3.574 -467.509 1.076
-17.678 -33.859 -439.306 1.021
-87.769 -65.957 -428.493 1.054
29.393 54.056 -479.657 1.132
40.470 -25.492 -428.822 0.779
-25.124 52.674 -454.107 1.171
83.532 81.129 -459.394 1.046
-81.665 30.064 -454.473 1.267
-12.457 90.929 -489.678 0.886
-9.364 -69.799 -391.614 1.061
-37.159 0.691 -499.060 0.768
54.154 15.936 -471.274 1.069
-19.372 -58.457 -464.394 0.743
18.330 -1.552 -437.668 0.869
74.663 -9.606 -454.619 0.850
-50.493 -26.095 -486.981 0.994
-65.950 12.277 -376.955 1.130
-58.524 2.832 -478.450 0.947
-82.766 -60.060 -348.245 0.866
78.335 41.378 -497.906 0.984
3.265 -23.121 -319.774 0.772
61.186 -69.374 -471.963 0.802
62.697 -40.901 -453.473 0.943
-60.253 83.802 -341.910 0.916
-51.072 -7.421 -374.409 0.919
45.140 -76.894 -364.682 1.144
53.170 -38.989 -313.510 1.048
-19.096 -93.507 -316.235 1.010
-1.986 -99.900 -388.586 1.108
32.166 -73.605 -369.052 1.218
-54.264 80.578 -484.830 1.018
-68.733 31.176 -339.042 0.880
93.227 -31.713 -471.969 1.088
-9.941 -79.896 -497.397 1.123
-68.644 97.525 -365.683 1.289
43.285 93.803 -496.040 0.815
6.912 -73.340 -398.905 1.070
-47.782 -10.446 -318.847 1.019
-23.934 -65.878 -380.162 1.108
-27.509 -57.725 -413.392 0.957
66.658 -28.313 -457.522 0.939
-91.532 13.687 -445.280 1.146
74.325 97.750 -489.531 1.082
-48.866 -90.984 -411.102 1.212
-1.075 -72.564 -404.294 1.129
-63.899 -14.869 -375.472 1.071
-18.136 17.090 -417.252 1.049
86.611 -5.083 -443.448 1.113
19.397 88.757 -377.487 0.932
-87.121 -80.454 -448.980 1.062
-81.383 33.005 -444.044 1.116
43.835 69.518 -333.694 0.919
-4.795 -62.318 -414.420 1.107
-84.088 -56.631 -381.495 0.999
-88.909 22.142 -300.460 0.962
-23.662 -69.785 -329.222 1.030
4.333 68.962 -327.932 0.978
-89.320 83.950 -324.877 1.075
50.627 -93.716 -355.041 0.786
-13.844 -43.800 -300.212 1.057
-7.655 76.863 -473.799 1.044
-98.830 99.996 -490.713 1.046
-95.834 -21.744 -477.235 0.829
74.615 25.618 -372.935 0.891
96.992 56.475 -475.839 0.802
82.581 -49.826 -311.310 0.979
-3.838 41.638 -464.809 0.928
97.636 -37.004 -478.467 1.037
80.612 17.706 -478.010 1.154
69.386 36.703 -382.805 0.871
-20.950 60.922 -490.871 0.973
9.956 86.658 -426.556 1.032
80.730 27.625 -428.350 0.988
59.301 -75.625 -300.453 1.089
-98.313 65.953 -423.356 1.005
96.639 -86.023 -388.095 0.912
-9.642 91.450 -467.605 1.186
57.035 31.123 -412.158 1.064
37.520 45.903 -492.715 1.025
-25.444 1.403 -414.697 0.886
-34.340 -45.097 -404.045 1.038
-33.100 -27.349 -443.173 0.931
-91.150 -96.199 -409.935 1.266
-66.641 37.663 -467.263 1.056
-11.008 29.573 -491.807 1.165
-40.581 -17.357 -316.418 1.084
