99.328 -99.234 -413.860 0.860
5.199 -71.733 -431.009 0.895
-12.352 -40.429 -341.928 0.928
50.126 90.787 -450.739 0.986
11.950 87.649 -463.906 0.992
-25.640 59.590 -348.749 1.019
-6.899 -82.348 -308.605 0.782
13.300 40.704 -427.537 1.102
-26.158 -51.484 -382.610 0.963
-74.690 41.096 -341.502 1.067
-78.564 -32.440 -349.642 1.141
18.791 -19.503 -388.842 1.039
-57.276 -63.979 -304.450 0.940
-99.157 -42.129 -366.121 0.853
-82.088 -85.371 -483.497 1.052
-44.185 -89.355 -489.300 1.245
-48.509 99.810 -497.665 0.939
-11.773 76.512 -380.874 0.951
74.912 79.002 -328.659 0.888
45.194 15.838 -356.161 1.158
70.596 -46.111 -403.401 0.924
-32.969 17.016 -313.034 1.015
47.847 -96.743 -307.594 0.934
28.958 18.026 -322.674 0.946
70.031 76.332 -318.420 0.991
77.753 64.934 -435.203 0.961
-67.917 -59.999 -497.741 1.014
48.399 92.918 -375.516 1.108
94.393 -15.942 -349.315 0.923
63.840 21.298 -338.553 0.965
90.536 33.969 -358.125 0.882
96.544 15.876 -463.591 1.129
-33.515 25.962 -414.005 1.145
84.173 -5.727 -349.966 1.245
-25.754 -55.867 -361.760 0.984
85.736 45.515 -377.870 0.804
12.469 77.140 -374.066 0.957
78.955 30.606 -426.459 0.997
19.622 12.651 -381.242 0.991
-91.143 76.083 -342.455 1.068
62.339 -27.592 -486.463 1.206
-71.061 -36.844 -437.492 1.001
-24.508 -20.934 -337.820 0.930
-63.797 -16.225 -345.052 1.136
-61.867 10.489 -440.827 0.940
31.690 36.626 -460.723 1.101
-56.065 -93.702 -319.446 0.887
86.518 -48.787 -476.540 1.186
93.861 7.968 -450.400 1.079
-57.771 -47.786 -437.450 0.945
-45.023 -65.193 -340.297 0.982
32.935 75.210 -441.637 0.998
99.314 -88.083 -497.076 0.881
39.230 3.669 -472.269 1.231
-17.495 -68.431 -331.612 1.001
77.489 -15.307 -463.143 1.096
-87.324 97.382 -373.231 1.204
70.948 48.445 -360.343 0.974
75.389 -39.761 -316.140 1.045
70.792 30.863 -448.170 1.086
-55.546 -60.494 -493.759 1.024
-42.331 51.055 -324.953 0.844
8.004 -78.571 -392.675 1.063
-9.065 -62.069 -484.690 0.997
-78.786 -74.951 -361.629 0.953
-19.238 61.927 -451.750 0.909
48.114 57.827 -439.156 0.991
-92.912 -76.866 -411.666 1.079
-47.487 -66.205 -316.321 1.072
-99.827 -81.427 -479.520 0.998
-48.873 -79.299 -352.967 0.912
-25.261 -91.457 -344.973 0.903
96.837 22.941 -333.577 1.134
-2.218 17.391 -370.752 0.961
77.923 98.683 -307.390 1.010
-74.330 -49.530 -326.433 1.031
13.602 -56.581 -457.669 0.904
51.567 51.378 -351.396 0.988
-54.765 95.756 -377.697 0.852
91.236 -84.651 -437.482 0.973
73.482 -7.090 -471.472 0.808
-16.120 -25.597 -483.807 1.128
79.098 -36.060 -309.489 1.102
-77.179 70.423 -330.025 1.023
-42.467 -53.578 -317.090 1.193
-19.800 83.163 -466.973 0.994
-52.452 32.874 -345.572 1.055
24.674 88.478 -395.734 0.925
37.923 16.933 -464.269 0.907
-66.608 -33.010 -339.838 1.016
-67.077 -77.922 -482.010 0.979
-85.021 37.292 -347.681 1.036
62.903 44.895 -485.834 1.025
39.729 95.176 -314.504 1.109
-82.073 15.437 -484.792 1.015
42.145 77.563 -492.002 1.033
96.947 27.489 -490.638 0.925
85.528 -70.680 -464.234 1.024
-54.774 46.928 -310.537 1.234
-21.308 -51.786 -421.414 0.881
-74.989 21.169 -472.269 0.849
87.461 77.661 -471.499 0.919
80.692 44.198 -470.765 1.000
-39.616 -9.472 -375.312 0.971
-9.823 6.117 -400.774 0.941
84.962 -22.641 -329.729 1.034
19.798 52.403 -331.866 0.862
-87.385 98.533 -354.073 0.995
20.385 -50.306 -360.657 0.990
40.200 22.410 -455.568 0.944
26.103 23.501 -362.982 0.918
19.286 45.856 -400.092 1.029
18.736 69.732 -395.541 0.928
-13.668 -68.533 -438.042 0.940
-92.300 -68.085 -344.315 0.837
23.536 -21.553 -448.915 0.942
0.414 -69.485 -378.444 0.789
-72.562 0.215 -471.528 1.030
-78.824 66.087 -442.855 0.809
-66.709 -9.580 -435.970 1.003
74.917 -37.942 -478.248 0.903
-2.038 1.678 -332.820 0.894
-60.271 52.704 -481.918 0.929
-43.014 18.169 -378.781 1.084
16.570 62.507 -408.296 1.108
-14.394 0.777 -460.867 1.099
81.382 90.124 -354.650 1.108
39.837 -40.725 -440.510 0.947
79.867 -59.122 -471.282 1.059
43.954 93.886 -389.553 1.060
17.143 -13.108 -366.773 0.883
4.291 50.080 -493.049 0.996
-15.604 -49.564 -457.576 0.962
75.321 -44.635 -391.137 1.119
72.414 9.418 -315.723 1.018
79.601 28.809 -381.690 1.009
-7.331 37.276 -322.842 0.994
-32.686 97.888 -485.524 1.028
-12.401 48.496 -454.125 0.886
-26.365 38.018 -371.375 0.790
-35.127 -24.947 -401.355 0.939
-45.832 33.531 -369.627 0.979
-2.657 -44.626 -460.485 0.972
17.058 71.033 -428.330 1.012
95.514 -55.004 -409.675 0.890
12.974 87.068 -310.723 1.078
2.069 67.651 -339.230 0.986
97.944 54.824 -321.961 0.873
-36.219 -45.251 -483.763 0.965
6.535 41.189 -439.570 0.933
57.580 22.404 -398.954 1.130
86.661 -18.955 -312.963 0.965
-87.611 64.119 -446.858 1.316
-29.127 -64.065 -426.499 1.037
27.164 -68.957 -479.589 1.054
-4.742 9.134 -484.993 0.997
88.437 72.898 -440.166 1.090
60.966 66.939 -431.538 0.941
-24.896 -5.011 -424.283 0.881
-78.187 -43.845 -484.933 0.977
-45.830 -65.843 -310.420 1.087
34.951 69.950 -480.693 0.903
89.272 -34.911 -479.101 1.058
-40.468 61.439 -414.630 1.019
-39.923 -87.170 -348.407 1.083
-22.388 -31.293 -457.232 1.047
38.406 -41.037 -301.757 0.891
18.203 65.017 -419.792 0.786
-2.953 12.415 -384.832 1.219
-29.043 5.618 -371.291 0.975
37.372 27.518 -458.287 0.931
55.753 -76.224 -387.551 0.991
-38.338 -62.894 -355.980 0.899
95.388 96.897 -306.384 1.034
18.251 -41.498 -396.117 0.900
-94.542 -9.465 -352.818 0.947
-43.038 -36.363 -460.805 1.003
-49.280 -28.847 -354.749 0.924
-17.214 -22.697 -468.363 1.022
-77.610 -28.383 -373.194 0.907
-42.692 -28.370 -353.743 0.877
38.518 54.360 -442.595 1.095
-52.927 2.523 -336.122 0.995
0.233 -49.372 -331.409 0.907
-98.134 28.125 -334.814 1.137
3.820 73.000 -312.863 1.046
-54.545 46.425 -435.994 0.968
-12.031 -59.376 -372.925 0.941
-66.667 94.271 -351.904 0.977
92.428 94.866 -350.893 1.053
33.005 -95.316 -467.443 1.016
9.169 98.653 -431.725 0.997
-22.458 17.551 -444.618 1.181
-14.309 41.030 -363.825 0.943
92.412 31.462 -350.180 1.022
-90.165 4.529 -360.100 0.902
-84.197 -21.611 -446.765 0.976
-39.828 39.522 -406.827 0.957
11.333 57.918 -332.263 0.827
-57.068 63.725 -364.166 1.012
87.838 59.302 -375.033 1.021
-3.096 -51.206 -496.756 1.046
-61.437 59.530 -350.333 0.982
-39.950 -48.681 -423.190 0.985
-82.430 -97.980 -480.025 1.031
29.067 55.973 -483.623 1.001
-79.842 50.261 -422.811 1.007
69.948 -21.501 -336.416 1.117
-42.915 37.593 -315.196 0.995
73.025 20.259 -439.374 0.851
-99.584 19.405 -318.652 0.922
-75.058 -78.542 -362.883 1.041
55.113 -40.298 -487.400 0.827
-61.078 -17.774 -414.819 1.164
81.425 -42.776 -308.811 0.925
-98.231 31.889 -489.394 0.946
45.996 56.896 -461.676 1.228
69.727 11.962 -349.925 1.102
-39.095 96.424 -370.347 1.014
17.297 52.256 -300.863 0.978
16.754 -14.350 -483.251 1.076
70.124 86.306 -460.508 0.987
-96.777 -49.403 -358.235 0.954
48.052 -20.667 -410.805 0.951
82.404 -83.030 -469.797 0.948
-36.276 -10.442 -436.770 1.127
95.956 -74.785 -387.422 1.024
35.805 67.035 -431.135 1.137
-26.227 -6.825 -386.730 1.150
-80.110 -65.087 -430.001 0.958
-43.977 21.439 -321.596 0.923
-71.580 68.323 -425.173 0.899
45.406 79.774 -307.103 0.994
29.613 80.420 -318.993 1.077
55.963 -37.767 -476.528 1.119
-32.180 -83.976 -478.055 0.890
54.251 81.635 -396.888 1.048
34.018 25.367 -386.604 0.903
54.160 25.394 -431.633 0.938
9.094 -65.226 -322.028 0.968
-69.604 72.695 -346.709 0.986
68.002 80.371 -382.923 0.925
-88.905 -11.669 -408.491 0.987
-63.343 61.515 -469.595 1.112
76.132 75.995 -325.888 0.904
27.370 3.295 -364.119 0.928
-66.122 -98.945 -421.261 1.177
11.518 3.851 -404.441 1.077
-86.902 11.003 -494.564 1.051
26.051 -48.644 -354.662 1.004
44.709 30.840 -380.205 0.949
-79.161 34.711 -304.767 0.997
-30.176 -48.853 -472.284 0.945
-86.945 91.702 -346.650 1.088
64.863 54.124 -454.612 0.973
12.844 -19.314 -458.314 1.207
47.807 93.822 -304.617 1.028
15.250 -79.564 -381.975 0.947
13.832 6.178 -348.039 1.032
64.382 -66.136 -362.611 0.980
30.679 -40.156 -363.526 1.074
36.838 -80.525 -474.713 1.068
83.059 -58.872 -333.238 1.095
51.926 26.383 -326.045 0.901
43.657 -89.283 -366.762 0.911
97.906 26.368 -303.678 1.024
-54.099 0.162 -406.070 0.990
-58.948 14.840 -381.824 1.057
-40.935 -35.166 -319.258 0.980
96.512 -11.915 -464.744 0.945
96.539 57.330 -329.222 1.189
83.435 -68.167 -402.570 0.908
62.230 -27.507 -392.116 0.837
31.078 -32.773 -381.526 0.996
-89.142 -97.074 -399.161 1.006
-11.949 -61.531 -393.853 1.014
-87.272 19.441 -364.284 0.876
19.428 58.852 -397.249 1.076
90.612 6.532 -306.581 0.984
-13.866 54.433 -497.025 1.159
-0.781 -5.183 -435.172 0.999
32.376 92.081 -326.074 0.942
-11.003 9.078 -318.493 0.850
-27.472 -87.927 -447.072 1.154
81.027 -30.268 -481.121 1.119
-9.108 -99.943 -317.657 0.880
-51.157 63.498 -478.895 0.981
-21.762 95.940 -492.927 1.027
-44.713 76.075 -396.338 0.903
45.479 55.811 -450.171 0.907
-90.179 -5.734 -372.382 1.179
-13.052 50.087 -326.975 0.938
7.331 -1.772 -399.067 1.069
-89.855 -59.885 -346.091 1.040
-2.002 -11.089 -420.871 0.976
32.478 -0.241 -426.088 1.132
2.560 47.424 -440.614 0.962
-17.547 0.882 -386.981 1.110
-10.923 -89.834 -340.298 1.013
20.910 -67.097 -382.448 1.100
36.116 -86.220 -309.769 1.248
96.871 31.702 -476.975 1.011
1.776 8.896 -453.477 0.874
-92.693 75.401 -421.119 0.781
-87.304 -76.277 -441.501 0.969
-7.552 84.001 -380.448 1.092
27.955 14.733 -407.985 0.925
-44.489 57.548 -348.027 0.974
5.946 38.042 -453.987 1.000
83.815 -51.259 -343.441 0.861
56.735 -54.468 -319.736 1.055
92.583 22.592 -372.126 1.223
31.632 -36.766 -382.937 1.021
-74.044 88.601 -422.038 1.081
42.694 6.658 -393.871 1.100
85.882 -98.087 -410.875 0.963
-42.961 97.990 -460.974 0.845
-49.907 85.963 -303.668 0.895
4.667 32.529 -383.992 1.034
96.095 24.498 -430.855 1.013
67.455 49.823 -335.013 1.179
12.684 -21.324 -324.785 0.993
-20.309 68.506 -459.193 1.044
44.731 -62.908 -488.788 1.087
-36.870 52.501 -467.694 0.974
-23.813 3.928 -397.434 0.958
-88.717 64.708 -491.563 1.012
-68.220 -23.683 -339.085 0.925
69.210 71.813 -456.556 0.993
-2.461 -49.641 -385.113 0.964
43.292 -82.201 -336.515 0.986
-69.023 -90.318 -473.063 1.122
9.690 44.745 -325.382 0.990
-13.877 -88.897 -376.529 1.048
-96.742 -75.238 -406.082 1.027
-31.110 62.610 -439.568 1.007
-60.608 12.047 -375.698 0.809
-46.346 13.350 -400.876 0.944
-91.171 -83.565 -466.494 0.974
27.308 26.675 -433.646 1.032
61.990 -56.937 -346.537 1.034
-90.161 87.837 -467.217 0.966
-46.741 1.498 -449.323 0.971
79.081 -18.825 -482.670 1.057
-51.885 -14.163 -451.954 1.149
-68.848 -13.148 -460.157 1.107
-41.229 -40.446 -322.998 0.941
98.412 -55.229 -420.927 1.047
-56.089 -26.662 -354.886 1.019
-34.301 9.131 -441.274 1.023
59.927 -74.736 -318.685 0.837
57.673 41.515 -474.307 1.131
-89.171 -12.782 -395.361 1.063
-99.650 3.057 -334.071 0.839
7.309 61.844 -390.217 1.131
92.396 -79.710 -481.290 0.916
-74.187 34.950 -400.269 0.946
-33.539 -81.964 -339.988 1.023
-63.060 -98.249 -487.129 0.914
0.405 -76.892 -474.314 0.865
38.452 -3.720 -463.858 1.127
-83.728 39.721 -375.054 1.022
-76.098 -50.587 -347.927 1.013
1.594 4.074 -387.818 0.982
-49.783 90.162 -475.913 0.870
2.857 -61.022 -480.461 0.990
86.366 89.366 -472.284 0.976
-20.019 46.920 -411.212 1.192
-99.061 -50.203 -409.406 1.004
-3.605 -0.332 -350.312 0.951
-52.664 45.549 -444.779 1.039
-6.646 -88.614 -331.204 1.077
-69.900 85.236 -477.799 1.054
11.715 -0.066 -379.888 1.005
-78.356 3.327 -487.603 1.025
35.332 0.719 -434.382 1.037
6.103 -68.710 -344.229 1.067
-66.204 -15.644 -363.206 0.961
40.011 58.333 -487.404 1.080
-20.393 30.999 -331.845 0.983
48.947 -99.151 -374.180 0.926
44.074 -37.476 -498.379 1.002
55.825 -11.721 -441.854 0.961
-77.970 68.023 -448.248 0.969
87.513 6.537 -449.714 1.013
-21.119 -60.662 -434.783 0.749
85.199 98.150 -412.897 0.868
-11.810 24.043 -348.598 0.860
-35.639 6.270 -453.961 1.003
-60.785 -5.384 -497.113 1.160
-97.537 -11.611 -413.535 1.115
-95.877 33.396 -417.899 0.948
5.863 -31.118 -356.373 1.038
-33.834 -79.404 -306.881 0.998
-32.083 74.267 -428.165 0.927
76.072 0.534 -490.262 1.082
18.220 78.830 -451.962 1.062
-60.581 22.701 -471.909 0.895
15.895 69.303 -409.906 1.118
23.405 34.168 -495.829 0.946
73.991 87.188 -494.439 1.064
-12.953 65.048 -326.696 1.019
-30.203 -55.230 -321.852 0.976
-41.776 -17.338 -303.384 1.052
-36.423 22.310 -371.649 0.821
-27.418 12.130 -303.794 0.992
-68.045 -30.849 -353.291 0.909
92.758 30.532 -340.585 1.064
66.994 -67.092 -481.742 1.060
-64.919 33.493 -379.522 0.980
29.010 -71.388 -434.995 0.955
83.232 62.598 -463.305 1.018
35.722 74.276 -496.204 1.058
71.450 -28.500 -329.145 0.877
-67.335 44.540 -300.384 0.862
0.413 52.828 -407.228 0.843
-40.826 -69.789 -417.349 1.133
-39.633 39.213 -352.433 1.071
60.603 87.439 -315.894 0.963
9.745 64.949 -447.742 0.967
61.166 -83.112 -300.991 1.154
-80.068 85.080 -336.851 0.880
-86.601 -89.531 -384.016 1.138
48.746 51.519 -450.218 1.104
95.552 -10.489 -490.754 1.135
-83.897 -7.782 -444.991 0.916
-15.538 52.780 -326.205 1.025
2.211 76.097 -433.432 0.870
-96.848 -3.508 -419.538 0.935
78.419 32.830 -455.459 1.162
31.356 38.599 -382.493 0.832
10.286 -0.270 -466.865 1.060
-71.597 -7.961 -472.804 1.196
-40.029 -50.535 -300.979 1.091
33.476 46.634 -478.484 1.073
58.393 93.139 -400.084 1.056
44.302 -90.286 -403.527 1.289
75.685 28.670 -476.239 1.152
87.119 70.027 -377.423 1.280
-72.208 49.609 -468.958 1.116
-50.722 -73.782 -360.519 0.866
-78.813 34.478 -475.511 1.025
-14.601 -42.781 -483.112 0.987
-84.182 -96.801 -425.086 0.902
-54.967 -2.013 -406.732 1.025
-4.373 -32.920 -321.304 1.054
62.705 3.942 -445.099 0.849
-39.062 19.961 -305.776 1.101
17.215 16.153 -352.555 0.793
63.314 18.686 -364.081 0.836
-35.025 80.239 -370.552 0.967
-72.265 14.178 -390.256 0.913
29.846 79.353 -396.714 1.064
0.460 -90.193 -331.893 1.131
77.137 -26.580 -309.842 1.163
86.775 5.276 -452.156 1.196
16.343 -55.769 -361.682 1.135
-37.377 41.700 -351.970 1.179
39.675 20.179 -328.841 0.952
-22.952 -45.198 -351.399 1.040
-66.403 9.669 -436.061 1.108
52.484 65.338 -364.293 1.022
4.550 98.857 -336.101 1.070
52.207 -22.961 -300.263 1.092
-91.781 39.269 -308.222 0.881
-63.684 -24.208 -410.119 0.712
-92.218 -16.477 -462.038 1.142
96.378 -98.954 -360.705 0.854
-48.230 99.181 -364.892 0.897
-18.265 78.108 -498.755 0.927
25.277 57.422 -489.803 0.903
-35.879 18.376 -428.014 0.938
16.988 -77.870 -493.857 1.033
-45.760 94.717 -324.562 0.952
4.047 -6.135 -401.645 0.984
80.131 95.618 -399.766 1.055
1.547 -26.212 -421.052 1.087
-86.440 74.396 -424.568 0.876
99.391 -99.823 -413.136 0.887
24.984 39.787 -485.565 0.940
-10.549 47.010 -319.894 1.029
-8.010 -5.086 -441.537 1.119
-99.997 85.758 -359.623 1.160
34.462 21.409 -345.337 0.973
-7.798 61.211 -460.935 0.916
-80.723 75.756 -467.783 1.076
45.011 85.371 -333.383 1.226
-28.142 -72.119 -414.792 0.970
20.614 -30.527 -306.963 1.182
-35.283 13.970 -329.714 1.046
7.094 -63.380 -411.700 1.036
87.543 -73.871 -352.774 1.091
27.129 41.223 -400.055 1.005
-68.974 24.006 -487.051 1.177
49.731 -31.789 -332.921 0.845
-44.646 -34.028 -378.560 1.091
-47.517 -33.799 -315.812 0.963
-26.972 39.410 -431.040 1.026
-98.675 -83.752 -369.689 0.897
14.819 63.345 -329.981 1.028
85.239 39.760 -309.727 0.896
-43.851 -21.882 -478.758 1.011
-80.284 36.024 -400.605 1.129
-14.889 74.414 -467.643 1.010
-89.148 -34.891 -383.427 1.052
-32.392 -44.896 -406.326 1.155
43.462 -94.845 -442.027 1.073
-40.054 -38.631 -375.422 0.894
-74.766 61.994 -482.267 1.046
10.460 46.786 -384.407 0.940
8.901 -46.033 -486.730 0.784
-10.051 -48.576 -458.611 1.284
-68.581 -81.782 -467.538 1.035
46.097 -63.002 -399.996 0.830
-50.179 -40.130 -424.450 0.971
18.233 38.514 -427.245 0.829
-54.609 -34.793 -488.859 1.044
92.852 27.384 -367.827 0.796
-23.328 -90.769 -458.580 0.828
78.260 57.019 -346.722 1.052
82.709 4.774 -321.555 1.075
5.454 29.853 -324.334 0.915
-44.438 -88.890 -339.288 0.951
-1.915 65.330 -318.507 1.151
-5.829 -13.561 -413.146 1.048
-79.484 -2.351 -358.301 0.821
-33.372 46.362 -316.567 0.922
-73.386 -31.245 -445.435 1.132
52.660 -4.967 -435.937 0.895
-1.167 74.376 -349.779 0.968
-58.343 12.764 -488.166 1.096
83.910 81.159 -360.366 1.064
55.961 -28.684 -482.326 0.989
73.548 -67.888 -496.736 1.047
-72.389 36.333 -324.840 1.026
-90.102 48.690 -356.204 1.029
69.094 -32.644 -426.245 1.159
18.338 35.269 -359.403 1.074
-73.327 -85.203 -311.596 1.008
-44.795 56.145 -349.162 1.074
30.633 -94.085 -390.264 0.972
-0.701 66.793 -347.688 0.709
-61.392 -54.865 -463.218 1.082
-86.923 86.910 -376.041 0.874
-42.446 -32.357 -361.541 0.895
97.038 99.558 -380.485 1.109
-1.692 41.145 -390.022 0.938
-13.517 -33.669 -439.025 1.062
94.979 -96.205 -420.125 0.932
-40.641 11.205 -390.074 0.888
-92.840 -16.181 -389.766 1.008
-10.040 -79.692 -406.413 0.902
-61.209 21.041 -319.387 0.986
32.305 -94.830 -399.619 1.029
59.067 44.993 -365.038 1.306
-87.269 24.307 -352.547 0.938
-37.100 77.553 -381.937 1.014
-11.164 71.109 -482.171 1.195
48.102 52.558 -325.739 1.218
79.141 -13.143 -462.147 0.921
-22.559 74.000 -351.144 1.001
-15.464 63.780 -366.358 1.008
-65.062 43.240 -405.447 0.853
83.466 -98.793 -330.436 1.025
-86.375 82.309 -468.005 1.078
-7.598 74.736 -385.677 0.988
5.262 -55.982 -308.509 0.789
83.183 -77.680 -406.132 0.989
50.889 -62.617 -461.783 1.148
-54.332 66.671 -412.512 0.936
-62.638 71.323 -442.463 0.909
21.615 -77.824 -443.344 1.032
-33.237 85.786 -472.766 0.971
-11.613 -73.986 -363.637 1.146
-88.340 22.277 -300.041 1.012
-41.249 77.113 -499.475 1.291
-25.460 -27.171 -433.086 0.913
-51.104 -8.740 -398.633 0.910
-79.640 -32.236 -347.550 1.128
54.603 -83.407 -301.914 1.001
-7.949 21.369 -427.543 1.118
-62.728 -2.378 -322.928 1.109
34.626 89.485 -445.246 0.969
-95.293 -48.092 -398.367 0.998
-12.995 99.593 -455.031 1.099
-20.917 7.938 -313.104 0.885
-81.711 -24.394 -496.930 0.967
46.213 -86.587 -378.642 1.003
97.645 78.072 -438.404 1.011
89.629 20.588 -308.445 1.017
-71.087 -4.900 -371.545 1.009
-15.024 -23.792 -330.976 1.126
19.223 34.055 -473.752 1.099
-87.792 65.907 -498.513 0.944
55.372 69.770 -498.991 0.748
5.459 -48.645 -328.146 1.007
71.342 -1.017 -355.263 1.099
-35.068 -51.123 -389.366 0.977
-72.112 12.737 -437.240 1.023
-16.508 -46.355 -393.633 1.062
-93.851 22.681 -411.648 1.305
47.309 -49.771 -326.247 0.943
67.335 83.444 -331.448 0.916
-93.002 62.491 -444.078 0.784
29.824 -95.569 -322.742 1.060
14.626 52.244 -345.564 0.918
92.109 -76.400 -321.604 0.988
-18.015 53.844 -396.967 1.007
59.660 -68.809 -348.600 1.160
64.564 81.348 -304.361 1.070
5.503 2.292 -314.161 1.026
-82.789 0.917 -411.521 0.933
-27.150 -35.762 -395.004 0.963
-18.447 22.318 -441.403 0.886
-82.873 92.046 -475.346 1.025
-97.418 76.175 -332.287 1.117
-7.203 93.443 -460.069 0.971
-20.808 -18.445 -326.225 0.934
-41.026 66.416 -432.281 1.099
-41.287 71.744 -358.534 0.809
-8.945 81.531 -377.133 1.083
19.139 11.928 -403.667 0.920
-41.031 98.642 -425.047 1.053
78.616 54.201 -419.956 0.916
34.587 -72.443 -420.314 1.072
73.226 83.574 -331.285 1.042
-52.355 -51.851 -480.124 1.244
18.095 28.121 -443.370 1.029
-45.333 -33.175 -414.983 0.996
-83.049 -75.161 -426.720 0.984
-65.896 -75.997 -456.461 1.033
73.911 51.512 -492.915 1.172
71.845 -58.757 -369.454 1.174
85.493 26.722 -476.459 1.012
26.652 2.857 -401.255 0.803
-52.597 19.068 -377.735 0.966
-9.008 -91.349 -421.398 1.014
37.259 -10.201 -316.773 1.043
-70.643 4.128 -375.616 1.022
98.414 -24.914 -308.519 1.039
27.984 2.933 -440.472 1.002
58.497 -78.344 -401.728 0.897
97.507 3.488 -335.630 0.817
86.593 -70.769 -461.478 1.177
-45.321 -8.896 -475.913 1.235
-83.337 -56.273 -387.542 0.877
-43.554 81.719 -359.611 1.006
-55.824 37.739 -327.021 0.927
-23.300 -97.873 -330.660 0.974
-77.040 -42.316 -360.683 0.907
25.614 -70.080 -488.128 1.141
39.667 -37.806 -402.967 1.017
45.998 -62.292 -446.738 1.044
-47.661 49.326 -367.456 0.983
39.297 49.608 -411.709 1.150
-78.353 -2.672 -445.485 0.902
-20.847 78.225 -462.340 1.123
-8.015 -82.839 -419.446 0.926
13.492 -51.185 -497.115 0.981
92.865 38.924 -394.169 0.855
-22.942 -15.597 -366.408 1.016
-82.983 -6.995 -417.474 1.142
33.057 34.231 -397.965 1.004
21.177 67.738 -455.403 1.002
-48.845 -80.721 -365.197 0.910
-72.250 0.799 -446.792 1.017
-91.039 -42.637 -346.508 0.996
91.567 63.697 -465.670 1.040
-44.244 -24.968 -436.953 0.900
-1.182 -28.441 -339.572 0.834
-36.121 -11.531 -322.778 0.919
-27.866 -8.330 -330.371 0.991
95.956 -48.057 -445.059 0.851
-37.272 80.750 -426.581 0.831
18.903 -35.797 -350.233 1.016
71.792 84.061 -418.105 1.010
70.129 86.679 -431.128 1.089
12.316 -17.223 -366.869 1.055
-84.399 -84.121 -493.153 1.061
74.263 -36.708 -335.524 0.893
84.508 95.605 -348.658 1.084
10.635 82.221 -347.980 1.121
-5.988 0.464 -435.706 1.069
-3.958 -91.091 -439.879 0.741
93.273 -43.078 -449.127 0.920
-70.695 -45.677 -303.257 1.046
-86.216 21.680 -307.277 1.075
72.873 91.929 -369.713 1.006
-82.151 -85.641 -339.307 1.006
86.709 73.439 -397.134 0.865
22.598 -27.424 -491.424 0.902
-55.744 74.441 -451.799 0.941
-74.861 -56.607 -435.710 1.149
53.946 -97.887 -450.731 1.092
-49.108 42.853 -486.599 0.854
43.645 -44.597 -363.867 0.863
63.560 39.929 -400.301 0.971
76.119 -61.466 -488.520 0.864
79.301 46.940 -379.933 1.057
17.569 47.480 -479.203 1.003
-40.936 13.407 -389.145 0.963
88.926 -14.384 -437.686 0.781
-87.492 -77.044 -417.704 1.064
-6.240 -89.217 -388.153 1.017
-92.789 -12.100 -367.303 1.056
80.850 -93.061 -320.013 1.139
-53.540 -40.653 -311.463 0.957
22.854 -44.692 -319.442 0.871
-48.606 -40.599 -424.129 0.838
25.448 -9.668 -480.018 1.023
81.101 60.320 -497.857 1.036
18.228 26.270 -338.638 0.734
5.906 86.635 -390.362 1.157
17.968 23.263 -490.846 0.950
35.837 58.554 -440.752 0.856
62.332 13.875 -468.219 0.953
30.004 33.901 -345.824 1.117
71.550 -2.248 -414.766 0.857
-98.153 -26.116 -392.975 1.083
18.402 -10.459 -321.993 0.997
74.008 -27.021 -329.823 0.861
-89.070 -3.582 -485.916 1.069
58.275 63.796 -387.311 0.945
79.932 -19.674 -498.882 0.913
-36.736 27.781 -378.248 0.994
54.022 88.070 -354.447 1.110
13.178 -68.483 -339.400 0.937
44.165 -9.919 -410.758 0.933
-79.538 -27.350 -345.594 1.104
-82.776 27.947 -365.836 0.822
75.327 44.452 -359.819 0.969
-1.132 22.250 -309.359 1.080
81.244 -58.561 -413.077 0.988
77.918 89.224 -381.256 0.970
-67.581 49.012 -405.756 0.995
-32.776 -36.801 -304.943 1.064
51.954 17.211 -335.277 1.134
-62.791 -59.755 -471.141 1.067
73.296 81.073 -315.593 1.099
-47.037 67.493 -497.308 1.113
-11.781 20.762 -306.878 0.905
44.837 67.868 -366.970 1.192
67.588 29.553 -356.446 0.901
65.146 45.338 -332.568 0.891
69.686 31.895 -342.840 1.112
-66.071 -24.270 -386.007 0.991
-46.767 29.301 -308.737 0.949
-75.997 1.459 -470.038 1.119
74.372 -83.025 -482.500 1.201
61.281 -55.356 -347.998 0.951
73.891 97.394 -375.378 1.047
62.106 54.245 -411.597 1.075
-20.774 -19.278 -474.671 1.011
15.370 -75.182 -409.642 0.839
-7.131 -53.392 -421.298 0.966
-99.163 52.198 -416.399 1.046
-53.539 85.931 -405.205 0.960
-12.323 6.257 -339.587 1.174
-63.508 66.874 -468.255 1.015
27.613 -84.960 -389.960 1.152
55.152 43.637 -356.157 0.898
-46.483 25.317 -344.914 0.931
-21.293 -24.940 -421.341 0.906
-2.853 -76.873 -422.805 1.047
79.184 10.535 -423.823 0.818
73.052 40.228 -321.415 1.054
-52.093 72.310 -361.626 0.970
-69.324 -98.134 -448.768 1.168
-99.603 -99.088 -343.367 0.941
-87.599 58.597 -306.102 0.924
10.219 12.507 -431.320 0.983
22.665 3.987 -343.430 0.954
48.311 6.531 -343.589 0.995
-69.996 -7.677 -391.298 1.055
-49.515 26.145 -422.262 1.065
-67.422 61.248 -334.680 0.929
15.771 -50.472 -304.131 1.016
-68.504 53.444 -392.783 0.906
-2.798 80.309 -303.940 1.030
-64.053 -22.000 -489.986 0.947
-88.673 38.428 -474.936 1.019
-9.112 -13.764 -470.470 0.928
3.075 92.600 -347.148 1.046
70.075 78.666 -452.771 0.873
-86.873 -20.514 -337.754 0.822
27.923 -21.245 -461.839 1.185
36.126 20.551 -463.902 0.938
47.169 -8.282 -376.128 1.025
35.078 -65.165 -345.664 0.967
70.159 68.760 -316.061 1.039
-33.559 53.831 -340.337 0.868
61.695 40.430 -327.181 0.971
74.310 95.536 -415.546 0.942
-60.441 -56.380 -356.901 0.874
58.868 67.411 -399.930 1.161
-80.680 -55.171 -445.742 0.926
47.586 0.424 -427.439 0.837
-15.058 -8.114 -328.112 1.053
14.137 -48.729 -382.320 1.151
-60.457 52.338 -332.417 0.863
-87.529 -90.442 -326.197 0.971
24.491 18.577 -385.281 1.045
34.061 33.304 -317.729 0.945
96.301 66.349 -372.207 0.970
35.378 -67.868 -368.331 0.930
-20.585 -9.694 -487.076 0.978
38.782 45.226 -482.257 0.930
-66.794 46.976 -406.437 0.980
59.264 96.367 -319.850 0.775
-86.547 -20.452 -420.625 1.214
88.921 51.376 -407.194 0.957
-9.875 87.130 -420.498 0.937
2.089 6.824 -418.508 1.089
61.738 -75.619 -413.178 0.978
80.329 21.530 -424.466 1.060
-18.719 70.274 -350.904 0.826
-12.282 25.746 -487.536 0.931
67.645 -16.265 -348.958 0.937
89.842 -20.862 -498.564 1.199
-86.503 -15.209 -369.186 0.929
83.732 -19.021 -344.946 1.037
0.414 -52.218 -301.013 1.031
-81.061 64.730 -339.995 0.938
-78.024 -70.967 -352.041 1.094
-41.518 25.672 -426.025 1.141
-85.433 21.366 -416.699 1.151
-29.818 -0.518 -425.037 1.122
-67.084 -17.845 -408.402 0.984
48.416 12.538 -323.830 0.983
-60.457 41.753 -415.564 0.939
49.769 38.737 -452.331 1.026
22.141 79.846 -454.157 0.960
66.283 -3.124 -475.614 1.137
-42.330 61.294 -328.638 1.234
72.720 -4.342 -460.858 0.866
-23.404 -15.930 -481.337 0.923
29.777 57.492 -318.006 0.985
59.493 64.266 -303.705 0.852
42.970 -15.800 -481.542 1.056
95.947 68.554 -496.407 0.823
92.063 -79.910 -369.247 1.098
25.619 85.606 -359.915 0.841
-26.400 11.520 -494.080 1.006
59.844 -64.471 -349.219 0.802
-76.336 98.528 -409.330 0.970
-14.182 93.007 -354.100 1.052
23.623 -66.659 -429.432 0.849
-48.070 -10.697 -317.608 1.133
55.181 -9.731 -398.288 1.182
-6.650 2.363 -420.678 0.964
-68.041 68.405 -418.134 0.871
84.618 87.771 -458.808 1.091
78.074 -5.067 -498.259 0.965
43.372 85.573 -381.681 1.083
-11.268 -47.503 -458.383 0.976
-97.434 18.735 -432.169 1.188
-12.195 -26.483 -405.596 1.003
25.962 -80.117 -319.827 0.918
-78.624 -48.305 -307.490 0.997
90.468 29.157 -489.645 1.109
-74.023 89.759 -367.177 0.995
-55.467 97.856 -413.275 0.987
32.352 -45.850 -436.345 0.835
-19.597 -32.289 -389.519 1.055
-62.174 -71.077 -436.135 1.064
-93.767 74.851 -309.962 0.967
12.982 90.479 -411.400 0.897
-79.404 90.102 -467.035 1.033
27.559 35.818 -395.472 0.992
64.677 16.874 -314.214 1.048
-19.433 36.866 -385.744 1.038
-21.818 84.102 -344.120 0.985
3.069 -24.639 -342.572 0.955
-38.784 -48.833 -367.636 1.036
4.162 40.420 -395.113 0.993
-41.355 61.065 -328.651 0.891
68.609 71.431 -301.453 1.086
-35.408 -48.195 -433.830 1.033
-92.415 -13.822 -309.963 1.113
41.353 -3.476 -423.157 0.952
-65.110 -61.451 -306.289 0.924
-52.456 94.599 -402.956 1.008
8.850 84.577 -475.681 0.891
37.711 -77.257 -330.596 1.216
-23.709 38.761 -337.300 0.877
-51.150 -82.170 -392.948 1.079
87.862 33.068 -483.141 1.092
26.808 71.902 -420.345 1.088
-31.953 73.841 -361.672 0.980
-94.244 -97.629 -359.231 1.006
-30.818 -3.188 -328.540 0.989
6.870 66.395 -365.148 0.972
60.178 -51.048 -325.811 1.095
-32.265 11.751 -341.484 1.040
-53.157 11.437 -408.692 1.135
44.066 -78.928 -382.046 1.132
-86.860 -81.406 -467.403 1.024
-42.000 14.225 -492.958 0.943
-56.957 -61.585 -435.681 1.153
-27.189 -77.409 -358.779 1.082
25.690 -97.657 -392.700 1.146
39.214 -13.974 -389.327 1.052
-71.764 43.828 -483.277 1.110
-31.163 14.427 -325.342 0.980
-61.999 -47.666 -344.279 1.132
-52.392 -35.173 -303.063 0.996
30.519 38.703 -311.489 1.042
-5.795 0.110 -353.975 1.062
-40.309 2.366 -403.833 0.928
16.888 -25.846 -493.683 0.893
92.399 15.457 -338.508 1.116
8.590 -54.950 -461.363 0.850
90.776 -86.685 -499.365 1.111
-96.258 -80.861 -418.431 0.791
13.772 -49.285 -457.107 1.186
17.553 -45.441 -424.713 0.839
-75.899 58.258 -329.493 1.032
-24.113 -32.286 -375.250 1.093
-82.023 -78.561 -461.989 1.157
7.304 93.762 -439.395 0.955
41.186 -43.948 -471.158 1.005
-25.648 53.415 -424.191 1.242
7.444 -51.264 -419.297 1.037
-33.448 -95.819 -480.933 0.886
-52.825 -53.029 -395.785 1.107
54.313 30.692 -450.108 0.994
-28.083 91.355 -472.955 1.029
32.688 -37.100 -434.421 1.200
87.909 -93.610 -340.122 0.994
-6.246 24.266 -364.638 0.901
-96.600 53.573 -375.190 0.966
68.493 -15.515 -368.337 1.022
-56.717 -71.573 -403.270 0.977
-11.481 42.754 -326.179 1.033
-56.805 -65.574 -384.524 1.002
-55.908 58.536 -468.357 1.030
-30.965 21.787 -364.816 0.910
-44.050 -98.729 -327.686 1.207
-41.703 37.363 -417.707 1.289
39.660 -19.680 -343.763 0.879
35.379 77.182 -328.697 1.153
41.441 77.410 -360.922 1.191
92.189 20.778 -417.836 1.222
51.588 -0.331 -468.722 1.064
-59.450 45.844 -416.303 0.888
64.089 -46.347 -390.703 1.003
-8.344 -63.282 -492.952 0.829
95.506 -24.908 -443.779 0.925
36.723 35.453 -462.803 0.935
-85.319 64.007 -371.325 1.216
67.797 99.874 -307.710 1.040
74.653 -24.591 -327.032 0.966
-20.539 -32.433 -378.876 1.025
43.500 -71.930 -395.266 0.934
73.124 95.111 -423.891 1.020
-65.433 -33.923 -338.989 1.044
23.351 -70.397 -442.189 0.909
-26.781 74.126 -403.786 0.709
45.930 29.032 -352.579 0.731
-79.999 -32.584 -390.515 1.007
-16.852 -38.438 -412.006 0.945
-71.154 40.932 -369.201 0.884
-85.088 -58.726 -340.603 1.081
3.168 -96.013 -306.555 1.172
-96.681 38.571 -360.217 0.961
26.573 80.606 -336.840 0.910
22.970 91.964 -470.746 1.028
38.278 1.644 -360.509 0.983
8.977 21.537 -487.622 0.887
8.282 -93.127 -380.703 0.963
-52.305 79.202 -357.771 0.957
23.055 3.630 -412.516 0.843
27.419 -11.985 -446.550 0.830
-35.057 -71.881 -445.893 1.074
-9.451 8.958 -308.951 1.138
-83.568 -26.996 -333.282 1.004
58.278 -48.964 -345.720 1.011
50.496 30.920 -448.656 1.058
-46.009 -17.409 -324.079 1.141
45.626 0.107 -377.609 0.911
75.816 91.089 -440.468 0.981
55.190 11.147 -316.001 0.977
-83.037 48.162 -358.952 0.887
-32.138 64.917 -317.566 0.913
-24.947 3.249 -338.598 1.014
70.963 -20.796 -383.735 1.027
51.750 -32.598 -343.378 0.911
-55.165 29.598 -413.868 1.019
-98.317 -56.642 -461.310 0.948
-79.415 -9.837 -301.712 1.029
-54.650 82.249 -353.872 1.099
62.347 -11.845 -305.040 1.026
41.137 -6.700 -370.762 1.076
-56.645 -83.561 -415.034 0.893
-17.862 71.544 -346.232 1.033
20.351 -83.316 -340.557 0.966
37.836 -27.684 -391.631 0.984
-80.804 53.442 -340.079 1.029
-85.121 46.799 -424.353 0.988
36.026 0.756 -432.981 1.012
