-96.806 -67.835 -482.002 1.178
-67.377 -53.396 -480.625 0.955
57.550 -27.680 -414.947 0.887
33.610 2.726 -312.299 0.950
68.092 45.808 -435.438 0.876
62.054 -45.894 -347.260 0.783
20.010 65.786 -470.324 0.891
75.850 -73.935 -487.012 1.135
-26.371 -63.856 -368.758 0.886
-93.384 16.517 -428.032 0.967
64.770 -32.247 -392.029 1.142
85.587 79.246 -378.692 0.919
53.744 82.651 -307.942 0.865
-37.656 -41.340 -472.359 1.104
-35.432 53.367 -461.117 0.839
-63.485 -57.443 -410.591 1.120
-64.918 -91.130 -359.992 0.956
-50.693 -36.755 -359.555 1.033
-84.067 98.846 -372.653 0.967
-79.320 67.528 -313.763 1.094
12.400 -59.437 -364.061 1.058
-48.815 -43.261 -484.798 0.987
35.171 -97.794 -393.881 0.939
40.107 -38.728 -334.145 0.939
85.206 44.659 -349.271 1.101
-29.910 16.200 -330.350 1.113
96.676 -25.860 -405.143 1.076
44.487 41.149 -383.794 1.038
72.821 75.603 -302.211 1.073
-67.333 -72.442 -311.496 1.076
16.421 89.007 -449.418 0.897
-45.361 -24.949 -348.966 0.996
-4.595 11.858 -386.286 1.190
22.690 38.795 -477.489 1.070
56.357 -62.330 -363.349 1.006
-61.252 88.890 -441.294 1.108
-90.760 -30.372 -420.655 1.065
9.299 24.512 -419.094 1.142
36.587 55.408 -442.778 0.904
12.525 46.837 -343.325 0.981
-97.424 -51.527 -313.116 0.958
-20.148 5.067 -348.374 0.968
-18.271 -77.191 -307.489 0.976
1.813 -69.588 -397.892 0.888
-44.280 69.254 -414.533 1.130
-32.501 -18.663 -312.335 1.023
11.663 -59.415 -459.340 1.018
-30.088 -92.003 -310.465 1.206
64.782 -42.064 -384.994 1.056
-0.428 -60.050 -458.995 1.017
-62.806 40.797 -350.425 1.066
-13.102 -76.783 -361.196 1.029
23.003 72.389 -383.284 0.995
-35.912 82.827 -395.943 1.001
-64.400 -38.092 -358.160 1.029
52.026 -11.745 -378.536 1.058
-64.825 8.526 -364.980 0.965
72.159 -78.898 -354.121 1.095
-84.007 4.288 -400.289 0.915
58.255 24.555 -301.534 0.982
-59.584 -55.073 -494.566 0.919
16.534 49.412 -400.805 1.035
93.484 -14.250 -476.716 0.980
6.456 9.636 -341.096 0.907
48.826 84.948 -413.070 1.035
-77.837 -91.366 -474.844 1.066
-54.008 13.183 -476.585 1.099
56.446 27.601 -404.671 0.831
39.186 -52.222 -455.484 1.055
61.561 -79.048 -487.699 0.955
78.761 67.281 -328.216 1.043
47.937 -94.328 -496.710 0.927
-47.080 32.044 -333.981 1.053
-26.389 54.691 -465.031 1.003
2.795 22.189 -494.566 1.043
79.315 -45.777 -371.698 1.182
-27.870 9.704 -352.313 0.993
95.945 51.540 -328.121 0.987
-69.392 -5.075 -405.729 1.148
75.721 -96.552 -337.015 0.873
-87.201 -97.058 -322.328 0.976
-61.751 57.061 -417.993 0.871
-84.230 69.117 -487.652 1.089
52.295 88.340 -494.730 0.870
33.635 -28.732 -469.539 0.952
-98.157 -26.641 -441.069 0.958
-55.002 76.961 -332.579 0.872
-75.161 -43.508 -408.233 0.950
-46.693 -98.548 -425.049 0.961
92.223 -24.300 -404.743 1.106
-43.278 -55.601 -498.418 1.003
23.712 -17.858 -377.473 0.950
12.573 -5.241 -442.648 1.188
-48.590 85.182 -393.718 0.843
60.593 -87.488 -321.590 0.846
69.726 -40.222 -475.256 0.920
-92.923 -77.186 -333.795 0.954
16.816 86.431 -385.396 1.079
94.854 24.731 -498.382 0.992
-45.803 -2.774 -323.873 1.118
1.897 -91.587 -354.158 0.849
92.537 -34.944 -357.160 0.992
99.064 -54.530 -451.016 0.978
-69.580 -82.752 -364.964 1.118
-57.275 5.075 -427.149 1.065
24.911 -39.358 -409.979 1.034
-60.216 39.105 -335.392 0.998
98.685 -82.385 -363.270 1.157
55.614 12.074 -474.709 1.025
0.709 39.029 -335.255 0.948
-90.781 36.203 -480.452 1.100
-71.960 -42.304 -307.315 1.051
-75.714 -42.226 -352.606 0.974
-43.941 45.880 -487.362 1.120
16.764 -83.458 -318.943 0.968
-3.828 -1.503 -309.569 0.862
63.351 -11.836 -386.201 0.996
-36.876 93.852 -465.105 1.019
94.884 51.744 -490.418 1.050
-51.729 46.404 -487.584 0.993
23.206 57.318 -493.125 0.762
-35.873 -1.707 -384.326 0.816
16.169 87.523 -374.416 0.954
-31.771 59.619 -407.915 0.876
-50.055 24.103 -451.826 1.022
-52.716 35.523 -448.760 0.982
51.202 90.535 -321.265 0.934
-49.253 -13.124 -355.351 1.138
28.971 -50.594 -404.747 0.915
-49.121 -79.253 -491.287 1.021
-43.038 -56.478 -461.423 0.959
-22.817 0.870 -362.824 1.049
83.618 74.519 -389.874 0.960
-29.461 -7.005 -348.619 1.142
-35.323 97.800 -410.299 1.059
32.432 87.620 -302.122 1.125
-0.187 11.236 -376.662 0.904
78.629 -7.166 -466.672 0.842
73.566 -71.264 -349.584 1.088
36.636 88.427 -356.844 1.242
-99.446 11.516 -399.999 0.884
-25.836 17.641 -374.024 1.165
18.173 -65.083 -379.421 0.960
-42.086 -36.345 -405.531 0.825
72.612 36.730 -388.810 0.977
65.707 74.527 -486.735 1.159
46.642 77.504 -443.129 1.150
-53.365 35.704 -375.589 1.070
-40.315 -81.337 -351.868 0.979
36.195 53.510 -455.332 0.936
62.903 -34.203 -300.949 0.952
-66.011 -16.029 -387.246 1.067
7.077 -7.092 -322.793 0.860
-6.667 88.197 -412.941 0.931
-75.709 89.763 -474.335 1.057
-4.200 90.266 -399.796 0.815
57.427 -35.274 -408.051 1.103
-7.158 81.143 -425.115 0.951
90.979 -69.078 -415.789 0.943
49.196 51.872 -403.862 1.087
53.870 76.302 -381.014 1.051
-11.847 -24.512 -427.422 1.056
-48.740 1.988 -392.147 0.923
7.384 24.724 -427.441 0.838
-91.066 26.977 -440.753 1.022
-27.342 -74.261 -397.970 0.960
77.283 9.379 -315.759 1.048
27.656 77.384 -490.226 0.956
60.870 -81.771 -395.181 0.940
61.680 39.299 -368.228 0.878
-31.498 -20.735 -393.700 0.930
46.132 -18.657 -368.977 0.953
-90.865 -49.077 -386.779 1.001
37.092 -96.225 -481.698 1.137
27.520 -42.647 -363.791 1.004
-68.986 -69.038 -389.963 0.925
68.079 75.615 -374.903 1.049
-9.630 55.497 -317.349 0.951
60.581 88.088 -387.123 1.019
56.371 -31.867 -382.570 1.018
-72.816 -61.856 -467.827 1.084
15.931 -95.811 -353.876 0.921
-32.216 -60.052 -325.690 1.087
-95.673 19.962 -329.995 1.020
95.968 32.277 -486.606 0.877
97.727 9.249 -325.314 1.074
-32.652 12.318 -412.285 1.076
-89.870 -23.598 -384.830 0.908
14.000 -25.842 -367.583 1.058
-43.932 -21.391 -371.075 1.025
-51.532 35.328 -341.470 1.098
50.889 60.551 -474.260 1.083
-20.474 71.075 -333.599 0.895
50.799 53.125 -473.412 1.043
50.949 29.004 -443.381 0.955
-1.657 -50.973 -365.134 1.013
-54.835 -77.510 -357.026 0.896
62.522 -95.644 -302.837 1.021
25.716 -5.124 -435.135 1.084
72.879 30.482 -364.477 1.093
65.949 69.938 -332.274 1.026
9.121 -85.870 -394.012 0.917
-32.093 46.907 -359.014 1.061
63.352 65.775 -370.763 1.069
-45.862 2.040 -407.040 1.165
19.239 -39.434 -344.609 1.065
-52.826 -58.012 -340.715 1.019
-57.291 -91.715 -474.072 1.108
-99.022 9.412 -325.355 0.863
-21.439 -37.433 -420.081 1.041
-80.094 30.322 -411.826 0.974
-43.847 68.807 -467.174 0.852
-57.777 25.942 -310.773 0.996
16.582 38.449 -307.728 0.952
9.843 -23.498 -314.457 1.014
55.737 -11.041 -347.814 1.019
17.702 29.287 -302.794 1.057
-58.542 -91.015 -354.917 1.006
55.206 52.434 -396.939 1.005
61.747 0.738 -443.645 1.010
-2.291 71.199 -498.871 1.057
-88.843 54.694 -305.903 0.999
-12.384 36.019 -392.547 1.094
71.874 -48.382 -314.708 0.941
76.108 3.120 -393.832 0.942
-53.044 66.771 -376.937 1.042
89.564 -93.106 -483.799 1.016
12.110 -93.925 -438.724 0.882
59.027 34.186 -427.009 0.933
92.741 25.441 -442.344 1.018
95.529 -45.700 -422.371 1.013
71.932 84.984 -397.305 0.938
-89.848 -25.240 -462.964 1.068
54.142 56.790 -459.338 0.869
40.044 -11.169 -420.292 1.075
-14.196 -20.909 -333.415 1.137
5.729 67.912 -425.832 0.896
59.784 -26.930 -382.479 0.875
-5.988 -66.611 -445.400 0.965
-99.903 12.591 -406.203 1.021
-24.777 27.383 -348.580 1.011
-48.742 82.267 -423.828 1.200
34.205 9.285 -464.747 1.022
-81.534 -19.130 -311.062 1.135
57.489 -52.503 -320.500 1.070
95.889 -64.914 -467.083 1.008
77.538 -46.242 -369.129 0.815
-50.702 -26.048 -472.569 0.947
-99.964 -90.204 -430.347 0.987
37.991 83.894 -431.629 1.054
-10.818 39.230 -422.787 1.237
74.118 92.986 -339.216 0.920
76.876 95.501 -432.224 1.079
36.461 46.131 -447.556 1.246
65.537 -98.229 -380.589 1.118
12.039 -54.546 -424.250 0.811
-26.945 -92.998 -376.264 0.991
-64.515 75.600 -373.436 0.929
90.495 -10.840 -490.238 0.853
82.042 65.491 -362.061 1.092
-20.198 -83.652 -408.222 1.003
25.339 -91.671 -437.277 1.089
13.723 38.796 -369.232 1.052
13.627 88.956 -465.789 1.066
22.494 -65.531 -377.013 1.151
-68.126 52.451 -478.311 0.978
-17.943 25.068 -353.570 1.152
73.353 37.864 -498.887 1.027
69.576 -41.440 -401.928 0.946
-72.122 15.999 -420.963 0.986
9.822 -21.003 -419.573 1.014
-50.145 28.471 -313.056 1.081
50.515 71.911 -454.453 1.112
7.230 80.885 -378.692 1.222
67.488 -48.193 -325.598 0.825
35.374 -15.257 -462.106 0.942
-72.797 95.812 -434.864 0.910
76.978 25.534 -495.900 0.951
-25.369 5.675 -405.454 1.145
66.018 12.908 -307.705 0.931
-96.567 -83.091 -349.404 0.993
-94.147 -62.804 -431.506 0.924
-12.623 -95.380 -410.149 1.102
-57.676 -2.764 -318.490 1.042
-54.478 -9.889 -327.122 1.072
-51.111 -49.474 -432.945 0.883
98.420 -46.472 -429.234 1.104
12.651 97.669 -457.923 1.085
39.657 97.263 -453.235 1.029
24.201 44.585 -342.510 1.128
-25.679 73.135 -401.170 0.830
93.021 -88.773 -413.731 0.862
28.527 -17.906 -420.851 0.945
84.167 -55.274 -343.049 1.018
72.057 -36.227 -449.091 0.898
-86.836 66.039 -484.861 1.036
53.445 66.720 -425.928 0.914
-12.175 28.826 -400.525 1.104
-83.311 59.786 -482.373 1.038
42.342 -26.047 -473.332 0.999
-65.424 84.910 -332.215 1.120
-89.078 -73.859 -309.952 1.020
-41.945 85.028 -443.601 0.871
83.412 -66.771 -345.468 1.179
20.045 66.081 -351.355 1.034
49.728 76.388 -366.303 0.789
-45.971 43.023 -357.976 0.940
79.618 -66.433 -359.888 0.963
40.282 -72.003 -392.809 1.046
35.291 -95.825 -469.795 1.046
-59.849 54.531 -401.379 1.057
53.902 4.537 -301.578 1.085
-46.383 -1.653 -319.892 0.993
7.772 7.412 -496.801 0.813
-77.519 -95.576 -401.648 1.074
6.146 15.986 -348.130 1.098
-59.306 -24.350 -438.279 0.923
59.606 -65.975 -387.662 0.865
-30.673 24.704 -306.698 0.998
-90.585 -24.261 -409.542 1.035
-50.384 8.315 -418.851 0.927
79.841 -8.724 -330.798 1.026
-19.196 -33.530 -439.467 1.074
-13.579 97.567 -374.698 1.001
-21.526 -81.734 -477.995 1.060
-95.884 46.310 -478.022 1.046
-5.744 96.739 -411.953 1.011
-54.656 -67.359 -394.805 0.854
48.777 86.345 -412.294 0.907
-64.579 -19.683 -335.903 1.057
-78.032 -90.003 -354.180 0.996
8.573 16.975 -490.987 0.850
12.466 63.124 -417.717 1.145
19.404 -56.042 -356.959 0.957
-51.480 -45.321 -302.371 1.218
68.964 18.431 -491.150 0.952
76.499 -79.248 -341.626 0.960
8.466 -49.201 -346.953 1.048
-24.096 69.436 -374.693 0.967
84.658 -73.875 -411.018 0.852
-56.997 -44.018 -322.203 1.144
72.420 17.763 -418.286 1.064
81.682 33.991 -482.732 1.003
-96.915 66.702 -446.344 0.983
-48.361 -71.093 -403.505 1.028
-36.216 -33.331 -410.810 0.972
90.046 21.189 -464.371 1.070
2.480 31.730 -300.438 1.048
-25.282 20.597 -307.615 0.933
51.806 -24.270 -422.840 0.989
-62.418 62.554 -308.278 0.917
76.848 -78.688 -377.583 0.939
-14.328 -16.919 -358.934 1.016
93.280 14.062 -449.292 0.936
32.034 -84.716 -309.131 0.996
-79.327 42.824 -399.740 1.037
-73.823 80.992 -491.832 1.061
-30.927 -19.703 -489.218 1.125
19.333 -73.691 -388.172 0.830
-32.245 79.199 -474.149 1.067
-30.945 45.817 -337.266 1.161
63.370 49.941 -301.745 1.010
-82.649 -2.196 -333.975 0.972
-90.455 21.495 -352.764 0.989
31.163 61.084 -455.600 0.864
-54.824 85.044 -352.779 1.119
74.406 86.733 -317.662 0.918
-56.182 63.548 -478.895 0.917
8.907 -32.024 -331.261 0.870
98.612 -13.463 -365.174 0.890
12.973 42.720 -499.562 0.780
-72.136 -1.358 -379.491 0.883
8.067 -72.452 -421.888 0.889
-94.307 -25.326 -497.052 1.125
-27.834 38.894 -434.193 1.008
64.753 -64.548 -474.243 1.032
76.474 35.238 -384.287 0.900
-19.124 -14.506 -434.361 1.048
-93.600 90.902 -308.340 1.023
-73.508 -22.053 -494.447 1.097
7.838 12.784 -360.914 1.019
63.160 -36.998 -386.090 0.848
0.078 23.008 -307.282 1.044
12.718 88.596 -367.364 1.149
73.251 29.875 -431.380 0.957
72.370 28.180 -492.047 1.110
-58.958 98.276 -451.998 1.052
93.086 -27.492 -483.025 0.916
-34.141 -41.471 -476.634 0.930
-32.805 -89.310 -455.215 1.138
-19.264 -6.111 -477.364 0.894
-23.433 -27.502 -486.341 1.005
8.679 -21.104 -433.113 0.987
-59.781 -34.974 -436.177 0.993
-72.942 -1.419 -450.577 1.293
-93.821 -46.460 -489.157 1.102
-69.841 -36.930 -471.990 1.068
-21.790 -37.207 -461.524 0.915
-78.545 48.843 -475.215 1.006
-29.839 52.288 -464.495 0.835
15.113 -52.545 -398.079 1.040
92.169 -63.430 -349.850 0.966
26.376 -86.956 -326.310 0.834
-36.816 -30.457 -375.417 1.083
83.943 -35.153 -311.794 1.064
13.350 -93.079 -315.673 1.115
-37.830 39.174 -310.284 1.109
-42.139 -40.740 -366.046 0.853
-50.549 82.903 -386.467 0.880
-95.551 7.736 -435.445 0.935
5.902 8.341 -327.784 1.047
-14.511 56.670 -434.207 1.047
7.360 50.563 -499.874 0.949
1.386 61.993 -385.725 0.926
-50.914 35.674 -438.070 1.036
64.721 -41.994 -368.100 0.919
-0.831 57.201 -456.002 1.057
79.018 90.993 -381.274 1.156
-4.709 42.309 -334.657 0.949
40.125 -94.005 -384.263 1.220
-54.575 -36.827 -370.113 0.974
4.357 -94.144 -374.573 0.829
29.348 13.235 -471.084 0.826
29.837 35.305 -444.542 1.020
95.117 -91.224 -433.122 1.018
-14.006 -17.790 -318.624 1.066
24.949 -18.822 -490.817 0.991
-81.384 5.456 -424.046 1.032
55.419 -54.701 -353.921 0.929
95.994 64.583 -310.383 1.000
-74.123 -14.008 -344.537 0.958
79.664 4.237 -430.192 0.925
-8.876 87.197 -374.415 0.983
70.873 -1.537 -392.863 1.085
27.228 79.710 -468.119 0.924
14.203 -70.739 -471.456 1.194
85.625 7.838 -342.068 1.027
-24.836 70.718 -346.685 0.987
-72.049 92.453 -356.722 0.923
32.553 42.319 -477.552 0.904
19.175 -16.837 -404.899 0.931
-17.292 60.454 -316.883 0.992
45.485 43.087 -443.769 0.890
-93.812 33.402 -450.791 1.058
-20.010 66.048 -426.532 0.852
-80.863 25.970 -467.016 1.062
-25.577 17.926 -317.926 0.967
34.941 -15.031 -372.249 0.945
-82.896 82.496 -394.123 1.118
-81.517 -22.105 -404.456 0.722
68.543 18.301 -458.846 0.898
-75.314 -68.652 -432.586 0.748
63.523 -18.685 -419.091 1.024
97.141 37.087 -323.415 0.870
-25.394 -69.805 -327.471 0.923
-51.522 95.056 -316.953 1.064
-15.051 -50.923 -384.824 1.036
-55.995 -43.023 -497.060 0.967
-36.164 -82.793 -403.696 0.972
98.763 70.895 -412.362 0.944
-6.340 -98.983 -337.908 0.868
69.875 -27.947 -398.320 1.116
66.796 99.982 -439.210 1.009
-8.887 -45.212 -446.919 1.041
-23.868 -8.207 -343.135 0.976
56.601 -57.488 -410.128 1.022
77.876 68.173 -490.307 0.976
69.160 -47.701 -393.985 1.025
-21.959 -82.010 -403.054 1.148
-79.117 93.062 -311.815 1.039
88.057 -12.001 -395.055 0.760
-55.628 10.357 -411.312 0.962
-98.599 -35.775 -442.317 1.053
-41.108 80.433 -389.424 1.076
80.048 -91.259 -480.372 1.028
96.592 9.262 -331.872 1.116
-97.522 66.323 -300.777 0.822
19.451 -41.023 -472.781 1.118
10.262 1.550 -428.070 0.998
-43.270 -78.614 -318.839 1.122
-49.948 -99.543 -309.051 1.075
-74.512 33.373 -326.355 0.967
-76.202 44.873 -353.094 0.943
-5.862 7.257 -406.096 0.780
-38.297 -55.015 -494.945 1.053
-99.059 -85.425 -301.430 0.962
-56.099 89.397 -422.059 0.972
-19.511 -99.780 -411.475 1.088
0.062 80.075 -420.753 1.011
-81.658 97.407 -346.465 0.962
24.000 81.259 -375.319 1.074
-44.109 1.531 -362.480 1.014
-69.055 -42.952 -386.531 1.076
69.865 -66.070 -328.784 1.114
-51.333 19.709 -313.150 0.952
79.010 -83.318 -313.762 0.904
-11.041 53.851 -435.954 0.942
-66.774 34.583 -310.187 1.071
9.150 -96.609 -421.181 1.042
-26.069 43.096 -470.237 1.052
79.494 -8.983 -444.705 1.006
-94.585 -97.076 -359.308 0.985
27.470 -48.928 -476.692 1.018
17.742 -13.636 -495.075 0.984
94.220 50.304 -330.504 1.089
-70.539 59.431 -451.562 1.095
41.423 -56.008 -354.347 1.018
84.496 9.850 -397.298 0.913
-0.148 90.700 -335.947 1.001
0.295 -32.527 -483.657 1.046
-85.669 75.554 -421.605 1.014
67.314 67.750 -451.496 0.908
91.777 80.979 -354.837 1.090
76.501 -3.583 -407.999 0.958
4.422 -69.893 -326.169 0.979
83.929 -67.350 -324.427 1.141
1.944 -9.630 -425.611 0.908
-6.923 -81.143 -483.879 0.975
-60.633 74.642 -387.555 0.918
82.187 -58.387 -364.988 1.083
-85.328 16.042 -434.326 1.023
-29.980 37.327 -438.012 1.056
-21.620 28.759 -485.569 1.098
46.951 44.576 -353.033 0.959
-79.095 85.235 -460.702 0.806
-45.594 83.316 -343.330 1.061
-85.498 10.205 -348.193 1.064
-32.411 26.162 -363.547 1.022
31.459 53.081 -394.388 0.943
-33.306 78.482 -339.872 0.919
-51.554 -3.593 -465.814 1.066
-97.142 -25.501 -389.151 1.083
-63.138 23.166 -317.499 0.918
-62.784 -32.850 -438.354 1.056
-81.803 47.404 -442.798 0.870
10.249 -97.376 -313.948 0.894
-85.471 73.093 -478.813 1.036
-23.272 21.990 -377.406 1.027
-9.059 -27.215 -329.068 0.927
96.559 2.218 -365.131 0.868
74.420 48.503 -467.226 0.879
52.281 91.191 -375.008 1.034
-72.979 39.607 -472.894 1.027
6.252 14.778 -436.079 1.200
-86.395 -54.203 -494.935 0.954
99.068 -12.522 -471.192 0.994
-69.327 70.731 -418.754 1.071
39.972 5.229 -366.102 1.158
-8.310 77.379 -375.895 0.991
48.809 -5.266 -426.027 0.980
-0.093 -83.302 -362.349 0.960
40.616 -86.923 -448.516 0.937
-37.124 -55.986 -355.093 1.135
44.722 -97.069 -442.570 1.008
-38.118 19.852 -480.874 1.144
49.282 95.907 -419.781 0.957
80.503 32.136 -471.749 0.972
89.442 -58.680 -406.087 1.134
-88.650 27.327 -433.118 0.925
-78.774 43.885 -454.684 1.002
65.976 -7.945 -402.149 0.878
95.434 27.110 -369.210 0.995
58.861 -41.095 -465.544 1.002
-3.778 -24.773 -338.404 1.145
-76.810 -26.580 -468.085 1.026
66.754 67.216 -364.996 0.952
78.204 -25.139 -479.885 0.924
-10.906 -65.425 -363.972 0.904
14.323 11.649 -400.842 0.887
53.429 68.058 -354.495 1.123
-8.712 -59.382 -435.091 0.860
66.387 81.300 -379.055 0.911
-82.338 -5.588 -391.530 0.881
8.593 12.747 -399.911 0.932
-30.900 -53.271 -396.273 1.167
-81.710 4.656 -478.356 1.004
-44.866 38.612 -463.012 0.880
-37.989 -65.758 -489.651 1.191
-66.079 19.850 -401.928 1.394
4.696 16.310 -476.511 0.840
-13.078 -18.598 -410.529 1.170
-91.758 97.110 -315.587 0.998
32.874 16.219 -416.952 1.038
23.126 -65.157 -478.736 1.000
-3.433 -51.394 -461.746 1.071
13.250 -56.798 -419.869 1.114
-7.638 -33.958 -479.385 0.898
-68.166 10.722 -484.476 1.005
-65.647 20.584 -305.382 1.075
63.924 -10.970 -345.474 0.962
-71.911 -38.713 -341.815 1.037
-71.748 60.631 -327.842 1.047
2.907 44.633 -463.881 0.971
-48.639 19.277 -352.664 0.852
-59.413 28.200 -408.928 0.800
4.408 -21.586 -478.133 1.168
55.370 -89.398 -332.913 0.879
92.108 -58.047 -329.090 1.038
-94.427 -86.931 -344.138 0.966
73.804 -2.260 -434.122 1.051
-59.702 -24.175 -390.435 0.955
44.318 -45.837 -362.435 1.028
35.427 61.979 -438.913 1.117
42.858 -44.083 -415.444 1.137
45.038 -56.191 -471.067 0.954
18.540 7.341 -433.696 1.050
-9.759 46.472 -330.824 0.957
44.567 44.952 -489.807 0.948
-80.661 46.699 -363.428 1.011
64.664 39.619 -459.951 1.052
-66.391 -60.808 -435.938 1.079
68.385 71.503 -425.731 0.957
6.149 8.849 -372.948 0.947
-75.373 44.262 -472.175 0.977
-47.198 -28.474 -329.806 0.952
15.262 35.707 -441.979 0.922
64.933 63.996 -385.652 0.911
-82.811 86.411 -487.905 1.040
94.025 40.371 -331.362 1.143
59.522 -53.468 -384.083 1.216
60.131 -90.956 -347.018 1.096
-97.879 65.345 -326.326 1.004
65.320 -64.006 -493.148 0.909
-35.847 98.702 -390.703 1.037
-58.488 -45.536 -467.057 0.958
4.691 53.586 -450.345 0.960
-86.119 -67.786 -347.478 1.021
8.212 -13.253 -324.444 0.985
37.780 77.618 -473.676 1.044
-53.715 39.646 -434.717 0.921
56.858 42.520 -457.420 0.829
63.479 -5.360 -327.413 0.863
-10.198 -26.100 -327.756 1.062
-48.134 38.877 -352.790 0.953
18.365 -20.039 -388.718 0.938
-46.706 -23.935 -408.272 1.002
64.728 -87.684 -336.467 0.932
55.386 91.201 -354.699 0.924
-35.317 76.313 -471.731 1.069
67.900 77.313 -449.736 0.894
-65.870 -22.263 -424.049 0.910
82.474 -55.413 -432.493 1.041
9.478 -72.350 -353.400 1.068
-67.543 71.621 -393.408 1.088
67.306 -27.807 -360.066 1.156
-12.339 58.487 -319.037 1.024
-55.606 57.784 -342.777 0.940
88.711 -48.207 -388.012 1.027
-41.854 3.878 -334.081 0.943
93.827 -45.415 -372.099 1.097
80.875 25.957 -463.918 1.059
-15.734 86.052 -408.091 0.977
-1.419 37.595 -435.900 1.097
-53.371 0.539 -400.293 1.148
-7.464 -62.384 -339.062 1.008
23.055 29.046 -481.988 1.167
42.620 -39.354 -357.237 1.149
45.420 36.760 -442.620 1.045
68.016 -82.652 -446.731 0.968
-4.898 -86.716 -325.226 1.085
-57.085 65.212 -412.269 0.873
61.905 49.197 -383.153 0.970
30.600 -78.754 -314.201 1.022
-68.654 26.204 -466.325 1.126
-94.293 -80.927 -381.051 0.926
-78.219 -29.971 -459.706 0.984
42.543 -63.173 -339.569 1.120
59.612 -26.210 -391.474 1.179
-44.601 -82.963 -443.597 0.968
-72.450 -10.265 -416.250 0.940
-22.624 76.070 -442.377 0.895
39.193 -73.886 -397.684 1.008
-54.975 4.038 -359.911 1.143
73.238 87.258 -321.578 0.837
25.865 87.860 -382.660 1.021
49.894 21.734 -405.874 1.054
15.058 -81.175 -420.541 0.900
-53.167 -69.028 -480.848 1.039
11.607 -0.099 -414.371 0.894
-38.927 91.252 -499.761 1.142
-39.270 -66.902 -407.619 1.003
59.133 -38.210 -426.834 1.025
99.711 64.158 -415.575 0.889
-65.901 -50.181 -464.279 1.134
1.966 -66.896 -472.202 1.099
-89.272 10.371 -396.693 0.950
82.760 -62.369 -478.136 1.120
27.812 -67.183 -364.015 1.197
2.555 -21.280 -310.464 1.167
8.270 -13.879 -393.554 1.075
70.443 75.477 -483.350 0.986
26.573 0.894 -440.042 0.913
8.648 -10.802 -328.813 1.044
97.016 2.090 -405.129 1.001
85.235 -2.317 -309.417 1.055
-18.181 18.744 -364.587 0.726
-94.297 -21.922 -414.036 0.892
3.767 5.875 -356.029 1.093
98.425 -13.531 -468.054 0.830
-85.328 -3.806 -426.240 0.737
-1.988 83.032 -418.983 1.075
-68.487 -77.813 -324.440 1.090
24.659 -92.000 -353.504 0.958
65.724 -79.830 -425.728 0.949
-31.606 75.998 -383.286 1.052
-65.032 -53.289 -348.128 0.926
59.732 71.513 -369.816 0.938
-34.270 -24.911 -368.549 0.890
-92.048 -58.965 -340.016 1.008
67.673 -72.061 -358.726 0.782
32.282 68.539 -375.245 0.946
42.720 49.469 -390.384 1.067
-12.202 91.697 -367.580 0.847
-66.720 -5.341 -416.826 1.067
64.791 -8.693 -493.175 1.072
-13.150 64.779 -437.084 0.956
92.237 40.963 -395.692 1.031
13.508 48.353 -324.428 0.966
77.093 -47.376 -445.867 1.063
-16.778 -5.842 -334.677 1.101
82.721 2.064 -497.378 0.862
89.398 66.142 -322.600 0.968
72.034 -63.770 -408.954 0.851
-66.191 -7.306 -350.783 0.925
-76.588 -60.293 -352.058 0.735
-84.981 32.712 -301.430 0.807
-31.198 -16.040 -446.570 1.100
-83.618 89.200 -433.648 0.938
94.627 -67.264 -405.792 1.010
9.502 -94.820 -486.797 0.813
-56.410 22.085 -468.867 0.938
43.579 -15.267 -403.864 1.134
-53.272 63.754 -360.858 0.946
87.622 -58.663 -494.476 1.146
-68.107 -19.597 -419.234 1.059
-8.994 41.861 -325.701 1.081
-76.955 -71.171 -467.386 0.951
-8.829 -31.296 -345.288 1.129
-32.745 -87.835 -397.684 1.118
17.744 -52.830 -309.880 0.938
2.057 6.624 -424.039 0.927
36.333 37.837 -362.560 0.917
64.573 -89.364 -411.835 0.912
-18.029 73.013 -410.126 0.974
34.366 -68.187 -351.395 0.988
90.258 8.872 -366.341 0.994
-10.126 52.463 -369.361 0.979
33.431 99.403 -375.212 0.964
4.010 88.980 -453.830 1.138
87.410 -98.087 -405.193 0.933
44.882 -10.805 -332.951 0.960
66.723 -50.572 -468.025 0.911
90.740 -65.489 -459.767 0.930
99.654 22.535 -398.115 0.790
64.997 37.416 -449.894 1.046
46.759 -81.845 -368.816 0.924
14.323 -30.691 -398.437 1.284
47.398 88.483 -357.812 0.950
69.744 27.400 -483.569 1.068
22.543 21.308 -476.407 1.009
-23.683 66.019 -356.613 0.927
54.398 -20.009 -315.946 1.198
-76.544 -76.994 -364.208 0.890
32.935 -18.414 -314.279 0.876
92.466 -93.713 -407.782 0.964
16.058 -36.230 -463.629 1.056
31.829 38.645 -302.941 1.117
67.155 36.946 -485.597 0.957
35.522 76.332 -437.256 0.948
10.740 64.069 -382.455 1.102
23.795 -22.580 -403.684 0.939
-55.079 56.346 -424.012 0.932
82.504 -3.243 -380.785 0.907
85.113 11.268 -403.151 1.206
-51.422 -56.409 -362.030 0.964
31.235 98.670 -400.370 0.880
74.456 -42.000 -491.232 0.857
99.158 -61.980 -444.096 1.290
20.103 -14.652 -389.846 0.857
34.099 15.439 -462.028 1.134
78.488 -71.809 -366.651 0.957
70.721 -18.559 -320.741 0.967
9.181 -69.357 -467.439 1.052
-2.753 -65.668 -451.310 0.912
-58.389 49.047 -493.405 1.004
-54.775 -96.393 -466.291 0.992
33.508 6.032 -482.269 0.975
-76.165 -21.749 -339.300 1.143
-3.188 94.119 -395.094 0.776
-61.957 12.663 -450.749 0.935
90.357 -80.244 -432.483 1.172
27.303 -1.971 -302.673 1.222
-51.548 -26.851 -391.214 0.807
-51.846 6.645 -485.920 1.017
-73.577 -35.406 -451.750 0.958
88.545 -15.872 -339.121 1.163
21.516 29.293 -499.118 1.116
-8.958 -94.562 -320.507 1.117
88.319 -83.632 -460.275 0.940
70.230 -64.925 -425.584 1.031
-51.060 -55.360 -359.061 0.844
-10.530 -2.046 -340.563 1.004
64.972 27.982 -431.902 0.946
24.487 -74.262 -473.666 0.947
-81.711 1.780 -438.070 1.023
46.921 50.829 -300.855 1.130
87.277 -26.888 -395.373 0.967
45.481 87.866 -478.646 0.921
26.794 -70.236 -306.384 0.934
-73.215 99.083 -391.606 0.947
50.028 53.213 -416.232 0.940
60.919 -12.627 -404.439 0.970
-41.861 93.248 -473.325 1.183
-48.781 -73.948 -446.124 0.960
-52.770 54.812 -379.231 0.777
-61.448 -62.805 -472.616 1.056
41.872 -5.811 -493.536 0.885
94.151 47.306 -489.091 1.099
87.988 75.165 -300.734 1.013
95.285 -10.593 -301.526 0.982
10.556 36.953 -400.066 0.921
43.929 -54.998 -461.345 0.819
4.887 -93.931 -496.235 0.904
9.408 69.321 -312.752 0.980
3.321 -56.981 -335.455 0.820
68.470 73.976 -381.454 0.967
40.855 -90.240 -393.459 1.074
-14.159 -54.984 -365.772 1.081
59.929 -94.066 -407.455 1.166
88.145 56.388 -311.215 1.006
-75.920 40.017 -408.891 1.034
72.977 85.710 -300.985 0.950
53.331 -39.041 -307.125 0.953
32.578 39.233 -494.582 1.156
-58.619 93.046 -372.625 1.091
-12.805 66.637 -313.796 1.090
-77.271 83.750 -405.911 0.954
-30.362 6.473 -317.287 1.075
-69.593 1.868 -334.928 1.163
-22.900 64.537 -360.265 0.918
-32.211 22.289 -488.498 0.852
-79.181 -61.242 -350.885 1.065
19.293 -41.813 -452.589 0.912
-54.216 -96.964 -392.153 1.106
47.041 53.443 -427.306 1.041
36.638 49.260 -467.862 0.960
-98.614 -28.611 -353.846 0.990
60.947 10.917 -374.821 0.964
-77.392 9.555 -463.548 0.828
60.721 -70.195 -337.591 0.966
80.560 47.809 -312.668 1.066
93.301 -24.216 -453.584 1.156
-60.558 -34.236 -385.859 1.177
29.075 87.092 -316.626 0.812
44.828 50.528 -352.618 0.818
77.831 85.194 -320.109 1.214
74.785 -80.052 -369.098 0.975
58.300 -46.387 -433.994 1.037
51.542 -54.321 -418.151 1.053
-96.700 -95.211 -337.010 0.985
45.210 -0.532 -439.021 1.070
58.623 -72.819 -492.103 1.024
33.229 -65.604 -458.210 0.977
32.994 8.264 -442.452 1.008
10.732 -55.572 -450.293 1.013
13.561 -82.789 -324.425 0.943
41.632 -95.862 -452.073 0.836
-28.863 35.185 -411.019 0.986
-2.810 95.420 -340.787 0.998
29.514 22.022 -477.958 1.096
61.308 21.040 -375.606 0.904
80.787 26.544 -418.424 1.114
-24.476 70.240 -410.024 0.920
35.664 83.928 -415.801 0.954
-47.710 16.202 -389.967 1.020
-49.994 90.837 -400.791 0.891
-11.934 -48.604 -358.897 1.122
-42.133 32.328 -452.901 1.058
-81.421 -51.880 -403.213 0.878
89.242 -86.569 -490.272 1.072
14.388 -18.017 -447.812 0.994
-41.446 -1.837 -331.784 1.137
-99.891 -25.913 -328.512 0.916
-5.246 -24.033 -491.124 1.008
-87.385 38.281 -379.598 0.798
-55.996 -66.019 -431.223 1.009
-10.905 -89.841 -459.909 0.921
-63.500 -71.759 -336.589 0.889
-28.292 -63.785 -304.358 1.172
11.624 -81.135 -484.701 1.026
-68.208 -34.673 -372.068 1.041
-7.507 -40.515 -443.291 0.979
-53.824 -5.838 -467.330 0.963
-81.845 -47.914 -445.324 0.941
30.294 -61.062 -497.634 1.040
75.891 -26.902 -454.260 0.808
-85.347 -78.353 -353.257 0.994
-32.792 -93.966 -444.384 0.963
-58.447 71.123 -371.383 0.861
-81.399 -53.181 -322.280 1.063
95.321 98.651 -456.153 0.832
64.139 22.402 -479.412 0.939
74.697 64.401 -313.431 0.912
21.961 -13.806 -447.874 1.049
56.311 -6.047 -332.255 0.962
69.050 13.681 -435.189 1.006
92.591 68.946 -329.192 1.153
-76.828 35.450 -436.652 0.999
-62.445 -95.660 -496.515 1.053
46.842 89.709 -419.882 0.996
2.497 42.118 -450.835 0.839
29.479 -51.029 -497.609 1.185
-39.367 -5.125 -487.851 1.061
19.076 -93.287 -469.829 0.856
-71.087 -65.577 -459.461 1.028
-17.359 -63.661 -463.089 1.123
-40.796 82.852 -463.042 0.842
-86.162 -16.466 -448.801 1.004
-65.920 32.705 -481.903 1.044
-80.807 90.866 -438.915 0.905
31.440 54.189 -425.491 1.121
-55.093 54.182 -358.927 0.961
20.836 -9.680 -459.586 0.966
-43.977 -2.183 -464.244 0.958
-78.677 52.784 -351.002 0.934
-73.976 52.873 -467.339 1.076
-33.704 32.217 -305.924 0.812
-76.284 -16.969 -366.126 1.128
35.655 -66.439 -307.014 0.907
34.737 49.828 -477.352 1.016
-87.019 -32.646 -438.830 0.730
-30.655 19.630 -490.362 0.938
15.432 -33.434 -480.909 1.037
-72.405 23.583 -449.356 1.160
99.184 -63.963 -368.266 0.851
70.831 -42.952 -334.242 1.066
-68.455 -17.877 -427.607 0.985
-75.300 -70.260 -365.541 1.044
-35.921 60.409 -441.672 1.082
1.725 -26.005 -441.914 0.952
-90.148 -35.927 -311.788 0.680
-30.587 -49.029 -418.781 0.857
37.959 -15.695 -487.562 1.017
-21.437 -84.257 -326.318 0.871
-9.699 89.083 -405.953 0.771
-78.581 -51.364 -301.882 0.836
-84.367 27.180 -439.481 1.105
91.615 89.487 -335.061 0.903
-46.157 73.182 -466.881 0.824
-57.132 -42.446 -445.354 1.022
76.022 36.626 -391.700 1.039
-47.473 -82.584 -326.561 1.106
-15.171 16.461 -439.992 0.963
9.719 -79.919 -322.367 1.102
42.858 2.545 -461.299 1.067
24.960 31.779 -484.981 0.862
13.454 -9.775 -428.699 1.062
-54.285 4.460 -369.790 0.785
61.908 -22.040 -337.663 1.122
77.389 -44.641 -388.956 1.150
-86.617 61.689 -428.997 1.083
24.844 52.364 -404.288 1.069
21.254 -28.247 -426.042 0.975
89.698 -45.376 -464.544 0.927
99.154 -24.455 -479.743 1.111
45.605 25.566 -386.360 1.075
-64.350 -85.091 -314.216 0.970
-57.219 61.377 -440.271 0.896
-36.046 -35.042 -433.850 1.032
-5.634 72.067 -310.145 0.976
9.573 94.565 -379.178 1.152
-77.065 54.720 -445.421 0.957
80.880 -70.222 -347.463 1.105
-23.648 31.609 -464.596 1.022
-10.535 -1.086 -430.589 0.784
-27.405 -53.481 -350.274 1.067
-31.183 -77.829 -361.606 1.125
-27.627 20.017 -327.954 0.975
87.076 15.345 -380.052 0.961
85.587 -69.523 -355.347 1.119
80.346 84.419 -378.516 1.204
-54.944 0.411 -439.010 1.082
-28.544 -47.655 -344.565 0.975
-45.165 -96.681 -313.709 0.797
-83.899 26.041 -488.059 0.930
-71.588 -72.651 -365.375 1.071
-55.595 71.802 -460.761 0.992
-40.775 9.334 -415.204 1.034
-42.939 -1.349 -415.603 0.858
46.027 37.049 -406.591 0.974
58.572 -68.144 -402.169 0.966
63.334 -60.194 -350.989 1.071
41.402 1.158 -348.322 1.188
33.282 -23.028 -374.993 0.860
-58.199 -42.714 -326.402 1.099
45.190 52.181 -401.734 0.966
-97.743 -89.497 -384.704 1.101
43.492 53.717 -365.621 0.932
46.157 -90.999 -397.306 1.010
-80.228 23.555 -334.765 0.891
