87.522 23.747 -379.907 1.128
89.517 -41.864 -449.198 0.916
78.643 -60.188 -399.275 1.017
-93.134 -21.040 -376.925 1.107
75.290 55.011 -443.272 0.895
-41.678 -36.177 -468.446 0.949
67.519 -45.450 -499.312 0.857
-84.668 21.225 -493.831 1.002
63.573 59.006 -368.575 0.867
9.817 -47.774 -478.245 0.988
-20.833 -40.119 -445.237 0.848
81.974 -51.862 -447.863 0.959
56.079 -40.003 -335.186 1.016
-76.171 -45.509 -431.643 0.685
14.399 73.963 -470.687 1.061
-6.498 -33.331 -442.609 1.130
37.999 -22.194 -470.753 1.057
27.908 -65.492 -311.053 0.904
-79.382 76.702 -332.474 1.052
76.554 18.510 -470.911 1.101
23.044 24.407 -345.684 1.081
78.892 38.301 -388.172 0.904
96.971 -8.573 -493.167 1.023
23.782 52.245 -411.453 1.077
-14.288 45.922 -309.547 1.065
2.065 -71.781 -334.721 0.967
66.955 -80.184 -383.681 1.137
-6.475 62.538 -360.575 1.097
80.217 -49.699 -332.874 1.111
-31.761 78.480 -434.544 0.903
-92.582 82.642 -320.304 1.186
5.797 -45.070 -474.617 0.788
-75.413 82.335 -397.450 0.975
96.041 79.604 -436.022 1.149
-72.368 13.870 -495.130 0.998
-67.408 -27.063 -496.667 1.089
-44.654 6.358 -480.821 0.873
88.340 -6.234 -415.349 1.042
-38.871 -38.582 -305.677 1.255
-56.477 -82.392 -324.763 1.036
-28.443 79.682 -466.873 0.962
60.832 -31.950 -383.580 0.992
-41.567 89.545 -368.784 1.018
17.027 54.626 -382.998 1.178
61.465 13.185 -366.794 0.929
-9.514 -72.349 -479.669 0.913
59.703 19.202 -307.167 1.061
53.534 -6.062 -307.932 1.126
72.765 -76.369 -356.350 0.863
59.555 -96.826 -488.904 1.073
56.595 71.763 -450.184 0.909
16.125 -31.428 -329.877 1.045
20.734 -3.206 -306.032 1.060
48.433 83.147 -455.200 1.082
-65.581 10.224 -455.515 0.841
4.034 16.632 -356.075 0.925
-54.985 72.182 -436.476 1.104
-41.570 78.058 -404.304 0.995
70.171 92.869 -405.998 1.000
6.671 94.908 -404.797 1.067
-71.326 18.262 -317.798 1.090
37.289 42.238 -343.361 0.928
-74.934 -23.331 -458.084 0.979
-66.216 86.220 -319.358 0.965
83.345 -15.712 -453.262 0.984
-27.625 -37.444 -343.262 1.131
70.064 50.999 -420.163 1.002
26.914 -31.827 -341.937 0.987
20.748 13.298 -312.874 1.045
59.502 -90.386 -394.749 0.792
2.461 -58.925 -306.594 1.085
59.463 -60.651 -462.573 0.952
98.347 -45.907 -461.177 1.046
2.509 -0.004 -433.311 0.942
69.259 -60.672 -453.128 0.966
-45.805 27.349 -342.611 1.009
-32.388 -45.288 -303.324 1.006
-21.386 89.206 -308.665 0.927
18.230 17.267 -341.700 0.873
61.683 -43.150 -394.345 0.981
-46.550 67.492 -341.674 1.029
94.715 -35.529 -459.386 0.818
45.793 -44.795 -396.194 0.995
17.102 11.147 -472.598 1.032
-93.575 30.655 -412.829 1.013
-75.223 20.374 -313.457 1.110
-62.089 -13.945 -393.371 1.180
45.764 -94.815 -493.874 0.994
39.236 9.449 -327.470 1.014
-80.677 -15.255 -453.365 1.111
-10.166 4.718 -327.960 1.057
53.590 -85.191 -456.091 0.969
5.981 -92.981 -325.341 1.220
55.246 -63.922 -398.130 1.023
-65.591 -68.220 -482.937 0.913
23.434 -52.875 -484.564 1.189
-13.552 65.157 -453.248 0.978
-90.888 54.383 -412.696 1.006
-48.392 72.230 -496.926 1.169
76.423 89.411 -456.770 0.967
-15.133 76.329 -341.260 0.783
85.188 39.634 -405.101 1.017
47.907 62.348 -485.768 1.007
42.653 52.939 -495.206 1.009
-88.097 -97.519 -361.625 1.185
-64.220 83.345 -488.769 0.822
-40.672 84.851 -378.841 0.751
95.691 -23.340 -389.995 1.007
-44.549 16.952 -492.632 1.072
-85.204 -42.626 -401.014 1.156
-46.204 -73.469 -395.263 1.052
-72.892 -43.666 -301.886 0.952
62.489 96.725 -422.624 0.884
-88.280 -48.117 -331.725 1.108
80.993 49.379 -318.164 1.029
-96.117 -71.694 -349.263 0.966
-33.762 6.241 -431.859 1.130
80.282 34.244 -428.619 1.103
93.718 -99.683 -318.526 0.996
-62.280 46.852 -457.996 1.138
-83.130 61.730 -315.589 0.970
-91.608 -5.540 -378.761 1.143
-82.787 -39.599 -452.559 1.024
-70.268 27.496 -383.427 1.012
-32.875 -33.869 -410.321 1.271
28.501 39.101 -450.320 1.123
52.120 65.633 -451.650 0.893
-8.905 51.044 -460.331 0.871
-37.086 67.163 -488.340 1.044
15.235 28.383 -404.645 0.921
-9.929 -37.345 -485.605 1.047
-16.927 -45.830 -371.314 0.983
22.459 -76.075 -410.712 0.878
-34.378 74.349 -463.389 0.886
-17.330 27.061 -302.002 0.923
-72.420 73.238 -475.215 0.861
-81.515 -31.038 -394.834 0.929
79.267 65.352 -392.661 1.053
6.310 -4.204 -317.937 1.052
-99.264 -13.941 -334.060 1.091
-50.353 29.480 -403.071 1.011
-5.459 -34.274 -345.491 1.012
-3.443 -40.662 -429.969 0.831
-88.578 -69.246 -317.120 1.160
-31.921 57.023 -380.134 1.021
38.401 3.869 -316.464 0.900
-42.620 40.785 -370.206 1.132
83.071 -57.032 -393.134 1.020
86.171 58.476 -378.250 1.007
60.382 32.920 -455.390 0.852
-27.669 -24.976 -462.944 0.936
-27.048 -89.646 -393.815 0.978
-12.892 -82.348 -352.798 0.895
71.291 -81.948 -391.464 0.945
-72.442 55.262 -361.173 1.082
86.471 81.425 -437.160 0.917
-90.233 -58.524 -405.135 1.014
71.702 -60.994 -383.194 1.075
41.439 -84.163 -412.230 0.973
-64.275 -77.792 -394.895 1.107
5.007 95.292 -363.508 0.879
36.300 40.867 -371.295 1.145
-27.930 -1.098 -327.002 1.112
86.026 -11.340 -446.770 0.991
-64.791 -53.037 -499.218 0.902
-96.989 -79.745 -395.691 1.028
-39.362 67.977 -310.368 0.825
-23.841 -33.230 -416.165 1.012
25.876 -88.822 -482.740 1.316
-44.856 -2.466 -315.120 1.102
35.881 9.957 -377.543 0.868
-42.312 -49.075 -406.937 0.929
-94.974 1.618 -317.102 1.169
-62.107 41.540 -325.316 0.987
34.382 -41.938 -413.028 0.885
-65.105 -92.653 -454.983 0.931
12.848 39.852 -427.019 1.033
-84.115 -55.598 -302.039 1.054
50.621 -12.205 -396.792 0.893
-19.002 20.689 -421.775 1.055
-73.753 92.816 -458.027 0.991
-94.258 -72.037 -308.784 1.140
10.250 8.642 -306.006 0.873
38.532 -87.878 -377.320 0.828
25.704 -95.381 -379.321 1.115
-23.102 -46.316 -438.084 0.819
67.532 -57.028 -454.051 0.886
0.081 79.630 -352.980 1.068
-7.260 -0.306 -497.989 1.025
41.003 -46.364 -302.723 1.003
-21.380 86.751 -378.308 0.959
-54.344 39.422 -461.900 1.032
54.317 -30.917 -319.177 0.862
86.823 98.138 -398.296 1.111
-96.677 92.994 -403.568 1.134
-65.737 10.379 -311.430 0.851
53.122 -12.021 -402.941 1.000
-87.441 16.078 -483.696 0.858
9.259 -47.061 -377.747 1.013
-59.107 65.716 -431.941 0.834
96.560 -53.081 -346.797 1.076
17.391 -2.658 -443.659 1.096
-41.523 -81.062 -387.017 0.846
-37.249 88.656 -361.888 1.052
-58.272 10.420 -347.444 0.946
37.036 -77.923 -494.411 0.954
-76.212 88.422 -404.838 0.858
46.715 16.113 -311.804 0.989
7.202 25.226 -464.712 0.864
39.085 7.436 -391.040 1.309
-20.929 -91.748 -303.588 0.967
49.387 22.328 -323.161 1.184
59.858 -36.696 -443.052 1.012
21.307 -85.740 -352.300 1.080
-62.042 26.338 -304.539 1.063
-89.233 -74.615 -450.173 1.067
4.342 -77.634 -480.308 0.920
-21.603 99.098 -466.742 0.921
-64.427 -70.031 -303.082 0.928
-74.512 83.433 -373.067 0.970
-71.130 74.209 -444.411 1.102
-55.721 -70.504 -408.119 1.160
68.463 -82.815 -375.337 1.032
-27.738 5.937 -467.488 0.890
-18.465 7.683 -477.449 1.120
-81.662 14.111 -478.272 0.766
51.519 -70.607 -379.759 0.971
11.007 28.856 -427.853 0.951
-79.724 -57.726 -497.396 1.064
-29.153 6.896 -381.104 1.071
35.703 -45.248 -416.685 0.939
10.362 49.902 -362.847 1.055
-75.346 36.545 -490.823 0.885
95.836 97.263 -402.180 0.947
50.831 -41.337 -321.916 0.899
-73.873 11.274 -313.386 1.086
-43.870 -20.812 -336.134 1.070
-26.986 31.331 -434.996 0.847
-40.129 49.000 -334.206 0.966
-86.057 87.457 -338.636 0.944
-89.934 -89.738 -419.595 1.015
28.593 -69.419 -384.565 0.737
-58.774 -49.642 -320.155 1.000
-19.413 88.239 -410.763 0.769
7.381 53.069 -300.436 1.113
-33.459 -63.728 -353.689 0.910
20.585 80.269 -428.824 0.902
-43.811 98.489 -477.297 1.053
-82.406 -32.286 -365.459 1.056
-46.993 33.357 -377.050 1.178
69.051 -35.678 -394.429 0.986
21.221 46.202 -431.373 0.961
72.365 -63.005 -401.695 1.072
64.450 66.428 -354.625 1.089
-77.890 40.456 -364.582 1.074
-40.579 -60.439 -484.695 1.060
59.732 1.105 -489.456 0.898
99.293 -65.842 -410.404 0.887
33.454 -29.356 -305.541 1.076
36.294 93.224 -369.852 1.017
-41.554 -70.296 -424.036 0.903
-8.467 -6.443 -306.738 1.064
-11.012 -7.136 -458.315 1.072
22.439 93.184 -402.146 1.132
37.389 87.836 -494.803 0.914
-81.389 -34.338 -424.527 0.857
75.154 -73.196 -316.960 1.010
33.012 -55.363 -331.903 0.871
20.521 -45.088 -370.887 1.071
0.934 -63.033 -437.494 1.076
-25.804 -45.560 -385.506 0.835
5.254 -91.069 -494.740 0.914
40.357 18.719 -331.482 0.935
-47.725 6.595 -337.676 1.010
3.280 -43.798 -449.603 1.052
-21.059 28.540 -354.842 1.109
54.595 -55.886 -384.135 1.124
52.709 82.756 -457.303 0.932
43.347 54.517 -429.626 0.938
-84.238 40.869 -414.768 0.922
4.146 -67.003 -468.828 0.954
-71.270 62.653 -325.754 1.048
-17.472 72.776 -395.080 1.014
-24.786 55.699 -470.902 1.065
-52.181 -71.577 -471.783 1.009
20.601 -51.541 -304.331 0.862
-48.093 -27.856 -487.659 1.071
14.780 -86.882 -423.430 1.140
-66.957 99.121 -317.330 1.169
-69.116 -73.881 -342.044 0.940
90.567 34.181 -411.103 0.955
-51.070 19.464 -485.535 0.941
91.273 -91.110 -464.753 0.859
-47.415 -10.887 -466.750 1.054
-62.379 59.125 -377.046 0.895
-56.709 -34.286 -333.867 0.907
67.533 -22.093 -488.128 1.087
-68.977 -40.809 -342.743 0.981
-76.852 69.826 -319.444 1.072
-0.909 -85.010 -301.054 1.180
-58.399 65.936 -414.096 1.032
93.793 -97.757 -355.182 1.044
19.668 93.462 -357.442 0.869
11.154 -64.366 -321.851 0.856
76.584 -29.155 -311.156 0.978
3.478 -69.274 -471.800 1.038
-24.883 -90.657 -307.013 0.787
82.759 87.414 -313.870 1.037
10.074 42.631 -492.151 0.861
77.296 -72.876 -485.804 0.978
3.916 17.125 -464.723 1.159
-41.674 -18.480 -316.124 0.900
-13.433 63.572 -417.543 1.027
-49.783 40.221 -457.773 1.176
5.839 -88.505 -345.551 1.035
-44.274 33.760 -403.035 0.899
-92.541 10.656 -408.071 1.124
-1.147 -94.461 -439.728 0.914
-40.174 -85.012 -491.032 0.941
-24.002 51.844 -431.660 0.951
-64.732 -39.146 -365.203 0.910
78.667 -27.809 -495.140 0.953
-86.161 -52.306 -436.467 0.967
-78.575 67.279 -357.430 1.065
-46.873 -39.934 -424.539 1.133
99.211 -52.541 -303.520 0.950
31.301 87.113 -334.966 1.114
-40.555 37.361 -429.359 1.034
20.697 -94.403 -498.550 1.222
77.364 -64.025 -466.159 0.972
-60.375 82.160 -380.738 1.225
-75.352 -26.015 -442.401 0.962
-15.756 35.402 -319.346 0.963
-24.165 69.178 -381.195 1.010
34.167 4.266 -354.196 1.040
-28.265 -76.565 -340.933 1.003
-76.701 93.271 -333.550 1.070
-81.310 48.915 -350.268 1.063
94.439 -14.015 -344.274 0.984
72.554 -91.105 -343.232 0.992
-64.484 -15.479 -449.791 1.134
-8.101 -13.785 -474.268 1.067
53.827 -44.970 -353.525 1.086
82.228 68.167 -431.515 1.185
-80.736 -40.807 -316.270 0.939
-29.516 -55.898 -321.300 0.911
-98.241 -98.295 -398.656 0.949
-10.640 -4.464 -317.285 0.995
-68.395 -4.009 -419.338 0.893
38.879 90.672 -304.184 0.987
-47.723 -19.748 -479.903 0.983
22.411 -34.736 -469.794 1.067
80.134 -17.765 -379.496 1.034
-35.577 -73.859 -373.957 0.901
-20.071 22.524 -318.033 1.108
-13.347 -53.558 -456.560 0.873
-74.762 -28.314 -409.307 0.909
-77.018 -59.972 -393.167 0.972
90.743 70.053 -341.346 1.020
85.242 -9.342 -335.828 1.239
96.196 -34.220 -478.381 1.011
-29.222 -24.358 -362.286 0.938
83.821 -23.568 -311.703 0.920
-26.758 68.359 -442.212 0.824
-73.172 8.185 -395.253 0.968
-64.927 3.932 -369.302 1.130
-62.322 -73.419 -440.984 1.049
95.614 -76.754 -408.813 1.088
79.896 94.293 -370.423 1.043
-44.275 65.944 -402.130 0.887
-33.633 -20.190 -324.483 0.953
-88.294 4.272 -368.611 1.015
-72.072 -17.390 -313.854 1.136
76.829 53.804 -307.901 1.016
-79.894 24.169 -385.320 0.966
-17.018 -73.716 -303.916 1.001
-89.251 -81.756 -450.983 0.973
39.130 -4.045 -357.170 0.854
-87.915 -21.877 -497.106 1.079
-10.032 -14.165 -365.707 1.146
-60.696 -4.291 -456.431 1.095
-81.977 -2.866 -374.956 0.934
-43.646 -2.558 -369.552 0.949
52.081 28.955 -437.177 1.066
-61.803 -18.629 -458.264 1.070
45.278 65.423 -421.532 1.006
-44.634 -76.149 -343.001 1.011
-51.252 -14.781 -343.382 0.968
66.129 -44.201 -308.529 0.967
81.885 3.040 -384.751 0.836
9.562 -20.991 -376.680 1.179
78.014 42.811 -303.666 1.199
24.101 -7.302 -457.331 0.945
30.061 -12.155 -311.028 1.078
94.597 61.749 -309.220 1.116
44.719 96.656 -339.256 1.114
-53.398 6.661 -445.135 1.069
38.978 4.548 -380.028 1.091
29.992 -59.512 -489.019 1.096
-76.338 52.213 -350.022 1.062
5.756 -26.402 -338.934 0.941
61.364 -26.078 -393.740 0.940
31.555 68.706 -415.087 1.027
45.177 90.174 -459.825 0.834
0.782 -16.528 -420.879 0.942
18.156 50.239 -320.914 1.003
20.911 -38.258 -349.970 1.005
-48.969 17.777 -330.969 1.110
-16.361 -32.400 -394.805 0.993
-12.980 1.557 -481.933 0.859
91.497 5.739 -427.182 1.138
-60.616 21.596 -322.146 1.031
-85.409 41.316 -444.869 1.057
-84.422 -68.454 -478.977 0.963
-93.630 -89.140 -426.508 0.977
22.627 -87.236 -390.075 0.921
37.386 -79.307 -367.052 0.906
99.688 63.267 -332.510 1.147
-32.464 -40.506 -327.856 0.828
89.037 -89.524 -486.915 0.913
19.202 -92.580 -369.574 0.922
63.723 -95.279 -374.002 0.968
-11.724 9.543 -377.385 1.042
99.660 4.963 -498.910 1.161
-49.199 -47.264 -439.754 0.874
-56.131 -53.747 -454.243 0.921
10.496 -25.783 -434.917 0.953
-27.611 54.439 -410.911 0.899
28.279 80.881 -384.900 1.100
-41.446 59.682 -448.631 1.006
99.346 19.963 -304.782 1.092
-43.919 -5.176 -483.078 1.101
45.751 -69.199 -448.943 0.904
86.227 -89.306 -444.168 1.060
95.791 62.264 -413.552 0.996
-77.598 -98.953 -438.449 0.913
-7.449 97.373 -339.203 1.061
-12.697 18.584 -396.286 1.135
-20.503 -75.069 -462.738 0.966
44.179 58.238 -450.374 0.945
-19.339 -47.565 -415.631 1.037
65.787 -41.745 -356.756 0.970
-91.219 62.671 -309.012 0.876
92.899 97.897 -345.227 0.889
-74.570 38.364 -358.368 0.941
-9.358 49.936 -430.518 0.955
-2.673 38.849 -395.481 0.778
51.426 91.101 -414.557 0.815
55.178 -29.616 -482.697 0.784
86.712 40.534 -430.983 1.039
90.391 -16.974 -362.737 0.834
-43.186 -32.068 -483.996 0.804
-21.319 -25.169 -442.759 1.136
-97.733 8.127 -409.296 1.019
-37.527 -83.775 -479.887 1.054
18.615 -27.514 -333.627 0.932
72.761 33.991 -412.854 1.122
-35.245 -0.680 -417.010 0.889
4.636 -95.246 -483.267 1.103
-53.154 -99.049 -385.256 0.949
90.363 93.725 -478.536 1.096
26.354 -97.214 -375.744 1.186
-68.617 -72.936 -415.515 0.922
-75.015 79.603 -362.053 0.936
65.593 95.303 -392.191 1.205
-95.185 -96.495 -320.603 1.019
38.446 36.941 -334.541 0.964
25.238 -20.239 -401.478 0.801
-72.888 22.732 -479.166 0.937
52.903 -4.483 -398.581 1.031
38.155 -28.457 -396.358 1.064
35.101 -57.183 -362.970 1.034
90.874 -69.423 -412.126 1.097
49.719 70.376 -379.226 0.879
-67.903 -68.478 -348.797 1.230
78.231 -94.452 -483.407 0.974
-5.455 54.758 -423.061 1.030
-83.303 -78.768 -493.831 1.181
-47.048 -31.597 -349.710 0.844
-79.215 -60.975 -451.898 1.052
-54.819 -43.405 -431.043 1.135
-62.654 -51.831 -434.048 0.936
-45.275 -46.936 -358.732 0.966
-67.441 -56.161 -491.346 0.922
16.983 -56.759 -465.099 0.999
-60.326 -68.057 -401.684 0.998
69.508 -33.380 -488.802 0.983
71.206 -77.038 -303.342 1.068
37.754 19.238 -492.612 0.948
92.054 63.887 -308.947 1.158
44.901 -15.758 -373.086 1.068
-27.163 -38.083 -339.911 1.118
-24.032 -22.698 -358.489 0.981
-32.128 90.783 -415.278 1.030
-91.343 -57.124 -321.891 1.085
-92.779 -18.029 -415.343 1.024
-26.629 36.394 -337.213 1.026
-81.286 -79.948 -323.386 0.895
-35.743 67.164 -434.546 0.927
-62.169 86.730 -349.360 1.039
-5.076 -93.937 -349.743 0.994
6.430 -99.014 -483.263 1.130
-74.898 10.406 -479.999 1.084
50.268 -5.456 -369.001 0.979
43.147 16.424 -414.787 0.998
-22.318 -43.389 -488.933 0.920
79.124 42.373 -490.730 1.005
69.385 -97.555 -351.159 0.870
17.462 74.441 -469.976 1.029
97.976 -53.449 -493.265 1.032
3.802 -54.368 -498.729 1.033
-58.764 42.638 -350.806 1.139
-37.296 70.692 -392.549 1.106
-87.789 -12.587 -385.538 0.988
-44.703 -81.521 -458.087 1.150
-47.098 -94.640 -460.748 1.005
32.597 -22.009 -460.785 0.930
-9.120 87.411 -325.515 1.119
3.702 58.323 -388.716 1.026
55.200 -27.868 -340.487 0.929
72.370 -65.474 -379.988 1.123
2.926 -67.137 -472.114 1.060
94.347 38.030 -322.854 1.007
-64.943 -29.534 -303.255 0.953
-14.501 33.823 -478.366 0.902
14.382 23.882 -373.788 0.907
58.724 -92.547 -399.867 1.111
-98.266 82.145 -334.158 1.006
99.742 -21.171 -466.123 0.865
-98.167 78.862 -385.201 0.928
-97.281 -80.643 -457.495 1.090
-80.193 1.856 -433.853 1.089
-76.280 -15.635 -343.276 1.036
-96.732 -49.827 -465.758 1.332
10.452 -44.569 -456.463 1.029
10.218 -4.589 -334.033 1.060
45.506 -12.667 -314.555 0.960
16.393 82.133 -345.400 1.000
73.724 -61.461 -490.693 0.947
-98.190 6.685 -309.811 1.144
59.629 -43.302 -493.991 0.835
-98.611 -28.807 -388.545 1.066
-12.963 70.532 -350.868 1.032
-80.611 -70.363 -427.545 0.858
-23.038 -51.773 -423.938 0.947
-82.919 13.973 -492.644 1.072
57.192 34.133 -451.220 0.931
56.964 48.070 -419.521 1.114
-27.910 68.889 -453.234 0.982
-7.204 48.534 -415.884 0.720
-34.688 78.383 -397.986 0.909
-25.705 93.214 -470.109 0.988
2.686 -55.376 -317.990 1.093
-97.823 -84.859 -387.133 0.947
-98.742 -61.715 -461.251 0.983
-88.284 -4.905 -310.624 1.058
-62.260 -96.604 -403.539 1.031
-25.467 -13.878 -381.772 1.049
-7.890 -96.176 -341.439 1.023
-70.960 94.152 -353.911 1.060
18.552 -49.408 -433.194 0.984
85.456 -97.575 -343.497 1.184
51.506 -54.194 -352.125 1.204
53.669 -17.921 -331.336 0.990
-81.153 -94.941 -381.786 1.062
-40.760 -31.077 -446.932 0.910
-70.290 42.215 -474.489 1.011
-74.462 22.839 -326.826 0.809
-40.836 -74.786 -382.685 1.080
98.405 92.230 -307.435 1.217
-64.962 68.654 -394.918 0.968
-93.044 -14.078 -301.818 0.907
20.225 -81.724 -340.927 1.202
94.885 -94.730 -327.733 1.053
-38.581 -5.946 -382.780 0.971
52.269 80.386 -498.424 1.101
-54.005 41.458 -308.746 1.012
51.343 -68.171 -437.282 1.104
-58.878 59.824 -338.558 1.127
99.992 35.323 -329.593 0.976
-27.968 -51.464 -321.011 0.865
72.598 2.204 -359.815 0.930
-84.129 -40.915 -452.944 1.232
-62.849 -82.347 -328.332 1.199
75.855 60.583 -479.882 0.971
28.258 -85.828 -435.858 0.884
41.284 -17.623 -326.180 1.092
41.421 16.083 -301.090 0.938
-98.034 -85.975 -304.011 0.946
59.689 -33.790 -464.659 0.963
-85.428 28.853 -326.074 1.030
31.993 -50.643 -472.487 0.941
48.157 37.929 -317.260 1.061
-88.979 34.677 -370.415 0.988
52.602 -98.005 -402.207 1.045
9.542 -13.316 -449.246 1.179
-40.891 -86.985 -494.194 0.893
43.035 -1.265 -435.520 1.023
7.956 47.957 -496.477 0.880
-70.771 10.276 -394.283 1.023
-10.840 19.346 -347.095 0.989
-60.349 -23.739 -422.943 0.997
95.670 11.443 -490.846 0.966
65.459 72.941 -319.037 0.946
-5.951 6.568 -331.715 0.923
-38.966 31.296 -383.726 1.176
37.943 -19.100 -444.210 1.047
63.149 -83.874 -415.106 0.990
23.665 -19.910 -304.511 1.208
-88.831 79.784 -315.658 1.014
43.918 21.023 -348.941 0.934
41.482 -71.812 -451.592 0.962
-32.840 -78.252 -304.690 1.161
-78.265 77.078 -425.172 1.080
49.569 71.824 -388.043 0.822
2.899 14.632 -494.490 0.985
-22.315 -86.070 -476.061 0.952
70.981 92.230 -484.842 1.006
91.739 -49.119 -350.907 1.132
64.893 29.725 -312.050 1.117
-93.656 45.208 -365.344 0.868
80.853 79.238 -406.742 0.980
25.921 34.505 -432.398 1.060
67.236 99.231 -488.942 1.039
-96.039 -74.123 -387.617 1.001
-98.873 -13.503 -439.904 1.059
-98.763 45.375 -496.359 0.891
-78.432 -67.704 -396.140 0.826
-99.903 -54.052 -431.803 0.905
-69.451 22.471 -471.534 0.934
2.581 18.684 -409.271 0.835
5.381 -0.503 -489.313 1.014
-32.842 30.784 -302.882 0.976
-0.884 -41.000 -414.066 1.101
85.410 21.582 -461.189 1.087
-12.877 21.162 -474.582 1.033
64.351 95.262 -353.162 0.955
-79.293 -56.365 -475.583 0.974
-91.472 -47.875 -300.408 0.983
-21.812 81.033 -408.071 0.880
42.307 68.008 -403.331 0.947
36.623 61.008 -462.198 1.018
5.328 49.431 -333.144 1.075
62.199 25.696 -477.535 1.051
-92.663 -52.962 -334.936 1.017
77.089 -80.470 -305.999 1.086
85.649 76.342 -362.188 0.960
4.054 -95.354 -385.525 0.890
77.803 74.519 -350.123 0.984
28.976 -45.682 -422.722 0.817
56.474 -28.470 -381.974 1.107
-65.006 40.176 -305.680 1.008
55.929 -96.616 -321.679 0.984
30.173 6.036 -350.082 1.055
77.500 -2.371 -398.382 0.944
-90.818 41.371 -459.033 1.189
98.647 -74.986 -374.890 1.017
-62.914 2.686 -424.733 1.033
88.628 -68.437 -497.928 1.001
-10.955 -49.981 -380.846 1.194
-14.935 88.273 -370.291 1.187
12.375 81.101 -488.613 0.937
11.811 -31.838 -411.799 1.089
15.323 32.581 -388.535 0.844
-53.256 14.161 -375.817 1.007
72.328 -44.309 -490.388 0.984
68.248 -14.030 -437.149 0.978
49.445 86.957 -374.751 0.968
-85.429 -87.450 -403.678 1.032
-25.799 58.699 -345.190 1.102
-50.424 -29.015 -334.461 0.977
37.293 46.136 -428.499 1.026
26.099 94.336 -399.443 0.910
-38.505 31.654 -369.674 1.080
-77.687 -14.610 -336.318 0.912
-25.140 -42.866 -481.229 1.036
50.081 2.596 -413.760 0.918
65.137 46.625 -443.547 0.901
7.031 6.251 -482.791 0.970
-35.442 25.682 -459.773 1.036
71.664 66.544 -463.620 1.123
87.706 90.394 -396.221 0.754
6.382 -71.669 -465.366 1.025
36.002 35.074 -318.298 1.082
28.993 -0.912 -315.639 0.968
-1.344 -89.845 -482.638 1.123
34.619 -20.782 -435.057 1.114
77.810 2.248 -490.881 1.068
88.822 16.014 -400.065 1.051
91.491 -75.990 -362.989 0.910
57.841 -32.883 -462.051 1.119
-32.446 73.311 -457.227 1.039
9.829 54.875 -333.646 0.792
-55.128 -45.678 -305.524 0.975
49.701 -50.020 -464.213 1.121
-21.446 -91.329 -486.402 0.848
-63.561 95.966 -455.035 1.194
-29.564 49.061 -308.933 0.949
-31.661 9.617 -442.070 1.043
-52.618 -52.149 -391.039 0.858
-60.342 95.736 -424.642 0.941
6.538 -18.826 -318.655 1.014
5.383 1.364 -402.912 0.916
-96.213 24.324 -417.936 0.832
-66.844 55.137 -356.259 1.060
48.756 33.856 -405.812 1.009
15.160 40.022 -325.678 1.097
91.604 85.983 -396.937 0.984
-39.842 75.088 -497.087 1.107
-2.102 -86.335 -445.914 0.939
83.078 -96.550 -305.697 0.879
-22.068 -87.959 -371.312 1.009
-23.041 43.384 -382.440 1.109
65.199 -30.604 -457.707 1.118
93.759 -82.844 -344.164 0.977
-20.331 -20.792 -492.524 1.084
20.162 -55.854 -490.740 0.964
95.831 8.051 -414.151 1.010
1.186 -35.997 -310.551 0.901
-98.391 46.428 -475.762 1.139
89.068 84.700 -352.717 0.950
85.443 96.063 -465.299 0.982
-46.322 72.256 -304.853 0.944
5.711 87.333 -461.038 0.778
3.753 -72.632 -397.068 0.697
-69.999 -29.256 -334.360 1.053
-87.328 -0.093 -339.834 0.979
17.569 43.386 -416.238 1.137
-49.444 67.071 -346.929 1.044
-4.623 -27.512 -383.181 1.009
-67.392 -88.108 -303.556 1.044
-24.029 -55.390 -410.821 0.929
-68.077 -32.482 -393.812 0.823
-88.403 -37.499 -371.071 0.942
58.048 6.886 -364.793 0.825
-32.069 -70.754 -499.830 1.027
56.752 -76.803 -421.465 1.051
-49.079 -17.975 -438.067 0.828
90.757 -96.357 -483.279 1.019
82.882 56.810 -405.257 0.918
-37.495 -67.090 -361.776 0.871
-82.173 -26.510 -425.267 1.001
-28.362 83.375 -488.687 0.828
-54.539 32.556 -310.432 1.055
-38.529 86.803 -481.194 1.015
-89.819 31.763 -436.940 1.076
0.863 -93.750 -409.901 1.067
-60.088 -76.984 -308.540 0.880
-74.282 -43.957 -409.241 0.872
-71.824 -96.172 -308.839 0.938
-86.532 -76.212 -388.649 0.928
-44.922 -2.031 -303.826 0.928
20.948 -31.751 -351.727 0.925
-78.717 -45.324 -385.244 0.872
22.432 -93.722 -403.963 0.946
-77.016 -21.454 -346.605 0.997
99.723 -32.633 -358.586 0.833
-41.251 86.105 -436.557 0.914
-64.042 -1.871 -342.220 0.870
51.498 -2.197 -305.590 0.927
72.184 34.480 -322.347 1.039
-51.658 -76.998 -322.813 1.235
-54.429 19.512 -357.113 0.942
1.545 74.561 -435.753 1.000
-48.414 7.663 -390.946 0.971
-96.122 -26.731 -495.818 0.864
66.108 86.013 -334.451 0.914
-12.303 6.795 -378.695 1.071
-79.185 -3.956 -458.644 1.028
82.059 -71.659 -361.414 0.901
78.290 43.769 -435.327 1.055
-85.485 67.710 -435.658 1.046
-14.406 -40.874 -380.987 0.866
-72.331 -95.829 -497.193 0.844
96.326 -38.841 -479.931 1.038
-5.613 72.099 -304.561 0.974
-45.375 62.927 -371.700 1.045
12.203 35.776 -472.224 0.942
-28.008 -62.380 -406.891 0.888
-86.914 -83.115 -357.242 1.049
14.774 41.400 -408.037 0.952
-40.436 30.602 -430.221 1.034
-48.364 -78.828 -379.638 0.977
99.023 55.010 -383.026 1.054
3.052 -71.011 -306.412 1.084
-35.420 58.011 -315.947 0.775
64.410 -0.612 -404.895 1.097
-82.576 -52.003 -478.069 0.953
-0.456 -28.114 -420.583 1.046
-16.035 70.058 -311.784 1.055
46.285 28.102 -333.712 0.915
42.056 -1.154 -423.449 1.041
-0.896 90.006 -316.406 1.100
56.142 -98.782 -326.482 0.942
-40.522 -23.137 -364.381 1.038
17.712 -98.503 -394.730 1.131
-82.553 -27.804 -314.912 1.111
-31.558 -1.088 -498.554 0.909
13.032 -22.415 -401.586 1.045
92.540 35.203 -439.258 0.810
-27.752 -83.570 -396.256 1.003
-61.021 48.495 -317.989 1.220
-40.294 2.270 -330.559 0.979
-60.399 25.726 -359.591 0.901
35.646 -11.353 -478.858 1.228
18.478 88.393 -302.360 1.044
-24.363 32.097 -391.258 0.970
63.077 90.994 -496.789 1.075
88.189 -84.670 -374.870 1.029
-1.948 -66.745 -471.519 0.994
71.141 -97.343 -394.849 1.027
-58.588 37.712 -339.059 1.166
34.091 -47.708 -352.957 0.926
69.996 19.771 -324.690 0.925
-68.329 -23.620 -491.179 0.989
-66.842 -23.188 -347.389 1.175
-7.765 -76.401 -423.913 1.048
-59.926 77.209 -330.199 0.974
-62.859 46.786 -472.927 1.104
1.938 -97.010 -373.986 0.926
61.686 -53.596 -496.690 1.208
-55.348 70.890 -331.385 0.963
23.090 -44.810 -418.232 0.867
-34.934 -11.546 -481.832 0.895
-8.302 -47.437 -469.290 0.956
10.884 -17.176 -312.160 1.048
93.667 57.315 -434.764 1.050
74.181 -78.023 -386.918 1.055
-13.937 -19.055 -379.601 1.048
10.612 24.659 -303.115 0.951
69.179 71.252 -373.160 0.912
-79.657 52.178 -338.737 0.983
7.342 -26.430 -441.099 1.053
85.701 7.799 -357.143 1.071
-37.458 34.075 -476.175 1.007
-59.017 95.303 -426.790 1.099
72.209 98.634 -316.189 1.137
-71.012 -89.065 -430.677 1.014
88.666 -84.273 -322.093 1.075
-13.538 99.664 -427.281 0.873
84.108 -80.728 -371.049 0.915
-86.665 95.401 -324.023 0.994
-54.223 -59.835 -323.637 0.974
-59.506 -61.817 -472.983 1.044
72.021 15.209 -382.056 1.025
-44.001 -11.016 -300.702 1.038
-81.487 22.030 -366.842 1.016
-58.340 -50.238 -397.626 1.031
-35.848 76.205 -486.661 0.985
85.016 52.759 -413.021 0.835
25.123 -48.491 -449.936 0.941
-82.244 -74.894 -330.298 0.917
84.397 -1.415 -403.221 0.997
-14.750 6.076 -363.445 1.025
52.965 -42.178 -330.027 0.892
-71.123 -96.992 -397.627 1.073
99.998 2.648 -419.651 0.980
53.628 -60.415 -493.352 1.035
34.576 -31.933 -385.712 0.847
62.975 -44.758 -395.946 0.894
-75.307 7.706 -436.589 1.131
44.300 -10.304 -359.233 0.979
8.421 30.743 -463.478 1.080
45.747 -59.794 -450.147 1.005
-71.646 88.901 -446.704 0.862
-39.955 81.866 -336.755 0.816
-11.390 -22.125 -353.300 1.128
73.906 1.803 -369.244 1.086
97.869 99.164 -426.937 1.025
44.849 -72.530 -382.344 1.032
-13.794 91.853 -315.972 1.036
99.813 -61.128 -327.232 1.143
-3.255 -48.948 -447.742 0.876
-31.847 35.563 -307.392 1.078
-58.720 37.288 -378.448 0.941
53.318 94.502 -408.695 0.886
-26.238 17.781 -315.679 0.994
54.086 -42.493 -439.889 1.004
-17.047 65.218 -355.308 0.980
9.790 -50.667 -409.175 0.851
43.700 -49.967 -418.195 0.853
-7.025 -78.054 -497.725 1.077
23.607 40.670 -368.935 1.003
-67.559 53.107 -373.153 1.065
20.947 -56.631 -440.547 0.786
-41.347 -61.600 -378.182 0.966
30.939 -79.164 -365.354 0.988
42.296 80.485 -466.142 0.992
91.048 39.498 -444.539 0.898
-4.467 -10.909 -476.239 0.911
95.800 -14.897 -481.557 0.988
57.301 14.691 -344.348 1.124
-98.237 -73.748 -472.172 0.966
49.333 23.942 -394.270 0.968
-43.778 -79.859 -347.688 0.993
9.906 19.346 -491.397 1.031
82.402 25.652 -471.178 1.017
33.453 -2.577 -353.235 1.127
99.636 18.821 -403.449 1.161
94.778 38.427 -423.567 0.972
31.616 71.276 -329.919 1.067
18.669 -52.786 -360.047 0.889
94.114 -58.076 -454.126 0.926
11.276 -22.909 -337.641 0.977
-53.177 6.981 -490.807 0.883
89.319 16.585 -391.917 1.016
29.187 13.625 -426.696 0.872
76.459 51.917 -332.853 0.928
43.001 94.433 -303.635 1.076
-57.423 75.336 -312.811 1.079
-17.387 60.390 -314.607 0.941
-99.602 26.127 -490.685 0.837
-39.886 -14.704 -347.101 1.155
5.771 -45.742 -409.797 0.831
88.901 86.401 -476.430 1.043
27.153 -24.715 -445.104 0.900
65.787 70.520 -416.858 0.946
34.427 -74.511 -405.358 0.953
-15.268 22.053 -302.412 1.034
-66.233 30.784 -300.806 0.959
84.837 -46.265 -410.595 0.864
-1.802 10.539 -357.783 1.116
3.575 -56.410 -329.760 0.983
-74.283 -56.516 -399.700 1.000
53.074 -2.521 -316.257 1.186
-90.318 -17.024 -443.491 1.132
97.505 -88.638 -485.005 0.950
-49.908 -79.864 -493.389 1.012
-93.197 -67.261 -320.637 1.048
17.950 -80.328 -397.164 1.227
-17.820 -88.330 -469.199 1.107
-29.899 57.702 -436.626 0.960
-26.971 -70.935 -450.761 0.940
-92.222 -93.636 -351.187 0.620
80.019 55.775 -475.192 0.921
-80.879 18.141 -379.697 1.100
48.077 -20.286 -438.892 0.967
75.213 -86.986 -464.948 0.940
-91.650 79.814 -350.415 1.292
-15.740 81.304 -330.397 0.996
42.885 4.522 -461.393 1.054
34.305 72.366 -308.239 0.953
29.136 38.020 -351.868 0.975
93.654 77.818 -308.902 0.930
-1.373 -72.367 -494.436 1.144
63.301 71.298 -473.342 0.970
-13.419 27.693 -396.932 1.011
61.874 -79.859 -316.432 1.028
27.595 -81.460 -442.712 1.052
5.178 34.982 -492.045 0.859
93.489 -49.592 -412.873 0.955
59.431 66.129 -405.671 0.931
-29.268 39.662 -366.371 0.960
-56.174 76.677 -441.590 0.852
-9.508 -34.034 -363.034 0.816
55.319 -13.998 -341.094 0.889
29.871 -29.684 -310.718 1.144
21.025 50.119 -455.813 1.042
-58.408 -50.014 -326.469 0.884
85.698 97.465 -350.312 0.966
-80.908 -4.376 -304.482 0.921
-34.655 91.369 -360.129 1.050
-73.471 -63.910 -421.393 1.017
-41.533 -25.148 -367.491 0.784
-90.605 -24.727 -357.506 0.739
-39.383 72.259 -473.472 0.922
-44.259 66.942 -327.221 1.046
76.507 -15.637 -358.245 1.185
-52.538 53.682 -431.518 0.862
-48.024 43.264 -474.661 0.907
-17.381 -83.192 -423.186 0.934
-20.886 -30.518 -414.030 1.002
8.765 7.384 -371.939 0.895
-44.482 83.158 -396.387 0.864
88.955 67.298 -444.029 1.124
57.854 75.721 -387.062 1.240
37.872 51.124 -359.498 0.972
13.586 34.839 -382.906 0.928
6.269 -91.607 -426.146 1.011
-68.353 -29.675 -390.952 0.974
48.010 63.811 -473.214 1.107
-17.156 80.838 -487.403 1.027
-26.676 69.263 -410.485 0.875
20.599 -24.155 -482.994 0.944
78.553 -7.065 -320.594 0.939
-81.301 -94.064 -341.204 0.908
34.273 95.585 -334.717 0.864
21.152 30.461 -438.601 1.073
-34.041 5.498 -301.266 1.003
99.928 98.187 -343.179 1.122
-64.302 78.453 -328.651 1.002
-17.179 -24.588 -463.165 0.908
-52.421 46.227 -368.928 1.031
41.567 -68.412 -331.365 1.093
20.281 -39.686 -368.383 0.985
2.484 -70.267 -365.772 1.085
-30.961 2.938 -363.942 0.933
95.453 -97.179 -400.594 0.923
-14.006 2.905 -405.178 0.931
41.866 -7.922 -445.159 0.969
