-42.797 90.932 -352.106 1.098
-25.860 57.100 -357.785 1.184
61.121 -91.512 -496.979 0.923
-85.894 67.434 -358.950 0.904
-46.175 -18.187 -316.332 1.100
-99.885 60.644 -446.631 0.956
-18.468 13.375 -315.024 1.036
88.850 70.935 -389.474 0.952
9.271 10.621 -440.930 0.886
-11.625 -57.435 -365.707 0.986
89.349 -44.704 -464.973 1.048
30.717 -68.452 -368.254 1.074
-41.476 5.675 -466.860 0.821
99.942 -97.005 -326.340 1.005
70.216 88.315 -411.141 1.032
50.784 3.104 -407.877 0.929
-11.388 83.234 -373.055 0.988
-34.315 -32.788 -475.871 0.953
47.734 -73.453 -379.162 0.865
47.125 -36.143 -399.210 1.079
-19.809 24.731 -387.800 1.105
-34.541 89.812 -353.776 1.049
55.474 49.957 -397.001 1.208
-95.499 -25.481 -340.874 1.008
-44.840 30.402 -472.467 1.010
25.073 -21.058 -315.087 1.003
51.358 -76.011 -482.186 1.075
58.883 15.639 -400.136 0.899
-66.843 -60.181 -328.509 1.101
-79.513 23.404 -333.162 0.931
-28.098 14.927 -479.136 0.896
22.874 -32.620 -447.692 0.867
81.829 -30.617 -314.986 1.026
64.975 -35.252 -436.289 1.160
22.072 65.277 -390.817 0.950
-87.217 -27.125 -452.288 1.031
-29.910 5.273 -319.297 0.868
68.232 -67.983 -349.516 1.149
76.542 99.549 -369.137 0.869
8.824 -63.876 -335.041 1.257
1.749 99.416 -486.474 0.921
66.218 69.053 -385.752 1.046
-79.011 54.282 -401.524 0.893
-83.635 -58.981 -390.554 0.860
-56.347 17.937 -398.565 0.978
-4.619 -9.517 -306.808 1.164
-27.258 -59.805 -323.227 1.037
-99.778 -50.244 -404.626 0.851
47.030 -77.236 -449.677 0.951
96.117 55.146 -336.777 0.922
-11.720 -30.601 -330.498 0.887
53.960 69.387 -373.690 0.928
82.754 77.645 -400.630 0.898
68.609 -94.424 -411.825 0.987
28.984 -94.346 -373.313 1.090
-38.200 75.726 -345.876 1.035
88.001 -55.819 -423.568 0.986
-72.594 63.479 -416.547 1.066
-66.652 1.416 -484.044 1.136
61.535 38.033 -308.142 0.936
-70.605 -48.601 -454.590 0.947
73.341 38.104 -388.988 0.996
58.197 -87.685 -375.561 0.901
-75.493 78.020 -384.260 1.033
41.420 -13.600 -392.907 0.974
-49.299 -96.502 -465.298 1.146
-16.940 73.768 -386.403 0.938
-27.366 -37.083 -349.911 0.881
30.955 -98.033 -496.827 0.938
-94.859 -54.763 -332.423 1.018
9.358 -9.249 -426.347 0.987
39.431 -46.923 -451.708 1.093
26.338 -11.725 -359.409 1.032
-21.966 -72.958 -486.759 0.875
-57.406 9.813 -315.528 0.943
-66.870 63.707 -359.400 1.071
16.146 -1.014 -444.351 1.072
69.504 -50.055 -478.643 0.696
27.877 -17.921 -458.195 0.746
-95.311 81.756 -302.101 1.053
-3.244 -60.366 -422.796 0.951
-91.125 9.308 -411.795 1.038
74.693 23.938 -403.503 1.169
76.623 -76.113 -387.510 0.947
-27.645 12.905 -306.309 1.244
-64.227 -43.177 -304.085 0.995
-33.680 -27.709 -336.558 0.921
57.472 -51.863 -352.191 1.152
0.152 30.221 -410.956 1.005
76.872 23.570 -461.761 1.059
3.004 -11.505 -454.719 1.207
93.391 -66.356 -395.473 1.033
47.027 -87.996 -339.058 0.964
-87.470 -83.390 -371.109 1.074
1.087 98.264 -424.988 1.017
-77.748 -6.728 -493.789 1.016
47.467 -64.692 -477.306 1.029
-9.068 -96.230 -364.206 0.879
-91.847 -46.939 -494.132 0.774
79.316 77.200 -424.050 0.838
-54.625 86.335 -494.501 1.085
-41.933 82.566 -484.762 1.044
88.031 48.860 -375.919 0.966
-83.727 -34.344 -490.793 1.032
5.913 22.647 -312.728 1.005
-97.052 -80.305 -410.359 1.036
97.252 79.103 -341.808 0.918
41.995 -70.946 -309.531 0.767
17.497 6.928 -474.993 1.128
8.211 46.272 -370.351 0.873
-58.571 60.158 -391.805 1.220
-1.862 21.814 -401.108 0.956
48.177 56.069 -357.378 0.968
52.323 29.985 -499.093 1.000
-22.321 61.247 -474.612 1.076
20.523 20.629 -413.031 1.099
49.002 80.634 -361.525 1.035
75.426 23.708 -328.127 0.996
-91.918 -89.625 -326.392 0.966
-20.381 2.593 -493.948 0.989
-28.852 83.632 -428.148 1.013
-69.243 -53.271 -439.725 1.051
-17.215 -17.136 -496.253 1.025
87.410 -9.274 -475.741 0.982
17.481 33.103 -379.113 1.023
85.882 -59.244 -432.092 0.969
83.543 17.749 -461.468 1.030
-11.131 -25.673 -374.083 0.806
-37.820 -15.403 -347.227 1.034
-4.382 -27.752 -329.287 0.983
14.955 -48.883 -321.114 0.915
-79.191 -97.631 -468.698 1.001
-81.489 -74.852 -426.695 1.107
-87.077 68.691 -344.018 1.062
78.598 62.444 -467.336 1.051
92.628 87.008 -386.376 0.969
16.976 -49.289 -315.263 1.091
-52.826 -19.222 -338.758 1.045
79.234 -90.373 -321.045 1.150
-87.549 80.711 -482.435 0.992
-56.068 -42.202 -480.735 1.185
-48.872 -10.736 -331.650 0.965
29.817 -32.838 -398.324 1.069
88.052 12.927 -379.189 1.065
9.957 -18.871 -333.371 0.991
58.337 -50.364 -464.141 0.992
-31.364 17.483 -346.092 1.052
51.050 67.861 -430.243 0.839
51.697 -39.623 -491.886 1.042
-43.951 -64.065 -388.672 0.882
38.123 15.276 -375.183 0.838
-70.661 -59.841 -341.215 0.994
-26.925 7.172 -308.330 0.822
47.054 33.653 -426.867 0.924
-71.814 98.799 -320.248 0.944
-65.452 -79.711 -381.582 1.016
-16.290 95.132 -337.531 0.903
-30.657 89.469 -401.372 1.016
-7.891 57.399 -447.262 1.094
-12.598 -32.316 -423.385 0.937
75.959 -18.159 -417.846 0.999
-86.377 -20.451 -468.728 0.972
-18.852 75.891 -496.658 1.041
29.895 -72.469 -361.915 0.897
-44.006 80.242 -355.503 1.018
-5.225 2.230 -390.261 1.036
33.370 19.177 -337.773 0.963
81.470 -59.764 -384.501 0.951
-78.178 75.890 -354.856 1.009
43.703 -51.968 -310.456 1.025
-97.925 63.406 -488.760 0.882
-61.554 -55.116 -318.339 1.070
-67.677 65.721 -423.190 0.881
10.006 1.689 -493.215 1.084
86.740 -98.336 -393.611 1.196
65.716 -6.550 -429.174 0.918
-63.978 89.157 -336.998 1.043
-4.594 -32.465 -376.519 1.244
39.735 54.802 -331.894 0.945
-36.205 -25.646 -309.697 1.132
-83.975 -10.528 -439.252 1.015
-79.539 -32.240 -482.973 0.966
-35.348 -75.389 -404.200 1.065
-95.523 -59.855 -311.844 0.756
81.692 -46.653 -304.017 0.752
-4.804 9.448 -440.796 0.915
-93.418 95.430 -340.872 1.049
76.536 -35.944 -348.820 1.113
-8.116 28.949 -413.309 0.971
-25.637 51.297 -453.252 0.920
12.392 -5.712 -345.916 0.798
-47.096 82.338 -310.273 1.020
5.809 52.243 -434.689 1.098
-41.531 -49.760 -349.347 0.972
13.940 -26.192 -444.524 1.085
57.578 54.008 -424.483 1.031
24.877 -2.731 -443.519 0.881
-16.912 -32.480 -498.777 1.117
-72.392 6.142 -461.895 0.858
29.113 97.420 -401.760 1.029
62.141 -85.863 -464.010 1.035
-23.329 86.711 -419.296 1.097
94.087 -18.995 -488.244 0.957
50.955 24.883 -378.131 0.944
51.705 -87.778 -313.592 0.980
-88.905 94.338 -392.798 1.083
25.082 39.280 -479.895 1.043
79.923 -74.077 -495.536 1.084
-24.752 -19.943 -408.396 0.892
-37.785 16.182 -348.789 1.003
-94.467 98.699 -461.489 0.984
52.912 87.521 -382.880 1.134
23.283 87.735 -334.655 0.977
-90.800 36.013 -474.258 0.869
-35.491 -7.702 -409.663 1.040
36.847 99.205 -357.617 1.101
-58.006 9.266 -377.560 1.077
13.227 -53.498 -381.549 0.925
36.734 -27.108 -368.158 0.909
45.665 -95.756 -313.874 1.157
-81.499 -50.080 -395.759 1.055
-29.972 -70.433 -474.574 1.046
-74.448 3.699 -378.550 0.962
61.634 72.411 -328.874 1.153
57.968 -42.418 -369.561 1.096
-96.218 0.134 -449.295 1.053
84.124 2.613 -450.060 1.023
13.527 38.838 -386.991 0.958
-18.192 -14.201 -481.259 0.993
-51.043 93.782 -380.632 0.761
-43.292 28.349 -478.219 1.002
67.163 48.108 -306.466 0.922
87.166 0.859 -428.325 1.005
15.875 92.645 -477.724 1.011
-43.605 38.136 -477.206 1.074
-91.332 18.708 -469.210 1.015
42.663 11.361 -319.888 1.028
28.136 92.775 -476.345 1.214
38.025 43.999 -483.355 1.049
-86.346 -26.302 -329.906 0.925
71.970 13.277 -446.668 0.982
-16.616 89.905 -451.681 1.064
3.523 -94.268 -316.725 0.980
-41.940 -33.297 -409.577 0.888
56.468 -42.983 -452.570 1.057
54.335 15.484 -406.006 1.097
78.593 -57.727 -334.549 1.094
80.620 -9.043 -386.682 0.906
58.509 39.699 -370.764 1.047
93.744 43.498 -373.384 0.830
14.272 60.410 -362.379 1.162
82.076 -0.253 -344.189 0.987
83.959 -75.576 -368.516 1.069
-89.970 36.799 -322.461 1.093
-29.483 32.689 -325.286 0.744
1.251 4.801 -387.135 0.938
-0.292 -7.906 -320.717 0.990
-90.533 72.983 -427.139 0.882
13.667 -44.326 -397.725 0.991
83.884 -54.719 -450.531 0.893
-40.524 -25.465 -365.561 0.922
-77.786 96.976 -409.786 0.934
66.027 61.805 -463.231 1.031
64.724 -1.007 -391.022 1.019
50.996 51.785 -483.032 0.917
51.751 -67.935 -487.014 1.001
97.161 53.234 -315.195 1.049
13.183 29.028 -432.720 1.010
99.770 82.887 -316.045 0.808
59.030 70.720 -393.886 0.972
-80.926 -95.348 -310.736 1.022
-51.352 60.290 -344.582 1.081
-13.254 -71.934 -312.197 0.827
-19.569 28.105 -377.346 1.177
48.493 1.865 -315.078 1.113
-29.471 51.329 -489.741 1.028
-3.796 65.713 -456.228 0.987
-18.745 94.560 -349.817 1.005
98.971 -96.507 -355.560 1.134
31.048 -20.065 -353.599 0.979
-22.279 2.132 -484.670 1.018
-19.662 -62.499 -485.633 0.961
82.960 -27.489 -395.408 1.027
-92.301 7.880 -361.685 1.027
-88.304 -43.119 -321.604 0.938
98.585 53.113 -357.139 1.013
83.145 75.609 -307.103 1.177
-57.373 27.840 -398.197 1.106
-55.042 75.454 -375.724 1.224
97.224 -21.996 -447.061 0.877
3.546 18.971 -456.506 1.029
-61.852 99.258 -380.284 1.113
49.835 17.232 -475.841 0.942
43.183 -21.113 -378.511 1.139
-13.631 -61.306 -379.519 1.080
3.027 -91.459 -483.084 0.910
-44.449 17.496 -453.212 1.142
-17.457 95.930 -452.247 0.899
96.806 91.856 -400.175 1.084
-72.137 -79.241 -392.039 1.170
59.133 45.051 -432.321 0.955
90.853 -85.982 -441.627 1.004
9.799 -79.618 -493.187 0.935
-92.883 -62.700 -326.500 0.995
1.186 52.508 -350.427 0.887
-9.995 82.813 -386.381 1.059
63.104 29.633 -495.844 0.775
89.265 99.394 -422.387 1.111
-10.088 -92.370 -499.401 0.901
33.240 5.173 -338.899 0.963
-45.011 65.644 -383.636 1.017
95.847 -18.942 -309.916 0.964
-38.020 75.418 -376.165 0.895
-46.395 12.156 -429.352 1.151
64.498 60.743 -497.728 1.000
3.526 71.335 -474.090 0.881
26.501 -73.472 -352.047 0.804
-46.129 -57.691 -430.217 1.072
13.565 40.720 -451.131 0.861
-51.277 6.495 -320.045 0.817
85.162 -13.038 -468.632 1.073
-18.390 -46.504 -334.245 1.018
-4.987 -22.647 -455.364 0.917
22.101 46.462 -436.676 1.060
88.154 27.331 -429.428 1.178
72.802 -97.385 -420.986 0.956
-76.530 -82.510 -413.645 1.050
0.994 81.100 -389.973 0.953
80.846 -52.547 -413.195 1.092
57.963 37.531 -365.663 1.186
-36.700 -57.196 -321.333 1.239
-84.054 47.811 -495.570 1.004
-17.135 47.474 -458.559 0.879
21.738 10.542 -435.328 1.041
85.724 33.491 -489.361 1.062
61.082 -57.253 -398.753 1.121
8.022 46.409 -486.843 0.984
-83.749 -31.329 -372.319 1.196
24.094 -87.657 -371.404 0.938
39.930 -97.704 -498.630 1.125
-74.105 67.906 -367.591 1.081
-51.774 -25.277 -483.527 0.948
39.854 15.067 -343.913 1.027
14.483 -64.681 -440.475 0.847
-92.523 64.948 -320.338 1.065
-5.846 -62.900 -326.932 0.965
57.182 -18.174 -334.723 0.891
-20.319 -81.709 -496.828 1.203
-70.521 -26.069 -347.815 1.041
22.857 -50.787 -485.292 1.064
99.298 -81.322 -420.957 0.872
-32.351 97.310 -427.567 0.923
27.124 -89.359 -430.269 0.866
-86.497 -30.936 -369.531 0.970
-31.250 87.870 -380.162 0.930
70.914 94.039 -491.989 0.933
-13.541 -45.222 -360.627 1.088
16.568 37.117 -366.319 0.924
-46.988 26.860 -454.693 1.018
6.812 21.422 -389.492 0.782
-67.228 -19.103 -330.569 0.996
81.355 -10.368 -407.423 0.754
5.484 -2.882 -492.140 0.930
-61.653 84.102 -431.630 1.021
-38.170 15.271 -415.248 0.900
-1.935 -78.121 -387.895 1.026
26.495 -89.077 -486.938 0.994
-5.529 -50.398 -455.015 1.143
66.950 -4.994 -422.499 1.166
69.556 -47.269 -349.235 0.905
-12.724 -39.628 -385.997 1.011
-27.269 -64.297 -456.957 0.945
-15.506 -55.254 -432.142 1.013
-86.245 -49.095 -461.630 0.831
67.317 -79.568 -391.626 1.019
-45.480 60.986 -330.478 0.885
19.977 38.641 -365.133 1.115
82.258 55.226 -367.108 0.955
-70.135 55.810 -380.077 1.158
-50.778 49.987 -427.914 1.012
-93.107 44.211 -428.361 0.842
-55.431 -86.229 -339.194 1.071
-56.402 61.183 -485.423 1.021
-94.708 11.645 -364.584 0.964
-73.488 99.858 -431.845 1.075
-53.632 75.744 -425.109 1.148
60.100 -99.969 -476.321 0.988
21.749 -53.338 -377.358 1.075
12.632 -76.981 -317.186 1.059
66.769 14.887 -469.663 1.152
5.765 79.453 -437.357 0.954
79.667 67.550 -361.934 1.152
32.426 -23.328 -431.140 1.062
-90.259 -38.625 -347.777 0.975
8.690 27.852 -399.575 1.032
-51.717 -43.108 -314.750 0.804
26.942 56.514 -470.430 1.095
-71.275 -38.145 -365.523 0.871
-51.676 64.210 -311.830 1.169
38.789 -11.933 -320.565 0.981
40.755 43.099 -418.900 0.981
71.164 79.828 -427.973 1.029
38.865 70.119 -394.462 0.957
64.904 84.706 -427.930 0.915
68.343 80.667 -463.622 1.130
-83.377 -60.228 -486.008 0.900
-15.634 64.078 -470.819 0.899
71.263 -55.372 -312.598 0.874
-79.591 5.011 -337.164 1.095
-39.582 19.404 -367.209 0.891
-6.739 21.724 -467.163 1.010
35.350 12.447 -343.353 0.979
8.206 -53.586 -374.745 1.091
-68.565 -29.494 -475.368 1.299
63.741 90.933 -321.261 1.082
61.811 -59.873 -407.935 0.902
38.654 -66.812 -411.799 0.909
-95.430 -12.755 -430.008 0.964
9.198 -74.445 -490.650 0.954
-96.314 94.043 -469.058 1.115
49.921 -89.092 -389.485 0.824
38.931 -90.316 -360.965 0.849
21.335 62.618 -447.351 1.091
-70.052 80.499 -422.670 1.067
-87.049 -96.640 -477.186 0.882
-77.970 -21.373 -462.315 0.922
63.064 -49.894 -335.977 0.942
90.307 54.028 -325.011 1.112
17.059 -49.413 -395.849 1.046
-86.330 -95.597 -345.738 1.115
-44.319 22.044 -388.288 1.047
12.524 -97.663 -432.892 0.875
-51.292 -70.040 -306.489 0.779
-15.100 -32.036 -339.126 1.167
30.379 17.770 -458.669 0.999
-4.464 23.986 -369.766 1.122
-13.320 60.718 -325.049 1.086
8.880 9.611 -422.884 0.841
64.516 93.518 -428.871 1.018
60.768 -31.443 -405.887 1.107
87.551 -69.948 -375.769 1.118
54.088 0.370 -388.409 0.945
12.303 -47.340 -377.697 1.002
-80.006 -57.963 -364.385 0.921
-49.067 -11.476 -415.237 1.002
-38.624 -84.215 -311.881 0.961
-16.607 69.012 -306.378 0.909
93.447 -67.439 -493.355 0.875
2.707 96.430 -452.429 1.026
1.229 73.446 -426.821 1.087
-40.810 50.677 -420.369 1.309
76.977 30.087 -489.949 1.003
38.047 -18.107 -328.753 1.114
-18.929 -50.028 -316.520 0.843
24.160 -43.640 -346.268 0.962
-80.542 72.303 -423.693 0.872
50.835 37.278 -383.331 1.155
94.883 27.000 -344.653 0.858
97.013 -76.596 -306.439 0.956
-98.838 77.678 -336.461 0.926
-39.516 -88.961 -320.664 0.980
62.229 55.398 -439.021 1.005
-65.173 43.690 -314.028 0.935
-73.714 -43.797 -351.144 0.973
7.765 -51.459 -460.858 0.961
0.053 -63.070 -367.098 0.953
76.171 -55.703 -462.368 0.951
79.114 -48.023 -387.250 0.950
-40.027 -22.590 -395.663 0.914
-81.223 -38.801 -339.963 0.990
-36.640 -62.352 -343.355 0.860
37.057 6.207 -428.706 0.867
59.348 -82.698 -481.136 0.814
-76.437 85.022 -339.282 1.041
12.029 -13.133 -453.315 0.994
-51.556 86.694 -351.396 0.924
-72.737 -85.668 -373.810 1.000
19.999 -91.990 -342.535 0.994
42.865 -83.337 -355.967 0.874
11.745 -97.125 -427.327 0.900
-60.308 -85.919 -373.144 0.951
39.068 -5.748 -380.247 0.944
-25.828 -81.508 -322.399 0.978
-12.104 34.392 -310.964 0.937
-46.081 -78.873 -489.181 0.985
-74.743 -98.061 -409.014 0.926
-60.863 -37.492 -324.404 1.024
-32.669 -27.729 -381.726 0.981
40.424 35.148 -343.331 1.050
2.127 -23.009 -343.684 1.047
52.322 73.620 -408.913 1.198
-41.653 39.327 -469.879 0.997
-84.318 35.055 -480.314 1.050
-24.115 -95.284 -380.588 1.000
-34.086 -45.128 -408.196 1.007
23.718 2.739 -385.349 0.998
6.944 -83.101 -306.498 1.156
-30.810 30.608 -407.405 0.897
-23.068 -40.504 -462.058 0.850
43.868 77.634 -481.418 0.848
41.211 45.861 -311.700 0.966
-59.932 -8.852 -331.293 1.108
22.171 -28.220 -496.645 1.102
2.507 -32.323 -306.046 0.913
-24.261 -17.453 -360.759 0.867
-17.085 -73.017 -462.363 0.979
-15.729 53.379 -328.982 1.114
72.200 -94.358 -427.196 0.897
75.402 -95.123 -452.933 0.984
50.886 -53.860 -318.851 0.851
16.694 83.293 -352.527 0.937
18.298 43.032 -395.648 0.979
37.061 59.056 -321.203 1.067
-36.051 -57.281 -476.410 0.968
-22.025 9.935 -438.206 1.039
79.383 67.631 -472.127 1.104
-37.910 20.415 -326.397 0.877
-0.557 59.492 -324.397 1.056
-9.144 -93.557 -438.670 0.940
85.480 -85.118 -387.395 1.083
-96.706 15.787 -461.298 0.880
55.615 -32.283 -336.439 0.941
18.147 -97.588 -404.857 1.063
89.792 -77.500 -357.032 1.110
98.910 -64.752 -425.961 0.785
-66.685 -43.123 -465.716 1.064
48.182 -98.860 -308.565 0.963
-89.786 45.924 -411.792 1.058
32.182 97.269 -454.834 0.933
-51.340 0.828 -412.994 0.931
-41.510 -49.975 -480.864 0.919
28.814 -90.182 -331.083 0.960
-0.709 45.976 -456.584 0.971
-77.505 54.374 -371.125 1.102
70.205 -3.720 -316.498 0.964
-1.534 -20.934 -403.951 1.080
-44.373 -93.883 -333.728 1.177
98.046 -51.929 -407.359 0.874
-28.110 -80.124 -390.418 0.951
37.433 5.158 -474.469 0.931
-64.763 -5.285 -372.772 0.967
-70.998 67.389 -478.446 0.976
88.565 62.507 -460.945 0.999
6.675 -65.995 -440.418 1.024
-8.689 -60.450 -414.001 0.956
35.141 -96.205 -371.529 1.133
36.117 35.576 -471.345 1.122
-85.334 -80.076 -469.423 0.956
-39.222 21.947 -431.380 0.932
36.293 66.921 -385.428 0.850
-89.483 30.811 -435.233 1.013
64.477 63.614 -366.473 0.968
-38.010 -76.304 -340.563 0.921
20.278 47.136 -366.977 0.871
-53.822 84.476 -431.010 1.001
-8.953 -76.545 -322.919 0.843
-6.844 51.970 -333.485 0.920
33.597 36.891 -385.554 1.087
-90.577 92.202 -491.897 0.844
5.903 77.109 -429.266 0.897
0.638 -73.020 -495.089 1.150
-67.671 59.123 -478.128 0.928
39.854 -66.389 -490.331 0.999
4.548 43.042 -404.118 1.011
-35.522 -65.771 -325.251 1.023
-36.559 25.538 -356.545 0.973
-45.798 93.406 -428.928 1.158
46.726 -20.580 -488.503 1.028
-29.440 -70.069 -353.968 1.028
11.488 14.208 -499.435 1.081
-13.343 -66.433 -367.706 1.090
-90.980 -76.457 -455.428 1.056
-50.758 30.609 -360.563 1.112
80.641 -53.981 -424.089 0.923
31.003 -71.378 -340.454 1.102
-25.575 -30.017 -438.347 1.026
34.876 13.130 -458.453 0.998
52.016 77.615 -321.018 0.987
-12.144 -53.266 -496.284 0.841
-99.537 -28.178 -345.234 1.075
23.717 -52.991 -361.101 1.060
-94.096 4.558 -388.980 0.895
-20.551 -27.713 -347.674 1.039
40.385 83.971 -467.260 0.966
-15.942 43.919 -441.644 0.910
85.188 24.059 -410.021 1.107
28.956 -81.761 -455.853 0.985
-83.633 38.236 -308.017 0.875
-41.481 47.932 -425.145 0.967
-73.752 -33.448 -400.091 0.949
44.116 15.092 -435.380 0.866
4.751 -39.858 -463.346 1.136
-83.648 4.609 -438.991 0.912
-78.998 -41.625 -388.705 0.988
56.315 27.429 -498.882 0.848
27.851 71.682 -425.696 1.068
74.445 0.906 -389.524 1.053
14.119 80.242 -339.283 0.976
-63.461 8.736 -392.080 0.917
37.535 65.201 -488.587 0.738
-31.853 99.859 -356.382 1.166
35.483 0.008 -401.795 1.113
-31.868 -55.306 -486.098 1.053
34.559 9.687 -481.113 1.054
90.111 -69.090 -482.597 1.096
-99.346 30.637 -365.317 1.048
-9.077 52.693 -371.365 0.995
-21.535 -71.356 -479.665 1.010
-31.756 86.215 -318.980 1.062
-60.431 10.058 -446.981 1.015
-36.517 -42.954 -483.669 1.046
-86.112 -64.192 -441.794 1.178
-65.084 -89.627 -310.027 0.873
-28.838 -13.468 -398.333 0.952
69.571 -69.991 -324.358 0.947
40.297 -61.048 -420.594 0.880
-36.864 -59.988 -311.394 0.900
-35.075 -64.071 -385.184 1.012
-67.604 47.190 -458.086 0.976
17.667 -85.674 -468.243 0.909
97.069 -31.746 -448.702 1.173
58.630 93.672 -331.428 0.959
-32.802 -4.609 -360.245 1.063
63.272 69.164 -498.507 1.108
79.885 73.187 -411.578 0.868
-40.086 44.533 -365.033 0.853
-40.861 -79.059 -327.605 0.967
84.056 -12.748 -391.780 0.966
-74.402 -33.667 -332.609 0.967
-51.984 -2.050 -496.760 1.047
65.449 -20.829 -459.626 1.017
-41.585 -50.142 -440.851 1.053
-8.056 -47.302 -328.470 1.069
24.942 42.026 -416.019 0.940
13.826 -71.225 -367.145 1.067
28.749 92.191 -325.959 1.105
32.915 -41.063 -318.999 1.066
-6.772 16.035 -382.018 1.314
-66.713 11.067 -479.402 0.956
-8.354 -83.655 -435.502 1.057
-44.692 58.002 -453.674 1.067
54.920 -96.232 -438.708 1.106
2.734 45.611 -369.258 1.108
74.293 80.568 -462.079 0.822
-20.536 -42.107 -484.964 1.091
33.923 -66.826 -487.006 0.970
-33.916 -79.109 -306.848 0.923
-11.837 72.953 -352.506 0.932
-33.949 46.573 -452.179 0.993
43.050 63.587 -386.807 1.070
7.548 8.187 -317.202 0.990
-31.815 20.904 -405.384 1.183
-37.798 86.803 -330.942 1.005
-76.918 -62.616 -374.349 1.015
-2.143 -7.393 -316.243 1.054
86.886 -19.389 -364.769 1.066
-68.257 -70.564 -446.201 1.007
35.613 52.257 -430.405 0.884
84.655 -38.377 -316.892 1.082
22.228 -96.789 -374.481 1.051
-23.064 27.275 -440.315 0.995
45.231 48.018 -333.619 1.040
53.202 -9.378 -302.412 1.007
-87.997 -55.637 -460.376 0.836
14.954 -94.664 -309.203 0.904
-5.549 -44.353 -437.599 1.046
-81.350 94.071 -409.649 1.134
66.917 -83.998 -361.760 1.098
85.117 -33.397 -341.594 1.015
42.602 58.220 -335.640 1.109
64.554 44.074 -428.100 1.001
54.037 91.995 -378.247 1.108
-4.695 54.773 -341.409 0.968
-20.056 0.404 -439.812 1.085
-3.704 -6.782 -348.686 1.088
9.640 -71.648 -423.496 1.024
-69.574 81.468 -487.283 0.931
55.677 93.736 -376.416 1.026
1.097 -98.249 -408.571 0.948
-45.478 32.168 -421.391 0.906
52.991 42.981 -398.244 0.973
18.941 52.138 -439.679 0.997
20.636 56.002 -467.338 1.039
-24.504 16.735 -395.951 0.982
83.172 -98.451 -450.830 0.948
58.513 66.422 -322.437 0.936
61.142 -58.612 -315.712 0.982
9.334 -23.237 -482.091 1.042
62.247 -93.303 -375.107 0.815
-30.942 67.219 -412.985 0.921
68.496 -88.840 -434.304 0.935
-62.551 3.596 -447.878 0.913
-24.836 75.010 -435.523 0.886
61.862 -97.606 -418.177 1.008
-45.033 24.682 -401.116 0.940
-23.007 40.542 -450.174 0.808
-47.356 -78.600 -399.001 1.115
89.848 -38.934 -413.092 1.046
-34.945 68.333 -336.963 1.009
-98.996 -31.582 -398.560 0.872
16.988 -14.744 -441.243 1.116
-96.864 22.894 -450.623 0.910
85.880 -38.085 -445.423 1.029
-3.114 51.778 -388.735 0.986
-17.135 62.238 -429.498 1.000
79.255 55.956 -300.931 0.945
89.204 -44.920 -378.963 1.096
8.653 -48.880 -496.209 0.958
-31.764 -93.955 -397.714 1.047
92.682 33.488 -378.201 1.196
-76.090 4.512 -404.027 1.110
45.185 13.880 -448.947 1.086
-68.381 -23.357 -394.317 1.158
47.680 -83.525 -349.732 0.999
78.482 -43.673 -382.898 1.040
73.694 48.805 -312.428 0.922
76.622 -35.819 -305.537 0.873
-44.263 59.118 -467.702 1.241
-29.672 73.901 -320.093 1.026
-5.025 -85.295 -343.906 0.869
-73.083 92.214 -440.525 0.937
-81.880 42.051 -322.032 0.892
-21.689 38.740 -315.125 1.055
92.618 -57.756 -376.783 1.151
85.537 -31.230 -486.283 1.050
75.241 -59.725 -461.262 1.152
15.001 39.419 -390.437 1.028
-84.027 35.055 -300.086 0.741
34.532 19.306 -436.097 1.088
51.969 35.321 -454.714 1.046
-82.962 -13.065 -321.261 1.139
1.836 36.242 -496.539 1.088
37.340 -5.345 -403.899 1.065
81.754 80.522 -378.474 1.129
-21.840 83.731 -468.061 1.040
-87.685 -39.834 -373.485 0.982
-81.791 -41.156 -481.839 0.916
-88.716 -78.034 -312.280 0.986
66.450 -76.754 -313.877 0.984
93.980 -41.598 -483.743 1.001
38.870 -32.907 -343.598 0.927
-31.407 94.393 -369.627 0.838
99.664 15.424 -388.901 0.980
-99.400 1.095 -334.168 1.204
17.394 -24.473 -331.191 0.975
-86.527 71.995 -374.056 0.833
-93.472 42.746 -392.105 0.961
90.410 90.931 -449.405 0.898
41.468 29.763 -314.797 0.810
-26.688 -39.503 -356.533 0.963
8.997 -51.233 -311.487 0.960
6.638 97.859 -448.737 1.095
42.901 90.885 -311.258 1.018
-60.873 -57.360 -458.433 1.031
36.411 -53.882 -480.521 1.066
-81.314 -74.008 -409.817 0.875
-10.193 -32.218 -437.372 0.892
66.070 69.196 -424.252 0.955
-40.032 -64.938 -300.111 1.084
55.901 -3.847 -343.803 0.873
24.393 5.607 -405.621 1.029
-41.978 -23.508 -457.297 1.040
-19.176 72.835 -442.006 1.140
73.794 14.329 -346.216 1.155
-1.982 -64.686 -406.394 0.977
-71.755 -45.561 -318.534 0.978
12.806 -2.050 -400.910 1.026
62.180 -17.261 -402.832 0.808
72.498 -59.883 -373.676 1.135
-68.142 -6.310 -463.957 0.927
-98.742 -27.982 -483.816 1.026
-92.400 92.857 -489.288 1.112
-38.881 -23.528 -377.020 1.037
68.628 70.336 -456.156 0.906
33.039 73.885 -302.064 1.121
-1.142 55.784 -310.129 0.969
-29.372 29.662 -437.608 0.977
54.555 -8.369 -434.490 1.008
-36.043 30.960 -474.416 0.902
-80.818 64.600 -494.521 1.021
-26.611 -38.851 -366.249 0.780
-13.277 -6.457 -420.732 0.901
11.339 -31.255 -464.030 0.960
37.818 9.222 -452.615 1.081
50.953 -69.737 -334.444 1.197
86.593 67.461 -330.303 1.007
94.967 -90.274 -346.465 0.926
78.197 -78.700 -396.706 1.224
-62.904 28.565 -413.695 0.867
-18.763 67.643 -304.951 1.124
-22.645 19.035 -453.760 1.131
-69.789 -92.555 -417.809 0.855
-9.830 97.734 -480.891 1.111
69.990 -79.636 -418.267 0.942
85.022 -24.912 -406.974 1.050
-89.617 80.305 -330.380 1.013
-16.336 -97.433 -423.839 0.880
-27.481 -19.335 -338.813 1.043
-6.278 -23.585 -326.935 0.906
63.779 68.992 -495.552 0.976
35.520 55.837 -371.281 1.140
-90.330 81.912 -309.645 0.964
-64.646 -73.724 -473.293 0.955
-94.746 98.939 -329.804 1.067
-62.567 5.166 -440.400 1.049
62.684 -20.198 -398.742 1.006
-27.514 50.026 -374.494 0.968
-93.320 58.502 -347.193 0.967
-49.633 -32.346 -407.414 0.873
21.818 -60.427 -390.895 0.848
45.799 86.012 -367.362 0.878
-54.762 91.945 -326.254 0.877
-65.679 -5.631 -394.349 0.938
77.596 28.740 -443.249 0.990
38.823 41.236 -453.531 1.063
-20.710 94.128 -403.270 0.819
17.555 -38.394 -465.393 1.161
46.926 -91.392 -369.254 1.024
-69.082 66.504 -374.382 1.092
-84.237 96.811 -384.350 0.977
-37.365 -83.660 -417.385 0.958
-51.926 -23.463 -309.033 0.848
-34.768 38.124 -339.514 1.003
-31.350 26.989 -330.376 1.119
12.619 -24.376 -404.768 1.085
-48.700 45.786 -352.923 0.973
56.833 -56.138 -336.407 0.859
67.645 -62.104 -340.546 0.956
-35.082 -73.748 -364.872 0.965
2.360 58.993 -485.330 1.135
-2.731 -70.487 -455.060 1.014
-91.436 14.955 -349.338 1.005
46.694 -58.732 -478.708 1.110
32.321 -27.359 -387.012 1.070
19.213 -37.223 -317.158 1.029
-28.185 -24.123 -436.625 1.035
-69.992 -19.649 -355.796 1.071
-47.048 -1.589 -474.533 1.244
-16.285 18.216 -464.682 0.877
44.831 80.070 -468.684 1.081
-39.552 89.361 -425.696 1.187
-56.190 -33.096 -473.041 1.012
32.025 -45.830 -356.683 1.050
54.260 -46.581 -314.067 1.041
-20.613 -21.897 -347.330 0.857
73.070 22.294 -376.309 0.908
-54.657 9.783 -315.033 1.025
88.399 9.875 -389.723 1.114
-17.658 87.637 -384.272 0.969
90.597 -17.425 -463.827 1.139
81.759 -92.410 -390.271 1.095
-82.815 -69.305 -345.605 1.044
33.929 67.888 -401.341 0.997
88.500 -56.805 -418.739 0.684
29.710 -17.399 -411.294 1.052
-38.569 97.219 -310.521 1.197
-10.697 -94.117 -487.199 1.070
-80.381 -63.679 -458.380 1.017
38.723 -25.602 -353.690 1.055
24.021 -85.363 -302.747 1.010
-71.837 23.149 -389.012 1.043
52.088 48.508 -311.056 0.778
76.983 95.177 -362.963 0.990
-46.498 59.342 -477.486 1.143
-38.779 -80.529 -367.574 1.015
-52.280 72.867 -312.351 0.844
-88.614 -44.033 -429.943 0.870
-93.172 89.290 -455.007 0.863
83.065 -11.832 -446.334 1.060
83.185 37.394 -307.141 0.968
-88.138 -23.260 -468.935 0.791
-24.542 -21.700 -395.590 0.995
-96.863 67.474 -417.335 1.096
99.434 47.441 -423.210 0.983
-63.516 1.671 -356.036 0.952
53.774 82.787 -390.482 0.892
-23.875 60.870 -329.287 0.865
41.404 -49.342 -493.937 1.047
13.987 44.441 -389.463 1.053
-78.300 80.934 -332.219 0.970
-2.116 20.786 -399.430 1.118
23.544 -83.967 -445.758 0.984
-7.250 -74.826 -414.926 1.005
19.146 -84.565 -304.342 1.053
70.985 -23.177 -355.133 1.202
-73.702 7.350 -492.988 1.162
75.205 27.559 -467.791 1.063
-76.464 -17.815 -369.259 1.072
16.877 -82.752 -337.433 1.148
47.328 15.134 -383.183 1.063
-43.804 -87.400 -425.365 1.092
-36.163 66.547 -406.321 0.942
-34.776 -38.167 -452.456 0.933
-84.603 -49.043 -313.831 0.958
58.925 4.391 -474.725 0.969
-18.866 91.281 -361.395 1.033
-91.847 -2.749 -489.696 0.838
67.458 -18.245 -324.608 1.037
-44.629 92.126 -420.867 1.236
66.498 -18.544 -397.758 1.138
-15.141 -97.093 -353.111 1.208
-19.783 30.064 -473.838 0.919
-85.582 66.307 -427.424 0.959
41.534 -27.202 -330.959 0.994
-86.056 -82.376 -481.880 1.042
-36.456 69.175 -353.461 1.060
-29.632 70.737 -363.396 0.932
-86.036 -75.040 -412.936 1.067
-56.946 14.061 -453.700 1.052
88.220 -16.589 -356.525 0.885
48.969 24.266 -467.230 1.092
3.867 16.622 -349.144 0.964
8.771 -94.543 -354.123 1.103
-25.353 -67.088 -384.444 1.012
-56.048 58.734 -441.217 1.056
73.696 26.403 -355.494 0.910
35.726 -70.157 -322.005 1.020
-4.189 -46.179 -301.744 0.871
92.166 59.493 -324.145 1.014
-72.995 85.403 -410.462 0.900
-85.334 57.686 -463.051 1.105
80.378 61.936 -454.099 0.967
-31.680 -33.555 -411.669 1.071
-52.480 -59.343 -454.038 0.969
5.952 -59.593 -473.312 1.027
-73.127 41.266 -483.859 0.969
55.293 89.571 -380.161 1.133
31.262 -87.050 -383.924 0.970
86.924 -10.903 -495.409 0.934
40.231 -99.567 -317.158 0.978
-82.706 -31.686 -412.536 1.030
25.072 -11.665 -422.061 1.052
-62.300 -76.718 -369.361 1.069
-97.924 -91.998 -468.445 1.031
56.871 -36.462 -481.617 0.900
-84.218 -28.145 -361.392 0.948
-90.450 46.634 -356.776 1.108
-39.263 60.310 -466.251 1.063
-57.907 -38.810 -359.823 1.026
-44.539 17.215 -485.269 1.119
-39.709 81.543 -425.077 0.891
-77.026 -22.579 -399.723 0.868
-39.741 -78.225 -452.587 1.095
43.176 73.834 -420.480 1.075
-77.661 70.909 -441.344 1.178
-55.891 57.137 -300.280 1.156
2.087 -12.818 -447.914 0.989
-29.428 -39.605 -468.723 1.152
34.617 -89.544 -440.676 0.919
-43.347 -41.361 -306.713 0.847
-58.269 -83.366 -400.407 1.099
10.003 -97.444 -432.660 0.842
31.398 98.554 -491.045 0.941
-92.162 -12.619 -385.389 0.807
-17.832 40.500 -369.543 0.781
-74.613 -32.060 -459.691 0.920
-14.170 -78.260 -417.684 1.131
-84.420 -37.644 -314.966 0.989
-90.097 -58.644 -323.792 0.934
32.665 -37.483 -446.708 0.952
26.850 -13.273 -452.976 1.168
31.409 54.181 -377.292 1.063
39.589 21.213 -498.359 1.187
72.669 95.013 -394.712 1.068
-67.748 -14.599 -475.628 1.153
-7.733 -66.748 -430.516 1.016
39.353 -91.406 -489.581 1.125
-35.304 -11.014 -376.720 1.228
-80.333 77.393 -476.471 0.929
-53.255 -31.098 -435.058 1.081
62.049 -7.296 -454.031 0.990
34.807 -40.372 -423.407 1.094
-19.338 -71.155 -395.339 0.891
44.654 -31.281 -498.676 0.958
-31.960 10.843 -499.189 1.114
-1.123 22.959 -415.019 1.096
-86.409 -24.621 -470.805 1.153
56.249 12.384 -495.365 0.911
-72.925 8.947 -491.476 0.756
-38.529 -93.155 -462.264 1.174
11.070 -78.623 -341.537 1.115
9.528 -33.751 -456.095 0.927
-71.777 -98.995 -459.839 0.993
-74.399 39.427 -476.977 1.122
9.558 84.611 -385.631 1.129
24.624 94.408 -493.107 0.891
-31.280 41.484 -474.012 0.917
-77.766 68.108 -484.858 0.817
-49.604 59.944 -429.010 0.997
-34.562 -25.119 -317.815 1.092
25.362 -17.214 -361.423 1.036
-33.360 -70.616 -363.586 1.123
-24.295 -63.688 -424.042 0.943
93.327 37.423 -398.619 1.055
26.373 82.869 -420.676 0.911
-49.765 -13.497 -350.386 0.942
49.441 -83.882 -381.707 0.913
58.220 38.730 -389.061 1.037
6.698 -27.608 -498.631 0.970
-26.695 58.338 -410.599 0.899
