-72.476 35.677 -490.730 0.816
3.143 31.066 -429.302 0.892
-55.465 -47.598 -318.763 1.166
-28.759 42.534 -418.694 0.933
86.418 83.426 -446.632 1.087
31.666 -34.889 -347.461 0.912
13.698 -42.171 -398.147 0.842
-49.569 47.715 -300.399 1.060
-16.290 -84.057 -486.435 0.971
87.592 -3.776 -418.901 1.037
13.878 76.718 -301.371 1.029
-54.513 -60.211 -421.280 1.024
-33.998 -31.704 -394.672 0.980
-99.153 82.056 -444.520 0.999
98.123 62.963 -302.266 0.982
83.034 59.871 -343.793 0.951
84.773 5.093 -343.843 1.066
-49.053 98.403 -417.169 1.085
34.379 -51.949 -439.703 0.863
96.072 6.569 -394.012 1.087
83.344 -86.247 -455.255 0.922
68.018 16.729 -401.205 0.940
-40.539 98.321 -459.849 0.856
48.147 -22.534 -485.648 0.947
15.687 40.769 -471.784 0.945
35.470 -34.181 -494.734 0.985
15.541 32.003 -400.347 0.882
-0.801 55.751 -322.446 0.827
94.591 -61.663 -405.070 1.077
36.528 33.074 -351.474 1.034
59.902 49.083 -447.559 0.882
-3.292 46.600 -475.544 0.981
99.973 74.909 -440.291 1.125
-53.516 -77.138 -341.581 1.213
48.553 57.855 -460.442 0.861
-98.246 48.210 -307.999 1.070
34.151 -11.299 -362.299 0.889
14.775 89.040 -350.592 0.995
63.395 12.295 -442.860 1.119
-99.526 -87.687 -377.825 0.999
-54.499 -34.715 -314.315 0.970
17.823 -56.367 -336.439 0.810
-33.261 -91.117 -393.803 1.059
-30.927 -7.125 -340.650 1.095
-9.625 -61.621 -448.297 1.143
-77.880 64.154 -305.803 0.873
88.039 -20.202 -307.015 0.933
86.564 3.654 -473.591 0.946
41.942 68.735 -321.166 1.026
88.768 12.525 -479.071 0.961
-54.917 91.800 -413.103 0.926
-41.317 58.758 -376.764 1.059
-43.163 -59.771 -327.989 0.895
22.275 59.917 -483.931 1.077
-69.274 92.341 -348.644 0.961
44.315 54.622 -434.966 0.895
76.612 -37.228 -493.193 1.196
-36.946 -63.002 -484.966 0.986
28.680 62.218 -483.764 0.889
4.836 -91.981 -483.343 0.939
-2.868 -24.541 -336.397 1.007
96.819 -47.490 -395.487 1.086
26.445 88.078 -493.574 1.042
-53.987 -29.999 -314.321 1.013
-35.999 50.704 -370.357 1.038
41.884 40.502 -366.978 1.056
-25.994 27.840 -401.040 0.945
-22.662 96.431 -461.448 0.956
63.059 22.605 -336.296 1.066
-39.056 3.725 -316.638 0.975
-31.876 58.719 -499.132 1.072
72.863 -31.533 -312.590 1.059
73.229 -25.062 -403.725 1.067
-46.622 -77.719 -354.304 0.967
-88.644 -21.361 -425.712 0.986
6.533 12.321 -326.778 0.894
-54.579 -65.259 -477.608 0.993
-59.591 55.875 -470.825 1.061
86.441 -58.068 -387.719 1.198
4.886 -88.192 -455.792 0.990
-92.945 56.000 -483.434 0.998
62.916 -5.421 -326.929 0.870
-77.568 -77.567 -319.256 1.026
-29.002 20.780 -388.814 1.142
4.064 -89.277 -376.857 0.895
-24.756 96.681 -378.020 1.145
-10.978 -36.450 -419.431 1.019
-96.696 67.875 -313.697 1.050
-14.345 -76.197 -406.837 0.921
17.033 -30.188 -332.846 0.874
-34.921 -17.172 -408.080 0.974
-30.574 11.433 -341.255 0.864
-40.503 -52.935 -309.528 1.021
-41.061 22.563 -469.363 0.941
85.149 78.421 -395.417 1.083
99.777 -85.486 -478.375 1.045
48.195 -60.199 -348.296 1.051
49.121 -99.191 -429.310 1.012
-62.871 80.973 -455.361 0.912
11.406 40.781 -370.065 1.006
95.012 -8.055 -490.114 0.925
-32.232 -35.876 -322.855 1.023
96.906 -59.161 -415.466 0.837
-23.188 8.070 -421.341 1.148
20.265 87.701 -430.741 0.926
-12.412 81.059 -381.774 0.848
85.929 -18.114 -477.884 0.897
-43.723 67.729 -367.387 0.820
61.638 -81.313 -420.771 1.210
-79.224 29.670 -487.440 1.008
-66.463 -63.796 -449.098 0.971
-7.521 0.778 -499.698 1.068
-2.059 73.367 -429.500 1.099
-32.663 79.683 -440.833 1.044
68.279 0.253 -452.764 1.029
-38.903 99.315 -319.925 0.901
-2.400 14.505 -310.360 0.923
-31.495 39.441 -403.611 1.135
-37.450 15.777 -376.803 0.919
-27.178 47.734 -471.421 1.011
72.535 -48.970 -458.845 1.030
-32.385 34.570 -453.697 0.994
-62.938 56.087 -437.029 1.017
-49.146 -52.024 -307.781 1.011
-28.449 -85.826 -331.533 0.995
40.642 65.162 -357.109 0.724
4.282 23.996 -308.507 0.955
30.023 -26.124 -308.057 0.944
-34.346 -22.588 -493.726 0.816
-58.688 35.797 -477.883 0.930
-7.322 -84.757 -409.921 0.874
-96.628 -72.906 -376.097 0.888
35.721 53.308 -394.255 1.012
-86.471 -56.844 -316.176 0.950
-64.310 -60.296 -492.531 0.924
52.694 -82.124 -455.398 0.980
86.316 50.806 -467.040 1.150
84.227 -51.725 -462.786 1.013
79.008 12.706 -381.082 1.122
97.171 80.218 -394.350 1.096
77.037 -7.363 -350.385 0.846
15.337 -44.587 -324.201 1.065
-37.676 41.812 -400.123 1.039
53.925 -34.233 -433.888 0.899
72.127 38.395 -469.383 0.753
36.562 -62.133 -350.272 0.921
56.590 -17.789 -364.571 1.057
-92.825 21.660 -425.514 0.916
97.957 32.741 -423.353 1.016
-58.104 -36.176 -499.993 0.850
-60.712 -10.829 -422.212 1.007
75.553 -37.424 -349.404 0.896
-6.786 81.002 -458.399 1.029
54.464 69.198 -356.231 1.047
93.265 -63.239 -447.822 0.951
-67.814 82.213 -385.670 1.123
4.533 17.397 -440.217 0.927
-38.845 65.243 -315.118 0.984
49.771 -42.054 -482.830 0.950
-85.336 -87.637 -392.671 0.918
31.405 -80.989 -301.674 1.243
92.393 25.839 -348.163 1.050
-72.833 22.682 -345.533 0.907
74.784 66.832 -356.140 0.771
-34.588 -13.614 -345.002 0.970
97.225 88.798 -444.295 1.065
5.925 12.787 -333.699 1.069
6.540 51.617 -308.011 1.148
-11.435 -78.913 -399.236 1.136
-79.952 -8.481 -465.503 0.960
71.978 -84.513 -347.492 0.902
-44.562 14.262 -381.354 0.929
-29.821 -36.725 -465.485 0.753
73.440 -1.991 -451.927 0.955
-30.580 75.897 -431.883 0.903
71.683 -76.356 -477.011 0.780
2.049 12.404 -329.715 1.056
-57.920 -87.579 -335.478 0.962
53.034 -33.929 -424.381 1.039
-75.284 -56.448 -335.793 0.935
-95.898 18.472 -302.187 1.082
-9.293 86.672 -471.596 0.955
-67.971 30.389 -466.536 1.004
-17.105 56.716 -404.196 0.914
-60.114 -43.447 -351.961 0.882
-27.780 53.508 -338.898 1.067
4.905 29.628 -351.871 1.090
-44.236 47.269 -483.117 0.936
28.059 98.439 -366.973 1.131
71.070 79.316 -300.058 0.954
-5.584 73.055 -426.478 1.106
-83.190 -59.088 -449.410 0.977
31.450 35.220 -378.948 0.829
81.210 13.661 -445.693 1.127
-88.373 76.408 -476.690 0.750
-75.053 -2.306 -322.980 0.959
-69.975 -80.704 -324.458 1.083
8.877 -43.476 -364.631 1.061
-60.323 -27.264 -450.585 0.947
-25.958 52.066 -484.597 0.825
71.776 27.306 -386.105 1.083
-31.014 91.735 -499.048 0.977
68.148 -80.179 -458.345 0.994
-61.532 39.703 -398.109 0.784
-96.516 1.354 -338.114 1.072
65.839 33.189 -466.212 0.953
76.692 -39.674 -448.503 0.914
31.504 -32.033 -467.788 1.056
-25.870 79.063 -327.767 0.984
-17.160 90.397 -389.298 1.168
84.991 -0.129 -315.421 0.902
79.653 11.789 -495.211 0.873
-12.312 -94.450 -452.982 0.880
-85.915 14.132 -483.542 1.012
93.651 49.091 -356.786 0.832
62.658 3.867 -495.543 1.127
35.442 46.389 -401.571 0.951
-30.917 83.636 -312.071 1.086
71.523 13.534 -467.918 1.166
-62.106 -91.092 -336.393 0.871
-31.787 -57.462 -466.384 0.919
-72.765 -38.821 -438.871 0.929
97.864 -7.978 -372.881 0.905
54.068 41.384 -431.339 1.031
-49.546 -91.793 -413.153 1.104
71.377 94.170 -470.072 0.912
86.821 42.797 -391.365 1.144
-74.126 -85.458 -313.967 1.113
99.245 -71.777 -353.957 0.926
24.330 -6.306 -311.237 0.933
4.672 -75.385 -366.386 0.930
-13.063 -98.736 -383.637 1.078
56.423 -98.779 -383.600 0.951
-16.718 11.923 -390.208 1.103
88.069 18.705 -348.795 0.883
9.261 69.397 -385.772 1.065
4.007 -19.653 -440.311 0.918
40.880 -32.874 -329.750 1.079
77.179 18.245 -396.747 0.997
-50.690 -66.990 -338.342 1.032
30.096 83.062 -465.880 0.875
35.777 -17.463 -316.427 1.046
72.550 50.898 -316.636 0.763
10.432 -89.610 -424.584 1.015
-51.786 -33.759 -302.222 1.140
-45.703 -69.338 -460.929 1.195
-63.721 30.799 -446.438 0.796
-97.997 -38.938 -361.760 1.055
68.739 -51.331 -391.868 1.069
5.647 85.491 -497.654 0.866
-90.697 -96.089 -447.520 0.865
-98.095 10.293 -485.696 1.046
-72.926 69.822 -430.913 0.807
52.195 27.785 -345.544 0.977
-20.230 -79.837 -482.702 1.054
-15.022 75.081 -301.232 0.954
34.741 -48.951 -401.005 0.919
-29.107 -20.343 -481.693 1.060
-37.300 -42.636 -308.435 0.829
-66.245 75.564 -450.518 1.013
-60.753 -45.513 -482.117 0.955
-20.227 57.035 -348.118 0.961
80.289 44.991 -478.931 1.055
63.325 -19.075 -327.612 1.155
26.028 5.310 -442.521 0.925
96.272 -70.961 -360.026 0.937
-74.058 -0.911 -376.311 0.903
-83.156 0.901 -310.471 0.930
58.600 64.073 -319.843 0.998
72.187 71.868 -363.378 0.830
55.553 18.880 -485.372 1.059
-79.086 -40.196 -481.245 1.031
-20.165 -60.337 -480.160 0.727
36.676 -82.586 -313.202 1.049
-93.859 67.847 -347.953 1.092
62.289 98.018 -412.346 0.924
49.580 -29.167 -476.878 0.947
93.490 -13.028 -365.666 0.903
18.358 -86.490 -345.103 1.187
54.288 -54.004 -440.852 0.963
-61.196 35.466 -349.803 0.982
47.332 -68.744 -339.821 0.966
4.200 -3.168 -452.327 1.166
4.652 58.683 -327.239 0.943
-99.512 -38.595 -399.605 0.988
-15.874 -9.779 -427.020 1.114
11.545 1.772 -393.443 1.049
67.596 39.798 -368.801 1.155
66.290 -68.071 -339.835 1.050
-73.669 -66.931 -454.058 0.974
13.648 74.536 -446.826 1.170
-46.337 -39.698 -442.805 1.007
-92.380 -16.806 -466.798 0.885
2.606 -94.810 -360.542 0.969
7.427 81.448 -420.777 1.008
-75.374 -52.899 -451.492 0.898
-15.908 9.764 -417.552 0.943
-57.105 19.968 -364.048 0.984
21.244 41.599 -441.980 1.111
-14.449 69.972 -384.874 1.022
-30.866 -51.536 -307.189 0.931
42.848 -64.960 -378.592 1.017
89.014 -53.617 -362.589 1.054
-88.133 85.561 -467.617 1.043
-52.520 9.498 -330.684 1.009
48.692 32.916 -411.549 1.010
-6.907 51.561 -332.611 0.923
-50.646 -29.013 -409.932 1.148
64.738 -74.978 -328.480 1.045
-62.714 -81.776 -424.413 1.056
21.670 -7.786 -408.559 0.944
87.899 -38.003 -418.659 1.012
-58.318 -3.402 -482.816 0.814
68.904 78.961 -427.468 0.836
17.885 5.395 -316.961 0.978
-37.268 -5.879 -448.651 1.055
-0.881 -11.741 -466.647 0.956
-40.161 -15.675 -331.560 1.029
-18.117 45.144 -399.100 1.010
47.639 -34.858 -416.509 0.816
-74.256 -72.210 -442.215 1.190
51.640 35.163 -310.542 1.080
-63.547 4.031 -411.139 0.949
17.914 -34.839 -334.425 1.095
50.786 -32.387 -336.402 1.341
-85.373 5.474 -464.500 1.008
55.877 94.351 -353.417 1.149
32.602 -49.074 -393.756 1.189
-3.495 -25.216 -470.869 1.100
-63.266 -54.100 -440.206 1.037
70.320 33.688 -459.001 0.947
-59.463 -81.735 -329.151 0.938
-19.255 -94.347 -402.513 0.849
-88.612 60.235 -384.805 0.954
-14.054 -79.910 -470.475 0.986
45.761 -91.395 -394.940 0.960
-56.708 -1.912 -404.072 1.007
43.746 37.422 -458.392 0.872
94.684 53.749 -347.803 1.022
-19.727 83.347 -435.655 0.925
57.944 -3.510 -420.396 1.069
93.283 96.620 -413.910 0.950
27.095 -86.534 -325.712 1.055
14.636 46.002 -370.962 1.047
-89.065 -53.524 -324.980 1.001
27.974 99.220 -394.552 0.928
79.799 45.831 -490.359 1.114
63.383 -43.986 -421.912 1.066
-54.978 4.300 -309.607 0.903
-13.537 72.437 -409.261 1.044
-11.760 86.857 -335.843 0.927
97.072 45.015 -491.754 0.856
12.585 -53.379 -408.691 1.019
34.615 -10.033 -402.741 1.073
85.724 -22.247 -415.973 1.143
97.552 66.917 -300.922 1.107
-3.301 -61.378 -323.555 0.937
15.988 21.846 -477.928 0.911
-10.638 63.575 -416.252 1.073
41.576 41.913 -464.625 1.013
-15.808 -10.017 -367.669 1.093
-54.947 -9.195 -460.149 1.012
-75.046 96.101 -416.428 0.965
71.090 63.623 -329.712 0.944
60.598 -40.158 -410.818 0.896
-13.821 -63.454 -479.170 1.095
-92.038 5.999 -433.958 0.927
73.297 -65.447 -323.501 0.971
7.973 63.255 -394.238 0.906
99.527 -28.024 -309.849 0.972
-3.099 68.174 -401.390 0.920
-73.345 4.132 -461.862 1.089
-1.514 85.986 -311.452 1.139
-27.932 39.829 -338.107 0.948
93.458 52.828 -374.363 0.949
-9.667 57.621 -310.289 0.989
23.491 54.998 -318.356 1.247
58.046 46.739 -415.444 0.933
6.444 -44.864 -340.783 0.937
5.069 34.628 -445.833 1.064
-17.660 72.232 -323.531 0.777
8.778 86.716 -446.757 0.936
56.645 -61.810 -311.832 0.981
79.126 71.581 -441.113 1.105
6.148 66.117 -422.238 1.075
-13.286 32.676 -333.121 0.991
-7.720 -41.450 -306.412 1.094
60.038 32.196 -378.274 0.967
28.725 -28.381 -344.839 1.051
-85.906 -76.192 -346.198 0.994
-61.685 -69.079 -481.609 0.925
95.540 -17.981 -453.849 1.114
36.812 96.315 -390.389 0.938
-24.366 -92.285 -325.259 0.962
-1.383 76.087 -419.111 1.010
-71.542 3.372 -334.738 1.060
16.505 42.142 -456.400 1.017
-32.625 -81.861 -445.007 1.045
-26.403 -52.889 -390.011 1.024
-53.456 70.155 -364.383 0.983
-80.451 25.950 -307.450 1.156
-27.368 8.825 -457.570 0.817
-6.612 97.649 -345.363 0.949
-21.766 -66.604 -330.572 0.923
-77.066 16.865 -347.929 1.012
-43.015 -17.699 -331.390 0.979
-76.856 -92.218 -311.630 1.141
-37.017 -3.063 -469.120 0.991
84.854 -67.799 -381.953 0.830
79.479 -75.637 -306.981 1.056
48.548 -74.252 -409.283 0.930
-55.661 43.331 -310.983 1.020
-54.248 98.111 -424.790 0.979
43.215 46.945 -442.104 1.091
-9.332 -83.554 -489.704 0.992
-42.510 37.216 -339.555 0.902
-18.261 -62.516 -321.017 0.916
-78.732 91.803 -438.931 1.042
-9.232 91.678 -441.536 0.862
-77.814 -4.039 -487.026 1.095
-21.494 -53.257 -451.341 1.071
-53.739 -44.318 -348.980 0.953
83.978 -97.745 -462.260 1.063
44.686 8.650 -453.882 1.213
-66.608 73.124 -466.745 0.860
80.788 -46.291 -416.488 0.996
-63.088 -99.001 -348.632 0.852
-52.779 90.642 -460.623 0.965
27.102 10.226 -314.616 1.058
20.772 94.977 -402.546 1.007
3.631 6.658 -326.400 1.041
19.858 -6.629 -496.177 1.141
-71.968 60.437 -494.153 0.977
0.229 25.045 -356.572 1.122
-12.597 1.579 -455.020 1.163
86.653 2.076 -460.915 1.147
2.328 42.787 -386.251 0.986
-65.004 -21.060 -476.969 1.054
-11.420 -5.283 -333.463 0.908
42.091 10.735 -445.307 1.191
-19.263 43.416 -365.350 1.163
-22.960 37.469 -320.895 1.036
45.783 -4.325 -325.312 0.935
75.822 0.803 -349.034 1.098
-84.505 33.152 -331.569 1.226
28.484 -17.134 -373.356 0.841
71.924 93.266 -441.987 1.063
30.384 91.399 -400.064 1.004
6.866 -43.560 -357.369 1.133
-68.027 -56.533 -455.662 0.930
-66.947 29.756 -313.996 0.948
47.424 11.988 -447.271 0.941
-20.006 0.122 -434.007 1.034
79.094 54.892 -496.352 0.921
23.463 82.816 -353.015 0.957
-80.318 -69.189 -495.085 0.749
-70.331 -26.734 -301.516 1.086
6.634 -66.964 -444.909 0.837
70.134 86.960 -457.969 0.953
84.617 18.988 -341.568 0.916
-69.038 -28.669 -337.421 1.024
-24.624 41.356 -331.954 1.075
-36.493 70.474 -375.255 1.062
-77.980 -94.354 -436.143 1.050
98.970 -11.011 -326.282 1.241
-52.067 -37.164 -319.889 1.005
-52.111 -86.525 -478.738 1.003
-70.308 98.553 -334.741 0.976
69.793 -77.032 -466.244 1.050
-47.953 33.081 -438.702 0.899
-5.837 -10.567 -429.696 0.898
-82.854 71.863 -325.650 0.865
-36.571 -2.144 -397.079 1.023
48.453 -75.835 -414.000 1.048
0.702 -86.695 -495.101 0.921
13.226 1.311 -331.827 1.029
-9.943 4.994 -382.165 0.990
-62.090 -78.508 -306.049 1.011
-95.559 21.380 -356.046 0.970
64.961 -95.737 -385.193 1.118
-93.809 -83.239 -413.694 1.065
17.588 -64.943 -499.623 0.819
56.624 97.928 -496.034 0.701
62.680 -1.309 -474.660 1.173
37.393 9.534 -376.366 0.983
98.757 -62.350 -372.152 1.219
2.763 -41.154 -443.891 1.019
18.522 61.571 -318.807 1.021
-61.495 -73.209 -466.388 0.927
-51.624 7.801 -441.138 1.031
-25.576 0.484 -339.784 1.118
-34.877 41.977 -365.319 1.084
-77.452 -41.071 -371.857 0.948
86.977 3.110 -477.893 1.010
78.141 -9.748 -374.743 0.858
50.470 28.134 -482.756 1.079
-90.726 43.922 -408.158 1.081
-66.158 91.418 -337.219 1.104
42.143 41.196 -445.203 1.101
20.251 -27.246 -379.597 1.172
-61.780 30.813 -330.923 0.897
-55.959 -40.137 -322.301 1.003
8.487 53.158 -379.806 1.013
-64.249 -19.890 -412.643 0.979
-99.197 -90.218 -305.708 0.925
-50.740 -85.538 -378.143 1.033
-64.133 31.643 -404.684 0.966
-28.128 42.857 -385.952 1.070
-63.889 96.249 -474.283 1.145
-31.635 63.248 -400.923 0.973
69.601 -9.243 -367.844 0.941
23.485 -38.214 -363.068 0.888
96.340 53.315 -331.554 1.052
-32.670 -53.885 -486.770 0.937
42.790 -35.354 -380.687 0.884
41.357 70.112 -394.849 1.020
32.619 -29.443 -415.415 1.202
44.240 1.195 -483.499 1.097
19.973 46.429 -447.011 1.014
9.581 -91.891 -322.008 0.834
18.622 22.787 -340.125 1.021
-79.446 -37.619 -442.613 0.900
-41.954 -75.925 -312.074 1.068
-73.936 -77.468 -368.517 1.092
-48.514 49.922 -381.147 1.003
81.400 -9.666 -375.265 0.916
-80.169 39.751 -475.891 1.071
-4.082 7.249 -391.106 0.939
47.311 -58.725 -478.036 0.911
52.974 -86.900 -459.911 0.977
59.481 -88.447 -485.829 1.079
59.612 -11.418 -432.618 0.801
8.021 -13.247 -460.036 1.077
46.290 -52.619 -393.301 0.934
89.630 -66.785 -487.550 1.085
-4.351 14.177 -475.556 1.072
-52.634 -58.393 -382.480 1.020
59.589 72.861 -344.740 1.148
54.376 -95.293 -392.682 1.029
-56.107 37.458 -396.740 1.122
31.052 -34.611 -425.768 1.013
-51.812 19.727 -323.756 0.997
-4.396 88.921 -386.894 1.094
-17.024 75.584 -377.463 1.002
-5.333 -58.844 -457.366 1.150
-89.019 77.295 -469.828 0.964
-73.004 -37.547 -377.072 0.933
-21.728 12.735 -378.889 1.059
5.514 -35.654 -421.068 0.965
0.494 9.242 -498.808 0.956
-63.329 37.369 -476.311 1.049
-12.613 -30.295 -383.709 1.098
64.179 67.258 -478.279 0.882
7.980 51.221 -478.321 0.920
-12.087 18.464 -381.583 0.923
-26.708 -94.108 -452.026 1.173
-36.384 -16.578 -369.195 1.064
-96.579 66.788 -345.654 1.013
96.434 99.829 -462.773 0.872
18.383 25.364 -414.691 0.761
-71.558 -33.586 -496.373 1.060
-19.655 -43.797 -466.554 0.937
-27.245 -62.905 -416.160 1.131
-80.258 6.989 -368.968 0.852
52.029 8.129 -495.573 1.061
75.279 66.806 -325.304 0.891
55.434 63.860 -456.719 1.146
46.761 79.394 -432.826 0.897
-81.270 -55.977 -410.010 0.897
-25.919 -2.990 -418.862 1.031
64.559 3.735 -340.982 0.719
-97.540 -55.304 -457.665 1.030
71.984 -73.330 -453.389 1.132
86.515 82.602 -452.193 1.051
-12.123 -71.181 -336.208 0.927
14.886 16.188 -384.610 0.932
-77.188 9.365 -348.948 1.062
89.124 78.700 -458.344 1.053
-91.069 -3.424 -467.179 0.921
-92.079 -81.701 -332.855 0.843
31.133 -54.167 -364.891 1.047
-44.467 81.650 -340.770 0.971
43.158 15.576 -307.344 1.158
-27.971 21.977 -410.581 1.083
31.394 62.888 -459.781 1.203
79.401 -35.780 -355.300 1.139
-85.995 3.655 -383.018 0.809
31.597 47.378 -412.541 1.008
-14.808 37.828 -318.539 0.944
4.240 22.582 -333.223 0.949
78.846 72.665 -393.530 0.927
8.684 -56.149 -330.383 1.055
13.328 -61.603 -334.534 1.086
88.649 84.243 -375.077 1.173
28.410 -43.165 -452.539 1.230
9.184 -18.798 -368.495 1.081
-4.739 94.525 -377.907 1.171
-50.278 -60.949 -326.493 0.831
31.211 3.752 -450.584 1.154
91.461 -44.580 -467.695 0.925
91.069 -55.183 -372.278 1.154
60.390 55.393 -309.082 0.981
-44.521 98.443 -456.030 1.010
-95.983 60.955 -378.714 1.106
-30.512 55.065 -301.188 1.036
-81.933 -72.307 -389.834 0.911
-56.763 -76.107 -310.940 1.045
-29.253 -18.856 -448.689 0.890
63.867 -4.440 -438.396 0.961
-81.670 -4.340 -301.445 1.093
-33.752 -32.926 -408.218 0.971
92.200 -25.218 -377.799 1.109
-43.846 67.493 -467.631 0.941
-78.997 36.756 -354.423 1.017
92.699 -59.896 -396.989 0.996
78.316 -37.758 -405.927 1.180
-0.230 22.580 -358.812 1.151
31.273 -73.736 -397.963 1.237
-82.930 -40.535 -439.482 0.884
27.658 79.802 -442.261 1.044
-54.663 53.442 -424.249 1.096
58.372 59.517 -442.979 1.107
8.746 87.825 -467.253 1.018
79.290 -86.883 -381.717 1.043
-80.717 52.673 -335.151 1.081
-6.211 89.842 -461.505 1.008
47.531 -98.623 -496.429 1.154
20.292 86.033 -333.322 0.968
-16.694 89.797 -425.615 0.972
83.368 52.564 -304.820 0.947
94.041 61.080 -329.170 1.137
71.989 16.375 -451.381 1.017
17.057 61.178 -377.361 1.018
-69.388 -93.057 -478.228 0.962
-16.930 -5.542 -324.336 1.248
-47.820 -77.193 -307.067 1.133
67.252 32.020 -344.179 0.826
16.819 75.089 -301.789 0.952
51.309 -42.173 -388.834 1.024
1.090 -81.926 -431.803 0.974
26.248 26.542 -379.759 0.923
83.120 67.831 -328.494 0.958
-45.255 37.208 -442.970 1.047
39.570 -66.816 -457.509 1.021
36.026 19.998 -309.665 0.973
83.664 -35.913 -409.809 1.099
9.537 39.117 -457.818 1.003
-69.282 -15.699 -457.688 0.957
24.359 97.635 -358.553 1.114
-16.123 -21.100 -343.546 0.933
-97.982 -75.493 -416.839 1.020
41.580 -61.551 -401.355 0.980
-61.237 79.217 -444.395 0.938
-12.293 36.720 -347.939 0.977
-97.606 60.859 -391.219 0.941
4.602 -88.616 -471.885 0.856
-0.873 34.449 -378.449 0.940
76.048 -60.570 -498.971 1.062
-97.169 52.712 -312.239 1.160
-99.166 50.653 -481.164 1.000
-21.634 98.680 -455.124 0.894
-34.007 90.531 -441.547 0.992
70.446 78.661 -417.413 0.956
-59.369 -91.054 -365.921 1.133
13.850 58.324 -478.057 1.055
88.099 -62.739 -450.908 0.952
28.543 -24.824 -373.892 1.059
-20.362 13.021 -463.689 1.064
48.948 81.523 -390.506 0.909
-50.578 79.094 -316.290 1.128
-86.473 -51.993 -334.720 1.050
-44.212 37.324 -323.988 1.171
50.619 15.449 -465.039 1.029
23.628 97.580 -497.246 0.927
53.143 -83.341 -324.416 1.105
45.553 3.981 -474.047 1.109
89.320 -21.676 -474.063 1.003
-82.579 22.748 -420.703 0.965
72.677 48.232 -351.460 1.056
87.974 -69.396 -499.723 1.055
33.337 94.049 -362.624 0.902
29.141 -56.126 -490.715 1.091
-5.784 -17.248 -391.122 0.979
-8.393 53.637 -350.560 0.944
58.909 32.952 -335.250 0.947
-55.078 60.908 -381.307 1.170
-11.873 -60.557 -453.618 1.084
24.505 51.068 -311.709 1.118
-48.590 -44.652 -334.650 0.998
-44.137 6.125 -449.864 0.896
-82.420 -40.650 -325.111 1.079
70.355 -57.974 -405.809 1.094
51.184 -47.059 -450.482 0.977
-8.990 -3.398 -377.484 0.828
-35.907 83.056 -442.935 0.847
-91.159 17.532 -410.862 1.091
3.885 68.493 -357.324 0.960
60.367 -1.895 -445.191 0.906
84.010 -60.730 -395.738 1.089
81.164 -81.006 -453.606 0.977
-56.087 22.778 -395.546 0.975
61.070 62.671 -449.800 1.127
12.191 -4.539 -323.257 1.073
23.396 22.925 -324.553 0.907
32.303 20.472 -487.691 0.861
-5.907 -61.773 -431.511 1.021
43.004 35.940 -371.021 1.014
-49.089 -9.000 -438.484 1.124
57.039 -90.291 -352.502 0.932
97.482 -85.430 -377.271 1.009
74.234 -36.186 -387.961 0.906
-66.495 -75.118 -379.521 1.032
34.008 -56.976 -401.394 0.926
-86.030 18.616 -313.580 0.889
94.759 3.884 -365.175 1.037
85.808 3.794 -498.994 1.112
72.563 88.189 -305.732 1.060
61.994 69.320 -408.478 1.138
-31.690 -96.594 -301.325 1.038
-59.506 -15.642 -301.959 1.194
-91.081 -63.936 -439.603 1.005
-0.358 -13.742 -469.224 1.070
8.627 -73.441 -366.828 1.061
45.913 -64.727 -344.525 0.768
8.941 -69.895 -329.612 0.986
78.257 -89.983 -358.014 1.004
15.674 -17.634 -328.383 0.966
-41.116 -11.028 -353.797 0.950
60.091 -51.910 -370.043 1.062
-69.085 13.332 -375.632 0.934
63.935 -69.508 -356.358 0.879
-5.208 37.407 -455.940 0.936
78.205 -53.612 -407.692 0.881
58.656 -94.322 -404.364 0.903
-43.138 37.045 -364.151 0.885
74.821 24.112 -320.366 1.110
76.465 -81.523 -301.311 1.028
-2.294 -28.659 -416.631 1.102
-81.368 -13.377 -489.457 0.886
91.477 -30.916 -375.617 0.952
8.183 -37.808 -409.513 1.186
49.993 80.651 -407.287 0.957
-73.981 -7.631 -382.404 0.961
-31.836 39.461 -481.057 0.975
-12.237 -2.788 -358.778 1.259
26.452 -76.345 -352.616 0.908
-20.331 70.785 -493.482 0.973
69.153 -65.233 -316.749 1.000
-77.487 53.339 -465.915 0.956
58.025 18.209 -404.465 0.960
-14.395 -82.289 -480.082 0.751
27.249 77.667 -412.763 1.004
-87.111 10.576 -390.311 1.153
34.645 99.007 -378.314 0.946
-33.124 30.607 -324.244 0.850
62.062 -51.057 -343.584 0.944
11.412 4.277 -421.677 1.066
5.512 75.916 -388.998 1.176
-56.392 67.491 -353.250 0.871
70.214 58.424 -435.781 0.978
-89.776 -42.389 -372.108 0.982
-40.454 -7.459 -396.726 0.866
-4.896 17.943 -480.073 1.059
-99.018 90.225 -470.514 1.055
55.350 -62.657 -309.821 0.963
-45.515 71.416 -325.350 1.039
-71.038 -87.502 -482.965 0.945
-63.628 -62.273 -468.897 1.017
-84.719 9.358 -467.602 0.998
-68.997 -15.865 -475.265 0.972
32.885 -36.465 -356.924 0.913
82.580 -23.872 -396.243 0.961
83.479 44.852 -457.825 0.957
-65.287 -53.375 -478.769 0.991
-44.506 -66.634 -312.225 1.057
91.375 4.311 -436.738 1.051
53.133 -14.764 -312.973 0.688
-72.562 61.056 -327.654 0.909
26.241 98.830 -479.878 0.858
45.474 79.085 -440.193 1.056
95.363 -39.557 -458.153 1.017
68.048 34.846 -354.849 0.864
-68.839 -68.652 -382.718 1.002
78.781 -70.241 -373.191 0.953
-49.156 15.340 -475.083 0.948
-88.496 19.066 -314.819 0.915
-21.655 35.161 -308.318 1.046
-23.119 14.833 -357.015 0.872
-88.818 -67.133 -397.961 1.042
42.951 1.505 -458.092 0.949
-41.876 65.175 -388.777 1.074
-3.438 -30.760 -488.509 1.194
73.681 36.549 -316.663 1.213
64.636 71.491 -379.127 0.982
28.345 77.100 -310.939 1.204
-31.475 2.760 -329.088 1.067
-89.177 33.396 -447.319 0.912
76.784 36.040 -463.355 1.162
6.514 -26.471 -332.437 0.798
-55.235 41.239 -490.623 0.868
-31.851 52.259 -321.166 0.910
-41.270 45.578 -344.179 0.987
36.610 -92.000 -310.646 0.848
0.820 -17.008 -358.945 1.069
86.797 -93.482 -333.058 0.986
-87.796 -84.098 -324.274 0.978
-46.770 88.286 -307.712 0.811
54.202 74.942 -314.603 1.136
-7.175 -78.790 -453.166 1.004
-78.309 -19.177 -381.906 0.987
-92.230 -21.473 -438.528 1.063
-24.881 74.495 -491.536 0.881
36.979 0.137 -433.831 0.895
-6.573 -64.187 -333.821 0.862
-39.196 -18.079 -360.316 0.937
-88.296 -92.263 -416.671 1.024
-64.053 34.784 -450.743 1.110
7.378 76.568 -496.404 0.938
-44.223 86.877 -368.860 0.946
-18.859 -52.264 -385.071 1.067
36.234 -13.022 -307.406 1.074
6.308 -64.650 -375.234 0.995
-23.840 -22.211 -339.281 0.845
86.164 78.296 -476.634 1.140
-77.013 -97.923 -326.481 0.926
86.760 87.459 -337.909 0.949
8.782 -90.108 -348.132 1.121
-92.165 62.372 -311.568 1.019
-53.957 -98.193 -467.474 0.954
-21.426 83.141 -396.816 1.134
72.297 -18.714 -339.417 1.028
58.268 32.959 -408.201 1.016
40.479 29.596 -387.672 0.989
-20.800 -44.383 -335.930 0.971
68.997 84.790 -359.536 1.126
-93.194 -56.069 -313.571 1.021
69.952 20.075 -495.940 0.799
68.222 -93.400 -318.582 0.995
39.088 97.263 -422.184 1.132
-94.273 11.376 -444.913 1.105
61.821 53.171 -488.159 1.093
-34.243 -20.031 -361.870 0.951
-71.961 -91.375 -392.675 0.911
66.160 99.874 -473.334 1.216
28.938 82.825 -404.101 0.862
-35.914 19.341 -464.842 1.161
62.199 10.645 -468.733 1.089
16.206 60.220 -381.529 0.941
-94.985 -36.321 -426.124 0.883
-42.932 34.591 -497.862 0.936
-74.975 54.890 -440.773 1.059
-20.689 40.000 -315.581 1.076
79.185 81.715 -354.068 1.066
39.197 39.775 -430.997 0.991
-58.221 83.841 -461.630 1.096
85.554 81.105 -356.509 0.927
-9.188 1.693 -338.189 0.898
-49.844 93.788 -366.671 0.944
-57.065 43.966 -387.541 0.949
95.517 20.378 -483.649 1.019
-22.797 16.373 -481.816 0.871
27.635 76.844 -355.635 0.966
4.255 -2.404 -310.591 1.016
-11.798 44.380 -364.081 0.958
-34.022 -99.966 -456.549 1.069
35.701 -3.174 -450.994 1.002
-35.711 -87.195 -474.445 1.054
-32.113 39.158 -489.966 1.050
-4.197 -20.079 -309.229 0.922
-12.172 -95.953 -414.794 1.136
-5.104 76.274 -380.074 0.943
14.085 -81.776 -455.703 1.182
-29.915 -88.049 -412.655 0.967
11.769 84.906 -320.157 1.082
-19.759 68.135 -357.116 1.065
17.908 40.549 -318.595 1.006
43.003 -1.890 -498.866 1.163
82.120 92.127 -354.704 1.065
89.952 70.952 -451.705 0.903
-28.140 44.978 -467.476 0.894
-16.046 14.006 -411.512 0.998
28.389 -97.272 -382.357 0.989
-87.244 72.204 -453.173 0.882
97.431 29.616 -429.233 0.936
-49.988 -4.376 -426.061 1.010
85.328 -50.112 -321.327 0.882
-68.155 41.817 -303.059 1.208
-33.692 53.476 -458.882 0.856
57.308 98.748 -387.250 0.995
-75.430 -41.176 -369.413 0.968
46.366 99.494 -463.728 0.930
-45.227 7.262 -428.872 0.921
64.298 17.913 -376.356 1.103
70.211 -48.477 -337.462 0.961
-52.173 -26.103 -435.308 1.012
-46.367 39.451 -443.416 1.063
35.725 -23.287 -487.608 0.899
92.372 90.569 -420.577 1.110
-54.033 65.843 -439.735 1.096
-53.663 73.975 -403.898 1.025
2.208 -76.283 -433.146 0.800
53.438 -44.856 -422.202 1.049
94.674 61.293 -423.253 0.942
-95.673 -50.780 -473.355 0.897
-94.652 -73.944 -398.613 1.041
-68.150 -15.388 -467.873 0.966
8.306 73.039 -389.250 0.921
60.377 65.115 -459.255 1.001
-61.372 -13.673 -449.943 0.994
-85.054 32.228 -300.042 1.089
-94.115 -78.800 -398.317 1.024
-16.080 81.994 -301.665 0.955
73.875 -92.050 -417.671 0.927
91.832 19.637 -467.913 0.740
79.525 -0.455 -352.477 1.062
57.023 -38.096 -482.753 0.972
-6.699 49.542 -427.205 1.080
-87.989 -0.385 -483.594 0.996
37.038 61.146 -498.386 1.071
27.533 -64.383 -467.680 1.075
-77.967 -35.272 -435.980 1.019
-69.292 -25.905 -418.949 0.953
-86.554 -5.918 -450.447 0.951
4.160 63.243 -485.339 1.031
-11.479 46.808 -474.314 1.223
-98.228 -75.390 -458.203 0.955
61.812 -7.934 -452.062 1.000
-38.634 70.642 -476.155 0.903
70.897 40.549 -351.918 0.886
83.435 42.593 -329.742 1.108
40.089 34.074 -371.372 1.068
56.811 -80.948 -352.015 1.195
-43.545 -50.997 -339.524 1.164
-40.958 39.387 -324.587 1.097
-13.834 -48.854 -309.980 0.980
46.152 -98.424 -301.711 1.087
-75.672 43.260 -335.700 1.012
15.714 -66.916 -329.615 0.937
-13.839 93.121 -474.603 0.892
-7.601 49.761 -406.936 1.040
-64.365 63.386 -400.697 1.038
-75.035 -48.524 -325.623 0.996
-27.109 -31.483 -380.519 0.913
55.179 -71.319 -471.598 0.952
70.307 -16.292 -454.953 1.134
44.383 -81.292 -475.412 1.042
15.402 -72.837 -343.067 1.016
-1.558 78.874 -442.951 0.803
-93.551 31.764 -370.237 0.867
-70.530 55.005 -488.171 0.944
94.008 59.810 -445.384 0.957
-65.214 -60.012 -441.296 1.024
26.656 -40.679 -303.906 0.978
-90.749 -23.203 -379.132 0.912
67.870 10.037 -378.273 0.946
-27.451 -96.426 -482.687 0.909
-58.417 44.953 -459.267 1.013
86.283 7.374 -349.475 1.008
92.249 89.901 -374.919 1.052
5.595 -0.620 -314.210 0.973
35.353 -31.131 -484.538 0.819
-12.163 -32.927 -395.621 0.926
77.165 -77.299 -402.257 1.033
-31.789 -98.052 -431.448 0.889
-17.160 82.066 -340.286 1.065
39.268 90.606 -368.818 1.004
-77.704 35.233 -418.410 1.049
86.904 84.482 -494.978 0.851
89.842 60.527 -423.005 1.081
97.877 -1.569 -494.431 0.914
-88.444 -4.618 -334.875 0.998
-49.195 -14.645 -317.543 0.881
-42.725 62.246 -305.805 1.097
-14.962 47.885 -415.137 1.171
76.206 5.200 -352.795 0.917
58.272 -25.464 -407.887 1.160
32.302 31.557 -448.294 0.941
-62.418 38.751 -414.708 1.183
-1.753 -14.587 -437.543 0.764
-83.092 -86.673 -455.395 0.763
-64.570 -69.811 -357.949 0.934
93.107 1.494 -425.401 0.941
-94.966 53.536 -352.821 0.955
20.618 -85.637 -475.930 0.816
84.018 6.350 -482.458 1.074
-84.403 -40.381 -309.516 0.985
-45.082 -28.583 -328.976 0.859
-53.050 -97.124 -377.176 0.848
-44.071 35.608 -333.892 0.971
69.680 -48.567 -379.393 1.022
44.129 -35.012 -328.258 0.811
-6.131 -80.551 -379.921 1.026
56.931 11.461 -362.068 0.797
38.093 1.609 -453.408 0.930
-82.907 43.080 -394.284 1.017
4.260 9.383 -447.365 0.964
27.176 -99.834 -497.075 0.932
-75.547 -82.830 -303.585 0.808
-50.389 -44.477 -497.385 0.921
-18.819 89.322 -466.243 0.941
