-78.459 9.702 -477.149 0.802
4.262 -81.111 -474.619 0.945
-9.766 49.547 -370.103 0.942
-95.995 -4.230 -318.228 0.978
42.775 40.110 -400.225 1.054
41.973 16.436 -369.202 0.960
46.648 91.578 -343.698 0.949
-31.334 -72.334 -368.490 0.861
41.406 -53.258 -405.118 0.948
16.440 40.800 -453.926 0.818
23.666 -46.859 -476.619 1.037
-99.215 -71.340 -394.666 0.932
-1.079 -44.513 -466.066 1.015
-99.923 84.857 -334.999 0.971
17.606 -75.244 -421.810 1.031
-24.403 -10.643 -498.119 0.936
-26.344 89.654 -318.126 0.926
-95.447 26.023 -352.723 1.014
63.700 0.882 -355.422 0.938
-43.429 -58.231 -355.993 0.939
-94.356 43.945 -309.932 0.986
-8.756 94.490 -366.793 1.000
97.179 -28.518 -320.140 0.978
13.913 47.864 -421.814 0.947
-4.864 52.273 -447.207 0.898
38.838 -3.587 -327.784 1.093
-83.640 -82.865 -434.100 0.995
-25.921 2.789 -368.347 1.005
75.832 67.418 -348.344 1.019
-75.821 9.633 -492.090 0.836
-2.782 82.694 -376.397 0.917
-87.351 -27.455 -397.095 0.932
-81.741 94.453 -337.455 0.963
-47.038 -74.622 -481.913 1.047
34.302 -15.297 -451.849 1.007
52.132 -56.873 -446.181 0.760
41.399 -85.774 -363.891 1.037
-4.749 2.441 -404.306 0.781
71.635 -59.400 -337.783 1.055
-47.755 -73.568 -348.918 1.130
-57.578 -43.410 -383.691 1.059
15.112 -25.868 -403.276 0.991
-16.829 -10.979 -421.366 0.991
67.824 52.542 -326.105 1.136
-3.732 20.617 -424.061 0.917
79.162 47.171 -458.224 1.064
-34.120 32.982 -390.707 0.815
26.963 -59.530 -325.506 0.967
-32.000 -12.178 -310.112 1.141
-74.438 -4.161 -481.231 0.957
17.325 99.565 -391.294 1.165
73.542 6.639 -338.489 0.965
-85.814 -71.020 -401.555 0.816
-31.564 -53.003 -376.177 0.986
-86.716 99.117 -359.592 0.741
75.205 -21.695 -347.631 0.997
84.662 -63.217 -398.684 0.799
98.706 14.630 -327.642 0.989
-76.776 -86.341 -488.574 0.989
-77.496 -63.478 -480.808 0.911
24.895 46.493 -351.689 1.135
45.491 58.097 -392.053 0.927
-26.994 -65.839 -428.128 1.021
-72.221 -18.680 -342.693 1.017
32.159 -59.225 -401.393 0.948
-61.436 -56.790 -436.127 1.021
-17.430 -78.428 -462.832 0.925
75.316 -33.319 -332.303 1.018
-90.912 -18.466 -401.960 1.028
34.645 71.870 -494.637 0.874
-60.449 14.169 -354.282 0.978
-52.383 -18.072 -414.732 1.029
-61.770 94.666 -419.602 0.914
-2.085 -22.990 -498.712 1.074
-80.144 90.972 -438.414 0.760
53.706 58.080 -326.549 0.981
-5.967 -81.990 -475.255 0.958
-26.042 -54.801 -372.548 0.942
-41.825 -55.245 -302.693 0.903
-78.862 92.295 -421.221 1.192
85.253 -62.025 -395.504 0.915
92.881 -56.273 -358.868 1.117
79.331 79.351 -495.120 1.024
51.186 -55.026 -344.294 1.008
-17.523 74.632 -464.125 1.107
58.246 57.153 -338.056 1.020
57.776 24.527 -489.428 1.056
7.505 71.888 -461.615 0.951
77.234 64.927 -392.902 1.096
-53.997 16.354 -470.167 0.720
49.696 -43.308 -379.837 1.071
-78.401 57.868 -445.766 0.871
31.781 7.263 -328.232 0.901
-14.047 87.146 -302.621 0.992
6.615 89.079 -447.184 0.948
48.946 65.250 -351.301 0.978
-70.673 -4.441 -438.910 1.065
-41.735 57.997 -430.792 0.914
47.633 62.287 -409.437 0.917
-47.116 -75.016 -326.532 0.975
74.368 86.729 -405.403 1.105
-25.491 72.961 -372.134 1.007
60.844 -95.095 -362.055 1.286
-67.758 88.559 -451.252 1.037
-24.907 -83.656 -457.258 1.027
-99.504 52.444 -307.193 1.061
87.434 -18.542 -336.585 1.075
-7.843 -30.547 -347.511 1.025
6.562 -17.012 -343.494 0.985
42.804 -64.108 -448.241 1.014
-75.506 -68.830 -397.207 1.035
-36.258 32.273 -449.916 1.089
-85.246 25.744 -406.480 1.030
-45.089 48.010 -420.827 1.105
-26.369 -39.415 -360.593 1.021
89.004 -17.225 -404.901 1.009
90.994 0.632 -341.277 0.882
46.071 -43.775 -371.538 1.002
5.369 19.108 -390.243 1.044
-80.011 -73.776 -410.071 1.023
-17.331 15.893 -438.385 0.954
-95.847 -22.960 -335.411 1.058
-67.637 -67.439 -425.556 1.033
-92.492 16.447 -305.374 1.116
94.374 89.361 -368.225 0.998
35.594 56.851 -363.805 1.162
63.775 -53.917 -456.103 1.049
-98.614 -67.075 -356.559 1.026
54.293 53.221 -497.216 0.929
5.394 85.141 -341.988 0.952
-7.222 99.714 -338.166 1.113
-53.911 65.513 -466.904 1.132
-14.459 -21.018 -466.084 1.195
-15.713 74.777 -356.016 0.963
93.386 42.678 -399.844 0.755
-87.849 -15.196 -434.295 1.222
-54.770 -78.514 -421.084 1.142
-34.513 -35.974 -440.315 0.965
-2.285 18.537 -370.886 0.860
-75.236 -34.740 -437.921 0.982
-54.312 -98.443 -316.819 1.105
-81.644 -64.794 -410.562 0.822
-88.010 -76.598 -335.407 0.985
-61.865 86.811 -458.250 0.827
67.960 -86.743 -371.880 1.023
-25.018 -30.952 -490.705 0.940
90.052 30.611 -397.719 0.928
-35.772 44.305 -384.013 0.873
69.072 81.032 -378.154 0.998
53.529 -38.287 -387.105 0.833
-24.379 -34.055 -415.236 1.091
-90.748 -71.833 -432.483 0.840
-44.014 14.691 -381.420 0.934
86.588 -0.585 -337.836 1.067
-94.251 17.736 -426.471 1.000
61.262 34.720 -360.136 1.045
49.684 -10.114 -397.201 1.047
19.999 -0.524 -347.385 0.825
-12.983 -36.067 -452.249 1.079
-19.235 52.770 -485.529 0.785
48.603 -29.836 -385.652 0.939
-92.300 89.631 -385.899 0.818
-98.844 -11.064 -432.856 1.113
23.145 51.617 -388.289 1.033
76.977 -60.509 -347.352 0.976
16.853 34.135 -462.662 1.132
15.729 -33.963 -405.947 1.020
5.866 54.713 -485.874 1.167
35.500 -96.344 -313.648 0.898
88.180 -27.737 -330.670 1.116
89.261 -65.722 -427.326 1.084
38.615 -12.901 -314.605 0.789
25.299 -78.081 -365.327 0.994
66.147 -61.270 -429.044 0.985
-78.187 -33.251 -363.849 1.042
-2.093 8.471 -317.591 1.128
-63.061 98.221 -387.835 0.984
-50.051 -33.125 -425.729 1.014
72.050 -81.679 -496.000 0.988
-8.025 1.204 -499.627 0.971
-37.842 -26.472 -462.019 0.999
10.264 -70.296 -343.526 1.168
-79.395 -71.508 -313.491 1.105
50.745 -58.739 -391.666 1.011
-27.036 -10.610 -398.917 0.961
40.540 -36.530 -482.192 0.999
-66.007 -94.562 -438.949 0.871
79.117 84.703 -318.594 0.941
-51.503 -4.010 -360.977 1.161
8.497 -33.297 -376.593 0.960
74.503 -67.474 -384.457 0.964
-8.393 -30.439 -474.078 0.971
48.252 -96.007 -325.552 0.903
98.122 -33.311 -313.909 1.277
-70.039 -34.982 -407.596 0.906
-59.301 25.432 -331.587 0.937
-10.883 -34.159 -336.485 1.017
69.702 -76.966 -306.811 0.920
33.419 95.702 -352.395 0.834
-5.658 48.638 -363.356 0.923
-69.019 -4.048 -406.715 0.982
-31.531 -71.360 -432.490 1.090
3.208 -92.553 -417.854 1.001
50.302 -90.596 -386.422 1.002
38.537 55.738 -419.617 1.239
-46.734 -44.367 -477.883 0.694
91.218 -30.558 -373.319 0.939
71.897 -38.277 -380.313 1.011
-93.870 -35.082 -452.216 1.022
46.068 -45.181 -306.777 0.942
76.445 93.718 -448.240 0.950
94.451 -81.168 -383.565 0.997
20.159 10.962 -409.891 1.200
7.505 -92.016 -319.878 1.026
-40.598 62.651 -418.917 1.093
-36.721 -33.272 -354.583 1.027
-5.544 -37.820 -483.224 1.033
-29.837 -41.670 -326.272 1.174
-74.996 51.588 -468.781 1.067
-87.497 74.602 -378.497 1.044
3.510 -19.346 -487.916 0.979
78.443 82.398 -397.058 1.055
34.630 75.383 -375.750 0.886
-37.464 11.529 -476.224 1.196
-69.546 -65.832 -486.532 1.035
0.389 -83.331 -490.115 0.993
-51.519 75.994 -413.816 0.927
61.576 92.652 -348.063 1.026
-44.657 45.386 -374.027 1.135
53.083 43.151 -307.506 1.108
-81.394 -57.165 -422.508 0.896
54.924 -55.697 -310.324 1.070
-10.950 73.110 -448.756 0.978
-37.778 37.606 -491.583 0.905
89.585 -20.185 -402.722 0.971
-18.741 59.607 -308.390 0.723
-67.315 -27.402 -328.432 1.082
53.566 -16.386 -360.674 0.973
17.669 88.151 -467.014 0.922
-20.122 -9.672 -428.253 0.982
-81.846 2.898 -414.824 0.932
-94.967 87.816 -440.174 1.089
63.044 89.473 -492.309 0.956
-89.582 41.577 -337.055 1.020
18.661 52.986 -450.030 0.999
86.690 -93.764 -467.254 1.097
-84.602 28.747 -318.168 1.048
-44.631 72.194 -458.166 0.882
38.199 -95.443 -314.087 0.880
11.303 -80.753 -328.348 1.005
-54.068 83.958 -485.293 0.883
18.552 -54.017 -423.788 1.092
-66.781 -98.035 -300.943 1.005
65.579 87.690 -456.330 1.088
-27.181 -85.036 -323.094 0.913
18.823 -27.264 -445.484 0.900
61.843 75.656 -436.001 1.051
-96.863 15.524 -450.717 1.075
24.087 14.532 -443.807 1.075
78.397 -68.206 -388.491 0.925
-89.022 48.338 -305.767 0.926
-15.891 -87.829 -483.818 1.109
-68.080 -98.110 -430.037 0.988
53.498 57.362 -436.553 0.915
86.814 73.608 -462.603 0.728
-37.858 -16.451 -324.261 1.087
-43.980 97.672 -343.783 1.125
35.462 66.934 -467.898 1.119
53.621 75.435 -352.182 0.868
-18.549 10.356 -416.041 1.002
-61.414 -66.547 -314.571 1.069
2.499 -13.659 -324.730 0.951
-28.300 -65.365 -447.539 1.196
20.465 -27.985 -418.084 1.071
-77.420 46.419 -350.523 0.977
34.271 63.405 -307.978 1.003
81.539 -42.508 -405.422 0.976
33.797 -14.784 -371.378 1.057
-78.790 22.253 -320.472 1.119
40.195 -42.668 -439.862 0.787
88.414 -10.898 -370.901 0.900
-6.473 -69.303 -364.662 0.916
-86.594 -90.189 -338.018 0.878
16.770 95.365 -350.648 1.024
79.212 -36.003 -453.256 0.970
10.747 28.455 -312.123 0.985
-8.184 84.171 -498.127 1.027
-39.001 -9.693 -383.279 1.126
40.776 92.681 -337.840 1.055
94.181 -10.255 -359.343 0.953
-95.006 69.095 -430.139 1.094
-0.587 -9.983 -325.400 1.068
54.124 -23.206 -300.894 1.025
-74.648 78.003 -457.575 1.103
-38.430 14.428 -333.086 1.136
83.795 -26.654 -483.804 1.031
-54.237 40.646 -410.877 0.937
-81.554 79.134 -333.960 1.008
-44.326 30.411 -408.781 0.946
55.721 -95.794 -483.470 1.057
-31.959 69.100 -383.585 1.142
-20.622 94.127 -439.187 0.978
-58.155 21.033 -311.724 0.889
-31.645 16.543 -449.740 0.981
-38.650 0.262 -447.209 0.896
-63.875 94.284 -303.756 0.961
92.759 -94.651 -404.799 1.107
58.570 92.115 -327.206 1.133
30.693 -22.499 -330.381 1.008
-85.270 -90.123 -451.054 0.881
4.315 -69.854 -486.550 0.998
87.941 79.741 -306.606 0.940
54.636 23.637 -489.305 1.038
-12.538 -81.520 -496.148 1.015
-27.199 85.421 -308.323 1.045
28.784 56.237 -356.865 1.001
-0.251 -93.704 -357.502 1.010
-67.910 -79.051 -482.104 1.052
70.456 -21.393 -477.297 0.932
-24.836 31.492 -432.001 0.882
-83.225 71.669 -484.166 0.828
-71.052 -13.273 -411.191 0.984
84.664 38.644 -335.931 1.016
-81.392 -87.496 -382.722 1.194
32.793 85.170 -396.777 1.065
15.978 -13.365 -328.387 1.057
-80.496 -3.591 -431.514 1.014
18.667 -10.107 -405.381 1.245
-95.019 -28.727 -305.130 0.846
46.446 31.104 -436.085 1.120
80.431 42.208 -458.991 1.029
-28.241 91.124 -343.914 0.801
34.810 -11.493 -323.923 1.144
-85.590 -98.436 -476.535 1.005
-49.758 -83.821 -385.243 0.961
-40.335 -98.763 -444.793 0.944
-92.805 -95.427 -370.371 1.101
18.640 -54.834 -495.439 1.059
34.254 -3.994 -386.019 0.981
43.902 -27.182 -467.997 0.987
-97.750 -85.313 -453.273 1.184
-40.036 9.296 -396.951 1.109
78.973 70.933 -309.754 1.129
91.892 47.084 -497.846 0.905
33.235 -69.077 -489.610 1.124
9.846 75.014 -312.293 1.020
-26.110 -69.022 -343.165 0.873
85.126 44.102 -454.914 0.996
50.439 11.767 -423.986 1.004
31.599 -88.814 -474.616 1.036
95.964 59.912 -303.701 1.186
17.074 75.315 -357.323 1.082
-38.315 -82.283 -350.920 1.152
-16.470 82.521 -449.869 0.987
47.492 54.109 -481.437 1.286
24.287 -90.059 -459.667 1.033
-75.789 -28.605 -484.103 1.136
66.538 63.446 -371.657 1.000
4.934 -81.312 -399.745 1.092
41.842 -30.074 -334.859 0.853
-93.618 -60.722 -469.573 0.957
27.311 -12.254 -329.665 0.904
-67.559 -10.710 -333.343 0.918
47.139 -97.785 -472.032 1.020
49.040 -53.141 -380.789 1.038
-98.124 88.976 -389.490 1.156
10.992 -51.594 -307.062 1.125
34.543 -75.302 -473.772 0.987
-54.326 -35.364 -327.431 0.990
-76.775 45.750 -487.145 0.879
25.923 14.437 -304.768 0.897
5.575 -22.685 -408.756 1.063
-13.000 47.133 -472.142 0.930
21.769 79.808 -330.158 0.933
-28.897 43.119 -368.647 1.069
87.672 36.458 -496.236 0.881
-81.311 35.953 -421.770 1.130
58.471 73.099 -309.409 0.960
-14.021 -86.097 -438.611 0.902
66.858 89.699 -340.789 1.044
91.291 -81.827 -392.478 1.145
-0.820 -63.161 -396.181 0.841
40.714 36.406 -359.110 1.119
14.715 -33.150 -330.087 0.995
-7.234 -39.010 -342.345 1.118
-42.089 45.836 -362.725 1.048
76.371 -35.507 -457.352 0.824
-12.512 40.104 -402.566 0.898
-97.056 75.629 -416.246 0.943
68.803 -33.605 -378.450 0.950
-80.321 -90.282 -496.470 0.934
25.230 -45.691 -425.748 1.020
-54.467 57.805 -453.487 1.037
41.889 -16.187 -306.731 1.110
-16.424 -87.006 -468.148 1.148
50.611 -57.289 -401.904 1.065
-39.726 -44.170 -482.334 1.154
-39.528 82.573 -423.787 0.816
30.432 18.289 -444.409 1.015
-8.815 -49.308 -467.868 0.864
-26.214 55.788 -339.815 0.983
-95.401 73.066 -413.099 1.020
-83.501 17.851 -479.706 1.075
-52.229 -83.583 -495.368 1.099
-42.453 -29.914 -387.121 0.874
57.107 12.544 -330.148 1.079
-39.305 2.534 -459.963 1.033
15.843 -94.974 -463.420 0.927
84.482 -16.017 -412.473 0.933
-9.032 50.355 -404.524 1.034
95.345 -62.227 -480.373 0.991
-0.556 -50.986 -336.283 0.904
29.066 36.338 -308.630 1.062
21.815 44.123 -345.951 0.988
12.708 50.746 -476.942 0.946
-78.876 14.408 -405.988 0.968
-59.581 72.959 -427.899 0.957
60.699 86.017 -377.786 1.011
-93.730 -86.999 -399.092 1.048
79.471 -37.292 -448.973 1.202
-35.402 57.236 -455.245 0.920
96.729 88.357 -339.658 1.085
64.513 -95.369 -374.572 1.080
-63.332 -77.289 -315.099 1.232
-30.028 73.344 -381.502 1.079
2.406 -37.769 -493.605 0.879
-53.954 -31.367 -467.785 1.006
-38.966 7.721 -348.592 1.085
95.071 -41.706 -377.656 0.874
-75.204 19.408 -372.503 0.828
-7.655 57.187 -481.059 1.066
49.566 57.948 -411.218 0.858
56.455 -18.929 -494.842 1.093
92.621 -25.287 -407.419 1.178
89.041 33.712 -394.181 0.991
53.858 -15.409 -373.922 0.879
-80.849 11.208 -474.653 0.896
-71.036 97.131 -383.620 1.163
59.420 -50.309 -372.436 1.018
-47.841 41.956 -452.375 1.009
62.606 10.011 -494.576 0.933
53.533 -43.257 -363.682 1.015
6.395 70.868 -350.819 1.150
-54.620 -48.873 -444.514 1.092
-72.631 53.652 -376.772 1.047
-99.850 18.073 -387.037 0.997
37.574 26.651 -344.360 1.041
81.732 -11.215 -482.299 1.120
76.615 56.369 -335.594 1.019
90.209 -98.162 -402.018 0.812
18.911 20.058 -455.161 1.029
29.389 51.040 -303.800 0.953
-73.505 37.859 -434.455 0.839
61.973 66.869 -367.448 1.008
46.106 11.552 -491.831 0.923
-43.498 -33.690 -347.240 1.029
71.025 -64.737 -325.764 0.915
-76.735 21.120 -354.843 1.046
6.521 -83.881 -411.252 0.975
40.657 -37.450 -354.787 1.091
55.968 -66.970 -319.323 0.917
27.920 -61.975 -304.576 1.013
-94.416 20.034 -422.387 1.021
50.159 -77.448 -397.070 0.964
-14.085 -75.610 -476.445 0.852
25.041 10.808 -327.362 0.938
82.977 -2.491 -379.624 1.064
-21.905 -24.174 -380.702 0.994
-71.374 -48.096 -458.161 1.002
77.137 -79.251 -438.960 1.072
-38.669 60.968 -308.785 1.172
40.945 -99.760 -460.506 0.900
-69.858 -69.864 -499.180 1.083
-70.115 -7.731 -458.326 1.041
-15.883 5.040 -479.165 1.132
74.723 -58.492 -463.251 0.847
-32.266 76.167 -383.823 1.147
-66.212 62.585 -409.308 1.029
2.880 -80.706 -349.782 1.045
-31.243 -54.103 -488.158 0.968
-82.406 8.336 -446.212 0.867
-1.345 88.433 -498.628 1.026
-52.378 -68.797 -391.383 0.990
13.698 -39.728 -456.927 0.899
22.917 11.590 -451.677 1.029
73.767 26.975 -386.020 0.927
-66.160 -99.196 -363.858 1.038
-29.619 33.665 -377.188 0.996
-26.568 1.987 -315.123 0.874
-78.803 -8.174 -351.884 0.989
8.401 75.590 -450.990 0.879
-21.557 65.884 -386.623 1.141
-58.740 85.672 -415.108 1.038
91.857 -85.154 -321.462 1.049
54.425 -87.552 -480.780 1.046
-53.041 -58.506 -431.228 0.996
-31.543 63.607 -483.849 0.811
-89.595 51.158 -387.072 1.119
-43.197 -58.167 -385.581 1.067
-32.906 50.959 -381.010 1.066
-50.554 -6.809 -443.707 1.088
36.254 -25.971 -465.063 1.102
55.578 -74.928 -391.933 0.967
-4.464 -54.701 -398.837 1.012
27.064 50.108 -459.211 1.056
27.061 76.604 -340.961 1.005
-97.439 -2.065 -368.792 0.944
36.176 2.551 -439.464 1.007
5.279 93.197 -421.988 1.136
-2.966 -17.419 -373.658 0.972
-19.839 74.137 -396.916 1.069
-29.002 -80.619 -480.345 0.976
67.641 30.626 -494.413 1.094
-78.788 -46.311 -349.554 0.968
-93.552 71.972 -309.434 1.097
56.977 -44.569 -468.897 1.052
-19.226 -45.406 -406.656 0.977
-37.772 6.182 -468.629 0.958
-78.239 5.338 -378.195 0.984
60.027 -81.835 -494.225 0.857
-84.831 80.914 -422.195 0.947
38.838 -1.531 -494.126 1.127
-82.202 57.604 -352.225 0.940
7.976 86.430 -433.395 1.063
40.281 -1.989 -481.807 0.870
-71.501 7.286 -387.063 1.021
34.787 46.198 -351.581 0.969
12.646 18.507 -491.280 1.086
72.123 -20.625 -412.128 1.075
27.116 -75.129 -405.135 1.097
-67.026 -1.712 -405.794 1.054
-8.071 -33.318 -347.035 0.963
-93.651 -55.333 -467.940 1.087
6.615 6.601 -314.573 1.127
-47.626 56.319 -492.872 1.007
-71.695 -54.823 -464.441 1.040
47.053 42.866 -450.671 0.890
-25.011 37.990 -316.208 1.034
26.783 -48.791 -470.463 0.947
4.156 -86.337 -397.755 1.114
-43.572 -8.149 -433.084 0.875
24.061 -91.515 -352.795 0.997
-89.246 43.839 -300.355 0.998
97.014 -23.632 -305.198 1.095
15.608 -2.096 -399.501 1.024
24.758 55.541 -402.125 1.107
14.272 -54.530 -376.750 0.990
49.886 -77.268 -351.802 1.010
-39.618 40.015 -342.396 0.871
-9.138 -69.122 -310.961 1.242
99.973 56.251 -435.305 0.780
27.220 -76.317 -316.948 0.985
-69.798 70.642 -452.584 1.183
62.745 -28.087 -420.730 1.060
10.841 53.206 -485.518 1.167
45.920 -40.732 -343.144 1.178
29.813 -26.181 -394.239 1.101
72.265 18.554 -358.467 1.173
-94.697 -35.125 -441.457 1.006
-51.587 -46.881 -439.461 1.165
0.763 -60.403 -471.739 0.969
-36.526 -86.359 -346.869 0.950
36.366 -63.292 -350.123 0.995
-33.723 67.182 -491.447 1.032
92.049 -45.472 -427.454 1.053
-76.770 -55.223 -330.321 1.075
41.685 -61.509 -460.981 0.985
87.930 -4.809 -407.541 0.872
69.601 -68.763 -302.295 1.019
-96.003 -58.682 -466.100 1.060
-78.465 55.250 -305.444 0.947
64.668 -35.091 -361.805 1.112
-6.996 73.990 -348.020 1.159
91.028 -20.443 -362.053 0.838
67.010 -7.043 -415.766 0.943
48.973 -38.365 -431.835 1.041
42.913 40.943 -363.271 1.086
77.122 53.406 -381.086 0.876
-2.252 -23.054 -359.912 0.874
37.700 -84.662 -395.058 0.961
21.567 15.208 -413.840 0.990
12.423 -97.398 -333.151 0.854
-57.224 81.979 -398.915 1.182
70.959 33.797 -336.173 1.024
92.590 70.183 -352.489 1.091
64.956 -39.085 -479.776 1.006
21.698 -22.243 -404.047 0.997
30.189 -19.675 -327.068 1.005
-88.661 -20.584 -390.582 0.954
-44.743 -98.294 -372.333 1.170
-64.992 88.194 -433.209 0.972
18.596 91.538 -302.749 0.956
86.212 58.413 -345.572 1.023
-73.816 61.903 -393.821 1.147
-0.557 -7.721 -423.933 1.151
29.487 72.638 -456.023 0.983
-88.739 -94.707 -307.500 1.061
-32.444 1.162 -377.201 1.025
70.944 56.243 -448.206 0.945
-69.135 -83.659 -436.355 1.077
-65.918 -73.670 -448.354 1.120
-68.421 82.839 -349.915 1.188
98.216 29.819 -412.667 1.188
62.385 -25.257 -433.024 1.063
56.249 87.644 -377.626 0.997
93.507 7.683 -485.714 0.781
64.702 -85.405 -470.432 1.144
28.305 -37.256 -396.598 0.961
-9.335 14.418 -428.624 0.866
59.835 34.663 -495.150 0.836
34.903 -72.219 -405.970 1.060
4.049 -10.903 -480.877 1.023
34.755 -34.135 -410.071 1.016
-32.910 -34.468 -382.124 1.037
43.747 56.928 -395.447 1.097
-8.692 32.200 -448.939 1.022
-5.849 47.884 -319.691 1.079
91.629 -85.137 -390.753 1.107
38.546 92.362 -463.082 1.133
9.406 -30.208 -444.724 0.876
-71.499 18.895 -372.205 0.894
-73.384 -70.972 -458.374 1.122
31.273 71.191 -441.244 0.965
-65.615 11.823 -405.171 0.945
77.145 14.848 -466.281 1.028
-50.796 -66.577 -304.389 0.905
38.067 46.406 -484.961 1.050
49.147 57.158 -388.480 1.079
24.732 -11.915 -497.194 1.033
47.612 17.493 -349.174 0.989
83.609 -50.482 -421.607 1.148
-63.107 18.535 -326.020 0.966
24.373 -14.510 -383.188 1.037
-20.674 96.097 -322.394 0.902
-70.095 52.334 -358.387 1.086
-5.871 28.815 -342.945 0.884
-24.457 53.715 -366.801 1.115
92.076 23.353 -368.426 1.062
-67.810 -28.985 -301.212 0.867
99.657 -73.203 -496.178 0.989
-87.873 -2.882 -399.638 0.968
-4.021 9.770 -484.852 0.818
28.410 -90.548 -488.357 1.081
14.438 94.523 -305.503 0.892
81.882 56.293 -363.693 0.959
-74.505 -23.694 -443.516 0.902
-26.132 -91.193 -395.789 0.971
-35.690 4.971 -421.793 1.119
68.425 -26.789 -372.612 0.996
-52.634 25.223 -496.538 0.966
-6.276 -70.695 -364.755 1.194
-21.112 -79.374 -464.103 0.965
-87.985 69.738 -435.692 0.908
49.458 -43.298 -474.674 1.019
-89.486 92.659 -433.949 1.076
1.078 18.249 -331.993 0.667
-45.012 26.845 -397.892 1.108
29.103 98.285 -498.761 0.896
-99.880 83.580 -305.379 1.114
14.756 62.454 -393.818 0.985
-77.712 80.846 -316.593 1.040
-22.076 15.848 -416.108 1.086
90.996 54.711 -451.405 1.071
-25.330 17.423 -324.807 1.080
16.779 73.408 -396.054 1.066
-29.219 99.245 -448.954 0.978
-67.596 -33.912 -324.902 0.907
54.072 -71.277 -429.912 0.889
65.016 20.583 -463.626 1.010
74.549 5.912 -376.599 1.238
-3.691 -37.257 -348.878 1.010
-30.419 63.445 -364.128 0.837
31.079 -7.926 -470.341 0.834
-47.199 -33.690 -325.673 0.933
66.213 -2.658 -458.466 1.036
-93.066 77.765 -373.492 1.024
-65.020 -91.429 -397.781 0.882
87.516 -84.654 -392.008 1.068
-18.588 -36.681 -442.254 0.969
80.447 -40.965 -398.781 0.925
-76.818 -93.851 -433.931 0.982
-2.012 -62.984 -339.666 0.831
-77.656 -1.722 -426.196 1.053
90.599 76.885 -356.640 0.999
37.909 -22.977 -444.481 1.007
69.320 -85.751 -446.892 0.888
4.762 60.446 -392.710 0.852
-64.155 -9.446 -437.957 0.959
-77.838 39.699 -414.132 1.031
59.601 -65.998 -421.633 0.882
-58.187 49.700 -311.648 0.976
98.599 95.260 -481.405 1.029
74.753 -58.857 -348.215 0.980
-8.210 61.647 -374.158 1.120
-84.043 -23.637 -466.069 0.911
84.180 75.551 -427.217 1.013
14.498 3.941 -339.140 0.929
26.715 -62.083 -439.650 0.943
-6.317 42.883 -493.920 0.954
94.983 -27.147 -304.984 1.043
-77.282 43.667 -338.595 1.031
79.561 -39.591 -307.214 0.909
-9.193 26.353 -490.947 1.146
-3.731 -74.765 -449.317 0.904
65.483 -26.373 -485.988 1.081
-8.715 89.120 -409.914 1.122
46.125 -23.350 -435.298 1.007
95.809 -34.021 -497.912 1.149
70.940 92.145 -462.374 1.017
-75.722 22.699 -385.981 0.988
-9.929 94.578 -394.480 1.100
-87.343 -89.178 -304.692 0.949
-72.913 72.754 -494.574 1.013
-1.852 70.869 -480.760 1.066
-96.560 12.274 -463.802 0.953
-95.258 -0.320 -450.088 0.987
92.091 -59.962 -419.246 0.883
23.252 60.689 -362.389 1.002
12.844 -18.038 -493.172 1.003
47.336 -80.801 -385.883 1.086
28.775 -7.307 -377.485 0.948
-48.243 45.648 -478.418 1.020
53.321 -84.203 -411.864 0.885
-70.339 37.231 -345.351 1.056
-20.400 8.792 -314.132 0.803
-29.299 -86.195 -490.734 0.961
96.599 -98.505 -323.109 0.903
6.302 -67.876 -398.601 0.915
14.027 -9.520 -459.491 0.859
80.938 -42.204 -416.238 0.978
-50.627 7.893 -456.546 1.012
46.082 26.924 -472.860 1.050
-6.285 -52.296 -489.297 0.831
88.781 4.742 -439.238 0.893
-87.232 83.935 -403.228 1.071
86.801 -5.271 -367.019 1.020
-34.738 -11.441 -497.531 0.973
69.948 -87.889 -463.716 1.037
88.304 70.283 -450.011 0.966
-13.620 -96.680 -499.880 0.795
18.558 -42.957 -452.978 1.002
-72.477 28.564 -381.159 1.026
84.507 -91.034 -303.706 0.984
56.381 80.612 -338.722 0.864
-12.670 -19.752 -436.434 0.939
-18.554 2.841 -424.456 0.882
42.912 79.246 -376.331 0.944
91.871 8.367 -398.221 1.112
-38.678 -5.050 -482.131 0.880
81.831 88.055 -477.376 0.939
21.938 -9.080 -464.620 0.820
-55.504 15.068 -305.975 1.067
20.059 -52.719 -488.091 0.860
84.051 -83.648 -433.253 1.028
-32.958 -62.155 -479.711 1.094
-85.674 -83.481 -314.373 1.022
-54.204 -18.173 -485.502 1.021
83.222 90.334 -411.006 0.913
-47.557 -83.268 -343.945 1.042
52.946 -58.625 -442.396 0.909
-10.890 -24.972 -485.448 1.116
-27.702 68.213 -335.398 1.094
-89.240 73.014 -395.218 0.864
-98.945 83.615 -444.423 0.880
-81.397 -17.053 -343.189 1.043
43.104 -85.725 -416.712 1.120
4.497 -71.065 -379.432 1.207
-17.884 70.518 -427.027 0.929
14.508 -4.690 -387.568 1.119
17.607 22.790 -310.391 0.891
90.135 -14.347 -403.720 0.925
66.556 6.386 -302.780 0.958
61.978 -50.282 -399.929 0.988
-10.399 -52.442 -397.517 1.063
31.619 75.930 -428.827 0.933
-44.660 38.527 -301.297 1.036
-72.096 -96.387 -372.175 1.044
80.606 80.652 -328.446 1.065
-93.528 29.652 -483.785 1.035
25.475 -89.759 -363.308 1.007
-29.551 -28.436 -421.124 0.947
-69.315 78.020 -462.777 1.133
86.316 59.653 -441.168 0.922
37.044 -26.497 -324.247 1.043
-44.432 85.625 -337.273 0.978
72.911 -23.349 -407.719 0.843
-26.502 -48.462 -438.679 1.117
-79.795 33.889 -357.407 0.882
53.013 -85.155 -484.876 0.735
11.833 39.569 -408.342 0.966
96.125 -17.557 -433.089 0.917
-31.074 -70.850 -331.042 1.167
-11.080 47.707 -401.184 1.070
45.574 -74.614 -422.412 0.894
35.261 -18.022 -377.272 1.098
28.901 -32.051 -467.304 0.862
-73.348 72.193 -321.135 0.896
17.333 83.989 -335.637 1.024
-80.350 -78.611 -357.272 1.013
-94.862 78.781 -347.167 1.246
14.795 -59.595 -428.711 0.872
35.521 -25.862 -377.782 1.134
-62.741 64.998 -458.773 1.013
-38.594 -7.096 -310.536 1.081
-23.266 -27.191 -476.008 0.775
-98.880 -40.441 -357.999 0.682
-19.714 -98.558 -414.706 1.002
94.432 4.917 -394.960 1.222
-47.263 -93.623 -434.897 0.726
-5.169 71.512 -324.106 1.072
24.824 57.124 -485.809 0.896
-36.846 -7.430 -490.120 0.967
52.345 -7.607 -334.679 1.065
58.791 74.247 -321.632 1.054
46.219 41.209 -493.540 0.909
-86.670 -32.388 -454.665 0.961
-97.354 -60.723 -367.049 0.861
-35.634 85.432 -452.562 0.995
15.487 -29.667 -402.742 0.979
-28.204 -11.346 -396.185 0.969
28.357 78.142 -495.224 0.814
-56.404 0.114 -302.961 1.134
62.530 -79.835 -475.694 0.895
25.925 67.348 -300.356 0.854
-2.818 -49.986 -304.585 1.189
94.554 31.871 -455.953 0.977
-39.488 -44.315 -479.759 0.883
-34.396 -38.551 -397.061 0.932
-8.607 -39.545 -447.182 0.912
-35.577 -14.195 -483.957 1.089
-58.568 27.414 -467.461 1.178
-92.062 -3.048 -379.139 0.975
11.873 41.031 -447.695 1.008
-35.020 -6.028 -364.231 1.143
-99.789 53.537 -368.161 0.810
-40.138 -66.846 -430.170 0.817
-59.641 94.311 -441.717 0.895
36.622 -9.071 -352.010 0.970
-40.349 60.427 -349.247 1.050
-31.218 41.254 -395.430 1.214
-52.068 -74.314 -386.699 1.109
90.727 7.289 -308.563 0.711
-54.445 54.323 -381.353 0.996
24.448 11.401 -486.327 0.875
42.832 -74.044 -382.578 1.032
-26.800 -46.871 -492.959 1.106
-53.000 96.439 -409.267 0.850
4.733 -19.997 -395.230 1.076
-16.276 68.694 -323.918 1.063
73.691 -72.307 -404.675 0.883
91.975 99.878 -353.707 0.893
57.347 -74.755 -337.158 1.003
-56.829 78.525 -320.966 1.118
-43.352 -65.866 -350.058 1.148
-7.565 -39.385 -477.242 1.106
-41.326 67.920 -402.711 1.055
3.461 -76.741 -452.252 1.105
-31.198 -2.356 -409.720 1.058
-14.843 -3.487 -332.730 1.165
92.574 -51.649 -386.690 0.918
9.052 -88.967 -484.462 0.954
-9.051 10.808 -461.264 0.926
-72.977 -82.846 -391.110 0.886
-84.213 -18.078 -349.225 1.163
70.734 -94.396 -320.251 1.081
-92.976 -76.399 -381.435 0.963
11.534 75.748 -478.154 0.896
96.783 79.281 -390.361 0.918
77.589 -56.968 -364.408 1.028
-50.670 -76.457 -318.691 1.018
-6.361 -24.372 -417.147 0.990
83.578 -86.166 -384.029 0.928
39.574 -55.691 -412.118 1.132
37.906 -86.393 -310.927 0.895
39.705 55.775 -312.269 1.243
36.315 -79.987 -375.931 0.853
89.328 -1.447 -425.442 0.952
32.461 -13.224 -389.060 1.097
51.461 23.840 -405.205 0.980
-64.930 74.012 -432.638 1.142
0.486 -31.495 -486.232 1.004
21.874 -16.391 -457.980 0.897
1.556 -33.682 -358.654 0.768
-11.523 -57.107 -324.901 1.086
58.227 -6.115 -478.310 0.993
1.323 46.364 -375.527 1.005
38.391 -8.176 -380.417 1.093
26.386 -44.043 -413.507 1.124
39.349 -55.817 -480.110 1.108
-0.273 -24.647 -326.692 0.995
31.242 35.407 -359.425 0.869
-66.693 55.628 -334.670 1.244
87.983 59.278 -477.662 0.908
-24.823 49.889 -439.046 1.071
56.845 -26.811 -359.680 1.113
74.744 -69.851 -457.227 0.875
50.550 70.162 -313.646 0.973
-84.493 90.007 -373.446 1.129
-98.852 10.579 -440.167 1.030
44.470 -77.726 -388.618 0.990
-73.408 92.932 -436.707 1.116
-80.395 3.734 -453.607 0.853
-78.065 56.826 -480.680 1.094
-20.095 -91.795 -325.033 1.113
-74.714 27.823 -317.442 0.873
98.105 39.849 -381.250 0.818
76.647 5.936 -469.835 1.204
-9.852 87.416 -420.571 1.000
58.119 39.676 -340.027 1.010
-47.775 -5.017 -413.992 1.093
44.281 67.577 -445.598 1.120
16.686 79.129 -380.543 1.096
-3.219 -71.662 -327.082 0.999
22.950 14.972 -459.564 1.093
84.929 -25.256 -374.333 0.852
-23.400 24.487 -366.646 0.978
58.770 92.329 -447.475 0.967
76.779 65.241 -452.419 1.061
-39.328 16.295 -303.426 1.222
41.828 -97.888 -313.638 1.090
-55.655 74.305 -371.335 1.039
64.482 56.412 -356.301 0.945
71.016 73.385 -360.080 0.975
-16.115 -63.974 -392.375 1.099
68.100 7.525 -428.437 1.020
63.826 5.782 -468.321 0.997
26.513 -20.728 -408.963 1.027
-59.235 42.586 -464.876 1.020
80.210 -20.612 -372.500 0.926
-35.604 48.635 -318.531 0.969
11.291 -62.448 -459.811 0.924
6.301 -86.734 -340.248 0.930
-43.992 13.178 -448.146 1.111
-64.644 -1.598 -492.641 1.081
-70.198 -12.391 -363.167 0.989
74.227 35.591 -476.173 0.969
82.842 51.823 -405.253 1.103
68.010 48.985 -469.209 0.790
20.481 12.640 -407.254 0.947
46.803 -46.383 -430.860 1.115
-30.499 10.917 -440.714 1.048
14.950 87.133 -393.381 1.028
-65.856 -93.227 -401.428 1.037
-48.895 46.290 -372.168 1.097
4.010 24.686 -447.760 1.117
63.915 43.103 -428.941 0.929
32.695 -8.937 -334.882 1.173
6.331 28.676 -342.625 1.116
-35.678 32.972 -459.680 0.988
-93.405 -38.298 -408.795 0.988
-60.883 29.711 -390.154 0.915
-58.174 -89.134 -394.996 1.039
56.237 56.568 -446.279 0.840
-97.516 0.290 -323.570 1.123
36.872 -1.159 -343.685 0.939
42.224 -14.768 -483.279 1.052
-28.201 -51.979 -318.998 0.964
-31.605 -62.702 -417.052 1.206
79.417 -10.874 -359.018 1.120
82.265 -82.662 -329.762 1.108
8.353 73.597 -378.471 1.030
92.298 61.886 -492.992 1.062
-87.684 73.770 -300.293 0.996
-19.120 -44.046 -310.166 1.157
32.166 49.030 -340.955 0.932
99.925 60.442 -365.298 1.068
-40.088 44.294 -423.803 0.953
38.757 91.245 -376.575 0.930
-33.907 4.480 -345.332 0.892
48.876 74.918 -353.105 0.841
4.218 -73.088 -387.921 0.950
-52.491 -92.246 -399.286 0.882
-13.810 6.506 -402.662 0.956
48.938 32.201 -365.150 1.160
-99.729 73.661 -480.437 0.954
23.808 53.580 -313.719 1.092
-78.209 37.460 -359.621 1.145
-18.243 74.483 -391.855 1.069
70.109 66.063 -343.115 1.077
85.070 53.586 -360.837 1.076
56.888 84.074 -495.338 1.131
-48.456 57.861 -492.609 0.969
64.885 50.687 -485.989 1.102
-8.559 5.729 -449.264 1.167
1.397 -96.312 -360.903 1.046
-77.724 -82.555 -339.691 1.015
-36.051 71.045 -462.150 1.053
86.554 71.034 -417.098 1.173
13.623 -10.008 -356.460 0.904
-64.548 34.033 -371.955 1.144
-41.230 -12.037 -456.955 0.805
30.333 42.962 -489.763 0.965
73.592 26.141 -481.705 1.185
-96.221 -49.890 -409.790 0.877
66.059 55.783 -490.354 1.055
-64.082 3.117 -418.847 1.059
-34.267 81.604 -388.661 1.075
54.153 34.337 -441.666 1.043
-77.858 -62.371 -429.422 1.017
-29.119 72.907 -367.882 0.868
