-40.697 -7.912 -353.716 0.839
-89.844 -40.795 -373.674 0.947
-29.710 0.209 -400.112 1.152
97.844 -48.181 -334.934 1.038
97.585 20.200 -480.642 1.050
61.383 57.049 -310.960 1.097
7.505 -78.216 -435.172 1.039
-68.921 66.875 -328.321 0.897
66.975 35.691 -452.734 1.056
88.939 -65.251 -321.808 1.085
48.532 39.399 -448.251 1.033
95.894 -23.930 -413.512 0.909
39.060 9.000 -359.503 0.976
-22.117 -3.842 -346.272 1.138
13.901 36.586 -378.104 1.044
21.449 47.140 -426.724 0.964
30.041 46.790 -413.226 0.839
12.586 68.292 -322.012 0.992
-2.585 -70.277 -401.405 1.242
21.544 -78.296 -401.782 1.193
59.811 -12.980 -416.334 1.070
14.941 20.067 -429.362 1.006
59.901 -89.710 -328.565 1.079
-44.855 69.539 -441.995 1.136
67.860 84.239 -482.684 0.943
-4.914 86.319 -499.814 0.956
73.415 49.148 -452.129 1.152
38.642 -51.885 -393.490 1.085
74.174 -22.616 -386.592 0.978
-2.316 -1.463 -325.426 1.099
-69.386 -47.263 -389.618 1.124
64.353 99.708 -310.636 0.804
-51.366 -52.476 -377.789 0.770
66.204 -24.322 -435.995 1.055
-93.679 60.829 -435.894 1.076
91.104 -29.151 -395.876 0.896
22.657 -79.237 -467.796 0.988
-92.740 -66.542 -456.135 0.988
16.326 24.637 -462.169 0.999
9.033 -62.823 -342.847 0.921
-12.959 -18.532 -404.916 1.022
71.080 84.756 -463.309 0.988
21.968 22.141 -404.867 0.940
64.420 99.482 -422.378 1.114
71.020 99.533 -316.856 0.900
39.912 63.472 -402.823 0.947
-15.322 82.811 -489.693 1.059
-67.281 31.636 -432.466 0.966
-41.265 -71.879 -384.474 1.007
62.818 -41.147 -319.534 0.972
9.115 -68.126 -495.332 1.041
-9.905 -33.328 -403.623 1.171
-60.527 -28.756 -398.583 1.067
-10.617 69.457 -466.227 0.978
-72.038 -47.432 -476.198 1.052
-16.511 -83.637 -384.649 0.846
-92.998 -67.890 -402.708 1.124
-84.459 16.331 -445.823 0.981
-30.867 7.430 -338.195 0.975
4.376 -0.406 -440.921 1.016
92.075 54.238 -366.325 0.993
-58.311 97.377 -458.081 1.075
-41.456 2.072 -407.577 1.043
9.669 -51.779 -457.343 1.116
-28.728 76.801 -414.104 0.820
19.379 48.434 -382.838 0.970
-16.562 -7.577 -435.512 1.032
74.622 -85.944 -421.075 1.113
-55.407 -38.560 -357.697 1.033
20.188 69.394 -362.842 1.114
86.749 -66.000 -449.562 1.026
39.320 82.505 -410.128 0.952
4.232 -23.290 -436.730 1.116
55.521 -15.965 -400.054 1.006
76.404 -68.456 -419.812 1.119
-37.252 96.608 -496.910 0.897
-37.685 -53.928 -415.013 1.005
-29.720 6.748 -444.532 1.059
73.504 97.236 -375.318 1.049
0.427 51.851 -402.959 1.058
-17.255 33.231 -392.134 1.043
-41.844 33.500 -346.681 0.982
-8.952 26.600 -337.867 0.832
9.741 22.531 -406.093 1.053
69.563 70.121 -478.843 0.919
82.446 61.769 -310.173 1.079
-51.932 -12.828 -302.863 0.971
34.747 -64.750 -453.195 1.014
88.436 -28.633 -350.201 1.129
-19.214 89.163 -360.530 0.952
-8.758 59.524 -345.760 1.043
-98.297 22.931 -359.932 1.026
87.359 -13.040 -492.196 1.035
62.128 24.268 -317.416 0.893
97.544 71.555 -328.694 0.915
-87.377 41.559 -348.834 1.031
-21.243 -39.470 -368.752 1.041
25.373 -94.369 -320.477 1.165
-66.760 -54.304 -375.178 1.003
-62.971 -77.540 -357.002 1.200
18.952 68.983 -458.202 0.899
28.265 25.358 -380.472 0.970
76.946 -53.889 -330.781 0.885
-28.102 15.252 -397.929 0.943
-81.212 -22.774 -404.364 1.042
14.460 -54.330 -379.280 0.888
-53.631 30.830 -451.422 1.106
-39.291 56.009 -320.155 1.024
55.986 41.583 -363.478 0.930
-0.669 53.510 -470.345 0.964
64.541 96.119 -318.380 0.937
97.196 35.177 -380.823 0.997
-47.168 96.231 -444.618 0.855
-79.955 50.869 -333.867 1.147
-15.131 -77.180 -403.143 0.950
60.477 -51.532 -397.797 1.035
54.706 -97.153 -324.834 0.942
23.942 -28.235 -314.587 0.895
-79.909 -19.093 -337.340 0.979
98.199 -74.100 -351.957 1.163
-47.838 54.926 -372.491 0.933
-99.838 91.018 -481.801 0.751
-33.690 25.670 -391.347 0.814
-82.520 62.637 -447.172 0.861
50.793 -97.909 -344.277 1.044
28.396 10.930 -402.241 1.000
-51.928 -78.323 -360.127 0.830
29.646 -92.915 -490.254 0.977
-30.212 -86.378 -437.835 0.975
-68.499 -19.542 -318.791 1.062
-33.385 -62.175 -302.264 1.055
-44.218 57.385 -340.079 0.950
87.405 9.395 -407.726 1.113
-47.826 89.160 -454.107 0.974
67.833 -82.930 -366.150 0.891
31.271 0.081 -497.466 1.020
62.862 -87.232 -405.534 0.933
85.328 23.466 -336.092 0.889
-1.416 -47.638 -350.044 1.167
27.519 -70.807 -427.618 1.135
-35.353 -46.775 -429.514 0.979
-36.792 -43.202 -301.122 1.160
-83.283 59.218 -319.322 1.194
22.438 68.247 -461.693 0.846
90.371 -36.530 -389.120 0.796
-36.105 -71.656 -313.439 0.938
6.484 33.656 -324.349 1.020
-92.373 1.002 -495.059 0.934
64.082 34.429 -414.707 1.096
-76.249 54.913 -482.382 1.035
-69.427 70.080 -457.578 0.973
14.929 66.548 -388.148 0.929
20.222 -1.260 -310.710 1.163
-65.046 99.316 -470.481 0.906
72.428 -67.502 -411.568 1.051
77.057 54.607 -368.620 0.889
65.251 57.659 -386.324 0.995
6.202 -38.021 -410.066 0.943
58.115 56.223 -495.474 1.064
44.112 -94.900 -373.225 0.798
40.105 88.470 -385.440 0.972
73.662 -57.603 -398.265 1.055
-1.796 62.196 -355.087 1.013
-46.071 -23.783 -402.931 1.039
-41.615 71.889 -408.837 0.977
-72.806 28.555 -318.534 1.029
5.252 -2.615 -430.067 1.089
-96.876 65.137 -489.060 0.904
-88.119 67.890 -390.593 1.161
-94.633 17.467 -462.476 1.142
67.540 -67.733 -382.442 1.218
-10.390 77.611 -334.942 1.080
33.925 99.339 -442.499 1.074
-1.591 27.655 -478.315 1.116
37.861 34.895 -456.707 1.048
49.200 78.028 -486.986 1.086
-46.277 -84.897 -459.082 1.056
88.994 72.149 -382.855 1.143
3.646 35.056 -314.011 1.015
14.271 -73.416 -300.465 0.963
56.618 80.846 -343.780 0.953
-56.356 -42.152 -423.153 0.979
87.181 6.051 -415.257 0.948
64.521 84.183 -339.401 1.139
-50.325 96.916 -306.324 1.126
-59.701 32.597 -453.181 1.138
-54.108 11.044 -305.104 0.979
88.014 -73.111 -439.237 1.064
94.907 81.207 -320.308 0.910
58.626 -35.922 -359.044 0.890
-78.549 39.689 -336.116 1.028
55.473 -29.499 -460.346 1.008
-0.794 85.021 -411.912 1.038
-96.170 -22.555 -415.301 0.960
84.430 56.035 -430.124 0.963
-60.518 4.756 -445.053 1.093
10.096 -18.800 -445.109 0.884
94.799 41.018 -439.692 0.967
-19.306 82.541 -494.530 0.927
-17.561 -68.031 -437.032 0.863
54.509 14.614 -464.631 0.953
26.705 -10.123 -383.227 0.959
-24.400 96.230 -429.217 0.960
50.674 -78.107 -342.210 1.034
39.727 -70.280 -395.706 0.813
1.560 -26.747 -446.673 0.958
-35.462 4.932 -313.416 1.083
-61.856 -24.149 -373.236 1.083
97.052 42.328 -407.142 0.982
66.125 17.664 -477.373 0.977
82.488 -86.981 -399.954 0.948
97.979 13.632 -445.487 1.041
-59.691 -55.087 -393.580 1.052
83.506 -55.729 -327.626 0.890
57.248 65.290 -367.008 1.039
88.947 -25.939 -327.030 1.136
-7.426 -31.948 -489.086 1.048
95.021 50.835 -327.102 1.176
-66.686 -82.631 -312.701 1.083
-94.022 73.067 -354.137 1.051
-19.349 61.208 -458.603 0.975
63.497 74.161 -390.372 0.870
36.741 9.766 -425.066 1.073
-32.511 -37.032 -445.964 1.092
8.251 -75.415 -455.969 0.973
2.306 -75.168 -453.900 0.988
-93.924 -36.818 -449.937 0.907
-50.316 -92.169 -338.741 0.973
17.580 26.636 -473.201 1.029
-16.760 -41.458 -409.454 1.003
51.460 -25.352 -444.872 0.868
-8.998 11.923 -325.048 1.025
89.824 92.677 -396.709 0.893
97.024 -23.161 -405.068 0.886
29.080 -47.083 -459.889 0.873
-55.017 74.819 -429.849 0.907
-6.947 -75.256 -485.975 0.924
-18.614 86.127 -318.000 0.952
-39.981 63.212 -424.312 1.040
-83.008 87.401 -424.739 0.779
-10.322 -41.272 -399.501 1.075
-0.049 -52.014 -335.462 1.005
86.978 48.383 -311.842 1.026
-70.105 88.622 -369.878 1.005
19.045 88.540 -363.239 1.061
10.971 58.332 -333.117 0.980
-20.292 -57.784 -361.357 1.077
-14.705 65.916 -386.967 0.940
79.424 -68.352 -407.015 0.997
-78.089 -51.307 -434.125 1.111
65.519 25.448 -457.774 1.043
-58.339 7.513 -405.811 1.084
-61.758 -85.722 -444.459 1.064
-95.333 34.443 -448.976 0.958
8.465 1.517 -453.779 1.048
61.937 -9.009 -459.869 1.029
44.548 73.254 -409.504 1.046
-1.467 56.107 -327.773 1.023
-71.445 4.216 -444.246 1.206
-35.140 -2.083 -456.627 0.928
0.937 -49.426 -479.066 0.932
75.404 71.061 -441.958 1.005
-51.642 49.203 -421.209 0.908
52.485 79.399 -336.181 0.989
88.502 -94.171 -349.362 0.863
68.340 -41.910 -445.737 0.880
-83.645 16.027 -412.127 0.945
36.276 -54.712 -419.359 0.887
6.732 52.258 -393.737 1.017
-97.552 58.390 -353.907 1.096
25.527 12.709 -399.162 0.953
-45.914 -86.941 -330.204 0.933
-74.176 -68.701 -462.056 0.904
-21.134 -89.833 -351.322 1.000
43.890 25.893 -343.691 1.034
-34.762 -54.626 -347.903 1.187
7.262 5.499 -398.942 1.104
31.737 61.640 -360.093 0.934
21.697 80.083 -484.911 1.056
-6.939 46.765 -327.724 1.042
68.479 50.761 -420.226 0.874
-80.882 -86.355 -459.378 1.236
91.268 -5.792 -490.188 0.965
-59.990 -1.113 -463.461 0.875
-92.346 -2.892 -383.809 0.936
-9.090 8.637 -356.826 1.021
50.876 -23.864 -357.950 1.043
49.676 52.671 -477.039 1.079
1.695 -53.728 -393.085 0.989
75.060 -25.661 -372.778 0.825
6.278 -32.287 -454.134 1.113
-30.027 87.193 -341.931 1.163
14.414 18.146 -378.134 1.117
39.033 -2.127 -418.175 0.907
97.863 -71.913 -304.201 0.874
21.590 -63.810 -333.214 0.942
-11.034 -28.472 -357.432 1.071
-95.120 33.069 -413.487 1.062
44.509 -68.193 -405.299 1.013
20.989 -18.766 -319.573 0.977
37.625 2.615 -444.393 0.945
-97.221 72.242 -389.576 0.943
-78.635 -58.522 -345.723 1.084
-56.492 75.495 -461.550 1.089
12.313 85.882 -372.327 0.890
11.003 -64.484 -472.293 1.161
74.176 70.347 -325.984 0.933
85.057 -81.422 -481.338 1.031
51.283 9.313 -319.444 0.814
-29.309 -21.313 -384.088 1.013
55.543 -37.362 -353.519 1.059
0.696 -58.968 -308.098 0.688
16.523 34.936 -488.128 1.116
-48.824 -44.036 -384.535 1.169
1.986 -47.831 -367.659 1.023
-16.723 -90.640 -416.092 1.170
15.501 -77.231 -352.683 1.047
-4.270 -53.035 -490.070 1.040
86.258 30.413 -348.612 1.063
75.879 0.243 -328.008 1.099
38.848 92.287 -454.894 0.893
-40.875 97.997 -301.010 1.039
2.893 80.466 -349.994 1.038
-28.086 52.878 -453.370 1.039
-58.177 -59.827 -353.063 1.018
2.598 69.548 -346.845 0.971
-26.497 -69.220 -362.864 1.099
-49.194 3.426 -440.315 0.886
36.850 -60.363 -477.439 1.056
-5.773 -78.536 -489.845 1.058
-95.922 78.556 -363.556 0.820
-98.216 -27.081 -476.132 1.073
6.831 -90.162 -483.179 1.166
-14.091 16.363 -434.944 1.251
-14.302 -89.959 -420.746 0.885
-79.593 -59.728 -312.287 0.948
-95.315 61.069 -445.317 1.059
39.160 -35.783 -398.764 1.035
-72.938 72.063 -405.576 1.227
-8.218 -28.828 -362.369 1.030
74.723 66.939 -407.933 1.101
78.260 61.786 -313.421 0.911
21.497 93.664 -403.734 1.024
20.326 -27.182 -444.028 1.047
92.353 -59.461 -468.125 0.998
48.764 92.086 -383.428 1.098
90.279 74.843 -457.885 1.010
-86.991 34.625 -303.234 1.104
-26.434 -53.280 -418.394 1.209
-0.280 -87.039 -319.143 1.033
-58.421 58.247 -346.350 1.023
-66.230 39.493 -349.846 0.999
-2.098 40.822 -458.692 0.984
81.743 -38.994 -349.227 0.999
19.965 -85.381 -339.142 1.221
18.976 -12.328 -385.665 1.126
26.819 -6.774 -459.455 0.997
41.788 -14.496 -361.597 0.887
-89.683 36.579 -449.176 0.800
-57.909 -14.471 -342.721 1.015
-87.613 -32.257 -394.170 0.999
-36.985 78.769 -335.737 1.081
-22.945 88.021 -358.908 0.767
57.782 -40.440 -329.482 0.873
-74.350 -58.528 -454.364 0.838
-54.741 -14.881 -411.204 1.089
-14.254 41.852 -462.833 0.896
-90.966 0.584 -359.722 0.939
56.203 82.435 -440.842 0.852
-72.442 -29.076 -470.691 1.024
86.429 -36.167 -351.731 0.894
-49.563 44.236 -334.046 1.203
-46.081 28.527 -302.442 1.119
-12.189 77.066 -374.261 1.224
25.566 -61.612 -324.403 0.913
-24.885 22.521 -392.110 1.010
-65.561 -34.560 -448.715 1.027
68.941 -1.045 -342.689 0.843
89.574 83.575 -350.736 1.020
-73.865 78.411 -436.577 1.094
79.108 -33.255 -367.346 0.918
-24.863 -79.129 -422.590 1.115
31.026 54.336 -441.495 0.907
-82.623 49.675 -351.842 1.039
48.288 26.267 -432.040 0.906
-49.501 38.665 -461.016 1.228
67.804 -13.589 -385.973 1.082
-65.867 97.545 -449.549 1.140
-65.224 -2.676 -435.428 1.075
78.358 8.884 -495.450 1.023
-28.738 69.186 -463.857 1.173
16.982 -58.926 -384.269 1.167
-67.130 84.028 -310.258 0.943
62.652 -47.216 -317.382 1.176
72.437 -84.380 -479.666 1.235
59.156 -63.660 -365.381 1.040
-21.036 -55.942 -479.098 1.034
-26.939 -12.507 -387.225 0.896
-18.178 -53.821 -315.976 1.172
-9.820 33.505 -440.985 0.891
56.119 17.451 -495.129 0.995
97.354 60.983 -365.420 0.916
-41.843 44.101 -392.339 1.073
-0.391 -14.163 -465.841 0.967
1.798 47.470 -317.273 0.919
9.615 21.898 -454.174 0.932
13.768 -99.448 -433.985 0.958
76.135 42.227 -434.919 0.859
-28.764 74.529 -382.392 0.927
-15.602 17.089 -353.341 1.022
-36.574 21.139 -435.732 1.026
42.081 -9.616 -392.941 0.844
57.210 -17.373 -352.484 0.891
-70.013 82.038 -462.615 1.020
15.218 99.280 -362.746 1.108
88.474 -23.642 -409.422 1.089
62.442 31.768 -438.928 1.009
-84.763 23.190 -454.618 1.146
-48.397 8.479 -360.124 1.132
-75.966 -95.687 -378.905 0.913
46.952 -92.413 -448.348 0.831
-77.277 40.717 -301.553 1.237
52.365 86.884 -457.536 1.066
-57.185 -16.225 -439.888 1.047
-24.073 -38.029 -316.248 1.022
-85.485 43.236 -323.673 0.943
-4.503 60.842 -406.563 0.922
26.494 71.254 -385.963 0.869
-57.954 7.644 -402.832 0.958
-97.291 74.597 -348.691 0.935
18.281 -65.420 -383.022 1.121
-20.760 37.900 -419.178 0.926
-83.419 -46.466 -376.635 1.051
94.394 59.003 -388.718 0.999
-32.908 32.480 -336.183 1.065
43.836 79.620 -487.284 1.012
-74.241 -70.507 -359.792 0.897
-91.969 88.120 -350.810 0.902
71.420 -65.636 -357.241 0.903
21.307 -23.621 -358.843 0.758
24.844 -57.260 -468.504 1.131
-78.523 67.052 -464.308 1.076
38.071 -22.919 -455.111 0.951
-90.950 51.481 -381.687 1.055
-97.412 -36.095 -325.519 1.117
-44.555 77.189 -399.974 0.840
-41.311 32.114 -427.108 1.024
-57.702 25.443 -334.963 0.949
-25.253 -57.578 -365.750 1.248
96.883 -7.226 -479.127 1.029
-65.345 11.036 -334.051 1.104
22.507 -75.126 -481.821 1.066
92.434 -30.228 -493.699 1.051
16.703 -67.031 -384.222 0.953
-6.856 -0.192 -473.534 0.899
-12.391 96.327 -376.200 0.882
15.040 -78.078 -303.723 0.950
-84.870 -58.133 -461.264 1.126
51.891 50.079 -386.449 1.075
-7.629 78.887 -372.899 1.050
-57.791 48.275 -453.015 0.960
-52.786 57.166 -390.557 1.002
-63.184 -69.748 -488.674 0.917
-10.558 3.363 -461.312 1.060
-13.542 -44.643 -402.829 0.946
57.030 -62.026 -326.011 0.858
-37.746 0.728 -304.372 0.997
89.554 7.726 -394.558 0.998
96.324 -61.270 -495.872 1.014
-64.339 -3.449 -310.769 0.917
67.445 -55.036 -342.018 0.954
2.367 48.081 -313.673 1.063
-2.688 51.559 -321.421 0.789
54.587 42.442 -465.137 0.966
-13.895 66.656 -341.873 0.971
-14.443 32.360 -478.441 1.172
-30.678 -60.908 -376.106 1.114
-75.003 32.502 -492.761 0.810
-38.289 75.201 -454.197 1.107
-17.144 24.151 -443.101 0.910
11.077 63.826 -391.352 1.072
71.710 71.418 -315.020 0.996
-76.320 28.944 -364.253 1.130
-33.729 -11.725 -394.977 0.897
96.149 -45.685 -328.871 0.986
5.986 90.690 -447.270 1.087
-13.798 -82.948 -349.350 0.888
-38.533 -67.773 -361.261 1.071
-78.726 -34.657 -427.699 1.021
92.593 -67.424 -469.460 0.865
-77.561 82.049 -344.009 1.091
-65.962 0.104 -352.028 1.003
-71.529 -14.304 -435.713 1.005
56.395 50.645 -360.224 0.881
87.218 67.213 -360.350 1.120
-19.192 1.712 -322.110 0.851
-3.528 71.117 -303.636 1.133
-49.333 -44.685 -465.902 0.897
44.615 -80.129 -307.713 0.939
-11.185 5.235 -421.866 1.163
-70.677 62.498 -381.562 0.992
-31.758 -52.342 -314.794 0.831
-13.342 -20.236 -424.301 0.939
-24.198 -82.802 -455.598 1.093
-70.626 -70.569 -417.684 1.209
-22.770 -96.717 -449.962 1.072
-30.879 -39.145 -308.260 1.112
-33.522 71.589 -325.056 0.780
40.536 -52.590 -457.364 0.968
11.786 64.874 -382.841 0.993
81.382 33.103 -471.849 1.173
-65.950 86.820 -447.260 1.087
85.385 22.717 -438.067 1.044
84.875 -89.210 -305.718 1.146
82.759 47.387 -460.321 1.022
-91.038 31.308 -372.176 1.067
61.330 -98.360 -390.694 1.044
99.944 64.167 -424.754 0.973
67.315 35.140 -424.197 0.971
71.824 -34.366 -492.819 0.932
94.687 -58.905 -437.203 0.868
85.721 65.296 -401.947 1.006
1.117 -8.824 -378.086 0.987
-52.078 1.385 -450.228 1.062
-75.702 -14.923 -339.030 1.077
1.283 53.809 -419.762 1.236
-11.434 42.512 -470.517 1.147
-95.385 -58.319 -412.981 0.859
20.910 90.494 -462.752 0.844
-52.190 -68.054 -424.982 0.905
3.548 -22.080 -360.352 0.983
-19.433 97.202 -357.927 1.041
65.335 -81.003 -389.295 1.113
4.461 91.229 -317.516 1.011
68.633 -47.464 -451.146 0.920
27.770 87.329 -420.079 1.087
-5.539 52.196 -301.935 1.060
-27.477 -74.069 -343.904 0.866
-9.733 -59.118 -496.720 1.012
-35.842 71.682 -447.773 1.150
-99.400 36.906 -342.294 1.115
-69.455 -6.050 -374.605 0.923
55.913 43.494 -373.252 1.143
-28.646 -73.516 -340.571 1.093
-40.043 -6.482 -475.018 0.991
55.517 35.774 -335.439 0.962
-0.627 -2.828 -437.884 1.027
-79.999 -27.275 -372.114 1.088
16.765 -29.425 -319.837 0.914
48.851 12.044 -370.865 1.050
-86.942 31.996 -419.729 1.186
-99.249 -46.005 -386.692 1.100
-32.627 91.132 -367.933 1.206
53.913 32.271 -432.181 1.360
-48.858 72.441 -304.326 0.935
-18.123 1.484 -401.077 0.816
62.290 75.654 -466.441 1.213
-62.892 97.442 -432.909 0.990
78.571 61.951 -348.864 0.979
-25.312 -78.491 -313.089 0.947
0.611 57.499 -300.368 1.114
-28.427 8.219 -315.949 0.924
86.265 -19.934 -322.323 1.003
29.813 -13.564 -401.613 0.987
-71.260 -24.654 -300.184 1.277
-27.376 -95.732 -491.424 1.104
-54.765 -82.515 -356.240 1.045
-36.454 -77.528 -418.108 0.940
-10.161 70.996 -496.372 1.055
-89.270 -4.275 -331.022 1.000
-2.851 47.780 -474.512 1.063
32.032 -34.780 -484.001 0.929
-70.574 73.719 -458.285 1.026
-28.294 -59.414 -429.797 0.949
34.270 -39.706 -386.077 0.981
71.913 -42.639 -339.480 1.001
-40.897 19.949 -330.283 1.120
-53.226 -66.245 -303.866 1.008
82.323 42.045 -320.613 0.783
83.932 -33.917 -328.220 0.958
41.907 28.331 -451.410 0.837
98.214 33.970 -346.635 0.932
43.297 18.041 -498.657 1.153
29.772 20.735 -382.266 0.977
31.776 70.759 -326.499 0.854
63.811 -54.903 -349.688 1.122
-78.096 66.102 -407.115 1.048
64.464 -88.893 -463.969 1.041
76.915 69.906 -404.546 1.036
-41.180 -46.054 -410.233 0.960
-51.885 -58.975 -375.106 0.816
-83.680 91.423 -352.665 1.030
6.549 -24.704 -367.875 0.935
-72.161 -9.251 -302.063 1.061
54.317 -58.317 -358.616 1.088
92.425 -39.943 -448.857 0.880
-77.939 -8.726 -455.078 0.877
-88.564 -32.621 -496.478 0.874
-31.247 -17.400 -384.785 0.781
-82.431 18.066 -325.394 0.929
79.733 -30.997 -393.308 1.082
28.116 -70.312 -392.422 1.123
16.184 -10.456 -301.615 1.131
12.885 -42.363 -440.586 0.964
66.467 77.677 -359.088 0.858
-97.289 -56.046 -322.458 1.040
-66.961 -77.199 -476.673 1.092
-89.988 86.932 -381.191 1.188
-61.234 -9.851 -399.018 0.869
35.840 9.291 -435.039 1.148
72.347 -78.248 -467.784 0.999
15.962 -24.500 -364.729 1.030
56.755 -47.618 -434.031 0.954
-55.610 -45.576 -448.220 0.801
64.955 37.754 -347.236 0.996
47.347 71.437 -489.775 0.904
-4.645 -36.663 -384.166 0.925
49.871 -88.261 -318.768 0.978
90.317 -34.245 -494.339 1.020
-50.951 15.712 -460.564 1.185
-68.982 -49.764 -416.882 0.870
-6.929 62.437 -398.632 1.079
42.023 -66.525 -435.789 0.944
-0.947 -57.485 -323.526 0.946
69.924 -36.126 -389.278 1.068
68.597 25.612 -347.543 1.049
85.465 68.230 -441.788 1.023
69.807 -91.553 -347.172 1.036
66.052 -10.073 -317.490 1.009
56.198 -97.064 -413.181 1.026
86.372 26.076 -457.110 0.961
47.644 30.668 -483.284 0.895
-65.572 -58.279 -361.974 0.884
-39.471 -50.394 -382.855 0.996
84.934 89.916 -380.550 1.089
-71.165 -70.914 -424.813 0.958
-88.478 -24.888 -387.098 0.939
57.317 97.143 -314.756 1.030
17.541 94.780 -381.208 0.903
-64.914 -2.844 -484.417 1.044
66.724 -1.261 -360.966 1.024
42.401 64.439 -368.482 0.837
-68.441 26.051 -469.136 1.035
-28.596 -96.873 -319.819 0.792
-63.510 37.669 -302.838 0.924
-94.207 99.994 -421.165 0.826
62.148 80.409 -339.532 1.010
-41.034 18.249 -406.474 0.814
-49.914 31.153 -443.992 1.023
34.160 -46.121 -464.653 1.049
42.831 -8.890 -344.205 1.090
-32.772 -20.622 -357.974 0.827
-65.527 27.477 -340.808 1.080
70.253 16.878 -427.615 1.176
-30.017 50.938 -300.399 0.889
-73.878 -57.881 -377.936 1.132
-42.274 -76.454 -405.279 0.949
-34.929 -15.192 -325.563 0.839
-12.408 -16.124 -301.824 0.963
-61.251 -3.173 -448.794 0.905
-33.681 9.659 -402.031 1.119
-19.717 -85.029 -366.686 1.024
67.200 -99.725 -331.535 0.793
-60.527 -51.718 -447.164 0.965
21.413 29.286 -483.729 0.965
-24.915 74.402 -462.182 0.942
-66.265 -17.460 -368.983 0.990
-49.446 -50.514 -395.159 0.996
15.712 73.874 -431.189 1.008
81.170 -4.390 -367.713 1.014
76.945 -31.860 -373.242 0.989
-92.087 -97.698 -387.201 0.992
82.940 29.040 -448.341 1.035
-68.580 -35.475 -434.486 1.015
-7.829 68.796 -327.644 1.091
-49.771 -83.953 -464.954 1.020
-82.615 -36.601 -449.440 1.119
-19.672 -68.507 -399.988 0.974
89.675 19.984 -327.931 1.022
-84.591 2.547 -417.148 0.763
17.111 -83.183 -356.771 0.935
22.993 -50.269 -484.055 0.943
-90.739 40.444 -345.481 0.958
1.341 61.236 -354.548 0.899
78.751 71.381 -361.007 1.139
-91.149 -36.348 -473.006 1.117
33.321 -75.016 -305.103 0.973
-36.996 20.557 -467.427 1.107
33.305 -94.878 -499.478 0.878
-27.399 80.185 -395.195 0.933
-76.729 50.118 -353.685 0.858
54.688 -97.863 -363.284 0.927
-96.553 92.433 -423.857 0.919
30.795 -88.633 -363.838 0.992
2.635 53.437 -457.411 0.877
-89.120 -25.794 -353.817 0.974
31.120 -4.657 -443.371 1.178
-96.539 51.979 -421.321 1.075
98.295 -5.679 -424.986 1.015
-82.461 45.575 -449.093 1.188
-78.667 -26.659 -464.672 1.022
-59.361 11.710 -313.280 0.964
-67.761 43.258 -331.552 1.073
14.996 35.743 -329.106 0.859
-67.585 88.052 -323.775 1.139
7.748 79.656 -435.582 0.952
82.633 9.903 -492.359 1.264
-38.175 86.758 -400.714 1.038
-52.456 -95.846 -428.909 1.129
15.337 -60.685 -447.835 1.097
19.312 40.949 -321.519 0.885
-17.336 -85.333 -495.397 1.258
99.333 -29.412 -336.797 1.027
13.360 9.698 -378.600 1.111
53.765 28.805 -493.821 1.102
-67.753 47.382 -326.756 1.077
95.585 13.417 -335.235 0.859
-23.759 86.270 -408.746 1.066
-26.115 -47.304 -343.229 0.972
32.001 75.120 -450.849 1.105
68.080 43.137 -396.098 1.050
-26.302 -71.328 -352.354 1.005
-53.504 13.452 -435.508 0.954
95.790 -76.222 -403.982 0.852
-90.247 -66.601 -452.226 1.064
89.417 -31.058 -316.116 0.966
72.161 48.637 -361.380 0.929
-0.803 81.652 -424.562 1.063
-28.279 -96.670 -316.511 1.002
54.521 10.617 -474.715 1.127
-96.935 97.919 -367.552 1.032
44.844 79.551 -379.374 1.012
-51.273 75.259 -427.493 1.033
-79.803 89.792 -421.630 0.883
-91.725 -99.119 -398.150 0.879
-26.286 54.126 -340.591 1.120
48.116 90.738 -397.181 0.870
14.884 87.454 -387.143 1.083
-96.860 -43.942 -488.780 1.153
-1.355 -86.778 -408.872 1.020
-4.639 -94.538 -450.622 0.803
-36.957 92.233 -460.541 1.067
-91.185 62.689 -309.162 0.770
13.721 -68.413 -395.482 0.892
43.858 69.677 -333.608 1.171
-65.663 73.863 -380.400 0.989
-26.257 1.191 -364.079 1.212
-45.669 -7.142 -353.053 1.053
39.337 -66.749 -460.889 0.916
6.491 -56.659 -421.167 0.918
-25.673 20.491 -333.558 1.022
51.781 92.358 -322.601 1.044
54.748 35.165 -319.387 1.020
50.652 -29.289 -302.158 0.889
27.659 -86.720 -494.170 0.930
0.205 -25.159 -386.802 1.069
52.665 53.061 -451.048 1.014
-25.884 86.640 -366.629 0.936
-25.862 -41.287 -377.817 1.037
-86.010 -90.165 -405.443 0.953
-70.762 78.517 -447.023 1.045
-13.580 62.037 -349.073 0.913
-46.907 -48.302 -354.505 0.967
4.394 -2.568 -310.000 1.080
88.221 79.359 -402.692 1.113
52.369 -15.131 -494.684 0.988
69.449 -4.644 -357.984 1.054
-9.900 38.809 -470.002 1.072
13.849 -60.123 -382.845 0.990
97.877 -80.542 -423.406 0.865
-92.710 -79.500 -486.387 1.037
35.047 9.438 -415.427 1.089
-52.643 98.556 -380.578 1.182
-29.183 -2.430 -300.340 0.925
44.396 -89.371 -372.868 0.914
-60.450 90.480 -480.293 1.064
-27.001 -57.670 -340.715 1.103
95.829 74.832 -365.468 0.992
0.620 81.768 -436.049 1.029
58.595 -14.164 -363.535 0.910
-67.509 -65.485 -361.049 1.029
-50.186 -83.396 -403.613 0.907
-69.721 45.101 -402.343 0.949
-9.404 57.419 -459.431 1.187
38.386 -17.165 -324.084 1.028
-39.065 -14.429 -329.302 1.080
58.086 52.268 -435.489 0.915
56.399 -87.455 -449.078 0.958
-76.907 -11.867 -485.982 0.967
79.964 -8.785 -498.990 1.171
-81.530 -26.655 -492.239 0.913
19.117 71.301 -455.628 0.958
55.671 -53.595 -454.679 0.999
96.231 -7.839 -419.085 0.988
-51.095 22.058 -340.670 0.938
-77.641 -75.199 -353.929 0.969
-36.443 25.791 -380.170 0.917
67.771 61.420 -418.360 0.968
-44.001 82.373 -454.572 0.955
-66.420 4.632 -301.157 0.814
4.530 10.479 -434.438 1.079
-85.806 0.794 -382.019 0.926
-95.932 -73.425 -359.618 0.905
24.240 22.641 -433.276 0.767
-5.139 72.357 -394.329 0.851
85.302 41.288 -308.258 1.181
84.379 64.204 -331.371 1.155
-98.877 -16.391 -437.975 1.109
58.806 -39.505 -368.115 1.038
81.841 -69.261 -493.004 0.904
14.302 21.556 -367.447 0.998
-65.723 3.993 -484.218 1.107
24.000 82.481 -496.991 1.103
89.045 77.971 -464.853 1.099
0.201 51.677 -445.032 1.108
-20.405 75.766 -485.698 1.219
-84.887 -43.551 -358.637 0.945
-49.133 -20.978 -425.040 0.899
55.051 95.170 -409.552 0.862
29.093 31.658 -411.217 1.051
-64.511 -2.138 -496.171 0.879
48.952 -51.490 -346.317 0.932
87.680 -43.642 -465.483 1.038
-22.331 -0.559 -368.794 0.788
41.733 57.128 -325.699 1.105
-64.203 65.035 -372.978 0.860
-20.512 -72.493 -329.810 0.924
57.164 -30.640 -498.099 0.771
-96.999 -27.675 -460.518 0.972
71.529 41.079 -485.714 1.091
27.853 -81.428 -411.113 1.205
13.403 98.642 -310.631 1.105
-30.152 73.835 -436.895 0.837
-48.627 -77.627 -454.605 1.048
15.410 24.121 -485.221 1.105
-99.786 92.825 -355.579 1.092
34.260 66.454 -437.996 0.948
-93.087 -32.704 -443.713 0.950
74.539 76.955 -400.741 0.964
-89.202 -57.895 -491.280 1.089
48.275 32.993 -332.389 0.815
-74.537 35.593 -462.647 1.083
-53.134 -49.774 -405.229 0.899
-87.109 18.133 -472.377 0.897
-87.893 78.882 -439.146 1.224
68.669 -13.712 -310.961 0.888
-58.616 11.232 -371.511 1.035
89.441 3.172 -451.177 1.098
10.134 -68.409 -374.814 0.859
-87.721 -38.229 -496.308 0.951
-11.396 90.564 -383.969 0.916
17.855 84.495 -335.469 1.069
-31.943 -82.615 -307.856 0.873
72.177 -11.334 -322.482 0.855
25.637 94.383 -455.730 1.060
-25.945 -90.924 -379.916 0.934
30.633 -72.206 -350.594 0.966
-5.899 -95.107 -343.771 0.981
-97.267 74.592 -493.800 0.878
-12.312 7.908 -473.884 0.873
-34.313 48.741 -330.003 0.972
36.880 92.660 -345.498 1.034
-12.544 17.387 -305.320 1.134
-22.109 -68.582 -311.711 1.069
62.760 -35.841 -491.645 0.907
11.476 -29.388 -406.694 1.073
-35.151 -89.250 -481.498 0.817
84.437 -56.524 -368.661 0.984
31.903 24.041 -409.465 0.931
15.247 26.779 -411.753 1.042
-53.075 30.102 -449.669 1.025
52.824 82.706 -394.265 0.994
-4.395 -42.081 -321.741 1.081
-15.231 -88.168 -435.209 0.960
-35.980 19.384 -369.123 0.960
57.210 -46.441 -435.005 0.945
-23.602 -10.210 -430.121 1.011
-11.930 -91.950 -307.567 1.009
-4.221 5.125 -325.150 0.856
95.828 -31.810 -476.600 0.984
-44.101 -11.168 -436.242 1.200
94.248 -10.757 -414.002 1.102
85.705 80.250 -485.198 1.053
77.047 37.849 -338.817 1.030
-95.716 -49.066 -314.550 0.927
-97.316 -27.800 -398.427 1.079
0.860 -97.213 -341.436 0.921
-41.985 -12.624 -376.457 0.818
-28.921 -61.306 -430.426 1.033
-73.433 -55.368 -323.962 1.126
70.611 -84.254 -323.182 0.903
-11.954 -23.553 -495.706 1.102
51.945 -20.404 -438.931 1.034
-88.607 73.573 -380.431 1.083
-41.294 77.579 -305.331 0.817
-40.728 12.703 -387.577 0.958
-16.752 2.024 -381.285 0.979
13.003 58.282 -313.723 0.922
-75.757 47.822 -482.208 1.102
-62.558 -79.051 -377.528 0.960
86.449 83.835 -373.395 0.917
-72.679 99.100 -489.551 1.077
-96.689 -22.116 -425.701 1.044
-52.281 24.113 -322.932 0.980
-77.016 -68.237 -384.375 1.138
92.377 45.340 -334.952 1.178
-83.177 37.316 -495.094 1.162
-69.690 -89.631 -490.307 0.969
55.763 87.958 -390.017 1.042
72.548 -59.698 -485.768 1.022
85.440 -82.442 -413.151 1.188
39.191 35.566 -496.381 1.124
19.964 42.261 -376.462 1.011
93.430 50.316 -364.055 1.022
83.090 10.853 -445.778 1.035
-65.038 -67.881 -380.780 1.069
94.330 -3.176 -405.825 1.048
-48.432 -31.982 -398.790 1.085
90.435 44.976 -458.487 0.882
12.570 68.554 -441.729 1.018
-8.883 5.381 -369.708 1.014
28.629 22.074 -451.235 1.075
75.638 -43.026 -388.476 0.932
41.532 -80.811 -337.008 0.956
-31.984 37.900 -463.847 0.873
-21.862 -74.330 -420.300 0.894
-42.911 62.786 -483.009 0.928
-80.948 7.289 -447.958 1.250
91.998 52.218 -358.675 1.061
-13.729 -8.020 -366.495 1.092
-4.052 -67.048 -407.280 0.772
3.232 -57.333 -368.670 0.972
-68.986 -21.282 -321.222 0.900
-54.250 -97.869 -494.915 0.884
72.376 38.492 -393.648 1.148
-53.557 56.332 -487.482 0.922
-51.310 4.666 -363.031 0.916
42.297 -55.471 -351.404 0.961
91.346 -74.368 -312.771 0.833
28.510 67.625 -371.713 0.988
-93.600 -38.390 -407.079 1.013
-42.617 22.736 -458.353 1.015
25.821 57.638 -452.798 1.045
73.652 45.901 -441.371 1.071
47.280 -20.478 -367.651 0.991
-65.743 -26.890 -383.140 1.116
-10.604 -66.244 -448.682 0.965
-8.144 -55.382 -424.566 1.019
86.893 -36.451 -355.712 0.972
87.018 40.052 -354.179 1.138
65.571 -97.788 -306.278 1.118
-55.334 30.509 -422.202 0.914
-44.001 18.099 -321.475 0.841
-98.135 95.267 -392.646 0.932
-69.218 -52.224 -484.343 1.125
-0.258 -36.698 -378.838 0.832
-50.779 14.884 -357.349 0.951
-98.863 39.101 -401.009 1.112
85.090 -73.114 -350.216 1.086
20.497 17.082 -324.362 0.887
-33.207 26.858 -422.505 1.045
-27.603 -29.700 -337.930 0.879
-42.239 -31.327 -358.556 0.988
47.632 -32.112 -362.706 1.051
94.635 -21.281 -461.907 0.927
-50.686 43.025 -382.251 1.098
-35.176 34.665 -342.209 0.969
51.108 -58.944 -423.471 1.109
-10.248 37.215 -332.184 0.920
-87.280 19.849 -312.311 0.927
-4.003 -38.776 -459.702 1.018
21.239 -67.799 -376.379 1.122
-51.054 26.649 -394.091 1.084
-33.773 -29.029 -429.694 1.006
20.435 -9.652 -362.177 0.916
-88.313 -64.681 -356.960 1.022
-6.923 -33.931 -485.021 0.940
-46.514 89.163 -457.997 1.037
-40.269 17.612 -400.964 0.930
28.555 -51.903 -399.250 0.850
80.670 36.808 -478.473 1.215
-55.480 30.665 -471.293 1.253
43.966 92.016 -339.202 1.099
64.088 64.462 -461.137 1.106
-60.705 40.367 -491.726 0.984
14.480 77.259 -317.025 0.922
87.086 78.443 -385.772 0.994
-84.619 -51.813 -392.646 1.068
30.037 -25.587 -483.223 1.068
-57.694 42.470 -432.545 1.139
-77.243 -9.636 -344.398 0.815
75.215 -3.330 -424.911 1.063
-81.146 -79.379 -443.611 1.134
-68.083 47.211 -383.020 0.941
-46.194 16.202 -445.461 1.044
96.331 -51.726 -474.392 0.927
-41.237 74.288 -319.843 0.922
98.152 -76.534 -383.428 1.051
13.848 -74.103 -364.727 1.030
48.253 -52.690 -328.915 1.082
