31.503 66.765 -492.514 1.104
-84.467 50.340 -355.734 1.070
-0.265 -6.495 -412.282 1.140
-97.445 -85.142 -387.780 0.950
-8.054 -39.371 -347.934 0.956
-54.669 -37.478 -383.826 0.916
71.003 -96.287 -327.946 1.072
25.792 -54.626 -451.303 1.030
22.203 -58.258 -316.696 1.107
12.128 6.951 -395.245 1.162
-52.879 -72.404 -387.363 1.080
-25.084 -47.825 -325.009 0.847
18.650 4.063 -437.792 1.039
-93.965 58.058 -495.844 1.077
38.431 -75.594 -344.579 1.055
-34.360 9.032 -469.012 0.883
-47.083 49.249 -328.864 0.994
-99.605 59.152 -327.252 0.919
-6.681 1.474 -314.891 0.872
-29.727 -98.551 -320.929 1.280
-60.410 70.478 -322.590 1.039
-23.087 52.374 -493.550 0.857
42.884 -47.447 -332.542 1.027
-82.087 -36.671 -479.529 1.058
-84.143 -5.046 -359.314 0.960
-84.598 80.189 -397.997 0.874
-79.574 41.791 -488.799 0.973
-73.218 -88.322 -362.291 0.925
56.058 35.733 -304.119 1.177
-67.756 -47.080 -453.400 0.917
-28.637 81.307 -426.269 0.895
24.275 -54.377 -392.797 0.866
-51.867 -27.791 -403.127 0.729
74.749 -6.188 -424.655 0.960
92.540 26.245 -404.331 1.102
78.165 37.733 -411.406 1.095
81.991 -93.001 -351.694 0.767
-85.037 -7.466 -483.512 1.090
-28.576 -21.285 -399.161 1.121
-44.157 -10.637 -402.008 1.147
2.203 -49.196 -330.190 1.026
-43.944 17.700 -351.781 1.061
19.171 23.460 -430.121 0.959
70.642 -96.386 -312.124 1.020
-97.845 -37.005 -340.745 0.938
-69.548 74.794 -464.783 0.921
-75.474 -20.931 -461.160 1.152
-48.793 -84.666 -474.508 1.160
-77.226 -77.142 -467.057 0.904
-95.225 70.991 -484.131 0.915
97.583 -45.264 -320.299 0.926
56.470 97.940 -472.406 1.016
11.893 -89.212 -477.883 1.201
-74.972 63.210 -302.688 1.292
-92.499 5.594 -416.441 0.861
31.292 -39.434 -301.148 1.154
-1.777 10.391 -440.193 1.243
-34.219 63.572 -329.690 1.017
-57.921 -82.985 -457.632 0.977
40.585 0.657 -335.593 0.977
80.284 -91.664 -368.218 0.942
-85.148 -96.011 -453.835 1.124
-46.027 61.079 -451.556 1.004
-9.038 -24.456 -303.457 1.150
28.930 -79.862 -366.134 0.651
-10.584 -82.845 -443.640 1.110
-2.839 -85.748 -465.747 0.966
54.159 -16.769 -359.098 0.981
-85.202 -71.304 -456.472 0.884
26.884 8.719 -359.095 0.864
21.968 -92.649 -434.385 1.087
-59.101 20.918 -498.608 0.928
29.106 8.349 -376.362 0.867
30.823 7.480 -474.076 1.030
6.399 -11.650 -322.633 1.012
95.674 -88.392 -460.274 1.021
-23.453 -33.116 -443.965 1.013
27.398 92.368 -330.079 0.850
-21.960 -25.694 -467.417 1.049
58.278 -46.020 -477.307 1.076
30.174 55.641 -475.475 0.913
1.912 -28.214 -426.735 0.831
-98.436 -53.626 -445.173 1.049
55.497 10.951 -394.636 0.982
-69.264 -8.829 -404.189 1.009
86.701 39.197 -434.615 1.114
-36.981 63.581 -414.727 1.249
-69.312 59.908 -414.822 0.948
-29.252 -54.266 -302.713 0.962
-68.453 39.199 -437.102 0.882
45.589 -33.353 -486.681 0.945
-56.849 13.648 -449.350 0.918
-85.812 -28.126 -496.903 1.088
21.106 91.818 -347.908 0.993
-79.661 65.144 -361.258 1.003
30.308 12.544 -389.070 0.939
59.749 -83.883 -381.492 0.920
71.170 -34.173 -484.290 0.815
-61.997 -93.269 -469.854 1.071
-85.927 92.725 -388.199 0.874
0.306 -98.457 -393.591 0.917
32.632 84.914 -305.328 1.274
83.865 -48.259 -309.439 1.040
-77.487 18.452 -398.408 0.991
-30.096 2.810 -347.379 0.940
23.725 -73.239 -449.025 1.035
74.902 20.838 -494.987 1.033
-10.350 54.170 -471.177 0.856
-33.153 -10.994 -446.228 0.952
-60.758 -87.258 -451.947 0.850
27.064 89.207 -304.754 1.063
-28.632 7.198 -424.133 0.996
42.963 38.064 -414.534 0.902
83.135 8.441 -383.873 1.083
-6.083 -47.621 -311.679 0.986
-30.616 49.196 -487.345 0.908
55.033 69.094 -389.210 0.992
81.149 43.482 -359.448 1.067
-64.761 -42.979 -355.362 0.918
-45.962 -68.991 -396.342 0.983
-40.863 62.012 -317.459 0.843
26.690 -35.467 -467.286 1.149
-16.107 -60.684 -468.210 1.104
77.649 -2.110 -365.064 0.827
-44.944 53.964 -449.893 1.018
20.885 -48.752 -378.965 1.092
91.361 91.625 -324.549 1.050
-70.070 47.060 -472.238 0.880
54.001 -45.979 -406.863 0.939
-6.125 -85.327 -357.710 0.865
-62.531 -48.867 -496.267 0.820
97.708 -76.074 -382.873 0.927
65.636 66.998 -301.400 0.856
80.795 5.726 -387.063 1.201
-59.322 31.930 -402.558 0.828
-26.033 53.633 -347.701 0.965
-53.858 89.115 -390.113 0.861
28.656 -29.473 -427.226 0.869
-85.958 91.177 -427.978 1.020
-97.186 83.752 -361.664 0.965
74.365 30.725 -315.401 1.120
-34.267 90.203 -306.852 1.075
16.522 3.547 -426.041 0.789
-58.683 78.936 -411.033 1.002
30.359 21.843 -369.253 1.147
-4.713 -78.077 -375.217 0.875
35.917 41.193 -486.967 1.004
-95.609 50.425 -369.746 0.969
16.735 13.715 -337.613 1.024
-44.044 17.954 -483.208 0.991
61.876 52.893 -358.871 0.946
-4.476 10.911 -432.277 1.009
-84.224 40.002 -452.317 0.910
-95.432 -40.071 -391.190 1.052
5.359 39.836 -475.855 0.916
34.034 -8.792 -481.550 1.037
67.274 -82.070 -394.455 1.008
63.076 -29.605 -311.658 1.084
18.883 71.967 -339.209 0.989
13.085 69.742 -457.560 0.982
-49.001 41.501 -381.411 0.915
44.867 -21.938 -472.716 1.083
-69.453 30.360 -477.783 1.014
97.002 -28.489 -414.574 1.024
76.041 4.397 -442.184 0.989
-48.514 32.419 -315.675 1.025
-46.616 -87.520 -412.037 1.048
35.702 -76.575 -468.989 0.950
85.941 -59.813 -471.665 0.935
-80.834 77.414 -462.837 1.106
34.403 39.779 -465.935 0.835
-45.513 67.795 -430.845 1.027
15.496 90.605 -322.907 1.067
-57.017 51.274 -496.294 0.840
36.983 41.759 -321.165 1.004
50.278 35.449 -310.099 0.844
-70.447 -20.709 -387.099 0.966
-36.187 43.229 -322.829 1.001
-1.404 -4.185 -375.667 0.998
-92.531 -46.605 -311.590 1.170
65.237 -76.847 -390.905 1.100
-58.569 -38.666 -420.099 0.870
-28.727 74.771 -448.824 1.087
-59.826 89.194 -499.736 0.915
30.943 20.033 -498.783 0.902
-84.772 -15.558 -373.966 0.998
80.940 -71.920 -305.105 0.999
-56.094 57.096 -331.593 1.097
80.743 -52.203 -437.290 1.256
98.671 51.732 -384.063 0.916
75.684 90.493 -310.907 1.090
80.844 23.380 -322.375 0.782
80.779 -34.043 -467.102 1.069
-7.954 -36.068 -355.307 0.924
-18.062 -82.882 -465.242 0.944
-23.221 -50.572 -359.321 1.175
-62.765 34.423 -385.899 0.872
63.656 -91.515 -378.118 0.921
80.095 -5.993 -437.391 0.968
62.913 1.450 -401.967 1.004
48.316 -0.225 -430.586 0.994
96.600 38.260 -416.072 1.227
-55.428 -34.000 -420.140 1.001
50.282 58.033 -421.212 1.021
-49.695 -38.150 -492.636 0.968
80.602 6.786 -419.053 0.879
-0.106 -4.979 -344.484 0.879
-71.834 50.732 -317.089 1.003
-88.634 -65.640 -441.336 1.018
5.702 63.414 -420.515 0.989
0.918 -55.168 -354.862 1.015
-29.686 9.870 -442.315 1.034
4.524 -3.618 -412.954 0.960
-19.443 90.182 -394.888 1.099
91.927 33.243 -369.423 0.807
-57.513 18.840 -406.069 0.804
-22.470 45.393 -415.916 0.889
69.922 -86.712 -397.841 1.088
-99.370 -51.096 -467.880 0.941
16.930 -3.124 -459.222 0.969
-96.220 28.834 -363.696 0.873
-51.175 25.788 -328.559 0.973
-37.996 96.483 -339.352 1.045
36.440 89.523 -469.798 0.913
39.209 -99.796 -446.054 0.908
30.784 -73.997 -483.143 1.122
80.487 23.357 -408.658 1.331
-26.459 83.240 -385.670 0.970
96.678 15.042 -453.315 1.058
66.842 94.283 -406.511 1.060
-25.165 -87.425 -364.167 0.866
-45.525 1.673 -424.501 0.983
-32.444 42.156 -338.458 0.992
84.478 -77.145 -492.092 1.165
-90.696 -30.632 -401.838 0.964
-8.859 -80.227 -372.334 1.121
-92.288 -25.328 -497.602 1.030
10.201 12.771 -401.516 1.045
-31.469 66.692 -331.485 1.018
21.962 27.942 -424.943 1.146
65.551 -5.094 -420.985 0.944
-67.081 -7.740 -410.928 0.972
97.765 28.683 -358.033 0.892
-95.646 38.618 -359.536 0.935
-8.344 -85.400 -332.652 0.995
-39.739 -46.285 -393.753 1.132
78.301 -16.474 -304.470 0.830
83.506 70.592 -310.450 0.845
20.128 64.155 -303.497 1.068
-53.176 -99.427 -492.038 0.959
-67.104 -26.201 -467.247 1.046
-52.257 -48.468 -357.371 0.930
91.372 49.540 -434.101 1.107
31.189 -51.973 -320.793 1.081
-11.950 -88.761 -364.655 0.947
25.119 -9.085 -319.955 1.026
27.765 -71.283 -317.786 1.091
22.019 -40.760 -380.066 0.992
29.363 7.100 -489.330 0.947
92.624 27.527 -497.133 1.038
-24.716 87.269 -404.049 0.990
31.602 91.884 -393.909 1.100
20.175 -87.506 -396.370 1.042
-24.568 74.236 -341.839 0.935
10.633 66.804 -408.188 0.984
0.910 -76.709 -469.708 1.067
3.921 -58.970 -428.275 1.014
-62.869 75.641 -447.085 1.168
74.227 -23.378 -407.191 1.018
89.860 69.737 -311.480 1.082
-50.171 56.388 -415.047 1.121
-57.342 -4.284 -339.617 0.981
-39.071 -33.775 -407.105 0.904
-49.769 -68.885 -394.283 1.017
2.938 -4.944 -325.618 0.964
-8.239 5.811 -406.367 1.053
-93.663 -40.520 -468.315 1.030
-14.089 -58.044 -447.948 0.936
-46.982 -99.935 -435.763 1.069
84.625 53.415 -367.941 0.982
-82.519 25.770 -487.419 1.030
-30.277 0.112 -433.706 1.073
54.760 3.304 -332.263 1.245
-25.211 63.415 -363.597 0.954
-93.786 97.210 -397.683 1.043
-47.466 42.490 -335.805 0.786
90.894 86.175 -401.899 0.894
-29.592 -71.269 -429.084 0.979
-21.671 14.416 -477.163 1.002
-48.441 46.926 -497.075 0.974
96.011 -24.354 -353.888 0.879
-43.817 44.471 -476.976 1.192
65.868 -64.298 -373.417 1.056
37.047 67.306 -489.321 1.039
78.094 47.770 -398.943 0.955
-54.176 -22.558 -391.851 1.067
-88.777 -1.505 -363.237 0.945
-12.275 -33.540 -325.726 0.960
36.353 22.657 -423.546 1.091
80.628 -30.069 -303.988 0.993
97.523 92.744 -439.537 1.069
67.219 12.986 -432.892 0.912
13.457 2.910 -425.262 1.175
20.733 68.337 -416.453 0.857
81.028 0.634 -390.216 0.844
-53.009 95.959 -383.839 1.108
-5.004 53.849 -483.713 1.271
-0.144 -48.943 -484.297 0.888
44.064 68.130 -493.698 0.916
92.443 -1.430 -421.945 1.132
14.848 -43.769 -428.006 1.158
26.011 85.976 -309.866 1.096
38.584 79.516 -410.400 0.817
-74.710 75.860 -374.839 1.068
-58.268 -26.994 -313.801 1.089
-59.263 56.373 -329.894 1.065
80.254 -19.752 -386.123 0.976
41.418 60.173 -395.800 0.885
-42.013 20.639 -440.713 0.962
24.434 11.848 -460.022 1.001
-80.183 49.668 -392.430 0.961
-93.583 -77.897 -304.157 0.970
54.567 -19.045 -468.469 1.124
-59.482 -83.605 -456.012 0.966
97.070 16.296 -314.816 0.935
-86.115 28.638 -405.787 1.036
-40.726 95.403 -498.753 1.060
38.231 -66.112 -497.088 1.022
31.904 -25.020 -393.098 1.109
-54.032 5.150 -325.743 0.880
96.101 -12.605 -425.519 1.022
-15.493 44.848 -350.828 0.973
-98.988 53.784 -307.063 0.831
97.231 46.406 -427.262 1.061
51.054 -49.107 -375.269 1.131
15.722 -91.696 -406.621 1.035
-67.264 6.498 -337.997 1.033
-20.746 88.162 -428.649 1.054
89.061 -84.341 -467.707 0.896
96.226 -54.610 -355.916 0.817
-86.841 -77.381 -485.484 1.010
7.426 4.408 -356.460 0.919
32.599 0.141 -361.599 1.187
7.150 -7.397 -332.545 1.098
52.176 -43.109 -390.638 0.905
56.415 38.614 -334.104 0.992
39.363 23.557 -367.559 0.738
21.526 -83.302 -408.909 1.059
53.357 -56.850 -366.926 0.921
-7.481 -59.558 -379.842 1.103
58.298 87.565 -450.112 1.044
44.932 -42.769 -347.922 1.161
-94.795 -47.032 -491.518 0.993
49.142 -57.016 -374.507 0.858
28.375 1.314 -396.205 0.891
-44.448 -94.824 -375.234 1.042
-5.231 -72.191 -340.576 1.103
65.958 68.859 -409.475 1.111
77.691 -77.787 -317.168 0.862
68.185 48.816 -420.562 0.878
-72.452 64.110 -428.971 0.961
9.356 4.064 -377.087 0.945
-63.202 62.989 -488.803 1.024
75.892 -29.799 -425.604 1.004
-58.157 -55.454 -416.549 1.064
36.873 -32.053 -489.970 1.125
70.387 -72.620 -478.235 0.926
82.823 3.527 -367.473 0.915
-64.055 -5.088 -313.122 1.098
96.717 11.480 -437.203 0.969
-9.841 -90.892 -427.560 1.112
-82.584 10.281 -320.882 1.041
51.983 -31.859 -464.476 0.828
7.423 51.733 -324.962 0.910
60.989 54.460 -475.254 0.925
64.179 62.086 -373.048 1.044
-98.271 77.432 -469.724 1.122
32.433 -40.295 -456.608 0.989
64.063 -13.133 -312.696 0.933
-25.402 72.283 -476.565 1.005
-90.212 73.933 -429.783 1.058
-70.945 -88.438 -322.315 0.943
2.898 -59.369 -359.680 1.020
-73.160 15.998 -374.156 0.980
-50.327 21.786 -338.669 0.972
-85.536 -90.251 -357.052 0.898
59.112 -34.467 -343.515 0.891
89.464 83.779 -446.308 1.078
-50.167 -74.651 -490.771 0.999
58.357 80.883 -441.542 1.153
38.337 -84.983 -323.356 1.132
81.312 1.954 -489.270 0.893
12.840 12.584 -448.901 1.061
-8.135 54.069 -306.819 1.138
-7.223 79.934 -371.725 0.962
-41.364 71.116 -428.652 0.926
-91.414 -56.209 -341.040 1.202
-0.497 40.407 -306.026 1.068
-54.463 -67.655 -480.492 1.146
35.039 65.162 -431.457 1.021
31.025 -6.784 -369.859 1.166
55.625 39.016 -339.009 0.872
3.947 65.608 -362.707 0.900
-9.543 -66.097 -300.382 1.125
-6.615 39.542 -450.380 1.017
93.491 72.685 -322.240 1.092
-93.393 -27.654 -369.733 1.093
17.593 73.044 -370.899 0.957
-11.278 -94.453 -426.506 0.957
-71.551 49.041 -485.176 1.113
-73.955 -8.751 -427.038 1.036
43.012 67.162 -474.523 0.830
78.589 -88.929 -467.425 0.947
22.631 3.784 -398.821 1.159
95.097 22.313 -440.670 1.081
-26.709 -4.832 -481.894 1.016
94.441 -1.169 -329.003 1.119
-94.846 24.591 -353.175 0.992
44.101 3.168 -316.160 1.087
-30.849 -13.572 -472.343 0.877
-19.809 74.605 -345.891 1.028
11.454 10.890 -380.019 0.952
33.043 66.394 -360.468 0.866
5.318 43.992 -467.870 0.766
16.369 64.546 -409.746 1.012
-1.062 -54.559 -456.952 1.077
69.968 -93.014 -324.549 0.906
87.296 24.129 -498.984 0.989
-93.568 -69.279 -403.805 0.909
33.963 22.535 -467.995 0.948
55.240 50.077 -327.341 0.981
-20.450 76.375 -459.662 1.056
-88.281 81.332 -399.261 1.130
1.520 53.719 -308.716 1.016
-78.190 -87.177 -313.983 1.027
-59.770 2.708 -345.564 0.931
82.192 -4.924 -300.541 0.934
-7.999 -43.552 -343.544 0.944
-86.819 -99.600 -308.656 1.015
68.153 29.488 -444.575 0.921
-72.300 21.527 -413.165 0.871
34.463 -99.332 -307.725 1.104
-61.629 74.188 -390.093 0.936
12.754 88.649 -427.859 1.125
-1.326 -27.434 -332.904 0.997
21.013 37.482 -435.100 1.141
-10.248 0.463 -461.913 1.135
90.326 -40.435 -340.314 1.085
-46.959 4.399 -380.522 1.036
-75.960 -96.334 -377.144 1.058
-3.764 19.441 -413.815 0.982
5.553 -30.953 -488.568 0.920
21.571 -99.700 -447.171 0.999
68.237 18.122 -474.103 0.891
-32.591 -28.515 -462.280 0.894
99.358 48.721 -327.432 1.032
28.771 -95.790 -366.221 1.061
-59.008 -64.802 -452.583 1.127
-0.762 53.461 -380.658 1.012
64.663 -99.466 -495.673 1.049
65.531 58.667 -421.599 0.929
2.026 79.098 -316.468 1.182
75.238 -21.247 -380.371 1.052
15.820 -88.410 -428.924 0.963
74.293 -84.671 -448.393 1.087
43.981 -57.584 -322.375 0.970
99.742 11.568 -421.384 0.973
16.876 57.525 -357.507 0.935
13.980 52.634 -361.058 1.009
-72.109 -5.991 -417.609 0.919
27.714 49.517 -368.359 1.018
76.800 -27.893 -409.694 0.925
-69.975 -21.777 -417.212 1.077
-51.771 65.874 -452.432 0.955
-21.091 -82.213 -433.012 1.002
58.043 86.008 -456.459 0.953
21.719 74.622 -394.231 0.865
25.153 -74.139 -319.742 1.219
42.601 -35.410 -389.836 0.806
87.112 -87.010 -319.966 0.782
-70.717 47.518 -454.502 1.063
-4.800 61.367 -465.594 0.896
69.376 -93.065 -405.963 1.080
-32.518 70.757 -469.238 1.073
7.506 34.735 -368.137 0.960
-7.857 -55.641 -455.983 1.033
3.469 -50.641 -486.147 1.095
98.019 90.436 -325.654 0.949
-57.557 5.923 -329.546 0.878
-57.766 -28.292 -439.390 1.041
83.034 11.514 -482.485 1.119
-52.889 95.356 -461.813 0.972
-23.826 0.961 -308.947 0.960
-6.065 57.014 -453.765 0.951
-15.526 -3.190 -400.357 0.998
-90.125 77.629 -327.603 1.047
38.702 -47.825 -361.991 0.998
46.948 -27.519 -371.608 0.953
-57.663 -38.541 -351.201 0.953
1.137 90.118 -345.363 0.950
4.447 -40.130 -389.907 1.048
-89.475 -33.670 -425.737 1.022
33.632 -88.545 -305.556 0.891
37.802 -19.896 -465.231 1.088
-44.473 -88.218 -484.442 1.097
-68.184 19.070 -310.672 0.972
-69.026 -33.278 -412.218 1.048
94.617 57.065 -383.141 1.024
11.339 -71.282 -350.458 0.796
68.871 30.465 -432.272 1.110
1.933 -44.254 -374.847 1.125
-3.226 15.460 -421.390 0.870
-53.053 83.372 -397.323 1.062
-90.248 67.919 -304.729 0.893
83.297 63.752 -461.688 0.909
-67.579 36.916 -308.628 1.130
81.645 -99.917 -305.126 0.955
-1.985 33.360 -434.479 0.978
-92.482 -90.171 -496.761 1.032
-34.213 -50.583 -495.927 0.921
17.095 -96.106 -464.909 0.931
-78.487 -50.482 -458.059 0.883
-98.035 -6.168 -432.577 1.080
98.506 -58.841 -360.600 0.976
-35.980 56.702 -451.389 1.026
-21.662 -66.048 -392.088 1.145
-16.867 -28.701 -462.193 0.970
-93.228 -54.146 -451.200 0.971
-7.007 -26.577 -496.715 1.207
-86.315 -36.290 -361.648 0.950
81.981 49.805 -402.997 1.103
-65.616 -66.358 -328.379 1.020
92.483 7.011 -392.454 0.950
27.217 41.300 -490.052 0.856
88.775 17.959 -347.396 0.931
-89.438 -44.914 -329.694 1.036
-49.568 94.886 -328.771 0.825
20.687 63.905 -330.231 0.988
-0.818 72.451 -344.542 1.007
87.636 41.652 -355.718 0.988
-9.481 66.719 -378.266 1.052
-89.305 78.320 -307.848 1.089
96.371 -79.547 -473.123 0.917
96.163 -85.151 -308.122 0.905
-71.727 51.598 -319.661 1.040
-37.074 71.164 -363.556 1.110
52.291 49.883 -481.978 1.042
50.190 92.139 -336.456 1.096
36.773 -71.708 -332.142 0.902
-23.698 69.058 -336.517 1.032
33.018 -47.780 -466.706 1.086
-47.294 62.986 -331.233 1.099
57.851 86.784 -322.098 1.056
-98.082 37.395 -466.155 1.033
62.391 27.245 -330.756 1.076
33.119 -63.276 -354.251 0.981
-78.235 -54.239 -480.521 1.136
-71.046 85.730 -338.412 0.942
-5.977 23.650 -435.593 0.936
63.516 32.038 -499.281 1.050
-92.013 -13.072 -311.409 0.912
-43.957 9.689 -332.911 0.871
46.652 65.510 -308.740 1.079
48.423 83.340 -356.000 1.064
71.315 52.202 -353.386 1.028
23.169 39.804 -438.205 1.127
-47.145 0.553 -339.561 1.155
-9.803 35.048 -452.132 1.047
-66.165 -30.198 -450.887 0.904
-8.074 -21.812 -487.148 1.130
-55.010 -62.749 -362.730 1.187
-62.543 30.087 -390.273 1.044
22.781 76.669 -439.554 1.009
-45.644 -82.503 -385.423 1.079
42.406 52.822 -428.884 0.846
84.964 -59.670 -454.914 0.936
-10.835 64.519 -407.745 0.980
-85.969 78.727 -438.909 0.918
66.613 -90.323 -316.045 0.926
-95.677 21.335 -396.468 0.935
-8.418 -13.494 -308.986 1.043
75.737 -41.385 -328.895 0.844
-34.116 79.783 -336.317 0.945
-70.221 -15.011 -302.092 1.032
60.162 -78.477 -362.420 1.131
-62.526 -85.637 -431.151 1.083
-87.787 -35.450 -432.583 0.959
-60.529 75.822 -305.447 1.012
-7.408 -33.935 -308.007 0.980
58.857 -47.168 -344.095 1.024
0.656 36.595 -376.084 1.102
-97.850 15.492 -441.471 1.248
45.195 -43.149 -341.906 1.154
76.081 84.752 -438.033 1.015
26.439 -3.676 -331.662 0.935
89.774 -77.557 -358.837 1.131
60.027 26.808 -338.608 0.742
-78.094 58.597 -477.767 0.907
6.480 -38.341 -425.708 0.939
99.379 54.478 -440.874 1.104
-93.622 -92.079 -397.069 1.139
61.497 -34.166 -412.762 1.154
30.498 -53.746 -320.582 1.011
75.697 -1.218 -400.097 1.085
17.864 87.456 -356.036 0.854
-77.746 -36.313 -442.994 0.942
83.846 -78.242 -391.772 1.011
-73.569 87.357 -415.519 1.009
59.291 -30.849 -441.064 0.954
-70.805 70.327 -389.691 0.862
-12.117 -75.168 -372.138 0.956
-51.027 -65.005 -415.384 1.081
92.210 93.922 -463.490 1.054
-8.162 -44.954 -408.381 1.094
-27.398 -11.663 -389.925 1.015
-67.330 -53.558 -488.354 1.102
25.599 0.324 -305.564 0.935
13.803 -4.371 -495.259 0.983
-4.585 -65.939 -326.875 0.940
69.683 -8.330 -341.666 1.099
95.571 29.632 -435.573 1.050
75.245 39.068 -327.485 1.002
-76.022 -57.349 -463.198 1.115
19.439 -92.727 -448.403 0.991
-37.294 74.756 -497.553 1.114
-70.595 -41.332 -334.492 0.814
-23.391 30.401 -478.693 1.052
74.215 -17.828 -442.676 1.127
-33.480 -36.829 -343.164 1.099
-64.208 10.091 -405.689 0.963
-19.957 56.517 -453.711 1.059
33.969 53.340 -484.754 1.015
-16.711 86.654 -350.041 1.052
-59.886 40.696 -460.865 1.116
-46.453 -45.686 -318.887 1.040
-23.932 88.736 -367.134 0.982
55.376 21.004 -461.751 1.071
-75.132 77.264 -354.089 0.977
2.381 72.872 -354.528 0.936
-39.046 -83.975 -460.623 0.901
-18.933 -98.731 -490.634 1.083
96.013 30.226 -359.003 0.881
-27.372 -0.396 -442.958 1.014
-86.111 -75.935 -380.598 1.172
83.195 47.328 -487.338 1.102
46.608 -28.444 -358.255 0.727
-33.018 7.334 -423.121 0.761
94.221 -4.273 -460.007 1.053
42.461 -51.846 -434.275 0.898
-36.181 -80.193 -329.567 1.003
-85.265 53.683 -494.407 0.829
-7.151 -92.229 -498.634 1.151
-31.417 12.842 -427.567 1.060
96.802 90.204 -484.881 0.969
-22.711 15.629 -339.364 1.124
-13.178 21.631 -469.323 1.071
74.499 -41.556 -368.627 1.020
93.201 7.009 -493.302 1.050
0.007 46.293 -321.503 1.060
-36.934 12.090 -344.425 1.028
-8.535 41.008 -349.735 0.867
14.798 -2.515 -308.370 1.077
59.984 49.270 -347.873 0.938
-32.488 76.799 -459.031 0.916
48.588 11.665 -440.724 1.016
8.221 -48.889 -330.792 0.947
78.078 12.021 -380.116 0.847
1.166 75.928 -326.841 0.922
-49.720 -75.975 -360.636 1.155
94.830 25.386 -410.208 1.056
-22.602 -55.430 -457.363 1.057
20.541 -76.426 -442.082 1.072
-65.188 -35.026 -435.645 0.902
43.426 -92.554 -486.849 0.969
-49.912 84.878 -435.305 1.003
-95.293 81.819 -469.090 0.912
-85.250 -85.256 -469.105 1.102
77.325 -68.720 -311.639 0.995
55.284 -80.520 -433.769 1.098
49.749 17.210 -314.534 1.048
3.664 -69.542 -305.672 0.975
-55.624 -65.689 -343.065 0.951
70.269 10.146 -493.522 0.981
93.173 -36.095 -408.110 1.081
-44.955 3.218 -381.040 0.961
57.834 -16.715 -354.214 0.949
-15.996 10.857 -393.878 0.960
24.357 66.516 -491.722 0.993
-98.915 50.151 -354.756 1.062
-25.573 61.187 -482.234 1.044
43.252 6.284 -456.872 1.221
-8.483 90.826 -420.909 0.911
15.355 93.209 -315.926 0.843
-72.196 67.944 -479.423 1.163
37.720 -38.341 -491.637 0.994
54.977 53.124 -487.237 0.778
87.696 -3.559 -415.429 0.946
66.871 -98.130 -304.202 0.965
-65.678 -87.424 -427.284 0.875
97.579 14.693 -490.344 0.959
42.562 -49.485 -483.422 0.996
37.687 69.595 -366.530 0.964
-48.472 98.883 -440.206 1.101
72.347 89.709 -499.584 1.015
10.170 46.130 -484.698 0.940
-82.987 86.830 -464.534 1.047
51.239 89.373 -406.481 0.987
-61.001 16.579 -472.866 1.043
4.451 -68.467 -448.575 1.124
93.409 74.752 -334.883 0.737
-36.937 62.627 -483.317 1.027
47.420 -73.538 -419.106 1.123
-3.355 -54.423 -407.123 0.959
73.622 -20.417 -306.367 1.127
-9.678 76.477 -386.724 0.927
16.282 34.307 -377.011 1.004
-7.711 -85.046 -496.254 1.195
99.638 27.562 -494.152 1.035
-30.898 -61.637 -488.227 0.846
56.179 -12.309 -391.639 0.893
50.804 -32.964 -354.466 1.007
58.961 -75.653 -371.256 0.856
66.097 -38.014 -470.830 0.992
70.271 84.240 -481.068 0.811
-45.244 15.771 -402.385 0.872
20.497 -33.614 -429.666 1.004
81.743 33.800 -454.996 1.024
21.689 -97.981 -401.227 0.943
-39.201 -27.598 -356.856 1.011
29.157 -10.788 -325.749 0.967
-77.707 -61.505 -317.523 1.061
-40.331 41.500 -407.302 0.949
57.261 -14.315 -307.690 1.055
-8.738 91.081 -350.425 0.991
-26.206 -71.591 -414.766 1.009
-83.386 49.224 -314.004 1.221
-81.064 -47.877 -315.714 1.049
-57.505 -63.666 -492.135 0.940
-9.848 67.139 -444.077 0.828
-40.649 45.868 -305.409 0.920
-73.681 79.097 -487.591 1.120
-95.045 -52.427 -335.564 0.816
2.267 -49.770 -491.297 1.092
-84.866 85.685 -348.662 0.974
-64.813 15.431 -379.139 1.001
-51.267 79.954 -425.865 1.060
-43.085 -19.131 -307.212 0.964
-71.946 19.930 -448.669 0.949
-73.470 79.266 -392.396 1.000
54.176 -79.570 -499.355 1.103
3.083 11.540 -422.897 1.084
84.092 -43.471 -468.325 1.198
-78.761 79.807 -496.852 1.005
67.801 -61.426 -428.057 0.931
1.195 72.539 -426.414 0.973
-81.601 13.774 -358.859 0.952
-89.904 -2.562 -390.230 1.017
88.489 3.746 -415.353 1.051
64.839 88.727 -423.075 1.157
-6.564 23.090 -354.064 0.973
65.363 -41.654 -366.154 0.888
-70.009 -46.536 -431.590 1.025
-46.135 55.758 -470.346 1.117
-55.895 -26.319 -323.216 0.872
-63.804 30.160 -457.679 1.106
-65.737 -35.227 -429.575 1.054
-53.196 60.740 -478.029 0.953
14.551 32.794 -334.864 0.956
8.889 41.265 -474.065 0.865
-66.587 91.317 -374.478 1.013
-65.339 79.718 -392.016 0.969
79.974 64.394 -374.055 0.980
66.540 -42.130 -485.764 0.915
-35.826 -32.090 -312.075 1.128
34.055 -13.888 -452.148 0.836
-73.194 97.026 -474.103 1.028
30.285 -51.457 -479.118 1.018
-73.047 -88.403 -437.620 1.007
-46.453 21.355 -468.542 1.043
27.421 -66.215 -306.124 0.836
16.308 34.452 -433.910 0.969
14.106 -64.926 -391.302 1.040
-97.184 34.676 -456.400 0.858
37.368 -14.434 -415.504 1.027
-65.884 4.186 -304.361 0.905
-76.916 -87.836 -399.052 1.082
-52.995 -64.903 -379.068 0.984
63.085 5.139 -449.491 1.004
-90.499 -55.122 -437.840 0.950
80.880 90.222 -486.653 0.931
66.763 4.856 -441.084 1.031
-10.027 50.593 -443.673 0.834
90.677 -76.080 -325.951 1.023
-90.321 28.058 -424.425 1.043
-58.540 -53.733 -382.716 1.030
47.465 41.083 -345.350 1.066
49.539 8.540 -317.480 1.079
-52.983 7.868 -318.703 1.032
-84.068 24.419 -379.462 1.132
-40.467 3.484 -443.698 1.020
3.105 26.228 -407.853 1.069
-70.830 -8.097 -435.585 1.038
-22.386 33.694 -422.206 1.004
-24.670 -5.928 -472.893 1.094
-23.035 -29.804 -341.011 0.934
-35.055 15.814 -469.406 0.900
-69.859 -0.893 -491.809 1.043
3.758 -85.738 -449.638 1.022
-24.071 93.944 -475.433 1.110
25.799 59.371 -344.843 1.096
-22.744 39.323 -406.599 0.820
22.455 -74.684 -392.538 1.029
85.881 54.707 -455.236 1.103
-43.178 17.599 -416.469 1.038
-91.279 -84.080 -351.114 0.886
34.023 13.440 -403.190 0.977
45.334 16.265 -370.154 1.051
45.273 -5.116 -401.718 0.943
-91.197 -9.170 -446.158 0.938
56.569 94.297 -309.061 0.961
75.798 -69.199 -442.040 0.998
25.419 -95.093 -300.476 1.023
-35.610 48.992 -428.347 0.737
50.279 -73.828 -465.250 0.973
-92.197 -21.738 -399.443 1.129
-83.977 86.550 -434.574 0.985
-20.284 6.384 -374.383 0.925
57.552 6.214 -411.476 1.016
-24.535 -19.298 -385.709 1.115
-83.727 -89.344 -438.302 0.997
23.755 -87.808 -444.618 1.196
-97.479 49.852 -437.883 1.048
-42.969 53.516 -320.535 0.895
-7.961 67.867 -361.095 1.084
59.678 4.207 -498.077 0.929
-95.803 90.661 -462.976 0.997
37.461 -61.008 -490.171 0.985
-2.855 36.681 -410.565 1.059
-92.490 -44.153 -364.856 1.003
45.725 14.928 -441.370 1.134
-84.134 -14.550 -396.262 1.135
13.243 35.021 -369.997 1.262
41.701 -43.888 -366.344 0.985
32.012 43.409 -377.249 1.239
-73.248 -38.217 -347.853 1.175
-81.589 40.993 -325.603 1.069
-60.774 -10.990 -445.295 0.912
-68.612 87.639 -337.029 1.161
-83.479 70.808 -491.227 0.932
-40.428 47.591 -433.037 1.026
72.365 52.864 -457.866 0.989
72.863 -99.949 -400.654 1.009
38.015 -38.536 -376.903 0.934
-25.984 -39.752 -341.052 0.886
26.297 -36.820 -390.550 0.988
-55.514 5.224 -447.049 0.960
96.785 -48.954 -417.971 0.969
18.763 70.790 -373.162 1.036
71.906 -60.034 -368.626 1.136
-79.703 -3.026 -484.639 0.992
55.820 -94.535 -396.952 1.190
-91.257 -35.021 -406.371 1.160
80.830 97.528 -477.232 1.184
-82.184 98.312 -472.635 1.088
63.146 86.958 -391.215 0.933
-32.160 -18.284 -363.543 0.925
-6.650 15.016 -469.854 1.121
38.939 55.560 -343.469 0.790
41.166 -92.073 -369.632 1.024
35.383 -90.978 -318.265 1.017
-86.532 52.602 -356.017 0.874
8.782 19.223 -435.148 1.033
-92.213 96.473 -341.841 1.003
-7.588 -28.196 -411.915 1.110
64.246 -10.950 -479.113 1.079
52.380 40.256 -344.117 0.788
-59.424 -75.743 -427.158 0.941
-99.183 -32.073 -352.102 0.963
89.096 44.870 -437.637 1.070
0.563 69.686 -441.598 1.102
-63.335 66.578 -301.355 1.088
-52.009 -92.714 -334.131 0.939
-99.762 68.809 -404.896 1.090
-5.837 -75.206 -324.104 0.897
-25.856 18.317 -320.478 0.996
61.113 19.924 -456.673 0.912
8.071 2.181 -352.381 1.087
-69.064 -23.945 -470.788 1.046
-70.124 -82.050 -373.463 0.982
-83.129 -48.766 -387.248 0.982
-62.692 54.076 -356.243 1.129
97.633 -20.579 -412.567 0.826
-31.168 34.727 -340.419 1.017
-22.449 89.902 -407.140 0.866
-13.877 -43.171 -331.680 1.029
-8.537 5.052 -442.651 0.998
-16.174 -14.195 -476.374 1.043
80.253 51.664 -405.844 1.092
6.928 85.973 -496.087 1.019
-95.620 -20.172 -496.356 1.107
-78.911 -9.952 -407.857 0.935
97.172 -90.813 -327.939 1.016
-20.636 4.425 -337.274 0.913
-79.009 -71.273 -310.115 0.871
-72.480 92.738 -476.745 1.157
77.457 49.418 -488.419 1.029
45.155 51.406 -349.480 1.160
-38.530 -51.010 -421.175 1.016
-73.956 70.685 -307.727 0.997
58.895 80.543 -391.341 1.035
84.532 48.681 -470.240 0.902
-77.472 73.974 -414.129 1.123
30.743 71.797 -470.882 1.132
-62.171 -12.822 -400.115 1.156
97.478 -31.766 -386.789 1.059
96.355 12.089 -466.534 0.916
-14.376 -34.930 -383.803 0.896
76.567 -1.287 -360.551 1.030
-57.656 -61.346 -328.579 1.013
-78.145 16.467 -408.617 0.995
-13.714 -1.170 -314.845 0.951
77.828 94.048 -334.410 0.970
-0.535 -85.066 -332.959 1.097
82.568 -55.170 -376.067 0.865
-85.573 -52.658 -362.720 1.200
-90.122 50.464 -451.957 0.977
6.277 -48.045 -449.709 1.009
-96.379 -13.995 -492.856 0.959
70.404 12.970 -370.577 1.071
68.811 80.667 -312.114 0.861
-32.920 -4.475 -443.392 0.992
24.701 69.869 -354.876 0.906
90.624 -18.012 -365.159 0.996
-0.370 50.823 -332.150 0.953
63.268 53.323 -355.414 0.912
7.490 -20.536 -320.397 0.919
-75.890 -63.230 -365.651 1.130
60.797 -25.008 -339.669 1.108
-64.642 69.729 -353.036 0.929
-94.826 16.947 -329.720 0.935
26.735 -81.222 -481.462 1.020
59.001 96.080 -401.525 1.034
-18.133 -40.101 -487.161 0.947
-53.143 46.630 -455.789 0.800
-28.193 4.432 -357.696 0.894
-32.311 -67.879 -410.189 1.069
75.582 -66.595 -460.068 0.984
77.717 -9.835 -478.837 0.980
0.311 53.748 -312.955 1.087
19.444 87.328 -316.271 0.885
-57.367 -58.143 -398.018 1.033
-78.814 -29.031 -314.279 0.772
55.756 -42.926 -340.030 1.046
96.670 16.054 -311.032 0.761
-61.095 -31.618 -491.035 1.002
-80.394 -95.623 -360.632 1.151
99.274 -76.023 -461.819 1.047
-83.128 -20.872 -448.026 0.930
-14.131 -88.042 -403.606 1.232
76.569 69.953 -444.428 1.085
60.134 -57.612 -358.840 1.103
73.677 71.586 -375.538 1.009
98.246 -84.065 -313.181 0.957
-18.093 16.486 -421.122 1.060
-41.426 -27.883 -411.134 1.070
6.851 1.520 -385.415 1.206
45.600 -43.794 -433.682 1.016
-47.270 -93.507 -381.545 0.962
63.560 35.416 -438.545 0.995
-84.480 6.813 -394.132 0.965
-79.668 -88.936 -425.491 0.888
30.741 -25.347 -322.175 0.932
19.404 -69.227 -378.895 1.074
96.731 -36.731 -309.767 0.982
-32.921 56.277 -365.610 1.013
-93.123 53.194 -443.943 0.938
-44.487 -58.648 -452.677 0.952
63.222 -47.195 -300.086 0.803
97.468 51.386 -337.684 0.848
1.020 86.736 -428.827 0.901
49.605 -21.237 -427.507 1.010
86.630 47.901 -301.724 1.088
68.006 -81.261 -379.198 0.891
28.343 -9.339 -390.617 1.182
49.702 -30.016 -355.177 1.126
23.005 -93.516 -357.265 1.105
-17.812 -72.863 -319.338 0.776
-32.743 -9.841 -419.754 1.013
-79.850 -77.946 -322.587 1.059
22.385 75.323 -418.447 0.905
-63.760 -71.915 -471.984 1.037
-57.947 70.854 -429.939 1.036
-15.219 99.000 -450.772 1.063
-40.842 -19.628 -448.213 0.883
-99.183 -83.290 -307.776 0.784
9.280 8.417 -411.286 0.994
-29.935 -63.110 -450.548 1.140
-10.838 -55.568 -434.471 0.876
31.947 -57.220 -360.237 0.871
7.317 -93.122 -381.182 0.965
