52.266 65.222 -418.664 1.125
-15.276 47.403 -373.839 1.048
45.767 -48.508 -382.574 1.189
-0.935 1.667 -417.781 0.891
33.949 42.480 -331.820 1.036
72.019 -29.081 -464.611 1.088
88.442 22.853 -480.425 0.993
-33.031 -99.324 -324.754 0.886
-56.180 -8.739 -460.957 1.048
-25.056 29.330 -388.670 0.869
-48.437 -61.250 -386.799 1.056
-74.428 29.149 -338.543 1.065
-51.255 -21.611 -407.286 0.952
74.312 -65.646 -333.461 0.980
-69.769 -10.044 -362.930 1.110
-95.689 42.111 -324.253 1.069
23.255 68.283 -343.019 0.937
18.964 8.709 -487.161 0.897
-68.491 61.833 -344.255 0.728
-85.887 27.435 -310.682 1.020
28.651 1.730 -336.000 0.923
83.038 -5.615 -435.734 1.065
1.106 -18.457 -459.098 1.025
-63.720 -44.386 -342.565 0.875
58.101 -14.552 -382.242 0.914
-22.593 9.057 -471.934 0.915
-80.775 82.845 -465.164 0.947
-11.093 -18.692 -415.543 0.925
29.531 -60.760 -448.991 1.122
-79.581 -90.769 -455.828 1.026
-15.509 -45.612 -326.437 1.084
85.434 33.830 -372.863 0.786
-83.605 4.784 -395.797 0.845
77.770 -45.670 -479.837 0.982
-61.488 67.021 -474.276 1.108
18.556 -99.013 -388.896 0.876
-5.272 -5.380 -404.895 0.966
16.953 -65.900 -376.579 0.823
47.342 43.087 -495.120 0.943
52.467 -68.071 -323.764 1.191
95.747 -66.172 -468.453 1.064
-4.391 -51.090 -493.390 1.076
89.246 -97.480 -316.253 0.969
-72.188 3.570 -332.586 1.075
73.947 -42.037 -418.721 1.149
73.954 -51.895 -347.883 0.903
-87.966 -25.742 -467.630 0.862
-14.170 35.477 -454.701 1.038
-63.121 -74.307 -438.850 0.825
95.280 -3.331 -362.326 0.870
19.598 12.017 -441.331 0.919
46.155 -27.670 -409.311 0.808
29.019 -20.414 -386.657 0.842
-58.376 51.012 -366.685 0.839
77.711 72.607 -479.087 1.079
85.195 -70.550 -479.316 1.003
9.790 26.898 -307.358 1.047
-43.317 -83.363 -459.398 1.220
63.592 -97.856 -310.559 0.990
-12.690 69.449 -323.099 1.007
14.822 59.732 -476.467 1.000
41.933 25.678 -400.470 0.893
28.856 -63.781 -405.831 0.968
-78.106 -70.107 -321.195 0.817
47.946 -10.064 -419.864 0.988
-45.769 -67.416 -435.322 0.941
68.662 2.429 -363.877 1.191
-4.120 -74.635 -409.578 1.038
-33.436 -39.493 -441.878 1.129
-85.040 69.712 -333.190 1.048
-63.829 -0.613 -437.375 1.048
35.000 78.075 -312.791 1.032
-21.561 -79.228 -383.584 0.932
-69.625 1.070 -384.230 0.992
-86.328 83.386 -405.356 1.005
-40.887 -38.302 -359.337 1.188
20.767 72.890 -365.127 0.929
52.537 -21.657 -407.939 0.976
-70.489 83.600 -478.476 1.007
-63.121 22.968 -345.572 0.919
-27.461 31.724 -336.913 1.087
99.508 18.090 -443.924 1.078
-64.318 7.472 -414.048 0.985
-21.527 -52.161 -404.271 1.004
21.924 80.540 -401.317 1.166
47.567 -37.906 -372.437 1.064
-43.301 -20.687 -450.814 1.067
98.847 80.610 -479.735 0.834
-13.983 36.576 -443.993 1.099
30.576 -18.218 -418.665 0.982
14.780 -59.479 -320.899 0.997
-7.322 -15.023 -365.935 0.893
76.397 -33.165 -468.035 0.790
-30.913 0.197 -488.956 1.067
-55.150 -39.400 -421.831 1.066
89.390 54.412 -419.397 1.012
-30.620 -36.557 -420.371 1.099
39.901 -54.636 -498.982 1.017
16.335 75.844 -359.602 0.949
-68.260 -68.801 -464.541 0.923
86.731 -52.961 -479.537 0.871
-67.155 39.277 -420.049 1.088
-4.826 30.289 -442.199 0.935
-18.882 71.722 -394.928 0.808
-54.341 -92.520 -440.981 1.142
30.616 72.802 -366.643 0.939
-56.361 -79.536 -448.586 1.046
43.775 -99.912 -464.478 1.045
-60.169 12.756 -321.964 1.094
-73.461 -7.958 -417.458 1.093
96.108 22.987 -305.073 1.051
-16.718 11.815 -323.493 1.033
-58.121 34.583 -345.672 1.171
-5.705 -49.432 -415.626 0.850
35.217 50.806 -481.168 1.122
-25.886 -62.806 -456.969 1.003
-81.529 -40.385 -483.223 1.044
-75.810 5.243 -330.002 1.113
23.539 -32.450 -449.057 0.850
-71.024 -20.504 -413.018 0.790
75.076 -60.929 -407.973 1.050
-55.571 -51.560 -473.737 0.878
48.444 81.084 -462.548 0.781
28.422 26.585 -357.375 1.093
-4.251 30.134 -393.792 1.024
15.303 44.989 -313.873 0.967
2.419 94.891 -461.271 1.016
35.520 -18.242 -320.010 1.052
-38.609 23.149 -423.736 1.072
69.781 -59.180 -341.515 1.055
96.369 -10.964 -300.585 1.048
7.245 -70.657 -314.414 1.127
68.157 10.012 -490.427 1.044
42.728 95.635 -496.325 0.869
-5.089 -57.918 -381.809 1.030
67.046 74.320 -433.679 0.917
56.314 78.556 -322.776 1.063
-42.720 29.011 -486.222 1.233
-79.028 78.815 -488.137 0.958
-48.401 20.687 -338.922 1.065
98.506 14.605 -321.819 1.183
-8.536 37.680 -350.413 1.032
-44.903 -86.486 -425.526 1.096
-77.155 98.364 -392.049 0.886
-76.982 -10.511 -429.158 0.991
64.900 56.559 -492.317 0.980
-7.960 -97.807 -411.126 1.203
-62.148 50.015 -476.559 0.987
63.723 3.805 -435.947 1.033
90.726 -47.370 -394.116 1.065
-39.277 -10.312 -326.181 1.008
33.854 91.560 -407.934 1.074
41.890 49.525 -442.838 0.922
76.478 -74.401 -379.230 0.942
-43.956 -34.208 -414.499 0.833
11.298 43.087 -381.298 1.228
96.148 -73.038 -439.445 1.143
1.717 -56.403 -440.667 1.004
24.627 -19.717 -372.733 0.942
-2.725 8.246 -370.426 1.194
51.960 -90.315 -354.627 1.160
93.783 41.475 -428.168 1.015
-12.211 -60.181 -465.768 1.091
-62.679 29.997 -494.687 1.062
67.887 13.369 -328.284 1.083
-13.156 -6.397 -325.612 1.133
71.289 51.944 -347.818 0.996
-37.111 -86.639 -376.865 1.090
-30.718 61.848 -312.520 0.947
15.538 41.809 -466.469 1.087
36.800 47.835 -479.980 0.934
-22.244 61.159 -449.765 0.924
-6.659 77.285 -369.589 0.959
-70.146 -10.700 -347.125 1.016
-88.572 -16.444 -478.066 1.001
-69.750 72.328 -486.904 1.064
-23.528 3.370 -310.818 1.116
16.582 -45.999 -324.754 0.936
40.690 -87.555 -373.479 0.919
-80.850 28.044 -364.692 1.022
-93.123 -74.284 -336.098 1.099
-28.268 -9.311 -332.837 0.993
-18.553 55.306 -449.032 1.186
-36.221 65.322 -325.997 0.945
-29.793 91.422 -422.703 1.017
-44.932 -6.112 -372.002 1.041
-67.709 -74.779 -459.221 1.037
84.801 93.383 -419.153 1.010
49.736 -86.058 -330.560 0.998
33.754 -52.496 -338.494 0.951
-12.585 -33.660 -306.624 1.038
92.612 -52.990 -490.594 0.981
-8.830 -28.508 -316.241 1.020
61.211 -94.946 -447.761 1.051
-2.281 71.179 -301.827 1.115
-18.390 54.881 -427.715 1.118
79.095 -17.306 -479.245 0.927
-97.570 72.483 -338.799 1.081
-40.106 -4.210 -392.721 0.952
20.193 -90.930 -406.863 1.293
54.902 28.680 -477.531 0.998
75.185 -33.409 -335.356 0.929
92.844 99.887 -334.409 1.076
28.874 45.592 -388.595 1.095
74.832 -49.740 -396.080 0.848
-36.196 -8.653 -415.115 0.944
-36.592 91.902 -465.818 0.702
-39.185 -23.583 -417.359 1.131
15.594 4.970 -301.226 0.770
24.565 -45.790 -396.808 0.992
-16.924 99.960 -350.832 0.917
66.340 -24.155 -360.807 0.836
3.409 80.552 -408.523 0.979
74.776 44.585 -403.459 1.079
-91.907 83.233 -343.902 1.005
-92.120 -73.629 -315.810 1.065
24.265 -18.305 -300.144 1.059
81.868 9.582 -397.251 1.095
81.837 14.028 -402.880 1.054
46.182 -66.209 -369.219 0.960
-13.251 -7.182 -428.887 0.770
24.548 81.896 -413.980 1.135
76.247 -46.459 -496.680 0.988
83.318 -68.964 -382.634 0.998
31.390 -71.367 -388.653 1.079
-55.427 78.171 -358.434 0.961
-20.993 14.247 -451.102 1.145
-27.910 29.830 -391.499 0.940
54.851 -83.363 -463.757 0.992
-31.220 -37.633 -349.898 0.931
-77.396 97.645 -347.611 1.141
-67.990 52.228 -323.714 1.051
-62.818 27.168 -405.424 0.878
-37.132 48.863 -461.293 1.036
27.774 46.850 -417.562 1.061
-88.174 72.863 -483.804 1.000
72.857 88.432 -337.302 0.847
14.910 -47.858 -342.675 1.067
27.250 -35.384 -341.070 1.098
-96.605 29.677 -389.326 0.962
-15.649 -11.358 -322.476 1.022
18.393 41.022 -321.323 0.940
-60.234 -84.691 -320.354 0.820
43.509 44.923 -320.788 1.069
-37.744 8.281 -335.872 0.971
-45.825 79.173 -417.392 1.100
53.441 14.673 -407.158 0.965
-62.939 13.711 -482.888 0.945
45.435 -68.882 -381.075 0.999
37.676 -21.983 -466.594 0.974
-22.744 -96.763 -303.299 1.093
74.670 -75.658 -354.329 1.057
-93.286 -61.252 -373.719 1.067
74.985 98.134 -317.827 0.983
19.544 -71.065 -467.122 0.968
56.059 -50.370 -451.948 0.868
91.051 56.714 -430.447 0.897
-23.917 23.429 -372.359 0.987
-87.611 90.039 -373.768 1.283
73.388 -70.432 -401.171 1.108
-32.359 -19.596 -454.387 1.091
83.039 78.937 -473.954 0.945
77.456 78.211 -323.143 1.119
-46.748 -97.174 -399.739 1.066
83.906 -65.850 -414.759 1.006
-59.914 -21.456 -483.714 1.040
45.718 17.619 -311.296 1.228
83.840 -98.359 -404.094 0.850
-84.122 -48.079 -487.870 0.962
54.491 16.962 -421.345 0.985
61.283 97.221 -392.791 0.991
35.260 23.277 -403.662 0.864
-19.804 -59.210 -461.904 1.057
-26.219 36.176 -408.291 1.016
85.321 -99.932 -302.944 1.046
27.290 65.005 -326.190 1.013
65.078 17.849 -453.010 1.052
-77.704 2.592 -325.763 0.855
-65.073 -46.491 -406.587 0.957
60.340 92.135 -305.049 1.132
-83.006 -48.663 -352.185 1.258
54.578 -27.099 -359.726 1.012
62.040 16.791 -498.234 1.027
-79.696 21.991 -456.048 1.000
-4.725 -35.419 -317.778 0.932
-47.275 -84.640 -351.915 1.036
27.995 -74.167 -318.789 1.112
-81.403 -59.155 -461.559 1.091
89.215 17.111 -343.483 0.995
-44.050 27.333 -423.544 1.126
-49.538 70.431 -414.896 0.990
62.554 96.251 -478.048 0.947
-18.859 80.925 -483.363 1.004
-37.818 72.033 -308.485 1.043
-5.889 13.632 -497.228 1.270
81.144 -88.604 -426.363 1.009
61.762 70.708 -368.068 0.877
0.106 11.952 -432.314 0.879
-27.819 48.453 -420.908 1.222
78.052 36.474 -376.941 0.986
33.400 -64.377 -428.768 1.047
97.571 -23.277 -474.796 1.163
64.768 -61.013 -446.273 1.062
-53.407 -32.604 -465.339 0.997
-72.467 36.952 -376.173 0.811
-53.243 -17.566 -406.474 0.990
-71.182 40.392 -484.992 1.012
-48.418 80.248 -486.733 1.002
-40.188 52.638 -413.729 1.117
-9.816 -37.343 -393.994 0.939
-80.050 -12.867 -429.178 1.082
-22.164 44.662 -464.111 0.858
36.567 19.208 -323.614 0.900
-76.835 34.881 -346.640 0.823
-59.383 -46.356 -410.656 1.010
-6.090 -64.729 -321.682 1.024
-84.151 -8.711 -341.961 1.098
-85.426 -60.054 -435.518 1.052
-48.019 -4.363 -433.196 0.976
80.993 -45.359 -432.130 1.053
40.537 98.451 -419.887 0.958
-95.049 24.175 -381.968 0.970
73.185 43.903 -410.330 1.159
5.077 26.871 -435.349 0.941
28.282 -21.690 -499.793 1.033
-14.823 -50.680 -432.465 1.019
-84.870 17.163 -353.029 0.956
35.172 -13.274 -477.169 1.179
-35.676 -5.519 -473.133 0.946
69.194 70.737 -454.841 1.060
-48.729 69.212 -429.532 1.148
-0.458 82.210 -400.234 0.887
-87.415 -4.374 -396.680 1.164
-53.491 -92.372 -348.174 0.924
57.236 -91.672 -406.134 1.090
11.230 77.308 -486.048 0.886
-83.991 78.845 -492.018 0.931
63.854 -8.717 -306.086 0.988
12.707 -45.661 -353.920 1.173
73.935 -81.463 -316.967 0.867
-10.196 -68.494 -327.402 1.143
-62.772 -40.773 -464.173 0.991
-70.851 -5.434 -437.496 0.927
8.592 -23.224 -467.682 1.049
-1.100 41.878 -373.073 0.816
60.501 61.839 -419.596 1.053
-63.203 -60.042 -362.993 1.073
-87.999 23.381 -404.482 1.135
-68.447 5.923 -320.534 1.160
-36.832 -87.862 -384.110 0.829
-58.437 17.960 -332.991 1.052
-63.849 36.108 -446.096 1.084
-36.281 -43.880 -354.042 1.096
19.917 67.506 -319.314 1.110
83.741 30.455 -390.511 1.188
-27.903 -6.965 -424.306 0.843
-92.286 -40.612 -388.520 0.909
91.447 -57.661 -332.900 0.976
-21.333 -7.859 -386.731 0.968
68.953 -49.489 -395.777 1.038
59.736 -12.874 -313.362 0.971
-88.590 -66.840 -403.741 1.069
33.560 18.661 -499.522 1.007
-19.795 -3.739 -347.844 0.985
54.969 -55.646 -413.847 0.991
23.933 -13.052 -378.726 0.959
-19.732 -93.479 -444.989 0.922
-29.912 8.218 -447.892 1.054
35.097 -22.316 -346.533 0.832
86.246 39.240 -374.205 0.959
-89.491 -47.478 -363.545 1.037
43.947 -63.210 -495.687 0.989
-31.314 86.162 -399.098 0.989
69.553 51.726 -420.402 0.861
40.815 -64.295 -369.113 0.893
72.642 99.595 -447.499 1.001
-38.374 99.765 -441.158 1.084
0.955 77.999 -431.613 1.095
-16.974 14.037 -358.556 0.694
-44.078 94.278 -459.388 1.082
19.770 -80.902 -360.619 0.956
-55.294 31.016 -429.005 0.970
1.744 82.517 -368.724 1.005
-54.269 38.938 -423.600 0.959
-33.478 37.385 -365.895 1.015
69.486 -65.400 -480.233 1.067
-5.851 6.569 -365.840 1.037
49.981 -88.186 -499.988 0.854
81.672 85.466 -301.277 0.776
-36.468 69.829 -488.481 0.946
-60.700 84.912 -441.707 1.046
95.622 60.432 -458.298 0.994
33.094 38.447 -338.051 0.981
43.558 -76.052 -426.470 0.701
-68.992 -52.040 -494.434 0.985
87.962 -6.439 -456.854 0.899
-66.877 -29.907 -469.162 1.107
-69.490 -5.352 -435.394 0.904
11.905 45.038 -348.875 0.935
-39.800 2.454 -398.278 1.100
19.003 -6.405 -339.341 0.808
-72.206 40.086 -460.751 0.805
17.040 94.570 -456.056 1.020
-61.196 -75.525 -318.909 0.937
32.963 -75.811 -313.609 1.006
-34.152 10.996 -434.745 1.084
-92.555 -46.228 -489.941 0.924
20.279 -16.704 -309.879 1.116
-36.783 42.921 -420.887 1.045
-45.382 -39.344 -371.720 1.144
25.411 78.077 -365.551 0.866
2.828 42.876 -405.612 0.945
1.904 94.006 -439.181 1.095
-23.469 38.503 -362.361 1.009
13.016 -9.473 -471.590 1.083
-92.835 -93.377 -468.947 0.988
-56.905 93.643 -301.678 0.908
56.366 -10.238 -337.655 1.043
-99.244 54.684 -474.625 1.008
68.123 89.726 -481.249 0.874
-13.123 -61.632 -312.428 0.893
94.469 97.056 -342.221 0.999
-97.325 -57.568 -461.108 1.013
-81.001 -16.331 -402.877 0.991
24.481 -66.195 -417.319 0.872
-92.222 71.954 -457.935 0.994
72.201 67.901 -366.921 0.955
-90.855 99.411 -389.935 0.770
-20.839 -51.136 -327.993 0.938
40.709 -44.898 -404.050 0.893
-2.379 44.071 -338.136 1.128
35.116 82.599 -402.741 1.040
60.327 36.651 -491.479 1.113
-71.502 -18.385 -419.424 0.853
28.275 -78.210 -321.731 0.994
-55.336 -55.468 -366.443 1.030
-72.428 -53.589 -459.360 0.896
-14.118 -17.795 -354.316 0.893
-28.973 -50.908 -407.494 1.060
47.592 2.481 -339.350 1.085
77.936 12.388 -369.169 1.193
23.748 46.795 -347.811 0.937
50.406 -34.479 -429.922 1.141
92.925 -3.827 -313.472 0.931
64.606 -23.518 -303.963 1.096
-18.375 3.018 -414.490 1.039
33.717 13.512 -418.282 1.052
-1.584 -3.200 -358.103 0.790
50.837 -31.512 -330.781 0.995
-82.858 15.807 -423.804 0.966
50.966 85.181 -346.530 1.000
70.213 -74.751 -327.103 0.883
22.557 -52.510 -410.112 1.057
-68.128 3.853 -429.786 0.982
87.472 -91.190 -468.961 0.920
55.168 -67.050 -349.057 0.988
-47.528 31.619 -302.596 0.846
62.731 82.027 -302.477 1.109
-91.763 -68.140 -373.880 1.161
-40.503 57.775 -310.077 0.889
-63.402 46.659 -311.577 1.115
54.095 35.308 -465.695 0.941
89.492 -19.338 -458.079 1.008
16.808 -49.873 -410.713 1.000
-12.359 -39.203 -306.427 1.034
24.423 6.759 -323.279 0.888
70.413 -21.031 -332.836 1.178
6.470 -78.020 -463.477 0.928
69.325 27.253 -468.204 1.026
-83.489 56.168 -375.167 0.973
-27.182 -79.471 -422.936 0.981
80.167 0.333 -352.927 0.973
-62.087 -95.139 -464.977 1.018
73.719 -64.593 -313.433 1.013
-36.868 34.376 -454.845 1.007
11.355 76.564 -498.556 1.099
74.657 18.893 -457.913 1.044
-54.555 -54.552 -352.821 0.987
-28.434 -74.411 -457.710 1.049
3.615 -20.112 -482.911 1.128
-58.705 70.339 -421.879 1.012
-18.245 80.025 -400.908 0.968
-88.928 86.289 -319.754 0.934
-54.185 58.751 -443.669 0.855
-30.937 20.676 -389.185 1.026
53.527 -28.589 -386.462 1.067
65.752 25.552 -308.078 1.016
85.433 -92.641 -317.217 1.033
21.944 -91.968 -352.293 1.006
51.404 86.722 -475.613 0.998
1.083 70.652 -372.829 1.000
4.069 67.198 -498.044 1.052
33.155 -76.660 -338.786 0.934
-18.915 25.182 -494.178 1.035
-62.674 24.804 -317.795 1.015
41.639 -30.905 -423.605 0.939
64.791 -79.297 -468.957 0.990
11.620 35.257 -320.227 0.955
-33.921 42.495 -436.493 1.040
23.816 -23.781 -309.076 1.026
-25.019 -82.717 -381.751 0.864
-35.805 -33.421 -456.015 1.045
28.224 80.903 -446.164 1.009
78.154 -3.275 -328.019 0.975
10.130 -36.394 -383.281 0.841
-57.000 68.006 -376.974 0.999
-66.023 -85.968 -402.253 0.856
-52.268 3.557 -443.982 1.189
19.210 -90.743 -406.808 1.028
-8.894 35.513 -345.295 0.853
93.764 -10.826 -302.801 1.064
45.519 1.862 -482.615 1.034
-23.088 -14.460 -360.788 0.874
89.513 -53.891 -376.396 0.899
65.541 35.977 -433.962 1.103
-44.323 -36.450 -444.116 0.943
71.514 -79.012 -321.923 1.047
71.053 -30.640 -474.433 0.987
18.823 -32.004 -483.849 0.946
-48.526 18.950 -464.748 1.036
42.591 -84.351 -404.240 1.070
-85.287 -47.364 -366.221 0.888
-42.183 -31.408 -419.722 1.076
-65.753 31.229 -450.205 0.983
-87.996 -23.913 -452.363 1.031
35.556 5.287 -311.046 1.026
43.140 -5.795 -375.123 0.939
-88.421 96.950 -469.613 1.007
-38.035 60.309 -471.272 1.181
52.774 65.466 -342.431 0.756
83.937 96.421 -433.304 0.987
-76.661 61.171 -461.078 0.862
-82.044 50.006 -377.226 1.134
-23.071 21.821 -475.687 0.919
47.832 -64.972 -441.504 0.987
61.176 -50.750 -477.869 1.037
-16.881 96.649 -435.705 0.968
-47.052 -31.181 -403.534 1.143
-72.183 -2.076 -494.119 1.078
1.233 65.851 -317.132 1.012
-67.168 74.521 -341.664 1.047
-31.175 57.137 -361.040 1.068
83.845 62.572 -369.800 0.910
-91.123 -20.808 -414.467 1.011
48.300 49.010 -314.747 0.930
53.377 -50.977 -399.930 0.834
54.296 -81.331 -444.256 0.758
93.060 -53.812 -433.174 0.876
-95.918 -11.302 -428.924 1.006
12.689 -68.229 -498.535 0.817
15.273 -46.018 -400.896 1.034
-89.508 -67.269 -371.906 1.270
68.862 5.461 -310.462 0.884
61.174 -21.796 -317.538 0.985
31.140 36.726 -353.409 0.968
-75.631 -25.454 -451.704 0.842
13.419 -62.797 -343.216 1.056
98.138 57.825 -495.434 1.063
33.666 -62.435 -485.189 1.087
76.689 79.816 -365.163 0.827
85.480 -98.097 -326.528 0.963
36.899 2.596 -314.866 1.070
-98.454 55.434 -424.589 1.030
37.377 -68.063 -343.672 0.890
48.402 78.430 -364.196 1.143
63.195 77.747 -388.164 0.937
0.856 88.099 -423.195 0.927
-12.124 96.408 -421.109 1.022
-37.309 -20.594 -456.379 1.040
31.852 -33.249 -376.192 1.139
19.829 2.998 -376.313 0.906
65.285 45.222 -476.777 1.129
30.928 -92.207 -316.251 0.904
-81.862 86.968 -397.302 0.923
45.005 -68.203 -403.037 1.077
69.903 -46.275 -371.170 0.916
-14.022 -47.602 -494.952 0.902
-60.175 96.987 -486.515 1.167
90.729 -67.515 -450.510 1.035
76.125 -54.723 -491.646 1.160
77.346 33.004 -412.470 0.982
-68.809 31.103 -442.036 0.975
12.199 -25.599 -467.423 1.103
33.184 61.805 -484.003 1.067
18.032 31.559 -430.555 1.027
-38.506 41.692 -340.561 0.855
-87.633 -64.981 -442.824 1.089
-65.608 -67.467 -346.640 0.994
7.214 91.962 -342.310 0.853
-80.091 23.754 -324.685 1.067
54.719 -25.795 -362.231 1.018
-99.039 -54.396 -485.019 1.038
-39.110 -3.580 -477.151 1.139
-39.337 -70.830 -327.828 1.096
76.495 2.174 -334.980 0.973
-51.483 -77.029 -496.173 0.857
89.452 34.565 -342.870 1.000
-1.573 15.252 -421.989 1.088
62.871 -74.854 -312.813 1.079
-27.164 90.588 -321.868 1.220
70.093 -98.798 -370.335 0.925
13.164 -50.912 -421.299 1.084
4.157 72.760 -333.305 0.989
-67.825 -53.256 -323.285 1.271
99.985 -53.363 -383.764 0.913
41.140 -84.713 -455.649 0.916
55.992 17.117 -416.813 1.020
-81.577 14.132 -412.525 1.048
-41.780 53.072 -315.119 0.978
75.667 6.899 -346.781 0.987
-27.012 34.864 -477.258 0.992
33.779 -27.513 -453.161 1.019
-99.771 -82.081 -480.071 0.960
91.530 77.579 -383.730 0.986
56.198 -74.935 -484.922 1.181
-70.115 64.502 -353.990 1.134
6.917 33.091 -478.142 1.155
39.383 -69.112 -394.922 0.876
-86.269 41.412 -478.426 0.960
47.745 54.209 -333.193 0.984
43.976 88.655 -360.960 1.047
-14.536 -21.657 -479.166 0.856
-75.364 49.841 -417.812 1.106
42.575 61.025 -382.015 1.177
-12.120 -87.737 -386.421 0.959
87.337 8.520 -350.856 1.088
-59.531 -83.487 -415.557 0.932
-77.699 50.388 -449.359 1.033
88.173 28.345 -486.090 0.940
-55.728 -81.841 -359.661 1.021
87.804 -15.170 -372.768 1.002
4.003 -79.071 -353.569 0.785
51.199 -7.362 -354.229 1.168
-49.654 20.579 -314.802 0.876
-19.443 -20.912 -304.276 1.005
97.897 51.594 -385.271 1.134
-37.462 -5.879 -343.318 0.990
16.698 62.739 -387.317 0.899
10.850 86.352 -430.561 1.120
75.636 13.393 -429.931 1.069
-68.057 36.782 -329.307 0.982
-64.941 -75.846 -391.668 1.013
63.853 -32.038 -428.433 0.955
-78.666 -58.222 -351.700 1.067
-47.434 -44.734 -493.246 0.890
46.583 79.902 -352.550 0.880
72.543 -44.459 -484.980 0.986
-65.839 20.894 -422.396 1.034
82.195 34.554 -388.462 1.061
42.424 75.804 -352.713 0.998
50.863 -6.787 -435.178 1.077
50.370 -92.108 -319.497 0.974
30.696 -16.442 -444.808 1.090
42.822 68.587 -389.569 0.954
20.614 -19.170 -459.178 0.878
39.246 71.408 -340.107 1.051
97.363 18.067 -475.001 1.018
77.588 90.425 -454.032 0.950
88.877 -64.495 -392.410 1.183
12.347 -33.671 -344.888 0.999
-13.856 16.274 -351.794 0.867
10.139 43.178 -495.772 1.087
-5.528 65.941 -415.186 0.969
-45.453 80.383 -489.524 1.038
-93.662 83.323 -386.609 1.147
-15.738 -74.179 -496.916 1.012
-13.112 72.043 -471.399 1.015
91.033 9.443 -310.017 1.034
48.649 -53.458 -458.198 0.967
-57.600 -90.295 -482.457 1.131
-50.694 62.967 -369.591 0.980
69.218 98.467 -488.180 1.049
-43.133 -45.267 -343.611 0.962
29.389 -79.823 -453.844 1.138
-24.519 22.171 -413.925 0.945
90.050 -79.570 -320.958 0.872
-74.279 -1.059 -352.217 0.993
91.423 98.261 -391.570 1.057
-20.936 36.035 -344.159 0.894
-28.441 52.264 -410.560 0.993
44.727 -12.258 -444.086 0.978
88.679 92.639 -312.470 0.925
-89.876 52.802 -377.074 0.984
24.998 79.827 -400.369 0.908
-68.760 -17.931 -333.205 0.918
11.387 97.940 -474.428 0.882
78.082 -82.328 -314.100 0.857
87.761 -84.410 -305.447 1.128
-31.649 -46.140 -404.258 1.052
-30.314 -92.927 -446.614 1.026
41.279 -91.588 -320.235 1.103
59.929 -14.873 -388.677 1.103
-1.070 -94.958 -488.571 0.978
8.353 83.780 -385.858 0.886
86.398 82.125 -382.657 0.890
-32.627 -30.388 -317.409 1.079
-22.021 55.284 -390.007 1.022
-52.351 32.611 -362.874 1.057
-25.931 84.533 -493.663 1.170
16.816 71.711 -446.999 0.893
94.530 -80.939 -460.791 1.005
-9.295 11.132 -303.583 0.884
-27.874 -94.908 -353.206 1.123
83.620 -56.175 -402.599 0.864
47.843 62.857 -464.338 1.100
83.442 78.938 -446.691 0.942
44.640 95.515 -317.677 0.949
29.776 -14.177 -351.480 1.148
16.701 -69.612 -477.112 0.931
-36.546 -0.380 -435.241 1.033
-64.692 -66.502 -490.182 0.921
64.792 -5.719 -473.304 0.982
63.552 26.373 -374.964 0.930
43.361 -23.216 -327.714 1.045
-92.562 25.203 -487.311 1.100
-81.760 -77.408 -408.740 1.099
74.171 -1.906 -466.119 1.124
-62.747 -5.845 -368.950 0.999
32.684 68.597 -449.844 0.935
29.430 -19.550 -372.699 1.153
82.912 91.730 -398.748 0.945
68.436 -17.534 -357.741 1.073
64.120 36.530 -424.807 1.130
-31.875 71.728 -427.496 1.082
93.784 -73.877 -317.386 0.850
-37.069 -91.193 -356.407 0.838
90.993 47.649 -357.297 1.114
-53.973 -28.024 -393.705 1.049
-18.627 -41.580 -351.020 0.896
46.403 21.730 -309.173 1.050
-92.924 98.479 -350.103 1.053
-40.508 -13.287 -359.124 1.015
-82.955 -22.001 -396.894 0.997
63.264 -89.510 -452.625 0.911
-46.193 96.374 -407.985 1.123
-18.972 14.244 -441.333 1.034
-32.379 -58.288 -334.184 1.064
62.542 -47.047 -484.380 1.075
80.931 -41.283 -338.174 1.218
-16.377 -4.981 -495.238 0.874
-33.317 -2.512 -368.192 0.995
-52.950 35.865 -336.112 0.830
-10.201 -72.526 -453.494 1.072
-39.755 -57.350 -394.100 1.049
74.641 -76.185 -384.935 0.983
34.125 70.814 -369.866 1.136
94.554 -94.595 -485.864 0.845
67.651 -90.783 -394.822 1.039
-34.185 -61.805 -388.264 0.990
2.603 -39.710 -431.465 1.082
36.854 -78.345 -429.000 0.922
-33.363 86.678 -397.956 1.082
-50.545 21.404 -399.037 0.818
28.728 17.824 -430.830 0.974
94.106 -82.856 -412.948 1.078
-40.528 84.341 -397.237 0.914
71.308 6.042 -328.953 1.096
50.541 -32.417 -415.778 0.951
8.300 71.991 -455.619 1.118
52.909 -98.874 -406.194 1.094
-69.757 -19.389 -439.001 0.944
-78.129 48.752 -395.489 1.039
95.054 -67.378 -408.357 0.897
60.313 37.729 -347.006 1.071
-69.635 -35.852 -445.907 0.998
-92.047 -44.498 -403.909 1.124
-46.013 2.988 -367.686 1.126
-66.858 23.006 -463.551 1.175
-68.289 38.155 -421.488 1.073
45.627 33.132 -337.021 0.988
-87.942 19.666 -333.160 0.868
-78.356 -57.696 -346.243 0.830
-62.897 -16.898 -353.397 1.033
-76.921 -28.957 -413.923 1.133
-67.190 59.185 -478.379 0.977
19.882 76.551 -435.518 0.985
-82.083 44.896 -357.179 0.935
59.176 -14.807 -393.745 1.131
61.634 -23.727 -432.632 1.052
26.403 -31.188 -409.506 0.997
32.761 6.715 -474.537 0.967
-65.320 -8.097 -390.820 1.189
25.372 -57.757 -373.163 1.023
29.039 30.210 -395.103 1.048
68.545 -18.405 -311.079 1.005
-48.870 -59.149 -348.592 0.991
-67.445 72.171 -478.946 0.930
-78.700 -95.964 -497.217 1.108
6.669 -21.364 -397.721 1.084
80.523 -15.403 -371.845 0.994
-78.328 -14.031 -467.119 1.154
35.346 -85.039 -400.751 1.182
75.217 -96.140 -485.916 0.900
70.276 -35.102 -318.383 0.924
17.116 48.732 -489.404 1.014
-49.384 -43.990 -312.538 1.099
67.774 -11.195 -477.868 1.091
-31.138 23.819 -323.327 1.045
11.293 -56.367 -307.600 0.942
9.274 46.158 -471.232 1.049
13.275 -28.813 -435.507 1.147
-99.451 -44.619 -476.822 0.877
-37.188 99.163 -426.030 1.277
21.293 49.603 -325.953 1.056
-10.269 -84.472 -391.942 1.040
56.386 3.915 -395.190 0.781
-88.930 -22.831 -351.085 0.992
-8.660 87.033 -386.272 1.134
25.907 -30.137 -365.722 1.108
95.616 -39.214 -433.400 0.945
-38.434 32.275 -348.709 0.959
2.472 -3.693 -300.286 1.103
-37.420 -21.961 -324.008 1.153
-51.167 99.107 -329.801 1.023
8.388 29.008 -449.962 1.096
-60.878 -45.417 -495.333 1.067
85.421 21.973 -350.233 1.102
-47.983 -68.673 -458.581 0.922
18.567 -43.474 -385.606 0.926
96.790 -18.085 -335.410 1.143
60.393 -69.441 -453.688 0.995
-62.371 -59.387 -326.070 1.091
-82.893 50.193 -491.102 0.919
-8.517 -28.869 -462.431 1.164
-59.296 -4.400 -372.301 0.791
54.341 51.535 -383.961 1.116
91.265 32.877 -490.048 1.005
3.138 -82.598 -434.588 0.991
49.907 -43.421 -439.263 1.106
91.683 41.153 -370.190 1.066
-17.376 7.441 -363.481 0.976
-3.152 -97.139 -420.148 1.013
92.223 74.740 -341.477 0.907
-85.964 89.741 -395.650 0.955
24.427 -83.568 -405.426 0.917
-31.287 52.494 -343.462 1.012
72.676 -84.982 -395.301 1.067
-14.216 -96.747 -446.067 0.895
-37.072 9.439 -405.173 0.988
52.584 -68.051 -326.387 1.082
-74.737 -32.765 -459.420 0.988
43.124 -13.154 -418.889 0.810
-37.852 -79.614 -354.594 0.982
-77.231 23.260 -328.433 0.956
68.295 94.343 -489.886 0.976
11.014 34.748 -433.385 0.905
-68.334 -48.360 -469.417 0.931
71.244 70.771 -465.908 0.914
7.409 50.083 -380.764 1.280
13.390 -39.014 -357.852 0.994
53.111 54.969 -346.776 0.995
33.208 -7.485 -482.439 1.087
27.800 88.162 -456.879 0.799
64.192 6.783 -386.880 1.181
-60.349 14.417 -427.165 0.916
44.992 -91.578 -446.405 0.973
96.700 -69.037 -418.979 1.132
-13.144 -43.259 -322.901 1.065
20.519 55.715 -369.636 1.100
41.251 0.905 -320.177 0.841
-87.689 -65.936 -303.199 0.969
65.173 7.520 -343.252 0.921
-18.614 -95.315 -372.299 0.823
23.561 -17.762 -329.430 1.269
-19.947 43.028 -333.763 0.903
99.277 48.164 -470.950 1.039
-82.792 -75.738 -485.873 0.855
-91.877 -17.009 -384.835 1.191
7.829 19.093 -324.090 0.848
43.950 31.752 -349.656 1.071
49.204 99.434 -420.015 0.915
-15.790 -64.358 -466.300 1.163
94.823 99.808 -444.555 0.837
36.134 -50.164 -388.190 0.971
78.149 -60.532 -353.545 0.805
-68.810 -83.118 -399.902 0.814
31.324 60.466 -372.558 1.080
-45.250 -60.236 -347.718 0.865
-45.158 -14.633 -302.625 1.035
-65.586 54.993 -366.529 0.777
-42.259 6.624 -479.546 0.869
-19.831 30.395 -477.318 0.846
77.318 -1.489 -460.696 0.890
90.529 83.825 -377.316 0.993
75.608 -8.954 -359.009 1.151
-85.298 52.401 -460.777 1.127
-65.884 -75.589 -474.114 0.797
25.015 -92.132 -359.609 1.058
-95.350 -90.815 -460.057 0.925
-89.568 12.904 -439.847 1.096
-46.536 31.522 -379.025 1.113
-22.538 -64.127 -354.923 0.944
90.358 -36.420 -328.830 0.935
47.840 5.724 -371.017 1.199
10.550 -34.831 -472.394 0.727
69.125 -87.871 -322.757 1.161
-30.691 -78.911 -483.276 0.974
74.729 -77.912 -334.188 1.044
55.160 -36.922 -446.612 1.124
24.030 -66.551 -420.660 0.962
66.270 -39.695 -387.461 1.061
-17.693 14.822 -496.840 1.047
79.987 -40.468 -398.943 1.081
-68.388 40.134 -404.790 0.993
-32.129 -8.693 -473.306 0.987
35.975 -94.898 -351.429 1.136
19.485 13.316 -301.478 1.083
75.338 -65.473 -310.701 0.965
-37.187 -3.956 -390.214 0.915
-52.435 19.426 -487.553 1.021
-40.158 -63.166 -304.117 1.023
-65.436 97.856 -302.123 1.037
85.432 -21.430 -481.796 1.126
45.247 32.850 -437.564 0.954
-21.425 -64.945 -405.846 0.982
83.649 -25.887 -495.336 0.942
-75.987 23.052 -363.708 0.999
-82.983 -2.122 -366.273 0.755
-12.978 23.035 -399.670 1.028
24.355 -60.964 -313.312 0.935
-78.064 85.618 -483.636 1.138
-98.122 11.170 -301.706 1.068
45.366 95.553 -417.522 1.065
-23.437 15.795 -349.932 0.978
28.957 -87.026 -347.841 1.112
-30.245 99.512 -398.702 1.030
76.811 -75.860 -409.841 1.009
47.204 7.289 -466.125 0.854
-96.350 -54.470 -388.605 0.934
58.338 -32.943 -325.866 1.132
65.911 -62.245 -327.982 1.142
71.534 33.797 -481.097 1.076
2.548 24.483 -334.094 1.037
87.211 51.115 -407.979 1.014
32.488 86.437 -376.429 0.907
81.374 -60.013 -409.450 1.078
29.157 -50.533 -400.909 0.877
-53.496 -35.200 -319.341 0.915
-86.063 75.882 -333.725 1.060
-47.701 46.886 -338.600 1.007
75.906 57.327 -351.549 1.157
44.922 -87.883 -419.142 1.036
20.600 49.147 -302.734 1.198
-73.741 96.457 -475.549 1.068
44.736 13.270 -336.359 0.946
-5.211 -74.811 -479.900 0.919
51.765 -37.498 -306.127 0.881
-52.752 14.832 -316.106 1.135
66.021 -66.346 -401.523 0.937
-9.886 69.075 -462.178 1.179
-47.816 91.330 -466.561 1.154
-18.426 -72.800 -443.028 0.992
97.058 78.666 -338.075 1.078
0.173 68.924 -457.405 1.018
1.496 55.211 -449.892 1.256
-40.613 -51.272 -416.225 1.030
76.310 -78.257 -445.113 1.022
-94.463 60.963 -451.641 1.072
84.871 96.707 -444.354 0.871
-11.344 60.342 -418.044 0.913
40.782 -16.143 -305.298 1.062
-40.513 43.695 -492.180 0.956
72.866 48.445 -403.188 0.924
-29.560 -68.160 -449.530 0.825
16.485 97.325 -453.721 1.056
-9.960 16.549 -487.983 1.004
93.029 99.332 -465.140 0.956
23.401 39.474 -410.105 1.109
-21.460 -15.210 -317.045 1.009
53.076 -40.917 -334.169 0.914
-14.573 36.637 -321.028 0.984
90.857 -86.985 -445.440 1.055
-17.139 -33.626 -345.623 1.094
-7.029 -50.323 -335.179 0.996
-64.659 50.434 -480.611 1.172
-31.387 24.285 -302.969 0.894
-97.298 -85.977 -417.784 1.060
79.802 43.248 -400.962 1.037
-33.057 49.455 -327.187 1.013
-56.009 60.497 -388.849 1.131
-49.808 -74.891 -368.958 0.949
-3.891 8.545 -471.117 0.937
22.840 41.258 -329.990 0.978
-19.536 -14.884 -341.582 1.040
41.490 -83.627 -349.078 1.063
43.508 -15.708 -482.754 1.037
64.404 14.844 -404.339 0.931
14.534 58.597 -318.633 0.932
-5.980 40.055 -317.677 1.050
83.644 22.021 -348.325 0.917
-70.791 43.192 -415.970 1.116
75.896 -97.724 -471.626 0.963
18.262 -24.241 -443.118 1.032
81.838 3.123 -323.387 0.903
42.797 -0.541 -393.785 0.966
-47.940 -36.124 -314.344 0.880
-17.088 -61.363 -339.189 0.747
-82.181 93.560 -408.833 1.189
34.240 66.696 -336.119 0.976
45.284 -60.943 -370.427 1.076
