24.098 89.609 -339.507 0.991
-89.645 -43.210 -428.853 0.908
97.354 99.017 -454.872 1.002
85.767 -94.167 -352.435 1.137
44.301 -35.965 -423.473 1.019
73.323 91.037 -428.972 0.968
82.121 -87.847 -365.318 0.887
-98.311 25.442 -303.265 1.054
52.370 -33.538 -380.510 0.723
62.342 74.618 -315.320 0.944
-82.486 -2.487 -412.919 1.060
3.005 54.055 -402.967 1.068
-95.426 13.399 -307.475 1.000
-40.396 47.574 -359.876 0.931
17.451 74.905 -458.937 1.061
-49.571 74.573 -348.348 1.022
92.448 -73.524 -308.725 0.976
-21.319 56.239 -441.092 0.986
90.128 -93.157 -357.419 0.949
14.559 15.676 -375.661 1.057
-82.878 -94.717 -303.688 0.804
36.192 -90.631 -401.557 0.904
53.466 89.709 -326.354 0.881
-61.646 96.235 -424.344 0.940
70.610 -17.432 -347.727 1.075
0.051 14.590 -474.480 1.152
-5.847 35.718 -449.236 1.049
63.964 -75.782 -456.046 0.807
18.755 -22.404 -361.621 1.179
-90.599 -23.300 -307.799 1.114
85.568 -96.690 -396.085 1.102
-71.434 -23.172 -324.821 0.950
93.276 -42.517 -456.109 1.050
42.902 76.807 -480.380 1.057
43.091 65.081 -346.312 0.967
-17.442 -75.636 -442.479 0.864
67.216 -5.731 -368.466 0.946
92.130 26.091 -323.050 1.063
-68.752 -20.241 -320.705 0.973
-25.319 54.607 -473.129 0.896
54.811 -83.296 -457.424 1.071
-50.745 -33.174 -488.348 1.035
-52.252 -39.756 -404.076 0.953
-69.129 12.796 -379.759 1.004
0.033 34.694 -472.885 1.283
-99.186 83.930 -347.420 0.952
91.354 82.820 -414.895 1.087
33.879 74.636 -487.525 1.102
-51.956 -29.452 -307.060 1.172
35.402 -46.142 -367.532 0.857
52.142 -43.566 -434.944 1.031
-57.913 -46.406 -382.753 0.894
-5.451 36.749 -402.040 1.067
-97.251 97.950 -307.154 0.997
-3.553 2.705 -451.544 1.018
-4.096 57.891 -486.994 0.989
-21.290 4.403 -412.317 1.076
26.324 -50.596 -498.795 1.124
27.096 -50.622 -308.547 1.108
-8.168 26.622 -326.645 1.018
-91.624 46.599 -333.172 1.055
-96.778 74.874 -392.651 1.114
-82.073 95.443 -304.918 1.050
-35.667 91.288 -420.247 0.986
40.868 -64.621 -356.348 1.181
56.185 -18.088 -343.841 0.985
-88.012 89.672 -440.189 0.993
-79.580 43.819 -414.227 1.213
99.868 87.914 -453.409 1.003
59.345 42.918 -362.109 0.994
-98.319 -50.977 -361.638 0.928
34.588 -66.138 -411.305 0.929
-7.039 -10.865 -473.289 0.939
-50.223 81.108 -457.787 0.891
7.095 59.777 -331.013 1.025
65.225 99.314 -428.618 1.004
-19.887 -77.883 -383.573 0.912
-55.797 -26.748 -489.859 0.999
97.371 -18.831 -326.282 0.978
30.621 97.852 -314.496 0.893
-54.186 74.401 -492.114 0.972
-60.993 -28.106 -489.806 1.106
19.483 75.528 -409.096 1.067
31.143 59.349 -481.448 0.993
74.042 -78.704 -402.184 0.984
16.939 4.238 -331.623 0.958
-22.510 20.563 -369.669 1.164
-52.158 40.676 -316.764 1.190
56.499 -40.510 -499.055 1.071
-34.420 59.228 -419.821 1.102
-71.907 -75.235 -398.439 0.817
-17.923 -6.363 -406.760 0.876
-4.388 62.721 -340.468 0.985
-0.726 -38.731 -374.002 0.919
-65.216 87.598 -313.652 1.008
-11.325 44.720 -438.122 0.976
-54.554 -45.548 -312.084 1.034
91.798 19.057 -395.828 1.053
-57.929 24.158 -413.646 1.032
97.016 87.525 -343.997 1.015
-50.661 -84.908 -469.805 0.948
29.811 82.656 -418.559 1.039
-72.500 -45.482 -330.649 1.110
42.271 99.711 -375.151 0.951
86.317 33.832 -475.622 0.982
40.227 -14.379 -464.453 1.121
-97.868 -0.574 -324.424 1.075
99.929 73.684 -425.959 1.206
86.495 80.407 -342.832 1.092
-46.786 -16.551 -307.054 0.887
-14.320 77.570 -364.935 1.002
-49.237 -10.245 -485.468 0.935
-15.619 15.225 -447.923 1.005
-35.882 -82.117 -495.597 1.057
41.361 25.656 -391.646 0.980
7.102 91.632 -425.418 0.929
86.287 -25.487 -441.455 0.892
64.551 -21.126 -457.087 0.855
-10.445 -6.363 -424.585 1.191
-61.746 37.259 -401.763 0.927
94.772 62.267 -467.389 1.037
-27.081 -58.681 -425.715 1.108
-29.833 -15.778 -411.197 0.993
-18.961 28.281 -407.101 1.023
54.099 15.779 -419.272 0.989
-51.940 90.271 -409.586 1.108
1.592 11.101 -365.210 1.004
-28.422 -70.479 -310.210 0.998
-11.322 2.908 -398.039 1.070
44.223 87.080 -497.203 0.931
-40.978 72.817 -403.420 0.955
-12.555 35.871 -405.910 1.094
-98.538 -57.933 -494.089 1.067
1.984 88.672 -467.486 0.981
64.171 42.766 -463.237 0.914
-2.439 -77.987 -492.816 1.069
-76.535 60.582 -479.256 0.965
-1.997 -94.813 -353.749 0.918
-34.689 -11.573 -352.193 0.975
27.251 40.764 -337.517 1.031
-1.669 5.723 -386.593 0.987
-49.733 40.581 -344.119 1.157
-34.584 -95.028 -359.792 0.969
88.838 70.636 -309.468 0.903
12.297 76.487 -304.877 1.216
-75.421 14.446 -467.067 1.098
31.643 17.609 -482.120 1.035
-92.900 61.974 -317.508 1.006
-53.970 20.358 -383.918 0.969
7.569 -90.174 -315.269 0.999
-14.400 14.842 -493.857 0.840
-83.785 63.109 -317.365 1.163
11.728 8.650 -426.391 1.031
50.209 35.217 -352.108 1.002
-7.239 54.750 -378.985 0.966
41.297 -42.017 -411.136 1.108
-65.421 -91.889 -381.917 1.088
-93.441 50.159 -442.502 0.810
-69.459 -64.045 -339.019 0.896
32.374 -33.119 -410.367 0.799
-93.222 2.994 -345.863 1.114
-51.304 -61.780 -490.924 1.034
59.839 51.684 -338.600 0.873
72.939 37.400 -411.375 0.982
-23.323 34.292 -422.877 0.935
-71.312 72.277 -428.716 1.072
57.131 99.331 -378.229 0.994
38.521 46.546 -332.874 1.127
-76.355 41.091 -377.640 0.970
36.904 60.741 -340.520 0.988
-8.835 20.078 -470.334 1.223
31.882 60.586 -440.720 0.988
-48.979 85.376 -443.698 0.909
-81.680 -3.928 -493.959 0.953
-74.462 88.219 -376.875 1.026
-74.768 -1.401 -338.352 1.223
25.030 30.438 -391.135 1.145
-91.837 64.850 -435.365 1.109
87.919 -46.600 -397.271 0.898
-84.691 23.388 -316.569 0.910
-52.164 -61.100 -404.089 0.973
-22.065 -90.238 -357.475 0.956
-83.606 2.080 -476.407 1.037
-23.973 -6.382 -398.017 0.932
17.684 61.235 -475.663 1.055
61.067 34.523 -431.790 0.857
-66.715 -43.087 -437.768 1.063
-45.099 6.324 -492.254 1.013
39.974 -29.669 -338.910 1.030
-52.571 6.066 -434.799 1.058
-26.965 87.933 -416.055 0.993
95.697 -23.089 -410.930 0.934
-67.068 36.929 -418.856 1.008
-93.692 0.117 -380.788 1.056
37.381 18.793 -371.407 1.083
25.462 84.592 -430.548 1.160
-38.046 63.000 -471.554 1.010
66.745 91.593 -345.184 0.957
35.971 -6.778 -437.198 0.963
88.607 -34.778 -411.924 1.117
-41.627 90.914 -362.300 1.078
61.949 28.834 -308.609 0.928
68.463 -33.412 -468.314 0.868
11.185 26.946 -477.238 1.006
-12.593 -44.434 -414.184 0.994
-41.185 -14.216 -476.397 1.154
41.611 -13.934 -442.361 0.836
-43.403 -62.656 -493.319 1.012
-72.042 92.302 -434.217 0.909
82.271 35.937 -450.165 0.858
85.687 -95.541 -397.877 1.069
2.574 -58.787 -432.572 0.878
-35.582 -92.287 -302.582 0.947
16.250 93.145 -410.619 0.922
23.886 63.638 -488.408 0.907
-30.836 -92.200 -304.319 1.109
-9.819 -62.177 -399.074 1.061
1.499 28.474 -352.813 1.096
60.640 -3.676 -304.324 1.012
38.824 -61.669 -385.757 0.930
-53.631 -74.012 -363.279 0.877
-29.971 84.808 -407.935 0.980
-95.895 -83.284 -449.080 1.009
-12.584 -54.749 -396.458 0.912
-73.365 91.964 -400.707 1.114
-40.856 -35.312 -468.050 1.114
-72.876 2.739 -324.021 1.162
-4.291 57.895 -341.008 1.028
37.169 -63.007 -398.206 1.020
26.349 38.943 -371.911 1.162
-57.572 71.675 -346.537 1.124
98.766 35.435 -304.655 1.172
-8.073 -56.833 -433.402 1.000
32.122 -97.444 -462.806 1.041
32.928 28.318 -407.803 0.980
6.749 -30.224 -472.173 0.935
64.180 -33.245 -348.819 0.923
83.171 -2.673 -497.319 1.111
34.829 -57.608 -395.235 0.809
-81.077 -99.787 -326.146 0.890
74.065 51.646 -388.045 0.911
-92.306 72.918 -309.054 1.071
-68.885 4.224 -301.741 0.955
64.422 -10.516 -422.246 1.060
-21.448 -52.940 -439.200 0.927
-47.398 22.440 -360.952 0.913
-38.232 -8.507 -360.631 1.043
-0.771 17.650 -412.966 1.058
50.192 3.348 -423.081 0.956
-47.902 39.727 -302.209 0.921
-30.606 68.743 -358.992 1.092
53.140 63.618 -455.816 0.985
-17.648 -34.256 -363.567 1.078
-63.815 29.502 -403.341 1.032
-72.938 -44.754 -310.600 0.826
-68.297 -85.512 -336.266 0.966
-13.484 -35.177 -330.807 1.077
52.209 70.797 -344.330 1.082
57.242 -8.124 -322.209 1.101
-32.743 93.895 -471.847 1.079
-85.880 -89.745 -459.124 1.015
-15.859 -78.437 -433.856 1.050
-4.693 59.924 -455.828 0.734
-53.456 -59.735 -343.155 1.063
99.325 -36.330 -450.511 1.089
97.392 44.660 -348.394 0.992
-31.975 -25.336 -398.141 1.097
-86.951 -77.864 -373.561 0.941
-94.416 3.477 -471.426 0.955
72.216 29.324 -363.680 0.991
97.021 22.081 -383.106 1.038
-50.024 78.033 -435.298 0.892
-36.033 91.380 -406.014 1.032
-96.389 -71.287 -461.636 1.040
-70.391 62.617 -310.471 1.070
-58.107 -27.155 -364.966 0.986
37.359 4.460 -422.675 0.937
72.666 -94.616 -477.373 0.945
-13.308 77.519 -451.112 0.907
-31.453 -26.988 -301.163 0.892
18.538 -79.456 -327.070 0.956
-98.291 36.948 -377.557 0.988
-69.872 -80.852 -316.688 0.906
-57.199 -6.699 -397.779 1.058
-83.378 -14.189 -363.397 0.979
-34.269 33.819 -313.440 1.112
1.108 99.307 -378.597 1.056
47.545 -18.843 -343.665 1.257
57.025 -53.697 -401.192 0.786
57.655 63.726 -407.370 0.983
-3.736 -85.479 -301.756 1.001
68.096 -0.664 -379.893 0.880
-33.057 -83.264 -317.089 0.866
93.561 58.405 -348.193 0.930
-24.234 91.764 -467.915 0.857
66.951 37.752 -460.083 1.059
-51.509 57.462 -339.836 0.908
-43.002 -4.806 -460.567 1.153
-64.844 -28.163 -465.109 0.938
94.235 -33.562 -497.579 0.921
-65.856 3.623 -468.693 1.086
90.249 94.346 -466.347 1.125
96.454 77.156 -488.053 0.874
-55.299 97.162 -327.744 1.038
-34.791 -45.047 -494.958 1.017
-11.691 -12.981 -422.173 0.975
-26.520 42.442 -300.495 0.989
24.403 44.114 -474.797 1.013
-36.874 -66.700 -373.446 1.005
41.610 85.871 -465.301 0.987
66.508 -54.042 -342.987 0.902
12.290 67.686 -470.045 0.871
-93.296 -65.034 -495.099 0.962
-87.404 -8.213 -493.059 0.818
32.885 -17.350 -450.750 1.005
46.318 -27.115 -424.549 0.980
-35.910 7.385 -429.349 1.154
-15.443 -22.018 -323.346 1.082
-61.734 40.157 -344.767 0.969
4.617 -10.865 -464.133 1.206
9.277 -19.252 -441.448 0.877
-74.042 74.039 -438.820 1.014
-15.627 -83.567 -330.110 1.092
-61.376 73.379 -309.516 0.971
79.287 60.642 -419.506 1.045
80.497 52.584 -416.533 1.068
-55.978 -11.052 -367.189 1.070
-22.504 -52.602 -387.080 1.072
37.355 1.748 -306.397 1.012
-69.873 -1.664 -410.893 0.993
-1.065 -23.515 -336.519 0.911
95.563 -3.381 -317.356 0.914
-83.071 -70.369 -364.933 1.128
47.154 -49.425 -479.448 0.861
-64.550 35.249 -340.002 0.856
72.108 -98.675 -367.733 1.109
46.594 -16.609 -465.601 0.849
-64.629 -22.688 -484.012 1.051
44.995 -41.510 -462.677 0.982
56.889 -32.796 -311.338 1.069
30.112 -89.769 -412.192 1.257
47.993 87.412 -393.269 1.064
46.399 -31.065 -486.403 1.097
-4.204 -52.775 -395.549 0.980
-47.242 22.283 -451.872 0.956
87.840 52.369 -443.360 1.067
-23.417 77.530 -372.364 0.927
52.649 69.578 -433.192 1.017
13.007 -88.454 -464.573 0.897
28.164 -31.644 -339.623 0.987
29.733 -75.746 -418.639 0.760
-10.041 -9.760 -324.099 0.921
51.170 43.240 -402.379 0.849
76.283 -24.634 -351.679 0.944
85.477 37.292 -313.745 1.035
-57.318 34.652 -483.503 0.975
24.136 13.091 -319.613 0.959
-85.218 72.847 -327.062 0.978
30.897 -63.294 -385.018 0.957
-32.328 -63.561 -476.439 1.052
-78.847 28.376 -404.884 0.994
74.424 -8.237 -460.168 1.196
12.897 -57.530 -458.352 0.812
-83.438 -36.139 -351.909 1.234
-1.676 58.636 -438.498 1.066
-84.595 72.749 -419.972 0.816
-60.745 50.392 -384.189 1.147
-50.311 -41.497 -411.744 1.080
-47.257 -30.636 -378.099 0.842
86.973 -80.368 -348.481 0.970
14.501 -66.197 -384.331 0.964
30.356 -36.455 -439.973 1.176
93.836 61.828 -348.100 1.059
66.445 87.139 -337.733 1.195
-70.059 79.325 -422.343 1.024
6.716 85.306 -434.214 1.005
-6.821 -80.518 -494.335 1.030
-91.952 40.326 -354.761 1.066
-78.417 98.741 -485.830 0.899
-58.556 8.630 -446.218 0.893
61.933 -99.348 -483.363 0.985
-82.439 -43.802 -395.690 1.046
-76.194 -5.475 -365.109 0.869
58.746 84.591 -494.548 0.903
-71.479 17.941 -347.537 1.106
54.235 -82.579 -416.108 1.027
-80.934 64.746 -477.299 1.008
19.082 21.593 -339.076 0.939
-25.631 -79.008 -486.039 1.141
85.292 1.976 -447.007 0.995
-75.812 -97.599 -317.492 1.199
-55.915 -2.725 -456.979 0.890
-20.403 -86.748 -455.417 1.045
46.456 -73.692 -362.225 0.866
-12.857 94.514 -456.077 0.837
17.911 -25.971 -464.970 1.107
95.715 37.805 -482.764 0.913
78.580 -22.775 -445.300 1.040
-96.431 -40.706 -360.375 0.815
-20.582 14.301 -396.257 1.152
-80.068 68.795 -340.104 1.067
34.841 86.613 -350.939 1.014
52.146 20.360 -429.349 1.033
-76.067 85.394 -359.039 0.953
60.124 -4.338 -306.212 1.103
58.922 -2.512 -350.142 1.011
43.662 36.631 -333.650 1.082
31.160 -63.606 -491.139 0.983
-14.119 -15.329 -303.449 0.903
-87.046 10.331 -381.693 1.050
36.512 -59.665 -329.798 1.130
-70.098 -2.657 -337.257 0.875
42.192 -60.865 -427.092 1.056
-10.821 -77.053 -479.361 0.992
97.803 9.651 -408.350 0.860
-17.407 73.643 -352.936 1.062
-69.116 -37.687 -484.155 1.013
-37.950 -90.760 -311.227 1.075
-12.306 -1.025 -347.457 1.000
-18.244 -6.799 -447.839 1.051
50.062 0.676 -316.659 0.961
8.625 6.957 -477.549 1.100
-45.662 -96.121 -493.954 0.974
-31.677 46.940 -397.763 1.051
-85.678 -64.448 -393.066 0.981
67.896 -23.362 -308.074 0.962
-76.518 37.351 -469.299 1.125
67.429 -3.697 -305.526 1.082
-84.481 -87.955 -378.484 0.982
91.537 -78.602 -473.925 0.927
18.806 95.879 -309.143 0.946
69.238 15.148 -376.927 0.773
55.190 33.356 -446.548 1.141
-62.390 83.841 -463.196 1.049
-97.269 -13.520 -490.866 1.064
-26.648 71.803 -302.430 1.015
-92.423 34.561 -372.145 1.033
-41.491 75.531 -456.096 0.883
-39.128 -37.548 -457.244 0.986
-78.962 -37.791 -474.724 0.966
69.063 36.010 -381.381 1.055
-67.519 46.605 -471.735 0.839
91.881 73.084 -381.284 1.127
-87.172 65.341 -393.383 0.856
71.840 -54.553 -306.161 1.016
-71.363 14.837 -398.704 0.963
19.209 -68.253 -359.700 0.951
-83.758 42.228 -401.144 1.259
99.282 1.098 -324.395 0.910
-71.199 -45.726 -493.158 0.872
60.920 85.084 -356.276 1.055
66.828 24.136 -348.309 0.954
-82.420 48.778 -466.380 1.015
27.352 87.266 -418.147 1.151
-57.816 75.930 -381.676 0.858
6.217 -95.075 -366.436 1.005
4.249 -61.263 -327.751 1.083
-43.410 19.213 -310.717 1.124
-34.444 31.609 -499.930 0.964
-12.700 48.705 -369.136 1.115
-0.733 -86.978 -404.790 1.096
92.616 -7.278 -364.346 1.074
-78.088 14.096 -319.455 0.849
87.443 55.456 -409.666 1.195
-91.658 9.727 -347.215 0.977
10.861 -42.134 -455.962 1.021
-40.090 -56.372 -431.407 0.875
25.994 55.527 -457.679 0.950
-70.999 93.376 -463.765 1.118
-23.167 -77.574 -418.305 1.049
-93.469 98.703 -485.467 1.029
-81.258 -29.931 -366.935 0.987
-15.119 -37.876 -428.905 1.030
44.310 5.031 -458.172 0.988
-49.736 54.122 -466.405 1.174
-64.767 -24.717 -357.485 0.864
-5.953 69.659 -346.384 0.848
45.552 -63.659 -427.565 0.877
-93.627 -34.510 -391.979 0.941
56.295 62.216 -320.731 0.976
85.815 -93.334 -370.325 1.003
-17.870 15.490 -310.303 0.997
24.292 11.083 -475.634 1.154
-77.235 42.392 -416.203 0.924
59.182 15.297 -327.372 1.286
-19.351 -90.309 -355.787 1.111
7.558 30.426 -474.524 1.225
91.472 82.712 -364.022 1.030
-78.235 -63.282 -334.333 1.122
-63.560 2.552 -388.617 1.061
-53.589 63.779 -409.467 1.037
33.109 -22.955 -343.495 1.146
95.735 -94.151 -409.069 0.911
74.586 -60.918 -494.247 0.875
83.889 -33.628 -311.298 1.081
27.758 -75.250 -462.114 0.815
-35.463 -63.521 -484.629 0.905
-3.355 95.717 -353.792 1.262
-43.175 -77.214 -485.748 1.221
-70.035 43.041 -363.451 0.839
82.894 -7.964 -430.069 0.942
43.404 75.228 -405.801 1.119
-91.048 23.943 -312.364 1.035
0.668 13.614 -483.185 0.917
69.208 94.438 -457.722 0.862
45.346 -15.431 -471.343 1.036
-54.625 -80.080 -400.074 1.047
36.348 -85.307 -474.160 0.955
-47.466 -60.826 -456.028 1.156
30.519 -33.626 -345.697 1.003
-9.458 -33.268 -497.290 1.021
11.561 -13.297 -445.718 1.031
-68.371 77.015 -462.004 0.898
40.691 -1.018 -498.170 0.768
-26.331 34.883 -446.473 1.069
84.399 92.183 -332.594 1.007
20.514 -70.047 -416.682 0.987
-28.516 42.006 -387.508 1.073
-74.855 -28.470 -400.930 1.066
88.054 6.843 -373.896 0.971
27.755 -54.713 -353.283 0.896
21.248 66.602 -323.751 0.987
-3.398 47.502 -325.454 1.006
-98.337 45.708 -347.478 0.978
-20.723 86.213 -457.654 1.010
-67.122 -62.770 -375.112 0.998
-74.314 47.676 -423.736 0.970
-77.080 5.910 -393.525 1.055
39.471 -81.789 -440.175 1.026
-97.911 -39.886 -445.282 0.927
-70.234 -16.441 -341.634 1.004
15.048 -37.607 -422.245 0.932
33.882 34.724 -438.757 1.091
69.665 34.748 -327.975 0.876
32.480 18.918 -440.412 0.958
-64.607 -12.808 -414.575 0.937
37.246 -86.463 -314.731 0.969
89.088 -40.903 -307.523 0.855
0.825 -9.205 -329.290 0.938
42.264 -87.831 -463.081 1.044
99.519 85.455 -461.932 1.019
-29.372 31.880 -462.397 0.956
-21.248 -52.876 -318.497 0.983
53.537 -18.214 -491.037 1.031
-19.454 8.439 -301.856 1.013
18.448 58.339 -430.179 1.086
39.764 69.297 -449.711 0.990
14.579 -98.094 -419.639 1.050
-84.593 58.821 -456.485 0.918
59.514 22.221 -312.320 1.122
-18.098 -98.477 -356.364 1.052
-77.028 14.202 -467.757 0.915
75.884 -39.185 -399.415 0.990
-7.092 33.191 -372.154 0.846
-60.606 -75.751 -385.833 0.995
-2.560 -67.439 -486.390 0.982
95.108 -3.635 -416.203 0.995
36.382 68.783 -344.026 0.944
-94.470 20.699 -325.035 0.904
-16.752 -92.006 -416.609 0.807
20.029 -31.099 -334.978 0.794
63.904 74.456 -403.648 1.097
-74.063 15.976 -354.447 0.788
12.051 -5.246 -437.243 1.052
74.359 -8.052 -359.327 0.886
-19.266 -57.613 -323.499 1.109
-30.078 -9.522 -357.171 1.022
-96.293 -53.573 -367.774 0.850
39.770 -29.103 -445.627 0.951
-10.003 14.481 -380.958 0.963
6.091 58.953 -476.519 1.091
-87.213 -28.863 -343.593 1.018
-99.640 -1.352 -452.603 1.185
-6.345 85.532 -469.062 0.915
-3.366 -17.828 -413.206 0.939
-5.838 90.205 -405.855 0.897
-80.260 -20.286 -368.533 1.122
67.656 13.104 -435.043 0.859
-51.483 -25.680 -470.133 1.182
-36.063 -16.054 -363.151 0.958
79.071 32.086 -377.924 1.073
-30.275 45.707 -438.496 1.057
-28.701 -16.063 -403.058 1.028
-92.754 80.630 -319.192 1.097
89.722 12.592 -447.677 0.954
0.802 66.521 -328.604 0.966
-78.714 86.620 -334.724 1.015
-6.100 -54.975 -463.110 0.851
-7.582 22.569 -354.393 1.029
99.111 -61.942 -393.043 1.129
-53.350 72.021 -317.996 1.034
-79.786 -49.944 -316.748 0.887
-88.441 32.088 -371.088 1.081
-6.049 80.681 -427.513 1.017
-46.060 -26.744 -370.605 0.858
96.188 69.620 -415.390 0.935
-30.017 -95.868 -316.593 0.985
3.513 51.494 -427.529 0.941
34.648 -63.542 -317.245 0.901
-27.982 81.281 -465.359 1.038
-36.319 96.700 -358.988 1.013
-89.305 -85.446 -352.478 1.061
66.822 84.597 -466.702 0.846
58.976 29.533 -336.290 0.923
27.895 13.450 -477.545 1.282
53.359 -42.646 -373.065 1.062
-3.626 -91.263 -479.321 1.072
39.862 -67.409 -379.117 0.940
47.407 -40.765 -446.118 1.039
60.983 67.378 -456.259 0.831
39.693 -22.749 -401.438 0.976
-77.710 74.296 -435.356 0.907
-66.585 97.434 -311.081 1.094
56.179 -1.534 -491.889 1.178
-96.886 18.083 -485.008 1.028
88.637 86.706 -319.687 0.991
18.956 31.211 -401.950 1.132
-37.652 -78.990 -497.939 1.044
-8.178 73.557 -461.119 0.881
0.803 -85.839 -451.941 0.923
-39.944 -65.353 -477.288 1.013
-52.266 33.726 -467.978 1.011
37.691 -50.661 -346.019 0.972
18.441 48.663 -483.006 1.019
-59.771 17.967 -369.433 1.074
10.211 53.938 -467.801 0.984
-96.010 5.220 -310.555 0.916
-38.484 61.073 -457.808 1.112
-45.950 -7.138 -318.431 1.087
7.693 -13.953 -420.505 1.075
64.622 -16.738 -333.526 1.088
97.640 -66.336 -408.209 1.079
92.246 -9.577 -344.084 1.005
76.859 2.777 -427.008 0.950
43.277 59.945 -452.991 0.765
-37.044 5.266 -477.927 1.001
88.653 34.219 -383.121 0.933
58.158 41.735 -470.439 1.072
-81.716 91.936 -329.396 0.836
44.857 -98.415 -453.288 1.019
79.836 -65.635 -457.550 0.777
37.683 82.485 -409.964 1.211
60.155 94.277 -340.261 0.858
65.650 74.256 -368.517 1.059
-47.821 -49.971 -312.652 0.960
30.846 -44.346 -476.385 0.903
-77.558 35.682 -300.538 1.122
41.487 7.092 -431.223 0.957
-18.137 -27.981 -384.223 1.000
-85.771 -19.104 -417.167 1.172
-59.286 15.352 -437.192 1.002
40.123 -55.400 -423.881 1.089
-67.786 47.640 -313.273 1.006
24.583 -87.246 -425.227 0.923
70.161 5.290 -329.707 1.105
11.488 37.315 -391.827 1.110
27.800 68.502 -384.353 0.930
58.913 85.893 -324.109 0.692
-89.059 95.405 -417.827 0.919
49.312 48.551 -488.438 0.951
-86.437 13.250 -494.285 0.988
-78.162 -38.925 -323.866 1.031
-61.474 47.193 -321.773 1.095
38.578 -90.855 -488.449 0.942
43.680 60.311 -423.213 1.136
-65.461 90.557 -327.676 0.963
-48.527 94.639 -352.147 1.020
24.651 52.131 -363.883 0.920
6.198 -12.299 -425.333 1.174
18.939 -69.303 -323.524 1.024
-65.479 -88.015 -328.742 0.872
-51.905 40.385 -475.074 1.120
25.350 -80.435 -478.279 1.033
83.181 96.228 -411.528 1.133
62.969 20.266 -484.212 0.936
74.334 42.726 -463.835 1.166
-12.861 3.922 -418.659 0.969
-71.795 -36.754 -476.609 0.979
18.343 26.463 -449.684 1.165
66.010 -54.685 -498.989 0.971
79.257 -83.698 -342.257 0.812
-82.494 48.238 -308.885 1.006
75.615 -19.364 -450.015 0.872
18.055 16.932 -444.419 1.037
20.613 24.897 -471.274 1.108
-65.472 3.213 -418.169 1.121
-50.521 67.187 -340.498 1.058
-49.212 -64.152 -338.855 0.867
-3.564 75.274 -427.820 0.948
82.165 3.674 -345.157 1.047
-63.462 -30.224 -427.916 0.892
-78.841 -44.655 -416.839 0.957
-46.711 1.134 -435.255 1.090
-51.167 98.010 -493.341 1.070
87.344 72.413 -303.781 0.959
-10.328 10.201 -414.199 1.018
-5.380 79.270 -372.213 0.980
14.956 71.479 -385.177 1.005
29.586 -81.138 -458.859 0.757
67.610 68.862 -492.830 0.957
-93.634 41.083 -427.774 1.121
48.114 -4.876 -496.394 1.097
87.574 89.480 -428.875 1.022
40.055 59.320 -430.575 0.907
-48.291 65.135 -328.933 1.121
4.450 -30.614 -452.647 0.974
-31.927 31.208 -390.682 0.858
-58.457 77.041 -483.276 0.899
22.177 85.061 -419.363 1.048
52.989 94.830 -384.521 0.922
-41.116 -35.298 -312.067 1.215
66.457 16.666 -415.768 0.849
83.152 -28.878 -404.656 1.023
57.377 -75.871 -410.400 0.999
41.832 -84.486 -407.486 0.751
-42.643 -82.800 -365.534 1.099
-17.327 -73.218 -496.029 0.859
73.818 8.346 -445.346 1.102
-36.882 -90.143 -448.798 1.132
-94.983 -46.695 -388.456 0.842
-56.357 42.300 -377.316 1.109
60.716 -99.629 -472.199 0.957
-66.557 -90.473 -365.227 1.204
40.533 34.259 -332.234 1.087
-64.413 62.278 -378.429 0.908
-17.649 54.151 -459.875 0.973
-29.395 85.122 -425.173 0.908
4.882 77.909 -330.459 0.888
30.070 90.518 -338.848 1.119
92.099 -13.029 -482.242 1.037
-4.118 -70.772 -423.411 1.184
-49.655 -55.785 -343.747 0.941
38.379 -55.533 -312.124 0.995
-28.286 -14.431 -364.979 0.830
-97.106 -75.584 -357.538 1.166
76.663 40.950 -447.293 1.009
12.786 -86.846 -460.215 0.806
-32.621 -35.276 -450.938 0.992
-33.328 24.060 -368.236 1.015
-31.144 -84.480 -424.608 1.086
21.043 -82.568 -329.213 0.969
79.734 -34.341 -458.624 1.070
18.681 -99.797 -352.134 0.804
63.811 80.616 -338.512 0.947
0.141 -70.713 -375.144 1.092
52.274 -2.290 -329.901 1.179
60.112 -30.788 -419.435 1.121
-90.181 -32.885 -462.622 0.911
46.705 79.580 -460.604 1.018
53.384 37.444 -432.870 1.055
-61.099 -47.152 -301.758 1.162
51.887 -27.448 -395.621 0.941
47.958 -82.693 -366.639 1.019
26.301 0.834 -466.728 1.073
-78.604 -89.865 -305.993 0.913
-53.619 -21.822 -481.920 0.911
41.802 -64.325 -406.876 0.747
44.351 -73.289 -388.754 1.204
-60.762 35.054 -437.074 0.991
10.604 -91.127 -376.626 0.911
52.844 88.990 -424.162 1.034
18.388 -89.608 -416.259 0.845
-10.890 20.143 -461.127 0.865
-95.312 13.355 -468.314 1.025
-49.465 -76.509 -387.421 0.861
-26.002 45.618 -328.941 0.912
63.913 -69.306 -354.706 1.100
-22.578 -54.033 -305.417 1.134
59.617 50.470 -421.138 0.966
-94.271 -75.104 -389.479 0.985
35.834 -9.808 -303.285 0.879
67.217 0.769 -392.134 1.000
51.436 8.315 -431.646 0.840
-83.726 -70.192 -483.803 1.020
85.017 -73.767 -307.178 1.070
-43.149 -42.458 -384.104 1.060
97.391 7.361 -314.203 1.001
47.898 -86.054 -450.558 1.011
11.813 49.773 -428.516 0.901
28.903 64.679 -310.687 0.985
-28.457 -95.204 -480.969 0.956
-81.660 67.716 -454.604 0.987
-83.602 31.858 -330.554 0.898
-95.104 -73.999 -325.447 0.943
-97.978 -22.452 -334.568 1.004
77.434 52.345 -488.686 0.989
7.135 -31.135 -312.964 1.098
-9.850 -46.885 -377.078 0.979
92.455 -73.966 -369.510 0.864
-13.141 -89.952 -422.105 1.072
14.586 70.758 -308.628 0.977
-45.745 96.148 -368.662 1.030
-95.198 0.711 -417.685 1.062
-5.369 -8.680 -464.876 1.199
-93.083 -41.888 -333.377 0.893
43.384 66.286 -428.399 0.996
42.960 84.292 -398.625 0.907
27.108 46.892 -452.928 1.003
64.684 -52.837 -342.597 1.055
23.123 -78.522 -376.431 0.889
24.487 -71.146 -425.844 1.007
-96.105 36.731 -352.842 1.052
-76.455 -85.362 -475.517 0.785
2.275 48.380 -458.759 1.108
18.495 -56.347 -320.946 0.982
-69.620 64.143 -367.166 1.018
16.916 46.337 -422.202 1.114
-13.332 -50.297 -390.287 0.996
80.695 -64.954 -362.704 1.014
42.589 -32.225 -347.147 1.086
88.729 -10.392 -486.580 0.912
-9.932 33.622 -420.722 0.976
91.180 12.372 -449.916 1.231
73.142 -14.928 -493.332 1.062
-1.756 28.467 -488.527 0.995
18.444 -74.789 -475.531 0.993
29.400 80.164 -379.190 1.081
85.200 31.380 -410.457 1.030
-26.629 9.240 -320.071 0.907
76.463 26.581 -416.099 0.969
55.755 -85.292 -315.480 1.002
53.092 -60.129 -433.886 1.027
-83.889 -91.505 -394.136 0.860
52.834 -43.520 -465.859 1.012
1.639 7.958 -455.420 1.030
34.064 -74.816 -403.137 0.943
-17.540 31.796 -365.180 0.839
67.644 -22.472 -319.620 1.032
9.765 -49.221 -364.454 0.923
-12.752 -33.576 -417.397 0.998
53.925 -59.898 -413.876 1.028
-9.327 7.769 -303.340 1.092
11.952 -31.833 -327.675 1.134
-86.640 -62.235 -393.697 0.962
-43.011 71.593 -344.816 0.948
68.989 8.681 -357.597 0.855
-89.253 82.667 -312.609 0.882
16.438 -82.683 -444.437 0.983
-50.148 -15.569 -301.497 0.974
-85.719 -36.862 -384.687 1.149
-38.994 -89.364 -312.903 0.988
-42.370 -9.967 -398.899 1.026
-75.623 -17.372 -355.585 1.065
98.880 -0.132 -319.016 0.992
-98.872 86.679 -394.073 1.100
-35.338 93.969 -381.524 1.045
-30.462 48.166 -425.678 0.894
12.868 -1.733 -396.889 0.965
65.375 64.209 -438.948 0.980
75.726 -39.800 -410.020 1.014
-81.539 -40.878 -384.435 0.920
25.721 63.594 -349.607 0.894
85.649 25.165 -314.820 0.946
-42.527 75.807 -313.073 1.137
51.560 93.362 -394.173 1.051
88.360 65.944 -333.623 1.138
47.965 9.411 -442.348 1.019
87.264 -18.158 -448.727 1.064
58.470 -58.372 -491.418 1.118
32.461 38.041 -491.950 1.005
-56.941 31.739 -412.338 0.940
-3.284 -37.240 -411.629 1.031
14.044 -15.318 -367.239 0.913
-88.936 44.254 -372.109 0.909
93.359 2.061 -313.230 0.890
22.505 -44.683 -337.241 0.975
-39.325 -5.910 -477.578 0.928
51.204 -5.644 -440.009 0.938
70.149 -46.064 -444.516 1.092
-78.732 61.703 -332.072 0.936
50.249 -50.485 -303.426 0.953
-13.518 98.315 -336.510 1.170
-36.140 13.127 -408.912 1.145
20.589 21.621 -309.071 1.045
67.446 -98.013 -429.698 0.766
37.467 -94.650 -423.512 0.751
-91.131 -27.601 -463.589 0.992
-83.274 24.757 -414.118 0.829
-40.346 88.809 -403.951 0.938
97.962 14.479 -422.604 0.754
-73.519 -62.317 -370.199 0.997
37.864 -67.143 -491.964 1.170
-1.177 61.600 -330.554 1.043
16.677 -41.799 -497.769 1.034
-6.163 -55.507 -460.234 1.017
34.351 87.815 -433.272 0.895
-29.849 92.691 -312.141 0.878
55.902 -38.048 -354.245 0.941
15.092 30.610 -362.051 1.003
-35.940 88.346 -362.706 0.999
2.358 21.634 -404.050 1.085
-53.444 -87.374 -452.590 0.913
-36.807 24.058 -498.672 1.045
68.950 -77.617 -387.134 1.088
26.489 46.073 -312.085 0.954
64.748 -66.599 -444.845 0.904
-61.484 -72.893 -363.642 0.953
-59.166 50.392 -348.843 1.096
-24.387 98.955 -463.107 0.832
66.827 53.116 -409.627 0.849
-43.183 70.650 -337.049 1.269
-45.855 -81.130 -451.217 1.022
-57.055 -2.320 -320.294 1.011
97.397 -45.754 -488.400 0.976
39.014 41.899 -308.071 1.012
-1.704 52.312 -392.957 1.095
-27.072 86.190 -300.597 0.901
-86.067 51.401 -400.925 0.835
-1.688 47.854 -449.751 0.948
99.083 16.718 -326.121 1.058
95.593 -43.335 -459.732 0.979
-46.192 92.175 -419.250 0.893
-86.085 -15.887 -311.256 1.129
20.438 -31.217 -392.290 1.267
-62.506 85.233 -424.058 0.894
-68.174 -80.261 -347.936 1.047
-21.463 -52.146 -462.306 0.895
-96.153 -44.953 -423.891 0.844
-29.132 -63.981 -492.265 1.128
77.875 -54.686 -365.721 0.906
-70.225 35.853 -386.874 1.068
-37.295 -65.954 -469.701 1.038
-14.019 96.415 -364.387 1.002
-70.545 -92.841 -491.735 1.048
10.397 -74.745 -374.881 1.083
-90.936 -79.799 -359.921 1.066
13.933 96.671 -313.730 1.114
-39.904 -39.451 -488.195 1.063
60.391 86.575 -463.607 1.116
70.447 -61.038 -407.886 0.907
94.892 52.953 -346.412 1.086
-46.162 -40.139 -466.208 0.807
-80.218 12.848 -336.272 1.076
-48.612 -70.368 -322.768 1.081
-23.877 8.507 -315.385 1.143
-54.861 -7.218 -492.340 1.139
-43.869 -65.535 -431.357 1.177
83.436 10.019 -401.640 1.010
-2.758 88.353 -431.223 1.023
-31.474 56.217 -353.494 1.199
96.693 50.607 -307.214 0.868
71.688 -23.017 -428.036 0.999
-82.422 99.712 -391.089 0.966
1.479 -90.714 -428.313 0.907
45.816 24.062 -494.476 0.916
-69.480 -4.521 -334.349 1.102
7.427 -37.764 -314.262 1.116
18.280 69.884 -305.993 1.098
-39.717 56.355 -412.715 0.838
46.257 -1.920 -392.002 1.058
36.258 -46.598 -311.953 1.103
61.599 66.542 -392.547 1.064
9.064 47.616 -399.191 1.191
-13.667 -98.537 -370.138 1.046
27.761 27.780 -424.114 1.027
89.646 87.638 -388.614 1.162
87.113 77.468 -371.896 1.025
33.121 35.463 -391.613 0.940
81.269 -57.283 -357.309 0.955
56.817 -72.149 -464.391 1.047
42.316 18.942 -417.423 1.123
49.688 -68.117 -370.794 1.095
-43.661 43.002 -343.094 1.016
-68.604 -63.848 -431.657 0.699
19.124 -95.084 -300.568 1.076
5.881 68.345 -471.624 0.991
-85.439 90.245 -407.806 1.027
-48.272 94.859 -450.174 0.980
-84.907 67.039 -435.085 0.964
-44.749 -83.595 -473.116 1.134
66.719 12.879 -363.000 0.873
-79.342 -63.048 -370.624 0.883
31.217 56.347 -375.603 1.006
29.191 15.240 -360.533 0.934
43.756 -22.772 -398.372 0.955
-76.247 41.440 -442.082 0.860
21.936 -96.352 -423.640 1.056
22.562 -57.932 -498.829 1.146
-27.724 20.636 -396.781 0.929
-65.497 92.482 -316.300 1.021
32.200 4.878 -355.417 0.958
17.798 -5.349 -392.296 0.911
-37.073 -20.367 -335.244 1.033
-46.863 78.150 -333.073 0.795
-52.027 -86.884 -453.158 0.919
-84.084 -52.515 -371.687 0.969
83.450 -96.469 -422.037 0.847
48.665 2.197 -347.764 1.131
-70.215 95.920 -410.684 1.116
66.695 -36.542 -340.844 1.183
72.779 -86.152 -344.398 0.981
30.979 83.494 -461.266 1.067
-95.360 -50.555 -467.105 1.074
-11.480 -95.151 -471.761 0.759
10.220 5.679 -452.561 1.047
-42.506 -55.716 -437.585 1.030
49.631 -64.648 -373.437 0.949
7.562 -5.296 -489.078 1.050
33.577 -39.748 -340.753 1.199
8.084 75.678 -329.662 0.969
