98.225 48.999 -305.658 0.794
-27.205 72.188 -309.461 0.936
54.652 -15.700 -391.323 1.024
4.510 64.265 -460.500 0.988
42.303 23.077 -375.993 0.992
-9.593 70.582 -428.958 1.013
96.069 -41.800 -427.680 0.808
-76.507 96.812 -493.901 0.985
6.078 77.627 -434.277 1.006
0.619 85.897 -358.245 0.930
98.725 72.917 -337.808 0.958
-14.238 9.961 -429.412 1.146
93.494 -79.914 -466.160 1.117
32.256 -37.143 -459.571 0.832
-59.531 -13.320 -458.817 0.894
87.726 48.544 -330.381 1.101
95.142 -98.651 -322.499 0.983
-3.717 -81.871 -308.372 0.956
27.258 -49.307 -307.207 1.058
-93.257 -57.693 -435.245 1.083
27.351 -78.731 -342.154 1.003
87.648 93.703 -452.466 1.027
34.958 -90.759 -374.265 1.038
-66.906 -7.855 -414.036 1.120
-19.661 -35.260 -374.512 1.087
51.575 -52.695 -453.636 0.842
-64.942 -36.042 -394.079 0.902
-53.600 19.416 -417.933 0.977
83.888 0.884 -459.792 0.884
-91.359 -11.069 -306.061 0.926
-45.611 -96.380 -438.953 0.896
28.939 22.506 -497.798 1.027
7.361 -95.687 -359.814 1.118
-15.545 51.755 -379.421 1.109
72.710 84.254 -461.587 0.907
82.854 86.119 -311.100 0.995
-33.423 -34.026 -430.158 0.964
-53.518 -37.327 -314.171 1.098
-70.984 -55.033 -305.610 0.948
-46.267 -68.543 -463.803 1.015
59.002 -24.878 -456.098 1.121
-38.773 -36.084 -400.936 0.952
-50.944 -91.084 -414.865 0.908
99.930 84.970 -331.982 0.973
36.748 -85.016 -484.268 1.010
26.449 -63.765 -378.590 0.995
-5.778 -23.034 -376.578 1.054
71.893 71.083 -473.833 1.077
-99.245 18.643 -353.345 1.054
87.754 -58.567 -462.825 1.066
-98.212 73.563 -381.114 1.125
20.085 -45.321 -423.216 0.966
62.934 -51.794 -382.470 1.032
-99.791 8.279 -329.018 0.998
13.723 -87.567 -489.329 0.935
22.620 56.997 -374.799 1.145
59.960 59.191 -481.570 1.128
66.298 60.484 -315.242 0.892
-71.510 -22.823 -497.960 1.043
35.089 93.910 -362.861 0.928
8.127 49.754 -332.970 1.026
-55.889 -82.573 -338.629 1.173
3.714 40.866 -393.693 1.166
1.965 -62.800 -334.924 0.854
2.189 28.954 -332.479 1.064
-56.642 -62.191 -425.173 0.906
44.763 -46.554 -379.733 1.058
-91.806 -59.957 -376.823 0.986
71.564 -78.970 -321.911 0.991
59.373 47.995 -455.235 1.182
-22.840 87.893 -496.482 0.938
-87.954 75.419 -403.791 1.047
53.025 -91.450 -415.854 1.058
-93.940 85.476 -457.690 1.100
4.725 -77.109 -401.258 1.080
35.234 41.928 -485.010 1.171
9.761 -4.773 -488.857 0.956
-12.345 -15.145 -427.066 1.227
73.477 4.567 -329.693 1.101
40.465 -75.610 -437.471 1.037
-67.795 25.857 -437.233 0.841
51.342 -89.664 -445.345 0.903
87.737 61.434 -494.015 0.962
60.601 66.160 -340.233 1.108
23.733 -15.887 -475.247 0.955
-68.297 21.468 -429.351 1.012
80.766 -72.425 -430.078 1.204
-35.609 67.409 -459.589 1.050
90.425 61.209 -460.603 1.044
-73.027 -54.857 -436.725 0.858
-43.296 36.809 -489.703 0.896
-48.373 -52.451 -488.541 0.956
50.925 -50.666 -461.404 1.028
-73.978 -56.904 -379.464 1.143
-10.169 -41.157 -427.928 0.894
9.150 -10.767 -487.596 0.917
18.852 10.186 -375.115 1.022
57.097 -36.214 -457.102 0.836
51.083 40.196 -478.098 1.070
91.298 76.449 -471.259 0.875
-6.465 -88.106 -418.405 0.922
-39.983 -62.040 -405.112 0.926
-24.901 79.190 -312.935 1.091
-98.581 81.746 -473.919 0.879
74.643 54.245 -430.241 1.048
-98.926 -58.746 -364.374 1.018
-52.090 44.196 -313.298 0.953
96.499 -54.260 -429.789 1.053
22.571 12.469 -364.561 0.973
-36.562 54.999 -384.146 1.131
-42.863 -91.779 -307.439 0.995
-10.688 -11.962 -317.921 1.023
-84.470 72.630 -496.294 1.233
-79.194 -82.249 -369.615 1.004
37.415 4.080 -377.259 1.015
70.408 -93.048 -474.332 1.112
48.522 27.294 -472.357 0.995
16.025 28.358 -429.879 0.846
18.213 74.081 -340.970 0.804
-33.931 -4.829 -430.617 0.961
86.451 -26.071 -350.216 0.929
-13.456 31.195 -498.056 1.201
28.685 -72.166 -397.780 1.108
41.000 26.079 -309.008 0.859
9.843 42.766 -435.275 0.968
-4.523 15.518 -419.297 1.050
14.176 -65.819 -339.719 0.974
-72.655 -26.387 -428.089 0.900
-8.481 -69.684 -469.041 1.034
65.532 -82.675 -499.261 1.107
52.436 -27.180 -413.038 1.097
90.881 -29.686 -387.929 0.954
-12.875 -96.222 -417.318 1.083
66.831 51.063 -447.029 0.986
-19.003 -46.179 -352.871 1.197
-70.907 37.784 -329.880 0.986
90.506 12.170 -462.529 0.961
-77.786 37.597 -338.295 1.054
-71.090 66.110 -327.688 1.003
10.201 16.195 -454.873 0.960
-93.119 -6.098 -307.144 1.050
-54.203 -40.940 -443.257 1.237
58.628 -60.020 -392.335 0.991
17.330 72.821 -351.014 1.168
-67.344 51.398 -366.292 0.968
68.214 15.986 -435.711 1.084
44.895 -40.646 -465.371 0.933
21.273 -87.176 -335.185 0.900
73.649 63.981 -318.759 0.975
-22.985 -3.540 -455.785 0.973
36.977 -82.489 -377.378 0.936
2.717 95.460 -355.911 1.009
-15.346 -0.965 -423.787 0.861
-55.903 61.299 -408.690 0.862
-25.741 81.170 -451.822 0.874
46.453 -21.038 -311.386 1.166
39.532 -26.304 -422.051 0.800
-8.458 -75.926 -349.586 1.062
80.236 -3.303 -477.810 1.035
-33.897 23.715 -328.350 0.807
21.815 48.911 -454.263 0.981
14.334 -56.806 -374.504 0.934
-73.062 -7.640 -427.664 1.025
-90.053 -67.751 -418.883 0.981
-55.279 -53.450 -462.076 0.984
5.857 -84.504 -494.587 1.071
-29.972 -37.728 -320.584 0.965
86.077 13.412 -419.439 1.024
-24.823 -73.321 -405.732 1.119
-7.409 -70.047 -438.465 1.143
-96.591 -62.304 -325.822 0.951
50.734 26.284 -454.401 0.960
88.503 76.781 -411.991 0.815
-33.589 -32.835 -323.468 0.822
91.657 91.595 -391.987 0.914
-40.450 28.142 -471.626 1.154
-19.602 -11.322 -411.850 0.886
17.028 27.531 -436.843 1.055
47.700 -45.895 -426.280 0.943
59.553 -42.845 -318.894 1.075
-46.228 13.670 -462.207 0.929
37.830 5.098 -337.179 0.962
65.770 28.784 -345.491 0.875
84.395 -15.715 -360.400 0.986
-83.900 -77.006 -474.134 1.057
-61.019 68.209 -442.018 1.045
5.887 71.456 -436.899 0.986
-43.204 96.237 -338.735 0.993
47.295 -50.712 -379.439 0.855
-49.289 69.524 -379.065 0.936
-15.177 -48.163 -345.440 1.112
-62.250 -62.957 -409.592 0.958
-38.986 98.694 -411.288 1.018
-42.596 -15.474 -394.935 1.117
-41.389 -70.338 -435.185 1.069
-72.543 95.980 -319.103 1.009
-22.975 11.147 -315.532 0.978
-85.938 84.534 -328.329 1.093
44.105 -38.090 -428.868 1.013
-14.228 22.430 -322.273 0.935
58.712 -76.001 -309.634 1.068
53.158 15.927 -354.539 0.842
-12.857 -53.755 -435.695 1.070
56.719 -98.471 -418.918 1.114
-57.166 18.777 -441.717 0.959
-6.897 6.779 -364.908 1.122
-75.359 -2.999 -460.981 1.082
87.864 9.896 -383.441 1.094
-27.853 -56.399 -462.205 1.013
-83.210 -26.357 -387.132 1.080
84.761 48.708 -422.349 1.095
-25.783 88.833 -418.302 1.021
85.784 -77.112 -346.012 1.079
-34.637 84.282 -424.757 0.950
24.668 37.486 -406.289 1.035
-32.015 80.785 -435.773 0.888
57.388 42.296 -474.153 0.898
66.148 -41.057 -389.210 0.770
98.134 64.768 -317.954 0.960
38.151 24.177 -381.939 0.860
60.868 25.237 -352.277 0.874
1.397 93.169 -373.940 1.087
13.122 -54.430 -415.871 0.956
-32.871 -1.133 -345.693 1.148
42.380 -81.791 -439.778 0.984
-63.093 43.432 -302.707 1.122
47.664 -91.263 -310.694 1.166
16.953 12.474 -378.694 0.863
97.497 69.179 -498.964 0.899
-7.833 -65.787 -492.470 1.063
60.202 51.494 -479.575 1.026
24.862 -82.231 -487.387 0.975
-73.102 85.839 -489.722 0.921
66.386 -0.240 -494.123 0.928
-68.249 17.126 -468.673 1.134
-37.247 48.031 -330.930 0.887
66.523 -40.501 -489.148 0.994
-55.433 -93.372 -441.407 1.111
-30.660 59.897 -378.829 0.823
-37.456 -16.007 -496.890 0.842
96.052 -13.150 -462.311 0.967
-33.992 -22.799 -350.575 1.019
39.374 -50.426 -402.762 1.077
92.189 -19.539 -420.233 0.895
-83.266 5.755 -451.356 1.132
8.260 73.852 -375.413 1.121
41.942 -20.530 -457.409 1.141
-93.921 34.411 -317.635 0.965
-33.199 40.286 -348.181 1.032
-20.846 20.295 -457.802 1.127
93.885 84.022 -476.477 1.087
12.922 77.161 -357.411 1.009
-28.263 90.018 -451.275 1.079
67.447 93.535 -469.844 1.045
72.402 49.553 -406.946 0.935
5.561 -61.792 -300.766 0.985
-49.561 -20.582 -374.047 0.937
41.380 -33.536 -416.361 1.071
64.420 10.713 -481.828 1.244
57.773 -19.616 -349.535 1.004
16.937 46.110 -310.344 1.045
0.796 -10.699 -355.323 1.164
-89.070 -72.453 -453.538 0.939
13.648 -59.128 -463.307 1.029
58.937 -5.922 -375.238 0.981
-7.353 -97.677 -306.570 0.987
7.091 -38.005 -399.519 0.996
-89.074 49.361 -460.561 1.012
65.936 73.024 -436.115 0.902
-72.319 80.456 -459.616 1.092
-27.346 -69.380 -365.499 1.033
27.001 -52.705 -435.914 0.997
-26.892 -67.391 -450.003 1.078
86.734 -90.262 -335.429 1.020
80.554 80.520 -341.236 0.989
-38.614 -41.359 -415.230 0.958
-60.639 -77.265 -414.715 0.976
73.432 50.851 -408.733 1.089
-27.827 17.018 -314.053 0.980
84.136 -36.690 -344.528 1.030
-47.316 -7.622 -427.912 1.078
-0.845 -98.374 -483.031 1.163
11.712 32.145 -341.096 0.995
-11.238 8.624 -472.162 1.158
-38.240 -55.053 -423.596 1.241
32.500 -93.773 -345.778 0.841
-46.913 97.906 -391.296 0.993
47.362 79.134 -458.728 0.855
2.458 -59.024 -439.772 0.955
-44.681 -57.278 -388.712 1.043
53.439 67.952 -421.587 1.048
42.368 33.660 -413.577 0.949
25.259 -47.730 -370.546 1.092
81.351 -66.233 -422.349 1.097
93.485 -96.906 -312.795 1.047
41.985 78.757 -342.992 0.923
-92.292 52.626 -460.075 0.892
2.462 71.409 -494.173 1.044
-8.128 62.064 -392.654 0.888
-46.661 54.422 -407.661 1.027
34.835 16.683 -313.378 0.921
-66.369 -42.700 -489.473 1.068
1.052 -51.823 -401.060 1.095
54.507 -13.409 -320.766 1.105
-38.096 50.720 -389.685 0.833
17.667 -62.041 -459.953 0.967
-48.755 -12.598 -404.553 1.026
-90.146 39.017 -458.823 1.220
-12.928 -24.700 -338.760 0.915
96.892 96.683 -463.229 0.987
-74.984 -99.522 -410.286 0.910
-1.753 -62.023 -352.597 1.058
-9.358 -54.401 -373.289 0.889
-48.429 -73.285 -416.151 0.840
44.546 4.762 -307.683 1.026
66.137 -13.316 -432.621 1.246
-42.004 81.228 -468.159 1.008
-7.719 32.543 -349.527 1.047
62.108 -95.894 -449.493 0.942
-2.871 18.686 -439.260 1.140
-60.102 76.050 -426.263 0.903
-23.033 15.124 -337.476 0.921
98.327 -89.854 -339.515 1.073
-70.584 -8.528 -448.525 1.048
72.641 -64.658 -430.857 0.997
-8.968 -20.749 -491.053 0.862
80.077 72.119 -439.754 0.907
-43.347 -83.372 -425.719 1.100
52.959 8.515 -468.371 1.035
18.966 -8.167 -458.611 0.887
62.189 -88.592 -387.165 0.902
-84.665 -73.198 -482.800 1.000
-36.967 95.621 -485.436 1.037
85.854 32.025 -355.478 1.097
94.482 45.811 -412.427 0.975
58.337 76.207 -430.869 1.035
79.622 98.204 -366.389 1.086
-76.266 44.276 -413.142 1.094
-56.826 2.630 -478.650 1.302
62.381 -15.906 -408.631 1.138
20.742 65.588 -473.433 1.159
77.363 61.188 -324.902 0.995
-10.432 -31.544 -485.939 0.844
40.535 6.841 -437.903 1.047
73.778 73.747 -374.576 1.248
48.450 35.041 -451.297 1.117
-91.946 -29.460 -330.367 0.951
26.011 58.974 -390.329 1.081
66.453 -61.671 -312.251 0.893
3.084 -5.932 -448.456 1.007
-69.451 -53.342 -406.242 1.118
-32.584 -17.985 -409.195 0.940
97.568 69.146 -411.721 0.874
-32.688 96.880 -434.304 0.883
-0.415 71.681 -425.709 0.950
76.753 46.525 -493.893 1.054
14.234 -35.453 -317.581 1.079
-17.676 44.259 -458.515 1.069
-91.093 -37.595 -463.395 0.826
16.543 -67.617 -346.173 0.935
5.878 -21.388 -460.112 0.987
58.085 -28.239 -440.168 1.193
88.437 -37.282 -338.872 1.089
65.649 81.768 -435.283 0.954
78.850 58.189 -312.991 1.027
-68.310 30.480 -300.672 0.995
-81.972 -32.804 -449.248 0.911
-50.068 80.230 -496.195 1.139
-73.049 18.007 -317.746 1.101
-40.344 29.155 -387.179 1.086
-16.686 -30.025 -464.902 0.892
35.952 41.948 -337.834 1.038
90.064 -65.886 -402.557 0.992
56.556 16.208 -454.442 1.126
36.102 -62.179 -484.153 0.936
-87.359 -6.055 -402.179 1.045
11.491 96.661 -389.703 0.963
79.535 20.090 -483.930 1.176
95.081 10.517 -473.986 0.890
-12.358 93.496 -465.286 0.857
-29.635 28.455 -351.630 1.167
-96.728 21.182 -476.677 0.958
-71.651 82.894 -404.023 1.049
66.268 85.338 -463.642 1.064
51.355 -84.316 -358.333 1.091
77.713 80.342 -302.561 1.006
-30.482 -9.159 -411.048 1.105
70.890 54.699 -437.972 1.042
-96.108 73.406 -467.506 0.996
-24.539 -81.222 -351.559 0.979
31.594 49.809 -323.208 1.118
52.538 54.326 -493.190 1.048
85.170 77.528 -450.190 0.922
-96.611 52.718 -395.862 1.168
-47.472 91.336 -404.911 1.037
58.132 -89.354 -305.124 1.094
-1.240 16.025 -497.225 1.009
40.825 -65.753 -315.249 0.912
15.737 44.996 -344.094 1.140
60.526 -14.626 -397.178 0.962
76.623 -40.008 -414.650 1.011
67.161 9.046 -371.884 1.000
71.989 -15.060 -305.431 0.943
-5.320 -19.534 -451.059 0.918
29.500 11.871 -496.397 1.010
8.658 -88.106 -483.442 1.040
-35.341 41.006 -490.116 0.798
10.107 34.330 -482.107 0.977
-36.308 -40.171 -300.191 1.083
69.205 -41.797 -364.800 0.894
39.434 91.410 -332.384 1.107
-68.490 -77.527 -326.139 1.049
31.709 35.075 -499.681 0.862
83.639 -76.557 -473.309 1.048
66.382 45.560 -351.622 0.998
40.938 -84.265 -483.438 1.013
-88.916 98.279 -431.641 0.950
28.064 -85.852 -408.262 1.094
12.353 -57.072 -317.681 0.964
-16.677 10.482 -369.170 0.957
61.069 34.524 -442.055 1.080
74.497 -87.610 -325.846 1.036
82.355 70.491 -464.426 1.006
-76.409 -37.746 -490.617 0.932
-55.802 -14.899 -446.814 0.951
-82.903 -33.305 -310.775 0.980
-18.091 51.048 -445.611 1.083
-77.627 -42.153 -303.794 0.921
36.628 99.115 -442.640 1.058
82.863 98.861 -484.890 0.954
23.059 1.344 -344.126 0.944
-93.466 -17.000 -423.141 0.962
49.996 -82.805 -307.715 1.122
41.074 -30.563 -326.767 1.108
2.890 -80.862 -318.152 1.090
-20.401 -16.213 -328.366 0.976
-29.972 -56.309 -431.887 0.812
-4.418 12.725 -379.125 1.038
53.265 90.810 -352.132 1.024
-9.329 -67.893 -317.722 0.990
-7.101 -4.950 -357.673 0.931
-42.857 65.381 -320.438 0.983
-20.520 34.276 -408.472 0.985
36.110 -36.010 -418.869 1.047
-93.429 -91.325 -491.900 1.136
36.227 -68.688 -421.018 0.905
-3.399 -71.647 -411.038 1.099
69.795 10.451 -386.319 1.047
87.646 10.646 -375.635 0.993
45.870 41.454 -389.457 1.023
99.477 -56.496 -312.437 0.942
20.268 -14.206 -340.409 0.942
81.392 17.902 -433.556 0.889
-31.508 -40.321 -480.213 0.969
51.127 46.116 -357.685 0.948
57.329 68.696 -334.771 1.115
-73.763 -39.244 -441.704 0.977
-51.127 -94.773 -445.592 0.950
20.042 16.087 -323.137 1.070
6.370 32.804 -352.728 1.121
9.873 57.442 -476.772 1.027
7.571 80.208 -381.921 0.853
-34.860 48.641 -421.362 1.090
13.918 59.995 -354.254 0.941
17.828 67.933 -333.770 0.879
-47.311 8.059 -459.912 0.946
-34.780 -31.186 -393.108 0.850
-42.219 84.701 -309.641 1.060
13.588 79.771 -473.844 0.835
-18.316 -13.930 -316.936 1.066
-49.593 -16.628 -366.514 0.993
12.474 72.358 -321.269 0.937
-6.300 -65.635 -449.017 1.101
-41.516 63.858 -465.729 0.902
65.203 -77.355 -327.900 0.977
11.767 67.217 -468.019 1.005
52.237 98.666 -382.932 1.113
-1.421 32.020 -303.175 1.027
-50.231 34.934 -428.997 0.981
-62.898 -92.946 -302.945 0.982
-1.396 -1.852 -388.450 1.302
85.406 -70.009 -482.473 1.019
35.852 10.493 -464.590 0.954
-46.220 35.255 -491.344 0.927
65.535 33.632 -340.654 0.910
4.123 76.919 -351.335 0.954
35.526 47.192 -475.631 0.959
-77.966 35.633 -316.549 0.879
-43.713 6.731 -492.831 1.157
-60.808 81.961 -393.496 0.841
94.790 -13.561 -391.502 0.929
-56.202 -42.858 -438.642 1.079
-40.886 12.710 -391.306 1.007
22.680 -0.951 -388.219 0.930
95.178 77.699 -332.535 0.878
-80.055 27.041 -368.570 1.020
3.770 -14.286 -417.281 1.069
21.449 59.592 -430.390 0.920
61.307 99.452 -471.256 0.844
-82.129 61.075 -402.398 0.894
76.641 9.315 -360.065 0.958
22.462 7.945 -483.495 0.954
16.073 6.742 -409.722 0.953
49.016 4.623 -315.614 0.962
97.260 -13.269 -356.657 1.015
10.851 -60.743 -409.750 0.909
-73.777 -24.620 -341.690 0.940
-80.809 10.947 -498.957 1.028
16.843 17.806 -432.484 0.891
-68.831 96.033 -331.393 0.895
84.032 -93.556 -402.778 1.137
-83.344 -95.397 -392.373 1.093
70.465 -62.727 -376.236 0.994
-48.958 62.307 -340.312 0.881
41.144 81.149 -322.720 0.985
33.909 -17.177 -429.039 0.946
50.637 -99.825 -387.364 0.907
-11.593 17.260 -384.290 0.958
-39.057 1.274 -350.882 0.858
24.121 -46.372 -458.158 1.096
66.009 21.127 -489.791 0.958
-88.309 -0.843 -388.551 0.955
-50.255 -95.703 -357.516 0.866
-62.473 98.730 -416.050 0.981
-93.855 54.818 -381.324 1.049
97.901 86.773 -393.208 1.022
-28.964 40.735 -378.350 0.831
-96.266 69.873 -492.131 0.892
-11.355 48.448 -381.750 1.191
20.124 56.658 -313.925 1.020
-29.454 12.339 -310.942 0.966
-18.354 -62.309 -346.659 0.902
5.795 99.088 -403.039 0.993
-30.974 -16.844 -486.479 1.162
-31.720 -52.464 -470.450 0.907
45.191 12.483 -427.604 0.974
-97.957 45.410 -493.077 1.036
47.397 -36.415 -390.573 1.059
-5.657 94.372 -396.527 0.866
80.176 -21.210 -478.559 0.938
48.085 -48.491 -414.801 1.032
19.397 28.148 -330.757 0.810
-25.129 64.686 -397.447 0.857
96.030 48.332 -403.044 1.020
31.940 66.681 -307.096 1.103
74.393 -49.398 -300.595 1.098
98.519 70.914 -372.556 1.006
54.018 80.239 -409.138 0.743
7.038 -61.034 -439.070 1.131
-95.320 -75.246 -447.755 0.900
-56.106 -32.177 -436.611 0.825
11.912 36.453 -440.273 1.102
94.576 10.372 -436.306 1.072
-67.214 -4.413 -327.280 1.144
-19.183 81.335 -485.018 0.987
-36.967 -33.370 -394.505 1.145
-88.813 -39.222 -447.829 1.022
91.325 -28.708 -426.311 0.957
46.855 -47.016 -452.504 0.789
-97.445 -21.689 -448.207 0.956
59.402 60.899 -399.990 1.019
-55.582 43.896 -370.307 0.981
-31.451 -79.063 -439.918 0.928
-35.828 -96.428 -350.600 1.070
-42.770 82.272 -448.762 0.908
-40.931 -98.842 -377.012 0.891
20.236 73.766 -426.522 1.061
-60.287 8.376 -487.247 1.073
61.465 42.238 -390.347 0.944
-97.923 -89.720 -369.581 0.994
-79.827 -86.440 -359.530 0.933
51.134 88.596 -392.857 0.971
44.555 -34.618 -308.116 0.931
7.945 -44.880 -448.919 1.142
77.305 -59.188 -355.339 0.915
31.014 -39.729 -483.126 1.120
11.698 92.403 -312.370 0.965
64.469 -45.623 -363.987 0.961
76.280 -1.508 -333.395 0.931
64.436 36.503 -446.219 1.013
-36.165 15.750 -493.406 0.966
89.751 74.243 -483.115 0.943
54.025 41.586 -420.340 0.964
-60.377 88.698 -487.813 0.982
90.773 13.556 -344.064 1.180
-74.146 -10.358 -375.021 1.069
-72.929 83.105 -322.412 0.978
84.652 -38.474 -483.318 1.073
77.549 -69.057 -424.693 0.821
50.483 32.611 -373.370 1.064
-48.231 82.730 -386.419 0.941
77.918 -47.121 -329.101 1.072
-29.077 -99.766 -350.985 1.021
-42.637 35.295 -481.363 0.937
14.747 82.707 -381.164 1.160
-50.010 -70.690 -339.544 1.020
-19.543 59.285 -423.556 1.045
95.885 47.412 -348.821 0.843
-3.628 12.576 -303.980 0.917
-4.722 12.897 -359.858 0.827
21.286 -85.604 -300.438 0.960
70.985 75.712 -308.637 0.941
53.159 -1.971 -379.060 0.932
-33.384 -34.159 -413.716 0.973
-47.098 73.286 -373.371 1.161
7.375 -56.164 -306.313 1.065
-31.132 44.263 -409.926 0.900
61.200 -15.585 -315.840 0.975
62.180 -76.242 -397.808 0.991
66.791 -45.393 -410.837 0.951
-43.685 15.980 -419.864 0.986
27.804 -79.553 -322.889 1.002
-23.061 32.650 -368.977 0.879
-11.001 -80.522 -489.212 1.042
19.239 8.853 -316.840 1.113
-4.292 -29.697 -317.966 0.963
83.789 38.861 -410.527 0.902
70.216 -29.310 -489.433 0.981
32.624 -91.898 -385.375 0.891
92.896 13.421 -392.343 0.937
-91.453 -99.183 -300.830 1.011
-38.811 -23.189 -379.539 0.994
-65.823 -28.022 -484.003 0.989
-10.607 4.546 -330.913 0.945
-24.486 -94.233 -477.525 1.124
13.412 -14.243 -352.747 1.105
53.062 92.340 -460.017 0.998
11.785 -10.463 -376.993 0.961
-19.106 -30.415 -455.426 0.965
-39.496 -39.079 -379.753 1.083
1.976 -90.445 -398.177 0.808
-6.793 -29.743 -453.221 1.017
0.434 -81.137 -434.461 1.007
34.969 79.070 -339.015 1.039
93.382 51.692 -471.085 0.834
-19.956 38.986 -482.203 1.113
-96.897 16.000 -423.618 0.955
-25.398 -31.262 -388.436 1.034
-28.485 40.336 -370.555 0.892
23.167 73.767 -410.081 1.132
-33.354 -14.796 -485.181 0.873
-97.453 -36.383 -379.792 0.983
57.584 27.123 -345.718 1.001
-9.940 27.244 -325.863 1.119
31.277 99.704 -407.451 0.977
-74.678 86.749 -413.085 0.930
9.524 -59.426 -336.788 0.976
22.428 87.906 -343.385 0.979
80.690 21.701 -403.440 0.950
-24.488 -65.730 -472.269 0.835
-88.629 -90.319 -379.332 0.888
-61.622 38.249 -329.242 1.186
16.942 -18.083 -417.102 0.934
-85.336 49.730 -350.643 0.895
-89.004 9.121 -315.715 1.208
29.084 29.703 -436.131 1.042
-80.074 96.014 -458.988 1.103
-3.597 -62.498 -450.741 0.853
-35.198 -40.485 -427.048 0.934
43.810 93.274 -351.432 1.096
64.773 -13.338 -433.706 1.032
71.667 -94.263 -398.975 0.908
46.054 -9.874 -376.425 1.011
52.710 53.379 -419.941 1.005
-14.369 40.868 -303.209 1.323
82.958 -63.740 -361.615 0.993
63.723 66.878 -415.571 1.028
-8.342 -24.519 -490.858 0.995
54.010 54.340 -390.775 1.158
-85.737 53.088 -324.608 0.924
15.086 -40.534 -485.536 0.864
47.367 -10.544 -420.803 1.001
46.512 -63.570 -468.810 0.886
-41.468 56.497 -465.410 1.007
-8.290 -11.931 -486.447 0.824
13.009 56.082 -470.554 0.969
69.697 37.703 -325.105 1.140
-79.531 77.390 -309.180 1.005
-67.410 94.983 -475.521 0.950
-72.660 81.321 -347.248 1.139
30.886 -18.352 -407.144 0.783
-84.563 -39.853 -369.197 0.857
-80.088 57.130 -465.253 1.095
2.817 82.484 -354.116 1.039
16.056 0.366 -324.004 1.069
-34.377 71.151 -454.538 0.927
-36.138 -41.264 -319.747 0.665
-64.036 63.798 -364.847 0.917
-80.560 -42.830 -402.976 1.057
55.734 8.916 -377.286 1.010
-20.447 -51.956 -408.437 0.978
-4.168 28.610 -478.681 1.017
-31.288 -24.851 -341.509 1.022
-81.197 57.661 -301.955 0.925
-66.039 -78.625 -348.271 0.988
-81.789 91.975 -416.898 0.947
26.247 23.111 -444.772 0.889
-57.591 19.415 -487.023 0.909
90.090 83.208 -432.096 1.040
81.712 22.289 -345.094 0.989
14.929 5.688 -395.602 1.007
67.967 -58.961 -302.228 1.134
14.675 89.579 -346.522 0.808
-0.723 14.272 -452.907 1.053
-76.250 -92.431 -415.220 0.978
59.712 -85.988 -408.706 1.190
46.562 -12.755 -481.913 1.111
88.879 68.364 -409.299 0.925
56.376 83.093 -355.387 1.144
88.675 -97.323 -412.480 1.021
-40.505 -41.688 -470.652 1.243
8.251 81.393 -331.114 1.043
-78.969 53.843 -368.848 0.941
-81.899 87.383 -478.659 1.000
-28.716 70.030 -377.089 0.818
-93.632 25.149 -469.418 0.733
-51.229 73.321 -467.093 0.896
55.146 63.447 -431.547 0.851
81.573 -34.848 -410.106 0.910
-82.268 15.168 -393.891 1.066
36.040 -77.622 -379.082 1.093
49.474 -10.148 -401.618 0.965
65.266 -16.648 -480.944 0.968
87.926 21.866 -325.145 1.007
91.235 81.416 -425.152 0.938
-27.406 -33.862 -480.845 1.166
26.286 14.180 -463.130 1.049
-34.802 52.814 -436.154 0.958
-17.475 -38.132 -415.989 1.038
-45.274 26.702 -326.455 1.121
5.159 59.383 -465.877 0.952
-7.783 34.490 -400.024 0.799
79.272 96.393 -321.567 0.975
-66.080 30.558 -411.688 0.931
87.412 20.691 -310.127 0.843
-77.944 5.666 -457.780 0.930
77.445 -75.350 -304.621 0.996
1.179 70.101 -313.318 0.953
70.443 -88.400 -382.611 1.049
-18.221 47.288 -309.147 1.038
84.574 -10.122 -338.735 1.107
-5.404 15.097 -394.625 0.876
34.404 -76.122 -383.588 1.042
-69.110 54.452 -496.881 1.208
81.477 -32.602 -440.397 0.834
56.992 -83.319 -376.803 0.871
-73.386 86.467 -308.920 0.952
-89.247 -64.383 -351.409 0.949
88.819 -56.288 -406.163 1.098
-33.034 -78.708 -482.023 0.928
25.462 -77.093 -345.578 1.093
10.989 30.129 -434.380 1.236
4.736 39.569 -377.454 0.894
8.341 76.563 -382.428 0.785
-32.851 75.645 -451.292 0.915
64.167 -1.748 -413.897 0.988
30.439 -55.560 -315.492 0.887
20.891 -74.226 -495.494 1.045
-34.541 33.176 -303.622 0.973
33.613 58.662 -307.851 0.973
70.673 28.087 -408.181 1.097
-51.250 80.275 -426.736 1.026
16.524 -71.568 -484.725 1.010
-30.616 41.281 -395.744 1.154
-46.969 -75.120 -372.916 1.093
-40.032 70.290 -339.034 0.948
-25.919 31.780 -491.289 0.990
13.022 42.718 -454.624 0.922
13.195 58.196 -459.614 0.835
-46.917 75.528 -491.880 1.049
93.034 64.362 -309.532 0.851
2.826 78.979 -490.577 0.980
79.488 -53.691 -337.676 0.973
-51.027 76.141 -433.547 1.104
-47.244 17.602 -476.556 1.071
-25.327 53.007 -392.463 1.126
-10.419 -16.983 -349.985 1.057
52.135 38.579 -471.710 1.036
-52.224 5.683 -461.331 1.102
7.382 -45.711 -316.184 0.982
84.278 71.147 -386.577 0.999
76.878 71.428 -346.671 0.863
72.330 49.606 -379.338 0.853
8.980 -77.556 -404.577 1.017
-50.411 73.306 -315.194 1.025
-97.886 27.843 -472.463 1.088
71.563 -13.675 -413.432 0.961
92.102 -72.602 -455.078 1.084
-27.584 -28.992 -462.180 0.967
85.853 -88.735 -384.142 0.955
-21.139 22.364 -324.431 1.085
-2.092 -44.898 -387.202 0.905
7.553 -65.853 -469.635 1.018
-51.732 65.256 -390.134 1.057
-89.429 -54.087 -421.263 0.879
57.667 -1.584 -403.019 0.904
42.290 28.970 -445.530 1.067
50.663 -78.755 -305.212 1.030
-61.631 61.838 -303.264 0.994
-38.501 -17.100 -467.387 0.962
-34.805 38.044 -480.670 0.923
87.895 -9.697 -349.330 0.972
-1.749 6.274 -308.087 1.027
-72.531 17.231 -374.917 1.148
75.542 -21.608 -402.965 0.897
73.592 40.115 -332.595 0.968
49.112 32.065 -443.901 1.002
59.898 -89.068 -467.261 0.784
43.410 -80.040 -322.770 0.980
77.849 -78.801 -307.541 1.048
-44.537 -54.954 -340.959 0.929
-52.576 20.988 -392.450 0.901
-29.547 -97.963 -436.122 0.965
30.072 -14.173 -485.478 0.999
-76.353 58.185 -400.824 0.987
-88.505 86.399 -417.733 1.129
84.405 -54.372 -419.340 0.919
-41.327 -80.671 -480.385 0.903
43.583 2.224 -414.987 1.048
-25.916 -52.087 -306.107 0.893
54.159 12.731 -474.514 1.121
-95.516 -73.107 -446.777 0.843
-30.132 -86.802 -416.157 1.000
50.837 -94.828 -400.906 1.063
89.357 50.876 -492.157 1.067
79.963 13.588 -374.432 0.893
-39.591 81.061 -354.176 1.081
-67.181 77.672 -491.910 1.030
57.829 83.385 -441.347 0.975
94.399 77.604 -404.522 1.017
58.526 -45.880 -400.803 0.939
-73.346 -66.060 -320.959 0.925
98.015 58.665 -369.781 0.977
19.804 94.119 -382.835 1.122
95.373 45.760 -347.950 1.140
69.748 -85.868 -393.276 1.089
-79.449 23.770 -410.779 1.086
44.529 3.157 -303.953 0.994
59.092 57.616 -356.460 1.096
-68.244 -52.391 -325.823 1.090
-97.743 59.093 -446.407 1.057
-65.446 0.201 -424.934 1.074
-20.754 26.285 -352.698 0.908
96.556 -62.458 -476.916 1.043
21.725 -12.680 -375.301 0.949
2.412 0.195 -452.540 1.004
-2.555 64.996 -491.458 0.914
36.253 75.601 -451.467 0.951
-15.211 -74.077 -381.773 0.926
44.147 -41.787 -362.097 0.893
9.643 -81.575 -361.466 1.025
77.919 -84.656 -358.640 0.891
82.242 22.028 -336.882 1.259
78.731 -12.420 -422.818 0.963
31.627 -53.504 -323.609 1.054
-37.962 -5.555 -431.035 1.053
-88.709 -94.648 -431.387 0.963
-33.141 50.333 -406.075 1.001
77.250 41.703 -321.981 0.963
-21.254 80.628 -330.606 1.125
-50.727 42.534 -442.265 0.757
69.522 83.074 -436.001 0.988
94.646 83.406 -348.125 1.041
26.603 83.395 -329.687 1.067
-66.220 -81.153 -416.043 0.894
67.991 57.937 -356.803 1.051
75.824 3.356 -395.186 0.853
-83.178 -5.933 -350.314 0.920
-89.958 78.720 -426.395 0.975
-22.569 52.362 -337.701 1.062
85.903 25.629 -459.472 0.869
-98.672 -46.596 -454.486 0.889
-74.943 0.260 -443.944 0.930
31.051 72.275 -324.201 0.973
11.981 80.163 -416.298 0.822
-98.802 -32.378 -362.144 0.992
-66.531 -19.547 -321.047 0.905
-14.422 31.713 -302.028 0.832
15.511 -92.198 -402.983 0.971
17.898 -70.153 -365.383 1.004
54.752 6.469 -424.405 0.890
-31.429 68.512 -348.970 1.012
-22.682 -69.056 -394.918 0.873
93.348 75.626 -490.753 0.940
-38.730 13.434 -355.391 0.794
45.820 47.912 -425.015 1.010
-85.715 -78.990 -462.081 0.883
-8.840 -35.443 -485.269 0.947
-21.517 82.463 -338.175 1.235
36.617 87.411 -424.852 1.037
-56.206 -47.237 -496.646 0.904
-61.687 81.817 -304.883 0.940
11.772 -80.785 -352.148 0.957
-22.764 16.138 -462.405 1.074
20.658 0.431 -319.101 0.966
63.013 -81.936 -366.742 1.025
-36.068 34.768 -361.885 0.781
33.532 -77.726 -320.685 1.024
-33.108 99.367 -460.120 0.873
52.936 18.769 -427.141 0.963
-62.120 -8.158 -440.946 0.939
75.212 -21.508 -368.394 1.163
60.294 78.629 -367.070 0.989
-46.264 41.280 -420.467 1.039
71.225 87.713 -344.172 0.996
98.618 35.273 -300.306 1.001
8.256 2.293 -493.521 0.802
-9.171 31.905 -411.609 1.106
-72.595 73.018 -443.476 0.971
-17.976 22.818 -424.373 0.918
52.351 31.649 -365.200 1.014
-67.503 -38.482 -330.573 1.140
14.059 71.885 -433.450 0.920
32.726 10.456 -455.810 0.906
45.203 -63.428 -375.079 0.971
24.094 -37.862 -302.130 0.955
41.921 -62.603 -447.268 0.946
84.472 -58.385 -370.761 1.133
-63.404 30.574 -438.170 0.891
4.951 83.243 -380.246 0.885
84.132 -15.915 -415.140 1.096
55.323 -51.761 -404.154 0.838
55.225 -40.996 -387.211 1.002
38.089 53.426 -484.448 0.896
-30.060 86.198 -469.850 0.971
41.667 -41.219 -327.303 0.913
-17.607 52.578 -306.234 1.168
-28.960 -84.928 -304.023 1.074
98.644 -59.389 -359.860 1.272
66.125 -45.040 -378.949 1.065
-83.256 63.166 -410.124 1.014
23.430 -99.124 -470.844 0.902
-59.958 -30.732 -498.229 1.122
34.390 -11.863 -438.835 0.811
32.858 71.795 -333.676 1.076
-8.065 31.050 -457.147 0.999
22.224 -81.266 -484.104 1.122
-96.275 -33.530 -360.445 1.136
-93.871 -0.437 -491.490 0.848
-74.929 -54.739 -494.011 1.128
-14.724 -62.025 -454.621 1.113
-86.188 -43.614 -387.631 0.922
-85.122 -22.602 -444.231 0.900
-75.624 11.176 -413.770 0.855
47.926 -16.493 -389.809 1.107
-8.945 68.588 -434.973 0.977
-42.199 42.150 -328.664 0.901
-31.040 -86.699 -421.435 0.988
-66.753 95.917 -338.843 1.049
-18.889 -7.582 -346.701 0.881
-53.912 77.588 -375.143 0.825
-2.567 70.964 -426.964 0.947
94.958 68.721 -350.130 1.170
-62.288 -6.101 -374.890 0.833
42.057 82.703 -387.969 1.124
-43.978 -55.248 -301.655 0.994
27.529 -36.556 -361.127 1.034
43.809 94.203 -441.151 0.951
0.128 30.692 -484.755 1.055
-90.766 8.762 -396.489 0.874
-55.819 -43.188 -480.161 1.034
8.070 67.220 -422.539 1.107
-37.513 -36.450 -440.023 1.207
10.122 -8.700 -340.427 0.883
-46.415 -66.714 -459.588 0.995
31.521 55.668 -495.307 1.158
-85.248 43.630 -318.683 0.981
22.657 -16.221 -412.827 1.005
-76.344 86.999 -304.569 1.156
-87.760 96.251 -382.803 0.972
-62.960 69.645 -486.628 1.103
92.248 -12.551 -312.295 0.966
69.428 16.649 -411.230 1.116
-29.692 -21.542 -412.452 0.967
-5.755 -23.177 -464.933 1.041
66.411 -70.525 -323.166 0.931
88.067 16.936 -363.500 0.776
-20.963 -35.797 -340.662 0.863
-81.653 -12.100 -470.430 0.924
-82.517 93.678 -355.911 0.860
-48.137 90.519 -403.716 0.801
39.999 64.712 -374.915 1.007
-96.966 -78.711 -314.070 1.112
-59.486 83.491 -406.892 0.997
90.553 75.933 -337.526 1.085
89.061 -28.927 -418.196 0.982
-88.161 15.993 -418.952 0.959
-61.169 63.039 -452.342 0.940
-26.502 23.467 -438.319 1.036
-83.884 46.157 -343.816 0.996
79.045 17.689 -394.442 0.926
1.042 83.758 -356.390 1.021
73.175 -69.148 -377.635 0.926
20.645 -64.133 -477.872 0.891
-24.123 -71.691 -339.583 1.055
-91.972 -50.151 -415.855 0.926
93.446 6.693 -461.697 0.939
-63.903 18.145 -332.178 0.952
-6.145 -35.057 -495.965 0.873
68.701 96.869 -497.191 0.998
