-83.986 58.416 -485.169 1.049
-72.018 76.945 -468.757 1.000
-76.351 -88.028 -406.782 0.877
-27.812 -93.915 -301.681 0.991
30.832 -10.489 -425.077 0.904
0.250 -6.637 -471.954 1.011
-30.546 48.655 -392.342 0.886
64.113 18.664 -393.251 1.104
-70.094 41.097 -477.692 1.085
5.009 75.961 -369.787 1.093
-13.789 83.026 -437.021 0.964
-27.092 -20.600 -378.378 1.014
-11.181 15.456 -443.971 1.024
93.431 35.614 -342.545 0.902
9.515 -3.861 -447.555 1.155
-43.157 -8.969 -418.571 0.878
-5.464 4.749 -398.482 0.913
95.061 51.200 -471.462 1.043
-28.190 56.306 -403.011 1.007
59.802 -83.508 -386.605 1.044
11.097 -96.514 -401.400 0.996
15.103 8.483 -373.337 1.026
23.421 -2.575 -490.594 0.977
23.250 5.019 -439.987 0.982
79.352 94.541 -463.688 0.883
-48.226 73.947 -410.030 0.787
-14.591 -29.940 -329.221 0.941
59.328 -81.586 -451.906 0.969
1.143 65.145 -498.342 0.875
-17.538 -54.830 -326.004 1.015
-49.616 -64.962 -403.642 0.998
-67.371 70.310 -320.073 0.964
-90.249 39.628 -439.894 0.874
53.045 14.648 -442.679 0.987
-26.065 35.206 -396.077 0.904
-32.900 -27.501 -495.199 1.013
-62.943 23.716 -409.544 1.149
19.583 -73.039 -327.888 0.860
-34.393 53.897 -325.355 0.859
-57.687 -51.268 -334.645 0.939
87.191 -42.087 -483.780 0.830
63.591 6.418 -357.350 0.999
-11.764 38.775 -347.942 0.908
65.524 59.761 -304.449 1.062
71.221 -67.140 -304.807 0.911
73.804 84.821 -416.221 1.038
51.012 -12.624 -452.384 1.097
20.955 36.852 -435.989 0.971
-54.370 77.097 -452.270 1.029
-93.071 0.043 -376.217 1.018
76.713 50.305 -411.134 0.857
63.509 -2.618 -478.202 1.072
64.314 22.363 -343.449 0.924
-72.763 -87.260 -314.387 0.968
61.989 73.419 -322.055 1.114
-10.291 -34.958 -487.981 1.048
5.003 14.655 -394.028 1.066
-13.423 83.143 -464.997 0.969
21.248 50.870 -329.751 0.938
71.577 -4.112 -362.981 1.054
72.805 45.962 -382.335 1.016
-15.245 64.468 -486.878 0.908
-86.271 -23.816 -381.189 0.912
-58.102 85.023 -467.590 0.985
-37.712 82.645 -353.979 0.810
3.871 -95.402 -495.925 0.955
86.823 -84.773 -498.423 1.023
28.240 53.099 -329.652 1.090
-46.786 19.011 -480.883 0.784
89.502 -94.976 -356.213 1.081
-41.051 -44.868 -449.995 1.043
-79.349 -91.404 -457.444 1.029
90.768 -66.574 -394.061 1.081
-79.297 27.456 -445.087 0.969
-94.104 -16.099 -442.473 0.961
69.329 -1.346 -300.729 0.981
61.707 -49.994 -432.010 0.945
-47.492 23.597 -392.903 1.009
13.895 -35.541 -360.772 1.023
-99.896 77.550 -499.461 0.975
2.561 0.408 -314.770 0.923
-38.919 32.739 -469.969 1.237
65.540 -98.754 -491.384 0.801
-93.521 -67.102 -344.533 0.926
-51.479 -78.048 -312.974 1.080
31.921 -91.397 -450.532 1.028
28.394 -38.157 -347.115 0.983
-23.881 -43.074 -391.803 0.913
-85.588 7.070 -498.698 1.031
-0.488 20.313 -324.489 1.026
-78.763 -56.091 -447.370 1.081
79.612 42.085 -475.431 0.893
39.649 63.045 -303.077 1.040
-97.589 14.475 -321.764 1.038
1.243 71.670 -411.014 0.954
44.749 62.917 -402.308 1.107
-82.151 -88.461 -497.322 0.959
-91.380 12.840 -497.699 1.000
84.443 -82.665 -342.012 1.035
37.231 77.117 -407.521 0.765
46.687 58.679 -472.367 1.082
-97.571 4.494 -349.982 0.938
-97.577 -43.555 -401.881 0.939
82.818 -8.396 -317.730 0.998
-7.216 -70.125 -434.934 1.015
51.161 98.739 -403.107 0.971
83.230 98.882 -403.692 0.903
27.124 28.707 -475.259 1.013
78.043 35.310 -413.416 0.893
-4.163 24.273 -364.887 0.838
-15.753 -74.096 -321.849 1.085
66.821 -38.559 -330.445 1.060
-78.456 86.626 -360.425 1.070
-32.318 24.344 -382.718 0.963
55.153 52.646 -346.126 1.024
81.223 14.408 -404.550 0.985
93.186 -62.802 -498.055 0.820
-75.639 -9.185 -319.339 0.995
-16.613 40.746 -325.458 0.937
40.652 -51.525 -380.512 1.180
-7.551 -27.066 -481.275 1.093
62.691 -73.048 -320.148 1.085
3.205 -27.357 -386.261 1.133
65.917 28.062 -465.683 1.022
79.630 -14.509 -417.610 1.093
-35.666 -34.413 -451.331 1.005
-57.241 -83.513 -343.403 0.972
30.290 -99.556 -375.185 0.960
8.042 -88.008 -380.656 0.949
-57.444 7.765 -415.126 1.023
-89.852 17.893 -458.815 0.971
-14.485 -3.383 -428.119 1.091
-45.501 -94.312 -326.329 0.885
96.292 98.502 -403.916 1.018
53.904 57.551 -484.373 0.974
-38.538 21.853 -478.216 0.988
-72.494 64.957 -359.252 0.918
8.422 -40.739 -379.001 1.229
88.606 -99.541 -305.006 0.923
4.685 96.705 -347.315 0.909
52.155 20.906 -315.632 0.939
51.416 59.233 -422.410 0.970
36.362 -11.232 -416.287 0.960
97.076 18.250 -380.426 0.904
95.721 86.920 -369.644 0.967
34.964 -83.736 -408.870 1.177
95.579 57.294 -310.890 0.958
-79.070 -97.022 -352.256 1.175
-96.170 92.667 -356.102 1.061
51.137 13.634 -395.865 0.989
-88.254 -32.356 -467.899 0.975
-50.590 22.150 -386.593 0.961
-74.666 79.010 -309.776 1.169
79.615 51.684 -457.787 0.884
-67.856 -8.068 -388.665 1.127
-97.752 21.341 -358.687 1.042
85.973 -89.549 -385.421 0.961
87.455 28.282 -311.373 0.905
47.233 -97.015 -378.060 0.891
-67.009 7.607 -410.918 1.113
71.247 -21.810 -411.745 1.094
-37.846 -98.433 -423.665 1.018
-13.192 -4.071 -495.484 1.065
-74.048 43.394 -300.042 0.954
64.063 -33.237 -377.566 1.055
85.990 -77.938 -466.330 1.161
55.670 81.829 -413.182 0.955
-28.742 68.224 -423.057 1.208
-16.636 99.715 -485.962 0.929
90.135 1.853 -483.622 0.725
88.519 -28.886 -463.287 1.023
76.411 63.761 -411.813 1.150
94.540 -33.311 -470.782 1.130
-51.692 -37.333 -407.039 0.816
-89.004 52.846 -455.905 0.928
12.528 19.226 -416.688 1.061
76.657 50.604 -425.612 0.999
94.892 -3.920 -315.575 0.890
15.963 35.506 -314.209 0.921
22.971 -76.059 -452.889 1.106
86.916 -96.507 -437.888 0.779
12.115 -42.665 -394.772 1.009
24.052 56.131 -401.356 0.934
-61.225 99.444 -313.138 0.982
-13.610 73.499 -341.653 0.948
-40.313 91.780 -378.829 1.116
-99.799 16.008 -451.598 0.901
-65.571 90.772 -404.062 0.980
36.950 29.836 -338.867 0.986
-31.836 63.813 -483.281 1.130
-21.643 51.637 -411.864 1.155
-12.058 13.151 -395.499 0.861
-82.227 -85.962 -324.359 1.057
-2.773 89.841 -486.128 1.212
-71.045 67.040 -472.501 0.989
58.060 -64.295 -319.923 1.028
-77.027 80.028 -495.854 0.911
8.407 81.444 -344.121 1.091
-27.831 48.790 -364.053 0.947
-7.383 49.550 -304.843 1.011
-9.550 13.938 -425.392 1.058
-66.532 61.118 -360.459 0.996
-13.326 -22.920 -338.410 0.912
0.588 56.236 -441.767 1.037
-8.810 -52.327 -430.295 0.948
57.174 -69.050 -433.938 0.965
89.772 -4.785 -308.209 1.142
26.266 -61.108 -482.896 0.854
-22.002 57.889 -436.209 0.963
-45.226 -53.009 -315.046 0.841
-21.854 95.130 -314.437 0.914
-34.739 -63.024 -491.259 0.985
9.257 96.752 -488.830 1.123
79.677 4.660 -424.519 0.996
42.994 45.068 -392.222 1.005
-44.523 59.209 -342.942 0.905
41.731 -19.045 -361.774 0.955
84.262 25.702 -446.259 1.065
55.426 0.594 -381.652 0.889
-54.795 -82.472 -388.296 1.081
-58.008 -36.972 -367.873 1.008
69.933 89.780 -389.192 1.041
2.620 32.652 -373.392 1.148
44.280 -6.370 -438.758 0.968
12.015 -2.465 -364.060 0.824
-13.221 99.047 -424.627 1.112
7.072 -50.203 -456.258 0.918
-37.066 0.051 -367.899 0.894
-38.991 -44.501 -329.807 0.909
-44.334 -26.067 -498.656 0.832
68.577 64.570 -411.595 0.959
-95.582 21.242 -496.871 1.033
70.642 80.695 -377.377 0.948
46.055 39.063 -383.724 1.070
11.849 94.837 -439.840 1.013
41.919 -64.581 -314.971 0.915
-52.247 27.612 -451.193 0.967
-39.554 7.806 -427.249 1.010
-80.156 73.992 -467.045 0.860
65.861 -65.270 -489.679 1.124
8.109 -34.156 -498.179 0.996
-11.767 -22.925 -470.535 1.130
-64.214 5.819 -493.162 1.007
-96.578 -92.327 -347.641 1.142
-31.445 59.970 -323.351 0.735
-47.567 -8.555 -302.239 1.010
-25.673 35.209 -439.841 0.939
85.572 -14.735 -406.470 1.182
-96.227 -32.234 -393.769 0.899
-61.099 55.947 -336.018 0.992
-65.555 -35.674 -342.310 1.120
-55.669 44.717 -402.083 0.905
95.732 7.492 -499.763 1.087
75.183 -97.986 -305.970 0.894
75.402 -95.953 -342.447 0.873
86.991 35.636 -446.175 1.120
-80.373 2.687 -397.751 1.120
9.730 -31.169 -488.799 1.075
22.340 -77.576 -371.185 0.971
64.493 -24.502 -416.384 1.162
44.410 24.557 -360.418 0.978
-58.794 -69.014 -346.816 1.112
-81.084 -18.925 -360.141 0.897
-43.744 -26.987 -496.848 1.081
-48.444 52.515 -420.704 1.072
-36.052 4.496 -392.861 1.013
66.985 9.736 -349.946 1.015
49.285 87.387 -463.247 0.945
-0.869 96.387 -388.081 1.039
-70.896 -43.562 -358.548 0.970
-44.334 -95.904 -396.385 0.931
-7.665 -47.560 -445.820 1.071
-14.547 74.307 -427.194 0.897
41.054 -33.362 -456.643 1.070
85.424 44.508 -425.901 1.086
-2.671 12.480 -475.827 1.001
24.388 98.797 -372.005 0.970
-3.365 -91.170 -445.128 0.706
34.179 -63.574 -359.157 1.105
-19.045 69.736 -411.955 0.908
-43.314 -87.822 -374.180 0.880
-17.094 -7.937 -422.333 1.048
94.759 -79.684 -345.760 1.023
80.765 -43.914 -377.570 1.035
54.124 21.427 -411.289 0.985
57.768 8.969 -442.292 1.049
38.590 25.729 -391.007 1.065
-62.646 53.688 -343.424 0.984
9.578 97.765 -335.403 0.979
21.971 -64.541 -369.421 0.930
-84.550 20.588 -400.170 0.905
44.058 -42.333 -449.668 0.947
-90.191 4.875 -450.201 1.079
36.063 -15.333 -395.939 0.944
-37.694 -33.446 -392.335 1.036
-34.239 60.979 -417.421 0.746
82.516 -72.734 -464.736 0.964
-51.017 5.427 -454.599 0.901
-86.439 77.779 -412.893 1.218
-51.216 -67.504 -380.555 0.962
-91.166 78.743 -354.298 0.846
-48.174 -57.604 -458.232 1.046
-50.172 -30.500 -331.848 0.933
-11.858 -88.244 -329.397 1.101
-28.284 -92.828 -322.762 0.810
-22.358 24.028 -426.021 1.127
69.651 63.429 -427.394 1.078
-49.559 95.347 -324.636 0.937
94.585 -58.757 -337.213 1.041
58.939 19.319 -304.049 0.992
-88.734 -4.911 -352.502 0.944
29.936 -71.689 -364.190 0.909
-66.837 55.915 -426.659 0.919
21.162 -95.109 -456.564 0.875
13.130 -71.070 -342.702 0.847
16.769 18.587 -321.538 0.857
2.612 -80.234 -321.054 1.045
38.480 84.463 -341.944 1.013
-46.134 11.090 -346.971 1.088
29.394 43.833 -359.620 1.113
-41.436 -9.326 -407.436 1.183
43.163 65.797 -496.000 1.061
51.164 -23.089 -338.689 0.847
-1.104 81.897 -305.255 0.833
17.897 -68.206 -341.576 1.092
-7.939 -66.683 -404.766 1.061
-9.137 -83.779 -374.646 0.974
-90.228 -75.475 -317.705 0.746
53.240 97.245 -433.316 0.979
-31.910 23.068 -415.451 0.900
-52.116 -75.160 -412.243 0.958
-29.655 -80.930 -303.968 0.938
-42.992 98.108 -436.748 0.868
78.948 -72.699 -300.041 0.936
-55.501 -42.942 -455.015 0.893
-26.026 30.478 -479.200 0.957
20.394 52.223 -337.735 0.886
-12.173 -25.947 -310.324 1.147
-89.411 54.831 -344.087 0.951
41.028 -51.288 -463.113 0.940
-50.440 -76.393 -321.132 1.050
-86.093 -95.925 -353.826 0.972
-94.878 -34.071 -367.768 0.953
34.842 63.741 -301.171 0.842
-53.423 58.519 -303.204 0.998
-87.681 -86.126 -456.344 1.117
74.693 -3.014 -470.664 1.037
-46.436 20.742 -336.631 0.998
-40.528 -67.685 -459.312 1.149
-71.886 -81.672 -416.286 0.854
-48.177 -93.862 -439.190 1.077
94.930 92.579 -445.821 1.006
55.071 -91.933 -360.884 0.857
-15.922 -21.608 -438.917 0.937
-84.726 7.807 -364.933 0.943
33.798 -48.238 -312.722 1.055
93.444 7.338 -345.965 0.886
-57.169 -33.969 -355.755 0.837
-29.977 -36.626 -378.808 1.045
10.847 -40.325 -310.326 0.819
-56.045 -63.976 -373.697 1.037
95.462 99.076 -404.476 1.129
3.154 36.670 -416.149 1.299
-45.185 -32.238 -424.837 0.862
-21.134 -60.012 -454.850 0.979
-36.588 -41.404 -334.829 0.991
-36.293 40.914 -340.503 1.248
-96.978 -9.235 -311.381 1.133
-87.414 -3.322 -404.616 0.907
-87.775 -74.099 -454.208 0.863
-36.483 -15.186 -387.981 0.974
74.644 93.742 -476.499 0.949
-28.276 -53.148 -474.151 1.112
-85.991 98.817 -325.296 1.100
-38.433 -39.350 -424.156 0.880
83.811 11.399 -363.620 1.068
-60.034 81.072 -418.377 1.106
12.594 -97.219 -469.322 1.062
-73.117 69.121 -433.005 0.958
-85.273 0.580 -313.711 1.026
-63.659 2.827 -330.935 0.912
-84.211 -63.899 -489.447 0.869
-44.782 -12.660 -350.728 0.949
-1.887 -28.506 -300.809 1.030
-65.282 93.939 -476.499 1.039
14.754 -12.816 -450.818 0.862
-72.028 -42.092 -346.137 0.792
58.197 64.182 -372.475 1.054
-79.807 -56.773 -320.655 0.960
-85.864 67.223 -432.177 0.890
-26.632 -91.515 -442.936 1.021
-37.766 -14.732 -320.203 1.160
99.761 -71.973 -412.258 1.138
45.123 -76.759 -384.991 0.997
20.672 63.684 -449.634 1.084
-13.494 86.919 -352.629 0.991
41.247 -7.783 -350.768 0.979
90.272 83.553 -343.332 0.939
-25.144 25.305 -498.779 0.974
29.231 -26.728 -423.010 1.109
10.555 -81.955 -429.375 0.717
-13.810 -98.786 -372.012 0.991
-10.219 36.707 -461.852 0.899
36.972 7.391 -480.300 0.940
5.449 -87.248 -412.766 1.062
48.867 0.915 -351.724 1.243
-61.514 -29.186 -318.291 1.133
60.406 68.335 -341.942 1.000
19.909 -70.306 -407.513 1.168
2.215 29.504 -347.950 1.021
80.499 69.585 -446.428 0.992
31.966 57.167 -338.222 0.969
-11.615 24.176 -396.489 1.135
-35.706 -66.978 -318.007 1.127
-60.907 1.784 -306.246 1.020
87.547 19.431 -388.797 0.973
-25.064 -97.482 -391.980 1.107
79.854 -90.071 -431.484 1.011
-55.822 46.799 -452.162 1.046
41.356 -98.111 -482.230 0.948
70.189 41.582 -379.019 1.093
45.676 -38.319 -335.427 1.163
-78.418 25.709 -378.706 1.015
-92.688 -95.592 -412.282 0.897
28.800 -56.541 -370.270 1.159
77.068 -60.781 -313.465 0.909
4.112 38.193 -413.252 0.943
-80.911 -25.176 -401.060 1.151
37.272 -20.275 -325.093 0.861
62.061 51.510 -424.588 0.757
48.758 70.522 -401.273 1.076
56.831 -44.238 -348.990 0.886
85.891 -83.660 -305.827 0.887
-58.824 -30.280 -460.380 1.092
-78.736 -88.142 -350.928 0.964
17.629 -76.416 -416.335 1.060
54.421 73.250 -465.889 1.107
90.034 44.060 -429.880 0.949
12.439 -14.047 -375.463 0.977
70.745 -59.480 -495.657 0.903
-39.318 -11.872 -457.953 0.965
-11.566 -18.058 -308.299 1.128
89.196 12.633 -496.794 1.132
-4.793 79.566 -495.706 1.003
43.077 2.529 -462.678 1.318
-95.182 46.212 -408.686 1.071
-95.849 28.225 -424.253 0.913
-16.714 -59.639 -393.174 0.849
88.807 -76.288 -441.973 1.093
12.078 -1.933 -444.771 0.963
26.022 -44.841 -403.639 0.985
70.601 4.265 -304.534 0.990
-13.275 -88.879 -401.732 0.916
10.348 -42.487 -393.963 0.997
71.092 -47.726 -445.343 1.029
30.333 51.664 -315.420 0.981
22.166 -51.067 -437.494 0.876
17.876 -24.358 -461.190 0.926
35.170 -3.621 -491.502 1.064
41.095 93.057 -444.289 1.135
89.781 -22.178 -487.285 0.853
20.698 4.806 -383.005 1.024
58.966 -66.945 -435.278 1.041
82.856 82.247 -374.711 0.888
-9.953 61.616 -311.796 1.000
-7.309 7.102 -318.198 0.878
58.513 -2.458 -313.347 1.089
-32.403 -98.398 -488.313 1.069
69.131 -95.968 -471.315 1.049
-7.624 43.350 -310.112 1.040
79.269 62.778 -333.847 1.080
-64.879 78.884 -367.753 1.026
13.224 6.319 -364.156 1.188
98.751 31.944 -384.389 1.018
17.860 -72.656 -332.578 0.968
12.842 -86.095 -413.072 0.999
-16.703 98.618 -485.548 0.969
76.153 -14.893 -305.465 0.762
-37.928 -10.011 -315.447 1.037
-22.308 -91.110 -370.950 0.998
29.610 -20.495 -348.267 1.162
66.739 16.466 -398.447 0.887
89.314 -27.079 -432.535 1.128
-3.466 -72.816 -437.409 0.756
47.067 -48.331 -432.631 0.788
20.367 -71.180 -390.074 1.148
-32.028 -83.870 -300.186 1.112
34.368 -28.144 -358.434 0.966
41.320 14.565 -390.972 1.048
-59.861 -12.684 -333.555 0.953
-38.971 41.675 -448.356 1.284
46.906 9.779 -381.528 1.074
-7.579 74.957 -336.401 0.850
-95.483 11.304 -468.595 0.942
-20.397 36.574 -366.805 0.935
-98.134 96.145 -484.378 0.977
-33.512 0.616 -486.768 1.041
37.360 71.219 -355.472 0.859
35.396 -76.306 -451.336 1.043
-97.833 -21.390 -396.368 1.059
90.042 64.098 -305.230 0.803
-29.973 -50.983 -477.889 1.055
35.093 -51.475 -414.764 1.142
91.151 -99.412 -338.099 1.099
-89.855 -53.109 -330.803 0.786
-72.748 -56.212 -313.121 0.985
40.366 38.612 -413.487 0.893
-74.615 12.529 -475.598 1.010
54.593 39.482 -368.750 0.938
-43.395 23.454 -352.550 0.938
-88.842 15.414 -424.508 1.021
-26.284 25.293 -486.289 0.744
-93.169 86.468 -408.928 1.034
64.885 65.283 -414.727 1.029
-59.571 -18.972 -350.935 1.085
-97.359 67.223 -341.939 1.026
-43.114 4.247 -332.184 1.011
-15.828 62.248 -405.603 0.998
79.341 98.822 -437.760 1.010
27.661 33.848 -335.980 1.088
-5.584 82.139 -411.294 0.947
45.659 64.744 -304.932 0.973
-55.562 16.032 -386.814 1.263
4.666 49.208 -420.061 1.188
2.779 -98.819 -438.039 0.998
-62.431 -21.618 -334.303 0.806
42.086 -79.306 -419.861 0.926
70.961 40.684 -458.082 1.205
-69.006 81.670 -331.150 1.072
34.311 92.151 -425.902 1.127
-5.800 74.813 -347.550 0.946
-22.344 66.873 -369.626 0.963
67.373 -25.137 -363.570 0.959
-85.080 -15.331 -336.884 1.019
-22.608 74.604 -304.719 0.899
37.743 -61.255 -301.763 0.865
-40.164 62.471 -400.655 0.985
2.965 73.433 -308.376 1.008
63.674 24.501 -302.660 1.071
85.094 97.303 -378.601 1.039
-47.061 69.941 -324.685 1.056
68.810 27.617 -382.810 0.735
68.148 -43.197 -410.551 1.003
-14.918 77.482 -351.123 1.014
-47.241 -73.999 -399.246 0.908
65.876 51.904 -445.093 1.132
-50.736 -87.311 -479.763 0.982
-56.033 67.950 -403.498 1.017
16.399 31.720 -307.469 0.921
-4.534 11.121 -448.691 0.761
15.354 74.838 -491.206 1.105
-43.502 84.478 -436.073 0.888
65.217 73.743 -434.358 0.942
-76.174 -64.417 -480.473 1.059
-28.932 7.711 -464.763 1.002
-86.438 15.058 -413.790 1.084
22.763 91.441 -340.330 0.872
-11.296 -5.665 -346.300 1.156
-47.703 67.407 -346.221 1.080
7.529 -72.535 -403.885 1.064
-44.247 -7.369 -485.016 1.117
-87.838 63.353 -477.793 1.111
-85.253 41.632 -446.246 1.015
-40.347 35.345 -473.008 0.999
-62.195 -37.238 -427.920 1.044
50.843 -69.869 -408.034 0.914
36.571 -77.034 -448.005 0.914
61.848 59.408 -430.173 0.885
-98.701 37.863 -490.044 1.127
-94.835 -92.698 -468.556 0.951
29.038 -86.705 -447.490 1.076
34.370 6.119 -408.459 1.115
-46.220 98.416 -385.552 1.192
-53.447 15.652 -458.734 1.011
-64.041 -85.030 -367.607 1.063
65.208 53.823 -354.151 1.060
-26.354 33.006 -390.240 1.026
-23.303 85.177 -462.574 0.844
22.368 -29.411 -487.333 0.925
70.455 -7.437 -413.976 0.925
1.272 21.851 -380.207 0.894
-74.697 68.439 -437.252 0.977
51.400 66.286 -392.069 1.059
89.368 59.165 -439.433 0.985
6.149 -76.705 -325.217 1.068
33.422 -84.659 -425.849 1.085
32.643 31.832 -455.960 1.104
-75.043 -93.561 -358.495 0.934
-59.198 -49.693 -402.748 1.014
2.393 -64.636 -461.382 0.964
-2.135 -65.951 -307.738 1.133
-57.214 -39.276 -450.549 0.940
-78.629 -0.455 -323.831 1.036
76.674 91.535 -402.813 0.951
12.146 31.708 -395.209 0.939
17.771 -78.256 -429.128 0.936
-16.374 8.797 -353.525 0.981
12.597 74.402 -353.521 0.933
95.434 -58.561 -468.786 0.853
67.950 50.232 -327.863 1.025
46.613 -99.128 -424.234 0.886
-1.337 44.214 -312.766 0.901
70.493 -43.452 -464.035 1.018
54.801 -27.247 -320.658 1.271
14.398 -70.540 -340.035 0.882
-54.499 -53.716 -381.615 0.988
-52.487 53.010 -389.065 1.035
-82.509 -95.006 -395.526 0.997
-0.982 -63.220 -303.649 1.038
-35.385 -45.229 -306.373 0.908
-16.979 -87.446 -353.561 0.872
-14.441 54.290 -306.122 0.975
-50.734 -65.275 -343.040 0.944
22.287 2.283 -490.226 0.987
-74.503 28.698 -446.884 0.992
-96.428 -33.271 -372.704 1.094
65.088 -73.242 -492.196 0.983
56.923 -86.877 -341.849 0.919
36.827 76.722 -392.080 0.928
-8.378 42.848 -433.081 1.121
-11.468 86.784 -484.887 1.098
96.315 86.552 -335.599 0.924
-77.080 -85.092 -433.490 0.960
95.465 84.036 -416.652 0.895
-86.467 98.580 -358.782 1.019
75.035 -53.064 -469.548 0.984
36.023 -8.011 -333.025 0.860
46.256 -25.437 -392.041 0.948
87.268 -75.251 -456.824 0.932
31.701 -90.211 -400.093 0.847
-88.304 -38.988 -321.940 1.066
-56.155 59.736 -394.566 0.977
66.167 -3.494 -399.398 0.955
87.554 14.674 -351.890 0.923
-83.948 -31.090 -387.262 0.927
6.227 62.804 -370.765 1.182
-8.548 51.852 -401.254 1.079
-31.424 8.693 -462.408 1.056
22.009 80.188 -349.169 0.897
-50.369 -35.017 -389.256 0.820
-39.338 -86.375 -383.145 0.989
93.110 58.458 -373.688 1.032
98.518 50.692 -395.016 1.087
95.250 44.377 -488.227 1.021
-51.049 -14.365 -306.421 1.006
-24.724 -86.793 -327.863 0.990
23.516 2.258 -469.829 1.123
39.921 -1.088 -346.131 0.953
-40.263 -51.275 -329.065 1.063
-29.009 62.739 -496.725 1.139
73.501 47.328 -302.429 1.165
93.868 6.826 -492.033 1.070
-83.825 11.111 -376.944 0.898
51.275 82.052 -470.281 0.989
87.164 4.965 -424.962 1.090
-95.770 -0.647 -470.627 1.185
-22.438 -27.752 -482.965 0.982
64.545 73.709 -399.790 1.006
30.679 -32.486 -370.605 0.905
-50.371 49.861 -434.730 0.895
-45.630 -29.456 -434.483 0.985
68.937 81.935 -315.395 0.945
-52.756 -7.639 -414.487 0.877
74.749 18.546 -426.908 1.143
-58.812 66.266 -457.812 0.825
-13.190 73.124 -409.777 0.900
30.541 50.096 -316.790 0.990
14.347 -69.748 -402.543 0.979
-22.104 -22.823 -305.648 0.907
-50.141 -53.015 -350.988 1.077
87.735 29.300 -386.057 0.974
-46.493 -85.616 -474.413 0.936
81.339 -25.955 -350.011 1.142
72.949 -43.368 -483.553 0.971
-41.506 50.247 -343.912 0.995
-13.986 -23.605 -454.465 1.049
43.414 -96.787 -411.884 1.045
-89.495 10.683 -462.335 1.054
-7.554 50.742 -304.039 1.100
83.031 -60.632 -414.735 1.102
-57.138 -30.933 -475.493 0.780
31.174 -15.857 -481.645 1.106
-50.547 35.847 -455.892 1.098
-68.476 -86.280 -435.449 0.983
93.545 99.154 -327.363 0.894
39.313 -90.898 -386.330 0.998
34.852 35.502 -493.117 1.176
18.900 15.832 -371.629 0.881
-11.005 87.515 -405.210 1.046
56.883 -64.213 -377.118 1.168
-16.123 19.956 -494.774 0.891
50.138 57.968 -345.974 1.045
26.447 73.046 -400.055 1.060
51.825 67.907 -495.936 0.988
-97.532 73.494 -439.918 1.002
83.931 6.473 -348.386 0.977
-56.550 30.965 -319.786 0.931
61.857 -71.368 -325.523 1.188
-69.795 40.044 -444.590 0.933
-23.992 42.137 -499.154 0.935
32.036 75.245 -419.476 0.871
-80.910 -97.328 -318.452 1.007
73.242 -65.903 -452.524 0.777
-3.848 2.354 -432.099 0.890
-12.767 89.572 -356.800 0.992
-33.099 -60.919 -368.292 0.995
84.008 -40.960 -462.364 1.017
31.275 -44.820 -462.898 0.975
-30.930 -12.669 -443.201 1.008
-50.925 12.805 -370.437 0.872
48.069 87.297 -386.471 1.131
-83.680 75.031 -471.402 1.014
-29.060 -78.423 -456.119 1.021
-61.811 60.873 -339.746 0.995
-71.410 50.878 -460.279 1.033
25.083 0.312 -463.683 1.091
75.208 19.050 -337.574 1.103
90.260 -41.697 -308.964 0.969
99.022 89.608 -370.142 1.127
45.972 -39.652 -314.951 0.988
78.238 -97.058 -328.237 0.966
55.361 -96.631 -330.764 1.005
-33.222 -19.771 -367.304 1.021
-81.436 54.013 -497.307 1.033
-55.697 -79.837 -427.653 1.008
-52.897 22.143 -468.471 1.044
28.609 65.361 -498.095 0.996
-53.672 88.660 -364.223 1.218
-74.710 87.597 -355.112 1.038
33.657 14.239 -457.567 1.031
-79.470 -67.841 -447.338 1.011
34.199 5.222 -457.436 1.023
3.666 -54.091 -318.746 1.120
49.451 93.354 -315.618 1.169
6.284 -95.084 -353.662 0.962
7.975 73.072 -325.319 0.992
-1.473 85.749 -389.073 0.836
-81.554 -35.010 -377.767 0.979
80.824 99.072 -332.718 1.149
14.548 -59.048 -351.554 1.191
-16.426 49.232 -460.726 0.927
1.565 -26.304 -475.264 0.906
-41.186 -76.530 -477.675 1.000
-33.304 -51.403 -499.174 0.987
93.504 7.126 -408.236 1.093
73.915 46.094 -479.881 0.994
-14.069 -59.891 -464.203 1.036
6.847 -77.351 -412.409 0.906
-42.295 -51.056 -489.125 0.942
97.812 -6.417 -434.337 0.619
-93.087 13.112 -420.133 0.960
32.880 29.691 -309.961 1.091
95.588 53.390 -479.822 1.098
79.882 68.204 -335.058 0.997
-62.311 -78.048 -452.261 0.979
-97.942 51.562 -445.729 0.999
28.322 -19.296 -477.039 1.019
-16.047 48.055 -411.405 0.979
64.195 51.534 -466.906 1.128
45.564 -43.287 -363.098 0.928
-34.964 62.255 -427.684 0.993
-58.630 36.996 -348.093 1.044
-1.888 -88.117 -395.175 1.108
-94.913 48.701 -322.054 0.800
44.596 68.826 -494.733 0.930
28.396 35.300 -451.161 0.921
-23.108 -64.619 -346.409 1.080
-81.239 -69.308 -478.795 1.006
-41.964 59.209 -374.948 0.782
-50.400 -29.309 -457.970 1.134
-96.878 -94.486 -444.215 0.988
86.887 -91.861 -418.397 0.842
62.572 -99.562 -449.770 0.994
-21.005 -39.939 -414.591 1.012
-58.556 -51.128 -447.598 1.010
75.113 18.342 -410.317 0.829
-28.670 9.457 -321.880 1.279
8.028 65.247 -391.568 1.067
9.056 92.647 -444.619 0.967
-47.121 72.084 -423.203 0.895
-29.959 -83.278 -300.751 1.043
82.341 -1.106 -354.894 1.072
-37.920 -68.078 -355.449 0.934
-93.788 -66.953 -417.324 0.914
7.085 -65.070 -469.819 0.920
-53.661 43.056 -425.878 1.014
36.104 72.402 -333.776 0.987
-70.225 1.931 -490.961 1.046
-10.079 95.710 -452.646 1.166
47.615 -69.539 -368.640 0.878
1.295 50.503 -300.680 0.978
44.759 53.241 -322.093 1.021
-66.643 29.782 -473.152 1.033
44.688 -63.180 -371.922 1.042
78.660 -97.860 -499.867 0.959
20.335 -93.443 -496.611 1.080
-9.266 -46.657 -496.686 0.935
64.202 14.107 -402.355 1.059
-81.707 -13.821 -416.458 0.984
-98.040 18.694 -371.402 0.969
-86.078 3.668 -303.155 0.969
56.275 52.788 -486.434 0.994
-14.158 19.212 -380.768 0.975
40.573 -25.633 -377.449 1.204
-28.152 39.249 -306.974 0.968
-25.755 59.570 -447.511 0.913
22.520 -31.928 -341.163 0.855
-49.746 41.828 -381.401 1.103
-19.792 -89.402 -348.445 1.131
-73.693 -63.944 -471.940 0.991
59.619 1.932 -321.274 0.738
-70.969 -5.450 -460.336 1.007
56.965 53.445 -438.830 1.035
56.344 -74.375 -495.356 1.046
17.854 50.533 -467.998 0.915
-54.571 -16.052 -352.339 0.805
-58.980 26.976 -404.505 0.954
41.229 -29.991 -453.162 1.102
-83.368 15.205 -330.408 1.007
81.992 -27.740 -349.736 0.857
-94.921 47.189 -404.489 0.993
-14.711 -71.397 -309.766 1.010
92.585 -17.465 -377.889 1.089
60.633 35.478 -338.317 1.187
-95.293 2.857 -344.858 1.011
5.861 76.950 -320.037 1.082
-47.269 97.843 -450.893 0.973
-84.717 -23.239 -470.033 0.928
75.377 77.214 -442.047 1.088
95.316 74.562 -396.353 1.013
-44.539 52.692 -456.897 0.943
97.201 26.924 -482.816 0.891
-25.523 -58.932 -322.700 0.913
-37.587 -70.980 -389.732 1.064
79.736 -37.225 -349.557 1.051
67.013 83.527 -464.302 1.069
-12.811 64.524 -331.519 0.956
32.808 99.397 -334.750 1.218
87.753 -54.866 -471.593 0.905
-1.998 -12.132 -300.236 0.933
-27.978 97.082 -348.562 0.968
-26.607 -36.449 -420.430 0.953
-30.588 27.552 -425.645 1.030
10.694 90.498 -320.814 0.982
-44.703 95.149 -390.097 1.109
6.228 -36.413 -471.442 0.880
-99.061 84.662 -487.088 0.977
-64.812 50.739 -322.634 1.159
-77.939 58.775 -326.243 0.943
67.213 54.404 -428.091 0.969
36.798 67.236 -436.806 0.863
-5.227 -7.271 -313.993 1.059
91.340 8.460 -427.129 1.031
96.666 -51.654 -478.937 1.000
-94.908 89.763 -320.627 0.989
50.438 69.692 -335.405 1.067
89.631 -83.362 -381.770 1.028
-24.000 -55.365 -317.708 0.972
-21.606 -33.545 -347.413 0.983
71.071 -1.282 -383.915 0.795
-13.448 40.557 -420.862 0.926
62.097 97.733 -473.458 0.994
20.924 59.126 -429.732 0.653
-34.067 67.237 -339.320 0.954
-0.468 30.606 -349.390 1.063
-78.445 71.737 -426.905 0.957
43.224 -49.171 -475.464 0.989
95.431 32.935 -362.505 1.007
57.321 32.655 -373.669 0.955
-47.537 77.212 -488.489 0.980
-31.889 -51.399 -305.727 1.126
23.091 43.564 -497.142 1.041
89.787 52.250 -450.813 0.966
-77.784 -26.885 -322.095 0.766
-76.596 -81.125 -412.264 1.069
41.597 17.779 -462.674 1.099
-69.833 -46.577 -395.184 0.972
-33.342 7.573 -406.292 0.858
2.483 -6.970 -474.671 0.952
-45.554 17.820 -303.013 1.067
18.097 93.315 -442.221 0.895
3.229 -15.793 -442.738 1.085
-95.385 57.295 -427.364 0.873
-5.541 86.617 -338.927 1.029
63.391 6.474 -468.598 0.931
-71.678 -68.538 -449.070 1.112
62.349 -86.230 -456.075 1.086
36.756 65.682 -467.025 0.927
8.383 -31.858 -498.352 0.896
84.158 -54.000 -402.674 0.952
-85.237 23.712 -428.848 1.031
17.094 -34.636 -383.447 1.004
85.591 -26.584 -401.677 0.995
-9.124 57.762 -491.172 1.039
42.111 88.535 -461.397 0.963
8.097 31.335 -378.773 0.952
34.881 90.780 -418.019 0.949
96.103 78.286 -421.700 1.098
-83.845 48.584 -374.214 0.924
-14.888 1.599 -486.922 1.151
70.044 -80.901 -362.842 0.903
-12.653 -11.195 -429.444 0.958
-50.934 -57.989 -331.084 0.877
16.460 -42.270 -419.084 1.021
-7.717 -33.667 -482.769 0.972
-69.033 59.477 -451.187 1.070
30.308 -58.376 -418.545 0.951
57.163 -26.731 -479.468 1.174
-75.317 44.904 -344.645 0.974
28.657 91.331 -394.525 1.087
-90.917 46.633 -409.666 1.001
89.352 88.618 -338.599 1.011
-10.880 77.361 -434.542 1.069
-29.902 84.165 -453.723 0.936
-88.236 -62.482 -415.103 1.127
95.370 -83.562 -410.790 0.927
13.980 -80.979 -307.730 0.991
89.863 77.804 -428.881 0.996
93.004 60.617 -356.761 0.924
62.301 -51.533 -487.196 0.929
-55.192 79.201 -345.882 0.882
-82.604 -87.406 -367.015 0.988
-91.411 69.307 -301.167 0.919
-16.697 28.211 -382.621 0.920
89.904 61.955 -308.619 1.028
-19.632 74.412 -342.429 0.828
94.359 -84.136 -318.452 1.088
-68.885 -36.668 -313.312 1.013
82.117 -99.388 -331.679 0.888
61.454 87.443 -407.169 1.007
40.668 98.455 -374.241 1.067
82.885 73.670 -450.690 1.032
57.495 -12.360 -422.677 0.953
-62.128 -62.683 -434.117 1.120
-73.302 -75.878 -433.420 0.921
91.625 15.502 -323.111 0.951
-25.605 10.347 -433.864 0.913
-80.536 9.599 -458.050 0.956
-96.377 97.811 -460.800 1.084
66.978 59.038 -371.472 0.991
-60.852 -97.817 -443.223 0.874
-28.013 -69.935 -464.613 1.044
35.989 69.146 -351.753 0.899
37.487 57.586 -334.552 0.927
-72.963 -37.139 -401.580 1.074
8.002 22.636 -434.992 0.782
-95.435 -21.973 -482.273 1.164
75.313 -38.080 -486.114 1.112
3.843 40.195 -489.139 0.980
-76.271 -56.288 -450.575 0.936
-22.142 -59.637 -492.022 0.990
-64.653 -73.612 -471.766 1.078
14.930 -84.823 -411.742 1.156
79.888 98.516 -429.515 0.899
-91.872 -50.758 -372.131 0.838
55.725 24.288 -412.934 1.021
89.828 -17.605 -490.932 0.893
42.896 -19.286 -321.034 1.071
-59.797 1.850 -338.939 1.291
-18.618 29.748 -344.342 0.847
-52.181 -4.656 -338.597 1.096
-44.274 -5.498 -499.884 1.253
37.760 -32.489 -462.347 1.054
-10.973 -75.556 -473.545 1.059
-96.216 19.350 -480.740 0.895
8.051 -53.684 -402.851 0.881
87.008 -86.495 -420.486 0.882
35.748 -96.291 -454.198 1.112
72.336 4.987 -451.969 0.970
-82.653 -3.857 -378.177 0.932
27.407 65.942 -414.775 1.088
-46.255 60.184 -433.096 0.975
54.973 19.035 -305.595 0.849
-68.831 21.231 -463.310 0.831
40.769 -2.199 -366.768 1.085
-54.824 88.831 -416.043 1.104
-94.051 46.330 -491.714 1.122
85.831 86.215 -320.007 0.851
31.560 56.164 -432.766 1.004
78.783 76.638 -419.312 1.206
59.548 -32.488 -470.937 0.920
-1.908 -63.605 -369.720 0.962
-40.057 -46.320 -345.408 0.746
-79.743 -32.740 -459.932 0.891
87.689 3.237 -408.539 1.149
-91.029 40.245 -425.929 1.047
-36.780 -3.066 -448.165 1.109
-26.082 68.167 -313.135 1.023
-0.478 29.499 -363.266 0.947
69.877 -57.544 -340.263 1.012
-97.160 -49.840 -469.464 1.006
-62.206 -94.264 -459.146 0.958
-24.729 25.919 -494.801 0.945
-11.088 -22.228 -499.346 0.960
-36.861 66.661 -355.819 0.966
18.163 -2.267 -347.544 0.959
-78.749 62.557 -314.681 1.085
-75.094 -91.027 -433.143 0.976
47.492 88.564 -324.904 1.052
-26.488 -24.754 -435.979 1.116
