35.990 -63.347 -375.777 0.972
-92.122 19.989 -497.278 0.977
-62.162 61.515 -481.795 1.133
-89.415 3.293 -331.316 0.921
14.942 -32.681 -479.356 1.055
36.787 96.434 -377.357 1.032
-67.505 5.920 -459.773 1.028
74.508 10.229 -425.044 1.027
64.024 55.867 -457.826 0.905
9.885 22.199 -391.633 1.052
-31.396 -56.370 -479.048 1.106
75.378 -73.193 -336.414 0.915
-49.358 64.095 -490.835 1.000
21.517 -57.776 -367.510 1.044
44.153 93.997 -358.174 1.008
5.595 -74.912 -360.288 1.118
91.959 21.937 -424.109 0.961
33.243 56.974 -413.003 1.018
61.035 -51.261 -300.838 1.009
-46.358 85.758 -369.031 0.951
13.483 81.920 -483.838 1.106
1.951 -77.823 -411.922 1.032
9.557 29.450 -496.647 0.869
40.674 10.854 -364.491 1.260
-46.340 -99.898 -478.069 1.141
8.083 9.587 -444.346 0.888
93.103 19.958 -344.495 1.067
9.664 -97.270 -457.252 1.006
77.705 54.966 -306.867 0.892
5.799 52.893 -324.850 0.935
96.529 96.507 -433.387 1.124
48.108 67.527 -434.561 1.085
25.324 -29.415 -499.030 1.106
24.138 -69.798 -437.315 0.862
0.439 -82.702 -393.746 1.147
-8.692 78.366 -391.504 1.136
78.303 59.929 -397.265 1.142
63.838 28.757 -393.979 0.933
44.128 -79.597 -302.472 1.023
-32.043 68.320 -465.646 1.057
-17.898 59.353 -373.383 0.994
19.392 72.542 -378.452 0.957
83.226 69.440 -499.640 0.878
-61.122 24.198 -396.888 0.796
86.527 -67.504 -320.953 1.088
0.697 55.932 -484.805 1.024
-5.384 72.683 -414.310 1.208
-69.667 -80.958 -441.180 0.944
-60.787 -60.031 -383.029 1.103
-78.147 6.108 -425.604 0.940
-99.625 10.148 -482.813 1.032
-56.312 49.518 -436.811 1.037
-87.068 -79.583 -413.921 1.108
-57.564 -48.340 -423.534 0.976
14.875 -6.394 -427.139 0.993
82.284 -18.956 -478.928 1.013
47.991 25.770 -390.386 1.002
18.002 -86.296 -351.977 0.825
-85.764 53.922 -494.330 1.037
87.787 69.814 -429.552 1.004
-28.278 -4.054 -436.203 1.041
-56.412 -26.678 -430.257 0.965
57.112 -92.177 -402.890 1.195
-83.218 -30.227 -348.229 1.101
-0.954 62.343 -457.059 1.020
-1.838 87.743 -327.027 0.919
-81.423 4.183 -418.774 1.029
-7.409 95.418 -446.350 1.084
48.090 33.556 -412.501 1.079
-0.800 87.722 -407.768 1.189
-36.320 -24.853 -302.503 0.946
-49.943 -95.818 -354.970 1.197
28.400 -72.052 -416.170 0.953
-50.432 12.487 -458.977 0.963
72.247 93.759 -369.314 1.156
68.481 49.699 -341.976 1.143
-75.158 -64.693 -368.015 0.857
89.813 -70.310 -433.256 0.957
-58.829 -27.589 -497.543 1.028
26.654 -6.273 -344.595 0.989
-61.493 78.423 -452.878 0.923
50.940 -82.183 -435.346 1.034
43.413 -65.544 -367.696 1.080
7.984 -75.713 -303.754 0.982
65.482 -4.111 -470.038 0.926
84.752 11.049 -429.357 0.870
-88.067 -98.046 -445.747 0.920
-58.167 1.271 -390.425 0.893
-58.735 64.400 -493.886 1.095
-77.707 -25.043 -447.753 0.872
12.770 58.314 -402.604 1.047
-80.692 -73.027 -315.009 0.853
3.904 -3.294 -462.743 1.054
-49.896 98.477 -402.890 1.124
-43.630 -8.611 -332.679 1.038
93.139 29.158 -488.071 0.939
89.636 4.235 -485.438 0.948
-76.480 -20.278 -359.577 1.185
-69.651 -92.030 -374.159 1.001
-79.291 4.454 -388.935 1.036
-99.092 22.238 -324.355 0.987
96.799 -78.735 -358.993 1.020
-86.487 -89.241 -491.527 0.917
57.856 -95.076 -412.127 0.824
63.374 -9.291 -301.648 1.156
-85.649 24.461 -364.098 0.760
-71.150 52.451 -483.511 0.994
-50.034 77.463 -434.659 0.926
59.587 -27.815 -325.249 1.105
6.482 22.600 -396.041 0.838
-40.725 49.075 -439.897 0.846
-77.019 4.373 -393.599 1.043
-20.490 71.667 -386.686 1.107
-14.875 99.303 -373.271 0.973
22.607 -81.177 -321.019 0.977
-42.820 14.015 -318.670 0.996
-46.403 -31.841 -430.231 0.842
81.295 7.106 -483.872 0.936
-72.091 81.588 -443.833 0.962
48.246 -8.442 -464.883 1.175
-35.306 75.220 -393.477 0.944
30.256 85.458 -481.355 0.960
73.327 67.123 -362.035 0.869
-99.575 84.857 -348.794 1.031
62.725 72.826 -377.097 1.044
36.527 56.122 -336.556 0.991
19.401 -27.080 -342.986 0.871
28.343 -64.282 -341.936 1.039
36.613 86.720 -494.182 1.139
51.789 -30.047 -421.940 0.900
-5.355 24.720 -455.441 0.932
-70.251 2.614 -410.628 1.179
91.726 58.468 -357.842 1.110
-9.614 -79.804 -348.917 0.988
-70.188 -52.233 -392.890 0.959
38.932 -35.832 -324.541 1.148
-34.091 -44.181 -342.908 0.956
-31.890 -33.369 -304.955 0.953
60.008 47.846 -307.478 1.090
-75.131 -65.145 -386.631 0.948
-26.001 -44.641 -408.374 0.998
-37.951 -30.917 -476.084 0.920
-38.450 -70.780 -334.344 0.980
80.896 69.903 -334.042 0.984
-74.796 54.189 -482.453 0.953
23.481 87.634 -317.526 1.088
65.660 -84.024 -478.658 1.005
-7.344 51.750 -412.099 1.004
41.810 62.030 -406.568 1.021
49.184 70.859 -450.820 0.854
-73.983 -17.469 -417.517 1.163
-50.369 -34.404 -436.576 0.997
57.511 60.891 -457.455 1.018
-44.117 -58.676 -358.827 0.983
-48.640 76.805 -487.235 0.995
15.614 -65.548 -304.534 1.078
-8.189 -56.538 -487.397 1.123
-29.540 98.376 -380.724 1.004
-98.274 50.090 -432.370 0.906
47.264 -26.817 -405.117 1.137
-76.900 -7.577 -416.907 1.060
-6.135 -13.051 -359.891 1.103
-4.676 13.749 -399.401 1.104
-41.239 83.525 -484.520 0.869
-91.726 -94.330 -306.886 1.038
87.463 79.691 -405.415 1.090
32.069 13.345 -327.503 1.107
-66.744 -87.118 -327.950 1.052
85.429 -58.283 -470.536 0.838
-53.369 93.404 -465.701 1.017
-1.672 35.638 -325.805 1.100
48.077 -1.099 -483.526 1.073
2.345 59.639 -377.976 1.086
21.167 -31.723 -320.565 0.966
-32.734 -54.413 -355.312 0.998
58.798 -83.733 -442.492 0.941
-1.015 -18.195 -384.559 1.011
-48.589 7.747 -352.300 1.032
-31.239 -82.921 -400.688 0.844
-93.341 -34.413 -353.373 1.063
48.498 -16.195 -408.598 1.116
-40.209 -28.679 -329.263 1.113
69.629 -26.855 -455.380 0.958
9.650 65.560 -447.454 1.041
-74.211 -90.675 -484.195 0.891
96.797 83.538 -438.418 1.043
0.720 -95.467 -356.744 0.937
16.480 46.544 -326.610 1.095
-61.456 -63.368 -320.969 0.975
-91.142 -58.265 -377.554 1.150
52.456 71.288 -397.369 1.137
34.351 -79.360 -318.223 0.994
-44.015 -22.178 -312.688 0.961
-69.689 66.073 -394.991 0.968
-27.869 43.408 -303.907 1.042
-53.552 47.188 -317.375 0.978
-38.998 -76.425 -418.806 0.792
29.643 90.023 -321.906 1.128
-63.665 3.369 -340.959 0.879
2.138 21.829 -463.668 0.942
-68.653 73.267 -329.483 0.844
30.208 -69.732 -468.777 1.213
65.958 -73.658 -479.944 0.951
55.236 64.132 -479.573 1.002
8.240 98.646 -450.976 0.881
-4.665 82.964 -421.891 0.931
-17.636 -28.139 -311.572 1.052
-53.192 75.341 -323.411 0.854
-37.987 45.940 -393.270 1.020
97.985 -63.378 -355.969 0.939
2.826 37.533 -437.594 1.003
-96.769 -32.690 -373.181 1.158
-98.562 0.355 -497.117 0.839
59.874 -6.521 -443.349 1.001
-86.798 -64.860 -488.735 0.853
65.242 68.615 -325.557 0.894
-54.814 -9.494 -467.285 0.891
10.178 -36.067 -467.868 0.936
69.481 65.380 -499.044 1.004
-39.315 -42.196 -323.770 1.040
94.241 -82.178 -353.662 1.127
75.585 27.732 -337.724 0.986
65.893 -12.728 -418.298 0.987
-65.988 0.103 -414.642 1.022
-51.620 47.316 -341.181 0.878
91.336 -64.480 -348.452 0.927
-20.279 -31.069 -474.034 0.912
67.028 -40.485 -497.941 1.012
-67.293 72.511 -412.924 1.009
81.447 -94.606 -333.925 0.981
66.548 49.038 -377.358 0.837
19.642 -1.771 -489.564 1.079
-99.104 81.831 -325.885 1.102
-53.076 61.851 -314.121 0.920
73.679 68.080 -475.755 0.876
13.429 9.671 -354.824 1.021
20.509 23.843 -443.968 1.094
-41.765 0.926 -378.665 1.110
-20.882 -46.697 -361.924 1.067
60.034 -45.663 -310.454 0.976
90.571 59.736 -398.451 0.990
22.694 -68.428 -404.913 1.005
-63.369 82.055 -360.020 1.190
-89.207 90.447 -445.750 1.088
-47.421 -66.331 -379.579 1.160
-25.864 -72.106 -390.018 1.135
-87.743 14.535 -395.155 1.032
91.931 -7.271 -485.549 0.975
-16.179 86.528 -489.213 0.778
47.730 70.521 -435.538 0.987
-1.829 18.144 -340.606 1.000
-90.894 -83.027 -483.478 0.886
-6.616 63.625 -374.930 0.995
-13.201 12.263 -400.311 1.134
73.916 -99.778 -380.811 0.797
43.669 -82.529 -459.072 1.006
34.227 29.259 -305.431 0.901
-40.522 -12.818 -443.207 1.023
-0.548 -16.380 -427.007 0.917
-91.947 -9.864 -382.067 0.928
-35.586 27.114 -333.256 0.891
-51.419 85.341 -356.541 1.208
20.803 -65.826 -406.700 0.858
78.107 -83.482 -378.780 1.118
18.255 38.490 -494.499 1.014
-40.812 70.238 -463.433 1.011
47.068 -15.408 -469.157 1.092
84.766 57.109 -321.661 0.847
56.769 48.070 -405.086 0.823
-54.097 -0.495 -327.344 0.895
61.188 59.466 -472.706 1.067
79.358 -43.423 -420.894 1.057
-16.110 75.079 -468.722 1.040
-20.290 -97.831 -401.896 1.056
47.770 51.406 -359.947 1.079
67.468 52.808 -376.444 0.937
-8.733 64.348 -468.400 1.060
-70.140 -15.802 -423.400 0.865
24.220 25.483 -343.750 0.707
30.282 -70.006 -468.333 1.048
-77.324 -56.647 -483.962 1.146
-20.395 -26.910 -483.226 1.042
17.106 -11.972 -362.541 0.845
-58.342 -19.721 -330.297 0.974
-99.057 -63.130 -438.634 0.959
-14.898 -63.921 -451.004 1.006
27.280 38.904 -384.823 1.006
-69.498 -73.022 -322.522 0.885
40.885 -2.281 -398.835 1.153
-14.128 -12.463 -430.665 0.998
8.485 -52.845 -334.173 0.862
56.952 29.863 -340.763 0.970
72.707 68.918 -327.052 1.113
-79.925 -34.718 -382.588 0.910
-13.174 6.578 -320.010 1.076
97.987 -27.065 -495.259 1.006
99.973 -46.633 -462.506 0.922
-61.628 -16.355 -347.698 1.156
-52.582 -1.559 -335.436 1.236
-90.764 18.156 -470.950 0.944
-40.811 -52.178 -314.892 1.038
26.024 92.366 -346.513 0.948
-24.383 -38.418 -415.992 0.981
-72.918 48.753 -456.099 1.155
99.892 10.580 -455.336 0.988
-95.317 67.412 -334.622 0.835
-93.112 -63.881 -308.074 0.963
47.363 -52.302 -410.243 1.005
-29.303 -14.244 -387.145 0.937
30.057 -21.046 -393.699 1.002
85.596 -85.290 -311.473 1.129
-39.566 73.482 -314.289 1.083
-79.120 38.371 -403.919 0.909
81.084 -73.477 -479.409 0.900
-18.227 -94.299 -408.048 0.894
54.384 -57.598 -354.949 1.003
-17.126 46.943 -390.032 1.058
-22.449 69.752 -363.697 0.843
55.521 29.568 -332.065 1.086
-54.029 -0.982 -455.283 1.023
78.150 -23.320 -496.567 0.952
43.101 29.697 -408.646 1.116
-28.742 -44.382 -356.493 1.050
98.923 -25.343 -492.197 0.902
-32.123 -40.858 -496.529 0.994
-10.749 99.452 -382.670 0.906
-99.163 36.655 -326.727 0.911
-26.032 76.635 -430.867 0.995
-76.375 99.895 -360.586 0.913
-0.699 60.212 -497.904 1.073
-32.862 23.883 -325.871 0.985
-78.322 -17.837 -338.593 1.015
99.766 -15.064 -302.865 1.037
65.519 60.509 -313.853 1.023
81.156 48.208 -411.210 1.071
16.790 -13.011 -409.403 1.181
52.500 42.970 -411.603 0.959
-22.010 -58.941 -328.587 1.110
-95.859 -63.244 -376.001 0.888
-62.997 92.099 -481.304 1.004
-82.091 -28.910 -424.942 0.888
-11.680 63.646 -309.334 1.066
-54.122 -63.232 -460.800 0.771
22.590 -22.493 -475.306 0.987
-10.096 -25.596 -347.231 0.876
-51.752 30.608 -306.831 0.961
-50.143 11.155 -305.495 1.215
-34.069 52.160 -366.802 1.161
-91.328 -14.750 -319.287 1.018
-68.876 -5.844 -403.153 1.039
-39.191 -74.897 -339.395 0.785
-90.714 -90.785 -415.634 0.798
-21.387 -77.997 -398.713 0.954
-95.975 69.318 -398.335 0.946
6.185 -20.417 -424.813 1.150
17.185 -44.360 -487.751 0.924
56.591 36.659 -381.845 1.064
40.726 -23.141 -339.947 0.886
-43.501 -95.314 -389.462 1.032
78.752 -86.958 -410.298 0.937
30.311 -92.487 -472.211 0.955
93.417 9.922 -421.090 1.140
-25.892 59.460 -332.038 0.935
-32.242 -61.588 -444.945 0.859
5.433 4.019 -462.047 1.054
96.494 85.329 -398.314 0.952
-15.804 -77.538 -302.747 1.029
20.801 61.907 -489.483 0.985
-20.039 96.603 -440.080 1.135
84.346 -13.565 -319.816 1.022
-5.781 -22.984 -487.454 0.986
-64.812 -43.160 -461.928 0.846
-17.998 25.241 -476.649 0.900
-50.315 73.124 -374.502 0.915
-98.454 98.865 -334.584 1.070
-24.264 -55.495 -393.638 1.016
-12.097 79.692 -421.936 1.031
-23.212 -84.890 -486.652 1.076
-56.905 -90.824 -498.679 1.078
-5.208 -79.166 -432.264 1.173
-72.581 92.948 -448.122 1.008
-69.820 -3.224 -309.246 0.949
-72.584 17.003 -417.315 1.110
-5.672 -27.770 -353.813 0.952
-63.597 -40.914 -468.694 1.139
-97.089 4.039 -332.548 1.112
-49.839 2.334 -458.777 1.072
-37.101 -70.658 -346.593 1.049
-64.365 92.871 -473.852 1.091
-3.356 69.207 -375.580 0.922
-2.166 4.121 -326.121 1.044
24.314 -67.793 -459.603 1.147
13.338 12.248 -355.536 0.895
15.338 43.998 -443.198 1.073
-32.112 -7.589 -406.393 0.836
-12.195 61.417 -480.688 1.081
25.216 -97.241 -445.777 0.871
82.089 -58.985 -408.057 0.802
-14.761 -86.021 -314.552 1.232
-16.278 -9.012 -476.241 0.680
16.413 -9.018 -456.555 1.114
16.867 53.175 -494.279 0.978
78.492 -98.704 -373.952 0.903
40.332 81.586 -375.360 0.875
12.045 -78.500 -490.845 1.028
34.268 25.193 -320.709 1.118
-31.559 -15.229 -459.644 0.976
-34.820 -98.707 -496.207 0.966
24.743 -42.230 -346.977 1.165
62.063 -65.382 -356.352 1.020
85.380 -54.467 -362.449 1.019
4.513 -26.963 -436.299 0.865
25.389 46.396 -492.158 1.107
34.386 19.713 -370.527 0.912
6.061 77.675 -415.610 0.884
24.598 -74.952 -351.232 1.060
17.454 -1.946 -499.325 0.960
-40.040 -75.279 -334.714 0.854
-49.836 -52.270 -333.741 0.839
-3.895 53.733 -374.165 1.168
21.756 -29.311 -366.428 0.931
9.433 -79.118 -407.109 1.051
65.300 -52.276 -412.619 1.033
8.721 -37.888 -408.137 0.871
62.664 -54.526 -433.499 0.965
-12.418 -5.827 -389.501 0.958
17.201 33.662 -366.113 1.080
61.011 49.806 -367.242 1.109
7.511 75.939 -352.330 1.049
61.914 22.408 -363.367 1.161
59.111 56.948 -355.317 1.019
-41.888 -66.483 -423.647 1.063
2.403 3.515 -431.345 0.990
4.034 -66.205 -402.870 0.951
-58.627 48.559 -497.597 1.047
89.712 53.316 -494.161 1.051
-80.923 21.618 -491.036 1.119
37.949 -26.248 -322.441 1.109
-89.452 -68.835 -342.112 1.017
-15.738 26.483 -421.448 0.840
-82.956 -21.700 -378.345 0.893
99.982 -47.474 -415.698 1.018
-12.902 33.021 -376.556 1.022
-79.874 -74.732 -331.709 1.091
-96.069 -97.217 -341.979 0.929
28.120 -27.848 -418.220 0.847
-6.368 59.713 -376.977 1.077
-89.394 61.836 -460.686 0.946
-59.777 -63.384 -377.084 0.997
-73.401 36.840 -304.911 1.010
-79.266 94.326 -385.853 0.956
18.400 85.971 -335.346 0.952
53.028 -60.901 -322.259 1.090
22.655 36.082 -352.423 0.947
76.812 -10.264 -327.683 1.140
-48.696 92.816 -341.737 1.230
25.901 21.221 -457.400 1.160
-57.737 -80.092 -386.929 1.165
-44.227 13.551 -327.406 1.077
7.241 34.582 -392.383 0.858
-67.364 51.282 -432.533 0.875
-18.009 19.509 -397.174 0.756
13.092 -33.987 -403.747 0.946
63.216 -90.538 -372.274 0.970
39.227 -52.469 -480.659 1.012
24.920 68.179 -488.686 0.957
78.150 -34.693 -401.786 0.991
18.205 -73.190 -443.771 0.889
-45.716 15.811 -353.688 0.925
-85.465 61.138 -308.964 0.978
43.402 -73.488 -461.331 1.057
-71.755 47.754 -479.412 1.248
78.850 -4.484 -371.200 0.894
-94.729 87.019 -306.675 1.052
65.778 19.620 -353.633 1.001
-14.354 -8.966 -438.889 1.016
81.656 8.436 -398.806 1.011
-4.647 99.229 -446.434 0.930
11.389 -66.471 -471.309 0.936
62.473 68.187 -310.794 0.938
-17.416 -11.169 -479.967 1.063
-91.358 24.931 -438.857 0.868
-81.426 -26.478 -301.661 1.024
-90.824 -54.643 -382.436 0.963
77.270 -98.769 -320.936 0.778
-65.129 25.734 -431.906 1.082
-84.974 46.755 -425.136 0.937
3.249 73.656 -436.181 0.877
-62.155 -30.198 -332.820 1.034
-43.581 -54.450 -459.460 0.986
-14.848 13.425 -495.245 0.749
-42.098 -40.592 -361.372 1.179
-13.310 -62.488 -376.930 1.164
-20.668 -24.325 -404.038 0.956
-4.335 95.203 -493.480 0.947
16.301 -48.241 -465.210 0.931
6.073 40.786 -417.463 0.852
84.155 -88.805 -363.422 0.940
-37.742 -24.640 -423.851 0.968
39.590 34.258 -490.196 0.973
-82.114 -71.639 -498.028 1.029
29.899 -12.809 -371.666 1.021
12.017 4.135 -473.750 1.081
8.633 -80.335 -367.409 1.153
-75.609 63.205 -462.448 1.140
-85.933 74.823 -424.572 0.792
-68.192 -0.927 -337.426 1.062
-28.514 81.731 -498.221 0.929
-0.883 -8.553 -341.246 1.023
-14.842 55.068 -367.101 0.909
-46.858 24.078 -305.833 1.064
-65.561 -78.316 -312.472 1.029
-40.197 75.927 -499.211 0.813
44.854 37.029 -321.522 1.151
39.827 -28.816 -459.546 0.951
91.558 -9.474 -478.552 0.997
-66.191 40.160 -320.821 1.087
71.972 52.447 -321.932 1.076
30.029 82.848 -485.367 1.139
76.204 -2.013 -334.915 1.149
-78.195 -58.839 -337.035 1.111
-2.240 16.608 -377.969 1.210
-69.548 -53.481 -393.231 0.873
63.794 -2.559 -332.676 1.142
51.590 -12.077 -422.804 0.941
-29.385 37.200 -419.797 1.089
-47.617 -78.599 -310.080 0.988
-58.863 8.635 -401.546 0.836
71.223 -30.328 -374.088 0.868
-68.998 81.294 -402.275 0.938
76.327 23.857 -475.410 0.988
93.762 -0.567 -380.616 1.131
66.641 61.787 -318.903 1.132
6.040 -33.547 -365.460 0.761
-77.024 -30.143 -430.006 1.024
3.216 95.137 -365.094 0.976
28.111 -5.518 -398.348 0.860
-71.639 -93.342 -300.236 1.121
33.946 -54.309 -357.318 1.024
-72.743 -29.849 -439.886 0.947
2.529 -39.970 -315.142 1.162
12.160 89.695 -352.481 0.893
78.299 74.574 -321.508 0.939
40.593 36.667 -312.859 1.039
40.780 -80.382 -390.895 0.930
-43.553 -42.994 -415.569 0.984
-37.877 92.801 -399.070 0.951
35.436 -59.971 -496.168 0.936
41.985 40.240 -339.667 0.972
-53.743 -34.044 -346.406 0.859
53.975 -41.470 -478.914 1.091
64.100 58.716 -435.711 0.972
-64.049 78.053 -380.736 1.110
-21.030 -1.733 -361.069 1.011
-69.686 99.514 -382.741 1.183
-44.219 -62.101 -459.826 0.913
0.947 65.270 -304.271 0.801
41.876 -7.869 -379.376 1.015
80.298 80.711 -452.554 0.903
-33.107 77.044 -336.821 0.958
73.800 -96.821 -407.645 0.926
-82.999 64.493 -492.275 0.922
83.545 84.481 -391.829 0.887
23.098 -59.102 -436.715 1.036
-63.074 -89.172 -306.860 1.114
65.981 -56.580 -340.569 1.022
-92.619 32.727 -403.281 1.100
-48.064 97.239 -392.182 0.983
2.768 -50.486 -369.313 0.901
-82.944 -17.462 -416.192 1.011
-33.100 31.673 -415.622 1.095
-88.605 -9.767 -495.968 1.045
59.319 -50.809 -490.368 1.003
-42.357 -30.946 -342.250 0.999
68.309 -29.143 -487.638 1.056
-22.782 -48.006 -482.913 0.809
-24.971 -52.902 -311.206 1.064
84.629 -30.181 -447.441 1.110
1.082 -15.245 -479.731 0.945
19.870 83.453 -403.320 1.126
-97.776 -28.220 -428.050 0.991
-33.381 -23.524 -422.692 0.843
-11.654 -49.857 -365.431 0.903
-3.267 -33.895 -481.482 0.881
-80.452 9.252 -444.737 0.863
58.501 -10.522 -400.703 0.961
6.830 79.557 -361.191 1.094
1.929 -34.610 -433.590 1.138
75.133 -67.222 -349.057 1.022
-57.919 -47.464 -490.545 1.208
18.474 55.939 -310.991 1.068
77.681 -61.464 -378.667 0.933
27.624 -77.888 -469.167 1.033
45.427 -50.192 -405.292 0.873
-48.686 11.204 -324.527 0.873
41.794 86.962 -360.702 1.082
-10.784 84.455 -404.745 0.975
-42.782 -45.764 -464.791 0.969
-98.442 -78.253 -464.678 1.028
-63.696 -88.599 -352.872 1.148
-75.471 -4.559 -473.167 1.159
13.127 82.450 -316.609 1.003
28.543 18.490 -499.475 1.086
-62.175 4.041 -336.682 1.160
50.269 -57.048 -464.087 0.989
24.438 -64.683 -422.681 1.195
-91.118 -61.052 -338.698 0.967
57.217 -42.816 -402.784 0.970
-78.949 35.806 -474.193 1.156
-18.431 -47.841 -460.166 0.978
-86.190 -25.239 -422.086 0.909
12.140 44.788 -376.163 0.855
97.027 87.250 -449.110 1.188
-90.420 26.803 -464.499 0.944
75.852 46.190 -421.024 0.949
-47.211 99.469 -352.684 1.011
-34.059 -60.945 -464.639 0.813
-86.645 -11.256 -344.254 0.948
-53.888 -99.808 -324.805 1.007
18.625 28.284 -430.331 1.050
74.859 93.173 -439.452 1.098
79.295 -4.739 -354.247 0.999
7.544 -79.090 -416.530 1.103
67.933 41.696 -415.741 1.242
-15.071 -78.177 -421.539 0.907
-27.402 -26.109 -338.008 0.889
54.066 68.021 -491.948 1.040
12.825 26.246 -409.189 1.084
96.362 63.408 -364.411 1.015
17.872 -91.124 -375.598 0.977
-8.543 -47.199 -349.253 0.959
84.968 57.916 -434.010 0.843
60.824 80.156 -492.353 1.048
54.932 54.992 -468.013 1.022
92.574 16.596 -333.799 0.882
49.720 87.109 -351.425 0.984
45.268 11.810 -469.797 1.011
-13.905 -11.706 -399.184 1.089
-25.819 -23.874 -370.349 1.045
-45.000 70.057 -353.337 1.076
53.456 98.332 -477.753 0.811
62.385 97.299 -472.044 0.990
-66.054 39.015 -408.666 0.972
12.450 -67.624 -376.611 0.878
12.074 -5.620 -443.902 0.876
45.350 -44.927 -312.165 1.013
-68.492 11.008 -372.223 1.100
2.385 -60.313 -390.282 0.836
-50.217 -91.240 -317.708 1.013
-37.728 58.570 -323.239 0.879
43.447 -53.409 -404.442 0.965
-30.510 44.197 -382.419 0.787
-60.579 -77.423 -479.575 1.084
61.455 -90.310 -342.945 1.098
36.137 86.361 -447.852 1.004
61.164 -51.070 -313.852 0.925
-66.816 18.818 -465.976 1.146
27.724 24.611 -326.198 1.159
63.480 59.353 -387.855 0.903
93.011 -83.025 -368.375 0.890
-5.908 41.905 -458.290 1.104
-83.478 -9.307 -440.077 1.031
-60.660 -75.935 -432.203 0.903
-31.103 -19.260 -341.569 0.855
-69.438 -26.838 -481.907 0.879
14.085 -76.958 -344.116 0.894
-67.664 48.106 -394.912 0.950
-64.771 7.507 -448.172 0.950
-30.579 34.979 -468.339 0.996
50.385 -24.034 -426.178 1.128
90.932 -62.952 -352.758 0.941
-31.552 -25.289 -424.265 1.053
0.966 -53.628 -394.168 0.806
64.828 -90.506 -444.097 1.187
-67.245 -84.167 -340.603 0.929
71.529 31.734 -421.210 1.036
82.660 82.175 -479.283 1.011
-82.523 68.892 -363.526 0.923
57.256 -66.709 -343.571 1.097
68.521 57.348 -372.039 1.000
49.607 -25.093 -346.377 1.154
-21.328 -12.334 -460.342 1.171
-14.212 -31.188 -439.765 0.910
-4.892 -91.511 -425.906 1.031
34.270 -81.161 -472.502 0.887
28.459 26.427 -424.571 1.015
53.375 -41.368 -302.355 0.845
94.618 49.377 -409.233 0.997
-16.195 -53.486 -439.620 0.853
-81.196 75.388 -405.532 1.026
87.650 -52.214 -448.280 1.053
-46.765 -27.813 -372.545 1.011
71.942 -34.421 -479.297 1.022
-34.949 -20.957 -352.233 0.899
17.710 -69.047 -367.388 1.076
-72.730 63.810 -385.637 1.061
-4.300 20.636 -464.248 0.956
-72.249 -59.883 -387.839 0.952
-21.658 -32.778 -398.814 1.064
-34.565 -28.649 -315.770 0.766
31.640 -89.755 -337.584 1.144
60.216 11.788 -390.642 1.081
-1.018 32.441 -421.267 1.087
7.481 -90.925 -313.433 0.967
32.740 83.444 -328.391 1.068
56.862 -84.655 -325.803 0.959
-8.765 -96.368 -327.621 0.913
57.578 23.690 -364.582 1.022
-35.512 27.506 -309.094 0.927
-7.180 -42.002 -349.087 0.895
11.049 14.409 -310.085 1.025
61.733 -99.747 -480.936 0.979
30.449 -97.204 -412.468 1.170
-21.820 32.681 -346.603 1.140
59.954 74.861 -401.276 1.056
24.939 16.206 -463.687 1.015
-88.718 14.975 -321.197 0.982
-33.189 66.866 -447.770 1.092
-67.730 94.231 -481.120 0.930
41.483 -96.639 -456.257 1.023
-93.937 96.362 -374.162 1.023
58.600 0.494 -364.230 0.913
-56.474 -88.969 -415.425 0.865
-30.221 -41.098 -407.999 0.785
-48.557 -84.265 -459.974 0.920
-12.928 -99.616 -359.386 0.984
-13.811 46.865 -460.447 0.940
52.196 68.145 -348.287 0.864
85.056 -36.999 -388.273 0.986
-78.756 47.942 -408.918 1.133
-86.877 6.899 -324.404 1.065
-21.071 -72.916 -310.855 0.883
-87.529 -98.742 -456.091 0.976
-96.353 -72.662 -428.077 0.932
-14.909 -6.911 -313.592 1.127
-46.918 18.561 -411.774 0.914
38.002 20.267 -440.198 0.946
63.282 -15.283 -380.396 0.951
-18.104 18.881 -353.877 1.107
-30.917 -38.191 -464.845 0.982
86.186 49.051 -397.286 1.183
-98.138 3.009 -353.537 1.068
-32.690 -31.506 -491.792 0.857
76.940 81.562 -362.940 0.828
27.539 -86.254 -350.605 1.082
-94.111 -91.569 -459.334 0.991
-3.458 61.027 -379.316 0.840
-58.238 55.290 -364.405 0.956
-83.580 68.172 -343.585 0.967
-49.147 -61.632 -446.234 0.971
87.596 53.020 -416.445 1.069
-45.654 76.726 -394.687 0.861
36.647 1.507 -402.502 0.930
72.694 -99.652 -357.410 0.885
60.006 99.718 -325.985 1.097
-52.553 33.630 -366.760 0.959
46.704 4.560 -472.024 1.115
-2.098 -19.498 -482.383 1.035
-25.925 79.082 -357.487 0.860
-84.373 -47.837 -328.066 0.926
-29.058 -79.013 -324.553 1.003
62.947 96.737 -498.176 1.142
45.036 50.311 -376.056 0.857
58.924 71.425 -382.902 0.917
5.482 -67.634 -400.506 1.013
72.821 9.894 -473.318 0.979
49.168 -63.842 -431.518 1.021
91.822 -73.222 -437.292 1.078
-39.877 -66.849 -482.171 1.027
47.897 -50.335 -397.393 0.939
91.815 84.486 -326.478 0.984
89.004 -56.423 -323.602 1.097
-46.253 -14.795 -485.459 1.003
54.527 80.724 -357.987 0.934
75.092 3.311 -398.798 0.917
-80.139 42.903 -430.822 1.000
-50.605 -20.042 -364.290 0.979
-5.163 -70.774 -414.593 1.135
-64.478 -70.401 -421.100 1.120
-65.175 -6.641 -326.066 0.994
35.380 47.322 -386.858 1.155
-75.722 -53.692 -310.179 1.014
6.490 -71.836 -326.439 1.059
56.572 25.959 -471.055 1.066
-53.239 71.607 -475.923 0.995
-6.775 0.727 -372.556 0.824
-81.455 79.012 -369.369 0.944
96.182 42.629 -316.643 0.917
-3.980 -74.755 -458.984 0.976
-43.815 -0.486 -393.279 0.958
-96.206 64.442 -385.720 0.984
-94.811 36.370 -463.016 0.949
-50.985 -6.619 -391.754 0.914
43.553 -14.598 -324.326 0.807
-54.212 -40.020 -303.594 1.040
75.404 -68.354 -309.051 1.032
-55.842 6.247 -338.706 0.817
-66.162 -44.009 -441.148 0.977
79.144 19.828 -344.042 1.149
-3.931 97.365 -468.694 0.935
52.794 91.554 -449.490 0.834
-9.471 -39.764 -481.883 0.970
-63.372 -38.521 -466.256 0.792
15.690 6.066 -402.923 0.976
2.961 2.354 -361.393 0.778
50.300 -43.810 -409.279 0.957
59.982 64.586 -334.167 1.002
0.019 -13.823 -389.072 1.007
-43.528 -95.649 -445.538 1.057
86.939 84.925 -313.256 0.965
47.526 84.543 -322.007 1.086
-55.959 -60.355 -337.105 1.068
-44.362 -2.325 -337.511 0.921
-26.485 -38.651 -371.573 1.146
-17.098 -23.050 -483.896 1.025
-36.689 87.409 -314.173 1.298
77.847 -66.584 -415.441 1.001
-65.627 99.079 -374.326 0.954
-9.599 -30.314 -346.962 0.988
23.850 68.516 -437.366 0.953
-80.418 25.310 -390.428 1.019
82.053 63.201 -455.728 1.027
14.925 -93.343 -431.569 1.014
79.590 32.696 -466.658 0.922
93.714 -13.072 -474.656 1.031
86.936 -76.154 -369.041 1.123
30.870 -90.666 -430.805 0.944
-92.372 62.486 -324.705 1.060
99.753 -59.249 -417.671 0.946
-94.174 -2.374 -403.884 1.218
-14.902 57.462 -340.600 0.942
1.453 -90.663 -321.181 1.131
56.317 51.355 -340.082 0.946
26.974 -54.705 -432.576 0.913
-16.547 -55.023 -379.513 0.970
-68.678 -7.687 -352.568 0.803
-69.363 52.203 -497.187 0.910
-61.604 71.879 -423.667 0.996
67.939 -29.917 -417.738 1.032
21.299 -75.782 -444.251 0.880
80.558 55.115 -371.490 1.168
5.754 68.846 -494.051 0.857
-63.172 -19.880 -424.732 0.947
-57.918 -69.444 -346.749 0.995
80.767 19.040 -371.325 1.065
-88.463 46.363 -404.319 0.876
67.417 -90.409 -434.349 0.980
66.979 -95.147 -447.074 0.886
-3.738 -24.984 -312.604 1.032
64.658 -36.171 -408.333 1.111
-86.161 -26.064 -438.184 1.036
75.093 83.120 -489.045 1.084
-51.478 88.682 -388.003 1.073
-47.005 -29.219 -327.136 1.022
60.714 6.735 -364.547 0.906
-41.713 -74.732 -383.231 1.081
32.562 30.383 -341.666 1.189
82.241 39.711 -399.324 0.879
97.772 53.302 -329.335 0.967
49.784 55.249 -379.058 0.809
-87.448 50.501 -367.486 0.876
-11.869 48.945 -363.015 1.016
-39.826 95.794 -374.403 0.938
37.449 -73.113 -366.523 0.949
-86.229 82.033 -346.587 0.889
-94.635 89.675 -455.773 1.009
89.161 -94.042 -306.177 0.944
-26.871 -76.133 -325.019 1.060
-3.928 -70.491 -382.513 1.034
-19.418 -82.158 -318.995 1.050
-29.329 79.350 -484.000 0.981
-96.598 59.456 -395.459 1.138
-61.115 -62.781 -439.773 1.017
-11.246 -38.116 -462.725 0.710
-75.003 73.822 -470.790 1.040
3.376 25.787 -390.581 1.057
96.236 14.012 -451.425 1.084
-40.777 3.003 -480.102 1.078
-97.396 74.695 -427.144 0.992
-16.245 21.837 -471.444 0.890
-29.269 64.774 -359.211 1.085
-50.700 89.753 -350.173 0.986
-40.306 33.756 -431.009 1.025
-95.488 62.758 -426.324 0.913
94.125 24.775 -491.394 0.930
28.354 37.666 -429.238 1.155
-58.616 -25.568 -458.768 1.157
17.492 91.404 -421.446 0.997
32.030 41.780 -478.594 0.904
-74.376 22.043 -322.207 1.211
-63.923 82.747 -364.400 0.950
-96.591 -35.731 -305.252 1.071
-10.975 -51.913 -314.552 0.930
-27.344 98.823 -420.843 1.049
-33.327 57.790 -343.498 0.989
-87.050 26.177 -354.243 0.971
75.897 55.633 -459.878 1.032
-49.615 -0.453 -390.424 1.088
84.973 -32.861 -482.336 1.102
-15.448 -33.949 -351.111 1.101
71.766 -90.352 -479.059 0.975
-26.234 30.342 -456.937 1.115
-53.357 18.755 -426.409 0.966
13.358 92.610 -457.147 0.935
45.977 -8.340 -437.691 0.880
51.324 34.403 -495.808 0.918
26.866 -53.818 -340.932 0.996
22.155 -83.561 -462.494 1.037
19.717 -41.332 -387.772 1.030
23.920 -39.544 -496.868 0.891
63.954 66.475 -442.465 1.024
-43.627 -87.865 -459.304 0.977
-31.559 -42.815 -352.257 1.195
-57.567 -57.201 -383.385 1.047
-81.905 40.808 -300.305 0.775
40.483 -47.172 -344.361 0.969
50.219 24.820 -379.456 1.097
79.796 -36.350 -316.234 0.950
-30.156 86.918 -391.315 1.019
71.627 -85.164 -428.265 1.131
35.947 8.312 -355.136 0.966
48.769 92.719 -385.235 0.971
82.889 80.615 -397.403 1.115
67.298 84.546 -444.903 0.953
28.515 0.418 -345.873 0.997
18.850 12.005 -464.738 1.049
-2.520 -40.717 -496.809 0.923
62.247 52.943 -486.002 0.960
-8.382 93.011 -321.772 0.955
33.067 -22.744 -444.162 0.976
-46.682 54.858 -336.772 1.189
14.724 -15.365 -432.930 0.830
9.629 -3.792 -383.582 1.095
-93.890 91.802 -409.364 0.892
62.481 -91.137 -401.526 1.029
30.615 -91.516 -454.797 0.757
97.368 81.227 -467.815 0.847
-7.866 -49.713 -450.394 1.009
-84.592 34.452 -364.780 1.051
30.701 78.449 -364.656 1.066
-17.708 -45.765 -364.305 0.955
-45.892 -26.620 -495.854 1.010
-37.797 51.001 -301.035 1.058
-11.532 43.741 -341.566 1.077
-95.624 -43.296 -397.709 0.953
-81.375 19.886 -444.812 1.068
43.079 -21.360 -329.252 1.010
18.587 39.568 -341.395 0.947
-65.459 59.681 -450.375 0.964
5.065 -98.941 -400.770 1.059
68.829 91.835 -472.436 1.053
-31.474 18.951 -340.637 0.987
-77.227 -91.571 -394.968 1.219
21.366 74.692 -384.749 1.057
-99.678 55.793 -334.489 1.021
92.930 -95.719 -493.495 1.022
-58.773 4.539 -436.577 0.864
34.616 -39.732 -353.689 1.109
48.783 18.728 -302.557 0.960
97.804 84.040 -336.625 0.978
-85.972 13.028 -457.539 0.918
-85.466 -17.071 -417.614 1.034
90.938 -35.274 -410.343 0.834
-96.848 -19.207 -404.498 1.074
-60.860 -13.795 -302.302 0.844
65.198 -64.950 -399.090 0.860
47.470 76.622 -402.071 0.894
25.745 -72.267 -455.351 1.044
99.937 11.701 -426.321 1.034
-11.454 -60.520 -384.960 1.113
72.501 70.228 -473.395 0.978
57.149 77.966 -395.332 0.975
-80.755 -36.592 -374.047 0.878
-69.043 -8.718 -388.489 1.076
-63.854 74.016 -331.611 0.905
37.676 28.420 -379.298 0.943
6.450 37.155 -450.379 0.913
89.355 47.926 -432.069 1.077
64.335 -2.789 -345.957 1.174
23.677 26.545 -406.744 1.073
-25.691 -39.493 -346.638 1.132
-41.989 85.548 -315.238 0.922
17.961 7.358 -480.675 0.939
71.288 -17.261 -328.994 1.098
-3.568 -20.955 -359.111 1.064
-46.373 -85.840 -393.655 1.073
73.888 -17.641 -497.655 1.166
6.741 -6.816 -465.757 0.927
-60.617 48.843 -409.214 0.994
27.659 98.911 -325.620 1.103
-9.492 60.200 -359.934 0.854
15.678 24.979 -328.253 0.954
-50.055 40.553 -466.753 0.960
-65.943 68.209 -314.166 0.984
-55.743 -3.552 -441.773 1.033
41.497 65.960 -451.828 0.926
68.485 -98.402 -403.249 0.947
-99.372 -12.910 -360.241 1.079
46.923 78.684 -454.015 0.979
-55.819 -93.439 -460.113 1.099
