-75.195 -35.551 -396.795 1.038
-25.313 -61.621 -321.940 0.997
90.373 5.272 -472.943 0.924
-25.977 -89.272 -423.971 0.925
-36.034 -27.263 -318.846 0.987
-75.904 86.628 -461.245 0.944
-14.510 53.292 -417.277 1.039
10.413 -17.631 -420.713 1.028
-66.674 62.652 -404.184 1.133
27.670 -79.867 -470.783 0.998
20.555 24.175 -339.851 1.054
-79.490 -93.999 -435.107 1.015
56.805 -49.720 -379.294 1.124
-47.559 -58.415 -342.716 1.018
77.705 -24.097 -334.353 1.078
64.071 45.161 -399.369 0.787
-62.957 -28.816 -433.294 0.992
-43.693 63.323 -483.671 0.907
-75.507 92.208 -330.015 1.062
-67.122 -14.320 -366.933 0.839
55.386 52.390 -405.200 0.841
43.429 -12.964 -366.330 0.965
-94.045 -14.453 -348.663 0.966
78.310 18.175 -361.001 0.842
76.136 25.011 -447.634 1.180
93.996 7.526 -464.675 0.979
9.578 24.629 -428.422 1.030
64.466 -69.799 -395.301 0.885
-56.354 -83.764 -472.035 1.082
-52.717 -80.970 -395.070 0.817
-49.692 42.615 -339.991 1.113
16.015 -23.629 -479.730 1.136
-40.355 -47.589 -377.721 1.002
-42.669 -56.828 -363.257 1.108
-34.948 -41.755 -429.078 1.057
0.206 51.750 -334.952 1.064
56.654 1.362 -465.316 0.962
8.835 -52.851 -475.332 1.122
-19.333 72.838 -426.107 0.887
11.903 -11.996 -401.830 0.956
-44.274 -69.772 -368.419 0.967
-20.563 46.473 -404.327 0.946
-91.517 -51.649 -427.365 0.954
37.033 79.341 -376.191 1.113
-38.580 -23.152 -434.819 0.993
36.761 73.974 -435.443 0.877
-39.044 27.338 -474.999 1.139
92.362 -91.022 -310.299 1.019
-61.272 -40.557 -376.003 1.027
-11.423 2.530 -483.657 0.999
-61.441 -77.614 -323.845 1.031
-27.545 -88.862 -414.823 0.952
-50.146 -70.111 -490.564 1.132
-24.999 77.213 -440.229 0.973
-59.589 -98.711 -334.365 0.954
28.293 -29.410 -397.326 0.842
-38.014 28.569 -369.808 0.945
67.108 94.895 -357.348 1.175
-26.517 52.628 -317.537 1.086
36.900 69.964 -452.812 0.842
0.397 74.411 -364.708 1.007
-49.779 -10.241 -470.525 1.054
19.613 -13.510 -362.015 1.064
46.620 -54.684 -326.162 0.967
51.068 88.623 -446.431 1.039
31.364 -16.547 -408.774 1.258
-61.825 64.482 -441.580 0.919
-60.428 -99.277 -439.011 1.099
30.701 -36.864 -329.611 0.884
89.168 -2.086 -329.479 1.031
22.302 -15.888 -439.943 0.862
49.220 53.685 -397.523 1.224
66.470 -51.113 -466.798 1.073
-95.590 51.299 -403.357 1.156
74.984 76.930 -354.123 1.133
13.590 -8.484 -449.573 1.047
-73.921 -97.294 -435.826 1.009
-54.584 69.908 -452.468 1.020
-51.791 75.021 -321.585 0.855
-17.128 61.645 -495.793 1.023
77.626 -44.525 -465.396 1.069
-84.309 93.746 -488.300 0.886
27.955 61.282 -466.032 0.953
-93.548 -58.012 -357.318 1.087
-51.374 -31.543 -389.521 0.910
-32.534 -5.798 -440.420 0.904
62.888 -20.967 -323.136 1.069
-61.313 -69.623 -437.079 1.189
-83.955 -77.076 -456.626 1.043
71.105 -85.696 -315.457 0.876
74.746 5.896 -328.345 0.897
62.850 50.172 -329.515 0.978
-2.182 -38.585 -378.681 0.938
-15.381 21.870 -332.925 1.110
-24.737 -84.204 -316.879 1.006
-43.192 73.784 -430.711 0.923
-0.789 26.057 -441.171 0.901
97.897 -36.385 -331.955 0.893
-61.465 -69.219 -387.265 1.021
-86.801 -61.608 -497.779 1.074
29.519 -82.314 -346.750 1.073
23.187 -25.159 -469.826 1.020
-99.359 -32.163 -496.309 1.088
38.812 -42.752 -490.493 0.935
46.095 59.206 -306.516 0.982
35.577 -90.329 -418.780 0.988
-11.939 32.417 -386.792 0.836
-80.877 36.516 -412.242 0.853
-38.413 -85.879 -451.429 1.004
-18.766 -30.127 -311.934 0.865
77.166 -63.280 -426.159 0.880
-22.293 73.251 -370.655 0.985
-10.485 -71.979 -475.913 0.988
18.514 50.811 -308.423 1.053
-11.248 30.932 -393.278 1.087
77.845 98.409 -499.454 1.087
-55.581 53.581 -447.265 1.096
63.488 -32.607 -397.896 1.038
-94.551 -19.053 -405.191 1.002
-47.192 96.794 -385.412 0.860
-23.968 24.424 -384.929 1.193
66.960 21.937 -362.018 0.931
-23.369 85.625 -326.248 0.998
81.107 -40.323 -396.380 1.224
40.323 -5.254 -475.345 1.136
5.606 -73.865 -426.331 0.976
-24.926 -7.177 -413.318 1.052
89.356 -15.617 -416.863 1.162
22.796 -94.723 -489.927 1.122
18.106 -26.429 -396.954 0.851
-53.228 10.025 -417.019 0.923
77.609 -56.793 -392.715 0.895
21.253 59.787 -496.994 1.063
-52.154 -38.627 -391.695 1.030
27.593 6.685 -338.252 1.044
-15.655 -25.464 -330.107 1.043
-49.088 52.088 -413.835 1.049
-54.803 -61.008 -346.642 1.097
-32.329 -38.774 -497.236 1.013
-28.353 -44.191 -429.433 1.119
42.666 13.193 -371.573 0.875
-64.466 52.365 -378.978 0.939
-41.705 -84.407 -424.111 1.019
-6.736 -15.035 -386.077 1.048
75.788 7.604 -316.190 1.170
-13.718 -17.512 -488.968 0.956
-72.605 79.079 -446.857 1.021
-73.105 97.366 -475.345 1.052
-92.498 64.952 -465.763 1.091
-61.484 84.330 -448.692 0.911
-62.855 62.887 -476.890 0.948
39.137 6.107 -397.429 1.017
-56.531 -0.606 -340.009 1.017
-8.881 -92.095 -460.563 1.082
-13.800 64.987 -447.242 0.989
74.935 -20.194 -470.284 1.207
-77.967 -70.748 -373.623 0.863
95.884 -94.619 -348.172 0.880
12.675 -76.321 -471.058 1.043
38.706 63.005 -482.825 1.057
-59.867 61.470 -482.816 0.894
-86.522 -15.739 -339.498 1.182
-37.999 -34.771 -497.686 1.063
-87.885 -86.880 -425.812 1.160
-94.797 -99.923 -320.998 1.019
-98.321 -27.554 -377.395 1.073
-96.812 -21.773 -322.235 0.930
32.949 12.355 -472.015 1.138
-58.285 -69.990 -392.274 1.017
21.394 -0.939 -452.734 0.868
-10.512 28.701 -434.019 1.123
27.359 53.110 -478.500 0.942
-96.190 77.878 -360.855 1.043
8.567 -22.249 -395.276 0.812
59.064 -52.727 -439.751 1.060
-93.663 -26.998 -398.448 0.999
-67.383 68.772 -471.811 1.019
75.968 19.665 -481.301 1.039
24.982 49.120 -393.372 1.025
64.252 34.063 -377.932 0.869
-8.831 -92.613 -341.696 0.922
87.331 -52.758 -371.721 1.017
-65.392 -41.811 -421.327 1.093
68.119 -40.239 -499.206 1.141
34.047 -31.728 -427.481 1.030
81.315 -74.283 -405.444 0.853
94.524 -18.569 -316.999 1.050
81.465 78.209 -497.392 1.099
47.163 -12.969 -316.208 1.115
-30.356 61.000 -408.883 0.922
-96.581 -84.685 -470.575 1.017
25.368 2.072 -359.262 0.936
-16.482 26.396 -378.058 1.095
41.933 -25.764 -435.034 0.855
44.963 55.627 -392.314 0.905
32.382 -49.040 -464.487 1.135
-88.695 63.917 -492.980 0.905
53.473 -42.805 -314.009 1.015
28.613 -43.014 -426.134 0.974
11.554 82.367 -465.428 0.859
87.197 17.605 -407.367 0.969
-23.820 77.557 -344.850 0.909
53.173 85.151 -468.324 0.977
95.632 -20.872 -494.202 0.847
27.340 -91.149 -326.799 1.135
-55.811 -60.172 -354.960 1.065
-82.066 36.593 -439.333 0.929
6.195 22.824 -406.408 1.169
-78.964 -46.334 -353.970 0.992
-25.996 -40.240 -454.066 0.979
97.081 54.502 -370.134 0.965
34.421 -69.860 -374.827 1.050
-85.423 -22.742 -493.667 0.938
83.772 -97.397 -346.196 1.031
-62.460 -62.007 -468.159 0.927
-45.617 25.938 -349.712 0.797
91.729 -44.581 -385.143 1.087
40.287 -67.822 -331.818 1.130
14.449 36.054 -335.594 1.037
9.928 -55.409 -390.202 1.012
31.300 1.125 -408.221 0.893
-32.404 -38.606 -447.879 0.780
-91.987 5.323 -477.876 1.067
-11.872 -67.243 -374.704 0.982
15.403 -14.772 -476.322 0.963
21.242 -12.834 -333.618 0.889
-99.491 -71.701 -307.901 1.132
0.806 -67.236 -416.333 0.962
41.185 -99.893 -386.170 1.038
-50.285 58.810 -461.314 1.132
-77.773 11.908 -451.114 0.896
39.513 26.299 -339.626 1.051
-26.866 27.458 -336.897 0.983
34.347 -57.322 -464.926 0.930
19.269 -9.440 -468.684 1.003
-97.200 69.495 -422.382 1.058
-44.852 -70.781 -441.253 1.026
-95.830 9.972 -401.098 0.864
78.591 -33.045 -388.866 0.982
-71.459 30.268 -368.130 1.177
32.336 33.755 -439.594 0.869
37.745 62.259 -374.426 1.165
82.638 -90.375 -473.524 1.003
-55.340 -68.262 -437.246 1.137
-61.306 -46.053 -471.981 1.180
27.837 -53.043 -435.314 0.987
46.963 -3.249 -337.990 1.023
94.094 63.669 -306.767 0.976
11.553 89.773 -488.024 1.033
58.530 73.704 -333.691 1.029
80.663 -94.779 -382.036 1.024
-88.560 -89.059 -487.862 1.102
-17.055 54.298 -350.240 1.141
-93.967 58.099 -494.763 1.128
67.925 66.101 -459.878 0.985
-56.591 -71.788 -426.282 0.967
-34.387 94.602 -497.009 1.097
55.242 20.399 -378.620 1.128
21.354 -58.631 -377.950 0.844
32.501 6.009 -366.568 0.859
-79.704 83.144 -382.068 0.993
-70.147 -91.358 -398.505 0.993
42.997 61.048 -319.675 0.993
92.943 -12.120 -443.590 0.893
-68.997 -76.648 -359.388 1.210
-33.669 71.581 -367.725 1.062
18.405 -64.362 -481.990 1.079
-60.129 -20.327 -419.087 0.945
33.603 16.240 -355.026 0.951
38.753 9.973 -318.613 0.807
72.198 89.109 -377.600 0.999
99.114 -43.361 -405.065 1.186
-71.091 -33.800 -468.447 0.953
-97.105 36.032 -315.767 1.197
47.864 -55.243 -384.874 0.971
79.929 -50.755 -327.898 0.991
88.353 -85.647 -308.243 0.948
60.082 92.240 -303.747 1.165
-1.224 -44.466 -455.844 1.134
48.156 -38.423 -386.624 0.936
-9.166 62.190 -460.984 1.011
-0.548 23.522 -368.276 0.940
73.102 76.103 -355.147 1.029
80.416 -40.994 -356.583 1.223
85.362 -10.009 -301.971 0.933
-96.230 -54.626 -469.945 1.002
-58.213 -15.407 -421.151 0.909
-40.659 19.752 -314.038 0.957
-16.084 -51.456 -311.336 1.131
-47.533 71.367 -444.429 1.075
-58.198 32.760 -359.327 1.058
86.830 11.772 -435.506 0.948
76.261 -63.072 -467.508 0.850
93.357 -38.064 -471.080 1.069
-22.880 -22.662 -488.398 0.926
98.010 46.480 -365.701 0.983
-75.157 -47.404 -497.052 0.894
21.631 84.770 -369.108 0.983
-93.132 -66.515 -410.431 0.903
66.042 -80.006 -327.659 0.803
-49.908 34.428 -398.434 1.028
-17.466 -30.448 -475.629 1.042
-81.217 22.440 -368.128 1.023
-31.791 -17.898 -307.862 1.109
44.932 -4.794 -420.998 0.962
-79.034 13.029 -429.921 0.981
-10.333 -15.122 -315.790 1.051
-30.941 91.942 -488.211 1.020
20.985 38.406 -484.771 1.076
-97.389 54.705 -309.923 0.959
-66.678 -29.587 -369.629 1.001
-58.682 45.847 -491.511 0.884
96.805 -9.260 -394.298 1.049
-88.887 -84.051 -391.341 0.909
91.558 -17.441 -356.837 0.946
61.434 48.343 -322.850 0.926
23.762 27.428 -432.621 1.191
-94.366 84.009 -346.929 0.910
-98.824 61.441 -340.221 1.143
-32.377 12.182 -355.659 1.179
-82.226 1.037 -440.042 1.084
95.358 -89.217 -482.053 0.990
8.008 84.314 -455.313 0.942
99.795 96.748 -302.398 1.090
-21.416 5.416 -430.870 1.062
-56.249 6.717 -413.131 1.059
28.296 0.511 -492.657 0.991
-22.629 36.003 -345.368 0.942
-54.909 70.609 -401.069 1.046
70.004 -65.041 -393.735 0.931
69.780 18.037 -386.678 1.002
4.662 89.015 -406.479 0.987
-48.020 30.053 -431.257 0.997
64.597 75.327 -357.966 0.853
15.010 -56.751 -301.370 1.066
67.807 -82.398 -368.965 1.013
-41.370 61.457 -411.368 1.105
-5.376 49.949 -442.456 0.917
-23.557 -3.038 -443.249 1.168
-90.678 -12.299 -437.532 0.956
0.232 16.799 -367.191 1.301
91.183 -83.175 -409.275 1.018
-40.101 -88.501 -411.450 0.931
-85.657 56.422 -382.821 1.176
56.090 53.540 -312.833 1.017
-71.332 25.956 -306.294 1.025
55.750 -78.375 -354.282 0.999
40.035 45.487 -328.523 0.873
-21.801 87.798 -465.195 0.903
76.907 -66.644 -394.471 1.042
-19.444 58.483 -391.457 1.033
33.124 -61.815 -307.854 1.012
50.910 -32.855 -301.223 0.845
-49.571 99.606 -417.492 1.012
39.478 -4.037 -358.253 1.035
-15.026 -34.817 -360.256 0.966
29.334 -56.260 -330.249 1.209
-0.608 12.295 -375.415 0.835
-19.195 -9.983 -353.664 1.088
-39.726 -75.095 -367.800 1.040
9.902 50.565 -385.416 1.035
44.910 -0.850 -366.082 0.980
41.974 -87.795 -365.007 0.970
-34.611 -0.119 -320.306 0.875
-49.233 -6.728 -347.125 1.010
26.196 33.950 -303.866 1.055
-96.773 37.844 -349.663 1.008
-12.509 -42.769 -407.346 1.027
82.605 74.931 -420.511 0.886
22.729 -38.646 -482.814 0.938
-57.516 -60.956 -334.589 1.329
1.256 50.220 -387.396 1.038
-23.583 -21.606 -497.513 1.086
-90.200 65.804 -345.192 0.826
-54.008 -58.505 -491.178 1.044
17.875 -99.549 -315.696 1.155
-59.867 9.981 -449.181 1.018
67.434 -31.538 -401.629 1.163
-6.440 45.076 -490.683 0.962
72.662 -17.120 -377.801 1.134
-26.509 -73.452 -326.206 1.090
27.130 85.007 -446.524 1.038
94.127 29.638 -495.576 1.047
13.605 -25.561 -301.343 1.091
-55.750 -35.802 -371.011 1.229
57.460 -68.590 -460.252 1.048
71.722 -27.459 -393.018 1.105
-28.561 -31.232 -301.048 1.056
89.341 -75.413 -383.007 1.100
-71.226 59.665 -423.478 1.035
98.869 27.031 -435.707 0.903
5.775 3.546 -320.951 1.208
-89.412 -59.393 -446.559 1.018
-22.811 82.124 -392.165 1.052
-72.190 -49.061 -478.953 0.986
-49.905 -48.398 -439.538 0.838
-23.289 -20.116 -388.365 0.924
-45.262 -35.586 -424.708 1.102
50.010 94.644 -475.389 1.225
98.335 6.386 -330.169 1.072
98.566 -46.519 -408.316 1.091
88.782 63.547 -404.373 1.037
38.024 86.326 -490.701 0.898
-3.175 -16.142 -443.285 0.931
-89.183 48.637 -417.894 0.875
52.766 50.118 -422.232 0.894
94.252 -64.653 -492.003 0.878
-92.788 71.411 -454.070 0.927
71.315 40.263 -447.595 1.120
25.297 -0.769 -367.924 0.858
-23.791 24.332 -492.614 1.078
93.021 -59.279 -338.056 0.827
0.045 -68.825 -355.260 1.246
-48.894 54.299 -456.444 1.053
-72.996 -42.072 -379.942 1.093
76.415 -39.570 -372.415 0.936
-17.339 29.889 -328.216 0.783
-22.641 63.417 -436.015 1.074
-66.355 57.365 -389.974 1.043
61.438 51.145 -457.611 1.104
-62.637 84.319 -303.622 0.957
7.881 48.300 -427.456 0.817
-39.780 -88.976 -386.834 0.961
2.320 43.901 -475.961 1.055
2.775 -81.213 -452.194 1.132
-21.982 48.629 -425.414 0.989
-35.310 -11.939 -347.564 1.048
-73.127 -45.545 -437.076 1.175
-29.451 -84.200 -468.245 0.926
46.309 -59.729 -380.717 0.959
-77.479 37.435 -354.412 1.138
73.857 -59.478 -313.936 0.981
-45.652 0.927 -430.090 0.966
-2.218 45.665 -373.640 0.963
50.461 -42.644 -452.727 0.986
-69.144 92.277 -349.489 1.108
-78.588 -73.040 -473.571 0.958
-53.966 -90.946 -302.763 1.166
62.271 -33.458 -316.274 1.164
73.023 -73.366 -324.715 1.044
-22.892 -74.082 -451.924 0.970
-0.450 -74.915 -347.833 1.166
87.261 72.433 -390.605 0.994
-57.777 -50.165 -414.284 1.048
-70.748 -94.847 -478.901 1.062
24.644 -55.347 -380.547 0.994
-47.623 -2.091 -349.942 1.021
28.798 -91.362 -444.078 0.928
-57.621 -35.239 -466.460 0.943
33.207 -38.076 -494.639 1.025
-11.512 -57.512 -468.715 0.990
-20.048 -15.261 -322.828 1.020
-91.993 28.560 -487.592 1.099
-27.520 64.619 -445.003 0.904
39.960 -54.927 -328.589 0.974
67.727 43.509 -449.528 0.971
39.784 89.278 -389.474 0.936
-40.580 56.041 -366.945 1.042
-68.080 -94.020 -470.394 1.030
-28.098 -56.682 -390.286 0.825
-11.487 -74.648 -471.453 1.092
58.954 -22.180 -324.630 0.915
-58.876 -41.296 -426.841 0.815
-8.295 -2.984 -400.601 1.028
-10.166 -97.938 -314.524 1.156
86.607 -3.916 -358.925 1.014
-25.011 -60.923 -462.463 1.005
94.543 37.680 -483.453 1.046
46.636 50.347 -383.112 0.956
73.328 46.482 -424.586 0.956
22.383 -96.836 -302.531 1.164
-29.561 89.832 -379.369 1.030
-87.623 93.966 -477.132 0.870
36.165 48.663 -481.780 0.981
52.987 94.133 -373.085 1.033
-9.279 54.426 -496.871 1.005
-46.614 44.103 -315.184 1.006
93.805 36.874 -323.976 1.001
66.153 -18.581 -422.705 0.968
-22.549 -4.359 -491.303 0.772
-57.147 86.796 -489.663 0.956
-29.123 85.604 -467.663 1.054
-9.404 81.266 -339.095 1.107
-95.165 -20.544 -371.280 1.102
-75.660 -67.697 -352.245 0.860
92.606 -95.593 -344.529 0.943
-1.959 -87.912 -365.749 1.122
-28.753 96.598 -381.099 0.924
-76.949 32.103 -348.008 1.133
-56.413 -58.201 -338.377 1.112
74.238 22.936 -342.660 1.156
39.325 -50.880 -352.766 1.028
71.877 22.510 -331.979 1.145
-28.571 -60.120 -421.145 1.025
12.789 48.456 -373.935 0.822
-25.029 88.798 -454.201 0.987
-44.159 -11.201 -466.654 1.157
7.440 42.702 -400.468 0.924
-45.802 12.257 -479.244 1.211
42.895 -81.941 -359.911 1.015
75.630 -76.855 -495.254 0.907
89.666 38.155 -389.054 1.085
2.303 -68.458 -401.191 1.029
-95.529 -0.092 -497.241 0.947
24.657 -28.607 -421.581 1.164
-31.465 -28.296 -346.309 1.010
13.177 -63.485 -344.406 1.192
91.005 18.589 -359.052 1.085
-46.032 17.702 -465.880 0.980
38.003 -91.453 -455.813 1.131
-39.193 -91.959 -303.962 0.996
-18.325 0.004 -364.224 0.909
41.038 86.417 -453.746 1.058
-23.413 36.392 -312.759 1.009
57.825 -92.218 -497.021 1.151
52.530 87.304 -470.277 0.976
-78.579 38.394 -354.829 1.141
94.164 -71.408 -430.813 0.901
-1.230 86.722 -372.176 1.053
38.902 29.171 -301.380 0.834
48.227 -93.970 -365.485 0.947
-35.336 29.158 -352.066 0.996
89.296 -52.793 -447.552 1.061
-36.717 -4.370 -357.957 1.101
-22.170 46.391 -321.792 0.894
0.186 -91.124 -496.992 1.153
-44.063 -29.143 -350.013 0.898
87.615 41.142 -378.081 1.062
-57.142 -69.087 -408.844 1.049
99.338 -63.106 -461.604 0.919
32.370 -12.568 -361.541 0.971
97.192 -42.408 -379.733 1.008
-83.211 -18.871 -389.441 1.114
-84.987 49.498 -425.494 1.031
-36.264 13.457 -451.387 0.943
-66.095 -34.256 -313.384 1.071
-70.601 32.061 -334.847 1.018
52.601 -21.545 -484.355 1.093
31.405 -19.860 -349.855 0.997
67.452 -68.839 -462.726 1.019
-20.785 -88.858 -483.040 0.984
18.619 -90.476 -365.497 1.048
-16.074 10.082 -356.266 0.932
-41.939 -62.368 -384.889 0.862
-45.232 -49.849 -393.109 0.902
69.234 62.198 -424.074 1.169
41.542 -19.183 -409.353 1.020
9.798 29.350 -392.538 1.048
13.999 -10.405 -399.167 0.872
94.658 -42.987 -310.410 1.066
84.844 20.620 -423.916 1.067
55.514 -45.254 -313.806 1.058
-4.955 33.192 -319.962 1.259
-43.539 72.491 -420.707 0.770
69.642 26.293 -430.082 1.032
-76.315 51.315 -323.362 1.063
-2.218 31.303 -312.911 0.977
-74.618 -98.095 -302.224 1.024
-7.385 85.460 -499.140 1.018
32.994 39.452 -370.114 0.898
-97.356 -41.129 -359.737 1.154
80.548 -52.107 -455.853 1.062
-23.742 55.978 -393.377 1.078
67.811 81.626 -494.793 0.953
-81.867 37.022 -387.679 0.965
-80.687 -87.507 -414.928 0.927
16.071 -34.595 -307.130 1.001
81.626 16.796 -337.034 0.945
-91.129 6.333 -405.701 0.995
22.017 -62.785 -495.730 1.145
-86.849 -35.192 -421.172 1.020
82.090 62.322 -423.671 1.004
82.620 50.456 -329.796 1.156
-42.281 -24.321 -422.578 0.971
-71.067 -6.044 -416.498 0.984
59.407 -52.586 -307.789 0.894
50.749 63.646 -423.794 1.141
-26.911 70.211 -421.001 1.039
58.319 -30.473 -460.452 0.963
-85.358 -2.314 -464.928 1.105
-10.092 -66.232 -431.809 1.223
60.934 38.002 -317.198 1.154
37.290 50.007 -379.395 0.918
71.955 -91.984 -319.225 1.005
-12.095 19.467 -350.067 1.025
34.198 -59.460 -333.062 1.274
-67.328 -38.955 -379.207 1.019
12.734 34.043 -440.221 0.871
68.906 91.693 -413.256 1.178
-66.897 -86.662 -397.967 1.057
10.831 -1.153 -465.739 0.975
-32.195 82.580 -337.133 0.963
-3.568 46.096 -311.423 1.199
-19.139 76.031 -406.234 1.053
71.771 -60.009 -339.245 0.992
16.365 -0.592 -463.389 0.830
9.989 65.715 -437.394 0.970
56.995 -22.031 -461.066 1.127
87.038 -38.617 -475.591 1.129
-36.089 70.515 -353.680 0.860
82.529 -84.087 -454.298 1.005
-89.716 -60.102 -440.997 1.046
-65.438 -40.945 -454.654 0.968
37.483 -22.852 -475.694 1.045
30.189 26.887 -306.704 1.171
-54.086 -68.460 -301.493 0.894
-27.261 19.177 -357.100 1.051
-98.344 -15.059 -334.458 0.788
-30.185 -65.682 -449.499 1.103
-21.326 -17.316 -416.052 1.055
-54.583 74.032 -305.291 1.125
91.081 -11.545 -499.954 1.002
75.505 70.268 -451.631 1.074
-58.951 67.443 -413.078 0.890
94.352 -41.240 -322.021 0.972
-69.789 98.154 -488.848 0.900
-32.751 11.518 -396.367 1.127
35.028 11.398 -428.456 0.972
-33.035 80.321 -384.114 0.929
-8.203 -29.305 -416.180 1.062
67.204 -74.597 -436.165 0.825
59.358 -13.977 -483.787 1.030
66.278 -79.251 -456.307 1.058
-7.131 71.828 -379.765 1.067
-21.034 38.876 -359.531 0.859
-15.521 -25.737 -410.325 0.863
-1.504 34.414 -329.984 1.058
65.994 90.024 -371.266 0.935
-67.998 -74.609 -337.397 1.123
-18.981 -98.819 -460.838 0.988
-61.547 -2.318 -330.142 0.959
-7.271 34.191 -475.757 1.119
99.531 51.870 -490.697 0.941
51.529 29.138 -405.096 1.093
60.022 -51.235 -477.123 0.965
98.467 2.856 -434.587 0.928
-45.470 -77.945 -399.632 0.983
-54.572 -40.559 -408.864 1.038
6.047 -11.100 -458.911 0.989
-99.322 79.889 -443.430 0.851
51.496 41.904 -403.828 0.845
-71.422 -64.952 -431.364 1.087
2.883 -74.235 -472.369 0.837
52.337 85.925 -465.651 0.980
57.235 -44.750 -356.491 1.094
13.709 -48.130 -431.806 0.911
-49.408 83.009 -425.441 1.035
-76.542 -73.726 -445.695 1.036
32.728 -16.419 -307.558 1.085
60.815 -50.985 -396.011 1.003
-68.718 -46.916 -338.275 1.047
-17.663 7.639 -416.672 1.191
94.310 92.426 -405.213 0.939
54.311 37.094 -475.342 0.843
-98.720 30.511 -395.764 0.892
23.051 -90.900 -368.215 0.938
-75.059 80.332 -313.192 1.005
81.501 -90.527 -321.564 1.092
5.743 -75.156 -453.019 0.956
-95.059 -55.009 -372.993 1.046
-39.627 76.719 -493.651 0.807
94.013 26.627 -369.658 0.961
35.947 50.125 -398.849 0.969
4.559 89.796 -302.291 0.828
82.476 -99.815 -360.975 1.008
-51.077 5.246 -451.938 0.977
59.672 -66.444 -377.022 0.998
-32.350 -74.053 -369.544 1.174
-69.496 -5.928 -406.073 1.019
-11.996 -36.263 -306.168 0.988
-5.424 -50.288 -421.794 0.925
94.029 57.161 -343.855 1.130
-6.420 -65.423 -327.988 1.161
87.789 81.432 -347.656 1.098
-47.177 3.769 -386.393 1.057
27.666 73.280 -358.730 1.049
-49.891 69.483 -390.399 0.702
-45.131 -77.075 -399.754 1.111
-97.024 18.560 -437.099 1.088
-34.452 -63.363 -441.545 1.099
-67.145 -77.058 -416.387 1.171
-79.688 -7.479 -350.983 1.109
-42.790 92.542 -367.421 1.180
-39.948 25.707 -367.675 1.027
62.855 -12.827 -385.800 1.091
90.742 -54.542 -364.225 1.114
60.434 13.486 -340.606 1.009
-99.012 -91.824 -373.393 0.939
-49.707 93.577 -423.823 1.009
-26.036 94.186 -405.032 1.009
11.428 -49.620 -393.570 0.978
-72.323 41.919 -433.698 0.994
75.765 -48.539 -318.740 1.068
88.683 79.842 -458.396 0.914
-50.403 57.851 -337.635 1.018
-46.874 -56.495 -430.768 0.901
-80.602 4.045 -356.040 0.952
93.412 81.874 -352.560 1.137
15.519 12.471 -404.098 1.000
28.577 -49.336 -435.964 1.004
36.782 -26.345 -432.574 1.064
65.865 96.694 -309.041 1.075
70.016 24.565 -378.726 0.808
-90.181 16.134 -396.724 1.183
-93.683 52.225 -365.071 1.051
-38.468 18.819 -461.830 1.030
-70.961 -93.408 -325.902 1.000
15.950 96.948 -423.104 1.153
-90.341 -14.744 -339.421 1.031
-36.565 15.069 -338.078 0.844
2.255 -97.138 -373.916 1.041
-65.021 -20.468 -302.672 1.101
-8.082 -39.989 -457.535 1.068
-84.627 -25.222 -325.726 1.044
-35.056 -99.229 -466.900 0.988
-64.474 94.895 -420.869 1.006
83.223 4.984 -368.717 1.043
66.032 48.331 -456.898 0.943
88.949 12.742 -329.992 0.944
-84.455 -29.969 -472.787 1.061
-58.646 -60.891 -307.879 0.978
58.743 -22.223 -495.317 1.039
-78.057 49.426 -406.326 1.087
52.931 -2.293 -343.946 1.018
36.037 14.577 -301.985 0.950
11.066 15.859 -484.654 0.855
71.590 -44.540 -487.857 0.705
93.624 84.410 -346.144 0.960
33.050 22.402 -413.788 0.780
-99.196 -48.269 -459.431 1.015
-54.654 -33.680 -491.984 1.102
-74.844 29.347 -352.012 1.104
73.715 57.455 -316.354 1.094
20.087 -22.285 -329.415 1.156
70.477 60.218 -307.723 1.013
86.386 -68.428 -425.770 0.859
64.595 -68.009 -329.985 1.174
-85.951 41.621 -325.840 1.185
-82.127 60.750 -416.676 0.984
88.632 -15.157 -444.813 1.193
22.640 -24.369 -499.422 0.994
72.952 -25.360 -478.851 0.946
-98.747 90.893 -433.265 0.993
46.548 52.460 -481.437 0.848
-23.862 27.400 -361.982 0.945
-21.950 -87.825 -319.555 0.914
-32.358 89.045 -445.500 0.996
-90.107 24.976 -401.620 0.947
51.763 -0.717 -344.880 0.990
-73.563 56.922 -356.869 1.006
-95.419 1.694 -428.713 0.969
-28.668 68.357 -333.736 1.070
79.584 -55.775 -309.502 1.070
29.408 7.587 -478.589 1.042
44.659 82.552 -318.233 1.056
-65.792 92.047 -312.371 0.910
-77.363 68.182 -444.580 0.989
-63.590 -61.237 -365.203 0.942
31.541 99.978 -433.573 1.121
-36.063 68.551 -392.719 0.951
-33.553 -23.941 -327.000 1.022
-38.840 63.565 -385.838 1.067
-70.924 0.692 -488.015 1.120
22.182 -43.863 -431.480 1.074
-94.903 16.407 -462.382 1.020
-96.775 -40.878 -429.781 1.007
31.616 71.517 -461.422 1.047
99.827 70.550 -352.455 1.015
-50.615 -13.935 -300.572 0.984
-72.619 33.300 -335.953 0.958
54.472 -23.544 -426.637 1.164
27.207 -15.119 -392.645 1.030
-36.720 20.936 -373.136 1.075
28.116 72.603 -344.190 1.251
56.196 58.928 -412.648 0.977
16.296 -83.499 -477.824 0.730
93.665 50.394 -451.639 1.132
-6.746 94.839 -346.770 1.173
50.431 -9.722 -385.565 0.926
-35.588 -76.946 -392.295 0.947
-14.462 -73.080 -393.517 1.175
-97.980 -46.373 -451.344 1.247
52.818 5.487 -380.140 0.861
-34.080 -75.137 -311.610 0.956
81.741 -30.024 -405.854 1.057
-85.504 50.386 -389.718 1.122
95.986 74.256 -469.133 0.916
-73.414 13.482 -485.845 1.096
-64.823 -13.527 -304.589 0.961
-83.496 -85.256 -390.597 1.058
-34.118 -48.337 -373.244 0.936
18.466 -27.971 -436.665 0.890
85.021 47.588 -485.706 0.829
-40.849 -5.778 -336.064 1.071
27.428 -96.791 -453.765 1.105
-54.426 22.292 -378.122 0.996
82.072 67.602 -320.711 1.011
-26.069 18.393 -404.215 1.077
-58.006 -82.270 -340.093 1.019
-4.026 86.560 -364.603 1.083
-6.495 47.593 -473.643 1.035
76.289 54.606 -306.583 0.861
-86.728 -0.653 -474.391 0.966
-87.920 -43.045 -460.231 0.793
29.130 43.437 -328.226 1.057
-63.129 -82.216 -306.155 1.026
74.737 -97.369 -486.275 0.966
-9.451 -79.925 -433.684 0.983
-51.639 80.937 -329.973 0.980
-6.384 82.553 -486.824 1.133
51.230 9.151 -329.499 0.807
-1.850 -4.603 -473.515 1.135
4.858 -19.426 -316.371 1.004
3.353 21.137 -488.360 1.147
3.197 -17.784 -396.868 0.948
-14.347 -43.270 -441.655 0.734
-73.054 79.841 -370.058 0.917
76.518 7.618 -438.005 1.010
49.341 92.195 -349.219 0.953
-55.645 7.564 -425.531 1.132
-3.914 73.766 -353.754 1.290
78.663 -24.258 -350.061 0.848
9.129 21.695 -348.566 0.904
-93.805 65.301 -306.210 0.902
74.045 67.666 -381.030 0.970
58.210 12.761 -316.893 1.016
-40.891 87.100 -482.851 0.993
80.288 47.407 -330.697 0.966
-81.614 92.621 -449.994 1.069
19.798 21.411 -352.304 1.113
-35.234 59.291 -418.961 1.169
5.878 -57.790 -493.791 0.980
-64.151 22.128 -324.727 0.854
87.152 7.661 -440.988 1.004
43.199 -8.595 -330.361 0.928
24.954 38.005 -451.591 0.960
-74.193 -16.903 -409.661 0.993
-56.926 35.320 -405.350 1.099
86.139 80.673 -391.147 1.055
-73.739 57.013 -471.619 1.197
33.443 22.447 -400.847 1.126
99.621 -9.020 -320.930 0.929
-52.374 54.212 -353.571 0.951
-59.567 25.999 -333.545 0.958
93.654 -46.544 -351.197 0.952
30.433 57.413 -431.667 1.031
-87.885 0.740 -325.607 1.025
-30.975 -39.895 -369.455 0.947
-57.594 -31.960 -447.447 1.107
28.372 -22.035 -360.769 0.977
95.826 -4.542 -478.660 1.026
-10.723 -32.103 -382.115 1.007
-28.141 65.483 -305.462 0.949
53.146 72.506 -409.879 0.943
-82.514 -8.090 -344.323 0.997
-6.914 82.249 -363.297 0.972
90.242 48.758 -360.560 0.891
-95.911 -1.502 -471.848 0.943
84.412 -37.339 -415.368 1.092
-95.125 -26.947 -304.852 1.125
97.862 90.447 -388.056 1.060
-42.572 49.359 -453.090 1.030
48.139 -81.263 -348.112 0.873
-13.050 -2.242 -446.212 1.005
22.804 -12.716 -340.133 0.946
-66.219 6.598 -460.408 1.093
85.044 -86.234 -473.755 0.847
43.975 41.824 -452.994 1.033
-55.792 -71.100 -413.341 1.126
-36.384 -93.675 -371.412 0.994
-25.144 -44.810 -393.036 0.811
-86.062 -99.107 -334.604 1.026
21.465 59.429 -389.768 1.096
-24.554 -39.921 -400.849 1.072
18.959 -75.018 -406.988 0.823
72.162 -56.308 -348.412 1.008
-39.291 19.804 -316.599 1.074
-2.797 76.931 -449.080 0.956
-92.902 -34.176 -329.759 0.982
-51.318 -17.860 -388.593 1.233
20.990 91.350 -304.565 1.162
-28.438 -90.800 -374.401 0.921
-32.108 -88.923 -476.663 1.181
74.913 30.580 -426.075 1.106
-28.677 77.508 -460.505 1.160
-46.677 -61.354 -364.267 1.041
50.691 -35.669 -310.974 1.000
56.817 66.303 -370.657 1.089
-65.869 -22.994 -416.024 1.191
61.942 83.347 -478.790 0.898
80.873 79.032 -352.811 0.957
-51.820 50.445 -304.128 1.291
79.551 94.356 -495.010 0.979
7.429 -31.218 -435.493 1.076
74.198 -16.595 -454.518 0.888
31.461 -2.004 -312.320 1.011
56.995 58.860 -340.228 0.960
64.866 -51.007 -306.863 0.972
-96.391 -97.745 -493.869 1.121
-21.222 -69.749 -347.515 0.803
1.426 -5.361 -436.547 1.068
-45.178 75.834 -321.206 1.050
-45.612 -18.747 -467.658 0.992
64.803 -82.097 -345.283 0.915
-97.938 -24.089 -407.388 1.014
-33.766 15.576 -485.059 1.028
72.797 81.138 -381.212 0.989
-72.232 -72.365 -379.695 1.094
-29.432 84.797 -465.286 1.013
-58.029 37.618 -304.486 0.795
29.918 -6.198 -341.409 0.833
94.977 -94.181 -367.931 0.915
6.508 -22.466 -332.520 1.021
-4.286 -83.429 -464.200 1.038
-19.631 -37.490 -412.891 0.896
-99.584 19.354 -321.001 1.080
-40.272 -26.443 -413.488 0.876
29.043 42.513 -431.178 0.976
87.667 18.978 -377.196 1.054
-93.439 -55.721 -346.409 1.016
46.073 60.826 -362.046 0.903
-90.463 50.502 -304.198 0.950
-0.706 80.507 -322.422 0.954
75.198 -51.923 -356.959 1.070
12.634 -59.377 -359.436 0.950
-66.262 -85.427 -349.876 1.078
25.263 -34.755 -342.215 0.955
-1.518 -10.442 -446.291 1.090
-54.302 62.117 -473.201 1.088
6.589 84.103 -309.879 1.012
-0.799 -44.773 -349.620 1.019
15.945 72.132 -408.662 0.931
37.430 -91.823 -428.829 1.069
-89.716 29.598 -341.979 0.983
-98.370 -55.044 -320.304 0.975
-45.806 21.743 -320.714 1.068
62.037 33.765 -470.543 0.900
-86.148 6.943 -430.556 1.032
-49.328 -12.248 -358.325 1.026
-44.607 -1.064 -484.603 0.934
-68.109 -62.124 -438.677 0.947
2.735 5.552 -348.516 0.869
70.851 19.491 -349.519 1.049
96.314 31.413 -431.576 0.883
44.081 -23.924 -385.116 1.129
55.748 -94.531 -394.963 1.023
-22.501 -38.611 -341.816 1.036
-9.798 -63.622 -415.358 1.089
-73.965 40.748 -440.440 0.960
16.866 -68.235 -390.940 1.046
-43.164 4.542 -423.357 1.046
26.794 -50.689 -375.083 1.002
-96.996 87.793 -302.652 1.007
-64.704 89.020 -467.075 1.035
63.153 -94.293 -333.896 0.925
-38.235 -98.912 -422.522 0.875
-44.713 8.662 -377.624 0.836
52.422 11.632 -303.825 1.050
13.444 -28.417 -456.629 0.959
17.703 -74.456 -311.961 1.050
12.226 -14.065 -331.341 0.956
76.418 -24.157 -415.883 0.999
94.526 76.895 -445.524 0.936
-46.245 -28.523 -364.016 0.849
27.373 27.247 -330.314 0.870
-77.350 -33.605 -319.693 0.957
36.729 71.440 -398.199 1.054
-9.155 -26.217 -450.137 1.022
-44.039 -55.975 -347.664 1.029
-66.575 -65.033 -404.356 1.032
71.606 -23.091 -455.792 1.019
-90.266 68.195 -339.634 1.004
-62.959 -57.835 -323.149 0.956
-37.186 95.347 -317.709 1.120
-23.496 -89.801 -457.876 0.937
24.661 -94.424 -360.378 1.000
-83.631 92.278 -354.704 1.139
71.966 -45.353 -489.702 0.892
59.445 66.752 -434.954 1.015
90.830 -89.608 -439.121 0.965
-82.635 71.632 -426.169 1.035
18.931 88.693 -401.178 1.096
-42.943 97.997 -310.497 0.934
97.910 85.839 -456.521 1.030
-63.376 -42.101 -450.908 1.001
-86.754 97.931 -490.805 0.896
-40.988 -27.165 -344.749 0.808
-44.119 81.079 -438.992 1.020
28.258 45.377 -412.585 1.085
-96.701 -70.155 -432.283 0.886
81.928 -83.214 -305.483 1.106
45.545 20.115 -313.632 0.973
-16.211 48.867 -475.850 1.054
15.908 -51.468 -346.750 0.943
-19.834 -76.259 -411.211 0.842
14.729 43.013 -390.415 1.113
-61.971 -17.626 -306.117 1.124
-90.184 71.944 -370.709 1.020
-15.284 55.148 -395.410 1.202
44.783 81.292 -369.410 0.895
