-12.953 98.496 -333.116 1.061
-48.633 -82.299 -390.112 1.161
56.150 -49.837 -495.364 1.092
94.964 -98.622 -434.644 1.082
-3.869 49.464 -486.373 0.946
33.202 -93.569 -344.078 1.222
91.326 -2.611 -476.391 1.081
96.518 43.089 -440.191 1.141
37.597 -75.605 -323.853 1.099
71.751 38.670 -324.388 0.944
23.084 96.492 -340.377 1.081
-67.323 13.777 -351.549 1.025
-24.468 -89.251 -358.301 0.930
-42.971 80.257 -305.290 0.912
-31.638 -48.860 -466.891 1.149
56.233 -59.053 -306.468 1.094
-69.615 -90.737 -358.645 1.011
-96.566 85.139 -399.032 0.936
-46.973 40.155 -341.430 1.028
6.551 93.069 -450.488 1.032
46.648 7.033 -460.456 1.106
-64.667 38.528 -454.585 1.113
-29.323 -31.512 -490.255 0.918
85.882 -20.363 -358.729 0.945
-4.741 -19.191 -316.182 1.029
16.218 64.094 -377.068 1.142
10.644 -5.269 -404.536 1.014
-43.439 39.273 -304.989 0.830
21.249 -38.687 -301.623 0.943
-63.429 -93.781 -326.081 0.899
7.849 -30.517 -473.915 0.885
-50.033 -56.752 -361.022 1.118
50.593 -79.234 -417.425 1.037
-4.369 -32.792 -359.630 0.920
27.098 -42.055 -404.693 0.900
4.373 -64.039 -342.003 0.966
88.110 -15.144 -388.676 0.996
-78.627 -17.812 -353.224 0.993
-95.848 -46.949 -428.760 0.830
-84.950 68.505 -488.379 0.933
79.362 46.262 -387.769 1.042
23.282 46.638 -493.971 1.013
-4.148 -79.613 -347.166 1.121
49.503 -75.438 -397.497 1.020
96.621 94.450 -497.309 1.005
-90.321 58.177 -365.926 1.014
-86.139 72.571 -421.314 1.011
64.110 46.858 -377.368 0.975
87.503 -8.583 -417.566 0.903
-1.973 71.200 -483.099 1.045
-82.744 12.231 -333.408 0.887
-70.065 -56.961 -433.549 0.991
25.093 18.603 -336.618 0.881
89.724 58.188 -383.614 1.176
82.746 52.001 -470.293 1.086
93.852 7.931 -363.833 0.978
27.698 -41.139 -346.192 1.118
-52.580 -71.455 -402.488 0.908
-30.876 3.731 -333.734 0.932
-27.334 14.766 -323.212 0.897
-43.044 55.214 -359.666 0.951
91.991 99.903 -498.250 1.040
-34.102 45.809 -449.712 1.001
-54.010 -73.719 -348.235 1.186
-44.646 59.053 -321.359 1.151
61.992 -43.442 -474.066 1.098
10.108 36.741 -436.616 1.092
42.146 59.731 -393.311 0.925
43.274 -56.965 -466.616 0.803
-85.232 -49.114 -365.993 0.857
80.434 79.302 -497.767 0.937
-97.373 -61.551 -420.686 0.928
68.970 77.837 -494.288 1.024
94.198 -34.599 -313.981 0.997
3.387 79.110 -410.442 0.941
-48.318 -90.555 -408.435 0.922
-35.876 -27.909 -392.175 1.148
34.748 79.941 -421.428 1.131
50.749 -72.054 -461.690 0.826
-60.960 -7.429 -456.956 1.046
91.574 -90.607 -397.880 0.934
-71.247 -87.013 -388.705 0.960
-64.551 -51.459 -463.583 1.082
3.834 -99.856 -481.621 1.101
-21.463 -26.064 -399.395 1.083
-81.628 22.944 -388.308 1.222
79.472 12.530 -300.620 0.917
-47.444 33.735 -357.171 0.979
-62.871 -1.675 -361.904 1.161
-92.611 -56.582 -313.664 1.176
-97.369 45.176 -332.758 0.993
-65.559 -32.359 -410.554 0.841
-15.353 -91.757 -480.050 0.921
-36.679 -88.291 -405.893 0.913
-5.101 43.762 -388.288 0.788
-13.060 -96.620 -475.480 1.199
-73.116 97.732 -309.713 0.960
12.680 -70.282 -352.628 1.006
-61.524 22.378 -451.641 0.935
-28.788 -66.592 -332.467 1.042
96.866 73.060 -318.426 0.857
98.886 -24.638 -399.835 0.909
49.089 79.311 -458.965 1.059
-60.123 -83.012 -454.084 0.947
-52.503 -76.251 -495.355 1.039
94.292 -70.482 -358.502 0.826
-9.337 -97.593 -313.327 0.894
53.494 -87.400 -302.281 1.000
3.428 5.866 -447.661 0.981
36.515 10.817 -434.628 0.811
52.790 -37.004 -360.872 1.011
95.102 27.178 -343.428 0.976
-60.578 -79.680 -439.977 0.817
-8.821 50.900 -409.158 1.033
81.820 -94.136 -400.078 1.084
-85.378 -63.161 -437.310 1.203
74.452 9.695 -428.085 0.904
48.139 -87.881 -384.055 1.037
58.896 7.968 -477.906 1.199
-21.768 3.438 -489.757 0.721
-12.071 55.657 -445.549 1.124
95.751 6.217 -328.293 0.963
-23.426 -60.339 -381.693 1.049
67.288 -96.083 -301.004 1.054
-70.141 -12.773 -415.737 0.998
51.552 94.894 -304.773 0.901
74.316 -13.648 -419.112 1.054
74.345 21.347 -476.955 0.872
-65.462 -95.264 -467.061 1.033
38.123 -82.744 -401.348 0.935
43.797 39.016 -376.629 0.968
28.893 -60.068 -477.964 0.998
14.315 -52.873 -481.207 1.026
65.118 50.852 -403.510 0.987
44.195 34.125 -371.646 0.949
-90.463 -85.298 -413.092 1.213
6.017 2.893 -331.800 0.972
76.102 -3.624 -433.155 0.987
61.530 23.005 -379.216 0.986
77.860 39.044 -309.111 1.032
6.693 -62.544 -479.630 1.033
49.538 -76.683 -346.656 1.020
-99.606 20.677 -411.922 1.181
84.155 -47.217 -331.268 0.931
-40.083 33.656 -359.925 1.024
23.461 -13.974 -314.541 1.024
-90.334 -26.198 -376.400 1.223
26.325 -99.247 -420.335 1.073
55.041 -66.047 -493.092 0.972
77.029 41.281 -488.096 1.062
-12.652 82.927 -490.733 0.979
-52.683 -22.037 -385.967 0.979
47.726 29.795 -466.371 0.963
-34.678 -79.412 -428.566 1.114
-15.689 -91.711 -336.721 0.878
-15.520 -77.921 -338.633 0.883
8.228 91.876 -346.249 0.983
-52.550 -31.987 -391.176 0.945
-86.722 -62.999 -485.759 1.287
-89.428 -23.003 -382.047 0.807
-60.410 -77.047 -309.559 0.825
-14.334 16.500 -386.507 1.020
2.300 18.234 -303.889 0.966
40.312 -1.050 -311.083 1.047
23.264 -49.811 -479.255 0.973
-3.319 45.577 -369.538 0.925
68.485 -30.764 -426.739 0.980
51.070 25.140 -311.388 0.970
-23.917 35.979 -400.616 0.948
-43.696 -70.902 -475.135 1.138
53.215 -9.981 -346.860 1.064
-55.392 89.494 -465.578 0.866
64.554 21.401 -391.388 0.945
-42.030 -55.360 -499.839 1.022
-63.305 42.674 -346.749 1.032
15.636 88.895 -384.926 1.003
2.862 -42.070 -492.899 0.945
-90.432 -62.793 -359.596 0.999
33.827 11.918 -358.536 1.049
-1.897 -86.707 -326.077 1.128
89.231 -92.165 -409.430 1.002
-35.214 38.907 -407.514 1.114
-25.581 -58.432 -433.477 0.875
-12.979 36.274 -464.491 1.160
-51.768 -79.947 -404.697 0.877
-8.528 -22.366 -455.785 0.960
-85.038 -46.815 -497.228 1.006
-38.078 40.115 -318.915 1.144
-91.736 47.112 -351.938 1.047
84.807 96.016 -436.172 1.032
-93.264 83.672 -441.586 1.087
-64.092 -28.549 -456.713 1.003
15.551 17.746 -497.970 1.128
11.778 -45.836 -459.151 0.998
40.882 -2.893 -340.717 0.747
83.746 -88.775 -348.858 1.041
-95.173 -15.234 -433.656 1.043
82.257 -51.106 -315.329 0.943
-65.950 -55.420 -454.367 1.070
22.980 9.936 -497.248 0.882
11.737 -69.046 -378.399 1.003
-56.385 16.459 -327.931 1.084
90.401 -13.124 -347.122 0.900
61.454 91.612 -485.598 0.908
91.568 -56.906 -399.684 1.106
43.336 87.254 -350.143 1.041
33.638 -17.653 -493.340 0.965
27.437 -28.093 -496.908 0.975
27.552 0.922 -393.022 1.082
63.911 32.657 -371.122 1.101
-81.922 -78.402 -411.572 1.018
-52.161 91.913 -454.666 0.985
-63.148 -2.806 -449.924 1.034
78.473 7.534 -402.874 0.805
-12.130 -87.687 -429.406 0.988
-1.046 22.467 -335.422 1.178
-27.815 -96.868 -307.047 0.965
-85.150 74.681 -468.422 0.886
-75.623 76.733 -369.162 1.010
46.314 3.357 -346.573 0.945
82.072 -68.798 -406.679 1.112
-32.917 -62.324 -327.553 1.062
89.596 -73.123 -465.404 0.987
73.673 56.526 -387.938 0.985
82.400 -81.361 -309.687 0.916
69.488 -24.660 -434.262 1.108
53.353 22.523 -329.865 0.863
-7.405 31.338 -408.503 0.885
-45.928 -14.350 -419.594 1.073
95.894 -9.453 -438.143 0.951
-35.857 50.731 -362.911 1.092
48.745 48.021 -410.256 0.940
-65.189 84.911 -344.838 0.932
58.558 46.278 -437.764 1.109
-98.873 -69.428 -497.226 1.077
-35.768 -6.215 -363.563 1.090
7.739 -65.128 -497.897 1.066
85.658 68.919 -334.030 0.883
-41.908 -65.468 -323.554 1.005
-25.811 -77.466 -374.314 0.951
-67.159 49.299 -433.950 0.960
72.853 -14.753 -390.236 1.053
-44.519 68.122 -343.484 1.046
40.301 -46.024 -398.327 1.082
-86.835 70.497 -338.080 0.895
-57.932 74.168 -496.321 0.914
-86.735 94.151 -301.333 1.126
54.255 58.904 -348.714 1.115
28.310 61.998 -303.932 1.016
-8.106 -69.775 -306.990 1.038
54.022 18.649 -340.600 0.981
33.705 90.937 -378.246 1.200
89.643 -93.407 -380.981 1.228
-29.363 52.757 -333.868 0.837
-31.832 -9.020 -326.065 0.986
-99.302 -65.907 -458.875 0.909
30.931 29.824 -427.364 1.223
27.138 44.961 -497.276 1.098
-13.473 -11.336 -397.495 1.067
2.026 -77.375 -383.796 0.887
31.010 -26.707 -300.057 1.114
-77.775 3.794 -358.373 0.938
23.175 -30.926 -475.066 0.989
1.668 19.959 -415.614 1.005
85.172 56.523 -308.517 0.940
96.463 44.202 -358.445 0.953
-68.191 1.468 -435.520 0.986
-7.184 -88.636 -383.110 0.898
-8.606 55.843 -350.326 0.888
9.903 -15.458 -457.468 1.049
66.572 76.626 -489.552 0.813
-62.245 30.112 -399.875 0.890
54.219 -57.646 -363.846 1.002
-42.823 52.066 -418.280 0.993
34.028 -36.967 -473.910 1.107
9.829 31.139 -409.740 0.865
98.657 94.503 -327.138 1.073
-13.355 28.341 -334.231 0.911
69.787 -46.280 -458.839 0.867
-71.638 78.049 -378.058 0.978
-51.458 36.655 -358.661 0.954
-20.897 -88.309 -322.080 0.980
-12.100 46.618 -451.438 0.999
4.489 40.254 -386.777 1.024
-5.311 74.838 -432.659 1.072
-60.322 73.067 -344.049 0.946
76.619 -32.288 -361.940 1.118
-20.832 -91.420 -491.426 1.098
-63.706 -66.775 -419.772 1.028
90.165 -94.591 -490.863 0.873
36.642 37.057 -314.977 0.891
67.835 63.260 -479.559 0.986
77.180 -74.279 -368.542 1.120
79.320 -65.311 -343.836 0.938
-39.113 -83.994 -457.866 1.209
-51.382 -6.276 -401.982 1.088
-74.837 84.349 -491.318 1.004
0.566 -34.899 -438.025 1.005
-47.787 -62.391 -495.820 0.846
-53.435 52.812 -448.075 0.900
-16.974 -98.118 -472.137 1.002
-40.988 -54.626 -400.717 0.999
-79.746 33.531 -447.040 1.038
75.482 33.494 -415.950 1.154
29.387 61.582 -434.022 1.079
-12.314 54.570 -364.848 0.851
81.135 -6.146 -463.270 1.027
-30.956 97.244 -398.555 1.009
40.693 9.254 -417.168 1.049
-85.706 -64.795 -440.845 1.142
-37.967 -90.876 -418.634 1.055
30.955 67.342 -412.978 1.071
-87.158 -73.128 -461.576 0.819
-96.598 -35.745 -377.494 1.111
74.836 91.306 -494.836 1.127
65.850 -65.171 -367.110 1.036
-68.349 81.490 -457.030 0.923
-1.412 89.093 -484.483 1.041
-43.538 91.456 -411.960 0.967
85.753 -47.813 -300.874 0.954
-98.403 61.988 -429.396 1.011
-59.676 -34.166 -446.009 1.105
20.453 -48.033 -348.178 0.975
36.644 8.203 -459.401 1.102
-75.133 -18.272 -416.633 0.988
-76.571 -36.693 -348.077 0.959
33.076 -72.612 -380.649 0.925
64.211 38.704 -306.825 1.042
-25.148 99.739 -473.525 0.996
23.983 16.486 -469.735 1.034
-38.261 19.902 -310.620 0.833
28.976 32.338 -333.305 0.870
-67.679 66.242 -369.552 1.056
65.883 -59.157 -453.036 0.995
-83.587 56.687 -373.421 1.008
47.291 74.601 -411.856 1.042
-9.804 -70.195 -391.357 1.041
-8.444 38.280 -490.345 0.989
-45.710 -97.356 -381.452 0.909
65.163 -97.698 -425.547 0.982
75.049 -4.309 -320.151 1.041
41.808 -5.202 -446.570 0.788
17.731 -14.187 -430.976 0.697
39.423 16.235 -393.737 1.042
-78.472 -44.409 -344.905 1.193
-73.384 65.937 -392.724 1.099
60.150 -63.033 -496.848 0.982
30.099 -6.753 -454.276 1.013
81.762 -99.826 -447.735 0.988
-99.875 38.229 -484.448 0.779
-79.436 -76.041 -441.356 1.109
-56.102 -48.401 -360.241 0.960
-57.980 94.545 -362.239 1.030
17.592 4.796 -347.890 1.010
83.579 90.007 -341.735 1.076
25.474 57.110 -391.227 0.986
-6.518 -12.276 -465.480 0.941
-52.323 -10.718 -302.165 1.032
-52.975 1.736 -461.762 0.857
-49.944 -10.986 -338.665 0.961
-0.647 72.364 -319.594 1.157
45.222 -32.864 -367.289 0.968
-13.717 58.135 -395.337 1.117
76.281 92.517 -322.902 1.100
17.500 76.088 -311.430 0.969
-87.795 59.450 -409.628 0.961
-35.373 -81.757 -344.690 0.994
81.207 80.721 -473.564 1.125
97.781 25.515 -387.872 1.004
-49.464 39.354 -353.423 0.848
50.092 30.477 -393.053 1.296
-47.139 56.997 -425.518 0.915
-92.882 -1.650 -384.538 0.938
31.933 -62.724 -330.972 1.164
-36.930 -38.863 -477.650 1.080
66.418 98.180 -351.202 1.119
34.159 23.873 -376.470 1.033
10.461 -94.619 -412.943 0.947
5.148 -67.799 -384.639 0.830
-69.778 26.493 -358.251 0.912
94.556 -71.703 -426.553 0.988
22.075 42.666 -478.249 1.026
-64.041 52.815 -402.173 0.961
6.427 -64.894 -491.086 0.901
-94.363 -42.813 -426.781 0.924
-99.757 77.429 -343.705 1.049
55.018 -72.073 -375.702 0.938
-47.251 50.283 -311.935 1.108
-41.389 -73.233 -424.480 0.818
4.903 -97.109 -334.607 0.897
-61.978 1.942 -455.445 0.930
-36.003 -20.334 -429.533 0.969
-50.825 73.539 -350.187 0.896
-62.906 62.153 -332.631 0.987
-43.198 -10.456 -303.580 1.183
33.084 76.024 -442.313 1.173
69.660 -7.440 -420.286 1.117
-8.947 -74.400 -360.293 1.108
40.372 80.283 -362.274 0.991
-17.456 -86.628 -478.801 0.935
-7.774 -81.026 -371.143 0.966
59.903 29.545 -428.100 0.924
-30.648 -61.584 -419.026 1.024
-33.578 -46.124 -411.668 1.005
-95.594 -45.570 -379.637 1.001
-85.389 -54.696 -359.495 0.924
-67.284 -32.417 -339.724 0.913
-98.268 28.849 -381.911 1.141
62.227 -0.125 -480.871 0.932
73.267 -22.448 -391.061 1.047
49.989 98.976 -300.437 1.093
-0.193 38.521 -405.295 1.099
27.542 47.937 -429.565 0.957
62.947 -66.690 -459.688 1.149
70.315 91.802 -475.100 1.117
59.670 14.133 -388.758 1.111
-62.211 -99.547 -379.684 1.053
49.590 64.439 -432.373 1.120
-3.422 21.841 -445.440 1.063
-82.160 3.200 -403.955 0.907
-79.645 -94.059 -433.194 0.962
-60.729 -77.304 -479.719 0.980
30.265 33.432 -356.946 0.848
-41.772 89.460 -392.500 1.107
70.944 -65.439 -464.818 1.015
-82.318 -96.490 -485.196 1.037
-34.029 -55.623 -425.153 0.960
-9.396 77.884 -400.128 0.963
-98.470 -74.054 -482.411 0.978
-75.236 25.543 -462.275 0.898
11.040 -99.433 -325.416 1.134
-14.108 65.139 -451.990 1.010
-92.284 49.367 -412.238 1.033
1.224 55.422 -488.975 1.064
76.579 -58.560 -378.916 1.011
63.815 -76.519 -343.376 1.130
21.613 6.390 -475.739 0.929
38.284 19.889 -412.850 1.099
-86.120 -92.984 -417.886 1.045
20.417 -55.537 -484.919 0.978
-53.778 63.656 -337.796 0.976
-77.722 58.450 -395.068 1.002
77.421 56.793 -310.345 0.986
20.325 -54.134 -480.500 1.140
-82.664 57.642 -335.469 1.020
-47.183 10.824 -468.910 1.114
9.435 17.011 -369.641 0.994
-99.488 19.371 -448.449 1.071
-92.247 -36.498 -416.527 1.212
-52.520 41.109 -304.936 1.058
-59.356 56.526 -486.150 1.074
13.921 -58.287 -385.502 0.910
-47.236 -11.740 -463.342 0.969
27.556 -10.304 -499.022 0.880
16.499 -77.062 -390.492 0.930
60.694 -51.272 -429.387 1.067
-33.658 56.032 -397.614 0.819
27.373 -92.726 -421.067 0.976
82.456 -8.197 -315.841 0.828
-29.671 13.598 -419.027 0.996
74.302 -96.710 -375.366 0.919
-28.342 -22.628 -465.653 0.850
25.508 -55.183 -438.321 1.150
-66.180 8.212 -486.838 0.938
-58.785 -80.694 -492.590 1.001
73.828 -51.029 -325.111 1.083
-5.645 85.863 -368.640 1.056
-86.950 -63.617 -332.251 1.006
78.050 -34.461 -408.715 1.000
62.555 -95.945 -459.294 0.843
-37.108 -96.227 -400.809 0.857
-91.288 -48.926 -369.132 1.105
44.303 -32.492 -317.045 1.000
-63.917 20.564 -377.602 1.118
0.498 -46.200 -397.499 1.081
-21.900 29.705 -391.153 1.063
57.870 67.476 -490.471 1.144
97.897 -66.223 -401.009 1.163
12.544 17.671 -476.091 0.946
-23.675 46.286 -415.013 1.084
6.319 -4.156 -304.830 0.965
9.182 39.717 -456.693 1.220
-21.216 -33.492 -391.743 0.963
30.687 17.706 -401.278 1.038
67.687 55.569 -418.595 0.836
97.580 -79.775 -386.897 0.951
77.432 -63.240 -395.543 0.915
-92.269 55.601 -478.218 1.180
3.060 -89.039 -420.772 1.142
-67.342 -55.444 -401.216 1.067
-75.077 -21.431 -470.662 0.982
-89.005 78.140 -346.264 1.009
-45.883 -96.899 -481.019 0.996
-40.341 -44.214 -398.002 1.033
-30.176 -44.770 -441.276 0.840
80.678 -86.551 -479.729 0.823
28.637 -56.745 -338.388 1.084
-12.490 47.894 -378.707 1.013
74.123 72.770 -333.334 0.930
-52.647 45.325 -417.476 0.968
-22.651 -94.026 -434.040 0.991
-65.733 -61.233 -385.552 0.921
-37.575 -39.970 -401.218 0.875
-92.593 88.152 -490.861 1.092
-23.101 94.225 -300.815 0.987
-88.328 96.975 -414.434 1.167
70.625 2.736 -349.271 1.092
51.631 -50.394 -389.579 1.001
-18.417 20.404 -456.257 1.023
41.712 -41.449 -445.003 0.921
-94.073 -74.715 -316.961 0.891
75.932 46.720 -452.858 1.023
-4.226 15.418 -361.549 1.107
-29.941 3.567 -459.847 0.981
-54.938 -55.491 -377.204 1.178
-76.167 -17.577 -494.381 0.991
-57.728 9.435 -360.193 1.018
-58.944 -25.686 -302.474 0.963
-95.462 -69.496 -423.155 0.646
42.094 -29.620 -441.181 1.052
76.700 -54.375 -406.726 0.932
55.047 -68.566 -489.423 1.039
-97.063 -7.029 -301.552 0.881
99.817 -97.630 -387.184 0.838
91.823 -18.837 -449.622 0.941
-6.456 61.867 -435.451 0.909
-32.054 -24.036 -478.799 1.082
-82.393 81.622 -405.800 0.878
71.725 14.317 -330.682 1.063
94.679 39.175 -429.931 1.075
49.551 -37.763 -332.155 1.140
45.927 12.845 -368.307 0.943
15.758 -2.937 -330.899 1.152
59.351 -44.276 -393.811 0.872
-71.663 89.875 -469.563 1.053
38.859 -63.805 -369.490 0.900
27.059 4.769 -398.374 0.884
24.760 -36.156 -389.856 1.032
-73.138 86.898 -388.601 0.731
14.751 -2.980 -412.965 0.980
93.101 92.902 -443.959 1.050
83.593 47.352 -321.082 1.040
42.117 -18.851 -361.712 0.941
10.478 -92.616 -333.593 0.906
55.882 -62.488 -365.770 1.000
-50.865 -60.773 -393.558 1.108
-15.818 -13.983 -437.327 0.907
61.452 75.479 -311.404 1.030
92.824 -12.796 -385.295 0.987
-89.308 -54.272 -473.069 1.089
-62.227 -24.865 -340.907 1.066
-6.922 -46.588 -348.876 0.881
59.678 -70.769 -499.001 1.038
68.052 -19.452 -347.993 0.932
-77.586 -53.095 -374.879 0.867
5.621 -78.824 -394.197 0.882
1.993 50.132 -431.879 0.879
-88.433 -6.193 -385.565 1.062
-41.592 -66.783 -404.619 0.878
-24.924 -91.976 -410.422 0.953
-15.410 -73.099 -452.843 1.047
34.154 -70.193 -386.749 1.043
-85.564 51.093 -423.467 0.941
29.813 -93.311 -415.215 1.048
40.430 -57.602 -303.824 1.027
-73.320 -32.732 -396.102 0.903
35.021 -70.847 -488.828 0.817
-92.155 5.639 -420.031 0.937
83.800 -89.769 -412.742 1.087
-96.109 -36.788 -462.438 1.017
23.535 -10.198 -412.343 0.965
-0.396 -29.793 -379.685 0.983
-91.680 -3.524 -327.096 0.978
10.018 15.980 -425.454 0.932
-3.182 -77.781 -479.793 0.819
19.932 -55.880 -439.883 1.030
94.831 -33.319 -454.104 1.098
-6.549 -13.810 -339.816 1.053
43.824 74.877 -430.991 1.039
-34.731 -83.949 -449.706 1.038
0.472 -7.170 -405.166 1.008
23.653 37.598 -461.477 0.953
-65.452 68.507 -406.644 0.998
-29.531 -27.270 -417.961 0.977
55.886 5.877 -468.493 0.943
65.546 67.649 -313.403 0.801
8.832 -44.129 -369.290 1.018
-97.631 51.153 -443.600 0.990
-17.309 -66.357 -433.556 0.982
27.861 -83.121 -469.879 1.033
7.926 34.455 -372.019 0.923
-96.185 47.177 -400.471 1.027
-7.436 -75.172 -461.076 1.143
-91.262 -77.098 -424.237 0.962
-1.255 -91.719 -343.892 1.139
98.638 -13.656 -338.845 0.891
6.419 81.473 -343.998 0.912
-44.128 -60.476 -376.766 0.760
97.473 -17.596 -363.470 0.796
14.108 -59.666 -367.292 1.110
77.353 -75.053 -330.632 0.838
96.840 -19.866 -437.887 0.995
-99.130 10.053 -408.649 0.900
-18.290 -73.841 -396.967 0.966
5.817 68.615 -400.093 1.144
77.288 86.836 -470.376 1.031
-1.457 49.181 -479.718 0.872
60.335 -79.145 -303.425 1.144
-29.834 72.107 -467.676 1.192
77.558 -46.155 -494.153 1.007
99.810 88.190 -379.652 1.152
21.005 97.007 -451.498 0.991
82.454 57.549 -335.056 1.015
-79.028 41.690 -318.461 0.983
-72.487 33.824 -421.949 1.175
-86.635 21.981 -343.310 0.935
92.568 39.381 -416.661 0.990
-1.358 -92.349 -406.582 1.020
-7.906 35.350 -378.565 1.066
-13.967 42.987 -465.221 0.942
-61.939 59.100 -309.682 0.896
59.643 -35.157 -490.466 1.111
29.433 -71.678 -309.052 1.107
-74.871 -98.403 -473.625 1.107
-31.079 -20.207 -427.708 1.125
39.760 29.608 -405.905 1.069
82.876 19.636 -327.714 1.020
48.755 -85.607 -402.288 1.121
-98.902 78.597 -482.240 0.855
59.829 -80.255 -321.968 0.997
81.110 -89.868 -326.225 1.098
-19.280 -68.842 -318.152 1.094
-9.112 32.156 -378.910 0.962
28.473 -75.355 -482.037 1.116
-54.494 -21.929 -334.599 0.829
70.075 -70.968 -335.477 0.841
-92.960 -68.229 -453.983 1.039
72.520 -5.591 -323.767 0.868
18.974 -41.264 -303.311 0.937
-32.454 32.771 -461.213 1.163
-1.550 -5.998 -388.341 1.003
11.758 -62.035 -423.119 0.976
-89.031 16.841 -431.600 1.090
10.699 14.252 -496.969 0.988
76.829 70.367 -311.551 0.870
93.940 88.970 -459.278 0.940
-27.359 37.931 -311.220 0.863
96.448 -57.006 -480.724 1.034
-55.097 -50.671 -460.624 1.235
49.845 -66.520 -484.653 1.187
-68.228 -51.632 -345.919 0.997
-38.653 -82.517 -360.804 1.088
-52.416 86.248 -473.078 0.867
27.417 77.296 -316.524 1.086
36.578 -16.246 -466.396 0.927
25.639 57.558 -359.613 0.864
22.190 -84.792 -331.877 0.997
-11.500 -22.687 -320.335 1.118
20.203 91.199 -411.115 0.923
3.816 -45.704 -376.447 1.088
-94.262 -3.944 -324.322 1.075
36.127 -14.678 -349.180 1.029
75.413 52.883 -404.207 1.135
-93.364 85.055 -495.746 0.956
-26.607 -47.021 -386.824 1.013
-91.484 -86.875 -368.598 1.025
-57.770 80.758 -459.630 0.834
86.674 66.815 -305.767 1.031
98.851 25.002 -458.380 1.049
-10.775 20.871 -365.110 0.832
-96.697 7.635 -326.275 1.139
-73.435 -20.499 -374.481 0.959
-77.166 52.862 -315.769 0.953
-79.240 32.991 -341.962 1.075
-15.302 -67.195 -421.125 0.899
82.410 -52.279 -406.174 0.941
-58.366 -23.581 -408.630 1.041
84.770 -92.321 -469.139 1.036
3.268 17.805 -326.715 1.184
31.862 -62.431 -347.289 0.919
86.853 41.794 -331.247 0.817
88.362 -97.920 -363.460 0.853
-59.745 -84.055 -415.662 1.043
23.302 -90.872 -445.445 0.946
43.336 -25.999 -330.379 0.930
-12.114 -57.440 -379.599 0.987
19.920 -46.705 -407.409 1.054
81.813 94.463 -325.034 0.968
11.593 -4.707 -469.377 1.164
-33.096 1.811 -419.622 0.994
-70.978 -18.433 -350.777 0.977
-26.627 59.510 -367.174 0.984
24.208 4.664 -329.189 1.013
-45.571 -0.989 -365.186 1.227
67.340 67.477 -481.691 1.070
72.611 -86.135 -328.670 0.966
-71.850 -77.998 -422.137 1.032
17.032 61.229 -400.671 0.799
-59.520 -1.845 -486.729 0.964
32.679 0.703 -488.540 1.185
-81.063 -76.244 -329.129 1.001
-48.434 43.094 -480.025 1.009
43.814 17.725 -494.845 0.984
96.293 -34.687 -493.367 0.785
85.048 37.530 -330.575 1.064
68.735 -65.931 -487.965 1.142
-71.321 -54.900 -494.561 1.114
99.554 48.543 -406.537 0.848
7.724 66.401 -440.954 0.956
13.882 22.519 -337.589 0.923
83.943 -87.320 -306.287 0.977
36.465 -77.594 -486.530 0.988
53.604 14.291 -357.340 0.878
-75.053 -96.279 -371.618 1.048
-0.525 39.580 -301.014 1.180
15.716 -44.145 -435.410 1.034
68.751 44.730 -307.837 0.958
-29.149 -70.369 -431.794 1.072
20.724 42.311 -316.725 1.061
76.339 -59.257 -441.817 0.884
-68.184 64.937 -451.711 1.065
-13.804 -38.277 -394.391 1.040
-30.665 -64.098 -469.914 1.037
64.032 72.584 -498.077 0.938
-26.621 -94.710 -463.140 0.989
-29.503 -67.903 -445.078 0.850
57.925 15.016 -477.752 1.212
32.449 -45.765 -439.988 0.920
96.916 -82.788 -341.824 1.193
-59.763 8.672 -447.764 1.142
-24.018 -10.456 -452.010 1.010
40.334 -89.966 -409.053 1.192
26.520 90.796 -327.222 0.991
-5.909 -93.686 -490.402 1.120
96.243 33.997 -394.805 0.909
22.346 -61.674 -333.045 0.814
68.607 59.061 -495.842 0.979
56.728 26.245 -312.094 0.833
45.049 -89.697 -475.328 1.086
67.099 29.074 -405.244 1.018
-16.141 -26.168 -335.246 0.866
74.225 -16.149 -426.324 0.900
1.868 -48.478 -452.731 0.936
61.710 31.904 -305.466 0.886
-74.730 45.307 -339.001 1.063
-37.409 -10.653 -368.735 0.963
82.976 88.998 -468.674 1.069
-76.913 -75.724 -462.447 0.889
13.162 2.116 -445.958 0.898
-66.633 -60.965 -402.459 1.109
71.106 -49.603 -418.842 0.859
58.811 83.762 -409.145 0.986
38.804 54.983 -452.664 0.978
4.341 13.597 -383.134 0.995
28.892 35.861 -349.183 1.093
53.974 49.013 -494.809 1.105
12.805 10.126 -410.456 0.994
26.466 -88.597 -412.933 0.872
-67.042 26.543 -478.783 0.960
-28.522 -4.331 -476.018 1.035
71.706 -11.420 -400.509 0.937
-34.659 93.186 -302.041 0.859
94.205 70.440 -490.698 0.832
-60.447 -18.573 -498.375 0.930
65.986 -12.449 -385.252 1.055
-17.876 -90.475 -319.825 1.213
-89.511 -48.932 -331.572 0.968
1.858 4.153 -322.553 0.921
-26.676 -4.841 -467.945 1.004
-54.218 -85.973 -386.967 0.968
86.793 71.065 -390.716 1.171
92.104 26.160 -470.273 1.085
46.150 73.224 -412.496 0.960
-33.647 -32.717 -319.828 1.062
-20.979 -19.112 -445.776 1.015
51.313 -0.291 -318.184 1.057
-25.089 -30.734 -395.714 1.071
-40.177 -65.667 -457.738 0.709
24.744 88.528 -342.578 1.144
8.525 64.516 -415.929 0.993
8.938 48.875 -401.228 0.967
30.215 -8.938 -409.755 1.051
-21.114 54.758 -354.820 1.094
5.225 -14.463 -391.132 0.890
93.921 -46.151 -369.667 0.941
72.984 -75.278 -334.775 1.008
86.483 16.346 -470.041 1.116
-51.137 -76.766 -469.290 0.965
35.683 -30.362 -467.407 0.968
99.641 -16.243 -376.246 1.076
-30.608 25.221 -409.949 0.891
-6.363 -90.019 -446.506 1.063
7.502 -40.152 -380.437 1.090
6.063 15.137 -309.889 1.100
-74.876 93.657 -342.984 1.003
9.786 -50.531 -369.607 1.081
1.246 -28.672 -381.467 0.985
-96.970 57.688 -424.747 0.857
23.522 -51.048 -317.826 0.939
89.805 -84.640 -438.877 1.069
57.686 -32.888 -479.831 1.061
69.878 8.666 -474.067 0.745
-56.300 19.778 -356.613 1.137
-68.828 45.733 -361.551 0.912
17.362 -65.517 -330.469 0.946
59.167 22.274 -421.931 1.051
-63.546 68.972 -462.448 0.933
25.128 65.987 -423.104 0.967
-91.444 -47.894 -420.742 1.013
76.498 81.114 -330.849 0.960
-40.270 -64.619 -372.358 1.004
31.606 -23.379 -335.591 1.067
32.859 25.732 -405.179 1.215
4.269 -89.154 -335.918 0.916
84.227 -1.635 -342.576 1.037
22.440 75.716 -370.782 0.954
2.742 -12.976 -447.765 0.925
-40.728 53.221 -480.556 0.849
-50.449 -8.153 -311.921 1.018
-52.421 9.462 -421.298 0.803
23.116 29.755 -402.058 1.139
-65.248 3.776 -349.593 1.079
91.657 27.408 -390.211 0.885
61.785 78.465 -442.403 1.143
4.582 -28.990 -336.015 1.151
-21.863 -89.250 -384.205 1.012
-18.001 -34.014 -485.426 0.914
-93.863 80.003 -332.349 1.064
97.685 -7.114 -310.345 0.965
-74.799 34.007 -370.008 1.054
-80.175 95.516 -443.365 0.866
19.483 8.934 -375.768 0.979
-14.305 28.465 -481.392 0.888
-20.836 25.826 -371.123 1.051
40.202 5.131 -450.252 0.976
-47.395 -18.939 -413.735 1.140
80.325 36.970 -464.106 1.018
25.923 -43.390 -327.030 1.029
-88.093 10.747 -360.740 1.032
94.745 -65.517 -364.451 0.816
15.280 1.355 -418.894 0.935
11.828 31.721 -316.557 1.030
94.193 27.205 -470.592 1.136
31.405 29.450 -416.649 1.052
-89.327 42.624 -307.925 0.978
-44.172 -51.627 -311.291 1.035
19.212 -8.871 -372.561 1.078
70.982 2.441 -451.003 1.018
91.505 -60.043 -322.627 0.910
28.334 -35.404 -373.619 1.123
90.687 -83.211 -372.290 0.956
-92.101 92.766 -486.577 0.997
8.695 -46.914 -309.848 0.973
-80.495 22.792 -415.750 1.020
-18.931 94.244 -485.679 1.033
41.473 -30.207 -330.618 0.890
14.201 -24.284 -388.308 1.027
-50.091 8.012 -303.199 0.847
-27.792 -0.637 -381.445 1.072
36.734 7.299 -398.023 0.890
20.080 -97.280 -308.429 1.009
46.753 35.753 -454.112 1.363
1.501 -59.656 -370.658 0.781
-15.462 -25.339 -431.588 1.161
74.286 -36.756 -455.143 1.065
70.530 60.957 -486.252 1.126
64.582 33.087 -377.657 0.944
21.495 -74.570 -486.862 0.973
-93.997 -5.618 -384.550 1.050
-53.379 -88.924 -488.926 1.055
8.095 15.608 -315.865 0.886
-87.068 24.101 -374.998 0.897
9.716 -28.282 -381.608 0.994
81.312 -68.285 -305.289 0.862
10.787 -62.656 -479.653 1.126
34.998 -53.598 -354.919 0.807
22.852 8.672 -432.092 0.974
3.192 -48.790 -450.258 0.853
-15.404 88.279 -430.068 1.234
80.863 14.672 -402.732 0.997
-10.343 -3.656 -314.865 0.996
55.168 -86.855 -398.263 1.102
-55.853 83.344 -434.893 0.920
19.422 4.743 -462.298 0.869
47.352 -45.254 -395.106 0.978
10.344 -45.150 -358.787 0.954
-55.483 -9.414 -303.226 0.901
48.314 -55.985 -469.131 0.862
-85.286 95.020 -390.598 1.143
8.009 -76.838 -440.469 0.983
95.334 -51.564 -354.880 0.929
-38.664 -57.467 -494.701 1.017
14.257 -38.154 -412.023 1.047
16.610 26.001 -341.603 0.943
30.734 51.062 -490.735 1.064
-54.752 58.998 -382.461 1.269
-44.051 -48.110 -342.977 0.939
61.508 19.769 -499.442 0.856
-19.616 -7.531 -433.343 1.027
25.063 40.328 -471.657 1.019
-37.973 -35.973 -400.354 0.998
39.926 42.614 -451.695 0.944
-44.741 67.849 -471.089 1.060
71.419 -39.006 -380.215 0.915
8.784 67.299 -460.947 1.052
98.374 18.220 -497.935 1.121
-57.944 1.380 -465.487 1.027
95.952 -16.950 -394.855 1.091
26.509 -73.022 -350.967 1.106
-67.479 65.141 -485.885 1.071
64.805 42.566 -480.817 0.880
-98.490 70.654 -441.389 1.099
64.187 43.617 -339.580 0.939
-35.484 30.223 -317.551 1.075
-30.793 94.149 -441.624 1.009
-71.597 36.080 -498.985 0.956
-63.547 -0.233 -477.165 1.007
37.629 17.453 -374.091 0.978
-67.800 99.010 -395.506 1.164
-71.984 65.166 -399.650 0.918
-52.186 72.144 -383.692 1.165
-82.839 27.744 -356.694 1.027
66.687 47.688 -316.468 0.895
-76.352 10.265 -468.770 0.961
45.396 -32.427 -499.075 0.885
-29.261 -87.732 -477.130 0.945
40.089 51.060 -494.292 1.088
4.752 3.018 -481.332 1.081
32.754 78.068 -469.364 1.013
0.764 -59.657 -421.449 1.040
77.919 71.073 -353.564 0.866
-60.376 17.891 -498.265 1.199
-58.911 22.672 -347.895 0.781
-58.417 -25.001 -397.619 0.923
-46.338 77.701 -346.909 0.869
-77.980 41.645 -457.460 0.811
-11.514 -66.748 -441.570 0.935
53.149 -30.220 -324.747 1.160
-65.010 -12.537 -381.157 1.092
-90.851 61.274 -385.600 1.078
47.813 27.337 -356.045 1.003
28.347 -76.855 -373.943 0.949
75.796 51.719 -475.286 0.952
4.090 -88.136 -436.542 0.820
-52.497 -75.920 -474.202 1.007
-47.294 -49.406 -494.910 0.940
67.334 39.785 -499.357 0.906
35.046 -88.503 -353.457 0.901
-29.209 -54.952 -337.608 0.987
-31.110 8.893 -492.902 0.932
-2.707 85.414 -398.428 1.180
-4.749 31.840 -459.954 0.932
-24.183 -77.274 -324.822 1.034
-14.149 -84.891 -339.442 1.043
-61.280 79.389 -313.133 0.951
-84.440 70.753 -332.234 1.135
-55.590 77.733 -496.369 0.873
94.689 66.204 -340.368 0.972
82.080 69.206 -434.603 1.173
-24.800 37.267 -302.049 1.006
-78.658 1.054 -404.362 0.886
7.210 65.595 -304.519 1.095
-40.822 84.753 -410.185 1.065
-96.535 28.191 -474.967 0.840
70.165 69.313 -355.573 0.904
-78.958 -89.257 -410.402 0.968
-31.258 -56.151 -399.633 1.232
1.896 42.441 -386.282 1.074
-69.803 66.720 -394.866 0.942
83.067 -1.586 -421.017 1.050
44.926 41.100 -441.820 1.100
-12.822 -82.386 -387.455 0.967
-54.939 -47.348 -317.453 0.950
-87.535 -75.496 -475.303 0.898
76.486 29.611 -323.818 0.842
-39.564 -71.729 -378.099 0.947
27.583 -40.413 -317.286 0.987
-64.276 -72.691 -432.277 1.105
21.752 99.010 -330.795 0.932
42.574 -81.881 -437.240 0.916
62.305 5.530 -435.229 0.888
-59.749 -43.120 -308.519 1.010
-57.074 7.033 -379.107 1.059
55.759 -64.671 -474.387 0.906
79.834 99.284 -401.557 1.037
-90.949 81.027 -328.599 0.854
-22.886 33.729 -431.574 0.911
-68.059 3.185 -351.366 1.249
76.870 5.478 -336.893 1.083
-89.881 -62.328 -417.649 1.001
19.088 13.172 -342.677 0.857
50.900 -52.069 -479.322 0.917
-11.221 -30.136 -337.455 0.976
75.775 71.759 -409.195 0.888
70.184 -31.592 -315.080 0.859
78.170 35.818 -311.563 0.915
31.650 -84.644 -323.727 0.990
17.012 -29.235 -480.452 1.024
-99.010 -10.015 -418.259 1.005
-88.262 -44.786 -417.295 0.903
