-65.424 -49.257 -310.125 1.237
67.301 71.329 -370.889 1.041
-19.643 -8.364 -354.600 1.032
-25.014 98.517 -477.173 0.983
22.133 17.089 -352.564 1.068
-44.816 50.357 -375.204 1.014
-44.854 -8.216 -427.690 0.922
-18.009 55.576 -360.461 0.946
-84.262 36.909 -431.553 1.247
-36.050 -81.283 -387.866 1.011
-66.519 -73.241 -464.324 0.970
11.795 -9.236 -308.013 0.863
-48.164 98.753 -309.104 1.088
86.135 70.556 -334.101 0.820
-36.625 35.187 -379.639 1.039
-7.046 19.998 -422.888 1.007
-1.391 -45.771 -414.541 0.899
75.897 16.114 -446.912 0.930
96.788 22.588 -382.970 1.137
-62.556 -58.902 -306.805 0.926
22.724 86.322 -441.895 0.967
-79.647 -76.648 -329.699 1.026
72.513 -88.847 -458.161 1.036
-33.256 5.952 -348.361 0.820
-97.705 35.248 -358.317 1.101
95.460 30.077 -363.365 1.016
-93.887 -82.317 -465.343 0.977
37.893 -78.466 -496.161 1.124
-13.142 -46.463 -423.054 0.863
78.208 -6.587 -417.293 1.029
76.116 -17.070 -481.282 1.002
-42.281 -22.546 -488.617 0.935
68.039 63.865 -309.557 0.922
-22.336 62.318 -493.989 1.204
-56.300 -5.947 -310.199 1.188
62.121 51.280 -479.835 0.917
-73.963 -83.713 -382.196 1.089
-70.032 -97.501 -435.943 0.863
-52.080 -21.829 -447.468 1.056
-12.500 -73.919 -337.300 1.053
17.332 12.313 -381.524 1.082
-59.217 91.627 -487.809 0.898
-8.914 59.946 -324.585 0.970
-36.536 -77.630 -379.207 1.067
7.704 -67.472 -486.945 0.956
30.656 22.036 -318.373 1.109
25.506 52.156 -471.296 1.060
-97.473 -23.407 -340.068 0.926
-15.367 -11.406 -474.560 0.953
-61.978 -86.249 -371.379 0.931
95.753 33.202 -368.536 0.910
91.636 -76.172 -417.083 1.028
0.242 -33.157 -409.511 0.991
42.111 40.618 -471.619 0.962
81.376 -98.691 -306.334 0.918
56.741 -97.887 -489.798 0.897
53.184 87.575 -442.772 0.999
19.124 47.632 -360.064 1.144
-83.403 -97.834 -487.802 0.951
31.844 21.147 -435.076 1.028
70.906 10.104 -493.172 0.850
-70.316 -53.406 -304.373 0.916
-7.502 -61.313 -343.340 1.102
-46.710 -22.363 -446.042 0.952
16.848 54.893 -334.903 0.965
40.102 -13.478 -443.894 1.177
-39.759 -73.383 -384.100 0.954
79.500 85.605 -380.462 1.081
-27.111 -39.881 -488.850 0.868
90.913 29.048 -348.499 1.028
67.642 -69.151 -310.266 1.000
75.454 -75.049 -464.885 0.752
-73.538 41.049 -454.699 1.049
2.756 -78.760 -497.987 1.004
78.408 -91.661 -412.693 0.819
37.101 62.444 -457.629 0.927
-88.457 -14.264 -397.667 1.089
-50.199 -63.622 -447.848 1.109
-74.757 36.040 -325.731 0.837
63.660 -3.205 -371.281 1.015
-87.961 36.921 -471.981 1.040
24.647 -25.320 -482.967 1.072
-73.195 -27.221 -410.282 0.977
69.851 27.626 -499.965 1.008
-81.188 51.438 -488.196 1.016
99.684 -83.783 -409.250 1.090
-65.247 -57.942 -454.099 0.951
-48.566 -98.372 -448.797 0.965
4.338 7.606 -315.580 1.050
16.699 -5.528 -432.813 0.964
-82.704 -95.040 -349.076 1.084
-80.088 -54.356 -444.938 1.025
-32.473 75.050 -488.274 1.185
-30.402 80.869 -486.656 0.990
64.953 -87.539 -316.125 1.051
31.379 -5.789 -454.321 1.086
-78.598 -12.977 -366.993 0.941
17.915 -59.290 -403.773 1.031
-76.859 44.214 -499.455 1.024
8.835 45.108 -333.374 0.936
-10.855 -31.634 -428.494 1.007
10.014 -17.744 -385.058 0.967
-86.540 -53.381 -325.065 0.728
66.702 81.366 -475.851 1.018
-39.682 30.331 -480.003 1.035
-0.644 61.798 -364.821 0.990
37.945 63.723 -323.559 1.045
-63.278 -32.978 -428.944 1.077
43.105 26.718 -499.725 0.950
-21.421 -2.847 -418.652 0.893
0.211 62.589 -339.108 0.953
74.064 19.042 -436.250 0.923
18.050 -54.682 -432.989 0.927
-81.932 6.601 -475.867 0.906
4.672 10.919 -303.825 1.070
80.297 -90.674 -478.657 1.071
17.414 -34.800 -315.951 0.947
80.380 10.299 -436.100 1.025
69.857 -51.170 -336.411 1.185
4.872 5.661 -328.817 1.053
-55.124 88.498 -378.925 0.998
-86.055 -92.622 -464.721 1.074
12.252 -16.805 -334.923 0.983
98.175 -76.240 -379.154 0.889
70.861 53.055 -414.610 1.104
-50.288 -95.638 -339.987 0.922
27.489 -51.092 -347.664 1.146
66.798 16.231 -388.004 1.061
-32.213 20.721 -474.544 1.006
-73.677 83.452 -454.501 0.930
78.642 -60.191 -323.474 0.914
-33.458 92.843 -458.876 1.133
-9.188 50.169 -419.537 0.911
25.319 58.946 -430.999 1.207
29.581 -14.875 -323.888 0.934
55.641 -70.244 -316.344 0.854
-39.029 20.866 -451.133 1.042
41.107 -79.865 -305.259 1.119
70.242 33.735 -426.573 0.923
14.561 -12.750 -341.056 0.998
16.018 -80.385 -432.373 0.876
-80.542 31.530 -404.907 0.977
-73.852 -26.404 -326.115 0.900
-74.019 -47.179 -493.409 1.050
-63.666 99.997 -487.257 1.040
-5.667 49.429 -480.800 0.990
-73.934 -7.988 -341.350 1.099
5.532 -25.894 -389.090 0.902
71.553 -47.705 -342.882 1.090
87.824 34.848 -414.270 1.022
-45.608 59.155 -314.645 1.003
-91.372 78.141 -328.462 0.866
26.976 -49.681 -327.105 1.009
25.929 9.891 -325.658 1.093
-99.936 7.814 -317.571 0.894
-70.570 -70.964 -375.476 1.007
26.406 62.044 -346.371 0.949
-79.271 -0.675 -328.396 1.098
98.397 -43.352 -456.565 0.903
-80.482 -90.989 -316.172 0.898
-41.898 -40.263 -437.807 1.062
-79.176 -2.947 -304.537 1.050
79.723 64.515 -468.167 0.938
-25.159 -63.531 -453.655 1.022
-48.652 -17.749 -426.976 1.063
-59.281 -7.302 -496.502 0.947
-93.652 71.538 -302.013 1.146
46.532 27.571 -380.996 1.049
-6.219 -26.666 -407.133 1.001
-72.698 47.511 -442.345 0.710
-64.250 -82.546 -486.891 1.068
84.012 -43.308 -311.860 1.038
62.142 -67.327 -321.542 1.093
-78.102 62.979 -430.980 1.060
40.389 -4.950 -413.218 1.032
83.294 32.172 -390.281 0.993
31.319 39.691 -323.262 1.120
-2.060 5.466 -333.218 0.813
74.295 98.750 -308.995 1.087
-17.292 -61.354 -349.450 0.981
32.214 64.267 -458.661 1.032
49.578 52.586 -455.317 1.066
-77.915 -33.574 -316.852 0.805
-42.863 -31.494 -446.042 0.841
-40.457 -46.374 -421.505 1.052
74.943 61.214 -488.642 1.135
-83.666 22.803 -322.593 1.141
-54.672 -80.830 -361.939 0.920
23.450 -75.267 -492.724 1.116
83.355 -31.932 -323.174 0.883
-81.741 -54.643 -456.223 1.017
70.794 -17.527 -333.637 0.983
-15.250 -19.510 -324.606 0.973
82.166 37.608 -424.711 1.120
97.212 5.626 -339.971 0.944
51.077 -5.106 -321.364 0.950
-73.168 -59.664 -455.618 0.973
-57.397 -14.773 -390.421 0.909
-16.506 -50.078 -364.296 0.952
11.258 -55.048 -398.234 1.164
-39.892 -58.271 -427.554 0.902
-37.065 -50.892 -453.351 0.871
-25.969 56.560 -488.043 1.002
-87.511 34.094 -485.544 0.988
1.138 -34.278 -304.959 0.981
-30.637 -82.205 -347.329 1.128
98.544 -87.164 -360.882 1.179
25.623 95.350 -448.843 1.094
82.851 40.121 -377.723 0.928
24.525 88.351 -426.817 0.865
-72.473 37.139 -481.820 1.187
45.584 27.035 -469.440 1.026
57.467 -27.867 -379.747 1.018
96.382 42.344 -401.450 0.975
50.547 29.617 -472.926 0.924
54.009 -38.141 -416.284 0.857
-57.856 -70.438 -392.728 1.100
75.585 -28.357 -481.241 1.078
17.609 0.474 -404.713 1.082
69.631 -59.610 -316.713 1.044
-22.667 11.859 -411.914 0.871
-54.479 -33.821 -385.463 0.991
46.899 -94.969 -477.850 1.019
13.305 34.347 -350.800 0.959
49.107 -29.668 -390.907 0.911
-38.504 61.391 -335.986 1.038
-76.020 24.293 -499.690 1.067
62.681 -48.261 -399.577 0.928
4.667 -13.815 -342.521 0.934
70.077 75.747 -483.127 0.993
9.017 -26.943 -470.555 0.733
17.089 -78.865 -439.365 1.088
46.863 -41.714 -353.316 1.123
35.677 97.400 -361.656 0.842
-81.568 13.108 -466.074 0.869
9.829 -4.009 -312.096 1.166
37.200 -32.659 -380.245 1.116
81.173 -84.049 -493.016 1.075
-67.417 70.049 -386.537 0.962
14.581 82.261 -314.191 0.954
61.864 63.655 -489.194 1.112
-60.222 19.982 -342.035 0.787
90.999 -57.774 -302.921 0.964
29.644 -53.237 -346.896 0.940
-40.857 -41.367 -493.040 0.996
-49.306 31.227 -425.816 1.107
-34.610 40.002 -332.532 0.893
89.138 -60.451 -464.607 0.792
-6.360 30.004 -352.494 1.070
66.970 6.058 -470.664 0.898
25.844 -95.619 -462.761 1.118
-36.052 0.257 -451.318 1.095
47.848 90.431 -319.718 0.994
-22.712 68.781 -315.109 0.832
76.498 15.955 -411.713 1.054
-4.122 -36.218 -496.882 1.135
20.644 -82.738 -362.426 1.172
64.043 41.282 -485.847 0.989
-99.424 -66.861 -498.037 1.127
-87.217 58.663 -312.852 1.013
41.915 72.991 -473.878 1.012
35.509 93.911 -345.086 0.854
8.068 75.656 -303.001 0.962
50.000 -7.213 -321.588 1.003
60.831 7.725 -453.404 0.826
-28.069 -6.236 -323.346 1.029
59.895 -5.688 -398.847 1.063
-67.428 28.495 -324.478 0.835
70.272 -65.488 -423.968 0.952
50.895 17.244 -498.167 1.127
-86.000 -50.889 -459.946 0.749
9.020 78.689 -432.992 1.006
-97.721 -29.830 -468.864 0.959
-7.698 41.512 -331.225 0.824
-15.562 -27.958 -499.268 0.941
-41.322 -56.755 -402.101 0.966
21.112 15.288 -429.083 1.007
-4.483 -68.885 -316.647 0.997
63.401 70.255 -495.012 1.041
43.649 -79.636 -405.125 0.739
10.884 77.327 -386.413 0.984
-21.765 20.380 -399.252 1.230
95.864 -60.782 -498.248 1.092
93.456 99.517 -474.488 0.947
-27.298 93.248 -430.322 1.078
-72.996 -75.103 -305.332 0.959
97.311 -65.719 -422.250 1.077
-36.764 9.869 -448.386 1.026
-70.347 -45.187 -494.203 1.005
-25.124 -67.346 -461.833 0.971
7.823 44.567 -412.717 1.011
-20.687 21.923 -328.094 1.053
7.695 98.492 -458.756 1.012
95.690 64.397 -312.755 0.899
85.194 -50.706 -461.540 1.111
76.303 12.079 -476.210 1.097
7.732 27.045 -448.317 0.993
41.282 85.398 -390.324 0.937
84.312 -65.056 -363.894 1.065
7.473 40.897 -403.364 1.002
-42.650 9.376 -317.087 0.982
-94.764 -72.000 -434.418 0.942
-95.892 -82.207 -489.842 0.928
-31.905 97.981 -330.098 1.075
-93.383 -68.924 -496.075 1.108
92.701 46.350 -465.325 1.074
47.475 -7.846 -326.623 1.028
-84.018 -90.938 -459.423 0.954
-81.749 34.987 -362.977 0.959
-60.795 14.323 -386.437 0.997
18.859 -77.603 -401.028 1.078
98.711 60.546 -437.620 1.092
-22.723 90.589 -367.332 1.121
94.889 -90.585 -447.933 1.009
71.139 69.240 -382.065 0.950
-63.589 -52.185 -379.815 1.028
50.365 -29.294 -473.383 1.267
71.305 -87.573 -483.043 1.072
71.845 7.956 -456.650 0.969
-11.674 36.430 -416.042 1.105
-7.000 -63.487 -315.626 1.214
95.185 -69.438 -364.556 0.877
49.345 55.062 -484.313 0.992
-26.848 -35.923 -369.754 0.801
-99.426 76.104 -479.208 1.059
6.344 36.905 -362.628 0.990
-65.037 -67.481 -341.256 0.966
-46.546 -38.356 -486.141 1.069
-32.532 81.068 -307.803 0.929
-60.373 -49.302 -354.174 0.963
58.714 6.871 -331.850 1.059
58.438 6.228 -356.604 0.771
79.845 48.718 -440.498 0.945
-76.880 61.466 -355.985 0.845
-30.226 61.874 -312.134 0.981
51.166 10.912 -377.689 1.018
-29.603 54.762 -429.005 1.037
-85.841 -40.261 -442.144 1.051
35.624 71.744 -370.031 1.097
17.757 9.647 -479.029 0.971
45.442 78.936 -454.021 1.175
-68.498 97.424 -394.981 0.907
-64.094 -16.733 -389.609 0.927
42.813 -16.884 -455.533 0.901
-92.551 -22.529 -311.436 0.820
91.192 -49.085 -344.599 0.968
-24.093 -15.552 -386.142 0.957
-15.208 5.589 -350.590 0.957
-34.196 -12.706 -395.138 1.088
-36.458 8.409 -442.909 1.056
-29.420 74.240 -371.427 1.052
-65.861 -1.762 -322.474 0.866
-55.524 66.166 -365.659 0.937
4.968 27.231 -489.557 1.026
92.191 35.913 -366.250 0.970
-97.204 11.099 -488.404 1.045
-83.591 -32.927 -427.547 0.909
-97.634 39.600 -341.891 1.009
42.989 -5.617 -402.839 1.118
20.251 92.286 -364.425 0.909
93.973 9.328 -491.846 0.839
-4.140 73.964 -320.023 0.994
-95.677 46.874 -348.920 1.128
-7.129 46.394 -344.396 0.986
34.875 -56.552 -449.043 0.907
-10.171 54.675 -363.110 1.130
26.177 3.636 -355.305 0.953
19.657 -45.720 -497.867 0.890
-41.484 -94.579 -329.526 1.025
-16.760 -3.019 -383.658 0.998
69.297 -34.443 -413.663 0.975
57.988 -67.338 -422.971 0.942
-26.796 58.326 -320.108 1.004
-13.521 22.076 -415.775 1.010
55.388 2.439 -451.818 0.932
99.716 -54.781 -379.911 1.211
-87.043 -17.728 -357.759 1.039
-20.614 95.611 -429.075 1.058
-52.347 77.106 -433.709 1.056
-47.501 96.525 -473.839 0.941
82.725 -39.581 -401.177 1.086
-32.494 25.509 -497.898 1.124
7.442 -65.044 -314.183 0.994
64.358 54.243 -407.817 0.931
-58.482 5.763 -448.392 1.062
-87.293 97.822 -344.854 1.089
-47.368 -18.233 -490.273 1.170
4.968 -18.308 -359.708 0.791
-81.909 14.528 -491.085 1.051
-81.291 37.289 -341.682 0.975
-76.961 -32.855 -363.193 0.829
-19.460 95.401 -400.446 1.033
-47.860 12.441 -408.013 1.117
-60.188 -86.964 -390.859 0.864
-61.515 -97.093 -346.889 0.926
-76.926 34.178 -463.968 1.122
44.089 84.988 -493.369 1.134
40.217 -36.722 -474.234 0.794
41.692 -45.563 -469.730 0.847
-50.416 21.764 -455.444 1.083
-24.914 70.364 -405.068 1.060
-52.788 -87.554 -400.156 0.844
19.927 -51.223 -434.695 0.948
-51.417 11.058 -494.014 1.063
-36.582 90.421 -466.738 1.068
61.656 3.085 -460.544 1.096
-66.190 85.699 -351.518 1.059
50.001 -1.391 -410.608 1.042
-36.205 6.602 -405.525 0.922
56.434 98.823 -408.547 0.903
25.142 49.653 -370.335 0.957
42.459 -37.418 -389.173 0.934
39.359 14.578 -333.209 0.980
93.549 74.751 -402.264 0.974
2.894 -72.598 -415.363 1.026
-23.430 -77.840 -383.035 0.965
97.133 -32.498 -476.451 1.126
99.145 82.968 -346.979 1.080
-20.246 -43.056 -341.466 1.012
-38.059 -8.844 -392.928 1.062
-73.964 55.523 -304.376 1.013
-36.283 -55.038 -367.352 0.995
43.585 -72.302 -374.099 1.032
7.179 86.215 -479.956 1.041
-93.068 70.172 -495.718 0.992
-7.340 -2.304 -427.510 1.081
77.749 83.280 -380.706 1.136
22.221 -83.620 -320.485 1.064
-89.180 80.525 -438.724 1.166
19.382 -7.356 -488.798 1.029
-50.988 -38.806 -419.493 1.127
76.972 79.171 -424.165 1.061
-41.886 29.952 -416.018 0.978
40.329 -3.826 -499.122 1.066
-62.045 -10.203 -495.505 1.043
-78.596 92.988 -490.662 0.957
76.139 -12.698 -341.775 1.045
68.246 -35.414 -326.455 0.921
-91.032 -23.737 -323.544 1.080
35.789 84.749 -332.985 0.820
-29.142 -96.919 -484.901 1.048
13.221 -98.077 -375.699 0.957
93.373 -63.852 -365.793 0.802
12.835 68.248 -328.961 0.995
-92.742 -27.738 -370.233 1.011
99.384 -13.285 -461.533 1.083
-72.352 47.994 -358.296 0.977
-2.374 -57.097 -432.198 1.006
-2.155 38.130 -358.242 0.921
54.348 -91.877 -426.656 0.959
82.614 15.263 -430.128 1.124
62.073 -35.287 -364.909 0.924
8.972 92.557 -339.396 0.851
-38.869 20.800 -471.066 1.034
-87.695 -13.043 -374.696 1.106
-96.241 -96.212 -342.477 1.051
-73.689 -75.209 -406.051 0.938
46.317 -49.387 -307.538 0.919
-65.135 53.956 -371.881 1.037
30.397 15.479 -320.332 1.170
45.534 -70.911 -351.229 1.058
-70.216 46.402 -419.712 0.879
23.888 -62.213 -344.725 0.798
-21.856 13.902 -300.468 0.990
58.412 92.135 -493.198 0.904
40.222 -42.470 -437.003 1.077
-57.150 85.160 -385.143 1.010
54.150 62.902 -404.218 1.061
3.809 77.562 -392.666 1.175
68.022 38.608 -372.483 0.926
50.367 6.474 -445.984 0.910
1.381 27.177 -472.228 1.123
58.135 65.675 -491.607 0.946
12.021 -82.775 -332.089 0.988
57.517 -12.894 -306.197 1.032
56.584 68.085 -492.438 0.995
26.755 -14.343 -388.914 1.079
-27.796 -14.078 -441.026 1.018
62.178 -35.848 -331.418 1.003
-17.178 -77.805 -300.463 1.103
-96.592 -85.223 -300.959 0.815
38.055 -82.546 -333.408 1.221
-44.525 75.753 -391.744 1.006
-17.502 -74.605 -489.083 0.936
-1.802 -27.956 -489.209 1.040
41.349 74.315 -421.247 1.027
15.175 -87.793 -475.652 1.115
-47.889 27.526 -304.384 1.083
20.441 94.927 -345.822 0.950
87.007 -26.704 -374.274 1.195
-50.624 -74.504 -365.922 0.875
-26.956 12.473 -310.228 0.855
45.986 46.460 -437.460 0.877
49.917 -48.165 -333.256 0.875
-53.990 -5.585 -484.830 0.726
29.312 -98.948 -483.018 1.069
-83.266 -66.158 -447.969 1.050
-55.639 -8.607 -320.743 0.903
-29.720 73.510 -322.361 0.855
-70.123 -4.383 -424.079 1.148
-1.811 -60.040 -319.267 1.147
-58.199 -14.289 -419.008 1.092
92.161 3.812 -437.643 0.944
-54.770 96.332 -360.251 0.929
20.557 -64.932 -301.636 1.086
12.665 -12.766 -321.185 1.038
30.487 24.313 -402.773 0.959
-61.008 -90.258 -395.248 0.845
95.141 60.352 -469.404 0.878
50.326 -3.779 -410.016 1.010
-4.256 26.244 -374.296 0.903
-98.512 -90.869 -306.026 0.975
98.590 99.738 -457.053 0.979
8.685 -67.733 -306.284 1.004
-23.154 96.110 -328.160 1.126
-36.705 39.108 -441.518 1.186
-13.462 41.753 -499.077 1.058
-33.045 38.652 -387.746 1.087
56.918 84.243 -394.448 0.886
-76.888 78.909 -485.379 1.017
11.750 87.113 -421.905 1.008
-80.288 12.301 -312.902 0.909
-62.962 -47.404 -492.471 1.021
72.063 35.536 -370.225 1.090
-89.378 -54.311 -325.269 1.072
89.841 88.352 -317.263 1.064
82.313 60.190 -330.152 1.186
-60.750 -13.531 -430.231 0.838
55.902 68.618 -449.161 1.123
34.598 36.541 -309.611 1.011
61.038 -95.933 -367.660 1.039
-18.895 26.069 -409.231 1.079
-35.502 46.073 -465.054 1.133
-18.355 8.419 -419.917 0.906
-36.139 95.410 -325.933 1.098
7.646 -40.678 -308.242 1.147
88.703 -98.822 -455.592 1.043
34.951 60.277 -414.083 0.886
-80.457 -43.771 -323.357 1.020
-86.410 -78.144 -493.913 1.045
-70.466 -79.485 -328.273 0.955
32.733 -84.818 -351.945 1.095
44.047 -96.825 -356.246 1.028
-43.283 -95.671 -423.910 0.912
-81.647 -65.296 -328.313 1.128
78.175 36.463 -416.021 1.022
66.321 10.294 -458.297 1.017
-46.954 8.872 -306.298 1.074
-56.235 12.336 -314.336 0.861
74.874 -1.014 -366.510 0.872
-23.376 -5.339 -442.759 0.934
-49.301 91.341 -361.156 0.965
16.057 11.277 -358.269 0.981
95.616 73.437 -315.196 1.056
-87.586 35.325 -421.681 1.013
-29.844 -86.718 -479.727 0.938
-76.598 -91.836 -309.614 0.903
82.613 -33.771 -393.890 0.906
35.223 25.790 -425.160 1.014
55.533 10.913 -484.535 1.144
-43.909 -7.039 -408.288 1.033
-85.187 18.103 -493.095 0.966
-12.754 -9.126 -416.150 1.107
96.929 -59.651 -491.023 0.721
47.608 45.136 -403.994 1.185
-47.582 -75.391 -415.218 1.084
-51.497 49.101 -497.653 1.163
74.922 -5.976 -301.258 1.029
14.586 -8.214 -414.732 0.989
-77.736 39.698 -381.237 0.998
-69.395 34.931 -474.395 1.060
4.216 20.726 -351.240 1.077
14.771 69.284 -394.601 0.934
34.692 74.925 -343.846 0.963
-61.702 -3.952 -486.207 0.930
-76.821 -43.677 -368.883 0.984
36.983 -72.647 -359.469 0.920
-5.154 -43.585 -332.442 0.849
19.464 -94.854 -398.037 1.061
-6.341 75.795 -399.361 1.071
41.419 29.492 -312.148 1.155
-96.405 -78.582 -404.255 0.960
71.769 2.961 -329.764 0.897
55.118 -1.782 -386.781 0.863
50.160 54.963 -348.684 0.933
-4.902 -93.167 -478.575 1.067
14.593 27.666 -484.861 0.940
21.686 25.175 -401.379 0.999
57.520 37.173 -380.790 1.109
45.047 0.471 -345.010 0.875
2.835 69.517 -434.155 0.982
-71.973 19.807 -310.665 1.112
-71.713 62.650 -427.072 0.954
99.036 41.360 -320.677 1.020
-99.464 -61.078 -497.294 1.156
-0.631 72.049 -385.327 0.975
9.718 24.977 -415.268 0.935
-79.790 -90.216 -367.190 1.298
-28.909 62.102 -484.469 0.859
-73.715 -0.113 -486.285 0.839
-5.267 -84.586 -304.930 1.134
-68.793 -60.897 -395.393 0.870
68.136 -65.459 -457.637 1.148
59.555 -15.877 -437.530 0.901
-37.254 60.056 -324.982 1.137
-54.297 -96.020 -354.523 1.006
79.529 29.766 -475.535 0.941
32.604 -22.976 -425.671 0.877
-98.926 -30.988 -354.736 0.831
-65.749 82.766 -349.268 1.009
2.939 9.850 -404.727 1.000
-95.550 -26.387 -327.922 0.982
63.131 49.073 -457.404 0.874
56.353 -45.809 -450.375 0.866
-34.712 -1.991 -409.505 0.746
-62.853 -96.344 -474.893 0.961
-25.161 -66.436 -440.964 0.920
-42.297 32.447 -413.682 1.034
76.537 -1.771 -375.972 1.132
-99.191 22.165 -494.363 0.977
-90.337 50.558 -466.575 0.854
38.865 -30.382 -396.289 0.905
71.086 -79.760 -465.730 1.069
-84.435 -8.836 -462.875 1.006
90.135 -21.500 -456.532 1.183
-9.719 42.457 -404.998 1.121
37.894 71.297 -494.239 0.844
-37.957 55.199 -422.716 0.894
37.122 -64.245 -426.329 0.903
-51.059 77.743 -354.056 0.817
-19.108 88.051 -365.210 1.015
-78.916 -28.815 -465.043 1.024
-25.168 19.840 -340.073 0.950
-96.873 -65.498 -483.768 0.966
-94.110 13.273 -313.144 0.944
77.267 63.352 -488.595 0.958
78.979 -60.918 -410.327 0.988
-41.538 28.462 -317.967 1.123
37.802 49.731 -314.925 0.974
-23.454 59.375 -420.496 1.101
33.183 -63.372 -469.698 1.006
23.039 -96.689 -357.484 1.074
25.644 18.635 -373.693 1.066
-45.471 -74.631 -346.204 0.888
18.045 -80.003 -453.386 0.892
82.246 94.082 -402.348 1.158
-73.359 49.085 -431.868 0.846
-69.675 -83.064 -493.911 0.906
71.313 -50.892 -439.968 1.136
-38.595 -53.977 -395.127 0.971
19.147 -99.015 -493.962 0.835
-75.846 -99.492 -338.686 1.086
38.913 -77.956 -386.099 0.931
-95.141 34.303 -419.109 0.885
-51.212 42.288 -483.982 0.960
42.389 -54.583 -358.286 1.178
64.393 83.221 -351.869 1.026
65.386 -15.981 -447.470 1.033
-47.825 -55.455 -382.644 1.079
-80.999 7.817 -359.938 1.007
-46.164 -19.916 -423.474 1.078
92.313 -19.324 -481.885 1.103
-41.340 -1.441 -406.536 0.839
81.271 95.500 -460.358 0.990
24.394 -22.503 -342.637 0.914
92.576 -61.915 -454.629 1.055
-1.433 -87.838 -485.731 1.115
-96.751 -16.050 -481.840 1.045
-7.057 -96.225 -445.319 1.080
5.849 -18.324 -461.795 1.028
79.530 67.970 -450.835 1.039
-33.860 -49.549 -384.824 1.044
16.664 -8.063 -449.022 0.928
-65.008 -94.582 -331.587 1.082
56.116 18.910 -405.435 0.936
65.771 73.513 -403.269 1.018
-59.250 -48.879 -305.795 1.149
-33.503 59.562 -394.303 1.191
74.584 -41.199 -404.467 1.217
81.731 -88.604 -344.405 0.956
47.261 -15.976 -391.787 0.950
7.176 62.037 -369.484 1.164
-5.369 41.763 -469.931 0.952
74.278 78.069 -355.658 0.820
-65.173 50.971 -364.857 0.915
-67.792 -11.910 -318.541 1.148
-38.813 9.934 -446.413 0.926
59.694 26.431 -475.459 1.108
41.810 -26.089 -495.293 1.024
-56.721 -90.746 -456.103 1.055
68.636 98.290 -359.030 1.074
3.296 86.397 -413.035 1.122
-83.353 94.510 -428.954 1.077
-39.322 -32.795 -429.348 1.067
-33.506 44.402 -457.919 0.781
65.578 1.136 -440.918 1.010
8.595 85.306 -340.800 0.774
-94.716 93.629 -385.787 0.983
-15.974 -89.302 -336.937 0.979
-8.714 86.285 -316.021 1.102
-8.392 -67.860 -471.869 0.963
-60.583 31.472 -381.180 0.992
-84.690 -57.950 -396.068 0.865
-42.557 15.766 -352.703 0.992
-63.440 -37.829 -417.809 0.943
95.814 23.387 -313.362 0.879
90.785 -26.500 -427.048 1.198
69.836 -90.636 -426.821 1.005
58.392 22.488 -402.177 0.851
-80.550 -75.433 -321.405 1.098
74.117 87.282 -437.935 0.794
68.924 84.059 -423.587 1.055
36.409 59.384 -356.201 1.087
82.219 88.144 -429.181 1.232
-10.562 -24.176 -308.914 0.883
9.302 -38.218 -333.045 1.076
94.590 -35.077 -346.559 0.904
11.318 42.703 -472.757 1.113
-46.423 63.368 -376.561 0.981
35.207 -21.128 -409.228 0.948
56.974 -10.018 -300.951 0.956
-58.638 -3.468 -408.574 1.008
-21.060 -45.779 -375.469 1.024
-63.654 -19.876 -313.759 0.958
18.552 -86.811 -373.673 1.015
-38.089 68.756 -302.782 1.036
76.420 -81.632 -457.288 0.957
-86.833 69.442 -377.799 0.845
69.763 -48.036 -434.969 0.984
74.013 17.812 -341.879 1.249
99.856 44.955 -456.413 1.056
-87.672 -32.211 -429.486 0.923
96.944 -57.576 -393.731 1.022
-67.616 -30.311 -397.911 1.181
-80.674 -41.335 -491.458 1.042
-38.279 8.371 -374.013 0.829
-21.769 22.991 -370.401 0.953
-80.623 -44.555 -404.281 0.897
48.665 -16.809 -402.593 0.846
40.864 -44.257 -453.431 1.049
-70.024 -67.174 -368.134 0.987
6.282 -31.729 -477.476 0.967
16.602 -48.979 -434.725 1.049
40.071 -75.979 -301.024 0.651
-51.237 96.583 -478.037 1.047
-72.838 67.474 -386.150 1.061
-68.546 -45.977 -468.154 1.044
-0.093 -89.831 -458.559 1.036
27.426 -2.762 -394.616 0.917
-38.313 -78.632 -392.638 0.978
76.875 84.450 -302.321 1.200
-1.480 89.303 -310.334 1.074
57.406 74.964 -306.081 0.963
39.246 -22.643 -453.539 0.988
34.382 -27.879 -498.806 0.814
99.905 -11.820 -481.318 1.076
99.402 -90.713 -358.317 0.984
-12.603 -3.832 -491.740 1.048
37.025 -77.879 -375.679 0.974
-95.993 -50.699 -429.777 1.075
31.061 46.016 -388.938 1.052
-14.822 79.973 -462.124 1.039
-59.697 8.963 -499.541 1.039
-77.679 84.924 -336.318 1.209
-87.606 -23.016 -460.099 1.054
-62.507 -21.589 -330.744 1.044
-22.889 77.378 -458.064 1.033
-45.640 -29.014 -386.437 1.008
25.627 35.680 -302.979 0.885
95.491 62.475 -331.677 1.011
2.948 -57.803 -326.195 0.989
81.281 98.456 -478.881 1.163
-79.333 -8.285 -379.379 1.035
38.603 83.008 -332.452 1.131
-99.481 -53.800 -381.549 1.085
-48.109 -78.477 -416.278 1.241
53.316 29.227 -447.435 0.865
-57.443 48.083 -391.325 0.968
-34.386 80.438 -495.537 1.149
-80.068 86.561 -350.395 0.995
-65.505 -23.869 -488.271 0.888
-47.542 -13.970 -428.629 0.893
61.161 91.550 -490.317 1.004
-13.597 -85.838 -442.162 0.984
73.222 59.702 -360.717 0.928
74.051 82.478 -489.889 1.033
66.093 87.865 -416.083 1.014
-17.687 -83.369 -462.011 1.018
76.181 -7.559 -399.799 0.995
-31.135 -31.294 -460.358 1.161
22.018 -20.625 -381.911 0.986
15.788 -65.296 -324.414 0.949
42.113 48.340 -473.650 0.942
66.082 6.530 -304.496 1.058
82.422 2.739 -318.658 1.198
77.293 -91.943 -380.591 0.966
59.166 -18.891 -343.326 0.961
-55.053 -86.454 -448.469 0.982
-98.062 88.578 -462.671 0.930
91.166 -49.872 -425.366 0.993
59.915 18.341 -399.210 1.069
14.382 1.619 -361.342 0.887
11.584 98.373 -399.158 1.025
32.653 7.377 -401.432 0.986
96.372 -47.539 -416.911 1.108
88.438 -66.585 -382.755 0.871
19.208 -59.754 -368.154 0.947
98.701 74.148 -459.046 1.134
-36.754 14.842 -387.059 0.994
30.805 -82.389 -373.877 0.950
-81.289 70.565 -474.446 1.003
18.608 -24.451 -484.747 0.861
90.906 -73.215 -480.792 1.063
-14.967 21.512 -429.476 1.117
-13.160 -21.942 -480.999 0.967
57.213 -94.188 -322.666 1.023
7.086 -6.705 -353.697 1.028
7.166 63.411 -305.409 1.002
-68.227 21.239 -305.177 1.056
-38.884 -89.495 -382.630 0.960
74.304 0.629 -309.047 1.147
6.019 -44.425 -445.660 0.884
29.528 83.037 -417.209 1.142
53.262 -85.178 -401.367 0.923
38.226 -32.803 -347.368 1.042
-63.506 9.235 -467.416 1.149
-26.777 -21.034 -480.611 0.822
-78.275 32.073 -428.500 1.114
4.957 -77.293 -407.299 0.935
30.284 -57.703 -302.067 0.992
-78.016 -99.590 -447.818 0.977
72.420 -93.620 -382.107 1.166
-15.694 30.789 -427.778 1.145
77.617 -82.282 -420.589 1.037
99.813 22.521 -306.172 0.964
-26.643 76.384 -476.677 1.150
76.652 57.161 -382.441 1.101
12.838 54.939 -426.836 0.995
37.016 -6.003 -477.162 1.068
25.771 -32.036 -374.022 0.830
30.095 65.195 -354.850 0.995
-84.403 62.378 -417.195 1.053
17.240 84.504 -357.828 0.955
-94.017 -42.913 -387.438 1.005
86.036 24.616 -428.812 1.090
64.594 -2.775 -303.904 1.046
-94.223 4.572 -463.500 0.993
31.861 93.969 -463.069 0.950
36.767 79.592 -442.068 0.750
0.599 -30.370 -302.643 1.045
-50.510 90.489 -442.458 1.079
91.474 -66.633 -459.450 0.996
24.103 -86.117 -364.794 1.058
96.548 -38.766 -466.437 0.949
99.622 28.349 -449.290 1.016
17.817 73.052 -321.062 1.135
75.522 93.952 -386.012 1.044
-74.683 55.337 -493.692 0.934
91.524 40.398 -311.939 1.046
-55.888 43.025 -473.922 1.219
46.992 -5.823 -365.469 1.044
-8.628 74.817 -350.576 1.001
-58.273 -84.426 -366.779 0.976
-22.761 -45.885 -402.541 0.940
-45.511 -1.666 -490.398 0.986
-3.699 -54.983 -350.112 1.023
75.601 -2.803 -495.389 1.090
-97.416 87.752 -322.909 1.022
-9.559 -59.550 -442.324 0.951
80.752 42.334 -478.934 0.979
34.181 -4.340 -426.314 0.828
-24.193 -26.331 -471.927 1.036
53.566 74.928 -480.247 0.909
-52.057 -46.941 -365.156 1.175
78.876 -70.974 -398.150 0.964
-69.206 51.352 -379.171 0.871
41.568 38.819 -339.110 0.965
58.373 51.212 -300.145 0.926
3.530 -29.994 -313.707 1.135
99.097 78.537 -369.259 0.829
5.625 27.387 -307.090 0.845
-79.493 -68.229 -446.170 0.994
-79.895 5.438 -329.086 1.053
-48.646 7.919 -452.033 0.874
94.003 40.845 -418.522 0.920
-16.819 35.240 -409.044 0.973
63.056 -23.135 -456.039 0.937
-84.044 -98.617 -355.215 1.034
-64.577 42.752 -467.654 0.956
94.895 -46.380 -408.872 0.949
61.910 82.360 -351.278 0.967
10.056 -60.121 -433.372 1.087
-35.276 14.706 -354.200 1.078
9.590 93.986 -304.252 1.151
-86.286 40.712 -336.655 0.941
37.134 67.725 -445.001 1.100
-26.699 -23.333 -430.380 1.083
94.547 60.922 -365.397 1.004
-26.478 -11.694 -466.178 0.992
84.599 97.526 -449.987 1.110
-5.800 -55.428 -465.746 1.153
-18.039 -29.515 -300.189 1.020
-14.648 -64.875 -333.305 1.028
54.205 -14.437 -482.808 1.066
-86.298 51.669 -486.417 0.868
74.548 -95.563 -450.171 1.123
44.940 74.150 -456.958 1.081
23.621 30.980 -460.090 0.973
-20.087 -44.439 -496.290 0.920
-43.573 39.490 -319.024 0.934
-38.116 41.646 -428.198 0.880
24.536 -45.650 -470.767 1.153
-87.918 69.567 -488.292 0.836
-24.572 -70.232 -408.967 0.955
62.480 -20.848 -326.816 1.124
-2.365 -59.788 -370.263 0.816
-20.128 14.006 -326.248 1.035
-27.777 36.402 -382.599 0.954
37.265 21.271 -327.250 1.064
85.921 -4.452 -355.007 1.055
90.270 81.859 -327.702 0.924
-40.249 9.990 -441.158 0.869
-46.002 91.838 -481.863 0.890
-36.249 68.477 -350.014 1.049
65.078 99.887 -354.265 1.192
-90.720 93.365 -302.688 0.908
84.493 46.790 -414.882 1.046
-71.664 -90.265 -352.092 0.923
-29.221 -67.880 -416.067 0.830
-61.520 56.201 -451.899 0.946
61.079 -5.602 -401.002 1.119
-59.399 -29.085 -336.917 1.011
-36.304 -90.698 -499.808 0.898
-40.801 1.291 -492.814 1.098
-52.179 15.075 -331.144 0.886
86.174 -0.218 -374.846 0.989
-77.381 -16.603 -392.935 1.077
24.861 -83.160 -443.594 0.807
18.607 -59.113 -311.911 1.005
-70.000 33.517 -351.742 0.914
90.163 -98.478 -493.971 0.951
30.660 -36.018 -440.139 1.023
10.929 64.915 -343.076 1.150
23.165 -98.804 -307.253 0.880
-37.020 93.894 -340.149 1.012
95.767 76.946 -310.874 0.984
-10.909 71.109 -421.757 1.084
-73.484 89.307 -451.041 0.748
-5.915 23.227 -409.788 1.095
29.858 -93.146 -426.819 1.065
-17.753 84.664 -438.843 0.962
20.803 72.565 -429.316 1.011
12.749 61.940 -330.555 1.015
-23.169 68.206 -387.475 0.913
86.854 24.161 -301.886 1.081
33.199 -74.440 -320.322 0.945
-67.820 -55.903 -442.819 1.073
51.099 36.721 -398.572 0.907
-58.342 29.422 -393.961 1.173
69.209 77.667 -349.905 0.934
90.069 -80.974 -324.977 1.067
-32.143 -11.321 -499.899 0.995
-51.258 86.029 -371.676 0.876
-29.476 79.138 -450.836 0.933
-70.462 63.223 -486.761 1.009
89.973 -72.182 -440.093 1.041
-16.477 59.269 -497.576 0.982
95.911 62.740 -491.609 1.128
47.518 0.924 -336.518 0.886
51.231 -75.454 -366.319 0.905
28.097 -89.285 -459.100 1.041
-35.764 -90.652 -360.834 1.086
42.386 53.092 -340.419 1.057
79.571 60.326 -411.409 1.030
98.529 -54.914 -303.400 1.067
-6.918 43.916 -425.940 1.053
-23.112 5.439 -387.664 1.105
-39.736 32.352 -491.912 0.931
-73.212 -68.483 -373.333 1.111
-22.261 78.138 -373.121 1.079
13.062 80.057 -496.351 1.102
97.329 -70.527 -373.548 0.889
65.388 -52.196 -424.149 1.087
17.663 85.577 -426.530 1.029
-69.243 -59.650 -430.436 0.819
69.465 -73.048 -438.458 0.985
19.341 -36.038 -369.345 1.041
13.564 -52.749 -437.981 1.072
19.317 43.963 -400.499 1.127
50.300 -12.599 -353.337 1.067
-28.640 39.104 -488.292 0.939
16.842 -29.704 -471.911 0.993
-23.149 31.835 -409.017 0.944
-80.260 -9.147 -377.400 1.110
-87.431 9.878 -326.800 1.030
50.699 3.691 -496.958 1.044
91.272 7.478 -440.237 0.899
-73.045 39.293 -499.029 1.023
-15.576 -96.061 -447.584 1.037
84.656 62.747 -461.191 0.954
