0.587 5.975 -477.081 0.811
37.475 73.879 -434.263 1.009
96.583 -11.839 -411.379 0.871
28.470 3.504 -486.991 0.949
72.947 -56.831 -302.277 1.062
-84.307 0.970 -426.699 1.028
-87.785 89.807 -418.897 0.864
-65.427 10.248 -389.659 1.102
-82.025 -9.179 -316.234 1.066
-90.540 73.599 -355.745 0.927
-61.308 22.241 -339.999 0.983
-17.032 8.492 -373.093 1.053
65.308 58.197 -320.249 1.166
48.290 5.584 -492.998 1.022
-79.896 87.967 -340.592 1.104
50.913 71.063 -400.971 1.104
65.784 -37.450 -423.698 1.035
69.580 81.339 -465.347 0.904
63.572 9.223 -421.121 1.013
76.145 -99.676 -463.425 0.846
69.968 -0.216 -485.181 0.879
-86.858 39.520 -404.395 0.955
-8.598 -78.580 -305.255 0.915
-42.303 56.195 -479.593 1.143
-17.515 6.374 -329.046 1.074
-25.036 14.484 -386.323 0.962
15.510 -91.644 -425.069 1.008
10.660 84.167 -354.366 1.035
-30.017 -4.693 -443.987 1.136
33.133 1.691 -466.956 1.083
-83.521 58.378 -474.882 0.965
-20.551 67.892 -303.922 1.189
36.397 72.118 -345.508 1.108
68.959 13.017 -359.482 0.967
57.212 -20.741 -380.547 1.078
-84.781 65.327 -312.010 0.974
84.162 88.154 -383.458 1.099
4.315 2.581 -498.984 0.943
58.588 -40.388 -461.391 1.086
-6.215 -42.726 -308.378 0.935
94.037 87.274 -435.657 0.916
-92.644 54.398 -459.354 1.107
-66.053 -89.977 -352.581 1.027
-74.243 33.037 -429.623 0.946
96.560 -43.137 -316.562 1.127
-17.293 77.831 -434.769 0.859
22.296 -13.964 -323.015 1.056
-72.105 -81.166 -479.816 0.882
73.936 -72.879 -372.858 1.012
61.467 9.801 -330.810 0.958
38.076 -64.186 -417.571 0.883
41.462 -61.837 -406.060 0.848
-98.161 94.856 -390.532 0.997
33.165 65.438 -493.028 1.040
-78.394 16.500 -479.310 1.195
91.588 4.284 -324.788 1.069
-95.117 -97.944 -381.404 1.065
32.035 -40.215 -450.300 0.911
88.666 71.301 -395.706 0.924
-19.362 -14.809 -400.882 1.075
65.652 -80.704 -498.502 1.060
-70.337 -43.666 -325.880 1.001
-50.516 12.091 -414.089 0.819
67.070 -98.450 -432.542 0.972
14.512 38.989 -429.621 1.204
1.512 29.193 -354.921 0.981
28.184 -86.149 -405.471 1.092
-36.036 -9.959 -312.473 0.786
-58.623 75.656 -423.184 1.001
91.193 25.787 -414.156 1.008
72.811 33.290 -421.181 0.956
51.133 28.795 -361.429 0.863
71.451 70.138 -419.962 1.034
-19.861 87.004 -392.287 1.033
22.469 -59.732 -406.970 1.134
6.954 -61.598 -404.838 1.087
-88.297 -19.749 -385.986 0.869
-55.097 6.950 -348.705 0.799
-77.847 -55.224 -389.430 1.006
78.510 -37.231 -447.912 1.023
16.743 83.259 -325.806 0.834
51.332 47.350 -468.563 1.122
23.123 54.177 -379.791 1.081
17.596 -63.853 -499.201 0.935
-17.622 -14.425 -332.977 1.140
-5.322 -37.421 -383.598 1.012
-12.691 -4.007 -307.255 1.140
0.146 72.998 -422.889 1.120
-56.881 -31.012 -456.080 0.893
-82.410 35.212 -446.890 1.315
-89.758 51.975 -379.048 1.011
35.415 -2.725 -482.049 0.979
-83.345 -7.541 -386.217 1.021
-39.679 10.631 -469.733 1.000
-5.393 -12.840 -424.189 0.920
69.354 49.475 -335.477 0.956
-74.925 18.630 -354.792 1.020
-21.497 51.855 -459.584 1.092
73.325 62.711 -356.989 0.961
-59.845 -90.727 -415.172 0.850
-55.616 -18.852 -311.796 1.131
-87.985 88.922 -437.182 0.935
87.212 63.020 -327.094 1.028
67.309 35.496 -370.064 1.046
-89.470 29.292 -470.132 1.130
81.210 87.161 -397.145 1.040
-57.111 -32.095 -384.513 0.748
-95.985 52.328 -424.508 0.938
44.054 -97.112 -441.797 0.958
-54.484 -22.165 -404.372 1.011
-71.558 9.820 -380.220 1.116
10.828 -24.589 -467.758 0.828
31.177 -8.619 -398.340 1.181
-3.623 -61.188 -376.944 0.992
97.578 73.022 -433.266 0.960
49.107 -30.801 -424.168 1.105
77.749 53.945 -366.959 1.097
52.776 16.879 -361.444 0.945
-56.120 85.311 -316.864 1.142
-75.850 12.959 -390.537 0.918
36.611 -2.854 -493.790 0.842
50.999 34.541 -387.150 1.166
-7.533 26.080 -344.950 1.056
-75.553 4.406 -315.428 1.025
69.340 -89.643 -351.304 0.994
24.291 -0.079 -370.511 0.976
-97.983 -2.278 -427.842 0.998
84.795 26.553 -378.407 0.872
-67.219 40.882 -426.798 0.987
29.931 2.122 -437.182 1.257
30.994 -49.127 -423.390 0.874
64.333 28.978 -305.736 0.960
31.455 15.337 -488.150 1.115
48.525 31.080 -456.263 1.034
65.873 63.814 -401.831 1.193
37.032 97.531 -306.107 1.130
-33.549 -24.752 -472.142 1.034
4.008 -47.411 -465.924 1.004
69.908 -93.991 -382.276 1.030
-0.195 -60.044 -430.286 1.013
-61.291 20.464 -424.402 1.094
-38.379 38.469 -385.057 1.065
0.779 51.666 -481.072 1.132
80.592 -60.394 -362.486 0.948
63.104 -62.993 -486.085 0.865
36.011 -16.627 -388.002 1.184
98.829 -68.884 -376.839 1.029
34.092 -77.017 -305.343 0.985
-25.327 -41.237 -315.249 1.226
-17.777 -98.513 -396.104 0.920
-42.984 92.649 -420.132 0.883
34.748 -35.409 -410.102 0.883
-7.927 -56.332 -334.510 1.030
-87.487 87.344 -306.893 0.960
48.107 -58.084 -386.548 1.140
-79.308 -89.446 -444.551 0.980
-14.560 36.640 -469.739 0.926
-12.251 23.920 -472.227 1.059
77.762 86.195 -355.483 0.876
-93.083 62.176 -450.887 0.949
-6.462 -90.032 -368.133 0.913
-0.122 -66.513 -348.624 1.057
-33.327 4.875 -330.497 1.219
-92.738 -71.293 -434.911 0.858
-90.968 25.803 -335.322 1.267
37.275 -61.089 -325.034 0.970
22.971 -65.775 -458.496 0.950
-34.011 -53.925 -408.558 1.026
-33.382 -29.140 -484.716 0.937
58.977 54.840 -420.981 0.987
48.990 45.285 -445.371 0.959
-35.863 85.892 -378.450 0.919
8.187 48.802 -466.246 0.886
-59.343 60.890 -317.308 1.047
74.680 39.086 -328.613 0.826
-32.037 -2.017 -467.625 1.037
-8.771 0.642 -432.790 1.045
-37.546 88.139 -375.501 1.107
65.824 81.697 -426.141 1.162
45.318 18.876 -333.241 1.131
-73.885 71.017 -360.980 1.212
40.972 -32.150 -453.344 0.992
-40.351 -33.382 -439.509 0.828
98.860 17.988 -448.673 1.069
76.198 53.831 -360.965 0.999
9.911 -9.630 -337.073 1.094
36.897 11.499 -406.899 0.977
-80.755 28.294 -465.268 0.901
13.373 -61.417 -482.566 1.010
92.709 -77.436 -366.748 1.143
51.512 76.432 -429.100 0.901
-10.025 -24.298 -425.835 0.940
13.185 -0.258 -471.786 0.908
42.188 -14.350 -423.211 1.038
-47.965 -58.973 -408.723 0.995
32.885 94.429 -344.104 0.915
-65.482 10.426 -312.758 1.136
43.552 -60.136 -398.879 1.098
99.270 -97.235 -479.654 0.912
-40.992 27.945 -378.033 0.917
-24.227 -7.299 -306.827 1.018
26.223 64.226 -381.931 0.852
56.468 69.488 -337.061 1.083
45.728 -94.802 -379.406 0.942
56.851 -85.700 -316.854 0.944
-74.838 -2.797 -392.989 0.858
61.699 97.989 -333.175 0.921
-57.062 82.063 -365.326 0.829
91.333 55.862 -300.976 0.948
53.712 -22.905 -352.982 1.020
61.259 -53.852 -480.312 1.246
-8.980 -54.377 -394.105 1.122
3.693 23.504 -310.614 0.924
81.025 69.561 -331.062 1.025
52.431 56.315 -353.364 1.051
-45.964 -73.029 -404.784 1.056
4.586 -31.773 -439.520 1.053
75.533 -92.122 -495.469 0.916
97.187 -56.289 -364.466 0.778
4.348 85.301 -405.689 0.956
-97.644 21.533 -355.826 1.150
95.043 -88.051 -428.385 1.016
-69.416 8.836 -411.389 0.828
-8.352 -97.090 -350.848 0.967
38.562 -8.491 -411.159 1.155
-23.410 -46.923 -309.221 0.936
50.755 -43.754 -465.193 0.743
-7.607 15.046 -419.615 0.909
-9.993 57.965 -375.703 0.979
-67.753 -20.263 -409.525 1.043
60.527 86.779 -482.271 0.858
-61.202 -65.636 -362.619 0.927
18.700 -36.055 -387.728 1.043
48.705 1.847 -478.506 1.161
-21.080 77.315 -440.209 0.831
-42.757 -56.375 -439.049 0.904
-88.656 -18.212 -471.218 1.108
30.773 -5.116 -422.745 1.153
20.879 -77.048 -495.097 0.962
70.453 -19.832 -343.380 1.191
-0.924 -35.137 -350.838 0.849
-16.718 78.375 -486.692 1.072
67.221 53.883 -343.974 0.962
-52.236 40.698 -373.272 0.957
-24.137 -53.781 -434.868 0.923
43.902 49.424 -399.755 0.977
25.999 -10.858 -391.657 0.868
-24.831 21.073 -322.914 0.942
67.775 37.834 -360.528 0.961
-71.375 26.677 -383.908 1.126
-40.250 -59.448 -362.740 0.926
-42.282 -98.974 -350.526 1.056
89.387 -66.866 -436.734 1.017
16.192 -16.617 -450.201 0.984
-5.402 -84.364 -326.748 0.912
31.079 -98.768 -401.674 1.097
36.672 30.629 -449.600 0.995
-13.594 91.232 -432.730 1.063
61.038 82.133 -305.606 1.067
56.428 -89.611 -493.323 0.859
-77.745 -82.557 -327.908 0.811
-19.031 -87.772 -329.061 0.983
-26.523 27.792 -341.634 1.126
71.176 -18.076 -377.517 1.080
-69.471 70.408 -377.305 1.019
81.722 -85.377 -399.787 1.063
-10.067 9.262 -341.124 1.177
27.427 -46.515 -490.845 0.981
92.922 -4.688 -461.664 1.076
-68.120 -67.330 -466.672 0.979
60.135 39.498 -428.135 1.058
38.393 -83.683 -300.570 0.830
11.360 70.184 -375.567 1.048
-81.562 -37.323 -487.679 0.960
-89.958 -40.985 -396.311 1.091
42.765 -82.819 -358.989 1.128
-45.342 -35.353 -305.265 1.182
43.130 -84.485 -439.880 1.031
60.782 -51.966 -435.335 0.936
54.273 -40.704 -452.145 0.976
6.245 18.218 -491.382 0.958
85.511 63.287 -449.074 0.907
-15.467 86.804 -456.504 1.138
20.835 27.503 -453.952 0.948
-64.733 85.917 -476.768 0.997
-58.915 35.523 -403.563 1.102
-57.143 11.124 -322.948 1.144
-40.214 21.503 -320.148 0.743
82.864 -43.001 -382.195 1.036
75.579 89.468 -346.057 0.809
-40.191 -19.534 -476.277 1.040
27.445 -15.330 -461.143 1.076
-80.343 -6.810 -460.850 0.959
-26.390 74.176 -477.294 0.950
54.817 -36.790 -347.796 1.130
16.931 7.678 -334.659 0.736
53.434 -39.297 -438.183 0.939
-23.429 23.205 -402.572 0.975
38.302 74.467 -397.273 0.967
76.819 70.901 -436.925 0.892
8.311 11.884 -373.927 0.894
33.731 10.936 -348.026 0.866
76.688 -73.299 -469.186 1.046
80.291 42.632 -428.230 1.045
60.229 -73.433 -425.603 0.960
-45.370 -53.054 -424.639 0.978
23.868 -78.202 -386.347 0.939
-41.134 -70.751 -315.709 0.964
21.040 6.652 -443.417 1.084
-32.791 -73.044 -395.177 1.166
-50.085 78.392 -457.190 0.988
54.327 -91.462 -493.601 0.869
-40.456 75.870 -317.122 1.084
94.316 -17.112 -344.769 1.007
-48.528 51.322 -443.789 0.998
34.753 71.667 -372.838 0.946
82.791 -55.792 -301.519 0.979
-35.420 63.064 -498.055 0.935
83.340 53.820 -329.926 0.891
35.961 20.722 -431.323 1.076
-78.615 -8.540 -393.117 1.030
-79.985 80.918 -415.964 0.869
-34.003 -84.302 -420.380 0.935
-9.553 -45.519 -318.699 0.733
-27.113 38.564 -300.994 1.003
-17.271 53.873 -365.903 1.108
-69.955 57.175 -384.414 0.860
6.932 -67.903 -317.046 0.952
40.076 -83.106 -432.189 1.044
12.692 -36.680 -476.243 1.027
-66.763 81.368 -367.070 0.896
-86.785 59.382 -458.811 0.813
-43.501 -33.240 -453.698 1.050
-48.068 96.885 -343.537 0.833
57.851 84.656 -478.928 0.910
55.991 -23.410 -462.049 0.700
69.920 -93.966 -494.226 1.091
-57.779 2.767 -426.712 0.909
59.083 -69.782 -472.877 0.924
37.259 -42.092 -469.401 0.957
-84.081 -19.776 -470.408 1.032
49.496 -11.750 -301.021 1.078
36.036 74.633 -458.442 1.014
-79.362 19.382 -347.060 0.864
-70.033 -32.779 -435.593 0.896
-92.412 33.655 -356.241 1.061
53.982 25.497 -459.548 1.128
-55.811 52.095 -363.300 0.906
90.835 -14.717 -315.722 0.940
-43.723 76.346 -328.664 0.918
92.547 76.598 -313.318 1.039
-73.842 16.750 -357.169 0.939
-96.390 79.565 -413.675 1.009
19.167 41.949 -417.657 1.008
-78.233 18.199 -424.846 1.201
99.905 57.294 -351.270 1.030
6.033 -79.225 -387.076 1.103
49.410 14.315 -301.686 0.917
-45.852 50.584 -488.770 1.135
-97.057 -56.554 -345.833 1.098
-87.020 41.467 -404.209 1.105
37.898 57.087 -390.651 1.001
88.592 22.361 -432.056 1.034
34.916 12.715 -461.634 0.974
98.811 -52.625 -419.101 1.117
50.225 34.802 -366.853 1.140
32.813 -89.434 -421.691 0.944
-45.655 92.894 -462.879 0.644
-51.126 99.179 -465.936 0.982
-18.595 -55.805 -357.842 1.037
66.118 -15.119 -385.062 0.942
45.637 -52.111 -433.337 1.023
5.499 76.236 -424.159 0.929
4.195 47.304 -369.730 1.019
85.270 32.360 -389.380 1.040
-42.298 19.148 -495.047 1.012
-9.327 61.517 -387.404 1.130
19.275 26.639 -361.316 1.067
-55.839 -90.951 -451.863 0.824
32.959 -69.137 -417.694 0.997
-40.526 -30.906 -453.941 0.902
49.299 -98.288 -424.803 1.036
-2.600 1.322 -427.434 0.813
-0.288 90.042 -459.630 0.973
32.441 -85.628 -352.464 1.026
-40.392 6.337 -427.941 0.869
49.274 -5.698 -344.215 0.909
2.074 70.891 -464.180 0.779
-57.665 -35.577 -354.530 1.093
-84.146 10.466 -468.130 0.861
-95.822 -83.614 -380.621 1.200
-62.021 80.188 -392.335 1.126
-90.932 38.546 -462.621 1.019
-1.123 20.582 -399.684 0.957
75.148 96.928 -484.218 1.214
56.803 -33.607 -383.958 0.990
-30.367 -55.485 -487.108 0.894
97.386 -16.328 -452.488 1.162
-11.319 -62.729 -465.196 0.926
-32.322 34.277 -305.726 1.075
91.978 -60.905 -368.087 1.023
18.444 -61.104 -492.033 1.019
30.074 21.866 -400.911 1.272
-38.935 -78.952 -463.480 0.926
-51.210 23.414 -423.904 1.014
-97.170 -43.563 -357.390 0.850
-70.445 55.570 -445.783 0.950
76.551 -83.279 -400.855 0.994
-21.904 33.306 -401.251 1.047
-65.583 94.339 -309.601 1.014
73.427 -65.725 -483.839 1.028
0.065 45.633 -337.300 0.886
-18.692 54.786 -419.300 0.962
16.451 59.125 -358.568 0.946
53.491 -65.669 -410.441 0.942
-79.516 75.136 -316.359 1.160
18.416 4.743 -302.889 1.094
-86.273 -18.033 -468.372 1.048
66.923 -25.803 -369.155 1.226
44.690 -69.728 -366.029 1.066
53.014 -38.937 -452.166 0.879
84.584 71.774 -319.940 1.016
-81.597 -30.886 -430.352 0.967
-42.653 -68.935 -408.791 1.013
-72.326 -74.414 -483.395 1.064
17.183 -97.248 -490.867 1.054
-12.398 89.956 -324.195 1.096
80.321 -70.509 -449.358 1.046
-55.820 -35.300 -308.909 1.077
-95.522 -84.758 -407.792 0.971
95.585 29.140 -314.857 1.114
-26.395 -60.598 -357.720 0.841
-78.307 20.387 -384.456 0.939
-9.232 90.438 -494.324 0.899
-38.011 -57.643 -330.230 1.075
-92.122 -97.227 -383.274 0.867
25.599 91.014 -430.245 0.941
-44.667 75.556 -427.428 1.129
-45.165 -75.529 -456.192 0.966
-34.252 5.956 -342.978 0.907
42.168 48.112 -371.421 0.960
-39.466 -93.585 -487.871 1.009
-1.246 -95.938 -484.245 1.079
92.113 -66.765 -465.487 0.940
0.790 -89.522 -385.609 1.189
70.839 -27.376 -350.626 1.006
32.298 -46.088 -417.122 0.934
75.829 65.479 -329.502 1.077
-55.000 -99.784 -348.175 0.868
-18.839 7.227 -497.086 0.935
-54.443 -78.867 -483.029 1.015
26.746 -99.732 -400.364 1.126
9.973 -93.822 -478.408 0.901
4.896 -84.413 -454.755 0.966
47.669 23.097 -366.021 0.843
-19.372 -67.200 -485.729 0.854
41.948 -80.255 -415.253 0.803
-53.557 56.408 -427.709 0.911
-44.395 51.588 -336.824 1.016
-92.354 72.654 -438.825 1.066
-21.032 -52.627 -446.739 1.034
58.384 -50.187 -471.948 1.100
-70.015 -21.035 -431.315 1.061
33.402 74.829 -424.664 1.066
-49.268 55.187 -438.688 0.901
36.892 -37.339 -378.286 1.020
-1.558 -72.610 -350.703 1.070
95.048 -65.873 -499.241 1.065
14.106 45.562 -365.762 1.190
-32.236 99.608 -486.460 0.902
94.671 -94.709 -389.248 1.235
34.260 26.989 -341.919 0.890
70.537 61.066 -480.052 1.127
-2.285 38.086 -435.622 1.020
-78.731 -16.165 -311.797 0.873
34.105 33.645 -377.039 1.031
-80.046 -64.025 -340.056 1.012
-15.809 -76.723 -369.050 0.979
35.714 78.280 -371.146 0.998
-43.200 -3.346 -317.141 0.959
84.146 14.832 -439.772 0.906
78.157 71.115 -315.947 1.120
-63.311 -35.025 -429.405 0.967
-7.727 0.487 -367.805 0.962
56.635 48.509 -420.513 1.047
-81.321 14.789 -317.820 1.004
10.038 16.282 -437.115 0.877
-19.179 15.981 -459.564 1.057
-63.438 15.600 -422.012 1.076
-53.168 -93.991 -411.874 0.883
-25.212 34.577 -451.244 1.127
88.428 -96.597 -492.809 0.973
-59.885 51.396 -429.572 0.665
-81.349 -60.325 -379.887 0.975
98.522 85.299 -476.499 1.133
64.715 84.292 -439.304 0.884
-80.659 -13.334 -397.613 1.227
86.052 -27.020 -471.647 1.055
41.346 -70.472 -345.427 1.113
-6.939 -75.625 -442.096 1.062
-6.147 35.916 -330.797 1.019
18.636 44.732 -390.555 0.992
-34.553 35.044 -372.397 0.855
-61.283 73.058 -356.478 0.908
91.679 -47.453 -438.359 1.019
-49.043 86.533 -378.340 1.256
-56.187 44.701 -409.862 1.172
-85.828 49.293 -360.856 0.998
47.661 -36.102 -486.087 0.954
-2.507 -60.632 -429.548 0.994
81.137 -46.137 -457.272 0.965
-27.050 -7.198 -318.936 0.897
-2.118 -31.355 -382.805 1.094
-87.146 42.489 -323.590 0.987
-76.095 38.777 -412.356 0.888
31.528 -45.980 -348.200 1.100
17.493 83.420 -458.881 0.956
-72.193 -69.249 -344.081 0.951
44.777 -0.125 -374.733 0.943
-97.207 27.814 -384.551 0.842
58.001 81.214 -427.929 1.016
-10.716 19.685 -477.239 0.978
-11.163 88.229 -473.534 1.066
5.706 90.992 -420.278 1.008
93.802 73.713 -348.468 1.099
71.687 62.176 -377.128 0.910
39.484 -71.379 -405.295 0.845
45.135 -98.086 -415.343 1.053
-37.804 -25.717 -422.031 1.096
48.750 -4.398 -456.706 1.000
-3.400 26.356 -391.873 0.832
-64.801 2.430 -400.066 0.983
32.242 19.124 -310.454 1.105
-50.229 76.833 -405.470 1.255
-63.789 77.580 -319.108 0.919
32.005 17.175 -487.054 0.997
-48.659 72.214 -303.337 1.107
-92.525 45.273 -301.421 0.951
91.403 -41.129 -335.412 0.876
23.813 -43.339 -394.738 1.038
44.912 37.925 -437.129 0.915
76.741 -70.665 -329.831 0.987
-93.591 -99.542 -454.424 1.095
24.576 47.709 -478.655 1.016
52.209 90.889 -467.596 1.034
41.731 32.869 -450.605 0.971
-14.656 -44.626 -388.610 1.043
3.348 24.894 -499.499 0.897
98.853 -2.086 -309.948 1.055
33.330 -35.940 -475.864 1.020
-71.548 5.841 -327.884 1.194
-90.553 73.316 -411.037 1.028
-33.829 48.810 -396.438 1.084
67.413 -58.362 -449.496 0.754
38.954 32.926 -350.970 0.840
-94.362 31.921 -337.272 1.032
10.751 -14.912 -369.136 1.177
86.876 -4.526 -449.006 1.092
12.898 -11.742 -310.853 1.061
-38.803 76.923 -339.152 0.893
31.091 53.777 -453.735 1.179
21.313 30.953 -409.845 1.206
-43.657 -17.942 -435.956 1.000
-30.546 -30.483 -465.539 0.961
-53.417 -25.186 -323.885 0.921
-81.303 -20.554 -467.094 1.107
-85.416 44.564 -396.914 1.008
49.885 44.409 -332.022 0.920
76.654 -74.168 -458.810 1.007
-33.194 82.547 -388.734 1.102
41.574 95.598 -469.084 1.008
-85.461 -0.754 -353.072 0.880
-10.287 21.975 -467.262 1.112
-84.507 63.585 -495.098 0.931
-44.235 -82.809 -330.373 0.913
20.282 70.041 -374.909 0.889
-59.261 50.694 -498.195 0.968
70.115 68.150 -318.602 0.952
71.382 -21.885 -491.550 0.949
-91.882 -37.636 -350.281 1.035
30.781 -79.916 -486.552 0.994
-18.682 79.096 -492.884 1.213
25.706 -20.774 -325.051 0.951
37.159 -83.489 -323.735 0.954
-18.448 28.150 -448.570 1.022
-58.590 -72.652 -424.596 1.075
95.283 -90.000 -442.631 0.975
71.016 24.341 -404.991 1.001
-72.074 -10.906 -466.863 1.028
-16.140 72.213 -359.072 1.176
-12.812 -68.386 -436.522 1.039
37.831 -42.980 -324.887 0.865
-32.220 -49.461 -417.729 0.927
49.859 -56.613 -424.425 1.113
4.202 59.406 -483.287 0.964
-85.633 -32.307 -407.310 1.054
-59.818 37.333 -391.626 0.749
6.936 -83.450 -435.975 0.899
50.288 -63.226 -465.862 0.992
-73.978 -81.089 -435.710 0.969
8.925 -40.784 -446.974 1.024
59.050 18.555 -493.433 1.000
-88.560 -43.844 -418.522 0.995
-11.575 -59.569 -474.327 0.924
6.793 -33.510 -328.207 0.969
1.598 15.460 -335.438 1.071
24.675 -43.381 -318.382 0.966
-59.217 -60.006 -463.095 1.093
-78.438 -41.899 -408.205 1.022
14.919 -91.642 -408.252 0.853
-94.723 -52.387 -331.718 1.015
37.517 26.134 -398.001 1.015
-72.148 35.657 -496.029 1.050
73.146 -27.973 -421.188 1.049
-90.253 -69.423 -399.387 1.149
-68.230 41.238 -464.108 0.990
89.132 49.293 -485.788 0.880
63.159 -5.049 -372.957 0.991
-97.696 97.760 -469.554 1.042
75.040 67.701 -309.742 1.005
-45.497 -13.873 -387.698 0.907
32.928 -5.255 -454.712 1.083
-28.202 -90.075 -382.875 0.915
-3.209 89.066 -403.832 1.285
-94.414 83.546 -319.682 1.062
-65.604 -87.984 -453.756 0.977
-51.726 5.173 -306.242 0.788
-49.341 -34.087 -327.100 0.686
62.314 -90.947 -349.179 0.920
48.484 34.326 -322.502 1.201
-40.379 29.219 -444.020 1.111
55.679 -90.387 -472.574 0.954
-57.821 -71.343 -347.661 0.900
-74.291 31.501 -310.335 0.962
55.709 85.146 -319.319 0.926
-60.564 -91.482 -477.970 1.197
-36.695 -14.159 -418.344 1.016
82.090 -84.806 -417.124 1.085
60.855 -49.742 -369.083 0.899
66.514 3.657 -342.538 0.939
99.874 -51.982 -371.683 1.019
63.768 -9.755 -364.833 1.011
-93.858 -75.341 -439.574 0.977
-63.729 -99.803 -483.729 0.986
93.045 -8.565 -484.902 0.973
-33.796 -51.768 -484.659 1.081
-95.302 32.259 -326.799 0.961
-16.824 8.606 -394.820 0.983
-11.473 -90.253 -339.833 1.088
-4.137 -48.879 -428.274 1.099
-83.790 27.039 -327.549 1.161
-17.126 93.812 -493.374 0.965
-32.992 -77.841 -401.231 1.036
-25.914 49.202 -350.566 1.020
-11.743 81.858 -449.988 1.002
29.606 69.825 -404.003 1.110
-99.623 40.144 -343.725 0.793
-69.784 55.266 -346.477 1.011
-2.663 -91.337 -386.810 0.922
-52.960 -89.920 -335.448 1.010
77.474 69.611 -497.932 0.791
93.487 -87.052 -339.303 0.908
-10.009 78.260 -314.618 1.083
36.045 11.220 -341.863 0.950
87.220 39.905 -373.240 0.925
-79.927 69.606 -314.121 1.174
12.251 -40.841 -334.852 0.992
-91.244 86.517 -411.996 0.998
-16.456 -52.898 -405.939 1.030
-54.563 -74.591 -416.871 1.010
42.355 -90.395 -440.026 1.028
-84.472 77.572 -313.470 1.010
-2.496 -3.832 -449.099 1.050
68.972 10.172 -317.841 1.102
-84.226 0.803 -471.485 1.054
36.983 -87.039 -311.058 0.981
-88.853 59.797 -484.322 1.012
-48.151 32.953 -430.725 0.933
-92.795 -20.154 -374.178 1.050
-76.924 -40.269 -436.239 0.979
60.364 55.272 -373.803 1.187
48.488 8.007 -379.909 1.023
52.557 73.250 -354.856 0.857
15.586 -71.807 -468.395 1.077
42.149 98.612 -466.362 0.966
-53.386 35.336 -431.177 1.060
-19.940 56.331 -391.183 1.017
-38.948 11.974 -301.508 1.107
-98.794 -87.001 -301.635 0.969
0.869 78.990 -352.198 0.854
-79.662 66.036 -325.961 0.947
58.628 24.720 -392.076 0.810
-14.638 10.528 -405.288 1.054
-39.928 70.331 -497.119 0.956
-52.128 40.253 -388.191 0.999
-51.217 79.204 -425.551 1.056
-28.851 -84.021 -384.406 0.901
-15.296 -25.576 -362.203 1.034
-11.220 52.324 -407.371 0.983
26.420 95.507 -360.090 0.918
56.876 -92.713 -304.032 1.051
91.309 82.692 -338.011 0.918
77.868 -21.566 -472.477 0.769
36.170 25.708 -423.989 1.026
-5.956 -16.805 -449.510 1.053
19.112 9.586 -417.815 0.777
10.890 -65.035 -349.532 0.987
-33.030 -89.192 -334.832 0.950
2.536 -45.727 -413.226 0.902
91.501 41.271 -410.261 0.876
37.421 -88.938 -440.600 1.006
-14.329 -25.404 -401.201 0.772
-51.764 94.963 -310.318 0.952
-13.406 83.244 -381.751 0.998
64.953 76.960 -452.961 1.205
72.289 11.225 -440.978 1.084
-66.146 91.500 -327.341 0.939
58.542 27.782 -453.168 0.999
34.182 -39.775 -423.814 1.002
32.027 61.513 -381.915 0.959
98.692 78.076 -446.290 0.929
-21.285 15.682 -315.202 1.207
54.631 58.835 -351.543 1.211
40.376 4.321 -414.741 1.094
21.028 88.892 -357.583 0.987
27.121 -38.803 -485.946 1.094
89.351 24.042 -300.675 0.909
14.526 -61.533 -493.612 1.035
-77.671 -6.165 -453.154 1.101
24.344 38.187 -379.640 1.059
78.916 84.618 -496.952 1.222
-69.594 12.299 -396.209 1.261
-10.629 70.581 -438.551 1.002
-58.642 -87.093 -337.523 0.938
9.435 -81.014 -476.217 1.124
-48.028 42.855 -339.782 1.105
-12.830 72.390 -443.337 0.710
-17.486 78.485 -301.715 1.042
7.023 -67.689 -485.480 0.869
52.367 14.020 -307.436 0.970
43.541 38.693 -486.546 0.791
-31.655 4.670 -383.709 1.054
6.925 85.625 -361.216 0.979
90.232 -11.391 -351.492 1.030
-75.192 -13.902 -481.291 0.993
-21.691 10.677 -334.403 0.978
58.122 27.311 -436.564 1.033
-85.327 43.251 -323.780 1.033
77.782 93.867 -314.961 1.017
33.010 -62.121 -333.975 1.001
-79.758 -33.943 -461.598 0.939
-90.498 41.207 -352.340 0.930
83.952 93.206 -482.171 0.947
17.930 22.710 -453.380 1.053
22.208 -5.201 -472.489 0.937
-92.960 91.441 -409.137 0.989
4.298 84.883 -385.202 1.018
-68.443 72.759 -478.738 1.077
26.173 -2.555 -318.183 0.898
53.010 61.241 -460.035 0.970
39.849 -22.899 -471.727 0.830
-95.389 -80.773 -477.184 1.048
66.466 -81.335 -398.439 1.011
-92.512 19.259 -336.056 1.098
78.555 40.321 -495.826 0.995
96.001 9.740 -398.604 0.953
71.398 -14.454 -407.805 1.025
-49.472 -98.661 -408.023 1.021
59.831 -68.250 -497.944 1.089
81.877 71.857 -326.567 1.132
-74.810 76.993 -492.667 1.080
74.845 75.183 -428.990 0.880
32.130 25.602 -489.858 1.073
26.311 8.228 -476.063 0.947
70.825 -33.766 -308.403 1.169
70.669 -21.141 -447.235 0.948
87.679 85.438 -431.916 1.096
7.931 -83.840 -381.289 1.117
21.544 -50.901 -434.086 1.012
81.324 53.496 -484.111 1.042
92.169 -95.756 -314.639 1.124
37.544 -79.134 -363.693 1.032
-25.956 -17.012 -463.058 0.879
34.242 -19.479 -480.356 0.874
-2.792 3.903 -486.973 0.872
3.456 95.352 -419.936 0.956
91.028 60.154 -419.859 0.860
71.844 95.396 -490.639 0.969
81.440 41.615 -331.434 1.013
-32.686 -25.888 -426.585 1.154
25.155 -77.123 -307.526 1.046
86.743 -96.211 -470.082 0.958
-94.530 -28.769 -431.972 1.009
-29.391 25.206 -305.257 0.840
16.430 29.779 -477.383 0.940
-44.926 70.666 -435.012 0.987
58.241 48.738 -376.953 1.047
-47.389 15.022 -423.869 0.793
14.426 -88.090 -407.530 0.928
-47.441 -55.546 -455.732 0.989
-85.204 -48.679 -437.916 0.805
82.810 -90.917 -417.602 0.875
-48.467 -14.524 -454.845 0.867
67.738 -91.537 -433.739 1.043
80.752 -15.187 -330.760 1.207
65.926 -22.956 -462.075 1.006
6.424 -29.723 -440.188 0.902
-96.630 72.337 -389.088 1.244
65.536 -30.280 -364.671 0.921
83.739 74.998 -367.808 0.967
83.281 55.234 -370.949 1.240
58.927 60.770 -349.613 0.892
-97.665 -73.339 -460.383 1.049
-4.239 73.713 -485.571 0.986
-59.156 -66.257 -393.083 1.102
99.421 71.706 -469.000 1.062
-23.457 -95.459 -307.545 0.962
26.284 -74.648 -337.761 1.089
9.777 -21.711 -365.474 0.931
-13.640 -73.347 -345.970 0.943
18.349 60.547 -383.445 1.059
92.242 5.361 -381.438 1.021
81.510 10.281 -436.199 1.165
-51.164 8.549 -357.660 1.141
-49.883 -51.291 -394.965 1.110
40.096 74.381 -452.643 0.922
22.405 84.930 -413.992 1.101
14.253 3.668 -331.304 0.959
46.992 22.535 -337.411 1.002
-11.234 72.699 -463.370 1.002
53.015 -95.061 -407.802 0.993
21.501 -92.530 -334.528 1.057
-32.589 74.840 -315.310 1.144
-42.307 -48.385 -345.470 1.128
74.902 -87.618 -418.308 0.945
50.919 -70.770 -485.418 0.668
-52.642 -5.693 -351.569 0.823
1.874 -0.691 -403.861 1.053
-86.317 27.284 -321.025 1.099
17.699 96.501 -427.492 1.001
-21.568 98.512 -483.391 0.887
-27.127 -86.839 -464.895 1.053
21.997 95.354 -441.855 1.108
97.974 53.427 -480.693 1.029
83.771 13.444 -338.635 1.233
98.505 66.307 -461.113 1.111
43.967 62.177 -360.842 0.941
-0.165 -81.749 -375.383 1.034
77.481 76.922 -445.337 1.103
-87.423 8.261 -362.789 0.982
-20.269 -60.619 -304.450 1.047
-1.335 7.024 -344.709 0.880
-88.016 34.135 -490.882 1.008
-17.277 -62.839 -361.860 0.998
39.184 -61.518 -321.673 1.017
-75.372 72.160 -486.227 0.930
-61.997 -34.875 -473.542 0.885
-18.024 72.772 -302.843 1.052
76.505 88.590 -450.368 0.855
-60.269 50.264 -313.715 0.943
-33.795 -28.212 -301.068 1.020
3.250 -97.621 -428.259 0.835
-65.326 -94.134 -486.523 1.110
54.679 21.497 -325.220 1.043
6.281 -15.179 -441.533 0.821
-98.345 -47.267 -427.999 0.944
-31.362 68.516 -381.083 0.957
97.368 -33.790 -370.915 0.950
-11.490 -2.929 -423.668 1.041
-56.892 -50.267 -339.162 1.180
64.651 8.670 -373.006 0.844
14.442 52.440 -345.780 1.006
-59.446 39.311 -369.490 1.037
-23.112 -11.030 -427.799 0.877
-22.417 -97.892 -483.217 0.982
57.989 -87.844 -373.970 0.909
-35.132 -16.569 -385.012 0.937
91.710 -8.739 -471.769 0.886
-39.231 31.985 -324.841 0.992
-53.955 -78.279 -387.576 1.101
-26.944 -95.249 -301.624 1.083
-61.247 27.294 -317.355 1.084
-2.392 -43.765 -409.293 0.959
85.656 94.914 -480.732 1.067
95.131 -38.560 -412.474 0.854
57.211 59.874 -307.321 1.030
-29.115 27.065 -350.414 0.883
-32.559 -55.712 -307.204 1.033
50.441 52.115 -401.380 1.282
85.904 74.399 -363.748 1.052
-39.953 -43.193 -370.555 1.036
96.538 -55.592 -359.226 1.036
-98.383 22.303 -452.942 1.019
48.681 5.077 -410.625 0.992
-80.835 -8.008 -334.902 0.847
-70.513 55.033 -300.944 0.835
-11.073 -7.578 -486.542 1.145
85.175 25.148 -393.964 0.952
21.223 53.619 -479.410 0.992
-37.312 68.909 -399.028 1.104
-20.793 -18.768 -465.035 1.020
3.280 -59.317 -437.570 0.952
72.654 -88.744 -396.285 1.068
95.350 35.178 -487.338 0.940
-56.989 -3.123 -458.707 0.841
-33.503 4.603 -316.653 0.876
-85.094 -15.615 -359.438 1.052
62.726 34.845 -349.661 1.113
79.263 83.437 -464.128 0.829
23.580 -86.156 -398.924 1.175
1.432 25.941 -494.244 1.108
44.786 -65.171 -433.720 0.951
-86.381 -89.061 -323.527 1.047
-0.364 -93.785 -345.719 1.099
-1.392 30.052 -315.397 0.972
-60.807 -33.443 -322.722 1.031
13.666 -0.346 -316.961 1.087
-88.276 -34.541 -378.779 1.206
98.580 98.676 -393.445 1.070
83.731 -43.490 -391.808 1.024
55.795 43.984 -354.701 1.079
-45.969 -9.757 -303.558 0.847
54.068 1.390 -399.053 0.954
-50.025 -97.993 -393.931 0.940
-11.021 95.611 -382.307 0.901
-15.785 15.749 -469.986 0.898
-93.568 -62.430 -413.825 0.996
20.914 -9.221 -410.235 0.902
-5.383 32.453 -408.908 0.958
76.897 -4.610 -398.745 0.920
85.574 35.301 -468.796 1.229
-74.557 70.881 -307.511 0.863
-12.627 2.069 -389.684 1.208
48.636 -6.158 -483.756 1.061
-16.585 -60.137 -451.024 0.926
-37.341 -29.705 -460.864 1.022
72.037 -27.455 -431.036 0.975
-92.853 84.111 -476.444 1.087
82.482 -78.333 -451.333 1.015
-4.267 -49.185 -301.715 1.079
-1.189 7.829 -349.051 0.945
35.262 95.088 -401.010 1.033
-17.886 -59.042 -456.349 0.948
-18.468 -68.478 -452.117 1.060
-96.237 72.973 -370.261 0.980
-41.870 -21.183 -392.264 1.066
-32.071 -29.528 -304.739 0.897
36.389 -6.738 -454.227 0.868
-63.964 -1.169 -348.589 0.957
31.836 -94.640 -458.999 1.061
-29.735 -28.488 -391.119 0.892
63.102 -49.275 -362.996 1.050
7.326 20.092 -412.882 0.836
-10.898 47.715 -449.686 1.232
-22.668 20.162 -339.292 0.870
10.832 33.762 -459.805 0.850
-0.454 -10.256 -373.285 1.188
-60.997 -97.316 -334.045 0.974
92.882 -22.663 -319.495 0.902
69.804 94.613 -407.752 0.991
-43.367 26.217 -395.763 0.993
-11.489 82.398 -490.699 1.253
-70.553 -30.750 -367.379 0.991
-90.846 12.631 -336.320 0.966
-91.403 24.701 -358.473 1.029
11.075 48.620 -492.818 1.076
76.963 -20.838 -338.850 1.138
20.754 93.588 -412.751 1.004
-60.958 -85.305 -443.378 0.977
51.478 70.829 -375.764 0.990
99.794 54.910 -388.468 1.084
-57.499 38.239 -491.344 0.907
51.554 -34.431 -455.339 1.058
-3.824 -62.390 -323.115 0.971
36.669 -40.995 -334.410 1.087
-11.812 -8.644 -311.460 0.911
-67.843 36.327 -309.201 0.862
-85.882 -34.847 -357.064 1.102
-38.771 38.165 -356.729 1.206
-21.189 6.630 -355.853 1.044
67.991 71.730 -369.140 1.028
-41.376 -17.998 -351.059 1.073
-29.002 -38.837 -385.227 0.926
-47.528 -79.012 -333.291 1.103
-59.919 -29.197 -473.920 0.849
-19.147 96.556 -443.184 1.102
78.620 29.960 -371.884 0.947
-99.440 23.786 -353.351 1.210
86.298 19.480 -376.723 1.261
-63.874 -13.398 -477.356 0.942
0.606 -93.556 -479.307 1.178
15.811 24.995 -460.025 1.072
89.566 2.796 -482.936 0.913
96.213 70.031 -446.831 1.091
59.668 -46.946 -377.891 0.994
-18.904 23.622 -328.695 1.023
27.327 21.417 -390.032 1.089
-44.192 62.055 -307.437 1.023
-56.648 -24.056 -334.887 1.070
80.399 -41.344 -387.371 0.903
