31.343 98.953 -321.623 0.924
-67.522 -48.645 -454.364 1.018
-12.513 -76.512 -440.934 1.203
93.863 16.957 -492.074 0.861
-5.444 -24.898 -361.511 1.057
-40.065 27.333 -365.571 1.074
46.875 15.930 -307.682 1.055
-97.741 -16.100 -421.374 0.890
-59.144 -12.265 -334.679 1.027
-61.346 28.888 -435.193 1.025
59.377 -65.465 -338.934 0.956
-60.407 -65.209 -362.187 1.268
-90.430 7.580 -344.837 0.984
-87.483 15.697 -494.974 0.958
-41.203 3.370 -321.980 1.127
-59.693 25.939 -305.334 1.072
12.976 26.508 -468.073 0.963
13.293 -84.404 -413.969 0.926
3.811 44.811 -449.023 0.988
22.360 -69.706 -389.240 0.992
83.491 -88.472 -490.464 0.994
19.479 -37.494 -429.812 0.926
44.551 30.810 -342.605 0.927
54.178 79.829 -396.491 1.119
-54.426 86.545 -432.886 0.969
29.972 -34.276 -381.678 0.969
73.986 45.810 -358.231 1.055
81.259 65.039 -476.845 0.864
49.176 -40.541 -360.372 1.009
-92.468 -23.328 -347.020 1.065
-11.397 90.130 -392.352 1.222
-99.263 16.432 -383.595 1.106
-25.945 -51.538 -484.551 0.892
90.712 -30.641 -314.581 1.040
22.137 -63.572 -338.316 1.097
87.605 -68.795 -343.224 1.091
-84.639 -47.263 -421.320 1.060
92.032 31.059 -397.012 1.075
-45.368 -84.037 -459.137 1.178
53.058 58.540 -429.321 1.105
-11.268 19.725 -329.068 0.925
77.070 87.567 -305.299 0.863
-23.392 -96.206 -410.231 1.059
-51.211 -33.972 -392.022 0.918
-26.313 45.724 -434.316 1.057
-31.626 -99.553 -387.055 0.963
95.584 -95.864 -415.610 1.046
-34.785 41.463 -360.442 1.108
69.411 1.059 -360.902 0.956
25.290 36.894 -448.146 0.929
62.635 57.591 -467.386 1.107
12.034 -12.568 -377.927 1.000
1.262 72.990 -420.108 1.153
93.199 43.621 -353.084 1.134
49.548 68.518 -475.197 0.855
50.509 -90.384 -355.272 0.889
63.690 -35.683 -464.377 0.925
-72.879 -23.967 -436.599 0.942
-75.651 46.804 -393.301 1.193
58.063 -24.208 -488.765 1.127
83.058 -47.174 -389.586 1.048
-30.432 -19.754 -349.636 0.891
-78.745 -87.218 -302.789 1.029
40.035 -81.973 -365.105 0.883
90.547 5.615 -333.304 0.969
15.657 -24.776 -380.345 0.855
-77.380 -97.986 -415.822 0.960
-72.870 -1.076 -354.949 1.003
-86.615 -29.389 -308.412 0.932
-94.489 30.421 -306.514 1.155
72.276 84.452 -437.614 0.916
79.056 -81.862 -324.795 0.825
-8.268 -86.497 -472.817 0.910
79.964 83.081 -370.751 1.151
98.548 -52.380 -429.018 1.002
-91.134 69.244 -316.586 0.947
91.944 6.460 -378.810 1.100
34.782 38.951 -304.758 0.755
6.833 -99.980 -332.644 0.892
-88.321 31.556 -404.679 1.200
29.036 24.650 -304.175 1.148
99.316 -36.413 -359.382 1.047
92.127 -44.616 -378.953 0.929
71.084 -49.105 -339.136 0.821
63.174 -87.284 -364.878 0.801
33.930 73.721 -493.417 1.158
-36.647 -86.053 -385.400 0.976
-84.471 9.495 -494.065 1.039
29.405 42.895 -382.297 1.022
4.056 -10.725 -358.696 1.019
-32.156 -81.865 -344.761 1.024
-98.965 -60.018 -318.681 1.013
53.241 55.514 -452.116 1.043
46.415 27.256 -420.953 0.937
-80.904 -48.340 -315.105 0.864
-82.665 85.119 -423.701 1.070
-99.329 -62.579 -497.353 1.083
4.595 93.753 -433.021 1.103
-23.352 53.765 -461.483 1.182
-20.094 -55.287 -418.036 0.791
53.307 11.744 -345.824 0.931
53.608 -75.122 -477.749 0.891
-68.813 -19.928 -372.061 1.097
38.879 79.246 -378.828 1.030
-1.689 14.593 -375.212 1.116
-47.126 -20.899 -305.842 0.978
0.507 -14.066 -442.172 0.995
89.158 -91.703 -418.802 1.139
97.956 -86.624 -389.773 0.951
-57.291 -30.111 -488.462 0.976
-86.380 -47.408 -433.402 1.000
81.820 8.168 -375.477 0.936
-82.045 -32.056 -320.915 0.793
-75.813 -10.429 -436.577 1.015
-72.060 17.569 -400.879 1.184
-59.087 -12.486 -480.162 0.945
90.840 -59.135 -318.028 1.057
-42.970 -91.159 -345.293 1.034
77.938 37.243 -467.291 1.137
-13.724 7.235 -312.637 0.891
-45.847 78.468 -427.051 0.869
-82.459 -53.896 -426.097 0.945
82.099 -32.983 -496.471 1.149
-21.211 -44.925 -475.291 0.940
-31.764 -79.568 -350.200 0.828
-30.069 -46.979 -397.120 0.967
55.161 -74.446 -435.710 0.955
-50.223 70.073 -325.193 1.039
30.063 52.880 -463.090 0.963
-98.391 -66.570 -466.205 1.078
-58.286 -92.961 -480.226 1.071
62.168 74.743 -393.374 0.853
-42.791 73.151 -361.993 1.019
37.495 34.781 -406.009 1.034
96.240 71.564 -327.740 0.910
21.149 -99.178 -417.708 1.030
7.232 -19.280 -471.621 1.055
99.404 -53.012 -383.065 0.895
70.990 -53.377 -440.044 1.058
16.296 20.720 -470.521 1.139
87.301 69.403 -474.468 1.035
55.027 -25.252 -333.574 1.046
14.668 -61.840 -311.352 1.021
23.780 -33.453 -361.229 0.890
69.194 -82.003 -349.676 1.168
-53.306 -5.655 -479.965 0.940
-25.565 -28.053 -426.264 1.130
-30.959 -82.929 -341.224 0.998
1.529 -0.150 -366.058 1.032
-19.493 -8.534 -344.236 0.871
-6.927 54.937 -354.317 0.930
-96.366 79.532 -399.039 1.078
69.985 89.196 -439.649 0.960
59.304 71.869 -492.431 1.046
1.738 54.637 -344.119 0.920
-12.342 -25.640 -349.771 0.911
75.314 -81.140 -373.897 0.889
-85.249 0.977 -347.057 0.778
-92.761 94.075 -397.424 0.875
56.699 63.224 -338.116 0.886
-18.348 49.560 -307.200 1.046
82.537 -87.037 -302.258 0.963
-61.179 -66.527 -481.666 0.979
-23.570 75.924 -434.746 1.066
-13.069 -57.750 -480.378 0.998
-58.165 -95.516 -313.884 1.148
32.151 -80.571 -493.057 1.102
93.078 -90.018 -305.010 0.933
36.526 17.461 -325.641 0.974
85.887 34.742 -379.814 0.983
22.081 -2.573 -326.097 0.877
76.893 99.367 -319.760 0.986
-30.688 89.596 -355.646 0.990
42.793 40.810 -421.355 0.939
11.357 88.573 -343.802 1.046
23.159 -79.343 -380.509 0.871
50.032 52.005 -467.181 0.841
-77.077 61.690 -332.048 0.989
-18.288 51.204 -339.666 1.016
56.825 80.638 -473.375 1.060
72.033 -78.892 -450.713 0.997
95.896 36.453 -395.476 1.073
55.311 -2.029 -441.878 0.995
-13.694 87.393 -321.192 1.270
71.674 66.428 -403.176 0.758
65.132 -48.875 -410.758 1.023
-95.630 39.304 -473.904 0.933
-53.292 59.147 -311.991 0.804
-95.618 57.186 -346.621 0.850
54.152 49.792 -312.094 1.270
45.174 27.313 -436.568 0.914
-78.856 49.651 -383.323 1.014
-37.697 -9.236 -391.556 1.061
-23.761 -15.077 -468.284 0.916
-0.750 25.906 -357.439 0.954
5.609 -75.455 -447.764 0.914
49.211 45.432 -326.677 0.974
82.997 -40.924 -333.589 1.064
78.184 -35.733 -301.066 0.898
-40.447 93.079 -457.215 0.923
-17.937 28.254 -486.208 1.123
-69.007 -79.642 -375.253 1.015
75.323 -54.272 -400.319 1.031
-22.144 -22.165 -437.300 0.793
-88.194 -90.161 -385.787 1.084
-32.013 -82.756 -448.094 0.962
-47.098 20.164 -387.942 1.053
-13.556 -83.281 -486.201 1.011
61.186 -87.189 -355.085 1.141
62.813 -33.307 -373.508 0.937
58.251 67.251 -335.713 1.102
91.346 -62.792 -337.742 1.189
82.801 80.044 -415.511 1.075
-81.837 -9.636 -420.550 0.964
59.958 81.222 -378.650 0.882
-66.376 37.198 -370.723 1.064
-22.580 -50.693 -396.889 1.016
-58.717 57.668 -429.840 0.995
-33.248 -45.502 -454.895 0.963
-83.501 -58.310 -480.052 1.041
-41.625 -18.759 -353.905 0.897
47.759 -76.758 -383.412 1.004
88.173 52.862 -402.049 0.924
-74.357 -3.828 -410.891 1.208
-20.988 -1.954 -451.143 1.081
-1.993 27.706 -456.279 1.120
-48.235 -67.924 -478.925 0.997
83.060 -35.760 -443.959 0.879
-61.817 80.586 -309.972 1.149
60.322 -71.788 -435.973 0.950
-85.296 -80.809 -384.378 0.852
-72.109 72.949 -368.627 0.998
-86.335 -32.655 -413.587 0.921
-80.605 87.189 -399.974 1.074
-70.801 29.940 -450.098 0.848
15.048 -26.482 -351.449 0.838
-24.330 58.932 -447.290 1.092
79.986 69.021 -373.630 1.005
-31.594 -41.836 -426.868 0.981
23.307 41.822 -476.314 1.160
-81.114 -16.131 -301.888 0.938
90.075 31.620 -363.378 0.996
-47.422 51.900 -415.957 0.956
-77.876 35.033 -490.802 1.093
88.331 9.262 -474.951 0.922
41.854 73.264 -472.687 1.096
-50.399 -91.753 -335.025 1.063
-93.205 76.301 -377.679 1.243
-78.535 14.282 -432.307 1.009
11.110 -50.259 -371.836 1.011
-57.300 -21.511 -309.430 0.931
-59.596 -12.568 -438.173 0.800
24.578 19.787 -300.704 0.983
0.487 33.191 -372.570 0.710
58.947 -39.744 -418.478 1.117
94.979 79.260 -484.038 0.963
-25.351 -87.005 -476.213 1.045
-23.212 89.126 -356.368 1.104
98.299 -2.678 -382.441 0.832
-75.715 27.895 -317.835 0.898
99.422 -47.169 -422.231 0.793
-76.196 24.161 -443.272 0.965
16.734 -65.233 -397.042 0.980
-6.962 -32.939 -458.834 0.984
-55.662 36.662 -361.206 0.970
-72.330 -95.638 -460.215 1.162
42.956 -59.577 -475.475 0.955
41.070 4.990 -360.407 1.119
-17.602 12.969 -354.225 1.105
13.936 -18.114 -382.906 0.933
-99.957 18.176 -347.514 0.883
-62.649 -73.178 -347.046 1.020
-75.849 84.025 -328.597 1.062
-70.795 55.545 -491.881 1.133
-17.489 -8.078 -441.759 1.240
84.427 -4.338 -368.289 0.958
-71.539 -81.804 -306.075 1.164
25.557 15.480 -357.213 0.985
-91.691 67.689 -481.400 1.032
45.036 -50.401 -331.045 0.779
26.038 27.256 -376.587 0.905
23.329 -14.734 -367.641 1.056
66.545 -74.294 -453.823 0.830
6.442 -70.773 -488.338 0.911
-8.735 -70.854 -329.038 0.976
65.668 29.523 -343.595 1.044
-60.370 9.850 -368.037 0.949
-75.646 -45.065 -396.635 0.898
-58.705 -56.242 -394.745 1.278
10.397 85.782 -330.290 0.953
-2.238 -24.199 -415.855 1.092
-4.992 32.003 -344.309 0.937
17.114 -43.783 -457.020 0.740
-0.778 45.697 -493.009 0.925
98.632 -17.621 -389.738 0.948
-57.903 -35.360 -496.688 1.083
-87.989 68.687 -315.857 1.055
-74.931 -74.287 -409.757 1.035
69.944 34.183 -396.576 0.785
-63.657 94.957 -463.443 0.886
-84.913 -87.439 -304.999 0.771
-95.590 24.196 -408.222 0.877
-28.626 55.746 -451.790 0.788
57.976 29.321 -325.248 1.061
21.213 96.391 -474.918 1.025
-16.865 -61.179 -376.885 0.994
-49.200 -92.220 -420.156 1.108
49.280 -47.495 -375.106 0.907
27.403 -78.466 -399.392 1.157
-47.140 -39.484 -382.677 1.112
81.218 76.218 -361.957 0.852
-63.201 93.517 -322.789 1.056
-25.311 75.539 -456.034 0.796
-72.709 11.280 -395.167 0.965
-99.052 -35.860 -442.662 1.146
22.642 -63.032 -319.662 1.032
71.416 75.616 -497.686 1.099
-67.070 -2.442 -356.776 0.833
-20.483 6.953 -320.984 0.953
76.059 24.110 -404.349 0.843
83.680 68.695 -429.842 1.115
91.022 2.853 -412.398 1.026
66.927 31.589 -445.836 1.072
-36.499 79.081 -370.870 1.043
-4.102 -23.903 -428.096 0.846
45.353 -9.149 -473.617 1.068
-36.937 -57.332 -388.859 0.895
-17.148 -97.991 -393.921 0.970
4.057 -41.844 -306.288 1.025
86.082 24.367 -328.334 0.972
22.080 38.632 -408.398 0.957
94.593 -41.044 -469.429 0.994
-94.316 75.746 -497.870 1.034
31.323 23.659 -333.724 0.973
57.590 91.455 -455.647 0.757
-90.212 -95.143 -422.141 1.001
67.352 94.962 -427.412 0.906
-21.183 35.851 -407.732 1.045
34.173 91.801 -379.866 1.094
-85.504 -59.506 -310.075 1.059
31.452 -65.165 -303.248 0.958
-35.812 -27.057 -419.944 0.980
51.030 -64.755 -455.723 0.930
-51.403 -23.765 -321.679 0.958
-91.288 -48.281 -495.017 0.929
-20.181 -61.695 -470.326 1.050
15.196 2.684 -421.252 0.984
-0.404 34.261 -422.044 1.084
-49.440 -12.895 -336.917 0.895
-9.567 -67.580 -359.812 1.031
90.412 93.321 -391.026 1.212
-76.763 -62.747 -341.554 1.123
-27.161 63.276 -346.024 0.977
72.727 23.205 -418.626 0.811
-21.435 -2.903 -302.147 0.867
-9.306 -33.742 -302.547 1.102
66.906 -70.144 -308.912 0.974
-5.173 51.637 -470.226 0.993
-62.722 -57.037 -302.183 1.036
75.830 33.002 -422.224 1.030
-50.573 93.740 -304.099 1.025
-51.522 -92.428 -382.246 1.040
-8.279 -59.109 -431.011 0.935
76.925 30.972 -378.151 1.030
87.257 19.396 -320.341 1.083
-15.466 -35.860 -394.984 0.971
95.524 67.381 -462.828 0.973
-59.095 29.518 -366.456 1.243
2.770 43.352 -382.495 0.821
-83.413 -75.123 -480.051 0.902
88.377 14.188 -322.602 1.030
-22.035 5.973 -436.224 0.978
93.547 -13.147 -310.789 1.004
3.792 -83.738 -437.906 1.014
-95.043 1.738 -455.720 0.873
-95.600 -80.382 -484.165 1.092
-64.577 -56.809 -360.958 1.093
33.625 30.515 -341.132 0.959
15.625 97.046 -414.499 0.924
28.341 27.891 -418.226 1.075
-17.253 -33.864 -325.853 0.983
-8.656 6.467 -361.226 1.044
57.746 -55.774 -420.620 1.010
54.237 35.276 -367.477 1.051
66.014 -27.040 -436.043 0.948
17.005 60.313 -337.700 1.109
87.444 21.217 -374.696 0.992
-80.471 -77.463 -373.757 1.008
-42.908 -33.015 -334.440 1.036
-14.488 -98.617 -370.199 1.013
29.833 -29.928 -411.582 1.028
-11.755 54.156 -315.034 0.822
56.137 27.350 -489.780 1.042
-79.244 -88.775 -423.941 1.129
-92.408 -18.193 -427.744 1.238
59.610 -80.656 -352.416 1.116
-43.126 -92.530 -423.396 0.993
35.016 12.503 -302.009 1.164
-36.925 -97.710 -377.157 0.994
85.834 -42.292 -378.240 1.079
70.228 -32.050 -452.037 0.923
-74.614 33.059 -410.621 1.016
-47.155 -56.352 -338.512 0.970
4.044 21.398 -449.240 1.089
70.252 59.041 -407.875 0.733
-80.503 53.964 -388.288 1.030
-7.637 -86.192 -425.455 1.008
-48.479 60.592 -363.717 1.085
73.485 42.967 -369.237 1.121
-40.600 71.273 -493.536 1.098
-84.503 -56.162 -316.769 0.885
8.753 -35.089 -356.556 0.992
-38.833 -27.143 -489.812 0.976
77.137 -97.866 -317.715 1.145
-98.378 10.781 -469.443 1.077
54.877 89.052 -303.362 0.982
53.955 64.459 -438.911 1.201
-9.677 -52.061 -350.173 1.088
12.632 -85.133 -315.723 1.117
41.319 -43.118 -404.002 0.937
74.635 22.999 -491.770 1.013
92.312 -71.459 -313.714 1.044
93.835 57.068 -480.811 1.030
54.462 3.169 -494.076 0.990
80.857 -65.032 -460.891 0.919
-73.038 -62.601 -460.227 1.122
-29.865 -45.228 -464.662 1.022
78.292 37.392 -435.794 1.157
-53.119 -11.562 -303.375 0.878
23.227 40.361 -351.006 1.178
-92.748 60.967 -420.889 0.906
82.422 33.771 -360.556 1.190
-62.470 -72.285 -332.713 0.872
85.828 74.865 -333.027 1.091
-37.710 -0.332 -370.293 0.985
80.279 34.070 -334.450 0.976
32.097 -2.500 -419.994 1.024
79.098 97.280 -347.817 0.920
-86.738 75.911 -311.001 0.878
-43.865 -66.765 -477.260 1.123
69.271 -66.117 -478.118 1.087
-64.416 47.077 -319.152 0.972
1.570 2.164 -385.411 0.927
24.898 -5.213 -346.290 1.016
-53.026 -11.311 -402.891 1.099
-63.394 -31.048 -463.768 0.983
1.702 -72.275 -320.634 1.049
-6.835 4.406 -410.945 0.901
52.833 32.226 -463.829 1.028
47.423 4.279 -331.036 0.995
-98.023 58.173 -479.775 1.119
71.136 95.838 -428.808 0.940
66.730 -4.109 -333.145 0.842
-85.034 10.894 -466.172 0.943
20.657 77.108 -374.197 0.916
-85.685 -99.920 -468.916 1.141
-11.129 -38.740 -433.231 0.841
-77.295 89.695 -362.233 1.108
-54.143 -9.951 -477.050 0.976
43.771 92.817 -439.727 0.994
-69.155 -63.135 -414.777 0.798
37.253 77.085 -394.447 0.993
-90.856 -30.467 -496.276 0.868
41.141 -68.515 -446.689 1.104
-55.479 54.040 -390.486 0.931
-90.645 -47.564 -459.513 0.989
-13.583 -20.839 -461.446 1.049
-46.412 -43.205 -366.441 0.957
-96.757 29.850 -322.419 0.896
39.028 85.183 -456.663 1.142
-15.749 37.267 -481.646 1.053
-67.247 0.011 -323.779 0.920
55.320 59.534 -435.231 1.041
-3.381 74.844 -324.051 1.050
-43.282 8.736 -408.536 1.082
11.340 13.425 -333.353 0.975
-20.016 37.391 -334.647 0.951
-89.406 74.893 -393.718 1.031
75.693 -38.867 -421.372 1.089
-91.933 -75.974 -369.423 1.002
74.314 28.204 -472.654 0.824
-42.357 -48.340 -374.293 0.979
50.835 27.698 -378.318 1.035
60.451 68.783 -413.661 1.049
-22.511 35.082 -328.924 1.064
-62.355 86.741 -420.325 1.221
96.508 1.666 -428.375 0.994
29.932 29.277 -494.839 0.997
-55.139 -73.351 -456.646 1.139
-22.084 81.762 -473.782 1.097
-70.528 45.957 -336.769 0.977
75.240 -54.064 -300.170 0.797
-2.820 -3.042 -364.406 0.932
-12.055 16.885 -411.418 1.027
55.330 94.391 -301.685 1.080
-46.893 62.239 -494.996 0.929
36.303 27.601 -388.857 1.055
42.674 97.850 -332.773 0.965
-66.997 -41.483 -322.719 0.965
75.607 55.534 -356.765 1.056
28.582 37.102 -300.038 1.181
17.225 -47.571 -390.486 1.017
-72.886 -69.035 -339.501 1.060
29.078 -25.935 -390.974 0.950
-64.990 -96.976 -378.874 1.035
12.562 79.872 -460.761 1.022
1.477 64.646 -372.448 0.883
44.806 -43.349 -351.773 1.043
-81.312 -21.418 -349.940 1.067
64.032 21.792 -486.052 0.975
48.315 64.517 -309.191 1.025
63.049 -80.341 -474.209 0.974
2.485 -55.983 -376.539 1.155
48.356 -1.372 -433.044 1.090
50.107 87.344 -336.892 1.047
-20.815 23.606 -349.982 1.005
-53.069 72.244 -403.659 0.839
76.740 78.662 -372.642 0.954
-76.219 -28.536 -341.881 1.272
-98.276 -41.263 -362.040 0.908
-73.726 -49.492 -354.169 0.950
-46.985 -4.520 -358.845 1.117
55.990 -17.058 -418.289 0.817
-87.112 30.751 -449.406 1.105
-35.651 85.391 -377.219 1.002
96.722 92.417 -470.849 1.029
-17.952 8.434 -361.612 1.234
-7.060 -27.858 -468.939 0.954
-66.653 18.697 -317.675 1.104
35.448 74.267 -390.097 0.963
81.301 45.477 -306.931 1.016
72.364 -61.364 -415.800 1.040
9.635 -88.386 -382.320 1.142
-88.836 99.325 -411.550 1.084
-83.397 -82.672 -460.300 1.135
-85.249 14.813 -319.505 1.086
-58.028 -52.132 -441.739 1.026
9.264 55.850 -487.418 0.993
55.006 -99.640 -341.333 1.091
2.132 18.493 -325.957 0.918
-30.249 78.202 -332.774 1.119
58.274 86.960 -372.887 1.007
8.419 48.488 -470.671 0.976
-98.325 61.986 -399.794 0.919
-50.157 -50.681 -407.059 1.046
-22.851 -21.534 -331.968 0.981
-87.422 35.712 -475.506 0.917
83.151 60.486 -428.907 0.992
-49.647 -8.593 -401.423 1.138
-29.395 56.293 -321.233 0.973
-89.132 64.072 -342.448 1.018
45.502 -24.155 -404.736 0.863
92.462 80.751 -459.754 1.018
-22.669 68.397 -433.101 1.054
31.536 73.113 -382.871 1.112
-0.921 22.187 -401.751 1.084
49.253 -71.870 -499.685 1.188
-77.388 -57.909 -364.422 1.003
-40.164 74.978 -410.928 0.892
26.534 14.338 -342.579 1.098
65.778 -32.286 -340.831 1.105
23.586 -57.120 -428.960 0.858
-80.175 -93.071 -336.386 1.039
6.165 56.351 -450.920 1.168
47.606 15.730 -334.131 0.959
-87.331 83.583 -434.879 0.922
53.638 9.668 -384.797 1.070
75.185 -38.375 -480.823 0.894
22.088 54.972 -434.000 0.992
-93.039 -40.743 -410.024 0.997
-95.371 -89.073 -335.858 0.902
-56.187 91.806 -408.689 0.872
40.127 19.274 -420.426 1.033
97.111 -75.355 -441.458 1.083
27.904 -43.349 -410.360 1.182
-74.654 58.884 -410.998 1.103
55.525 25.450 -475.557 1.052
44.059 -78.990 -381.224 0.945
-20.419 59.488 -379.006 1.060
-28.336 0.608 -477.766 0.867
-84.993 -95.176 -458.189 1.134
-4.162 39.116 -441.843 1.073
54.560 21.951 -419.756 0.897
-30.741 98.256 -415.806 1.063
34.058 32.828 -445.109 1.126
50.930 98.353 -312.664 1.042
-60.994 81.257 -448.994 1.083
-24.619 -74.330 -433.821 0.984
-19.782 -90.772 -498.828 1.061
43.795 42.923 -398.565 1.042
79.161 -10.064 -415.012 1.010
-34.430 -79.867 -448.554 0.908
-20.831 -88.608 -321.258 0.918
88.248 -30.248 -375.966 0.949
-59.713 -63.819 -399.617 0.877
54.992 -36.314 -411.235 0.895
97.424 89.004 -319.428 1.007
-70.739 -1.580 -401.483 0.952
-45.663 56.186 -465.395 1.005
74.607 23.922 -367.018 0.964
-4.423 64.029 -365.738 0.988
16.993 42.015 -330.903 0.933
3.554 37.470 -397.810 0.946
-16.257 73.351 -421.358 1.130
52.858 61.159 -400.196 1.057
-66.171 14.303 -333.579 0.964
-62.065 31.859 -356.228 1.018
45.096 1.711 -325.190 1.067
1.770 36.463 -397.150 1.141
51.516 -76.527 -482.819 0.877
15.117 18.636 -383.073 0.934
6.450 -69.996 -443.019 0.965
-44.019 16.214 -370.340 0.913
54.427 55.499 -386.442 1.134
-94.621 -1.233 -448.073 1.069
27.410 51.904 -331.503 1.002
-82.330 90.201 -397.317 1.058
-8.947 58.612 -331.771 0.984
-52.365 72.848 -318.490 0.985
76.264 -11.397 -426.005 1.147
13.140 -1.115 -409.019 1.023
-72.038 -56.663 -461.707 1.132
91.170 -69.046 -348.395 1.055
89.103 -17.111 -472.702 0.954
96.096 -84.658 -476.862 1.171
-38.785 -92.219 -397.124 1.155
-60.004 55.021 -317.914 0.939
91.141 95.093 -366.939 0.994
-85.645 49.123 -304.153 1.019
23.051 -6.648 -376.328 0.961
42.229 -86.293 -429.134 0.937
-33.479 -7.859 -303.270 0.973
-5.425 -73.702 -363.508 0.924
19.239 78.779 -411.751 1.011
18.464 23.121 -417.350 0.863
62.330 -88.822 -413.875 0.935
-27.709 -64.458 -343.334 1.009
-84.413 -47.636 -316.228 1.023
-38.534 -46.162 -424.772 1.084
71.510 -16.797 -484.653 0.910
91.671 -99.346 -434.606 0.940
28.786 -55.684 -439.120 0.932
-51.757 67.020 -349.789 0.825
63.535 37.927 -435.520 0.960
-77.697 31.930 -464.543 0.893
7.229 -89.644 -401.778 1.097
35.987 14.099 -462.144 1.031
18.195 9.476 -321.303 1.137
9.774 79.592 -473.229 1.067
-49.676 -28.236 -408.710 1.060
-58.579 -42.314 -358.918 1.049
-20.114 -71.989 -466.982 1.037
99.490 -85.079 -439.861 1.062
-87.397 84.336 -439.462 1.131
90.021 -32.476 -419.721 0.893
-12.686 38.615 -367.139 1.063
-53.010 77.391 -390.870 1.031
-56.135 -3.251 -348.598 1.271
13.688 99.822 -361.644 0.960
81.065 -0.931 -407.438 0.857
84.963 -13.571 -478.871 1.152
44.713 14.945 -460.278 0.953
-15.256 71.544 -474.102 0.888
4.567 66.853 -344.233 0.857
73.414 6.791 -467.062 0.928
55.093 70.798 -483.706 1.075
-91.345 78.123 -352.352 1.024
43.856 46.611 -319.178 0.927
-99.063 -71.583 -437.750 1.031
37.682 42.198 -492.842 0.971
-21.455 54.846 -369.127 1.017
-79.270 -89.187 -308.571 0.908
55.930 21.179 -383.235 1.260
-18.310 -48.659 -414.287 0.962
73.891 -47.876 -458.836 0.902
-92.899 12.365 -367.481 1.129
78.278 -55.978 -438.809 0.937
-53.219 77.053 -414.606 0.882
9.010 -70.314 -357.597 0.929
8.395 -69.506 -370.174 1.227
-57.155 -6.843 -453.283 0.971
63.517 -29.424 -464.794 1.139
75.740 92.103 -451.872 0.886
-69.438 -46.517 -475.390 1.088
-46.708 91.597 -355.834 1.068
54.999 26.767 -460.838 0.958
-83.845 -29.246 -314.391 1.004
-25.818 -81.381 -335.892 0.939
-8.236 -63.722 -439.621 0.972
42.892 -43.753 -340.704 0.946
-21.727 -14.379 -366.413 0.822
-47.425 53.150 -355.102 1.025
52.190 47.221 -445.390 1.115
54.220 -82.764 -468.986 1.111
28.754 54.051 -416.569 0.971
88.846 23.731 -471.326 1.013
4.895 -75.198 -351.575 0.871
-43.029 85.943 -496.405 1.029
45.816 -67.015 -333.383 1.049
34.501 97.360 -444.510 1.037
20.574 -26.589 -336.984 1.132
98.783 15.104 -366.559 1.150
79.978 -83.248 -446.228 1.155
-67.832 0.812 -383.036 0.893
10.140 -52.575 -433.383 1.022
-91.377 -64.512 -355.321 1.112
75.341 20.036 -370.017 0.994
83.760 -26.259 -348.754 0.936
-95.695 -38.222 -347.346 1.107
-77.816 24.365 -478.697 0.900
-19.534 -85.192 -319.936 0.986
61.070 97.061 -315.664 0.811
21.842 -94.784 -310.448 0.983
-18.240 -98.806 -300.257 1.037
-87.695 21.066 -486.600 0.937
-27.513 0.959 -319.398 0.855
-32.474 -38.304 -335.753 0.810
3.887 -99.007 -326.026 1.002
43.295 63.494 -339.757 1.064
52.828 -89.797 -476.330 1.044
-10.677 43.389 -359.745 0.946
31.167 -83.950 -471.311 1.054
41.516 -53.132 -410.975 0.925
84.856 -88.248 -321.226 1.007
86.851 -37.810 -339.876 1.014
-23.168 -24.665 -451.338 1.052
-77.437 84.143 -312.971 0.839
9.053 -54.205 -386.284 1.149
9.916 29.721 -420.497 0.944
-45.738 -6.012 -338.965 1.020
-12.070 41.176 -386.876 1.043
-18.623 18.347 -484.123 1.167
-32.871 -44.053 -365.036 0.862
10.515 -33.051 -307.126 1.199
12.214 63.237 -439.869 1.025
-44.880 19.839 -441.250 0.796
-24.728 -87.207 -440.686 1.172
68.022 70.138 -344.975 0.978
-98.121 -15.763 -401.954 1.175
30.041 32.739 -304.035 1.085
36.762 45.196 -356.578 0.802
32.856 95.660 -331.240 0.975
23.823 21.534 -444.383 1.186
63.404 39.830 -369.796 0.938
18.032 -58.077 -330.407 0.883
-40.114 -91.520 -355.265 1.083
-54.223 11.946 -418.124 1.014
6.173 -2.849 -475.035 0.949
71.192 -95.365 -354.523 1.041
-33.556 -46.874 -319.725 1.091
88.795 -71.394 -465.764 0.928
65.661 28.692 -482.485 1.021
97.295 -80.328 -367.128 0.994
47.341 -62.570 -349.407 0.996
27.526 52.942 -482.706 0.950
-97.390 27.097 -495.501 0.944
28.289 -10.698 -492.900 1.098
-39.740 -66.716 -369.136 0.803
40.789 70.416 -497.830 0.960
48.230 38.627 -347.974 0.866
-32.222 76.788 -375.837 1.004
84.252 31.566 -379.358 0.944
-24.760 -37.694 -351.268 0.803
88.003 -85.661 -332.737 0.996
-52.280 -61.757 -308.520 1.157
-41.898 -78.172 -393.879 0.908
-33.136 82.962 -303.639 1.020
61.368 -42.573 -333.471 1.068
-93.954 29.123 -456.555 0.979
-3.663 -46.162 -471.348 0.916
16.315 -49.609 -304.806 1.008
85.373 -29.033 -469.023 1.236
61.257 -87.250 -301.228 1.126
32.980 24.375 -472.956 1.125
69.647 94.016 -470.208 1.094
-78.086 98.673 -460.881 1.188
-31.200 -61.059 -400.167 1.059
57.157 83.651 -417.476 1.148
36.372 -31.471 -434.834 1.083
-21.754 -97.962 -335.581 1.058
-49.236 52.180 -404.022 0.989
-98.985 84.290 -406.081 1.033
25.308 10.005 -312.951 1.078
91.341 22.314 -445.325 1.093
-40.027 69.497 -326.285 0.887
-37.417 19.758 -453.752 1.113
30.873 19.228 -328.359 0.944
9.946 -95.138 -450.219 1.205
-11.376 17.419 -371.733 1.024
20.790 19.197 -357.016 1.111
92.628 -28.788 -308.035 1.013
-4.693 99.855 -451.062 0.956
-68.112 82.038 -473.742 1.104
50.916 62.380 -448.652 1.053
-70.967 13.190 -422.746 0.975
-51.846 94.691 -360.906 1.025
95.170 -89.432 -346.133 0.985
54.228 91.261 -485.478 0.782
71.272 86.614 -451.588 0.979
12.745 35.091 -325.017 1.068
28.281 -2.806 -364.031 1.016
-1.085 55.844 -499.139 1.001
3.685 -51.339 -410.777 1.058
28.209 64.124 -407.694 1.135
-96.956 10.148 -357.462 1.058
-84.390 -49.686 -389.281 0.915
-73.265 23.158 -332.842 1.153
85.256 17.822 -399.347 1.100
17.643 -49.129 -398.579 0.815
-87.336 41.098 -480.803 1.036
-11.991 -91.980 -452.069 1.025
52.366 -40.130 -307.788 1.003
-95.524 58.179 -359.626 0.925
-44.457 -93.669 -363.587 0.911
-29.465 20.790 -302.417 0.945
-50.320 57.500 -454.577 1.085
-39.171 -61.421 -319.780 0.977
51.479 61.683 -416.841 1.096
3.529 -19.763 -422.214 1.017
60.317 80.053 -440.649 1.007
74.096 65.711 -367.077 1.073
-85.130 -48.250 -447.152 0.995
-50.908 95.751 -361.388 0.941
50.930 73.087 -336.983 0.872
-5.079 -43.492 -437.604 1.025
9.208 19.963 -465.275 0.998
-63.849 50.176 -414.398 0.867
-97.847 48.272 -393.170 1.180
48.044 18.115 -495.981 1.142
-65.926 -37.195 -330.772 0.884
-5.946 -54.837 -332.909 1.086
68.407 91.073 -327.711 1.011
-24.363 40.652 -402.790 1.099
-47.720 -83.597 -496.707 0.942
-94.274 7.811 -444.828 0.911
-44.259 -25.402 -392.279 0.860
-52.124 46.938 -341.925 0.917
37.031 60.899 -443.557 1.003
86.499 -46.035 -497.734 1.103
-7.261 -74.161 -471.912 1.091
70.837 70.095 -462.763 0.849
-91.341 81.973 -386.574 0.722
44.442 89.216 -378.842 0.887
49.941 32.799 -372.499 1.043
15.013 72.313 -380.464 1.061
40.619 -14.106 -400.752 0.893
76.981 -54.962 -408.410 1.073
6.719 9.120 -479.999 1.133
56.645 1.866 -331.675 0.821
37.582 -24.864 -393.997 1.070
63.944 -17.586 -343.729 1.012
44.392 29.254 -469.341 1.061
16.259 62.059 -468.499 0.971
83.431 -94.092 -316.133 1.148
-56.352 78.941 -396.591 0.915
2.033 -16.299 -477.257 1.079
-21.619 -38.984 -460.498 0.909
-3.966 43.754 -495.902 1.107
-6.075 -30.948 -474.128 0.929
-89.990 -70.363 -448.026 0.868
-53.355 -23.573 -318.591 1.018
-40.050 -7.473 -443.457 1.036
83.232 54.216 -378.619 1.062
-69.063 10.669 -340.932 0.999
17.910 87.255 -485.981 1.016
13.662 44.589 -447.207 0.930
6.295 -34.704 -417.091 1.049
86.389 -59.083 -439.069 1.007
-84.853 -2.740 -347.060 1.076
35.991 -4.399 -410.817 0.825
9.814 82.446 -357.795 0.992
-43.638 -30.764 -456.374 0.859
-83.616 -38.900 -411.645 0.884
-4.365 36.849 -383.860 0.905
-28.511 53.049 -494.366 1.240
6.211 18.588 -365.309 1.077
1.025 -78.175 -469.972 1.033
32.181 37.801 -327.934 1.090
45.743 -79.438 -310.202 0.988
58.979 68.856 -394.097 1.025
-0.058 -11.637 -344.356 0.966
-99.214 85.357 -482.571 0.924
80.856 -56.048 -409.859 1.201
-22.150 93.092 -392.123 0.982
39.991 -89.754 -491.643 1.290
-38.396 -43.173 -304.186 1.049
84.281 -68.412 -336.687 1.111
-71.843 6.630 -349.803 0.970
-59.130 51.408 -335.038 1.023
20.325 -22.693 -480.223 0.968
65.864 22.777 -449.734 1.179
-30.146 -92.214 -471.766 0.897
-24.867 40.231 -395.139 0.959
82.182 50.051 -421.838 0.749
84.619 5.192 -356.130 1.022
8.906 86.997 -311.622 1.028
-45.098 47.911 -344.182 0.942
52.427 86.093 -365.242 0.871
1.758 -62.749 -420.230 1.028
-31.195 -58.301 -387.705 0.864
-56.491 -76.464 -330.226 1.003
99.200 77.009 -453.281 0.787
-71.009 -51.038 -337.066 1.028
-41.608 -64.062 -354.242 0.868
82.661 70.449 -376.881 0.976
16.861 52.764 -438.070 0.829
20.171 -0.284 -380.789 0.835
5.872 -11.812 -442.338 1.152
-80.293 63.066 -499.021 0.962
-16.630 67.973 -430.751 1.064
-24.318 -35.303 -470.020 1.034
29.884 87.198 -375.774 1.058
-59.760 14.797 -394.122 1.021
-53.110 -32.456 -347.302 1.076
-8.634 -78.224 -460.808 0.996
-95.716 -16.397 -321.560 1.173
90.876 10.024 -419.475 0.967
-23.431 15.033 -432.197 1.018
52.902 -95.864 -465.821 0.889
16.441 -53.047 -386.821 1.052
8.816 -23.456 -477.450 1.044
36.417 69.660 -416.483 0.870
-52.161 -55.860 -344.098 0.889
-99.683 -17.507 -458.345 0.876
-65.598 83.900 -487.384 1.001
-35.781 97.532 -456.455 1.074
-35.392 74.424 -424.209 1.094
93.267 -51.908 -329.157 0.837
97.977 49.115 -312.558 1.036
97.989 64.633 -433.157 1.193
-50.521 47.939 -362.775 1.002
-3.676 -33.269 -496.379 1.086
97.399 -44.160 -498.206 1.051
-49.917 -26.971 -384.681 1.000
86.079 -21.046 -385.206 1.053
6.612 -96.810 -433.423 0.842
-77.746 -54.286 -355.721 1.118
29.843 -12.040 -334.314 1.048
13.570 10.693 -433.509 0.974
-57.310 54.847 -399.661 0.993
-32.972 -66.986 -334.636 0.879
38.314 11.680 -321.014 1.080
11.498 -89.312 -359.391 1.154
-76.818 -88.883 -473.749 0.985
27.943 81.315 -414.094 1.074
-18.191 -88.643 -496.655 0.849
12.408 89.087 -359.263 0.952
-3.449 -63.152 -479.809 0.867
47.973 3.318 -480.410 0.958
92.517 60.688 -499.128 0.906
-17.242 79.939 -375.056 1.005
-58.999 44.133 -350.452 1.179
-93.687 83.668 -319.570 0.980
-8.513 -92.845 -314.195 0.897
-93.790 94.224 -307.343 0.975
61.682 45.344 -337.610 0.956
80.092 78.470 -322.431 0.824
-34.838 44.396 -359.702 1.018
10.369 -9.961 -468.815 0.990
-90.644 30.080 -414.225 0.952
-80.361 58.265 -404.190 0.666
61.586 -61.964 -336.580 0.973
-89.377 -16.155 -437.653 0.864
-8.686 71.119 -466.121 1.071
-40.295 57.055 -482.813 0.899
-5.223 -89.842 -424.539 0.887
72.714 16.053 -317.731 0.994
-23.254 -1.400 -411.076 1.018
96.656 -42.658 -380.878 1.186
46.939 -79.397 -369.501 0.897
-75.575 91.157 -465.188 1.057
-54.277 -76.158 -346.648 1.042
-4.417 -6.250 -315.642 1.070
-47.789 77.572 -397.277 1.012
-94.628 -61.829 -371.056 0.946
14.326 -17.724 -335.013 1.055
48.586 -2.565 -449.148 1.045
66.965 -98.827 -499.724 1.011
78.194 42.852 -390.403 0.896
-47.507 -29.695 -320.034 1.148
-12.237 -20.160 -344.171 1.064
-62.277 -90.597 -362.783 1.080
-90.537 -37.747 -399.951 1.054
-26.994 -44.741 -486.929 0.818
-8.957 -95.860 -329.202 1.047
-37.193 64.758 -423.719 1.111
95.020 12.104 -361.170 0.861
65.909 -74.196 -391.838 0.930
-74.621 -42.751 -390.814 0.915
-91.490 26.945 -338.417 1.059
77.005 97.622 -329.125 1.036
44.889 17.714 -334.896 1.048
-24.981 18.934 -415.579 0.795
29.436 -42.423 -499.655 1.069
-20.502 97.503 -382.278 1.235
-72.554 27.142 -430.284 0.898
-88.057 60.899 -417.197 1.089
-46.169 20.862 -469.930 1.096
-13.346 -85.118 -382.101 1.100
57.475 80.485 -343.469 1.067
