-2.255 -50.505 -364.045 0.930
-60.800 -35.525 -464.301 1.087
17.183 -38.027 -391.376 1.101
-75.119 35.796 -302.600 1.006
23.946 -95.696 -437.437 1.224
-5.378 51.499 -312.094 0.888
78.761 -5.098 -384.809 0.986
5.910 -91.015 -417.270 0.937
-38.711 -54.655 -335.373 1.011
-70.397 40.203 -323.023 1.042
-29.915 -35.292 -339.231 0.858
-14.633 97.765 -404.928 1.080
-93.493 5.233 -317.143 1.013
62.223 -95.285 -346.353 0.963
59.631 9.274 -448.721 0.975
-32.123 -21.178 -444.688 0.957
-47.062 -1.586 -480.845 1.001
25.630 53.488 -481.792 1.227
-19.457 88.442 -330.233 1.012
92.116 -88.124 -481.941 1.086
-72.214 19.528 -497.708 1.024
17.065 -89.413 -315.819 1.104
-18.801 -67.954 -378.496 0.939
-26.631 47.776 -471.136 0.902
-39.589 40.604 -438.165 0.922
-13.282 -43.231 -414.653 1.054
-86.963 53.233 -494.377 1.051
-46.641 17.415 -376.596 1.036
-28.108 23.901 -480.674 1.009
81.103 52.661 -302.884 0.952
-20.953 80.227 -420.910 0.936
-23.047 -46.836 -496.236 1.078
-34.963 16.472 -438.500 0.874
-51.566 22.362 -353.331 1.167
-56.642 50.597 -380.922 1.078
35.118 -62.423 -335.628 0.849
67.602 72.560 -362.457 0.937
52.045 63.303 -483.473 1.090
39.069 -74.820 -454.178 0.994
16.067 68.513 -498.142 0.846
-22.149 -82.926 -315.445 0.980
-6.197 56.109 -380.188 0.991
60.684 4.539 -499.137 1.027
-73.682 52.778 -406.219 0.900
-36.907 -66.425 -472.191 1.007
-44.504 52.185 -475.255 0.907
68.961 11.864 -477.945 1.028
-37.377 -30.419 -487.885 1.052
42.642 19.801 -357.003 0.940
57.097 85.234 -441.083 1.129
-87.288 -59.881 -433.733 0.889
-27.804 39.124 -370.132 1.042
-6.796 -77.656 -427.068 1.012
68.914 -74.330 -405.425 1.019
-93.752 -35.183 -383.982 1.227
-6.945 60.903 -363.028 1.073
-18.782 62.492 -430.327 1.013
-20.791 -2.706 -453.868 0.884
90.878 17.667 -345.363 0.913
13.993 -36.074 -492.932 1.129
39.716 9.513 -316.005 1.037
27.957 89.287 -386.727 0.938
88.225 88.869 -490.757 1.184
-40.319 -95.083 -312.531 1.039
-2.278 -1.612 -449.691 1.049
96.019 -3.566 -342.626 0.978
-40.579 -49.602 -347.299 0.984
-96.754 11.231 -454.671 0.946
-59.497 1.484 -400.475 0.966
-25.747 -23.326 -415.132 0.986
-59.956 -25.137 -303.106 1.022
30.655 60.089 -357.786 0.789
77.372 27.395 -309.548 0.950
96.022 -27.058 -491.165 1.061
-29.770 -37.296 -336.020 0.900
-35.994 29.945 -368.574 0.893
36.392 37.750 -470.098 0.928
-78.897 -66.006 -478.469 0.954
-80.962 52.085 -323.008 0.928
43.544 -67.690 -326.686 1.025
-68.945 55.694 -410.520 0.790
-63.745 57.489 -490.839 0.986
4.053 -73.295 -482.893 1.101
-95.985 0.225 -391.949 0.933
18.920 95.280 -400.792 0.932
84.206 68.261 -455.417 0.942
-22.639 -55.869 -477.813 1.052
-54.972 33.994 -320.975 0.876
76.560 -44.134 -476.573 0.971
-78.877 53.286 -439.280 0.992
99.254 -86.938 -451.216 0.925
8.486 -42.141 -495.194 0.840
85.866 94.352 -485.701 1.085
-44.437 -28.578 -415.659 1.051
-68.949 42.524 -405.316 1.093
-92.542 46.689 -462.724 1.130
59.286 -57.887 -307.785 1.027
-6.349 -10.213 -413.972 0.950
-48.547 -37.067 -447.277 0.960
-93.106 -86.125 -366.644 1.111
-63.057 -54.023 -481.252 0.957
60.231 78.172 -398.005 0.999
-98.258 24.629 -444.039 1.103
-77.383 54.195 -409.128 1.133
55.360 -36.819 -407.167 0.947
79.550 94.673 -355.390 0.953
29.195 26.599 -388.607 1.077
75.715 52.293 -337.101 1.040
-34.231 22.131 -314.734 1.096
31.284 67.216 -427.100 0.922
-24.544 11.315 -383.389 1.078
56.896 -10.837 -474.173 0.949
-85.966 -72.410 -341.565 1.102
-20.798 -40.077 -441.953 1.068
-13.111 40.731 -459.816 0.960
77.863 -0.528 -478.233 0.969
95.677 38.188 -303.022 0.848
-20.626 16.526 -338.046 1.022
44.230 64.019 -486.658 0.924
-90.755 79.331 -391.568 1.144
88.966 -80.015 -467.083 1.158
-19.057 97.782 -441.416 1.056
-67.389 -27.222 -301.029 0.870
-55.759 92.960 -325.849 0.946
-78.310 25.903 -447.810 1.008
-98.183 31.858 -319.386 0.843
76.172 -25.283 -305.405 0.972
-97.470 -7.869 -306.060 1.110
49.818 -55.415 -397.282 0.958
-36.860 40.986 -303.790 1.102
-24.575 36.671 -473.039 1.066
-75.255 30.547 -332.610 1.092
-75.651 -23.489 -465.288 0.948
62.581 75.422 -472.581 1.131
1.080 6.471 -396.015 0.954
-83.838 -48.143 -333.319 1.134
-18.079 -66.854 -331.611 1.013
-27.944 80.211 -471.723 1.021
-98.909 51.103 -350.480 1.011
25.935 -32.969 -489.995 0.989
14.109 -36.771 -468.964 1.192
-80.524 -54.530 -420.476 1.020
42.395 -51.395 -425.769 1.075
51.988 -0.464 -308.529 0.843
75.985 -41.517 -325.772 1.019
-86.654 -85.763 -396.607 1.002
-69.876 -36.637 -480.715 0.926
-20.224 93.069 -309.180 0.941
-34.195 82.289 -462.586 1.073
-20.298 -33.244 -395.287 0.900
60.644 20.863 -461.712 1.026
29.647 -37.772 -483.216 1.118
82.170 48.160 -375.927 1.060
-16.379 17.182 -479.199 1.035
-24.652 68.890 -450.904 1.199
-12.095 51.285 -333.864 1.096
-36.123 -23.436 -447.355 1.004
-46.924 76.962 -477.243 0.870
50.294 -67.955 -493.505 0.924
-5.167 -84.466 -420.136 1.094
-87.726 81.558 -366.201 1.111
49.187 58.110 -409.543 0.882
-88.013 -72.840 -379.230 1.067
12.175 17.864 -321.303 0.816
-58.273 -34.407 -453.380 0.962
99.906 -0.126 -406.693 0.990
-79.985 -5.062 -443.725 0.986
-71.532 -10.267 -480.508 1.073
-21.942 57.724 -476.769 1.144
30.121 -23.623 -497.683 1.073
71.712 13.880 -471.226 1.079
-80.326 95.565 -486.573 0.787
75.577 -4.944 -498.590 0.933
-87.805 61.892 -340.886 1.105
-60.961 83.993 -353.602 1.007
-65.346 38.962 -335.143 0.902
3.682 8.753 -341.344 1.034
-13.275 -95.581 -319.648 0.885
40.795 -59.643 -497.250 1.087
24.741 40.094 -484.015 1.016
-11.496 93.737 -313.534 1.026
18.104 -76.238 -386.220 0.954
-77.976 87.695 -343.357 1.015
24.696 -8.892 -354.990 1.105
-24.967 35.925 -481.742 1.006
16.169 -99.113 -338.982 1.035
98.487 -8.308 -329.910 0.828
20.102 44.989 -330.470 0.932
2.347 59.578 -413.906 0.909
-57.940 17.119 -311.906 0.990
-82.876 -94.440 -485.013 1.065
41.443 16.664 -424.209 1.089
-64.492 -48.367 -461.208 1.002
84.331 -82.283 -446.443 1.063
26.547 -71.164 -367.880 0.881
68.697 54.344 -480.290 0.953
69.984 60.840 -300.935 0.977
3.123 -87.189 -488.709 1.037
-42.344 -8.661 -469.633 0.990
14.099 64.079 -317.971 1.115
-38.783 26.941 -359.732 1.096
-83.294 -67.295 -364.891 1.027
-7.841 18.034 -347.446 1.053
-43.613 84.699 -443.530 1.010
82.416 42.232 -371.669 0.928
89.466 -35.489 -332.346 1.077
-78.597 10.649 -383.373 1.110
54.395 32.885 -441.903 1.033
-83.247 -98.225 -330.273 1.144
-46.505 91.515 -466.716 1.056
-31.163 68.996 -490.017 1.077
43.119 -25.768 -445.170 0.973
-24.826 -85.654 -352.794 0.903
-95.672 -66.709 -495.704 0.968
6.802 -65.093 -457.931 0.909
-87.086 85.969 -402.381 0.930
-58.997 -54.080 -418.069 0.898
-49.162 11.444 -363.812 0.919
-13.301 -43.148 -371.193 1.021
66.722 77.835 -381.081 1.121
42.939 -67.185 -304.761 0.920
35.480 -17.753 -372.966 0.928
-26.443 -67.706 -445.504 0.811
36.708 94.499 -337.053 0.996
-93.939 84.291 -478.244 0.927
30.631 26.621 -396.471 1.053
74.630 -43.918 -338.849 0.864
87.473 50.093 -408.463 0.955
83.697 -77.311 -367.547 0.928
-60.482 27.569 -366.842 0.886
-76.958 -22.891 -344.239 1.003
67.013 91.089 -370.846 1.021
40.261 70.471 -344.455 0.796
42.979 85.721 -440.346 0.924
28.034 -47.977 -474.000 1.077
89.685 -78.974 -309.712 0.958
-85.791 -94.901 -316.314 1.137
73.117 81.319 -477.058 1.048
35.306 78.334 -355.892 0.982
-72.142 -14.336 -470.627 0.905
-49.210 9.421 -356.066 1.034
-64.843 -38.206 -448.125 1.089
-46.367 -78.099 -493.723 1.083
58.137 63.317 -475.070 0.810
66.550 53.143 -491.157 0.945
58.985 -69.297 -401.832 0.891
69.497 -56.260 -424.777 1.102
-48.274 22.252 -454.947 1.025
7.672 10.705 -333.378 0.902
-53.930 -40.371 -431.232 0.920
89.732 9.415 -312.075 1.044
-50.810 -46.589 -409.643 1.020
90.302 -16.918 -329.638 0.959
1.249 27.004 -334.433 1.022
-75.030 -65.009 -422.301 0.994
62.706 -60.210 -377.521 1.033
73.623 75.074 -369.314 1.093
-98.883 -40.611 -426.494 0.861
56.174 -35.022 -452.796 1.032
-85.258 -24.327 -391.185 0.712
-99.268 -98.220 -400.598 0.910
-96.992 74.869 -463.527 1.079
19.318 -26.942 -375.052 1.120
-67.493 -70.751 -470.410 0.980
-21.046 50.902 -322.482 1.097
69.877 15.215 -406.242 1.069
30.701 93.042 -499.102 1.063
-13.913 -66.392 -387.501 1.104
71.583 -28.256 -322.310 1.063
47.435 -28.127 -459.100 1.066
46.161 69.807 -457.514 1.107
-36.152 -52.080 -408.051 1.181
-69.954 -62.764 -432.473 1.010
23.489 -90.744 -472.921 0.862
98.510 -45.802 -300.312 0.966
72.812 -16.603 -478.463 0.974
71.963 -72.407 -337.163 0.901
44.156 21.974 -440.094 0.793
7.749 27.723 -308.031 0.956
-90.432 54.839 -393.989 0.882
-43.042 58.673 -481.294 0.881
-36.452 84.655 -335.542 1.124
-71.909 46.462 -325.125 1.137
-48.100 49.661 -440.398 1.038
-98.451 75.637 -448.144 0.986
-3.028 -39.866 -397.994 0.987
66.530 -47.080 -465.240 0.926
83.256 31.869 -465.707 1.055
0.753 16.841 -454.101 0.903
91.665 55.312 -495.111 1.087
-61.416 55.157 -487.280 0.831
-63.111 99.931 -435.093 0.846
-16.485 -92.250 -463.666 0.998
-62.956 88.799 -309.510 1.049
66.938 -28.609 -450.110 0.958
-2.372 37.710 -310.241 0.930
12.222 -29.498 -394.163 1.052
57.614 52.732 -418.006 1.002
2.810 46.725 -320.016 0.952
-46.468 49.875 -470.656 0.975
2.220 -39.111 -494.068 0.958
-66.478 -43.804 -416.027 0.962
79.663 -56.067 -403.480 0.891
76.829 -41.453 -494.592 0.999
14.482 84.044 -306.133 0.990
-92.447 50.230 -485.327 1.045
-63.374 -31.549 -339.980 0.918
-93.669 -82.525 -378.818 0.900
-9.329 -90.513 -407.128 1.021
-85.540 97.792 -386.940 1.055
97.861 -52.571 -472.454 0.735
-33.597 -45.732 -320.821 0.853
-19.863 -22.478 -404.434 1.063
-48.666 89.080 -490.540 1.282
-97.155 -72.063 -337.095 1.071
96.790 21.863 -491.183 1.001
99.206 -20.635 -357.639 0.828
-95.392 -32.187 -436.652 0.996
18.822 1.820 -494.062 1.276
42.109 -20.786 -313.435 0.821
48.752 39.492 -458.063 1.216
85.279 62.379 -336.309 1.027
44.479 -93.100 -469.391 1.057
58.273 -13.774 -408.316 1.244
23.196 94.801 -457.329 0.993
-56.870 77.282 -428.025 1.019
59.240 -67.925 -401.156 0.922
-97.695 14.410 -332.786 0.849
6.035 -70.949 -416.334 1.007
-52.522 24.804 -408.000 1.019
-81.031 -47.872 -457.255 1.028
42.337 -36.988 -327.225 1.072
-31.781 -71.063 -475.438 0.946
-92.000 95.364 -453.168 1.066
-78.025 38.119 -304.790 0.980
97.907 -13.185 -487.234 1.210
79.103 93.640 -470.872 1.074
78.879 -26.929 -491.550 1.117
-8.569 -3.518 -395.997 1.181
32.495 71.020 -485.133 1.035
-90.452 94.287 -422.971 1.059
47.344 -72.640 -375.538 1.033
-22.398 36.286 -321.146 0.931
-44.492 26.990 -404.088 0.805
4.391 -14.312 -375.830 0.864
83.589 -72.244 -473.006 0.858
-30.376 -96.943 -331.450 1.160
-17.165 37.504 -484.070 1.088
-83.397 4.300 -423.890 1.145
-78.221 21.399 -418.353 1.186
82.987 60.441 -341.335 1.080
1.081 -13.857 -330.445 0.976
-31.890 -70.975 -347.360 1.101
9.013 62.724 -444.641 0.821
-92.651 34.421 -409.878 0.986
-12.380 57.510 -445.502 0.908
-78.543 68.195 -489.212 1.109
-58.587 -24.101 -316.593 0.970
26.493 52.084 -417.889 1.035
94.195 -44.849 -322.222 1.195
11.254 -47.573 -443.643 0.955
-42.263 -87.088 -301.332 1.080
-31.597 -70.993 -465.050 0.996
18.510 -60.244 -452.015 0.944
39.252 25.489 -465.192 0.906
30.626 42.224 -322.850 1.090
-82.487 72.901 -400.710 1.025
-76.286 -82.039 -345.909 1.011
38.747 77.640 -318.642 0.880
69.376 -33.870 -382.632 0.994
2.374 -12.815 -404.760 1.093
-42.239 -12.441 -423.278 0.867
72.760 -93.892 -338.902 1.029
55.463 -89.772 -337.387 0.907
-39.070 -71.388 -412.939 0.918
-65.638 -25.009 -477.410 1.007
-94.601 35.581 -489.663 0.995
10.916 -61.502 -469.690 1.147
62.357 68.755 -400.141 1.144
73.040 -85.668 -474.576 0.890
0.805 -73.266 -311.972 0.921
64.571 -42.287 -320.200 0.913
0.486 -26.949 -369.804 0.782
54.702 17.799 -434.385 1.069
-21.196 -70.910 -403.179 0.944
-72.669 65.977 -329.651 0.928
-50.651 35.467 -459.687 1.050
-65.369 -66.863 -478.849 1.080
75.805 -26.701 -319.327 0.894
51.917 76.406 -499.511 0.954
12.547 -36.749 -352.310 0.969
-66.229 9.419 -334.843 0.977
68.461 11.468 -441.220 1.082
-31.172 -93.442 -436.398 1.036
95.772 24.421 -395.217 0.756
18.522 -93.320 -311.152 0.943
94.305 52.573 -458.040 0.973
-88.119 93.390 -355.908 0.975
58.227 25.514 -480.101 1.030
-79.228 -48.683 -443.888 1.031
-84.281 -37.952 -453.505 1.135
-73.148 12.556 -310.360 0.971
40.266 5.179 -429.101 1.050
98.969 18.588 -437.491 0.999
10.769 1.549 -353.374 1.030
58.505 12.183 -346.144 0.939
-95.597 27.152 -456.146 1.219
10.049 43.987 -383.884 1.111
-92.172 69.130 -336.194 0.936
-29.267 14.104 -348.140 1.014
-36.083 -3.053 -358.986 1.045
77.562 -22.323 -437.344 0.979
57.767 -38.965 -459.159 0.826
-23.737 8.502 -486.399 0.872
35.276 -93.077 -474.130 0.888
-89.140 -13.445 -498.493 0.839
-44.745 23.535 -377.355 1.100
-24.766 64.158 -388.232 0.974
-10.056 66.022 -347.398 1.010
-62.889 -49.212 -349.438 1.072
-92.135 -71.631 -445.988 1.069
4.293 74.452 -327.883 0.957
55.711 58.776 -318.074 1.022
65.649 43.662 -379.898 0.855
72.638 70.314 -457.375 1.212
-59.762 84.519 -400.103 1.159
-35.626 66.613 -399.501 1.172
-26.294 -54.430 -438.816 0.905
-93.366 47.940 -472.890 0.994
-58.036 41.355 -433.681 1.085
93.212 -20.037 -370.192 0.938
-90.224 -15.950 -301.861 0.994
-75.482 -39.970 -303.294 1.053
-71.536 -75.310 -417.683 0.967
91.323 -99.555 -361.354 0.837
-10.506 37.173 -471.034 1.031
-37.122 -24.364 -411.867 1.006
-45.953 -31.641 -464.340 0.985
-99.306 47.825 -306.561 0.984
-41.014 50.334 -379.479 1.086
31.782 52.168 -481.532 1.056
77.847 70.003 -312.382 1.109
-16.127 -71.474 -473.304 0.821
34.005 -28.979 -402.166 0.980
-33.887 4.085 -481.596 1.089
-89.467 -9.132 -441.803 0.829
-50.495 -10.511 -351.053 1.065
-95.060 61.855 -380.284 1.147
-30.830 69.592 -344.537 0.968
33.615 1.023 -416.525 1.093
97.144 -63.288 -460.830 1.036
-22.445 -40.984 -409.100 1.026
46.341 -69.993 -457.467 1.246
-22.287 -34.832 -332.284 1.059
44.327 -92.212 -397.866 0.918
68.241 74.587 -330.475 1.076
17.801 38.148 -477.721 1.200
1.587 70.982 -429.058 0.975
88.643 57.658 -321.570 0.839
97.111 -64.692 -408.729 1.083
-28.150 85.699 -354.733 1.031
-85.886 63.740 -422.519 1.036
-54.462 50.955 -491.024 1.104
-33.179 -98.195 -444.002 0.980
31.330 -68.661 -408.304 1.096
63.548 98.782 -384.464 1.027
88.391 77.180 -407.165 1.007
20.611 7.011 -440.395 1.007
-20.174 58.133 -487.896 0.996
-64.531 -67.974 -377.779 1.007
-64.354 67.063 -464.686 0.993
60.450 -4.452 -469.338 0.928
-4.033 -80.374 -338.282 0.993
23.975 -97.374 -418.932 0.996
5.673 -36.974 -359.204 0.906
11.573 -88.490 -368.846 0.889
-89.467 39.452 -352.733 1.080
-88.085 -88.765 -344.561 1.067
-23.118 -26.413 -334.066 0.950
-48.745 69.965 -379.794 0.962
29.183 0.290 -439.543 0.995
-0.072 69.935 -457.871 1.133
86.962 52.794 -485.121 0.994
-73.610 16.900 -433.361 0.942
-67.877 -73.527 -354.394 1.013
-58.477 -62.772 -328.982 0.907
53.088 14.274 -332.685 1.040
-43.997 -48.486 -373.228 1.002
43.401 -50.199 -361.972 0.969
-60.693 20.203 -419.761 0.964
-33.619 -26.190 -326.478 1.004
90.302 -25.734 -388.308 0.808
77.884 -82.620 -388.512 1.148
38.051 -86.536 -436.749 0.886
-22.359 29.033 -447.136 1.175
-95.180 -82.136 -309.151 1.135
-8.358 98.092 -366.681 0.956
-2.230 80.557 -373.952 1.215
2.980 -96.092 -480.329 1.033
-82.469 -84.833 -477.999 0.966
-3.654 -55.462 -324.163 0.984
67.540 35.113 -462.525 0.953
-1.929 -28.358 -435.229 0.839
-0.107 -86.772 -428.906 1.134
-58.161 -68.507 -347.769 1.020
81.275 67.194 -452.588 1.028
-1.531 -22.038 -487.040 1.210
-59.002 -11.847 -325.990 0.964
36.273 78.545 -474.653 1.089
-28.845 -14.129 -444.042 1.014
-8.281 74.970 -428.273 0.907
-74.912 -59.735 -425.089 0.755
-43.135 25.232 -403.414 1.058
-95.728 -35.745 -346.878 1.047
-43.952 35.051 -460.538 0.840
-24.049 -33.883 -337.456 1.092
-21.473 47.591 -326.581 1.154
8.152 32.029 -373.771 1.193
17.480 70.961 -340.437 1.111
-53.665 43.987 -445.935 0.882
-10.560 88.024 -320.109 1.004
-92.820 -57.942 -452.569 1.014
-5.091 -79.174 -325.966 0.812
12.240 -90.570 -493.985 1.078
-6.137 32.441 -312.878 0.977
-43.780 55.779 -491.509 1.106
73.277 46.220 -476.813 0.909
52.906 -94.639 -472.436 0.837
90.271 -79.840 -450.767 0.925
33.932 26.727 -430.670 0.852
-66.923 -48.032 -321.748 1.216
-6.861 -8.309 -406.612 1.016
16.722 -76.227 -325.465 0.970
-79.150 -15.328 -464.436 1.039
77.531 1.401 -477.465 1.047
8.313 40.848 -324.701 0.807
23.272 -14.393 -428.942 0.948
-14.651 -54.752 -449.773 1.158
-94.199 8.884 -439.561 1.065
78.196 56.606 -476.970 0.899
-4.788 69.626 -321.131 0.863
10.643 80.176 -436.555 1.100
-90.857 1.510 -391.473 1.027
71.701 26.831 -454.561 1.012
84.410 9.968 -328.725 0.838
99.473 -17.723 -498.555 0.924
59.954 -2.752 -444.211 0.908
-65.518 -95.990 -324.520 1.022
-22.985 -7.710 -483.421 0.987
81.553 58.161 -388.120 1.201
-19.045 -77.013 -495.145 0.992
32.660 -87.818 -383.275 0.914
-36.185 84.141 -330.802 1.008
-86.420 5.239 -374.112 0.933
42.191 -10.018 -467.410 0.971
-64.338 44.964 -498.373 1.000
-5.876 -51.545 -390.403 0.907
17.555 -4.723 -342.702 1.025
58.424 -9.700 -411.561 0.848
-24.285 28.544 -452.772 1.035
33.748 -88.672 -302.062 0.959
-72.775 -43.260 -323.126 1.040
-0.723 -46.668 -360.765 0.841
-77.025 -74.945 -445.131 1.078
80.591 -96.697 -468.530 0.938
-71.071 26.406 -429.108 1.018
72.458 76.459 -436.238 0.892
50.948 -37.024 -335.869 1.034
-56.602 -45.783 -376.474 0.845
-81.228 73.759 -432.433 1.030
-99.524 -88.290 -361.016 1.094
-88.837 -81.256 -379.878 1.003
-67.932 95.943 -334.913 0.928
50.943 -76.959 -480.332 0.925
2.022 68.513 -344.319 0.987
-31.796 -26.350 -407.123 1.129
63.999 17.749 -471.797 1.070
22.457 10.488 -390.111 0.980
-70.803 -46.094 -360.710 0.887
87.704 45.702 -438.374 1.089
-96.068 -41.183 -344.116 1.000
-16.494 54.884 -379.915 1.030
-44.755 91.786 -324.308 1.084
63.377 -0.185 -330.608 1.078
-17.863 -24.280 -360.839 0.995
-25.008 34.661 -427.058 0.840
-0.728 63.696 -439.363 0.952
25.764 35.305 -335.364 0.951
91.829 -26.039 -411.488 1.130
74.922 99.597 -354.508 1.010
39.228 -90.535 -387.969 1.057
0.530 -48.772 -385.140 0.828
-66.951 -65.985 -327.819 1.212
95.898 -95.348 -438.551 0.993
64.528 -90.369 -353.073 1.072
17.596 -38.465 -394.376 0.868
-69.540 -58.934 -370.025 0.784
-40.209 -65.516 -400.951 1.015
1.670 64.524 -403.261 0.923
24.279 -67.436 -456.271 1.110
28.235 42.114 -479.756 0.805
90.032 -12.801 -410.528 1.097
-68.949 24.133 -303.077 1.146
49.769 -32.208 -379.318 1.071
-14.172 -57.348 -357.532 1.124
-59.963 -71.199 -410.075 0.765
67.368 -8.154 -399.349 1.008
34.398 -32.420 -478.179 1.080
-6.969 -45.079 -470.725 1.086
-86.165 36.048 -478.732 0.781
69.486 44.668 -365.145 0.925
54.831 -12.402 -383.682 0.789
63.898 66.153 -304.926 1.100
36.329 -49.523 -476.777 1.028
-0.542 -11.293 -409.432 1.186
87.792 -76.053 -387.761 1.054
57.068 72.554 -405.470 1.058
-51.688 51.341 -376.108 1.020
3.166 59.199 -372.455 0.849
-20.209 32.815 -310.282 1.115
8.739 6.466 -458.737 1.062
-66.768 -83.671 -451.907 0.937
31.530 60.052 -313.751 1.050
94.284 77.519 -405.798 1.019
-44.073 93.279 -470.160 1.095
-1.357 28.456 -473.236 1.176
90.828 -89.421 -311.104 0.877
-96.616 -10.846 -379.563 1.064
64.686 84.305 -372.942 0.903
38.359 -95.610 -457.067 0.822
-52.308 -7.960 -482.641 0.956
-3.213 36.212 -306.970 0.910
-45.361 -5.538 -410.061 0.660
-16.137 -70.498 -410.569 1.109
-48.368 48.236 -399.447 0.972
-34.808 9.056 -384.397 0.946
-33.249 26.768 -312.081 1.004
11.369 57.003 -390.719 1.036
-98.142 -36.445 -344.455 0.968
71.661 41.910 -427.489 1.029
24.864 -29.369 -458.955 1.158
-34.817 -73.874 -300.879 1.031
-79.007 50.746 -385.521 1.088
52.099 -81.928 -321.381 1.011
-35.419 -79.278 -378.545 0.966
89.444 27.902 -400.861 1.184
3.293 66.582 -348.430 0.902
-45.298 34.169 -415.262 0.984
-44.707 -89.516 -364.368 0.934
-9.131 -18.488 -304.524 1.097
77.281 -46.564 -431.891 1.056
76.484 99.459 -499.001 0.999
11.156 -47.509 -497.765 1.116
-71.122 93.746 -393.614 0.999
17.153 -36.417 -404.722 1.006
2.444 72.833 -302.910 0.934
77.739 -8.464 -318.237 0.907
90.689 4.873 -345.462 0.954
-74.565 -29.542 -344.229 0.979
53.607 -94.789 -383.091 0.936
-93.181 -27.058 -311.484 1.099
-89.221 -15.955 -425.813 0.928
30.680 -59.464 -324.730 1.100
4.496 -67.642 -356.395 0.947
68.726 -95.633 -330.076 0.981
-41.635 71.284 -371.127 1.102
51.077 7.909 -353.635 0.904
37.347 59.672 -469.551 1.025
-33.654 99.602 -379.050 0.795
71.677 -15.459 -353.837 1.126
3.793 66.394 -453.434 1.088
-45.006 -2.809 -364.327 0.827
-95.559 37.870 -361.109 1.040
59.239 21.712 -423.376 0.816
-57.168 -16.797 -419.576 1.159
53.526 51.706 -383.808 1.057
95.923 -83.117 -444.927 0.930
10.222 -95.307 -325.904 0.896
-87.655 54.571 -407.583 1.063
-24.950 99.561 -406.380 1.052
49.785 -45.539 -460.559 0.984
25.450 -28.223 -314.703 1.085
69.576 3.364 -375.113 0.905
-15.429 -36.278 -463.574 0.971
85.951 55.630 -340.416 0.955
48.805 3.460 -369.311 1.007
27.320 -66.332 -334.762 0.905
-49.638 -14.535 -433.560 0.787
32.216 -23.322 -364.190 0.995
-48.872 6.643 -356.198 1.057
-76.295 -73.197 -360.462 0.898
81.866 -87.452 -481.987 1.057
-96.421 -23.853 -374.226 0.970
-76.263 -1.976 -335.537 1.020
38.036 -22.711 -469.036 0.947
-38.837 -51.384 -459.979 1.018
80.769 33.198 -481.918 1.135
33.132 -49.135 -428.244 0.921
-31.477 1.315 -326.480 0.934
87.240 -91.275 -497.484 0.989
5.013 -15.179 -376.996 1.010
65.752 -65.944 -357.518 0.992
3.016 -27.885 -315.173 0.971
40.128 -9.390 -342.718 1.210
36.513 -16.379 -441.187 1.073
61.316 -45.633 -432.419 0.954
48.380 72.577 -487.518 0.892
-94.927 -32.312 -428.434 0.953
81.497 10.076 -433.817 0.844
91.114 -47.741 -366.932 1.148
17.931 -28.196 -454.077 1.024
54.552 70.980 -321.701 0.890
-40.536 57.442 -342.745 1.095
48.126 -24.472 -352.614 1.146
-58.548 6.248 -306.604 1.117
60.782 -8.608 -407.396 0.935
-30.711 -50.117 -372.513 1.053
-81.909 -41.754 -314.605 1.022
52.718 -70.091 -466.585 1.038
53.577 -41.016 -445.228 0.903
-90.767 -29.890 -429.011 0.796
29.705 -16.703 -316.512 0.960
34.062 44.254 -397.856 0.907
7.832 67.198 -486.555 1.062
-85.357 82.811 -497.103 0.993
-13.266 -25.716 -467.922 1.032
-92.266 14.696 -419.994 1.077
-51.891 -59.695 -473.707 1.129
-21.071 75.954 -318.883 0.946
97.726 14.249 -391.155 0.870
99.524 -6.820 -388.849 1.130
27.482 -59.893 -332.980 1.018
-94.685 -64.787 -381.035 0.954
-14.592 -35.908 -480.327 0.845
11.857 85.545 -474.623 0.995
83.710 -81.844 -435.882 1.135
-18.149 -50.265 -484.835 1.042
-66.983 -42.446 -394.215 0.881
29.914 15.394 -362.428 0.711
-34.918 75.165 -480.401 0.907
28.420 85.276 -372.389 1.046
21.551 12.001 -373.336 1.001
-41.961 43.153 -301.376 1.048
-42.152 84.022 -498.577 0.995
81.917 -78.001 -487.243 0.948
-31.735 29.629 -402.417 0.891
4.613 54.688 -338.081 1.034
46.993 -38.957 -431.192 0.951
98.317 11.412 -384.591 0.922
24.639 85.669 -335.449 1.016
47.867 44.760 -386.769 0.914
-19.112 -1.899 -351.546 1.047
13.556 -81.369 -449.640 0.860
-37.179 -28.420 -464.502 1.124
64.452 71.562 -387.502 1.064
7.983 -0.338 -318.208 1.110
55.618 21.152 -300.389 0.976
-87.087 33.659 -371.637 0.938
38.149 -92.046 -435.624 0.873
93.624 20.288 -383.314 0.963
-27.259 75.103 -370.469 1.027
94.629 20.558 -308.694 0.965
-75.610 -56.532 -370.660 1.087
33.891 -92.984 -330.820 0.903
50.315 -69.985 -333.905 0.967
-8.441 16.555 -475.113 0.949
51.647 66.787 -422.375 1.034
22.985 53.811 -445.149 1.048
-98.905 40.012 -328.097 0.995
28.209 24.466 -330.842 1.161
16.238 27.344 -387.497 1.126
64.229 87.164 -358.130 1.110
-33.928 87.188 -497.686 0.951
-83.459 -98.706 -407.346 1.202
12.704 -20.595 -441.890 1.022
-78.362 -79.948 -433.992 1.107
90.348 78.657 -432.502 1.056
44.106 -89.222 -328.949 1.180
59.470 -99.855 -351.694 0.784
92.875 -8.903 -389.197 1.027
73.222 -29.111 -456.710 1.128
95.474 0.361 -386.610 1.016
-76.289 -28.311 -447.342 0.906
44.007 16.158 -487.815 1.047
-92.815 94.111 -400.963 1.066
93.455 15.357 -389.547 0.930
-6.915 -58.097 -368.436 1.008
45.550 31.414 -463.077 1.015
-49.402 -26.104 -439.517 1.005
-17.108 67.948 -418.507 1.145
74.512 -91.641 -433.512 1.021
-45.452 25.771 -489.899 1.040
17.546 -48.263 -430.971 0.971
61.009 0.158 -449.668 1.017
-40.696 84.639 -418.452 0.832
89.836 26.723 -486.292 1.065
80.324 -22.586 -410.580 0.902
88.702 16.578 -313.431 0.803
-9.843 45.265 -428.516 0.993
-34.591 -43.441 -330.010 1.039
99.967 90.454 -386.881 0.865
-8.198 0.240 -385.807 0.989
27.281 -61.677 -389.594 0.889
66.188 11.328 -446.373 1.097
95.495 18.992 -492.541 1.018
61.632 49.373 -452.757 0.998
-24.503 -78.210 -347.424 0.988
-81.202 -53.335 -345.864 0.994
-39.439 -36.108 -392.290 0.957
81.903 61.972 -376.079 0.861
28.892 1.407 -476.492 1.169
-15.193 36.687 -317.282 1.028
-45.746 -83.761 -467.544 0.925
38.286 8.353 -377.670 1.080
29.038 2.562 -383.579 0.806
97.393 -60.192 -449.242 1.055
25.420 -34.636 -318.399 0.928
-82.982 82.169 -337.486 0.893
-8.199 -54.963 -453.924 0.926
92.474 23.265 -365.432 0.921
7.200 -82.566 -429.161 1.058
66.850 70.649 -398.388 1.171
33.663 27.629 -363.966 0.886
64.543 76.894 -310.618 0.962
-78.491 -72.244 -491.245 0.986
96.905 -38.054 -347.250 0.945
62.839 -79.735 -443.849 1.011
-44.381 -4.161 -370.774 0.897
69.024 35.046 -338.105 0.990
96.689 -55.438 -423.555 0.998
-43.825 -3.998 -443.476 1.069
75.705 -69.061 -342.337 0.895
-59.405 47.546 -341.546 1.041
91.460 91.681 -487.340 0.962
47.842 5.597 -457.932 0.984
-82.960 -52.771 -335.143 0.909
-45.434 18.941 -360.715 0.914
-31.988 -95.071 -404.264 1.063
-31.607 -75.359 -445.165 1.143
66.575 39.994 -472.276 0.924
2.796 -90.973 -439.343 1.106
-79.903 36.700 -376.071 1.063
16.755 23.993 -452.042 0.859
-14.869 -84.518 -307.750 1.029
46.608 -16.047 -439.708 1.135
40.756 0.627 -331.836 1.051
-53.582 -5.773 -392.355 1.046
87.325 -0.503 -375.749 1.139
47.629 41.461 -331.937 1.067
73.006 76.670 -419.069 0.962
56.186 -99.169 -365.686 0.956
-41.550 -32.512 -335.111 1.042
62.538 61.767 -458.718 1.079
-1.181 -39.866 -309.953 1.114
18.144 26.863 -474.219 1.084
41.091 74.732 -489.265 0.866
26.593 3.333 -495.925 1.044
-47.239 -50.598 -362.837 1.075
-29.327 98.795 -418.568 1.106
35.622 -1.627 -470.105 1.195
-7.876 -45.217 -357.761 1.028
-71.962 -15.508 -466.115 0.933
-66.239 -87.582 -341.049 1.018
32.716 82.202 -321.999 0.958
33.956 64.878 -301.710 1.171
14.791 81.837 -468.252 1.047
-6.102 5.866 -449.663 1.171
42.040 -35.382 -318.908 1.099
-70.772 -22.650 -376.380 1.120
57.519 -57.900 -389.342 0.987
-29.044 -58.101 -417.448 0.983
-70.266 -31.143 -321.775 1.070
38.978 82.660 -330.162 0.972
77.488 -89.544 -426.547 0.901
94.481 -74.480 -471.601 1.002
-31.673 -26.291 -405.804 0.855
34.568 -65.910 -484.044 1.061
-66.330 -62.250 -418.988 0.848
80.970 -76.708 -308.381 1.014
14.519 21.364 -460.241 0.948
-21.106 -68.707 -488.428 0.939
8.819 4.621 -478.863 1.051
41.409 -27.903 -322.991 0.946
98.534 5.516 -441.508 0.953
49.938 -23.846 -375.382 0.912
-26.705 -53.185 -437.896 0.957
-53.051 -41.599 -373.256 1.027
-99.164 52.551 -458.220 1.125
-74.165 79.239 -479.835 1.142
-96.391 19.643 -412.053 0.834
19.077 -70.100 -445.741 0.961
-55.731 -71.395 -477.683 1.003
64.812 -15.179 -451.664 1.059
77.306 19.612 -302.144 0.946
-59.093 85.218 -471.631 1.007
-8.219 30.238 -386.403 1.117
-49.109 -92.209 -353.868 0.919
-37.293 -52.295 -313.647 1.013
18.301 74.171 -440.898 0.945
-16.159 -21.443 -430.282 1.185
-42.265 16.189 -419.155 0.988
24.611 31.559 -455.576 0.925
25.612 67.778 -453.693 0.964
33.624 -59.216 -359.483 1.087
30.222 82.656 -386.020 0.983
87.531 97.633 -402.976 1.043
31.357 -5.323 -482.238 0.785
-87.994 66.835 -438.346 1.168
-53.252 79.021 -334.226 1.064
-6.578 82.404 -421.528 1.089
-36.282 42.603 -400.656 1.086
89.113 14.430 -363.387 1.157
30.926 -82.289 -410.420 0.845
36.696 38.888 -471.384 0.948
27.651 14.859 -389.955 1.033
-23.193 -2.178 -460.459 0.946
-13.185 50.979 -374.948 1.040
62.710 -20.889 -411.379 0.979
97.222 -72.197 -367.540 0.896
-82.845 -28.879 -346.807 0.932
50.866 2.159 -456.967 1.127
40.462 88.752 -333.017 1.105
32.426 -36.662 -425.128 1.001
13.508 78.754 -304.113 0.993
-80.768 34.398 -333.241 0.933
63.613 -69.565 -301.258 0.969
-93.695 -36.345 -457.857 1.126
97.329 -94.969 -493.985 0.989
-32.593 -52.466 -361.326 1.012
-91.907 -17.738 -381.412 1.078
-39.444 -74.651 -386.033 0.954
-20.345 57.854 -351.974 1.220
90.344 -51.677 -338.614 1.019
-65.076 25.594 -333.018 1.114
-66.571 79.138 -347.688 1.048
-69.364 19.915 -445.284 1.114
58.749 -79.280 -375.134 0.907
-76.527 -38.881 -491.785 1.056
77.260 6.912 -315.032 0.975
-78.194 -37.807 -315.087 1.038
-85.712 77.569 -353.694 1.064
11.700 48.286 -300.819 0.892
64.103 76.286 -322.108 1.058
1.724 34.405 -399.151 0.838
-18.974 23.654 -385.941 0.963
-83.572 -69.515 -464.945 0.985
-1.731 41.791 -397.245 1.085
8.669 -68.612 -380.716 1.086
3.412 -17.652 -497.517 1.032
-2.294 -43.804 -410.641 1.060
67.165 -45.970 -353.380 0.979
-67.090 9.908 -300.415 0.950
93.401 -26.991 -437.301 1.017
-38.257 -33.489 -480.853 0.989
-57.729 30.813 -350.319 0.916
66.239 39.300 -376.742 1.207
19.601 79.604 -448.637 0.940
-1.134 78.801 -335.410 0.991
30.523 98.033 -308.387 0.720
79.650 -28.279 -453.549 1.041
36.847 34.456 -438.636 0.862
-79.407 77.591 -485.453 0.812
11.086 4.444 -470.456 1.002
81.473 -93.004 -486.821 0.974
-60.637 8.253 -422.646 0.955
-20.941 35.447 -449.671 0.998
58.068 -27.367 -345.229 0.977
4.338 20.578 -465.578 0.916
-23.657 86.277 -467.540 0.724
78.891 88.641 -478.638 1.052
94.092 80.782 -308.327 0.879
92.582 -12.154 -357.701 1.112
28.737 53.523 -432.787 0.900
37.787 -34.727 -317.665 0.939
95.932 -44.319 -312.397 0.925
62.362 25.054 -459.902 1.140
-90.388 79.673 -491.527 0.974
-87.045 44.108 -464.508 1.018
-73.944 13.689 -394.352 1.120
-0.155 -80.228 -420.025 1.068
-66.365 -28.873 -454.476 0.925
94.787 -10.922 -348.654 1.053
12.407 -1.802 -481.250 0.936
-98.941 97.156 -397.863 0.831
-67.391 -7.672 -329.753 1.020
10.272 -59.137 -358.152 0.890
1.740 -43.534 -391.506 1.007
96.037 -4.057 -336.831 0.857
-68.689 -66.586 -470.794 0.790
-17.603 43.498 -490.381 0.932
-37.948 -73.585 -425.174 0.779
91.973 71.217 -405.608 0.944
-71.920 -63.828 -376.279 1.132
65.820 65.765 -380.116 0.964
-47.090 76.235 -499.113 1.026
53.732 67.169 -332.236 1.046
-39.127 94.683 -316.184 1.021
4.903 -9.010 -373.442 1.113
-67.983 24.315 -382.344 0.853
-63.529 -82.759 -496.203 1.037
