55.648 -92.606 -486.784 1.083
-57.786 -86.222 -331.341 1.045
1.613 -64.988 -484.236 1.090
12.666 -38.097 -379.394 0.928
55.497 -68.627 -457.674 1.100
5.848 77.321 -428.134 0.845
15.147 76.235 -333.640 0.902
73.404 65.059 -372.395 0.931
48.699 -28.458 -454.463 0.978
-65.325 -96.353 -350.839 0.957
40.410 19.064 -345.651 1.010
42.217 3.447 -306.889 1.137
-87.783 88.646 -322.673 0.979
-51.841 -74.209 -497.472 1.019
35.715 67.629 -351.443 1.095
-79.909 63.728 -381.896 0.854
53.515 80.875 -466.262 0.909
-94.175 -41.245 -463.145 0.909
8.189 -71.534 -454.472 0.939
-12.627 41.598 -369.669 1.092
-37.862 81.783 -395.114 0.972
-6.598 -17.298 -380.786 1.199
-57.529 -55.536 -469.554 0.862
-89.765 -59.697 -472.987 1.093
75.408 97.170 -464.569 1.063
84.750 70.887 -315.416 0.884
46.467 88.157 -449.107 0.953
-60.896 -99.977 -415.465 1.177
72.921 -0.048 -455.582 0.928
32.828 82.471 -311.535 1.042
-5.081 12.006 -476.572 0.938
-12.837 -74.841 -472.145 1.026
17.300 -17.421 -391.046 1.165
78.694 64.509 -459.317 0.971
91.719 44.529 -433.744 1.020
14.161 31.887 -388.996 0.913
-12.664 97.368 -484.457 1.083
78.922 40.794 -443.300 1.079
98.770 -82.901 -416.365 0.832
-87.241 -14.616 -487.505 0.976
-40.610 -81.315 -391.319 0.885
43.581 -3.984 -481.434 0.978
-66.164 -59.589 -456.806 0.917
46.980 -12.325 -351.653 1.017
47.935 21.342 -447.720 1.041
-70.651 -5.270 -497.053 1.042
-12.611 80.598 -469.000 0.807
-71.644 -79.380 -300.686 1.049
33.793 -63.594 -481.113 0.893
91.039 -18.326 -304.924 0.999
-85.021 42.862 -350.965 0.833
47.907 66.543 -486.626 1.023
-14.716 -71.315 -423.767 0.928
-37.240 -78.606 -408.629 0.900
-12.473 -45.009 -403.611 1.036
22.995 -39.532 -355.327 1.033
3.124 -93.157 -481.434 1.165
27.979 51.419 -352.664 1.279
20.507 -87.833 -487.862 0.908
73.667 -4.599 -431.088 1.105
-9.495 -84.749 -330.162 0.982
-97.424 43.847 -472.557 1.156
44.028 90.651 -341.247 0.951
18.722 39.229 -326.710 1.048
-52.400 -5.320 -385.115 0.834
32.589 -25.970 -373.156 0.928
43.934 -14.072 -407.371 0.966
96.347 -99.775 -497.626 1.210
84.972 -22.636 -330.979 1.043
40.713 -6.396 -493.423 0.965
73.616 43.504 -436.836 0.887
56.204 -28.391 -383.405 1.093
-13.178 -44.176 -370.516 0.926
-11.121 55.703 -462.881 0.929
-44.972 -7.049 -487.707 0.852
-90.026 67.690 -495.496 0.810
-30.577 -99.209 -452.297 0.974
70.282 -85.837 -410.679 1.169
-15.813 -46.295 -422.722 0.983
95.995 -1.869 -472.768 0.998
78.599 89.943 -411.313 1.010
-96.969 -34.920 -341.692 0.907
54.792 96.107 -450.357 1.138
82.660 -41.124 -443.051 0.916
-45.095 -45.994 -457.346 1.145
71.433 -91.262 -300.869 0.949
-73.268 54.912 -419.145 0.944
-66.645 -43.057 -417.197 0.972
-76.100 18.192 -452.827 1.098
56.612 -37.855 -454.659 1.018
-94.462 -89.781 -370.195 0.893
-56.122 -6.459 -442.570 0.885
-63.940 -99.706 -415.423 1.087
-9.511 -41.492 -489.165 1.116
-67.387 1.598 -465.957 1.143
-90.506 -7.717 -300.492 0.970
-19.289 -39.437 -478.116 0.884
39.223 -49.154 -468.186 1.065
-67.256 41.268 -444.226 0.859
-12.603 71.395 -456.344 1.051
-61.249 70.616 -402.178 1.090
95.238 69.499 -304.148 1.036
75.657 -97.484 -326.208 0.974
-63.877 -73.971 -387.939 0.977
-34.847 -35.247 -420.906 0.802
36.199 -66.523 -340.977 1.020
-81.420 -93.958 -333.317 1.183
10.464 90.270 -305.046 1.118
-24.504 -50.561 -355.130 0.946
25.004 38.692 -384.439 0.908
-79.263 -80.195 -487.155 1.037
41.651 61.515 -357.748 0.982
38.337 32.614 -366.035 0.892
-90.657 20.904 -474.711 1.039
4.025 26.804 -481.131 0.938
-78.428 -74.699 -339.406 1.047
32.546 -61.109 -483.506 0.889
-58.704 85.325 -428.130 1.089
-61.104 -0.796 -389.884 1.087
1.158 85.774 -310.217 1.074
-86.956 -18.758 -424.173 0.929
-73.630 20.402 -383.237 0.776
39.868 -94.859 -344.578 1.218
58.539 -60.276 -354.168 0.926
-50.108 -29.014 -338.150 1.098
91.481 9.247 -435.544 1.201
-88.545 56.600 -405.233 1.176
33.886 -88.069 -341.658 0.965
46.545 -43.883 -341.304 1.043
-57.774 -92.345 -421.082 1.066
-59.106 20.656 -326.432 1.008
47.665 29.930 -397.896 1.011
-56.211 -40.228 -369.059 1.033
-9.291 61.477 -369.000 1.036
-26.405 -56.378 -481.214 1.009
93.248 33.131 -390.768 0.931
65.595 -84.164 -460.072 0.875
-62.915 41.023 -336.892 0.730
52.296 59.098 -444.048 0.877
-61.318 -62.778 -314.075 1.041
-31.973 24.496 -358.166 0.961
39.834 9.977 -305.707 0.904
6.108 -77.956 -476.869 1.072
5.497 93.579 -344.864 1.046
-77.559 81.699 -394.679 1.218
-2.547 32.258 -395.547 1.004
43.072 -98.984 -346.408 0.974
-54.146 -59.150 -485.057 1.075
51.238 78.420 -458.117 0.958
74.690 17.903 -375.592 1.018
-57.822 24.515 -398.298 0.937
-92.996 -75.853 -349.225 1.017
54.826 84.043 -363.672 1.017
7.214 36.790 -482.918 0.806
-11.422 39.338 -492.755 1.134
-12.947 24.800 -440.884 0.934
-20.630 -73.556 -397.124 1.118
-76.648 53.236 -340.107 1.071
98.924 81.766 -463.845 1.036
-54.249 -54.266 -347.150 0.969
33.889 -53.530 -455.486 1.054
-35.005 58.165 -390.764 1.199
41.629 -59.612 -309.187 0.945
77.745 -64.097 -472.828 1.097
-87.022 2.338 -381.790 0.944
-42.991 -1.519 -376.711 1.054
78.449 65.113 -381.319 0.895
-44.967 77.758 -453.826 1.101
49.681 29.998 -420.186 1.057
46.293 -38.781 -441.406 0.923
47.125 37.743 -474.194 0.874
31.595 -1.751 -351.294 0.901
81.850 51.078 -474.675 1.003
77.978 4.310 -343.414 0.910
48.275 -42.871 -468.400 1.065
-48.536 -24.905 -340.877 1.049
-75.869 -63.460 -402.240 1.226
26.808 21.186 -311.382 0.972
-66.901 28.607 -400.957 1.173
-95.439 -83.629 -406.141 1.124
-14.443 13.377 -386.704 1.055
89.543 55.153 -456.780 1.030
65.596 76.195 -367.806 0.815
-33.750 80.180 -498.449 0.957
61.616 71.420 -383.180 0.875
6.877 -33.365 -360.573 0.958
22.006 56.999 -387.946 1.034
-59.595 -31.056 -300.322 0.978
80.924 16.735 -401.660 1.023
-81.451 33.693 -301.305 0.906
65.071 -63.244 -452.118 1.078
77.142 -93.437 -392.066 1.028
78.643 43.771 -463.769 0.932
-79.600 90.081 -482.460 1.034
57.415 -72.605 -446.298 1.047
28.495 98.860 -396.837 0.776
-70.659 69.683 -433.199 0.962
-73.075 13.165 -327.219 0.770
30.496 15.128 -427.780 1.002
70.786 -99.604 -321.650 0.910
-32.754 -91.856 -454.533 1.037
27.696 -99.875 -378.804 1.116
11.325 -25.193 -477.748 1.141
2.960 74.675 -447.092 1.100
-5.409 43.507 -399.538 0.919
15.744 94.441 -341.272 1.038
-86.312 13.283 -432.727 0.986
-56.654 -83.127 -328.862 0.978
77.140 -71.907 -329.794 0.912
-4.007 55.319 -330.131 1.081
-51.850 23.108 -456.279 0.917
-31.255 1.364 -421.274 1.076
-78.995 -55.013 -309.926 1.136
88.016 52.113 -422.044 1.007
-7.333 91.440 -459.509 1.173
-96.947 -4.174 -442.262 0.989
31.017 -18.947 -304.717 1.041
18.391 -65.165 -318.506 1.023
-48.897 -63.588 -430.895 0.999
27.801 -95.239 -401.041 1.070
-60.546 29.441 -480.975 1.124
95.360 -34.709 -494.517 0.964
-9.276 74.891 -402.680 1.103
61.950 -91.768 -404.469 1.044
-95.432 -46.903 -440.416 1.002
53.436 21.649 -348.468 0.915
-3.983 6.940 -357.863 0.986
-27.100 82.902 -331.179 0.832
-48.915 9.245 -388.592 0.957
99.477 3.034 -307.365 1.071
-39.828 -46.346 -370.834 1.010
23.725 43.260 -353.599 0.925
66.364 -95.141 -462.122 0.851
-57.084 19.612 -366.228 0.970
-38.641 22.437 -454.122 0.912
-52.425 -84.360 -451.572 1.054
-69.238 69.578 -452.518 1.027
-86.614 88.696 -366.739 1.157
-49.544 -20.280 -498.402 1.110
18.257 12.343 -499.452 1.051
53.145 -48.704 -435.452 1.004
25.676 -37.972 -389.403 1.106
14.744 29.551 -439.882 1.014
-64.297 -22.003 -452.501 0.932
51.401 -99.467 -439.514 1.094
-58.787 -49.518 -353.908 1.033
-59.157 -41.983 -307.818 1.177
-41.690 -0.259 -411.294 0.959
-74.656 34.061 -372.086 1.021
-89.155 41.334 -496.911 0.979
-24.188 -55.705 -398.428 1.058
35.396 99.616 -463.545 0.899
38.600 -10.055 -336.298 1.169
-12.375 -55.331 -437.433 0.891
-3.857 45.926 -339.726 0.965
-17.769 23.162 -327.076 0.977
14.713 -22.169 -486.167 1.029
70.719 -27.802 -354.167 1.018
-87.433 87.694 -338.805 1.020
-86.173 2.005 -450.200 0.922
-25.055 31.326 -322.130 1.021
2.922 62.435 -498.693 1.141
70.408 -75.966 -443.211 0.879
-5.674 -87.532 -370.077 1.046
-74.975 60.068 -381.169 0.803
-11.688 -37.611 -369.203 1.022
-34.263 28.923 -383.196 0.857
-73.720 11.663 -426.590 1.153
-64.949 16.686 -387.866 0.960
-88.771 -36.715 -462.572 0.964
-72.984 26.814 -366.000 0.954
41.483 -20.775 -434.541 0.895
-92.151 -98.829 -370.241 0.976
96.770 -97.708 -467.441 0.999
-31.235 63.577 -375.169 0.963
28.404 94.625 -305.981 1.091
-89.257 -21.963 -400.977 1.104
93.190 43.528 -309.258 1.181
-30.021 -7.001 -419.332 0.997
-13.819 -49.254 -420.556 0.937
-99.094 -7.512 -366.123 0.911
8.402 48.822 -310.441 1.050
-88.156 -83.900 -316.100 1.076
-18.803 1.467 -479.549 0.921
75.940 54.318 -300.759 1.005
-21.458 -46.860 -408.236 1.098
20.179 -0.651 -315.162 1.069
-63.402 82.405 -314.135 0.995
64.555 -39.191 -481.791 1.085
16.713 33.036 -364.242 1.110
-2.946 70.637 -344.305 0.971
29.005 15.075 -467.062 0.917
3.005 -75.676 -341.673 0.969
50.860 -63.727 -328.402 0.973
-82.885 -57.758 -300.895 0.964
-44.470 3.975 -415.213 0.929
-0.166 48.388 -403.253 0.994
8.956 -47.067 -453.053 1.345
94.373 66.791 -473.372 1.101
68.529 37.396 -461.017 1.095
84.576 32.607 -352.572 1.089
-40.239 48.526 -438.058 0.951
-13.750 97.996 -467.471 1.075
-96.061 -24.392 -491.180 0.997
-32.441 38.576 -496.933 1.065
-99.720 48.203 -338.881 0.978
-63.417 -26.440 -459.014 0.946
-96.367 30.512 -487.143 0.979
-46.986 -48.659 -464.937 0.993
-51.858 -60.089 -411.286 1.109
-52.531 -42.142 -354.084 0.982
-77.993 -82.761 -346.687 0.967
-72.559 5.654 -361.165 1.002
-21.874 -63.660 -356.491 1.040
4.539 30.427 -334.835 1.015
-80.889 79.562 -320.604 0.957
-61.299 -29.498 -305.732 1.012
-3.334 -48.347 -427.182 0.867
56.400 -20.485 -381.385 1.017
-40.239 -21.751 -398.965 1.161
58.936 -31.843 -454.953 0.836
-13.598 81.200 -499.623 1.028
-38.269 -90.987 -400.122 0.914
6.442 -88.443 -376.876 1.056
45.817 26.983 -365.744 0.960
-77.854 91.186 -488.160 1.047
-84.199 -19.727 -425.223 1.004
-43.511 -68.541 -418.656 1.124
-6.491 -60.008 -304.801 0.991
-75.387 -52.685 -431.493 0.914
90.358 92.074 -420.799 1.111
48.770 -12.035 -325.267 0.976
-40.590 37.286 -430.325 0.957
71.102 92.790 -390.443 0.958
86.429 -83.565 -349.158 1.134
-68.170 90.670 -315.090 1.057
-79.436 92.184 -387.337 0.811
69.438 -91.164 -456.686 1.006
-10.961 32.594 -367.752 0.960
8.523 30.729 -336.333 0.921
3.888 -15.965 -490.404 0.735
-41.453 -22.180 -328.305 0.749
97.380 88.969 -362.786 0.873
40.860 96.140 -376.295 1.064
-64.778 24.981 -316.784 0.970
81.089 25.694 -389.160 0.915
-23.604 -86.822 -403.193 0.937
-10.255 -77.062 -415.355 0.888
77.434 80.272 -429.619 1.154
40.145 96.996 -416.987 0.946
45.611 46.417 -360.118 0.866
-8.426 56.093 -445.546 0.876
-13.246 -56.776 -440.790 1.099
31.295 -29.511 -476.835 0.849
24.934 -20.775 -401.205 1.143
71.736 -62.094 -482.657 0.997
-61.978 -7.398 -498.694 0.922
-9.857 58.690 -494.358 1.045
91.173 26.947 -418.935 1.004
15.227 -42.872 -355.655 0.941
-73.210 77.456 -452.497 1.092
-1.371 -0.561 -337.337 0.986
-36.349 19.091 -303.077 1.140
65.001 68.555 -348.531 0.898
-88.711 74.664 -454.083 0.921
47.647 -58.170 -494.485 1.118
-53.897 -37.896 -355.833 0.788
-20.488 88.958 -300.283 1.285
52.335 38.838 -449.888 1.064
-84.447 79.820 -449.386 0.912
84.553 -17.906 -309.724 0.994
-45.681 -57.231 -413.430 0.964
26.549 -10.761 -452.627 1.174
44.968 67.378 -394.165 0.899
43.458 -71.696 -321.791 1.034
16.741 71.061 -385.294 0.960
55.581 -23.123 -366.203 1.026
-10.763 -60.422 -395.388 0.771
-53.324 -5.078 -476.594 1.019
17.125 -89.348 -374.117 0.971
1.253 -71.269 -386.784 1.115
-23.576 -29.935 -357.815 0.962
74.342 34.052 -471.052 1.099
-54.195 -88.541 -359.608 1.029
28.376 -15.203 -463.594 1.159
-62.641 -73.012 -305.181 0.921
60.617 -56.765 -493.923 0.995
-64.221 -55.436 -425.395 1.001
-78.682 -35.508 -422.694 0.881
48.651 -87.080 -397.246 0.905
10.025 -9.058 -345.633 1.256
-84.903 56.836 -384.198 1.029
-42.080 -95.345 -429.386 1.093
22.251 96.173 -426.321 0.811
-65.917 79.933 -392.921 0.904
-40.016 26.718 -352.212 1.113
80.001 0.273 -319.951 1.175
79.758 44.111 -306.481 1.084
7.683 5.492 -330.165 1.065
-45.164 56.326 -343.447 0.991
31.259 64.985 -383.363 1.032
1.769 -24.760 -344.547 0.796
37.975 24.971 -422.473 0.895
-62.886 -89.838 -380.223 1.072
67.499 1.542 -470.849 0.869
41.440 -69.075 -456.047 0.919
-53.282 -93.721 -403.635 1.071
76.059 93.849 -437.235 1.106
-82.271 -68.970 -300.895 1.066
48.040 59.760 -326.624 1.025
61.397 18.994 -328.883 0.957
1.859 46.944 -439.385 1.093
87.469 -2.496 -485.724 1.110
-62.419 -32.225 -442.358 1.074
-60.265 22.636 -316.249 0.904
51.503 69.266 -351.409 0.997
-93.298 79.641 -466.734 0.934
77.157 6.524 -477.935 0.834
-76.588 -76.941 -387.415 1.052
55.126 77.571 -339.110 1.119
84.202 -24.931 -398.906 1.063
16.835 -91.514 -442.729 0.990
-44.281 -27.634 -442.016 0.919
85.020 -38.403 -468.350 1.161
2.745 -40.448 -373.557 1.093
37.897 -3.860 -319.493 0.926
-49.452 -67.217 -307.287 0.974
94.608 -25.809 -468.875 0.998
30.050 4.962 -448.874 1.066
51.865 25.150 -496.649 1.117
64.538 -30.962 -468.518 0.844
-24.424 -77.239 -306.479 0.945
15.078 -28.171 -449.862 1.017
85.353 9.983 -419.311 1.029
-51.668 -9.989 -350.999 1.044
-91.263 -45.488 -302.709 0.974
-95.764 -20.001 -346.890 1.219
39.128 -30.298 -427.985 0.906
8.975 11.357 -349.753 1.002
-93.024 -39.224 -460.265 0.983
-63.529 47.365 -499.983 0.959
-94.993 73.856 -493.400 0.842
12.029 57.711 -323.217 0.886
96.271 -95.906 -499.773 1.011
96.692 18.102 -329.609 0.987
-64.517 -73.498 -331.851 0.946
33.440 -52.498 -424.909 1.044
-95.818 45.075 -344.116 1.100
46.841 -21.069 -413.334 1.016
60.631 -38.737 -452.148 1.060
-81.679 88.996 -405.934 0.911
70.754 98.136 -440.903 0.759
-23.028 73.991 -472.828 0.907
28.796 81.318 -498.945 0.936
-33.372 42.479 -427.264 1.100
98.420 -81.549 -396.668 0.942
79.762 -96.314 -323.817 1.127
94.905 65.349 -420.451 0.852
-8.412 90.447 -338.830 1.206
-65.388 66.350 -326.824 1.069
-87.106 63.213 -490.565 0.891
43.941 -88.807 -450.154 1.045
-0.810 14.266 -316.894 0.975
-79.250 8.756 -482.086 1.000
-52.673 57.995 -327.467 1.098
68.171 79.824 -396.238 1.083
7.096 -54.585 -446.031 0.996
89.590 91.065 -477.947 0.998
27.604 78.495 -448.213 0.869
11.457 -46.468 -373.844 1.104
-28.882 -67.427 -313.217 0.903
90.429 11.368 -301.683 0.984
-11.672 75.572 -379.109 0.875
-70.502 48.746 -421.030 0.880
-6.398 -7.790 -443.150 0.848
87.171 53.624 -381.498 1.148
-82.586 95.706 -359.493 0.736
-38.984 -31.515 -434.012 0.999
-62.179 39.562 -358.615 0.996
-66.383 43.745 -356.597 0.975
72.976 89.591 -485.244 0.917
-87.674 8.891 -318.371 0.923
-7.825 -85.757 -451.227 1.146
64.677 -38.850 -325.673 1.077
-95.726 -8.071 -431.266 0.935
-44.594 83.237 -343.127 1.000
-20.825 71.735 -440.346 1.122
86.650 -0.183 -485.984 1.023
-95.921 -27.682 -402.528 1.065
43.044 -29.025 -315.052 1.240
93.838 13.497 -303.445 1.050
-18.439 -19.175 -322.828 1.080
-82.050 -80.134 -482.116 0.953
35.247 82.663 -410.667 1.006
32.794 -78.936 -323.074 0.989
34.674 40.692 -332.114 0.992
-94.255 52.599 -338.158 1.022
67.160 -8.495 -441.875 1.159
-73.293 87.282 -353.674 0.996
70.262 96.792 -491.118 1.068
-48.635 12.133 -322.533 0.926
-56.135 -80.121 -470.250 0.884
-61.227 -44.868 -392.946 0.821
-45.630 92.077 -326.306 1.174
-54.360 61.815 -432.515 0.938
-63.717 -44.347 -392.158 0.809
41.693 35.220 -455.456 1.114
15.020 90.277 -385.807 1.090
-86.417 64.107 -499.199 0.940
-23.315 -54.892 -471.719 0.997
83.352 -48.310 -419.608 1.104
-78.119 82.326 -367.568 1.256
-32.492 -71.528 -442.095 1.002
16.684 72.994 -411.700 1.167
-9.108 8.163 -474.136 0.992
90.742 -91.513 -302.479 1.003
-20.191 -47.284 -372.302 0.979
22.913 -10.894 -353.419 0.984
29.818 -18.546 -488.092 0.975
-61.528 -35.444 -398.288 1.034
-19.699 93.875 -491.791 1.111
-49.257 48.457 -316.348 0.917
-42.456 -26.590 -488.538 1.033
-88.046 41.728 -475.859 1.096
20.720 -85.690 -300.990 0.886
96.379 3.997 -428.071 1.264
62.989 -26.334 -439.010 0.973
73.957 -24.579 -364.135 1.037
69.374 -57.506 -395.214 0.876
13.989 -38.176 -336.124 1.039
56.150 88.308 -460.574 0.987
84.620 -52.194 -345.682 0.976
-72.279 -80.645 -470.966 1.052
83.457 29.401 -369.131 1.105
-51.571 65.693 -471.758 1.071
82.975 -63.690 -400.642 1.156
6.553 58.897 -318.604 0.967
88.167 46.574 -365.542 0.918
-51.744 9.172 -349.732 1.072
-68.480 -41.381 -439.781 0.970
-6.105 67.025 -328.346 1.010
4.144 -91.221 -462.775 0.975
23.935 71.396 -406.475 0.982
-79.375 44.677 -491.374 0.938
-40.866 61.524 -321.333 0.943
14.722 -53.302 -454.573 0.729
-39.098 -38.828 -479.539 0.775
15.817 5.058 -442.188 1.034
-8.073 -54.783 -396.429 0.964
49.998 -49.226 -404.256 1.038
-38.152 13.722 -433.115 1.030
99.594 68.214 -495.965 1.107
68.720 37.078 -417.886 1.135
-60.159 25.397 -361.228 1.098
73.918 -80.344 -331.076 1.095
74.362 -25.152 -336.062 1.025
-97.858 -34.316 -401.652 1.272
60.214 -24.871 -373.517 0.913
-74.553 -68.901 -348.934 1.111
-88.725 64.716 -477.822 0.785
57.368 26.643 -459.066 1.165
31.575 24.043 -367.730 1.041
-59.497 -10.795 -355.794 0.929
32.466 -43.440 -405.516 0.912
-16.786 68.771 -489.042 0.946
-61.159 -75.551 -370.203 1.050
19.448 15.335 -320.240 1.035
29.091 -89.146 -396.165 0.796
-61.589 32.228 -313.749 0.966
93.142 -94.665 -348.341 1.060
-28.616 58.801 -489.631 1.008
54.477 87.604 -423.991 1.176
-81.433 -87.585 -403.054 1.050
-70.820 46.764 -369.903 0.806
14.206 43.082 -360.264 1.085
96.782 -8.222 -435.433 0.989
66.819 6.124 -450.001 1.101
44.708 61.524 -319.822 1.128
50.655 -36.753 -445.060 0.935
-33.236 -40.823 -436.395 0.878
67.785 75.470 -308.608 0.814
-61.042 8.602 -397.586 0.924
-72.616 -11.999 -461.888 0.824
74.069 -69.029 -461.329 1.113
86.142 -94.854 -369.495 0.955
66.093 -42.991 -397.339 1.044
67.470 31.032 -345.440 0.880
-28.728 36.690 -315.428 1.089
46.557 -79.730 -498.652 1.043
-19.508 34.221 -333.075 1.008
-86.975 96.037 -355.899 1.074
-11.575 6.467 -474.285 0.940
-34.663 -61.497 -344.455 1.040
43.082 -17.113 -321.392 1.159
-94.042 40.072 -371.839 0.952
-79.267 77.297 -324.728 0.835
8.583 -97.104 -425.310 0.893
-24.274 -14.734 -359.696 0.927
69.965 7.395 -325.391 0.775
-95.804 57.367 -491.821 1.072
-32.029 70.502 -385.098 0.979
19.772 -98.622 -417.909 0.993
-45.194 -61.314 -326.299 1.019
-81.244 59.191 -308.807 1.197
-34.187 -30.221 -423.136 0.883
69.079 21.881 -412.098 1.197
-32.504 34.412 -343.010 0.946
74.885 5.194 -328.786 0.923
69.392 -50.385 -305.695 1.109
63.543 -15.178 -340.131 1.137
78.905 -52.401 -384.252 1.090
17.926 -4.633 -470.381 1.053
14.278 -69.619 -326.217 0.975
-72.497 17.944 -465.136 0.902
-60.399 -72.164 -397.978 0.971
73.457 -28.836 -370.071 0.944
-93.136 -45.419 -481.282 1.164
-82.245 53.826 -418.024 0.923
-90.439 40.911 -419.943 0.916
5.977 58.087 -416.298 1.056
40.596 -93.246 -357.264 0.979
14.113 65.466 -482.952 1.029
-4.436 38.480 -483.454 1.043
-37.744 -46.893 -493.137 0.970
11.511 -86.189 -385.469 0.931
59.043 99.636 -383.508 1.121
28.976 6.633 -310.380 1.047
97.509 -54.584 -360.496 1.034
-79.732 -4.165 -442.541 1.112
54.672 25.849 -420.233 0.954
55.333 35.187 -482.841 0.854
86.527 98.747 -336.414 0.964
-62.243 15.331 -403.062 1.132
98.713 17.554 -398.990 0.981
-17.094 -54.838 -349.577 0.916
15.483 -78.324 -384.098 0.969
-55.719 21.139 -326.831 1.012
37.426 -50.531 -445.667 1.164
-62.274 70.765 -353.460 0.887
35.122 -80.967 -490.025 0.984
96.599 55.380 -355.790 0.985
6.573 -94.943 -364.039 0.978
72.959 83.471 -315.327 0.987
91.611 -83.884 -398.333 0.964
31.116 2.393 -493.178 0.981
-30.644 -73.397 -401.569 0.878
39.766 44.543 -354.869 0.997
58.942 9.627 -421.996 0.827
-37.406 13.111 -453.334 0.979
1.315 -65.088 -442.091 1.028
-47.364 -55.712 -311.878 0.934
-70.975 -56.561 -347.651 1.060
-77.431 48.689 -425.933 1.022
-10.112 99.110 -456.522 0.980
14.825 -4.488 -357.600 1.037
-27.717 95.403 -391.883 0.978
56.121 17.057 -323.095 1.068
-5.184 99.326 -373.928 0.860
50.773 85.233 -438.266 1.110
9.088 1.439 -436.032 0.899
38.595 -18.294 -320.089 0.975
-54.251 48.052 -454.002 1.104
24.616 -40.490 -359.002 0.868
-3.711 -44.231 -352.044 1.041
18.673 1.651 -490.482 1.106
1.617 -89.656 -366.424 1.024
76.217 -24.503 -397.627 0.905
-31.604 88.836 -487.826 0.848
51.050 -23.007 -425.232 1.048
-75.620 3.301 -488.537 1.091
39.222 14.609 -348.445 1.360
-4.338 62.687 -375.501 0.936
-3.518 -55.440 -387.464 0.843
-91.286 -14.168 -407.780 0.959
-99.701 -7.303 -452.070 1.017
-75.763 63.917 -427.643 0.903
26.475 -58.510 -442.821 1.027
-41.808 -50.686 -385.541 0.899
29.914 28.059 -407.689 0.953
38.311 30.710 -494.588 0.875
55.799 23.712 -479.508 1.080
-85.514 78.486 -375.218 1.136
80.317 -90.755 -397.132 0.897
-15.258 61.234 -411.419 1.058
-85.030 28.906 -366.701 1.032
88.028 9.580 -386.447 0.844
-78.194 94.084 -325.551 0.870
33.233 55.549 -455.995 1.058
47.010 -89.097 -432.472 0.983
-99.222 -48.653 -471.474 0.960
-8.190 -46.536 -392.915 0.938
-87.315 -88.625 -451.883 0.798
75.954 -17.961 -434.590 1.015
46.473 3.730 -493.338 0.975
-8.862 74.230 -315.631 1.058
84.070 -36.527 -336.563 1.005
17.915 -95.002 -491.700 0.945
-38.526 -51.855 -359.140 1.117
-77.786 -65.684 -358.868 0.925
-79.117 10.858 -456.679 0.799
22.531 -71.779 -498.493 0.989
45.038 13.613 -341.044 1.023
72.190 -15.778 -435.295 1.055
59.896 -94.722 -411.186 1.075
3.557 -92.507 -342.537 1.004
85.142 -87.942 -321.672 0.986
-21.250 92.643 -407.887 0.901
56.740 -38.802 -452.133 1.032
93.315 -76.155 -388.833 1.113
18.212 -92.238 -410.922 0.979
-17.643 -71.532 -423.793 1.067
-85.075 -91.135 -359.729 1.003
98.102 -27.325 -359.146 0.855
-12.233 -8.855 -475.180 1.085
33.170 -96.090 -428.307 0.965
-94.190 19.921 -370.579 0.851
90.242 -7.407 -324.372 0.865
-9.191 -87.517 -435.202 0.992
77.791 -35.441 -378.474 0.873
73.126 72.300 -495.078 0.871
92.551 -12.985 -433.191 0.949
23.552 86.473 -370.156 0.915
-97.448 83.333 -361.363 0.812
-33.363 -1.428 -432.210 1.017
-0.196 9.752 -309.442 0.992
89.537 -19.976 -385.959 0.911
-45.578 0.196 -311.778 0.807
2.433 -71.999 -375.973 0.999
14.669 51.920 -375.386 0.878
98.033 32.924 -318.772 0.931
19.855 -93.374 -409.087 0.764
-68.935 -61.451 -426.337 1.021
-54.092 -90.072 -439.645 1.254
-8.536 -25.927 -377.728 1.000
6.625 -30.894 -301.522 1.153
28.299 36.666 -304.678 0.912
-53.231 56.984 -325.311 0.956
-49.970 89.246 -334.730 1.003
19.437 1.301 -476.360 1.050
-25.488 93.700 -377.167 1.010
-31.896 -14.301 -387.520 1.119
-87.286 -50.372 -352.415 0.934
48.786 -50.660 -457.442 0.957
91.318 -19.218 -464.970 0.913
-9.027 -58.007 -390.539 0.941
-33.033 18.024 -373.135 0.938
-46.585 -40.295 -369.427 0.815
65.590 81.017 -412.953 1.097
31.399 87.577 -313.611 0.927
53.808 -30.972 -363.024 0.931
86.718 -77.850 -451.432 1.013
27.932 29.935 -470.013 1.199
15.583 57.758 -451.419 0.972
-42.926 -15.815 -427.869 1.032
88.787 54.957 -450.873 0.880
54.597 90.636 -412.121 0.781
-60.365 72.270 -367.472 1.005
14.829 -15.492 -407.563 1.048
12.781 -49.745 -343.664 0.918
-75.658 78.274 -335.946 1.187
-76.052 82.816 -472.435 1.044
83.358 -67.059 -369.101 0.949
44.731 -4.057 -409.735 1.079
51.738 18.615 -495.893 0.806
-55.107 14.465 -403.683 1.098
63.041 47.908 -460.162 0.901
88.622 -62.633 -309.162 1.100
-46.911 86.146 -348.114 0.882
6.857 -63.922 -325.445 0.902
-94.902 -31.658 -343.516 1.155
45.864 -68.904 -312.790 1.076
-7.986 -65.247 -381.923 0.919
30.174 -13.376 -455.160 0.946
76.738 73.869 -453.643 1.007
-94.672 -68.153 -445.103 1.071
-0.526 94.710 -322.517 1.076
14.069 29.723 -319.969 0.977
-25.697 -59.925 -479.654 0.887
-3.315 79.783 -348.781 1.090
-66.509 -42.920 -419.306 1.075
-83.834 26.314 -327.254 0.752
41.874 98.525 -368.977 1.062
-30.781 50.230 -349.822 0.889
73.516 -51.862 -433.873 0.940
-85.725 38.816 -456.905 1.070
-35.994 -15.100 -457.407 0.964
12.898 -68.014 -398.194 0.758
54.656 8.333 -498.138 1.017
82.445 -45.859 -448.973 0.928
76.099 48.706 -326.878 1.005
-88.666 1.960 -355.650 1.046
-76.117 13.129 -305.604 1.088
78.060 -0.466 -370.780 1.011
8.195 -29.166 -382.693 1.036
-67.580 -22.732 -456.845 0.861
3.093 -39.909 -377.069 1.124
39.663 29.388 -331.773 0.979
-53.778 -56.456 -325.100 0.943
95.810 -25.445 -499.117 1.069
-89.953 -99.576 -432.437 1.209
-92.723 -71.550 -490.321 1.203
-11.474 23.750 -426.990 0.823
68.053 -97.491 -312.951 1.005
-96.896 8.114 -455.798 0.926
-21.988 -53.605 -403.081 1.044
32.466 -46.557 -339.081 0.869
-27.520 3.975 -475.922 0.983
72.644 4.978 -411.079 1.035
-99.515 -34.695 -351.409 1.106
37.998 -63.701 -403.952 0.922
-24.664 -7.692 -364.978 1.133
62.185 -67.171 -452.694 0.880
-14.900 28.792 -338.041 0.862
51.554 -94.776 -343.802 1.026
-48.544 57.208 -478.011 1.140
-83.444 -4.369 -358.296 0.854
-64.854 93.928 -371.966 0.931
-94.433 55.302 -388.385 0.879
46.889 -55.706 -410.701 1.028
42.735 78.164 -375.175 1.043
69.929 -88.425 -471.617 1.006
8.109 33.101 -403.444 1.035
-97.559 86.141 -321.376 1.024
52.675 -41.584 -470.942 0.955
19.651 5.258 -367.045 0.924
-5.756 97.729 -467.539 1.209
-3.995 -58.307 -357.128 0.974
49.547 -47.979 -462.352 0.999
-51.321 -89.934 -481.725 0.917
-34.568 -73.425 -390.076 1.037
93.101 -72.885 -449.750 0.934
-58.262 -27.004 -448.116 1.017
41.225 -88.860 -341.804 1.040
91.190 81.849 -375.555 0.951
-80.764 -30.893 -428.924 0.995
42.119 -29.893 -407.264 1.004
-13.206 -49.374 -359.363 1.124
12.523 69.209 -428.613 0.955
17.663 47.981 -434.957 1.096
-89.251 32.566 -414.904 1.253
25.062 -18.657 -499.579 1.002
-91.851 18.359 -460.467 0.911
56.332 -61.694 -394.760 0.993
-80.080 -85.617 -448.635 0.966
-3.639 -14.281 -340.913 1.016
73.947 -43.629 -407.493 1.104
76.287 44.890 -451.283 1.008
-64.518 -10.588 -443.763 1.028
89.019 -57.204 -465.893 1.039
-79.352 -87.840 -499.739 1.068
-82.678 70.367 -439.627 0.997
44.126 -53.546 -390.395 1.181
-49.941 96.988 -302.549 0.927
94.441 24.201 -419.416 0.910
-94.364 88.678 -399.594 0.850
75.800 -27.785 -450.818 0.964
-22.433 8.594 -320.014 0.779
87.864 -2.533 -477.442 0.913
-83.687 43.023 -449.028 1.041
-40.336 -64.742 -323.165 1.077
59.138 -83.978 -390.233 0.939
-65.464 -33.292 -476.586 0.894
64.027 85.722 -413.949 1.188
96.687 12.557 -306.466 0.901
33.755 75.231 -324.281 1.050
41.604 86.827 -483.191 0.944
77.609 66.284 -407.481 1.066
-79.680 -94.496 -374.404 0.986
66.159 57.634 -337.472 1.123
83.751 55.711 -385.709 0.850
32.091 -7.229 -456.768 0.833
85.410 41.117 -380.068 1.053
-89.814 29.258 -478.723 1.104
88.041 -79.623 -394.239 1.113
-71.388 2.108 -339.363 0.892
65.340 47.772 -411.103 1.018
-45.036 -6.396 -385.727 0.951
38.804 97.372 -300.402 0.849
-39.547 58.123 -387.197 0.874
-21.309 -50.655 -438.542 0.970
-63.969 26.997 -436.333 1.103
25.371 -86.412 -474.504 0.865
-24.645 84.726 -384.041 1.088
43.227 -42.981 -302.289 0.905
-91.222 -93.708 -444.258 0.828
9.509 74.094 -425.090 0.946
-62.922 51.161 -363.140 1.084
21.714 -2.974 -357.386 1.070
-22.225 -98.282 -312.204 1.186
-0.780 44.336 -486.156 0.870
-34.519 -26.957 -305.452 1.193
56.848 -35.160 -304.965 0.954
11.824 23.320 -480.450 1.096
-45.065 -87.436 -479.003 1.181
-52.702 23.880 -489.567 1.048
-12.254 -13.607 -382.936 1.050
37.779 -93.643 -328.266 0.915
6.272 -25.076 -465.496 0.881
-27.982 69.194 -308.835 0.899
31.914 -32.297 -333.331 1.068
29.006 28.795 -422.105 1.098
26.001 -84.777 -429.748 1.021
1.280 -14.646 -326.267 0.983
-71.353 23.332 -468.895 1.009
-30.402 -70.150 -386.445 1.119
23.906 94.779 -422.508 1.105
-75.066 -56.312 -448.998 0.788
60.169 -49.294 -356.952 0.951
4.059 0.766 -371.017 1.026
-20.695 -32.071 -489.908 0.920
40.873 42.600 -473.373 1.070
99.704 -20.935 -322.608 1.052
-7.414 19.202 -444.906 0.924
-33.456 -73.560 -336.343 0.916
26.876 -52.897 -398.968 0.892
90.199 13.789 -364.299 1.061
7.861 -16.113 -499.083 0.962
-14.947 39.325 -391.772 0.874
76.235 99.541 -435.593 1.040
-42.334 96.536 -447.332 0.918
42.419 6.153 -318.107 1.025
1.428 25.181 -327.404 0.768
37.507 -81.620 -418.082 0.830
48.270 -74.838 -337.969 1.036
-33.791 -17.606 -444.413 1.004
-54.793 -32.903 -425.173 0.976
-99.485 95.966 -388.253 1.019
-90.444 42.008 -426.025 1.045
85.493 5.724 -334.248 0.910
36.300 -22.102 -419.499 0.980
-9.412 52.314 -359.276 1.051
-42.196 -45.274 -461.106 1.148
-48.469 49.510 -356.759 1.082
-70.709 -85.398 -449.728 1.061
-61.149 5.213 -349.065 0.898
85.219 3.506 -317.889 0.999
35.462 -97.260 -391.088 1.032
77.002 -83.780 -365.564 0.945
82.355 74.351 -424.129 0.989
57.813 -13.045 -405.663 1.087
-91.825 -22.129 -443.440 0.931
-48.402 -95.517 -478.280 0.985
-2.481 -62.667 -384.916 1.014
-2.078 59.080 -472.308 1.120
83.186 -57.438 -393.157 1.013
-41.388 -38.612 -496.848 0.940
98.210 56.981 -369.490 1.017
-88.609 35.236 -326.447 1.019
11.740 -14.552 -327.922 1.014
-71.089 37.102 -310.291 1.002
86.088 -60.424 -343.131 1.070
7.367 -71.978 -314.603 0.885
-84.696 5.938 -497.974 1.083
17.164 -9.671 -481.488 0.975
-35.045 -95.800 -419.268 0.908
40.558 -44.715 -482.932 0.989
-52.377 91.347 -386.065 0.904
87.623 63.220 -349.056 1.157
89.812 81.708 -336.205 0.948
9.112 -20.723 -412.787 1.035
-25.093 90.437 -351.773 0.965
-74.819 -5.424 -455.608 1.061
-0.859 -39.790 -470.165 0.891
89.986 14.132 -398.887 1.078
-37.476 -29.590 -482.322 0.950
79.318 -36.736 -300.587 1.001
66.801 30.737 -376.276 0.907
-64.125 64.581 -412.309 0.998
-62.042 94.388 -446.334 1.091
53.410 28.804 -389.789 1.026
65.410 73.139 -472.383 1.014
-71.972 -69.361 -445.857 1.030
66.126 25.216 -375.283 0.905
95.290 53.558 -443.328 0.841
-23.518 -53.502 -386.921 0.812
-60.860 -81.729 -313.216 1.019
-46.445 -63.709 -351.769 0.969
77.168 59.311 -437.263 1.106
-50.393 -2.387 -453.734 1.162
-44.499 -69.600 -374.845 1.101
-9.441 20.456 -347.617 0.856
-34.899 64.466 -457.483 1.003
-87.366 9.346 -447.538 1.050
17.323 4.911 -326.217 0.915
23.024 -12.282 -469.471 0.877
70.338 -18.992 -489.703 0.989
3.474 -54.169 -418.884 0.970
60.071 -56.751 -359.227 1.135
89.932 22.351 -446.775 1.034
-45.605 61.057 -358.425 1.090
57.778 -51.092 -499.225 0.926
39.289 -22.496 -474.132 1.037
68.755 39.805 -466.292 0.967
32.042 90.695 -311.564 1.117
22.661 74.579 -366.556 1.025
16.518 -97.730 -482.387 1.085
90.413 -96.901 -369.837 1.002
-72.506 70.508 -347.449 0.807
-73.307 -88.385 -392.685 0.856
33.118 -64.686 -330.092 1.045
