-52.266 10.314 -404.940 1.104
-57.719 -55.153 -392.587 0.904
46.459 -48.958 -379.302 0.935
-60.008 -17.274 -372.166 0.995
92.471 68.838 -358.414 0.843
17.908 -92.929 -452.700 0.945
-16.656 -99.587 -328.639 0.950
-69.912 44.689 -365.445 1.119
-13.378 -57.627 -305.631 0.876
-47.081 -65.547 -306.631 1.110
-50.703 -31.797 -432.785 0.945
25.934 29.524 -496.057 0.849
81.765 -47.783 -327.625 0.797
-4.665 -41.554 -348.409 0.972
57.127 -53.359 -433.008 1.098
64.775 22.660 -490.040 1.048
0.008 -54.306 -475.525 1.116
-42.678 82.185 -347.924 0.943
57.152 86.620 -349.496 1.052
-20.068 61.000 -365.432 1.021
-25.803 -44.385 -449.933 0.886
-46.349 -82.289 -462.612 0.992
-80.805 -91.468 -466.013 1.031
-13.664 -99.991 -453.693 0.847
-8.873 -75.415 -365.802 1.083
-17.032 90.285 -430.786 0.792
-32.807 34.299 -336.374 1.041
83.879 37.722 -414.446 1.128
-53.185 14.053 -402.715 0.994
71.088 -4.764 -306.025 0.997
-35.785 -55.713 -302.369 0.999
-97.756 -4.198 -494.816 1.025
-74.270 46.725 -332.433 0.987
-52.013 10.229 -354.874 1.136
76.310 -30.349 -493.765 1.053
53.417 -35.591 -491.253 0.847
92.565 4.503 -335.854 1.171
5.142 91.082 -303.191 0.972
50.775 -86.715 -484.097 0.967
-27.156 -20.195 -376.701 1.058
-98.877 84.819 -367.410 0.913
-27.194 46.256 -444.533 0.899
87.292 44.061 -322.926 0.965
92.820 87.570 -382.478 0.832
55.950 26.824 -465.464 0.886
-68.184 89.300 -441.382 0.877
10.747 -94.973 -332.328 0.970
35.337 -9.786 -315.167 0.723
80.248 67.510 -405.202 1.000
-51.645 -53.443 -485.269 0.988
12.475 -39.004 -442.544 1.009
-75.694 74.856 -478.852 0.842
37.189 8.511 -496.909 1.062
95.231 86.795 -333.589 0.938
84.333 -55.098 -381.010 1.097
91.501 -83.074 -372.947 1.098
2.732 12.432 -484.467 1.072
-44.823 -2.620 -363.237 0.971
12.266 38.622 -302.443 1.096
-82.903 59.751 -466.822 1.283
80.306 54.473 -345.385 0.901
-54.451 -87.744 -495.574 0.991
52.908 -84.453 -309.542 0.986
68.130 26.491 -318.493 1.005
-89.399 -59.571 -400.124 0.949
54.413 47.986 -304.796 0.847
-61.058 -73.441 -388.514 0.959
-14.550 -57.282 -468.976 0.964
-29.544 48.454 -484.220 0.939
-52.950 56.423 -437.940 0.889
-61.793 -16.016 -484.713 0.983
3.078 39.324 -458.977 1.058
83.699 -40.377 -474.131 0.967
11.465 -88.574 -380.512 1.066
7.253 32.770 -347.282 1.002
-20.641 62.916 -333.449 0.919
76.369 -24.263 -389.810 0.890
-44.429 -30.195 -499.184 1.083
85.018 96.213 -460.705 0.997
34.911 67.033 -317.750 1.074
-7.044 -91.372 -496.144 0.962
40.353 9.265 -339.908 1.046
-80.345 -69.886 -408.634 1.119
-72.161 72.856 -479.634 0.831
-5.437 -56.158 -460.092 1.016
-44.655 33.540 -444.354 1.046
29.693 35.371 -354.285 0.964
-97.667 85.472 -337.340 0.968
-92.544 64.474 -467.257 1.022
22.350 -20.895 -461.588 0.893
81.848 32.101 -362.059 0.890
64.855 -62.627 -326.055 0.961
17.194 86.883 -456.858 0.868
-76.381 -92.315 -397.375 1.092
21.091 -78.819 -304.247 0.821
-77.278 48.173 -323.030 1.000
-52.827 -69.098 -436.730 0.896
25.414 -62.183 -473.388 0.858
-93.290 -37.934 -425.063 1.073
-70.644 72.101 -395.347 1.028
9.435 26.597 -359.613 1.114
55.633 -46.723 -392.830 0.797
-15.487 9.802 -433.232 0.915
-32.788 -41.403 -419.784 0.846
27.563 6.449 -397.880 1.102
62.103 86.623 -345.898 1.014
93.159 -5.925 -412.748 0.876
38.722 6.052 -320.087 1.084
36.729 20.084 -347.482 0.873
-61.286 62.777 -492.679 0.882
-23.782 -63.250 -460.659 0.885
-77.614 58.286 -304.688 1.069
-71.896 -69.376 -491.163 0.828
-33.127 8.744 -411.479 1.081
-0.817 -22.857 -324.461 0.884
-44.502 -19.572 -420.045 0.944
-40.339 65.691 -427.271 0.980
-6.245 -86.158 -474.659 0.919
42.284 84.770 -440.947 0.955
-62.352 89.319 -393.864 1.091
-88.934 77.774 -397.379 0.929
-13.484 87.442 -394.978 0.755
-80.400 22.811 -416.185 0.943
45.358 25.661 -387.862 0.949
95.995 -74.282 -333.362 0.947
-18.051 34.273 -367.614 1.089
-84.933 95.424 -402.121 0.837
-6.558 -33.610 -496.536 0.956
-87.612 -88.872 -464.241 0.943
9.517 83.468 -405.164 1.094
64.356 -77.990 -373.766 1.168
-84.349 75.326 -464.461 1.087
93.144 9.209 -362.507 1.162
-48.339 16.110 -338.199 0.929
31.471 90.937 -370.853 1.000
71.368 -45.852 -320.000 1.130
-6.141 -72.422 -352.635 1.124
19.936 -39.301 -468.899 0.979
32.543 71.310 -373.490 0.941
87.463 -7.843 -434.555 0.882
60.513 0.935 -334.384 0.914
-18.001 16.876 -481.765 0.979
70.636 24.672 -408.942 1.028
38.242 -11.000 -393.841 1.048
-44.098 -90.613 -436.464 0.961
89.621 44.265 -317.312 1.028
71.761 99.079 -482.510 1.044
-61.817 3.937 -497.239 1.109
-54.371 -86.526 -397.976 0.937
-28.367 -45.389 -378.467 0.903
-95.196 -3.433 -304.703 0.950
94.352 -79.132 -473.325 0.960
-98.327 89.627 -495.056 0.986
53.804 -64.572 -338.897 1.056
56.550 36.038 -351.851 0.892
66.460 -54.657 -316.430 1.075
30.487 -51.891 -488.557 1.170
-60.812 -38.195 -396.902 1.031
33.151 -19.772 -485.709 0.975
5.427 43.233 -464.634 0.922
-57.593 -77.690 -344.453 0.799
-52.723 -2.351 -486.853 0.894
55.536 -70.589 -391.580 1.232
-94.026 46.215 -495.906 1.102
15.530 18.208 -300.008 1.121
56.884 -41.226 -453.374 0.964
-57.334 -44.948 -466.427 1.077
56.596 -70.090 -328.978 1.133
-65.299 -0.585 -499.574 1.000
21.576 14.265 -375.925 1.246
71.325 8.948 -400.218 1.043
-17.578 -85.749 -413.609 1.061
42.161 -54.408 -478.850 0.899
99.896 6.734 -438.079 1.066
38.891 -90.139 -449.764 1.022
-95.685 21.301 -471.230 0.863
-25.963 -11.391 -357.925 0.936
-67.721 -27.038 -450.325 1.026
1.656 -27.408 -497.111 1.032
-68.487 35.343 -358.232 1.041
-30.695 -16.479 -440.257 0.946
-46.839 -33.664 -387.508 1.083
-89.688 20.275 -306.052 0.950
-22.866 -22.315 -342.051 0.997
-97.475 -82.515 -332.999 1.207
95.796 45.683 -399.484 1.088
-14.161 78.266 -400.083 1.037
49.533 -86.250 -389.570 1.001
26.645 50.012 -423.937 1.037
69.202 48.063 -492.775 1.228
-85.490 69.761 -495.071 1.085
45.206 -27.895 -390.874 1.094
22.372 -62.746 -338.634 1.071
-33.521 68.443 -386.770 1.022
41.188 66.838 -403.579 0.856
-41.924 -86.429 -456.768 1.086
-75.164 -50.941 -389.197 1.139
67.214 96.912 -414.150 0.948
0.378 23.394 -327.981 1.100
-93.562 33.974 -354.558 0.999
-35.313 -7.359 -393.631 0.977
-10.581 60.810 -349.068 0.907
1.584 90.023 -387.050 0.909
-17.335 -30.872 -467.609 1.118
-47.992 -90.495 -305.181 1.108
74.998 -95.940 -316.489 0.838
-40.713 -76.223 -498.421 1.075
-18.276 70.661 -451.578 0.852
-73.027 6.306 -314.711 0.989
-44.148 -55.708 -498.583 1.104
-52.804 97.609 -311.634 1.052
24.580 8.781 -422.068 0.998
21.691 -82.310 -444.695 0.948
-41.988 -86.316 -387.329 1.047
64.502 -14.746 -448.318 1.164
76.181 55.305 -453.721 1.068
67.614 40.020 -396.608 1.096
22.410 51.250 -359.593 1.129
8.669 76.033 -452.106 0.929
-71.680 -65.084 -345.362 1.024
24.139 -34.319 -400.083 1.015
-38.048 66.041 -334.835 0.919
25.483 -12.592 -401.671 0.990
76.077 -45.595 -360.375 0.864
7.609 18.205 -448.537 1.108
38.329 1.717 -473.397 1.173
-94.760 29.131 -352.414 1.035
-28.303 -9.923 -311.783 1.006
-88.246 6.517 -389.125 0.931
-91.536 47.319 -300.414 1.058
73.019 2.784 -368.194 0.969
-38.694 39.401 -433.363 0.867
-87.371 -87.136 -359.659 0.905
-65.270 -61.546 -306.326 0.954
5.476 22.631 -437.632 0.994
-22.588 -17.946 -479.731 1.235
58.650 77.322 -426.054 0.865
-67.458 18.434 -496.367 0.904
-87.165 70.799 -484.565 0.973
-21.255 59.152 -367.568 1.089
-33.809 52.253 -439.436 0.911
62.139 73.042 -421.008 1.180
-38.052 36.908 -482.860 1.021
-29.046 -17.583 -393.370 0.946
-81.153 20.771 -486.923 0.879
-76.101 97.128 -449.659 1.052
64.328 -70.983 -348.408 1.015
36.655 -61.775 -357.979 1.076
96.947 87.566 -495.343 0.935
-78.746 -48.041 -433.238 0.948
-1.037 -29.457 -362.814 0.960
7.815 -33.866 -390.461 0.859
9.965 -9.502 -398.025 1.110
-56.846 21.896 -327.539 0.941
-83.839 39.897 -423.074 0.999
88.258 -79.668 -474.264 0.950
45.880 3.809 -460.234 0.927
73.823 0.355 -480.841 1.002
-24.697 -9.067 -313.578 0.979
82.781 -70.925 -478.348 1.038
92.394 21.852 -358.993 0.852
70.082 47.736 -324.474 1.027
-75.043 -41.684 -470.337 1.050
0.924 81.759 -398.322 1.109
-96.445 29.235 -433.585 1.027
-82.245 14.140 -321.035 0.996
67.720 -2.403 -435.051 1.038
96.721 -33.372 -342.575 0.941
4.502 -30.269 -435.835 1.282
8.856 -84.781 -493.428 1.001
81.548 -71.025 -355.523 1.037
43.105 -41.838 -467.287 1.074
33.213 -10.407 -317.821 0.951
-65.839 2.945 -451.976 0.932
-90.316 65.804 -390.052 1.055
-69.905 20.456 -335.482 1.198
12.209 -4.392 -492.966 0.996
-58.802 68.381 -398.785 0.838
50.297 70.360 -343.215 0.879
3.040 -19.866 -469.501 1.069
67.458 -89.947 -403.893 1.075
-22.699 -59.590 -482.385 0.909
42.961 94.666 -333.781 1.119
-57.017 74.652 -493.620 0.882
-94.665 -53.480 -484.886 1.101
20.256 -78.255 -321.165 1.048
-93.745 79.025 -342.570 0.929
40.839 80.908 -363.813 0.932
94.733 67.677 -420.249 0.956
-45.542 57.530 -367.538 0.962
-82.125 58.098 -318.797 0.953
-0.433 29.803 -387.946 0.979
-63.846 -48.228 -325.589 0.811
80.854 53.846 -378.379 0.863
-2.976 3.987 -310.799 1.078
41.653 55.289 -395.308 0.873
-71.501 -31.155 -337.271 0.929
-91.264 68.591 -392.996 0.907
-10.028 -42.171 -459.117 0.960
67.032 82.429 -385.644 0.964
47.375 53.581 -381.142 1.196
13.346 51.839 -462.171 0.840
73.667 -67.405 -499.037 1.041
83.280 -19.951 -410.479 0.807
-12.544 -7.186 -417.717 1.070
61.192 41.342 -357.720 1.111
60.275 -39.299 -312.727 0.991
17.368 -40.401 -447.123 0.957
-47.318 97.021 -459.157 1.022
28.876 -48.025 -394.902 1.000
-40.481 69.781 -396.786 1.089
-63.532 -31.318 -315.058 1.107
-37.894 57.112 -438.592 0.859
5.475 82.583 -427.993 1.011
5.371 -57.665 -362.727 1.020
13.878 99.340 -460.155 0.920
86.119 -16.281 -362.094 0.836
52.764 98.143 -423.340 1.135
83.994 -6.472 -453.443 1.077
27.642 18.089 -300.220 1.004
-3.686 27.229 -462.491 0.885
-84.287 -21.249 -466.739 1.081
-9.185 -8.141 -326.321 1.102
-19.729 -90.176 -475.001 1.114
-41.248 81.157 -366.204 0.939
-34.405 57.205 -336.953 0.976
-66.783 97.193 -332.857 0.893
11.976 8.461 -365.580 1.168
-21.996 84.065 -354.813 1.109
82.968 -54.221 -442.083 1.047
77.673 -79.049 -455.231 0.889
-61.026 -26.580 -342.314 1.019
15.192 -24.285 -400.847 0.964
-69.546 -0.638 -335.968 0.925
-90.597 72.694 -399.948 0.915
-50.740 79.283 -470.816 1.152
24.271 20.565 -407.076 0.978
-47.716 -99.175 -422.274 1.008
70.459 28.675 -317.882 0.898
-17.313 -67.834 -489.304 0.845
71.171 30.736 -343.208 1.086
2.410 64.099 -388.837 1.278
92.958 -26.394 -352.634 1.130
25.735 -67.234 -364.840 0.942
-74.183 -42.660 -396.491 1.157
-16.708 46.366 -342.275 1.092
-35.254 48.265 -367.954 1.182
-63.256 98.451 -491.164 1.042
35.916 71.273 -463.402 0.713
83.489 76.751 -453.882 0.976
-78.935 28.377 -314.901 1.176
-4.961 22.026 -401.127 0.933
-20.076 18.044 -317.662 0.916
41.660 76.920 -398.511 1.009
-87.957 90.535 -348.953 1.086
-73.558 -59.238 -372.567 0.935
-87.075 73.509 -458.335 0.823
72.778 -88.717 -419.133 0.865
59.708 -20.824 -490.547 1.039
-76.764 22.708 -366.939 0.942
32.596 -71.452 -435.163 1.090
-59.521 36.991 -325.715 0.907
84.750 -23.332 -324.166 0.820
6.003 23.312 -416.083 1.167
-24.846 -48.302 -329.873 0.984
-50.411 5.602 -378.934 0.819
-78.647 62.150 -378.019 0.851
56.437 -6.395 -388.305 0.957
-29.313 36.037 -411.014 1.064
78.768 -44.076 -415.055 1.168
-47.990 -61.540 -336.851 0.967
-18.781 -52.948 -320.812 1.007
-39.981 62.586 -387.675 1.043
66.811 -90.407 -441.813 1.133
-56.852 -41.713 -413.413 0.845
-63.139 49.441 -392.291 1.063
-23.126 72.113 -304.933 1.048
-94.804 9.642 -370.349 0.856
-45.592 58.531 -496.235 1.094
15.081 -84.316 -339.847 1.047
72.562 13.256 -470.269 1.042
41.920 3.167 -380.941 1.138
59.867 -61.168 -426.778 1.035
64.695 82.752 -426.675 1.010
-32.841 -22.639 -380.948 0.989
-94.964 -5.154 -326.054 1.026
18.820 -39.497 -322.802 1.048
-0.312 -61.575 -402.525 1.005
-28.665 -65.498 -380.096 0.993
-87.801 52.607 -318.359 0.968
76.599 -45.249 -326.486 1.194
33.349 -45.146 -427.399 1.059
-11.477 16.244 -436.527 1.111
65.472 -51.540 -498.086 1.188
-69.517 -40.424 -352.785 1.081
-64.814 48.839 -441.974 1.097
-62.435 40.134 -440.208 0.873
80.472 59.734 -352.115 1.037
22.633 -97.476 -469.846 0.922
-9.263 22.594 -376.915 0.961
-11.752 75.432 -399.171 1.062
-63.513 -6.313 -305.150 0.805
-97.672 -67.941 -430.997 1.142
-57.197 -63.316 -461.749 1.082
53.515 -70.741 -328.606 1.059
-44.268 64.165 -393.701 1.051
93.191 1.099 -322.851 1.226
-15.415 86.056 -450.618 0.863
52.223 6.899 -488.533 1.044
34.374 -8.789 -490.783 0.924
43.850 -4.628 -336.774 0.973
-32.562 -71.605 -377.110 0.943
-35.966 -36.728 -499.561 0.950
47.232 5.294 -437.176 1.027
56.672 30.508 -444.459 1.154
17.522 88.905 -457.410 1.153
64.854 67.113 -407.376 1.061
-49.376 83.288 -384.859 0.915
42.003 61.345 -396.433 0.918
-88.256 -46.964 -426.595 0.938
86.012 -91.431 -399.174 0.939
-26.483 -37.991 -327.429 1.058
82.967 -33.632 -495.121 1.174
-43.604 -41.358 -345.817 1.019
-68.833 -18.767 -310.372 1.017
-76.222 -12.894 -403.581 1.018
16.759 44.955 -476.532 0.992
37.153 -68.395 -380.652 0.998
-46.232 70.271 -477.713 0.914
-45.829 78.970 -355.271 1.053
-8.135 60.212 -406.762 0.934
45.481 -77.981 -321.865 1.046
-1.476 -42.238 -349.586 1.022
-93.832 -67.700 -304.130 1.031
22.666 -8.408 -303.093 0.947
-31.960 -54.402 -477.972 1.005
-64.295 -97.071 -372.080 1.070
-86.515 43.665 -339.603 1.162
0.496 58.513 -320.032 0.893
-31.201 80.374 -342.253 1.010
25.591 27.262 -366.422 0.981
-55.898 72.176 -446.323 1.076
-50.447 64.646 -467.133 0.959
4.737 15.348 -471.358 0.738
10.877 15.009 -480.578 0.741
-50.933 66.242 -469.355 0.946
85.863 41.975 -411.880 0.929
93.381 -45.266 -335.598 1.142
67.922 44.651 -440.163 1.035
17.613 -48.228 -484.568 0.978
53.520 -31.101 -359.156 0.952
86.524 -5.000 -326.709 1.033
-6.934 35.745 -307.202 0.978
-36.550 -46.824 -419.401 1.053
-93.808 7.532 -388.321 1.121
64.398 83.808 -383.334 1.174
33.021 77.326 -487.319 1.103
14.236 16.962 -370.858 0.990
4.071 -42.750 -475.477 1.153
-32.524 -50.204 -422.435 1.250
66.230 -42.886 -458.573 1.071
75.698 -76.928 -329.976 1.105
52.143 -89.829 -401.170 0.973
-80.255 47.287 -479.703 1.138
79.872 -66.934 -392.387 1.204
18.417 45.248 -343.505 0.895
-23.435 59.768 -457.870 0.846
-20.104 30.262 -426.647 1.162
-21.570 -91.509 -354.226 1.028
-71.110 87.873 -370.641 1.150
32.690 69.793 -495.195 0.954
-37.321 96.045 -415.560 1.134
66.697 9.341 -412.443 1.099
31.662 -45.981 -336.356 0.848
-24.728 2.191 -495.881 0.988
-4.086 -90.242 -467.365 1.026
46.638 8.651 -461.571 0.923
31.621 -24.559 -332.640 1.017
-41.190 39.751 -493.996 1.082
58.470 42.796 -349.043 1.100
-81.872 18.944 -408.656 1.106
26.383 -90.995 -406.565 0.789
-1.456 -21.833 -465.580 1.059
-1.295 -37.950 -366.576 0.985
-90.848 17.339 -424.498 1.031
-41.722 39.117 -343.729 0.966
-76.070 -33.553 -337.016 0.996
68.767 20.519 -323.594 1.103
58.542 48.768 -384.573 1.070
81.253 69.268 -384.805 1.078
76.442 -47.240 -453.412 1.097
40.830 89.138 -395.294 0.794
53.802 -75.669 -437.652 1.055
-99.259 15.681 -373.158 1.038
55.446 -87.617 -446.680 1.058
-54.938 79.183 -326.483 1.120
24.456 81.040 -383.961 1.110
12.872 -74.683 -388.285 0.899
67.029 -18.956 -442.946 1.100
-39.403 -86.844 -466.788 0.995
89.341 -77.038 -405.668 0.920
24.345 -50.072 -443.553 0.959
75.441 81.612 -320.742 0.987
83.021 80.819 -448.549 0.920
-70.187 79.579 -357.120 1.079
-77.451 45.076 -417.332 0.898
-49.698 86.296 -389.764 0.936
7.535 70.404 -305.763 1.062
-32.651 -32.457 -301.033 0.840
68.029 -23.063 -494.870 0.822
-69.440 -3.197 -366.070 0.846
85.661 -0.646 -495.305 0.986
22.716 69.567 -443.727 1.056
-45.380 93.846 -470.590 1.110
-0.523 5.362 -439.048 0.917
-88.414 83.581 -334.705 0.960
-49.764 -53.722 -327.429 1.025
68.059 -99.622 -307.987 0.979
55.561 -10.508 -301.183 1.031
-54.904 -99.102 -431.855 0.987
93.547 22.397 -469.532 1.144
20.261 98.362 -400.408 0.880
36.590 -11.571 -377.103 0.920
35.425 -54.336 -376.013 1.036
89.547 57.399 -385.279 1.004
-42.505 39.025 -316.657 0.901
97.816 -50.403 -390.195 1.126
20.898 -11.528 -415.136 1.185
23.953 29.353 -325.301 0.959
-8.819 -52.665 -401.963 0.902
-17.808 -87.658 -334.361 1.044
96.876 -81.528 -394.920 0.998
-58.368 -92.027 -485.157 1.110
-83.986 36.192 -414.669 1.066
-67.967 -13.959 -338.644 0.929
-85.575 55.219 -380.242 1.010
-64.666 15.047 -310.455 1.018
-36.277 80.583 -325.032 1.073
86.743 -75.593 -322.582 0.952
73.422 93.858 -408.564 1.009
-63.094 -54.110 -413.482 1.072
-87.954 30.162 -331.630 1.026
-96.217 -9.204 -478.872 0.953
74.203 99.122 -380.745 0.966
-98.582 -55.321 -463.742 0.778
-8.659 95.322 -488.565 1.100
5.988 13.889 -425.552 1.080
-29.725 24.214 -434.294 1.049
-83.038 75.871 -413.000 1.098
-2.504 -2.516 -355.821 0.850
-23.051 -13.033 -390.706 1.172
64.416 82.252 -337.347 1.028
73.155 78.131 -478.418 0.969
89.730 -66.466 -355.361 0.933
63.976 -88.927 -445.106 0.647
78.527 50.957 -440.185 1.190
-29.330 96.431 -367.908 0.749
-84.376 -18.656 -367.779 0.865
49.807 93.011 -453.601 0.865
-70.977 -88.351 -429.115 0.847
37.863 -0.876 -407.884 0.949
19.208 -1.788 -489.404 0.920
9.422 59.988 -411.197 0.992
88.944 -13.039 -349.283 0.960
-36.980 46.945 -341.460 0.932
43.770 2.788 -429.371 1.122
72.176 -51.728 -459.801 0.943
-91.390 -32.302 -453.842 1.061
28.486 49.369 -378.517 1.012
75.632 -60.636 -364.131 0.916
-81.100 15.733 -371.041 1.097
21.412 96.720 -349.226 0.878
29.915 67.662 -316.042 1.016
56.126 23.719 -388.214 0.929
22.787 -19.554 -365.217 1.058
-2.718 -53.455 -335.731 1.033
-40.583 -85.791 -309.610 0.955
62.419 -16.027 -454.811 1.062
-8.094 -56.186 -376.299 1.028
-77.287 -58.024 -409.838 0.871
95.164 -52.161 -446.396 1.039
66.233 26.651 -378.020 0.967
-72.544 -43.503 -457.464 1.030
-61.301 68.268 -400.101 0.829
57.633 -79.906 -387.708 1.024
88.397 -42.856 -486.987 0.907
-32.318 -42.540 -356.397 0.876
21.969 -81.019 -303.530 0.967
23.769 -15.812 -467.163 1.075
-34.631 -11.296 -388.596 1.124
40.631 18.010 -469.386 1.156
-64.323 -84.576 -485.518 1.166
90.734 49.790 -460.747 1.025
45.191 16.331 -369.232 1.127
-6.156 64.127 -368.297 1.023
40.456 -27.397 -398.689 0.973
-82.815 -83.835 -499.671 1.151
-97.313 3.841 -305.545 0.822
-66.656 -53.294 -400.645 0.993
-1.580 -39.456 -490.300 0.791
-67.351 -9.617 -405.518 0.985
-94.365 20.683 -349.781 0.915
-40.425 -74.906 -465.483 0.861
79.017 12.598 -300.571 0.875
-28.000 99.358 -460.254 0.976
-13.272 -68.247 -413.797 0.782
86.580 -33.861 -387.050 0.979
71.363 57.024 -408.330 1.067
-42.887 -71.500 -341.882 0.889
-43.629 44.534 -325.122 1.005
88.890 -83.534 -483.971 1.068
-81.010 -32.782 -462.246 1.202
18.138 82.058 -390.346 0.970
46.373 31.756 -473.970 1.184
-16.708 55.861 -306.666 0.960
2.580 64.333 -313.406 0.835
-71.889 6.866 -460.050 0.880
-72.953 46.030 -483.975 0.791
59.873 68.304 -398.721 1.061
-0.843 95.993 -475.140 0.892
56.546 -26.285 -402.241 0.922
-95.394 96.324 -355.082 1.162
59.497 -93.095 -384.972 1.163
1.487 -34.513 -498.528 1.031
-81.881 -3.761 -444.928 1.016
90.604 -6.370 -356.646 1.006
-15.032 -38.699 -320.994 0.927
-4.918 -22.317 -404.785 0.924
-91.837 84.852 -356.423 1.067
63.504 -45.217 -401.884 0.986
-43.426 25.377 -451.204 1.101
-20.868 -30.796 -343.093 0.976
72.466 64.442 -395.355 1.073
85.873 48.820 -361.815 1.070
-6.987 -61.591 -361.882 0.972
41.903 11.018 -442.444 0.976
-88.846 -68.009 -492.066 1.059
-37.451 -46.794 -384.260 0.858
95.413 42.823 -322.874 1.310
2.043 90.935 -448.627 1.077
25.409 34.863 -465.077 1.044
42.478 -3.567 -442.577 0.918
34.027 61.808 -311.458 0.915
34.262 70.185 -328.228 1.118
-76.094 92.897 -368.604 1.095
-73.316 -16.015 -416.731 1.002
23.401 35.014 -361.429 1.009
24.743 31.826 -491.461 0.948
-7.760 68.033 -409.396 0.860
-87.794 83.549 -478.415 0.911
0.695 -62.618 -382.988 0.971
19.062 58.503 -384.560 1.073
78.476 32.235 -412.696 0.881
-62.322 53.933 -308.495 0.825
10.065 29.082 -308.726 0.963
-22.842 -8.418 -310.105 0.998
-34.154 92.573 -392.018 0.843
19.114 -15.059 -385.963 1.068
-22.150 -10.765 -435.343 1.071
41.588 73.355 -467.991 0.712
1.077 -64.341 -393.719 0.987
2.530 18.790 -485.258 0.841
10.172 52.802 -323.222 0.984
62.928 34.529 -460.630 0.944
40.250 54.645 -498.643 1.002
-99.717 25.521 -370.657 0.984
-63.666 94.832 -344.146 0.964
-39.463 -0.643 -410.158 1.179
-66.274 83.749 -368.855 1.073
-8.222 60.355 -393.293 0.910
40.237 27.906 -488.049 1.212
80.006 -24.123 -363.261 0.952
81.187 -65.234 -495.147 0.900
-29.583 -65.033 -335.906 1.000
54.904 -62.109 -363.286 0.850
6.542 -70.706 -465.087 0.960
-62.240 87.753 -469.913 0.932
-66.558 49.709 -306.690 1.050
-24.498 -14.653 -431.417 0.989
18.772 -21.407 -421.172 1.079
0.446 -33.362 -420.641 1.196
-80.893 11.521 -301.756 0.900
-14.977 84.591 -453.648 0.953
15.380 47.687 -401.129 1.045
-76.195 -39.315 -470.183 0.867
-12.582 -63.761 -493.503 1.035
-96.297 -63.467 -400.154 0.955
-2.845 85.400 -495.252 0.943
-94.103 -3.229 -416.133 0.860
-68.916 -74.414 -400.194 0.973
78.321 54.990 -455.828 0.775
-27.232 -10.061 -368.566 1.082
-10.305 -12.588 -301.782 0.885
-68.755 54.827 -474.195 1.001
-89.681 68.568 -361.713 1.130
88.277 -17.698 -447.010 0.911
18.325 41.481 -486.076 1.015
35.906 -59.982 -366.446 0.960
-75.700 58.701 -450.628 1.040
60.995 -19.549 -448.664 1.073
-75.568 -55.796 -339.229 0.807
14.172 58.439 -475.772 1.089
-91.341 -34.950 -425.438 0.952
73.571 -86.515 -351.327 0.875
-42.360 66.656 -481.643 0.898
92.569 -22.900 -357.546 1.054
-8.434 -33.786 -336.355 1.097
-12.492 -62.418 -301.850 0.992
38.115 -13.186 -342.180 0.896
-60.514 -71.326 -330.276 1.057
-28.546 -38.193 -420.631 0.868
-86.584 36.449 -382.826 0.945
-56.079 -77.746 -342.301 1.138
79.335 -73.470 -478.034 1.161
-62.229 0.295 -342.420 0.947
-23.383 13.185 -352.382 1.034
14.929 27.904 -499.156 0.915
32.742 10.531 -410.807 0.953
79.696 -40.541 -454.451 0.906
28.661 3.235 -438.450 1.036
-70.783 27.752 -380.571 0.985
-25.777 -60.529 -408.918 1.023
43.838 -17.366 -391.219 0.975
61.254 -35.808 -419.354 1.165
45.533 -33.255 -315.443 1.056
82.372 -80.236 -325.275 0.924
37.380 -96.401 -472.054 1.194
-49.213 -40.584 -436.691 1.040
11.082 -20.102 -444.175 1.137
-67.699 -64.037 -333.592 0.942
-94.289 76.953 -360.207 1.177
-17.769 97.378 -464.759 1.112
-97.774 -81.800 -385.153 0.864
57.134 55.662 -405.660 1.011
-9.990 28.335 -384.207 0.980
-20.760 -83.652 -432.245 1.046
-15.915 -89.997 -354.047 1.130
34.467 -70.864 -392.609 1.125
-80.849 58.301 -316.851 0.968
13.502 -56.578 -368.798 1.019
50.186 -88.130 -451.546 0.907
-94.054 -5.002 -376.660 1.029
89.342 -39.897 -489.505 0.877
-81.620 29.750 -486.277 0.965
52.579 -63.227 -389.370 0.929
-82.457 91.018 -395.725 0.983
-70.329 13.536 -310.693 0.871
83.057 -67.110 -347.209 1.035
25.784 -44.324 -396.721 1.049
52.546 -23.235 -440.737 1.030
-18.453 -29.730 -405.108 0.942
-36.643 -76.669 -422.810 1.030
-31.709 -59.080 -344.898 0.971
43.168 -55.508 -384.434 0.902
64.820 -58.953 -472.559 1.060
-14.781 -12.661 -334.222 1.070
14.698 -60.817 -431.162 0.922
-15.018 17.784 -452.115 1.065
33.640 55.490 -488.074 0.985
21.525 69.444 -422.516 1.032
-0.929 49.788 -374.654 1.077
-29.800 -75.075 -332.616 0.934
-96.262 75.096 -476.907 1.117
-51.985 21.950 -445.339 1.125
-1.771 59.939 -332.225 1.069
93.881 94.991 -479.014 1.124
-3.389 -32.983 -433.163 0.983
73.781 49.768 -316.929 0.987
-61.302 36.288 -394.634 1.068
-90.717 -99.990 -371.992 0.992
5.451 37.413 -356.251 0.871
-5.489 -83.946 -401.443 0.903
55.779 -64.834 -403.962 0.864
-67.040 -53.319 -361.772 0.931
1.731 26.871 -373.786 1.091
-26.266 -12.471 -301.298 1.124
-67.860 93.110 -380.245 1.035
-34.292 -64.919 -412.544 0.908
23.362 92.599 -353.943 1.091
-37.362 34.604 -385.030 1.078
-90.276 66.090 -438.847 1.061
15.680 75.437 -472.250 0.935
42.305 47.258 -417.157 0.916
11.551 -68.043 -376.466 1.043
-48.038 5.235 -306.068 0.990
21.135 -58.230 -429.165 0.948
4.138 69.321 -404.888 0.938
60.551 96.043 -343.357 1.084
93.092 97.317 -473.879 0.928
-63.989 -43.628 -443.241 1.209
-32.044 -15.375 -387.461 1.094
-6.045 -23.964 -466.209 0.794
-39.452 31.384 -406.466 1.160
80.758 -78.018 -360.033 1.069
47.851 -32.104 -476.745 0.982
-87.626 62.655 -411.285 0.936
-20.261 -65.766 -490.220 0.996
-3.305 24.016 -479.970 0.726
-87.339 74.446 -314.494 1.050
-29.015 -25.924 -412.060 0.873
-78.540 80.307 -395.135 0.960
-30.049 70.057 -459.772 0.853
53.614 70.626 -394.175 0.903
-15.803 72.864 -426.832 0.985
34.590 73.118 -328.337 0.942
-43.088 71.089 -342.736 0.924
60.076 61.673 -423.784 0.978
4.366 -21.344 -370.359 0.881
-94.568 -28.170 -477.814 0.837
-41.554 -17.736 -485.317 1.014
89.895 10.421 -476.597 1.046
-22.438 -71.834 -425.933 1.011
59.064 -5.588 -354.928 1.065
40.343 -94.669 -441.044 0.911
-26.241 -47.970 -494.595 1.105
92.438 45.203 -322.856 0.991
12.539 -60.811 -407.596 0.835
68.031 97.253 -494.077 1.040
7.718 -66.268 -444.089 0.966
-72.022 -26.624 -340.602 0.930
-72.234 86.659 -478.667 0.998
65.473 39.814 -363.324 0.885
80.880 -89.278 -371.119 1.101
-70.546 58.789 -478.270 1.009
-12.523 82.701 -448.171 0.806
30.728 19.308 -342.071 0.886
36.441 -44.819 -462.398 1.072
-76.450 34.986 -305.290 0.915
52.043 55.572 -342.763 0.789
59.013 -38.375 -462.150 0.880
-18.116 -4.792 -461.898 1.053
-1.118 -32.724 -398.653 1.122
26.439 -29.802 -361.023 0.985
78.685 90.413 -354.597 1.197
-94.789 16.546 -313.020 1.101
-55.689 82.857 -438.362 0.938
-69.182 -87.419 -485.523 1.164
26.392 50.802 -388.990 1.150
31.507 84.339 -456.704 0.973
16.097 75.105 -479.722 0.965
64.986 46.690 -492.191 1.095
-70.773 9.789 -469.134 0.908
45.707 -46.870 -317.908 0.939
84.379 76.741 -371.485 1.043
-11.856 -85.877 -457.000 0.983
-76.079 79.783 -327.494 1.049
-60.801 58.872 -454.846 1.112
14.534 65.430 -446.805 0.931
87.036 -15.105 -380.353 0.949
-40.284 -7.435 -330.900 0.919
6.993 38.001 -333.115 1.035
-49.060 11.162 -384.884 1.035
-55.629 9.825 -373.333 0.812
-84.807 -49.777 -405.833 0.952
16.812 -15.218 -419.275 0.781
-33.649 -45.303 -469.734 1.037
92.847 -57.108 -467.375 1.136
94.181 -25.254 -387.304 0.900
53.274 2.803 -321.050 0.922
97.993 19.191 -493.761 0.930
91.828 34.556 -424.190 0.939
15.147 -9.555 -480.499 1.227
32.364 -12.512 -461.216 0.946
-72.564 -21.349 -314.734 0.905
78.790 34.396 -415.681 0.933
-21.293 -62.543 -471.413 1.023
-85.758 -36.068 -432.972 0.939
-73.000 -20.629 -465.563 0.935
-59.386 5.108 -465.136 0.870
-78.417 -81.473 -339.330 0.977
-93.162 86.529 -459.495 1.236
5.254 20.228 -441.959 1.033
50.787 -87.041 -330.959 1.013
57.437 46.660 -326.897 0.990
92.279 -4.541 -334.117 0.923
48.253 80.476 -468.783 0.966
-67.362 84.632 -315.034 1.097
-73.979 -34.506 -488.567 1.201
-25.143 -66.578 -490.292 1.006
-54.019 68.417 -306.578 0.990
23.050 13.283 -335.713 1.116
-8.683 57.284 -443.902 0.957
84.771 -66.519 -307.533 0.944
-6.282 62.444 -356.110 0.898
64.886 -0.738 -468.585 1.022
-88.192 41.089 -425.556 1.076
50.389 32.993 -450.503 1.011
-94.817 -32.895 -400.064 1.201
-46.611 41.694 -379.129 0.919
34.901 30.990 -331.335 1.270
9.379 -51.393 -332.411 1.078
-50.030 -21.524 -321.988 1.296
-76.061 -44.424 -360.212 1.035
-71.745 13.301 -408.007 1.049
86.079 93.792 -445.592 0.963
-93.285 -74.529 -338.185 1.024
4.341 -60.565 -332.037 1.083
-24.764 23.869 -375.745 1.080
-88.849 0.052 -484.410 1.000
89.981 79.795 -479.675 1.012
0.234 -77.801 -475.030 0.861
7.028 -65.040 -454.409 0.979
-25.113 -33.744 -390.026 0.951
26.064 -15.407 -300.183 0.997
22.741 -76.211 -406.521 1.023
-77.601 16.089 -388.968 1.077
59.533 -9.693 -416.820 1.181
-91.686 -8.204 -389.045 1.027
12.619 52.549 -431.430 0.891
-78.447 -77.583 -447.943 0.909
4.462 19.213 -342.004 0.986
56.861 81.969 -331.450 1.023
84.090 96.788 -374.265 1.083
65.298 -72.018 -426.564 1.252
-43.430 97.134 -308.232 0.958
-85.382 -68.193 -452.273 1.024
-60.669 -95.168 -318.534 1.090
54.665 -3.819 -492.680 1.071
2.738 -33.934 -358.956 0.989
52.402 91.944 -410.521 1.123
16.390 34.347 -306.906 1.019
55.761 3.139 -334.589 0.906
65.299 -1.950 -440.313 1.006
18.497 -14.800 -397.878 0.912
83.293 -71.692 -365.778 1.152
-22.238 -25.730 -332.093 1.169
-31.482 -31.809 -328.143 1.181
67.306 90.609 -370.482 0.930
-9.145 67.718 -438.385 0.991
9.231 44.330 -458.027 0.962
10.576 -81.714 -395.259 1.038
-20.610 25.229 -440.575 1.028
48.613 -30.433 -329.869 0.901
94.083 -0.920 -318.877 1.185
58.349 -61.355 -387.279 0.792
57.771 32.184 -371.322 1.192
-11.613 39.205 -486.010 1.054
21.831 -71.614 -398.914 0.953
78.661 -89.173 -316.147 1.263
-94.434 83.810 -466.164 1.113
31.191 78.735 -320.239 0.911
1.182 -32.437 -484.980 1.003
58.592 96.357 -321.493 0.933
-35.447 -73.900 -302.374 0.946
-11.270 7.662 -384.378 0.954
72.692 -8.110 -378.476 1.056
68.434 23.511 -462.116 0.810
-30.882 2.615 -418.152 0.906
-49.242 -40.464 -312.763 0.994
46.982 -53.813 -403.260 0.966
49.812 -19.106 -402.257 0.815
69.415 64.516 -491.567 1.030
-94.879 62.545 -387.581 0.957
-14.509 -32.735 -458.714 0.943
33.424 -65.128 -343.361 0.952
12.673 87.039 -307.975 0.978
14.144 -17.095 -346.191 0.827
-21.924 98.460 -435.052 1.094
-2.374 -75.919 -393.213 0.976
-92.241 -40.663 -396.123 0.928
53.594 -16.554 -304.328 0.958
-75.248 59.201 -498.339 0.894
5.724 57.754 -380.260 0.895
79.370 60.245 -436.101 1.039
-17.904 -73.728 -304.904 0.945
-59.854 -0.224 -414.971 0.979
17.382 -54.540 -490.554 1.000
-99.178 89.298 -355.423 0.783
-23.116 -21.105 -414.316 1.169
19.265 93.495 -435.046 1.171
27.800 99.780 -320.345 1.040
-30.175 67.032 -393.152 0.799
-84.630 -39.033 -333.465 1.115
-36.654 55.797 -317.003 1.075
-65.227 11.603 -412.698 1.078
27.135 -25.593 -443.686 1.168
-55.171 61.067 -444.424 0.989
-90.414 29.933 -344.679 0.967
-47.333 -33.918 -376.346 1.030
59.457 41.843 -423.751 1.009
-5.186 71.147 -316.860 0.848
85.189 40.210 -442.293 1.182
-87.516 92.944 -388.786 0.839
79.706 93.533 -366.823 1.301
85.027 -18.248 -344.341 0.876
-18.922 2.791 -323.697 0.800
-86.264 -40.704 -428.179 0.929
-32.104 20.001 -437.590 1.067
-26.634 72.171 -420.405 0.976
-80.784 -61.948 -340.802 0.848
40.149 11.941 -358.736 0.960
13.311 4.948 -448.075 0.944
23.607 23.138 -440.486 0.952
6.039 -56.938 -371.288 1.048
-41.287 -99.544 -307.056 1.034
-63.131 83.672 -384.126 0.828
22.007 89.979 -340.021 0.850
97.437 -48.370 -336.992 1.054
-49.823 99.135 -443.952 1.159
-60.590 -37.586 -381.539 0.888
