-30.112 -48.381 -498.079 1.046
-99.803 65.272 -398.757 0.889
-15.151 46.198 -408.472 0.882
13.866 -33.748 -407.444 0.938
55.726 56.516 -306.275 1.276
8.105 -83.779 -475.963 0.721
42.113 -1.443 -454.644 0.886
37.791 -30.143 -360.003 1.074
15.041 28.729 -479.518 0.805
7.809 -67.414 -412.277 1.021
41.294 -59.663 -336.565 1.078
65.423 -6.290 -425.668 1.030
29.333 47.399 -303.822 1.105
-31.139 -8.676 -481.953 1.145
-47.658 60.670 -350.597 1.049
-9.267 37.645 -344.520 1.159
-99.074 47.744 -430.322 1.021
55.474 -28.094 -365.979 0.892
-88.463 57.230 -405.249 0.947
-16.274 17.096 -442.298 1.057
23.387 23.438 -449.295 0.934
87.753 93.745 -458.427 0.880
58.909 -69.430 -436.063 1.161
-55.837 -31.640 -434.911 0.874
64.345 -52.093 -498.484 0.852
-54.622 58.581 -391.808 1.112
-90.261 66.680 -355.466 0.851
-22.442 2.266 -333.141 0.949
16.731 61.776 -493.107 0.927
93.487 13.636 -375.904 1.048
-88.705 -3.907 -388.912 1.049
-82.536 12.126 -398.933 1.078
-96.818 38.632 -408.678 1.088
-80.997 52.600 -310.863 0.984
-63.651 58.105 -372.075 0.958
-35.364 51.873 -425.065 1.003
-86.437 88.115 -340.131 0.955
60.987 -21.951 -459.375 0.912
-11.337 -89.049 -423.830 1.041
78.383 -97.477 -458.216 0.943
33.638 12.024 -347.855 1.020
-92.030 53.356 -308.931 0.836
5.770 -72.526 -497.400 0.919
-9.042 65.919 -403.596 0.872
-63.609 -99.666 -463.779 0.801
30.574 -66.934 -498.974 0.989
-29.935 -55.693 -498.574 1.068
-20.820 -43.529 -337.050 1.046
23.524 89.830 -470.537 0.978
-11.740 69.356 -497.948 0.843
32.992 -26.564 -312.166 1.057
-24.515 -13.708 -385.528 1.076
72.237 -21.442 -339.254 1.020
-34.148 53.505 -378.305 0.957
13.924 -60.411 -346.788 0.913
99.637 -77.442 -328.177 1.229
26.900 -88.000 -445.657 1.054
-36.920 39.887 -315.457 0.948
-62.434 -22.004 -477.754 0.761
1.444 -58.477 -354.073 0.895
19.258 -50.497 -403.551 1.173
29.084 84.127 -437.173 0.958
-91.679 87.155 -466.075 1.042
85.000 89.544 -459.102 0.985
4.871 64.761 -474.141 0.826
74.605 75.194 -430.611 1.009
31.853 34.819 -363.324 0.927
-70.077 84.848 -334.512 0.951
6.813 60.238 -364.131 1.023
-73.519 -15.292 -430.723 1.175
86.239 -0.998 -437.096 0.956
-71.212 70.573 -489.641 0.936
-89.451 98.206 -471.950 1.084
45.686 11.643 -330.122 1.125
-53.174 24.635 -423.577 1.125
-25.636 -1.820 -466.032 0.918
-91.312 52.441 -432.883 0.970
3.673 -71.670 -435.255 0.982
-88.189 -52.337 -319.604 0.822
-76.524 -68.002 -404.282 1.194
-93.253 70.738 -491.853 0.703
46.435 86.750 -471.274 1.169
-93.418 -13.306 -411.821 0.876
-2.426 -41.230 -305.663 1.125
-96.857 -9.366 -401.757 0.964
-16.562 -21.520 -342.146 1.090
-25.884 -15.897 -308.010 0.845
-49.985 -6.870 -377.976 1.099
21.080 16.493 -409.350 1.018
5.951 73.922 -444.007 0.910
-55.715 -48.884 -316.621 0.981
-56.264 -29.908 -402.069 1.032
-33.590 -97.399 -333.955 1.034
-83.510 -62.592 -443.330 1.066
-50.902 65.548 -482.110 1.122
8.084 -13.912 -415.978 1.225
-11.815 49.968 -493.010 0.957
-20.692 35.158 -366.610 1.105
87.218 -70.391 -438.810 0.743
-29.919 5.360 -361.868 0.968
-81.217 3.336 -397.232 1.034
1.573 -27.373 -329.291 0.947
-29.854 42.845 -434.725 1.071
-72.802 -64.835 -335.591 1.024
-30.868 -4.771 -398.266 1.118
19.561 -98.895 -437.993 1.036
-91.473 -8.865 -480.579 1.181
7.932 90.533 -388.126 1.058
-28.181 -6.384 -368.877 1.052
-32.099 -48.357 -487.914 1.077
-19.747 -69.347 -305.261 1.086
37.230 -78.577 -475.740 0.888
-96.195 -27.415 -411.669 1.110
32.907 31.179 -369.121 0.861
10.393 99.568 -343.151 1.150
-61.885 71.741 -374.842 0.878
-86.219 -28.011 -410.428 1.004
-73.438 -95.017 -419.252 0.893
98.415 22.000 -383.086 0.952
-12.255 63.924 -310.603 0.877
-54.590 -43.364 -447.257 1.098
-39.193 57.624 -498.789 1.012
-91.802 -2.678 -445.290 0.954
-6.508 67.769 -403.316 0.945
53.333 -80.470 -459.075 0.881
11.205 90.235 -475.858 0.867
82.658 -88.895 -394.276 1.027
-96.441 -22.337 -406.366 0.911
17.539 36.489 -388.627 1.071
53.366 -64.739 -446.093 1.037
17.792 -16.269 -440.147 1.047
27.189 93.575 -441.940 1.105
34.316 43.597 -425.131 1.028
2.898 26.282 -493.972 0.979
-11.582 -4.019 -313.129 1.036
-97.335 -67.653 -392.950 1.089
33.483 38.696 -396.706 1.260
-41.987 97.966 -430.082 0.889
-3.093 91.014 -350.565 0.963
-33.776 11.169 -487.941 0.933
-57.138 -95.533 -315.896 0.940
-31.599 -75.016 -458.387 0.956
-85.846 11.177 -360.870 1.005
-7.579 -59.015 -356.963 1.052
94.936 6.101 -396.033 0.953
40.165 -47.720 -483.683 1.167
-33.117 -94.352 -401.688 0.932
94.014 -21.865 -358.989 1.119
74.699 -36.195 -401.849 1.000
-74.747 74.282 -488.332 0.947
-35.952 -59.072 -429.304 1.038
96.695 30.385 -404.289 1.098
37.075 -44.905 -407.099 1.018
-55.254 -64.056 -381.366 1.036
-35.241 -74.470 -354.414 0.997
-89.478 -77.573 -491.971 0.912
-0.252 81.707 -363.701 0.836
-66.255 83.180 -366.280 0.925
-21.276 0.063 -436.920 0.893
-60.363 35.642 -317.668 1.028
90.685 15.584 -448.018 0.985
20.451 -7.060 -431.807 0.832
58.685 15.840 -355.164 0.782
22.073 -10.203 -354.929 0.972
91.223 -58.015 -477.808 1.084
32.319 -35.607 -319.848 1.007
54.436 -26.242 -499.234 1.031
41.120 31.017 -494.477 1.138
-28.659 22.388 -367.810 0.967
71.039 65.120 -368.867 0.940
-9.781 -36.233 -488.307 1.062
-49.888 66.431 -384.749 0.924
-1.771 -75.773 -356.863 1.280
78.680 -7.988 -477.159 0.857
48.798 -13.107 -411.661 0.996
-5.652 12.976 -455.498 0.913
38.212 -22.214 -384.843 0.976
49.082 56.215 -305.923 1.155
-20.716 44.366 -365.483 1.008
44.716 71.856 -304.242 1.116
-28.636 -66.497 -498.652 1.202
-65.177 -63.701 -366.098 0.941
40.960 23.442 -405.919 0.903
78.943 -6.123 -426.377 0.957
16.804 31.341 -474.581 0.920
7.237 -28.351 -366.328 1.119
35.992 -42.670 -303.752 1.009
9.937 -84.428 -316.277 1.133
34.134 -44.046 -486.159 1.159
-75.223 -89.155 -305.800 0.932
-81.160 -78.023 -422.611 0.902
66.557 -92.133 -310.390 0.806
74.144 55.064 -467.956 1.104
85.205 81.131 -390.219 1.026
-63.055 -30.041 -364.519 1.083
-50.972 83.754 -325.023 0.964
-61.880 39.131 -320.217 0.968
-77.619 31.060 -415.962 1.065
29.618 1.502 -384.168 1.203
96.864 79.321 -498.615 1.033
88.457 31.276 -312.714 1.108
62.633 46.223 -444.572 1.164
-70.569 97.557 -373.835 0.950
74.853 31.753 -442.223 0.927
90.657 -95.308 -392.930 0.984
56.324 -32.666 -365.083 1.121
36.895 36.469 -443.409 1.155
58.920 14.283 -334.148 1.101
86.852 -31.193 -375.294 1.073
1.586 22.898 -478.622 1.032
-85.816 -58.693 -323.217 1.066
24.658 -18.822 -495.867 0.975
53.300 -82.184 -317.647 1.003
-62.181 86.139 -411.250 1.021
-96.469 2.175 -334.171 0.995
97.038 -30.709 -331.036 1.090
95.603 -53.491 -336.945 0.836
-94.040 -34.814 -357.971 1.015
-56.566 -84.778 -473.088 0.894
-97.258 64.611 -406.967 0.949
-54.892 62.642 -412.000 1.150
-74.937 19.991 -467.915 1.021
-26.395 -52.420 -352.435 0.982
-90.122 -66.902 -353.495 0.952
-53.160 68.633 -369.225 0.939
53.320 15.372 -389.087 0.819
-8.696 27.502 -486.719 0.856
18.881 -22.614 -465.889 1.091
-2.140 -81.745 -317.536 0.937
-42.052 76.461 -458.234 0.917
-12.666 -51.926 -445.212 1.207
-43.177 69.696 -453.578 0.781
46.484 -19.675 -492.474 1.122
-0.216 53.654 -474.095 1.049
65.491 -28.537 -410.635 0.894
-88.041 4.725 -369.735 1.159
-29.621 -65.477 -483.536 0.791
-17.667 -59.247 -472.040 1.139
39.470 38.112 -452.847 1.127
-20.464 24.770 -338.143 1.131
-96.992 65.271 -412.072 1.007
-34.543 -34.853 -449.149 1.112
5.923 -8.428 -322.394 1.088
-51.875 59.299 -413.320 0.801
-12.266 -7.429 -380.773 1.089
0.600 97.980 -358.459 0.838
-46.774 97.031 -491.591 0.984
-95.239 -28.240 -487.733 1.152
-66.598 61.677 -363.313 0.970
89.056 -10.328 -405.770 1.015
-0.205 -78.825 -391.536 0.940
25.279 -79.497 -361.909 1.052
-5.675 70.254 -385.826 0.970
-30.657 51.966 -306.353 1.015
-71.378 27.151 -405.780 1.040
56.699 -10.643 -424.103 0.987
66.928 -50.180 -346.404 1.034
-21.046 91.603 -484.031 1.049
20.890 30.578 -466.913 1.055
-24.364 45.855 -401.268 0.983
-12.951 -48.900 -405.136 0.825
-79.355 53.446 -494.658 1.045
-15.847 57.508 -312.149 1.038
14.907 -33.875 -409.754 1.048
55.247 -74.672 -392.422 0.973
-89.287 -36.052 -364.079 0.987
-97.431 69.393 -326.753 0.944
9.126 97.829 -488.982 0.961
-61.732 -39.168 -436.826 1.180
51.425 21.240 -366.466 1.112
-26.424 -13.384 -327.566 1.000
-2.136 39.873 -361.035 1.017
48.881 69.798 -379.162 1.046
-76.315 -88.043 -446.024 1.089
-51.795 41.458 -323.005 0.960
85.482 12.182 -467.585 1.136
99.017 -43.419 -392.182 1.066
-41.833 -89.381 -454.170 0.944
32.613 82.914 -358.585 0.952
-61.503 -25.537 -410.000 0.912
80.877 -18.394 -489.714 0.949
57.300 -45.810 -438.619 1.143
-62.246 -54.061 -313.530 1.055
-91.531 -42.589 -485.232 0.976
20.117 2.693 -416.760 1.082
-60.742 85.130 -355.163 1.020
11.904 -24.626 -446.793 1.126
13.095 -8.476 -448.953 0.927
23.722 -39.828 -493.862 0.989
-14.420 1.393 -363.336 0.933
-0.675 48.736 -437.847 1.008
57.694 33.098 -471.632 1.013
45.914 10.454 -429.372 1.041
-73.049 -70.726 -433.271 0.779
-43.918 39.076 -494.660 1.020
-55.542 13.935 -493.679 1.204
-88.062 -6.454 -437.216 0.984
98.832 -77.249 -392.465 1.008
-6.230 -20.409 -335.335 0.891
-5.145 -21.369 -384.340 0.986
-65.287 11.556 -464.646 0.893
-65.016 -72.039 -488.504 0.934
26.939 -0.741 -435.576 1.066
-52.906 85.662 -301.295 0.926
42.541 -97.652 -466.624 1.013
58.298 39.168 -481.061 1.071
98.182 78.269 -436.348 0.999
-37.833 -93.861 -388.948 0.958
-53.708 -89.779 -404.580 1.137
66.204 -24.436 -395.228 1.109
-20.585 -22.165 -495.200 1.009
-27.804 -45.736 -466.507 1.107
-99.996 -80.902 -337.336 0.968
62.081 -38.832 -308.207 1.154
-60.227 70.420 -479.643 0.785
12.797 -68.640 -498.699 1.024
-19.621 -97.400 -439.651 0.963
-80.371 4.131 -409.272 1.010
37.713 95.948 -337.481 0.927
28.069 92.353 -375.375 0.934
-48.468 49.554 -416.279 1.108
87.008 53.387 -498.675 1.022
-53.816 93.211 -483.847 0.943
39.821 -22.495 -387.167 0.959
-60.751 62.896 -350.759 0.945
86.674 92.477 -428.632 1.000
87.403 -99.061 -301.481 1.164
18.831 -0.913 -398.272 0.994
-79.331 30.851 -358.021 0.962
79.347 -70.528 -356.108 1.204
-19.430 43.991 -312.879 1.078
21.506 40.452 -306.821 0.977
-36.137 -79.791 -345.709 1.165
-56.843 88.334 -461.754 1.025
-77.073 14.677 -345.684 0.830
-16.277 -86.932 -331.630 1.071
-66.901 -88.341 -359.967 0.911
44.849 48.988 -361.459 1.005
-23.310 8.412 -308.804 0.926
-35.584 51.998 -470.823 0.961
62.812 -79.540 -482.100 1.041
2.519 -73.161 -404.070 0.829
-79.746 59.854 -427.662 0.851
30.522 98.768 -364.118 0.937
13.371 75.453 -359.392 1.098
87.741 -81.464 -498.750 1.026
12.722 -26.848 -376.744 0.920
-12.286 66.926 -320.380 1.093
62.751 23.592 -476.392 1.126
-8.328 -83.969 -328.745 0.934
-97.435 25.453 -327.791 0.953
10.794 -86.637 -375.861 0.868
67.092 17.428 -372.275 0.779
-43.969 -84.598 -388.410 0.821
-46.128 78.743 -434.314 0.905
-27.254 -26.831 -491.717 0.842
72.285 86.829 -412.628 0.766
-38.652 -10.374 -469.750 1.059
-87.691 78.110 -382.063 1.066
99.660 -89.661 -499.094 1.000
-82.333 27.987 -311.114 1.035
98.654 56.226 -496.984 1.050
-84.095 0.923 -425.181 1.053
41.682 87.867 -477.223 1.091
-75.576 2.299 -431.128 1.051
98.998 93.085 -335.290 1.006
-61.200 -70.707 -300.770 1.030
66.912 61.398 -334.878 0.968
-42.536 27.875 -337.895 1.083
-90.178 -46.234 -320.811 1.140
42.316 82.038 -483.445 0.885
63.187 -24.793 -391.502 1.262
-44.901 88.850 -382.953 1.148
59.131 -17.613 -407.297 1.000
65.227 -69.196 -452.888 1.175
10.705 17.318 -461.917 0.993
63.639 -83.129 -435.682 0.904
17.039 -65.166 -420.789 0.993
82.167 2.563 -313.018 1.001
-26.403 -43.031 -489.586 1.063
-76.227 96.203 -460.820 0.818
-66.157 3.968 -310.199 1.257
31.769 66.205 -355.116 0.905
-33.360 -19.959 -428.447 0.983
-38.450 65.802 -365.493 0.958
-85.941 -88.808 -358.551 1.166
76.803 -57.214 -338.710 1.022
90.151 -41.210 -363.298 0.987
-48.021 15.772 -311.085 1.041
61.705 -91.792 -406.214 0.818
-69.507 61.654 -394.557 0.999
52.583 -25.932 -373.578 1.045
-88.846 75.582 -353.749 0.853
67.899 89.573 -372.984 0.890
15.198 -37.832 -448.268 0.840
-22.000 -35.332 -311.594 1.033
18.447 -39.849 -481.967 0.753
4.047 -79.944 -471.686 0.967
88.355 -24.258 -460.883 1.108
79.919 -92.303 -358.337 0.882
-94.545 -98.480 -407.718 1.050
-60.516 -55.386 -409.400 0.821
91.838 2.783 -433.624 1.139
88.234 87.651 -334.195 0.887
-69.627 -68.462 -346.513 0.943
2.601 1.410 -476.301 1.036
-58.966 92.223 -407.225 1.128
-62.453 -93.990 -424.916 0.806
75.664 -8.990 -487.596 0.862
71.421 62.659 -371.237 1.024
51.009 -82.363 -457.917 1.022
4.122 -68.924 -303.877 0.998
-55.616 -78.947 -382.992 0.927
80.747 -57.875 -354.676 1.110
8.696 -91.328 -489.375 0.998
12.888 -24.834 -461.199 1.076
-5.269 -26.864 -472.850 0.993
-64.150 -6.478 -487.064 1.130
39.842 14.262 -363.834 0.908
64.412 -22.346 -413.791 0.971
-21.509 -63.864 -412.307 0.964
58.577 39.090 -394.143 1.012
-14.161 35.225 -426.300 1.117
73.437 68.209 -349.727 1.067
-85.730 12.607 -361.730 0.827
-57.104 82.011 -406.423 1.002
59.704 18.630 -336.423 1.032
-9.448 53.749 -338.105 1.044
-59.498 75.310 -440.849 1.069
-95.033 67.690 -367.363 1.032
-72.673 -40.554 -444.406 0.983
3.632 37.152 -488.571 0.978
-75.540 79.396 -429.870 1.006
4.341 -92.534 -492.866 0.927
-3.515 65.231 -370.170 1.039
-31.228 -30.171 -377.324 1.023
97.051 41.618 -319.298 1.076
99.027 94.618 -300.045 1.121
-48.393 53.268 -344.102 1.167
4.847 -96.859 -496.285 0.903
40.237 -0.353 -345.695 0.867
46.971 -13.619 -474.331 1.001
-87.692 -66.968 -446.912 1.079
-73.556 86.040 -497.144 0.985
-81.603 13.252 -453.214 1.013
18.724 -63.863 -485.605 1.025
23.219 28.472 -419.268 0.845
-81.641 53.897 -433.876 0.956
-70.262 23.645 -443.336 1.128
-73.639 46.053 -403.832 0.989
-24.850 10.749 -463.675 0.847
-95.702 94.370 -499.708 0.950
-78.113 21.663 -356.558 1.055
-37.718 -93.155 -364.381 0.825
-70.464 -27.245 -404.462 0.924
62.430 -16.220 -488.330 1.030
22.439 9.808 -439.238 0.977
64.812 1.703 -318.213 0.931
-45.673 -21.989 -454.465 0.782
78.983 -27.752 -317.785 0.894
22.297 79.599 -399.274 1.145
71.491 -93.070 -322.657 0.811
27.391 -34.094 -348.447 0.941
-40.283 44.131 -390.949 0.934
-12.923 -34.004 -342.458 0.929
57.756 81.181 -316.080 0.981
32.607 -39.277 -440.018 0.901
-56.442 50.190 -352.059 1.157
2.947 -65.593 -355.131 1.053
70.574 22.158 -408.488 0.951
75.786 -83.329 -407.514 0.911
73.081 -53.218 -440.169 1.043
44.031 13.418 -329.175 1.006
18.469 15.769 -422.262 0.976
-38.553 54.210 -447.989 0.965
-13.808 -77.236 -489.389 1.158
86.454 60.591 -470.055 0.939
-3.187 -76.129 -422.344 1.011
53.698 -5.064 -309.782 1.131
-65.066 -87.823 -310.627 1.011
-13.887 -14.174 -436.543 0.888
35.824 58.574 -404.915 0.932
-79.418 -6.899 -453.300 0.919
49.106 -70.153 -327.178 1.204
63.099 94.386 -490.456 1.126
-57.948 4.757 -308.882 1.167
37.021 1.409 -353.351 0.832
-50.900 31.517 -317.627 1.070
-21.182 35.734 -321.330 0.981
-94.162 -29.076 -307.688 1.030
-14.964 -61.498 -435.716 0.945
-25.622 -48.772 -363.549 0.966
7.079 -79.289 -342.761 1.115
48.705 30.823 -358.768 0.813
45.236 72.363 -389.938 0.969
-51.832 -29.793 -370.617 1.080
-7.999 97.973 -444.640 0.752
14.189 -24.895 -486.761 0.960
83.869 56.185 -454.391 1.036
68.613 88.177 -484.503 1.201
-42.599 31.623 -418.659 1.025
27.841 -37.070 -343.002 0.997
34.942 -69.082 -451.808 1.113
86.029 60.834 -387.657 1.028
35.625 -39.977 -458.234 0.916
-38.035 16.511 -495.953 1.003
-0.963 50.228 -318.672 0.939
27.046 86.133 -314.176 1.127
-63.158 -38.851 -426.222 0.929
-85.522 -39.574 -370.340 0.895
14.701 36.044 -377.168 1.033
-47.455 52.244 -482.174 1.192
-71.997 50.009 -321.422 0.922
-11.106 30.877 -433.300 1.105
-24.346 83.650 -450.730 0.924
-15.912 20.915 -314.491 1.044
-44.522 -67.424 -416.606 1.038
66.062 -64.620 -340.930 0.902
-23.623 80.978 -324.282 0.987
-18.297 -44.254 -471.605 1.082
81.943 7.022 -315.043 0.874
51.190 38.075 -308.839 1.130
37.673 44.153 -344.699 0.934
45.477 59.076 -326.913 0.948
63.899 -80.430 -470.261 1.067
-30.732 -73.786 -415.742 0.902
-67.166 61.983 -320.277 0.776
24.876 65.237 -449.217 0.970
11.299 -56.113 -477.979 0.897
22.982 78.659 -439.453 1.035
73.619 -36.323 -477.411 1.102
-1.930 99.533 -333.808 0.965
44.094 91.330 -445.452 0.949
-16.002 96.700 -497.615 0.961
-69.229 -98.655 -389.136 0.966
55.899 -54.958 -420.210 1.026
91.649 -48.214 -317.236 1.101
79.399 83.987 -400.970 1.049
44.089 -59.199 -372.979 1.007
-63.550 -29.201 -320.601 1.041
-64.810 -17.516 -320.296 1.181
22.910 -6.471 -324.227 0.944
22.182 15.742 -358.756 1.003
-7.795 -47.231 -475.153 0.862
83.761 36.194 -318.477 1.039
-17.563 77.366 -369.828 1.063
-42.442 -37.677 -344.764 0.907
4.230 -10.915 -332.636 1.092
5.784 -29.043 -481.941 0.953
23.266 -97.575 -467.956 1.011
-3.970 -22.037 -450.817 1.040
72.671 80.826 -427.997 0.771
6.530 69.563 -451.144 0.828
-70.684 50.130 -312.131 1.036
76.934 -6.623 -430.901 1.108
39.870 65.561 -407.741 1.031
-15.628 -42.359 -361.578 0.997
-77.313 24.005 -462.232 1.035
12.681 91.233 -452.855 0.924
97.482 -17.616 -430.188 0.837
21.859 84.410 -331.088 0.971
-44.171 -55.266 -380.222 1.007
98.315 -11.632 -375.577 0.937
66.532 69.098 -308.813 0.860
-7.125 37.672 -407.266 0.937
-87.197 -43.578 -493.306 1.101
-82.604 46.854 -303.966 1.034
24.888 -60.606 -385.153 1.053
-71.284 -78.291 -483.937 1.069
-47.878 52.391 -320.803 1.017
77.276 5.166 -478.563 0.852
-44.688 65.921 -481.560 1.024
96.319 -92.149 -313.975 1.096
36.618 -86.621 -307.465 0.877
-78.976 -38.463 -426.167 0.926
58.503 -22.882 -368.316 0.885
84.788 29.932 -483.408 1.089
-45.512 -43.419 -349.430 0.951
-47.741 46.963 -370.642 1.029
-81.699 35.542 -357.200 1.027
-55.966 -55.558 -347.561 0.915
-46.981 -23.262 -435.992 0.859
-58.784 -95.181 -388.748 1.093
52.388 85.695 -402.014 0.990
-13.034 67.034 -486.208 0.976
-64.569 58.324 -392.762 1.032
-51.274 53.935 -361.475 0.979
-84.224 17.554 -485.375 1.014
65.656 -6.160 -450.820 0.939
97.062 -60.844 -448.607 0.996
-71.995 -61.142 -446.085 1.038
94.709 -36.083 -468.344 1.057
-33.735 52.094 -391.643 0.938
-40.212 75.121 -304.335 0.996
22.958 58.686 -396.961 1.107
-1.024 -63.240 -462.891 0.976
64.778 -89.335 -478.999 0.777
-19.773 -92.624 -463.971 0.950
-44.578 -10.907 -377.408 1.045
-79.736 -61.087 -460.403 0.838
-15.521 -37.509 -317.770 1.030
-49.179 -88.886 -466.908 0.996
13.174 -31.125 -356.139 0.865
43.261 68.929 -446.363 0.927
45.482 67.118 -485.769 0.975
-55.422 7.411 -393.489 1.191
6.950 41.048 -371.495 1.064
-58.631 97.582 -319.605 0.940
-38.854 -39.829 -384.058 1.028
-6.558 67.936 -425.775 1.110
-22.694 36.987 -497.347 1.149
-71.191 34.705 -327.111 1.101
13.013 -1.018 -343.008 0.934
54.727 -55.626 -302.776 1.057
3.305 -50.596 -443.166 0.969
-51.836 -74.586 -455.682 1.023
-24.431 -50.212 -405.377 0.867
-75.101 -6.935 -478.977 1.102
49.537 47.630 -333.884 0.974
45.073 -22.280 -476.045 0.878
98.215 -98.029 -405.755 1.074
-46.095 -6.089 -447.867 1.015
9.538 -69.929 -326.364 1.091
-38.038 99.217 -401.844 1.101
91.415 70.711 -412.433 1.001
-6.066 -65.138 -395.560 1.085
59.838 -18.278 -463.908 1.118
71.995 -56.648 -470.472 1.018
-47.637 -23.223 -389.340 1.157
-24.527 5.096 -460.304 1.216
-22.628 6.358 -490.724 1.068
-97.328 41.774 -378.293 0.968
18.716 53.469 -459.794 0.954
2.904 45.425 -449.570 0.913
-90.563 -67.602 -437.688 1.142
-17.790 77.764 -421.244 0.825
-3.287 88.876 -477.520 0.893
40.843 22.876 -301.015 0.834
71.809 21.316 -327.522 0.984
-83.931 -33.820 -354.529 0.986
53.686 -11.770 -330.013 1.169
-93.132 -82.208 -440.298 0.971
-82.409 -0.649 -330.105 0.849
89.921 6.182 -303.424 1.038
-54.928 35.801 -319.460 0.949
17.921 -92.748 -387.650 1.040
-21.275 -78.948 -417.611 0.909
-34.213 -68.823 -313.530 0.864
7.951 -46.262 -442.283 0.829
-84.463 -38.511 -387.777 1.066
-19.860 -29.608 -425.564 1.005
-47.413 43.826 -410.882 0.779
75.273 -13.610 -380.392 1.172
60.451 42.124 -471.444 1.096
65.085 47.628 -390.044 0.947
-10.453 -34.973 -463.446 1.020
-91.944 11.204 -385.812 0.928
29.981 -37.799 -319.870 1.177
91.162 94.241 -313.054 0.946
49.717 69.859 -410.478 1.144
-33.972 6.325 -389.289 1.019
88.774 31.135 -311.345 1.028
47.638 45.059 -325.699 1.055
-51.853 55.709 -432.696 0.960
-49.641 -59.052 -380.741 0.871
-79.229 31.572 -438.815 0.985
37.378 -39.691 -476.259 1.046
-26.133 -35.006 -478.099 1.045
19.566 27.911 -408.420 0.854
22.314 -61.990 -473.734 0.920
-7.891 14.503 -417.783 1.048
59.040 20.181 -398.040 1.060
98.586 83.499 -462.709 1.022
-37.156 9.796 -459.947 1.088
-96.324 -2.554 -451.769 0.847
67.635 -4.628 -336.737 1.088
-41.667 56.601 -329.506 0.836
9.809 95.857 -342.024 0.942
87.046 -71.218 -351.338 0.960
6.091 81.160 -399.263 0.990
-37.719 7.196 -306.772 0.987
57.424 -6.337 -345.939 1.004
-9.384 -79.671 -310.431 1.007
-92.320 7.490 -458.579 0.899
-39.280 -41.189 -437.862 0.997
99.666 -3.245 -329.309 1.018
39.951 -97.959 -440.880 1.081
-33.218 37.160 -440.796 1.025
-58.431 37.419 -464.824 1.039
-13.645 -37.934 -341.349 1.187
10.510 -42.278 -381.405 0.824
60.737 78.476 -368.603 1.015
64.371 -76.634 -467.737 0.999
-9.099 -34.978 -310.495 1.125
-84.775 51.942 -327.469 0.933
72.835 -90.847 -374.504 1.141
-85.354 -4.523 -392.707 1.023
-89.514 63.429 -357.253 1.032
88.180 45.374 -302.514 0.911
74.954 -64.497 -468.876 0.963
45.601 21.909 -419.625 1.015
-64.308 -62.746 -311.088 1.035
47.642 -43.372 -353.974 0.939
-41.589 -44.847 -410.166 0.951
58.453 35.214 -450.066 0.892
-66.582 24.689 -498.045 1.117
-92.153 44.724 -451.724 1.027
-83.294 -85.255 -320.498 1.021
27.409 -6.477 -333.545 0.997
-48.502 -64.734 -489.661 0.940
-2.685 78.653 -484.739 0.976
-95.392 1.604 -411.935 0.977
-92.550 75.384 -373.803 0.765
51.474 98.131 -402.130 1.039
-3.574 -90.442 -363.583 0.981
-80.217 -76.121 -463.441 0.956
43.255 19.487 -494.879 0.967
71.524 74.371 -464.669 1.057
-9.819 -31.531 -353.556 0.972
68.382 97.423 -423.183 0.735
59.285 31.698 -301.442 0.969
81.081 -48.644 -416.274 1.051
-90.390 -50.810 -362.893 1.009
-37.167 75.464 -440.507 0.911
-29.143 52.058 -422.604 1.000
-66.321 15.816 -434.088 0.877
56.608 -37.717 -409.694 1.005
-94.784 -39.218 -482.380 1.019
-13.701 -65.250 -369.695 0.875
-27.569 -33.860 -489.321 0.879
-58.080 -61.073 -355.336 0.872
19.816 61.826 -455.004 0.970
-61.401 46.240 -412.629 0.676
-29.035 69.949 -460.848 1.273
-45.271 -12.870 -426.088 1.090
27.230 81.658 -441.914 0.940
-78.878 68.608 -314.276 0.922
75.186 -16.822 -310.718 0.980
94.533 -1.838 -417.780 0.961
-18.041 19.608 -458.366 0.913
38.275 8.778 -391.886 0.945
68.677 45.505 -419.214 0.977
46.085 -91.758 -360.782 1.030
-39.045 -93.910 -309.752 0.959
-3.732 -35.551 -303.238 0.928
-86.972 -90.384 -412.706 0.900
-34.094 73.251 -487.810 0.652
-98.554 -34.038 -464.937 1.023
-80.901 6.917 -406.533 0.999
45.974 -70.453 -306.699 0.884
-72.813 61.546 -374.102 1.077
-39.675 61.615 -441.295 1.024
-88.373 65.802 -332.226 1.013
-55.167 6.750 -312.931 0.862
-38.164 11.269 -411.609 0.793
11.268 -16.645 -486.668 1.228
-70.901 -46.797 -348.754 1.114
68.335 46.329 -309.830 0.861
-65.203 -4.248 -465.972 1.118
38.247 -67.174 -424.811 1.241
-20.414 52.443 -460.415 0.796
42.350 57.490 -348.698 1.127
37.711 -11.174 -337.011 0.865
-36.355 -69.293 -493.154 1.024
-99.206 -94.063 -479.513 1.177
-89.058 62.216 -440.734 0.735
42.211 -77.696 -343.421 1.020
16.141 -4.244 -392.909 0.971
-41.097 -28.017 -479.271 0.850
-24.446 -72.824 -339.429 1.093
48.746 -79.063 -309.374 1.042
79.139 0.106 -420.254 1.008
76.197 71.672 -462.046 0.995
-72.278 -92.592 -309.580 0.948
23.156 89.151 -366.705 0.793
97.190 -64.262 -404.609 0.971
43.207 51.606 -424.031 0.950
-9.808 82.258 -464.731 0.899
-82.264 -41.004 -318.789 0.998
16.490 -22.931 -456.918 1.016
8.238 36.724 -332.016 0.945
46.740 72.714 -474.980 0.994
35.099 92.274 -370.876 1.005
-39.129 -99.747 -309.726 1.183
-42.159 70.552 -336.246 1.039
92.647 9.344 -491.775 0.769
-93.627 -37.315 -392.076 1.050
68.722 47.065 -466.126 0.949
-77.572 80.745 -325.677 0.956
62.496 54.748 -307.053 0.946
-66.182 35.450 -492.464 1.125
21.579 -3.872 -339.358 0.925
-33.963 30.513 -311.915 0.984
-17.854 22.914 -431.393 0.928
5.772 -95.362 -323.210 1.151
-42.473 14.516 -412.149 0.899
45.204 25.162 -415.130 0.974
62.326 60.025 -447.880 1.004
-14.210 74.470 -464.089 0.898
-49.608 -31.418 -425.531 0.870
36.342 -39.085 -354.904 1.082
52.677 -68.075 -357.977 0.987
-81.055 -94.449 -493.575 1.026
-55.629 5.219 -422.100 1.108
-57.786 55.089 -366.348 1.054
-23.972 99.270 -351.683 1.016
14.307 -84.811 -376.902 1.087
77.549 9.722 -449.207 0.940
34.294 22.704 -459.983 0.938
76.559 95.964 -321.288 0.997
-92.514 -98.792 -314.090 0.890
96.888 -75.731 -348.505 0.940
-52.284 -72.597 -424.290 1.061
79.820 -77.353 -413.150 1.056
-73.961 54.072 -469.335 0.722
-42.138 4.305 -391.970 1.049
-91.988 93.845 -321.744 0.937
-87.895 -14.508 -481.241 0.820
-26.629 -11.033 -393.797 0.979
-1.496 -27.033 -474.835 0.999
5.244 -7.265 -415.585 0.948
-26.567 87.513 -374.983 0.896
2.710 83.674 -481.446 0.887
57.355 -89.751 -366.536 0.929
-68.537 22.605 -329.811 0.976
86.019 43.528 -320.170 1.051
41.146 32.642 -447.932 1.011
-14.461 -23.042 -310.651 1.099
-80.863 87.696 -336.865 1.045
63.978 96.762 -330.954 0.892
24.638 19.701 -487.726 1.058
-74.170 -43.088 -409.696 0.973
26.436 14.197 -424.082 0.882
-46.290 -76.351 -334.926 0.996
-20.932 29.406 -498.005 0.907
29.971 -90.094 -378.500 1.038
-8.939 -21.445 -305.784 1.065
69.087 23.590 -426.766 0.968
62.331 81.486 -394.970 0.973
-11.364 -32.759 -387.714 0.910
51.283 85.275 -399.925 0.857
-51.777 96.667 -376.253 0.896
-92.536 94.227 -492.944 1.026
12.373 10.251 -321.508 1.106
37.036 61.669 -403.239 1.048
-52.106 -31.242 -481.658 0.945
-4.537 -18.810 -490.843 0.905
-39.233 -45.767 -301.379 0.871
69.945 19.399 -450.935 1.035
33.832 -73.303 -442.935 0.941
-28.900 38.246 -308.173 0.895
-80.955 -18.978 -353.910 1.205
27.261 -32.065 -375.268 1.103
-18.137 90.292 -448.921 0.921
40.791 70.035 -466.176 0.914
-6.206 -17.181 -312.864 0.904
-20.954 7.178 -435.454 1.020
-78.907 -27.810 -326.757 0.923
13.088 55.622 -318.828 0.965
73.936 41.329 -492.257 0.992
-43.576 -22.714 -364.321 0.843
-28.979 25.937 -315.333 0.944
-14.841 13.102 -344.973 0.847
52.719 -58.297 -391.649 1.062
15.368 -82.470 -420.960 1.051
-99.441 -40.276 -318.177 1.166
75.410 90.211 -478.610 1.075
0.311 -25.564 -377.547 0.949
26.815 41.187 -499.465 1.035
-25.401 36.033 -439.866 0.891
27.142 84.054 -367.026 0.809
61.245 -13.902 -474.001 0.938
-40.832 -29.005 -392.877 0.960
72.689 58.159 -498.805 1.114
66.998 -17.386 -337.630 0.986
-34.630 -8.171 -326.934 0.855
27.963 -26.597 -422.906 0.832
-5.012 -60.964 -439.475 1.085
-58.479 59.580 -339.580 0.904
-73.274 -67.854 -453.052 1.004
83.953 -36.651 -333.752 0.989
60.040 74.536 -428.310 0.926
-62.937 -26.860 -438.989 0.934
56.726 -15.543 -382.526 0.920
-67.992 -59.146 -385.776 0.987
68.635 49.243 -345.292 1.016
-21.330 19.480 -408.189 0.887
-16.919 -77.729 -332.408 1.100
-88.993 12.980 -342.010 1.055
-37.165 14.605 -402.672 0.971
-50.378 30.935 -442.881 1.029
68.603 -57.013 -485.568 0.975
-85.436 -50.446 -475.274 1.003
20.970 76.231 -345.422 0.883
-87.280 79.736 -413.021 1.053
-91.430 62.789 -459.669 0.959
57.849 -45.896 -452.535 0.918
-5.945 -97.420 -433.119 0.965
94.546 -18.817 -418.246 0.916
64.308 -91.690 -388.901 0.872
-17.947 -79.753 -498.667 1.030
83.969 -42.270 -481.859 0.973
-49.673 0.988 -458.358 1.108
59.860 13.921 -431.400 0.959
95.544 -14.495 -384.044 0.908
43.479 27.484 -439.965 1.026
-66.129 -85.529 -321.309 0.821
87.908 90.275 -431.314 1.048
-69.685 31.978 -396.379 1.066
67.247 -67.034 -391.250 1.009
32.118 -58.715 -472.065 1.157
9.653 -31.840 -329.171 1.077
76.040 98.431 -462.689 1.083
34.496 -67.810 -393.994 0.928
39.937 25.872 -421.942 0.836
12.811 -18.882 -311.841 1.165
-75.023 92.725 -301.007 1.023
-8.392 84.559 -432.085 1.157
9.865 -37.409 -440.363 0.900
25.200 58.562 -438.081 1.283
34.932 33.020 -378.097 1.211
-87.099 -75.922 -395.867 0.862
50.444 49.515 -391.711 0.972
-36.509 -28.646 -440.973 0.973
-4.345 -76.080 -418.044 1.000
-10.628 17.042 -340.871 0.830
-72.002 27.516 -410.829 1.006
33.141 -77.338 -345.617 0.957
-71.695 -38.478 -347.545 1.013
5.066 -0.779 -338.964 0.792
-4.189 -3.482 -458.601 0.995
-36.841 82.699 -404.793 0.897
-9.781 72.963 -455.802 0.855
-32.491 47.683 -356.052 0.899
-58.469 -84.419 -331.482 0.993
-90.094 56.051 -390.664 1.055
66.027 -70.829 -359.579 0.925
-28.585 -22.811 -457.196 0.922
-0.625 -36.071 -310.166 1.058
14.870 -5.921 -462.459 1.020
-6.985 51.501 -307.867 1.081
90.354 -28.371 -370.190 1.069
30.539 40.115 -410.067 0.890
-77.401 8.793 -491.950 1.072
-39.980 -76.987 -499.602 0.919
-80.271 41.260 -376.122 0.942
-77.008 86.959 -361.834 0.969
61.408 47.339 -340.444 1.042
25.078 -75.502 -338.039 0.971
19.003 87.896 -346.109 1.178
97.247 -76.791 -333.985 1.021
-7.105 35.290 -327.578 0.988
-9.996 40.641 -386.578 1.054
94.557 48.640 -417.617 0.922
-75.130 23.102 -305.639 0.834
-10.545 -31.720 -331.407 1.036
58.915 26.242 -450.007 1.026
-45.579 34.099 -394.740 1.064
-19.281 25.544 -488.407 1.037
77.503 -63.120 -462.215 0.897
88.630 44.396 -452.352 1.003
-20.626 45.430 -431.275 0.837
22.004 6.849 -375.351 0.868
-31.465 -99.545 -477.266 0.864
50.050 -50.586 -308.700 0.917
-5.039 29.270 -384.133 0.992
-60.618 27.337 -460.177 1.098
13.728 -10.940 -408.970 0.924
21.012 -46.635 -349.592 0.980
0.692 25.744 -390.028 0.791
79.107 26.215 -420.348 0.920
-27.098 76.756 -457.411 0.995
-74.648 79.079 -406.719 0.754
-38.563 17.916 -328.367 0.986
-52.819 36.209 -494.773 0.918
-92.883 -29.898 -342.957 1.055
26.594 49.024 -391.144 1.062
70.404 -52.091 -451.869 1.145
-35.149 98.101 -443.770 1.042
83.119 -78.626 -304.773 0.970
-54.659 90.653 -336.669 1.004
-35.975 95.003 -475.242 0.930
53.721 -84.360 -485.064 0.950
96.106 81.986 -380.378 1.121
-77.673 65.811 -398.880 1.103
67.477 85.117 -447.203 0.941
-36.787 30.491 -363.824 1.009
-22.686 15.380 -457.764 1.240
-41.733 -91.862 -324.774 1.086
69.923 -45.201 -315.819 0.958
44.073 23.976 -333.823 0.883
75.692 62.397 -460.895 0.993
-69.751 56.109 -498.850 0.894
98.441 -1.468 -366.282 1.092
-40.738 56.007 -461.389 1.193
92.436 46.931 -350.877 0.960
-47.875 81.485 -497.843 0.929
53.583 -43.463 -487.213 0.970
-93.178 69.526 -470.752 1.026
-0.587 49.207 -353.097 1.044
