-36.084 42.470 -405.677 1.209
51.039 -67.894 -483.658 1.067
23.188 -55.832 -371.449 0.869
-65.788 99.324 -448.640 1.019
39.412 -19.439 -321.286 0.987
-90.934 -9.366 -411.024 1.125
-37.132 -5.838 -339.534 1.096
-46.648 54.723 -361.761 1.019
-46.670 46.572 -430.811 1.014
97.635 -49.248 -358.976 1.068
-17.064 -35.228 -426.146 1.212
-54.982 -98.797 -375.835 1.050
6.746 98.262 -363.894 0.888
24.079 68.986 -423.234 1.060
72.507 30.448 -455.099 0.951
-72.052 -83.080 -433.364 0.996
-9.999 91.341 -424.540 0.928
-71.688 -48.202 -476.234 1.011
-22.046 36.488 -337.050 0.905
-81.381 43.101 -427.177 0.956
-42.959 37.238 -349.932 1.127
39.808 39.851 -304.196 1.174
-55.338 -45.201 -478.616 0.918
-12.580 -58.594 -404.090 1.130
76.042 -41.953 -452.679 1.019
74.714 -44.459 -315.346 0.981
-34.979 63.342 -412.389 0.931
-78.236 90.561 -458.653 0.880
99.025 -15.488 -301.300 0.925
63.384 -93.336 -484.286 0.890
-99.162 -12.881 -431.605 0.944
-17.499 15.192 -459.693 1.086
81.927 -29.053 -437.163 0.702
58.361 42.633 -471.103 1.075
47.912 -64.990 -329.990 1.027
-57.627 -47.174 -417.077 0.980
-94.187 -19.108 -449.613 0.912
65.889 65.954 -463.694 0.845
75.309 -94.778 -365.743 0.868
0.014 -6.063 -360.729 1.060
-59.515 -77.467 -462.264 1.106
-13.870 5.304 -456.388 1.054
-80.489 -92.203 -336.378 1.128
-1.090 -63.831 -370.550 0.984
-1.500 30.928 -369.899 1.109
-86.139 39.974 -380.895 0.935
-64.324 77.481 -347.876 0.896
-22.862 36.415 -416.705 0.945
72.178 13.762 -460.573 0.803
-82.388 -0.725 -397.066 1.293
68.140 -21.082 -390.929 0.957
12.463 -51.520 -442.268 1.059
-4.628 -68.956 -392.360 0.941
34.001 60.790 -319.713 0.950
-65.948 8.738 -442.225 1.180
-13.060 71.905 -459.613 0.954
77.144 -54.449 -411.715 0.882
-86.389 21.448 -331.181 0.993
-12.493 68.792 -402.903 0.942
-8.306 -90.216 -416.383 0.897
3.178 -91.552 -450.481 1.211
-43.352 -76.787 -465.230 0.934
-73.607 -99.042 -499.124 1.024
-55.464 18.210 -330.833 0.996
-18.805 72.159 -336.400 1.050
-7.523 -84.529 -309.012 1.133
-33.448 -17.939 -430.106 1.029
-75.468 -2.973 -321.923 0.888
-48.314 -32.383 -348.351 1.042
-23.007 5.304 -428.738 1.075
-34.309 5.804 -478.061 0.861
2.673 -78.788 -417.295 0.864
65.111 96.923 -344.163 0.939
-71.298 31.325 -434.552 1.056
-44.221 -43.637 -438.796 0.921
47.064 55.632 -327.415 0.930
-83.118 -43.687 -474.855 1.091
40.785 93.478 -437.881 1.004
95.372 27.890 -481.112 0.995
-87.283 10.878 -450.885 0.842
-63.261 22.650 -339.609 1.136
-47.990 74.066 -495.510 1.129
-1.291 6.210 -437.321 1.049
-33.900 48.753 -473.876 0.986
-35.318 52.842 -478.925 0.810
54.421 -22.841 -370.306 0.958
-40.033 43.394 -480.348 1.067
73.433 3.572 -308.459 1.052
98.181 -77.756 -334.483 0.834
-15.506 7.146 -327.375 1.009
-99.250 39.755 -499.876 1.068
-83.865 -85.872 -445.689 0.792
36.684 -37.198 -307.712 0.948
-85.002 87.152 -492.349 0.987
-44.963 23.591 -322.928 1.040
-43.976 39.371 -331.246 1.011
-47.369 -77.687 -442.961 0.889
-63.954 93.602 -438.493 1.041
79.866 15.660 -461.558 0.844
25.184 -53.740 -348.679 1.044
-52.692 -99.909 -460.940 1.006
21.313 50.360 -439.895 1.051
59.385 38.606 -498.115 0.643
-51.723 -13.412 -386.378 0.947
-42.935 87.927 -338.702 1.026
6.395 -13.981 -371.965 1.091
-89.762 74.173 -317.280 0.990
45.576 12.376 -425.986 1.121
-57.574 -79.372 -481.092 0.999
-82.639 57.966 -363.959 0.908
-5.902 -1.739 -325.657 0.859
-94.417 47.558 -404.525 1.055
2.864 92.528 -342.679 0.897
-70.252 -90.360 -300.923 0.836
44.666 -78.518 -381.668 1.019
83.786 -20.013 -487.062 0.997
-55.085 77.980 -435.479 0.879
32.786 75.398 -300.931 0.971
53.582 -45.161 -446.336 1.039
58.778 78.669 -487.153 1.034
-3.915 64.234 -399.416 1.029
46.321 -22.029 -449.450 0.830
-95.621 91.587 -347.565 0.926
53.752 -82.102 -405.746 1.164
-23.265 51.665 -482.751 1.178
-8.896 -45.824 -417.298 1.081
61.723 -28.833 -379.207 1.035
82.362 98.978 -428.013 1.136
-83.830 -35.137 -323.152 0.890
-85.294 55.026 -446.687 0.933
12.587 37.386 -310.969 0.827
1.288 79.412 -348.374 0.997
-60.896 -78.148 -317.297 1.013
87.822 69.805 -479.511 1.117
54.886 93.315 -349.363 1.187
29.619 -2.685 -462.243 1.023
49.065 14.225 -368.193 1.262
98.341 25.455 -369.312 1.104
-47.905 -65.966 -404.169 1.006
-13.462 69.745 -350.914 1.006
27.794 -72.311 -404.893 0.852
-3.478 -40.370 -402.424 0.997
-31.642 90.799 -417.323 0.959
33.984 -69.116 -320.503 1.038
-47.583 -82.966 -398.780 0.991
11.173 -24.846 -489.336 1.116
-4.428 -29.949 -469.320 0.857
-43.704 75.632 -358.786 1.017
78.203 -49.068 -395.241 0.923
41.908 -54.278 -470.384 0.994
-45.361 -87.219 -478.472 0.793
-9.985 16.176 -376.681 0.971
-4.290 62.390 -461.447 1.058
19.353 -69.614 -332.555 1.012
-81.866 17.203 -419.799 0.976
-13.103 51.314 -378.300 1.061
-39.130 68.059 -364.217 1.133
-23.177 89.713 -315.604 0.979
-71.121 -55.228 -355.856 0.978
-40.511 19.144 -303.078 1.102
-96.512 -39.334 -456.154 0.989
88.281 -51.337 -365.460 0.856
-44.724 52.845 -357.071 1.021
74.025 -28.483 -333.711 1.036
-88.614 94.018 -377.735 0.920
85.934 88.458 -485.701 0.911
32.988 42.750 -457.367 1.142
-44.234 -75.923 -360.374 1.093
-70.623 -57.884 -464.271 0.968
9.081 -33.654 -323.358 1.010
-61.627 60.591 -342.155 0.922
-35.285 14.890 -450.054 0.936
87.703 -99.008 -363.971 1.045
-45.830 61.570 -421.344 0.953
51.540 0.735 -363.593 1.214
-11.593 -12.576 -416.143 1.063
-3.463 55.276 -485.360 1.202
96.270 28.092 -390.108 1.152
-5.603 -71.614 -418.280 0.934
-80.115 0.532 -441.719 1.176
-87.447 -69.018 -362.612 1.284
17.308 0.408 -405.236 1.036
3.014 -20.586 -388.852 0.989
7.372 -22.216 -422.115 1.116
59.099 7.105 -439.441 0.977
-97.539 -66.285 -465.914 1.006
-22.746 -0.398 -394.284 1.153
89.825 -96.768 -440.512 0.924
-10.853 39.971 -310.547 0.985
34.594 -53.716 -397.917 0.973
-71.021 -87.564 -476.160 0.948
-98.392 -76.782 -430.673 0.762
63.669 -77.749 -453.187 1.171
38.404 -73.496 -339.594 0.949
0.982 45.024 -346.645 0.953
-35.366 -20.106 -358.249 0.774
57.672 56.122 -398.651 0.842
-80.979 -71.571 -363.759 1.116
-45.983 41.815 -369.346 0.820
-81.581 93.075 -438.755 1.092
0.251 -35.549 -472.844 1.023
-32.685 25.579 -389.748 1.052
-21.532 -90.121 -480.207 0.854
48.468 -94.079 -371.113 1.000
60.810 -24.944 -364.651 1.033
-65.994 60.524 -472.868 0.936
58.179 -59.951 -386.949 0.952
37.392 -82.979 -406.802 0.863
-13.935 -82.915 -358.395 0.889
-5.923 98.012 -402.338 0.993
-13.601 -11.220 -353.032 0.969
-49.737 -77.743 -470.891 0.946
72.386 -42.269 -394.964 1.101
-79.870 -32.683 -479.448 0.913
-65.178 -21.289 -451.171 0.898
-34.171 59.716 -431.797 0.945
54.184 37.303 -439.009 0.939
35.585 -49.724 -383.995 0.776
14.316 -3.813 -498.654 1.006
47.678 -91.745 -408.243 1.081
57.739 -50.994 -383.224 0.951
85.536 -94.934 -483.504 0.926
-24.133 -43.825 -368.824 1.029
-64.471 -72.462 -372.074 0.976
-57.863 2.382 -463.634 0.877
-34.366 95.186 -434.552 1.053
-62.985 -16.983 -401.332 1.085
-23.680 56.559 -344.785 1.024
91.410 51.030 -422.714 0.951
7.568 -26.062 -419.929 1.039
14.475 87.931 -424.358 0.791
91.381 -29.188 -467.401 0.917
15.505 55.322 -497.342 0.993
-59.090 98.404 -456.776 0.948
50.771 -55.707 -491.402 1.087
-43.886 -32.113 -481.690 1.185
98.441 -79.892 -462.795 0.925
-87.016 91.022 -312.595 1.030
-57.710 -91.042 -353.725 0.993
-81.472 -11.017 -336.259 0.956
61.883 93.475 -324.496 1.057
93.151 -93.308 -365.544 1.081
-1.793 11.406 -473.817 1.062
-39.679 40.267 -401.858 1.016
94.392 -13.864 -318.859 1.046
67.314 -96.286 -366.079 0.999
-44.179 75.103 -319.734 0.975
36.411 0.659 -444.310 0.891
-84.449 -22.559 -457.965 1.133
27.537 -32.903 -423.129 1.153
-79.799 -46.013 -493.946 0.933
-72.491 43.488 -465.213 1.024
82.079 59.288 -438.663 1.183
-31.466 12.776 -468.321 1.013
41.523 -42.711 -321.885 0.982
-17.062 -33.315 -357.719 1.053
64.723 63.207 -352.028 1.012
80.036 23.461 -439.095 1.126
1.127 85.766 -443.353 0.917
-94.027 -74.010 -379.863 0.961
-81.041 -76.905 -376.592 0.904
-6.468 -78.688 -426.693 1.071
-77.487 -35.019 -481.782 0.948
-57.743 4.839 -384.653 0.913
-28.469 -42.443 -342.326 1.033
76.754 81.786 -318.232 0.957
-43.045 22.507 -481.929 1.125
12.278 -6.479 -406.828 1.112
84.896 7.090 -425.158 0.978
-5.939 -53.273 -473.895 1.081
29.345 -76.332 -363.686 1.124
11.770 -90.697 -475.619 1.152
-57.517 -42.831 -393.966 1.003
-21.514 31.059 -301.091 0.938
4.952 1.645 -339.861 1.023
72.522 42.382 -453.680 1.023
6.655 -26.234 -487.963 0.934
82.322 -76.945 -438.954 1.036
-57.031 76.058 -354.217 1.089
-30.339 10.552 -458.064 0.895
5.260 -83.167 -368.015 1.063
27.619 17.651 -497.395 1.017
49.386 -0.387 -400.723 0.871
65.372 -91.418 -367.448 1.010
89.992 70.391 -364.024 0.922
76.460 32.463 -388.956 1.116
-78.443 -80.494 -308.481 1.112
-75.712 61.211 -427.219 1.006
13.894 -25.380 -418.509 1.018
93.417 -12.894 -490.196 0.918
5.366 -55.469 -307.402 1.070
-24.516 -79.121 -488.584 1.049
20.363 42.720 -376.664 0.902
-50.040 16.623 -312.388 1.085
33.933 24.771 -335.156 0.920
74.288 -18.094 -478.384 1.075
32.879 -95.153 -473.709 0.859
64.062 80.592 -381.969 0.899
61.893 -76.037 -358.973 1.056
59.214 9.690 -439.531 0.946
-40.640 95.204 -405.562 1.068
72.517 53.038 -469.405 0.874
81.261 2.967 -499.630 1.236
45.038 3.616 -402.324 1.022
-21.445 30.427 -448.290 0.930
-91.135 -20.376 -317.743 0.820
53.522 -24.925 -393.934 0.911
22.057 17.120 -377.994 0.858
-45.348 -30.736 -432.283 1.117
67.665 80.889 -493.112 0.948
-67.668 -93.198 -331.631 0.942
-71.227 -30.811 -429.853 0.969
-50.902 -89.626 -394.777 0.955
-2.754 -67.293 -376.378 1.034
23.629 31.058 -344.458 0.896
54.857 -37.636 -486.796 1.078
3.749 -39.842 -301.687 0.953
92.770 60.674 -359.762 0.883
13.818 34.309 -488.505 0.998
5.994 69.397 -372.663 1.021
69.469 -87.405 -483.978 1.108
7.583 91.713 -408.342 0.889
-14.396 28.046 -340.367 1.035
15.093 -72.435 -365.731 0.909
4.058 43.842 -329.558 0.867
14.411 -57.665 -342.555 0.893
-80.178 94.188 -486.279 0.945
47.305 -98.782 -499.465 1.001
6.698 46.167 -424.302 1.165
49.739 47.183 -408.426 0.999
-70.050 47.644 -403.362 0.960
-11.727 -48.210 -326.788 0.790
-83.585 7.832 -350.022 0.856
-97.849 53.965 -333.671 1.089
3.743 26.441 -450.053 1.105
-41.864 -45.376 -371.372 0.890
-77.579 -35.655 -481.779 0.928
62.738 66.689 -401.292 0.986
59.516 29.325 -438.731 0.964
-0.022 28.314 -457.815 0.992
-92.037 -52.817 -498.677 1.035
-35.459 30.221 -484.680 1.021
82.555 -71.620 -424.249 0.874
38.710 7.429 -377.175 0.769
92.044 82.792 -322.806 0.910
26.542 -63.304 -379.400 0.915
-11.178 70.032 -373.118 1.033
78.405 62.014 -314.634 0.935
-74.824 -44.914 -378.599 1.033
-70.142 65.778 -444.131 0.876
-90.223 -43.849 -391.684 0.964
-13.968 -40.084 -448.467 0.940
-93.794 6.721 -391.207 0.824
71.646 -57.533 -460.271 0.985
53.526 19.789 -492.584 0.901
89.187 -93.792 -476.631 0.937
30.010 41.554 -310.504 1.054
-70.655 -27.166 -362.365 1.149
-56.006 -47.185 -350.744 1.086
-92.221 -89.959 -405.067 0.983
-19.457 75.035 -484.604 1.082
-63.103 -99.583 -381.199 1.016
-1.215 -53.855 -431.920 1.115
81.663 -76.064 -439.046 0.954
48.384 -5.695 -356.841 0.992
-93.061 -18.803 -301.978 0.965
1.127 12.963 -467.801 0.936
26.072 84.546 -443.242 1.085
95.598 -68.464 -452.458 1.085
89.151 1.074 -365.892 0.890
-56.965 -44.606 -495.370 0.909
17.000 46.518 -464.548 0.980
-34.797 19.367 -496.674 0.991
87.045 -49.670 -311.548 1.022
-20.426 -79.717 -351.175 1.206
95.859 21.599 -348.292 0.896
-24.028 79.506 -420.292 1.204
60.387 94.313 -369.222 0.918
45.693 10.369 -361.774 0.804
95.690 -5.553 -487.369 0.927
-99.840 -18.674 -419.745 1.017
81.625 96.750 -415.975 0.831
19.328 -49.322 -428.420 1.034
-53.726 64.539 -348.012 0.912
-35.652 -49.877 -438.747 0.825
-7.527 53.804 -376.196 1.141
-55.202 76.155 -475.404 1.115
46.700 -20.325 -303.653 1.012
-15.086 -95.990 -402.102 1.102
-53.733 81.372 -429.308 0.991
34.719 -65.406 -316.022 1.008
-16.612 84.494 -488.356 1.134
55.505 12.378 -376.471 1.055
-5.911 -38.883 -428.658 0.990
-18.495 25.007 -420.579 0.985
53.791 -58.556 -343.161 0.910
40.217 -92.148 -442.292 1.082
56.969 -86.209 -356.546 0.959
-43.823 99.027 -412.915 1.047
-52.725 -52.009 -347.508 1.133
-21.823 54.185 -439.577 1.081
32.699 44.347 -424.302 1.053
36.295 -98.898 -494.332 0.935
14.419 -44.092 -311.367 1.133
-95.859 12.250 -312.269 0.731
37.545 -40.970 -491.746 0.994
99.692 -23.571 -444.895 1.052
42.479 35.305 -354.738 1.173
-49.376 -76.786 -387.744 0.845
88.576 -27.170 -406.663 0.986
-53.519 49.609 -383.898 1.001
1.266 74.989 -427.413 1.073
89.430 -60.162 -451.347 0.845
17.207 14.082 -441.106 0.996
35.459 31.999 -488.284 0.971
95.948 57.665 -409.077 0.892
-87.158 83.042 -453.691 0.996
-2.582 82.947 -346.693 0.872
41.448 -44.327 -409.299 1.040
12.805 93.939 -492.570 0.891
-9.224 -18.052 -376.110 0.842
65.250 8.193 -332.306 1.099
48.781 4.190 -350.793 1.153
-86.528 -63.067 -462.213 0.962
-4.910 37.673 -356.857 0.936
15.219 -55.073 -388.444 1.109
-75.453 83.465 -344.779 1.083
-55.723 16.594 -493.523 0.860
-18.679 66.432 -401.565 0.975
-9.331 -91.573 -416.912 1.276
-47.613 -50.521 -456.605 1.011
-16.581 -3.892 -410.248 0.916
38.131 20.452 -395.935 1.029
10.873 -4.171 -486.480 0.953
-89.377 29.600 -310.510 1.183
-6.177 -77.538 -470.670 0.825
-37.916 -22.287 -337.461 0.886
59.193 -62.982 -306.755 0.822
54.219 -94.696 -499.484 0.881
-96.636 -9.584 -356.167 1.148
-39.868 66.244 -340.891 1.004
-29.071 74.014 -359.886 0.949
-7.443 55.645 -325.048 0.960
92.360 73.285 -495.520 1.202
-58.622 13.756 -393.457 0.851
56.122 37.720 -412.194 0.996
98.847 -35.114 -332.624 0.900
-97.358 -43.092 -386.195 1.200
-17.691 -9.822 -379.363 1.042
-17.359 -67.048 -490.272 0.938
20.778 -30.403 -376.398 0.960
1.820 -64.544 -419.442 1.052
9.276 77.162 -326.811 1.115
-73.530 -26.337 -439.905 0.904
-90.171 -7.678 -477.305 1.177
-57.338 2.684 -337.788 0.909
75.884 65.253 -363.036 0.887
53.493 59.705 -390.238 0.911
9.313 43.845 -442.178 1.098
-7.113 81.266 -443.847 1.072
-85.494 90.107 -326.551 1.012
40.803 -22.781 -387.486 0.858
-34.592 2.556 -376.093 1.013
54.978 -76.856 -458.359 0.952
-90.828 60.617 -312.026 0.907
-24.047 32.823 -468.165 0.952
43.618 15.317 -436.384 1.236
-28.891 -8.752 -431.101 1.055
-80.973 -10.789 -300.512 1.009
82.919 21.471 -400.646 1.244
30.988 -92.880 -471.082 0.944
-95.969 28.492 -355.328 0.949
4.467 61.703 -374.217 1.049
87.011 20.357 -457.057 0.824
-38.454 12.176 -485.317 1.012
89.438 -83.060 -417.178 0.961
-38.361 81.076 -454.756 0.909
-80.267 66.712 -388.071 1.231
56.191 -9.641 -362.392 1.048
-72.921 19.128 -429.871 0.837
-98.795 83.386 -428.515 1.129
-88.084 56.104 -392.226 0.952
23.173 -96.210 -452.271 0.990
-15.771 58.487 -480.699 1.079
63.301 -21.891 -420.480 1.070
97.417 72.667 -477.984 1.140
-24.690 67.194 -344.937 0.990
44.949 -3.592 -465.546 1.085
7.761 -20.988 -497.967 0.939
-26.345 49.542 -311.711 0.903
46.365 72.809 -342.456 1.033
39.605 -43.774 -397.741 1.157
-43.728 -60.941 -402.574 0.929
26.267 -56.436 -454.307 1.134
82.440 -1.139 -311.753 1.067
-97.815 68.815 -311.991 0.976
57.243 -28.035 -305.897 0.909
31.547 37.119 -305.778 1.062
-23.711 -41.090 -482.258 0.957
31.170 51.020 -429.707 1.128
34.877 57.029 -468.812 1.057
7.053 32.094 -306.791 1.061
-29.005 19.745 -474.959 1.092
-67.271 37.812 -313.069 1.067
-86.268 6.621 -388.657 1.172
-65.238 -5.357 -385.364 1.204
31.145 -27.554 -391.815 0.990
-32.485 58.876 -417.198 1.128
60.170 26.820 -375.964 1.154
30.184 8.574 -386.488 0.893
-1.997 32.714 -389.644 0.929
11.164 -45.837 -391.038 0.797
-96.809 53.207 -467.903 0.950
-1.054 -36.555 -492.695 0.912
-58.577 20.362 -439.106 0.942
-24.622 52.599 -335.073 1.058
13.999 -51.047 -364.904 1.134
-97.323 1.583 -447.995 0.906
-6.508 -39.251 -304.251 1.057
97.862 14.528 -348.118 0.978
-28.648 -52.499 -320.957 1.205
-81.379 30.143 -406.789 1.129
93.587 -86.783 -428.583 0.936
-96.281 86.792 -474.588 1.018
91.836 69.296 -391.444 0.915
53.653 95.934 -429.570 0.863
32.861 -99.695 -433.566 0.897
-74.415 78.733 -451.123 1.055
98.404 20.690 -407.193 1.001
60.948 1.095 -312.700 1.002
5.826 26.480 -495.481 1.103
-37.451 79.944 -344.969 0.898
-98.579 29.377 -403.610 1.116
70.182 -81.434 -439.181 1.004
-64.599 40.190 -484.236 1.091
13.185 30.348 -349.048 1.040
51.562 -96.551 -312.031 1.083
15.437 43.484 -357.200 1.050
-94.580 -41.525 -492.217 0.928
-44.561 86.859 -312.327 0.952
35.529 -90.208 -477.786 1.137
-99.634 79.715 -325.966 0.988
-81.558 -19.978 -303.122 1.120
-39.699 -95.057 -470.252 0.836
-73.050 54.843 -343.431 1.093
-0.549 -99.376 -327.671 0.945
69.265 -53.600 -467.542 0.924
71.834 -63.194 -316.726 1.027
-79.943 13.664 -492.540 0.904
-82.646 -4.640 -430.900 1.101
-84.081 -87.663 -349.131 0.982
81.673 61.816 -329.768 1.102
-51.083 -44.959 -461.442 1.034
92.654 84.166 -443.167 0.990
-33.095 -0.536 -331.296 0.998
-96.288 -89.899 -457.488 1.084
-56.141 79.718 -398.329 0.879
-41.129 65.235 -367.635 0.985
56.345 -41.203 -414.074 1.274
30.095 -98.669 -385.286 1.076
40.264 -99.775 -447.754 1.066
5.722 52.535 -333.513 0.995
-69.615 -22.263 -355.589 1.117
13.648 65.282 -439.967 0.960
9.707 -97.483 -366.153 1.118
56.141 -98.618 -478.764 1.081
-46.568 36.550 -313.978 0.921
-75.606 -45.299 -468.430 0.910
-50.100 83.250 -380.371 0.938
97.156 -49.745 -379.613 0.873
25.782 64.645 -388.024 1.092
19.961 -18.449 -450.214 1.042
46.752 11.673 -319.895 0.986
-72.974 -0.440 -466.234 1.077
1.551 -82.720 -326.022 0.995
-34.272 -39.487 -319.328 0.857
45.893 -6.889 -348.323 1.063
19.835 -15.610 -416.289 1.014
97.215 -59.300 -429.629 1.096
41.019 -10.157 -489.620 1.167
-51.900 -87.286 -318.657 1.043
-78.926 26.430 -307.419 1.019
39.808 -51.403 -345.294 0.805
79.424 85.158 -447.049 1.167
50.394 26.716 -382.394 1.007
-67.359 -9.551 -375.823 1.009
27.490 -18.421 -374.218 1.026
-56.387 -1.629 -490.634 1.114
-45.089 99.746 -362.097 1.015
-47.003 18.861 -401.839 1.105
-50.832 1.417 -356.596 0.968
60.770 -2.904 -415.089 1.093
-22.730 -52.099 -369.673 1.054
98.455 -50.195 -462.519 1.066
53.475 92.363 -416.526 1.009
-85.146 59.732 -459.495 0.870
-56.374 21.463 -359.161 1.203
-11.999 94.814 -361.860 0.941
47.593 -61.561 -479.969 0.942
-2.445 83.612 -445.612 1.130
-83.354 -3.713 -485.781 1.037
-25.941 96.295 -359.203 1.166
-58.400 -52.357 -470.755 1.041
-37.323 99.166 -314.582 1.118
-28.574 -90.014 -478.173 1.091
33.384 -31.386 -314.587 1.070
-93.731 -58.895 -351.830 0.944
-59.350 0.873 -415.748 1.008
17.239 5.488 -489.114 0.948
-92.513 -36.040 -442.586 1.091
-59.579 15.783 -403.310 1.212
-33.921 -98.065 -362.805 0.922
3.233 94.828 -439.705 0.896
78.910 0.833 -317.432 0.999
3.458 -89.822 -410.879 0.840
-33.688 44.485 -496.868 0.944
42.122 93.062 -457.065 0.864
76.844 -85.779 -378.210 1.047
49.031 -81.089 -399.911 1.135
-86.857 -75.449 -443.609 1.105
-46.580 -50.928 -414.241 0.894
-3.218 6.212 -422.570 1.192
65.183 1.417 -457.657 1.117
70.023 -69.034 -444.923 1.006
-30.625 -23.192 -331.941 1.109
35.906 79.431 -468.147 1.106
-37.078 50.619 -370.242 1.070
-44.224 55.888 -440.499 0.904
25.595 42.093 -378.709 0.819
-40.733 44.660 -486.672 0.999
63.458 -68.823 -336.187 0.916
72.346 34.859 -420.781 0.798
54.489 -56.486 -415.127 0.907
-21.113 -38.752 -457.496 0.974
72.744 -75.496 -335.385 0.932
11.621 -41.179 -330.553 0.758
-47.548 -61.411 -321.170 1.057
58.088 -57.358 -406.422 1.004
-19.592 8.284 -408.625 1.064
-4.706 53.165 -412.496 0.945
-56.756 41.230 -418.412 1.085
78.645 -77.724 -402.484 0.903
-10.336 -17.918 -484.144 1.067
-73.277 -87.827 -485.887 1.128
30.638 6.634 -384.942 1.018
65.882 -25.628 -305.537 0.927
47.097 66.268 -342.692 1.156
73.036 -3.767 -304.845 0.934
-36.008 54.735 -335.265 0.929
37.093 94.831 -310.269 0.941
61.830 27.476 -484.332 1.104
-64.830 11.225 -470.772 0.746
19.349 7.154 -306.962 1.089
77.995 -66.078 -312.516 1.076
35.599 -64.438 -341.119 1.006
67.184 32.406 -379.214 0.862
-43.997 -63.969 -312.418 1.063
88.241 74.240 -467.890 0.930
-25.524 -59.000 -375.838 1.129
20.988 -52.546 -303.410 1.102
32.640 45.450 -369.772 0.941
-31.477 36.814 -427.310 0.871
54.306 -85.346 -329.096 1.070
-9.318 98.679 -478.986 0.978
-31.302 11.924 -486.314 0.910
94.701 -91.340 -305.865 0.982
-70.927 -30.772 -415.916 0.850
-22.079 29.390 -491.799 1.070
-93.751 -43.117 -418.440 0.933
-42.681 -24.116 -355.772 1.069
48.606 13.490 -350.894 0.964
14.219 92.449 -355.444 1.220
-96.889 60.270 -396.180 1.006
28.864 21.122 -457.066 1.145
-43.282 -72.979 -334.157 0.864
-46.212 -79.453 -454.059 0.984
61.319 4.350 -435.748 0.976
-97.377 37.357 -450.510 0.961
-16.257 8.015 -449.005 0.868
41.093 62.597 -468.505 1.016
-31.094 -68.039 -462.036 1.114
-3.885 3.141 -429.521 1.052
96.874 -99.996 -400.623 1.008
-47.817 70.857 -479.585 0.971
-32.659 24.615 -369.763 0.847
-30.773 43.658 -405.040 0.949
-57.131 -66.102 -368.846 1.076
-62.302 -14.510 -373.445 1.084
-68.297 -19.941 -400.676 0.919
-16.662 17.672 -343.111 1.159
74.140 97.011 -398.865 0.966
-57.201 -24.779 -376.064 0.885
24.873 -50.284 -438.809 1.158
-80.828 59.513 -379.527 1.020
-67.567 -31.171 -499.942 0.851
56.714 -75.407 -438.323 0.962
8.289 -13.464 -478.370 0.963
-33.947 43.836 -390.086 0.922
-47.494 -55.943 -311.730 1.179
-42.772 76.201 -395.831 1.086
-10.180 89.687 -479.167 1.202
22.238 82.466 -484.753 1.038
25.377 69.795 -349.095 0.986
33.880 63.715 -478.202 1.010
39.814 49.666 -305.632 0.966
77.322 85.634 -456.427 1.034
-8.665 82.929 -320.101 0.890
74.871 -42.804 -451.168 1.053
-78.014 -30.100 -302.794 0.969
94.265 -76.188 -438.595 0.977
27.846 97.316 -435.008 1.026
-18.436 31.562 -485.614 1.137
-10.845 -99.168 -338.332 0.911
-4.617 56.203 -442.063 0.775
-31.051 -50.659 -468.473 0.778
-43.201 89.472 -361.899 1.035
-17.270 28.645 -326.976 0.960
-13.588 36.795 -354.614 0.878
-92.476 56.315 -435.030 1.121
76.452 48.448 -350.786 1.059
-35.409 -2.794 -431.933 0.795
-87.501 -19.065 -319.110 1.230
94.634 -68.435 -419.209 1.136
-95.288 -14.306 -340.977 1.084
-76.754 -97.490 -371.963 1.037
4.225 58.682 -478.982 1.074
73.175 -57.352 -370.677 0.839
-64.734 52.306 -497.847 0.833
71.426 -81.678 -327.040 1.037
-70.571 37.020 -474.239 1.239
85.307 38.682 -371.107 0.997
-91.327 -50.815 -374.729 1.081
-12.744 2.983 -481.994 0.954
-53.732 -65.883 -477.073 0.946
56.085 46.396 -366.890 1.001
-17.347 -89.653 -322.391 0.952
-43.973 86.901 -495.653 0.859
-85.668 -50.296 -488.753 0.992
-19.390 39.949 -370.958 1.057
-88.587 -54.322 -455.764 0.930
10.317 29.594 -416.206 1.198
-50.118 45.594 -303.126 1.002
-39.745 76.863 -410.941 0.970
1.435 74.457 -330.432 1.119
-8.537 -57.736 -384.220 0.871
-76.116 28.557 -372.097 1.019
-91.498 -19.046 -363.637 0.935
21.806 52.143 -361.805 1.053
34.862 -19.738 -460.656 1.006
7.089 -73.339 -442.759 0.806
-60.290 79.564 -451.212 1.079
6.308 1.282 -412.223 0.970
4.912 96.996 -354.168 1.025
77.027 -94.065 -323.666 0.894
-70.610 47.588 -394.850 1.008
-44.865 -42.800 -411.824 1.129
90.849 -24.701 -363.875 0.970
69.966 -49.132 -481.542 1.009
9.641 -60.544 -452.361 1.059
88.022 49.329 -312.836 1.020
72.381 36.840 -465.292 1.093
-58.872 -37.923 -473.049 0.978
-45.525 -17.639 -441.525 1.081
-86.118 92.668 -357.380 0.965
13.054 2.156 -492.075 1.138
88.720 -66.987 -488.624 1.089
26.683 -62.260 -317.815 1.006
-32.812 25.292 -420.641 1.046
26.810 -61.938 -353.875 0.991
-11.301 -44.493 -349.792 1.030
41.266 36.030 -422.234 0.985
73.222 -0.864 -361.948 1.050
-29.319 -52.040 -488.739 1.025
89.050 77.146 -405.444 0.947
-1.919 -29.297 -315.182 1.089
-57.003 98.579 -474.095 1.171
32.543 43.482 -361.692 0.994
7.100 -94.085 -365.380 0.890
50.600 54.906 -408.020 1.040
44.629 -37.583 -453.064 0.920
10.933 -25.149 -493.439 1.098
-46.717 44.569 -393.206 1.075
-76.099 -75.458 -434.788 1.130
37.774 -39.271 -373.647 1.142
-90.807 -66.292 -498.215 0.893
-87.481 36.736 -439.503 0.986
-42.327 -49.247 -387.657 0.946
48.620 20.358 -431.672 1.036
12.603 62.485 -356.773 0.936
-33.309 21.232 -337.681 0.882
-27.220 55.902 -302.826 0.807
61.305 -19.918 -464.822 0.866
36.839 -35.717 -438.480 0.812
-57.630 -65.106 -398.123 0.702
4.423 70.505 -359.742 1.199
73.746 78.472 -421.062 1.011
9.619 13.623 -481.201 1.079
-59.329 -32.726 -442.365 0.847
39.775 2.958 -349.443 0.916
93.535 -68.468 -351.759 1.017
-94.587 -38.488 -320.791 1.018
-12.507 65.635 -423.387 0.981
39.456 -31.832 -359.535 0.925
21.760 96.984 -471.521 0.936
-98.190 98.062 -404.414 0.932
39.115 -89.668 -452.873 1.178
14.853 -29.538 -427.289 0.984
91.814 25.221 -462.935 0.991
-39.844 -95.371 -465.325 1.106
-16.147 22.186 -399.983 0.949
-19.635 -0.159 -491.355 1.027
-32.532 -47.220 -441.694 1.017
57.982 2.796 -424.206 1.120
93.414 -55.136 -322.234 1.062
-15.191 47.973 -369.794 1.103
59.919 11.933 -476.642 1.011
-75.717 38.224 -349.352 0.966
-37.321 -26.495 -451.799 0.993
8.424 58.277 -411.886 1.030
-77.833 -47.050 -462.017 1.077
-52.015 -8.707 -373.856 1.056
-92.748 -68.457 -401.031 1.003
73.803 -21.613 -369.849 0.946
63.572 72.250 -466.963 1.048
-84.466 -9.984 -372.484 1.044
30.391 -27.125 -440.294 1.128
-54.256 -82.735 -478.171 1.095
-13.480 -9.774 -384.644 1.063
99.202 54.942 -371.664 0.963
2.928 94.149 -493.370 0.963
2.348 -25.088 -484.121 0.915
90.925 75.585 -386.238 1.112
-7.541 26.085 -350.087 1.179
35.918 26.084 -316.042 1.054
89.854 76.929 -367.237 1.054
93.716 97.443 -459.808 0.989
88.892 -98.445 -475.128 1.015
-21.732 -28.747 -441.026 0.907
78.804 83.246 -354.535 0.943
8.549 13.503 -453.301 1.172
4.848 57.957 -315.033 1.014
-35.513 -27.271 -377.998 1.287
-53.602 59.920 -459.377 0.899
-6.907 -22.330 -497.279 1.116
58.643 64.237 -492.139 0.939
-3.746 -28.456 -335.621 1.119
4.115 -16.640 -497.026 1.081
52.002 12.868 -444.229 0.978
-99.732 -89.872 -369.280 1.212
1.844 88.312 -378.655 1.050
46.575 15.756 -451.155 1.002
98.877 -77.533 -328.349 1.178
85.722 28.531 -402.067 0.892
22.707 80.341 -350.134 0.943
26.436 -94.699 -489.459 1.068
-80.221 99.801 -394.345 0.951
81.872 18.307 -313.626 1.052
-10.662 19.648 -376.205 0.913
-50.989 97.447 -394.013 0.830
7.690 83.342 -419.212 1.001
56.137 45.862 -495.827 0.914
68.752 23.997 -349.191 0.955
-91.326 -29.412 -426.319 1.288
-43.401 -84.385 -384.012 0.963
-43.408 -42.566 -375.441 0.811
46.626 49.078 -402.850 1.015
89.110 85.478 -442.845 0.917
41.535 -22.673 -347.611 1.049
11.604 12.149 -445.122 0.884
-28.746 94.346 -372.951 0.794
-72.337 -46.827 -429.669 0.813
-75.461 76.625 -363.435 0.841
-88.509 -67.694 -411.291 0.893
87.239 -46.295 -463.811 0.800
-39.814 -78.837 -437.521 1.041
71.680 -69.215 -463.428 1.168
92.916 35.467 -301.678 1.094
24.685 -94.028 -457.332 0.955
31.533 0.313 -315.135 0.939
51.831 -50.857 -323.491 0.987
-63.898 21.312 -454.424 1.099
43.693 -32.487 -402.179 0.874
24.447 39.433 -425.016 1.034
38.792 62.262 -354.000 0.952
-29.329 2.127 -447.556 0.921
-78.918 8.511 -421.044 0.879
41.079 -87.726 -410.393 0.986
56.037 5.231 -446.297 0.824
-23.785 28.405 -473.138 1.092
65.261 43.207 -390.784 1.064
95.840 -29.792 -440.927 0.869
21.220 25.733 -480.493 1.098
-34.977 13.362 -490.031 1.080
89.265 6.830 -394.913 0.779
-9.789 -16.861 -371.457 0.954
-5.110 -71.594 -406.785 0.824
44.728 -97.874 -347.700 1.098
97.225 -92.008 -337.609 0.947
90.995 70.407 -396.160 1.157
-44.481 -26.422 -322.641 0.829
-63.412 5.443 -349.250 1.067
10.368 83.673 -344.148 1.112
-86.046 -60.551 -421.159 0.977
-19.905 -3.017 -442.398 0.935
6.823 55.780 -421.766 0.968
21.512 -99.760 -302.002 0.969
16.654 -4.974 -370.554 1.109
-96.430 -65.715 -394.718 0.897
-39.892 -82.328 -307.182 0.884
40.562 -45.771 -303.502 0.919
-1.477 -83.873 -429.784 0.911
-70.826 96.297 -421.559 1.021
67.850 97.083 -394.374 1.123
-83.927 89.561 -496.329 0.969
-77.626 7.760 -483.324 1.029
-64.304 -11.210 -412.131 1.000
23.725 47.569 -455.032 0.965
82.126 96.723 -494.673 0.965
-93.924 53.808 -303.790 1.222
5.170 40.302 -327.505 1.019
-48.150 -1.878 -470.213 0.913
69.966 -67.413 -369.626 0.990
27.389 18.686 -465.557 0.933
88.104 -48.200 -366.063 0.868
-66.445 21.263 -356.140 0.934
43.481 24.521 -492.185 1.004
-53.467 51.106 -373.210 1.000
83.754 48.643 -481.850 1.182
72.123 -30.507 -344.568 0.960
-33.125 66.966 -326.683 0.994
47.420 76.475 -419.751 1.093
24.844 -53.126 -390.302 0.958
85.101 -93.975 -397.222 1.105
-54.172 97.877 -409.915 1.052
16.865 -21.457 -423.361 1.068
82.004 -94.692 -303.681 1.166
73.119 80.359 -483.961 1.027
-64.845 -53.994 -459.678 1.081
-41.781 -95.056 -362.273 1.016
67.655 -91.674 -315.651 0.952
80.347 -70.128 -450.925 1.001
51.147 12.094 -447.999 1.101
20.981 -37.726 -367.753 1.019
-99.153 95.167 -361.026 1.015
-55.496 -48.739 -311.919 1.040
-9.723 -44.559 -415.929 0.909
52.907 39.671 -351.847 1.095
-82.278 -46.481 -328.246 1.130
93.567 53.039 -440.339 1.011
-35.975 19.421 -339.377 1.081
10.963 19.809 -366.500 0.881
6.243 -14.653 -411.554 1.004
74.425 91.561 -434.641 0.982
-20.277 -85.507 -310.061 0.968
-82.674 51.333 -478.157 0.914
38.241 47.685 -421.280 1.050
-15.749 -30.720 -319.658 1.065
-3.163 -17.276 -493.567 0.824
82.781 -82.780 -315.941 0.903
99.292 49.850 -355.480 0.990
-97.053 -36.453 -333.418 1.083
-23.788 -78.915 -412.557 0.968
94.680 -9.005 -434.747 0.899
-18.742 80.343 -374.656 1.002
76.351 -0.584 -489.229 0.914
42.941 20.458 -401.428 0.955
99.532 -7.010 -427.465 0.988
3.508 99.815 -411.695 0.939
-20.626 -86.035 -314.762 1.127
67.507 -57.374 -362.545 0.945
77.444 -83.904 -421.837 0.803
-8.577 -10.495 -497.979 1.191
-88.944 -6.444 -320.734 1.029
-23.359 -66.790 -427.220 1.025
-25.607 36.362 -395.699 1.005
-89.287 -45.230 -423.189 1.229
-43.658 -7.758 -318.084 0.978
11.937 73.640 -340.366 0.902
35.199 -71.287 -458.526 0.946
43.540 19.986 -465.068 0.935
-53.333 -25.553 -450.927 0.940
92.579 -81.386 -361.806 1.064
-88.373 -32.881 -320.869 0.956
62.567 90.980 -473.103 1.013
40.266 48.567 -312.925 1.082
-42.773 -35.003 -325.503 1.288
-75.542 -75.157 -452.778 0.910
-98.134 45.293 -386.966 0.883
92.696 27.511 -414.384 1.042
50.058 -8.247 -353.013 1.062
-28.767 90.241 -449.857 0.994
-36.795 -72.796 -393.405 0.928
68.750 39.330 -469.135 0.777
69.767 -53.145 -380.221 1.157
67.775 -4.616 -301.023 0.998
-62.790 68.967 -426.915 0.893
-15.291 -18.806 -344.965 0.921
-63.126 92.993 -322.888 1.064
-66.463 -20.508 -474.658 1.031
-13.540 -82.281 -452.467 0.880
