41.072 -87.186 -368.311 0.984
95.362 -74.710 -406.698 0.885
85.704 4.565 -410.310 1.005
32.869 -92.161 -300.999 0.968
-80.603 88.180 -436.357 0.886
95.625 -89.141 -333.697 0.895
-99.587 -44.757 -328.777 0.976
90.159 -53.370 -355.195 1.090
-13.134 -89.059 -368.607 0.998
16.189 52.477 -357.626 1.117
81.761 89.320 -448.408 0.924
-24.592 20.687 -364.688 0.917
25.635 -13.512 -363.904 1.044
-9.949 45.495 -468.845 1.028
39.659 -68.735 -424.426 1.091
56.628 -51.662 -464.001 0.950
-13.892 88.855 -468.876 0.846
11.002 -9.263 -393.034 0.994
89.299 95.619 -417.304 0.958
-69.005 -55.134 -476.745 1.019
-84.972 50.445 -426.286 0.875
-34.627 85.867 -357.950 0.971
24.568 0.538 -426.514 1.164
36.098 -33.229 -452.520 0.915
-61.112 58.000 -473.661 1.085
24.614 89.943 -488.733 1.148
98.410 -2.214 -321.932 0.958
64.442 12.482 -314.247 1.070
97.158 -70.346 -318.595 1.076
-13.214 -14.077 -495.195 1.019
-38.901 -67.906 -339.260 1.016
32.240 4.531 -378.176 0.765
41.798 -61.413 -366.714 0.993
21.263 -54.636 -300.061 1.116
57.040 -42.061 -399.744 0.903
-60.992 -72.504 -498.302 0.898
69.875 85.874 -328.181 0.972
72.704 7.695 -458.953 0.885
49.515 -9.527 -425.285 1.026
14.057 -22.298 -325.234 1.091
29.309 62.911 -457.348 0.938
-46.496 88.040 -448.115 1.023
57.536 -96.746 -478.188 1.054
69.241 -62.842 -437.937 0.951
83.934 57.342 -409.239 0.989
-79.022 -61.124 -450.974 0.831
-13.238 68.999 -352.759 0.917
53.989 34.295 -338.133 1.044
49.182 -33.206 -390.460 1.171
96.144 -33.297 -306.738 0.882
26.500 -45.614 -384.084 1.011
-51.960 42.005 -381.865 0.998
99.654 -88.932 -489.723 0.928
53.895 -60.476 -396.284 0.910
8.446 -33.366 -431.979 1.028
57.279 3.698 -419.962 0.936
-85.893 30.556 -498.920 1.122
60.072 -29.627 -363.501 1.044
-56.964 -33.113 -301.829 1.173
29.587 48.618 -324.926 0.976
-65.538 -57.554 -332.968 1.000
-52.499 -95.048 -461.144 0.791
71.003 -63.092 -404.372 0.993
-67.730 -1.842 -330.326 1.119
-82.430 43.591 -367.362 0.960
98.810 -15.917 -336.313 0.925
-90.517 35.993 -428.271 0.956
1.671 78.761 -364.690 1.012
-68.767 -17.685 -352.948 1.031
-38.078 96.956 -342.302 1.024
-31.571 -47.451 -493.538 0.966
-76.292 -66.206 -318.202 1.000
-25.994 72.564 -455.952 0.981
22.346 70.535 -489.410 1.065
91.666 40.123 -306.344 0.949
48.062 47.102 -433.608 0.995
89.986 86.935 -403.980 0.768
-86.159 -8.360 -405.799 0.864
-1.236 -79.355 -362.013 0.992
10.685 -22.409 -440.957 1.144
-21.731 -33.308 -394.391 0.926
-89.213 -28.116 -440.381 0.960
82.379 61.907 -372.048 0.882
98.218 60.624 -475.557 1.131
91.091 -12.021 -447.066 0.910
-93.746 -52.801 -318.517 0.924
-38.559 -76.437 -391.720 1.102
20.659 80.394 -405.327 0.873
37.638 80.504 -447.360 0.987
-58.640 90.404 -409.187 0.979
-17.136 -82.266 -473.094 0.978
-91.035 -50.703 -309.903 1.050
30.161 -56.465 -477.398 0.948
-81.417 83.649 -335.763 0.983
94.098 12.828 -335.279 1.024
-70.420 -83.303 -310.667 0.972
42.212 63.838 -379.988 0.977
-59.982 -97.390 -451.938 0.960
-14.779 0.043 -366.130 0.993
80.411 59.327 -424.482 1.035
-51.401 99.810 -347.398 1.041
-80.668 3.779 -303.075 1.105
-53.428 60.762 -441.289 1.108
-27.651 -30.213 -427.336 0.937
38.990 -51.937 -375.547 1.014
-48.812 -39.961 -306.400 1.040
17.104 11.047 -377.783 0.806
34.576 31.913 -446.080 0.980
39.414 42.595 -499.692 1.017
12.863 68.698 -407.722 0.901
24.306 -5.114 -317.853 0.920
-10.691 6.039 -333.504 0.901
-3.933 -96.529 -309.263 1.148
-41.817 52.684 -334.518 0.930
46.353 -41.410 -495.279 1.050
-9.638 -4.059 -448.825 1.021
-62.878 -46.091 -466.047 1.032
-0.709 63.554 -376.585 1.002
77.928 -74.076 -319.375 0.976
-15.742 -57.816 -337.793 0.854
61.190 -67.736 -490.927 0.897
17.030 37.255 -474.280 0.968
-27.559 -46.478 -309.018 1.032
30.421 2.464 -311.245 0.937
-67.206 -32.932 -420.737 0.922
-97.376 -86.451 -397.307 0.936
7.515 19.493 -319.924 0.994
-39.136 -82.683 -442.472 1.108
-33.851 -28.598 -349.409 1.117
65.043 29.476 -464.191 0.839
-13.681 -37.920 -396.572 0.928
-40.800 36.188 -489.883 0.961
67.136 -8.585 -490.050 1.071
-1.559 -0.805 -302.447 1.079
95.962 7.906 -336.023 0.996
-26.612 0.177 -444.623 0.797
61.502 3.767 -327.485 0.999
27.641 -34.330 -384.001 1.059
-94.292 70.579 -436.949 1.096
53.604 86.078 -465.137 0.899
30.385 -44.109 -382.212 1.048
-84.253 -83.805 -405.813 0.857
54.033 29.745 -452.037 1.033
-73.968 8.106 -395.131 0.962
-22.853 13.756 -365.723 0.993
92.011 95.003 -332.464 1.014
-26.915 -53.312 -352.358 1.182
-98.846 7.120 -448.506 0.992
-63.364 62.983 -392.321 0.858
-66.798 54.718 -498.647 0.982
59.389 -34.978 -318.970 1.103
-33.936 36.211 -396.818 0.917
88.137 33.282 -464.237 0.880
1.721 -58.683 -367.472 1.011
-90.960 -34.431 -359.570 1.001
-84.470 -98.506 -361.490 1.018
35.574 -45.011 -484.046 0.924
10.538 -84.234 -434.699 1.007
-53.799 36.746 -330.666 1.075
-21.879 -28.907 -342.964 0.921
95.522 88.190 -348.235 0.969
-9.390 -54.476 -370.286 0.858
-32.395 -96.710 -438.752 1.053
-82.850 -91.681 -493.226 1.030
36.398 -69.760 -440.652 0.928
-80.510 20.492 -479.201 0.732
-75.459 -98.998 -379.249 1.056
-16.184 88.909 -369.124 1.011
60.288 -83.649 -319.177 0.966
90.771 -64.816 -320.230 1.140
59.236 -31.625 -349.270 1.030
-89.242 -14.474 -495.957 1.129
29.817 -53.840 -342.547 1.136
-19.746 -56.530 -454.324 1.008
-80.416 94.858 -403.185 0.947
44.939 -53.839 -468.370 1.071
-91.965 -84.011 -413.368 1.057
-20.368 89.753 -408.678 0.875
-85.980 -45.339 -401.750 1.004
80.508 -91.477 -409.020 0.844
-16.489 48.897 -443.999 0.774
52.502 -90.468 -442.161 0.889
-69.637 70.458 -379.269 1.054
-49.766 -56.029 -323.628 1.081
-43.628 20.016 -472.016 1.085
79.865 -26.521 -383.415 0.953
30.409 -23.516 -437.673 1.037
62.872 18.490 -428.566 0.924
85.669 88.482 -398.806 1.027
83.990 -66.639 -449.452 1.030
9.867 -25.483 -437.275 1.063
-90.704 -83.047 -379.874 0.913
48.868 51.165 -443.507 0.997
13.673 77.495 -426.691 1.121
14.527 -75.872 -342.560 1.011
-68.942 5.078 -320.406 1.093
59.913 15.782 -493.831 0.979
29.419 -79.696 -481.009 1.037
-89.748 -83.396 -466.936 1.093
-58.122 -50.139 -375.207 1.089
42.824 -71.956 -440.562 0.966
-40.168 59.069 -348.900 0.845
47.095 3.057 -367.713 1.000
0.188 -65.844 -455.346 1.308
-22.328 -64.345 -481.432 1.000
47.632 22.417 -432.153 1.012
-55.407 -77.744 -318.552 0.950
-44.291 -36.242 -421.613 1.103
-36.985 -55.781 -318.146 0.952
-42.231 13.288 -388.924 1.108
83.537 -27.463 -305.177 0.970
-25.786 37.189 -458.382 1.013
-53.200 88.206 -312.774 1.062
65.103 -0.654 -346.363 1.039
97.172 72.027 -440.585 1.019
55.269 56.403 -461.996 0.988
30.068 -12.151 -415.453 1.030
47.462 9.660 -439.113 1.058
-43.591 91.201 -491.055 0.775
-77.326 49.900 -395.873 0.879
14.647 -26.255 -324.472 1.044
-32.304 10.248 -373.610 1.032
56.706 -2.211 -314.616 1.056
54.589 -12.825 -471.133 0.966
-90.874 -25.601 -374.598 1.077
84.907 51.746 -478.100 0.903
-90.859 -42.998 -419.439 0.944
49.737 17.699 -473.364 1.036
-85.278 78.622 -337.585 0.961
-27.501 24.773 -413.211 1.061
3.848 58.371 -416.898 1.080
58.998 -43.777 -355.876 0.836
-72.196 75.978 -310.425 1.019
99.052 29.181 -330.546 0.920
74.152 19.050 -426.538 0.902
-80.050 -67.806 -403.202 1.009
14.469 -43.650 -415.314 1.110
-26.529 -27.421 -345.024 0.970
-64.533 -21.877 -365.143 0.917
39.593 48.781 -458.449 1.026
-14.576 -63.545 -383.434 0.887
-20.791 -36.505 -475.073 1.142
-1.586 51.432 -416.408 1.095
-99.795 -14.528 -333.870 0.777
-19.206 85.989 -321.248 1.072
-34.792 56.101 -383.615 0.812
4.313 -86.550 -343.321 0.859
-71.251 65.905 -343.926 0.946
93.195 37.813 -310.635 1.127
40.753 96.180 -428.857 0.970
-97.567 -9.255 -464.788 0.964
35.898 -30.539 -397.017 1.143
86.777 -36.098 -448.460 1.031
61.302 -14.367 -458.416 1.060
-15.275 -15.431 -326.091 0.813
-30.160 63.829 -478.970 1.090
-98.216 -90.212 -469.303 0.809
59.505 30.108 -402.939 0.922
-58.985 -0.408 -488.540 1.086
-85.224 -5.547 -320.228 1.063
-40.226 81.244 -353.252 0.875
-47.235 99.825 -410.941 1.080
-45.829 -38.571 -339.527 0.996
13.077 -40.971 -320.280 0.820
21.985 -75.614 -333.589 1.106
-69.097 34.428 -326.729 0.905
71.279 86.646 -461.473 0.896
75.971 -69.346 -387.314 0.981
89.257 98.574 -432.191 1.019
43.506 11.625 -304.325 0.902
68.060 -87.219 -498.706 1.059
11.817 83.311 -483.155 1.242
-71.172 -88.017 -472.333 1.087
77.878 -43.150 -329.922 0.996
73.086 -89.718 -492.397 0.953
-32.392 -50.987 -343.225 1.165
-13.402 48.937 -422.972 0.932
32.154 -98.878 -382.834 0.962
-70.896 72.521 -478.035 1.001
15.404 -93.281 -473.169 1.044
74.234 -31.239 -362.419 0.902
34.259 65.030 -322.128 1.036
48.653 -57.831 -376.025 1.011
-45.057 25.116 -414.521 0.932
-90.521 40.527 -477.071 1.020
46.100 50.704 -453.853 1.224
-27.750 -73.357 -420.893 0.889
77.420 45.755 -457.830 1.036
82.346 86.125 -338.074 1.043
-72.725 -3.987 -398.375 1.078
-40.241 23.838 -335.565 0.924
-33.192 84.337 -441.435 0.967
56.865 -38.863 -441.363 1.024
54.774 87.180 -498.344 0.987
81.371 -99.519 -477.714 0.904
-82.570 51.628 -470.944 0.939
10.429 33.333 -303.574 1.047
-88.368 -74.618 -393.286 1.232
94.792 -29.183 -437.616 1.060
-27.304 38.817 -479.435 1.086
57.929 80.790 -335.208 0.884
-72.891 71.779 -363.155 0.838
34.235 90.521 -398.895 0.893
-87.037 6.440 -359.003 1.152
60.130 70.912 -457.803 1.048
63.645 55.290 -383.139 1.105
-93.871 -51.262 -395.752 0.958
-41.980 -28.896 -364.131 1.086
57.175 39.375 -425.886 0.982
6.973 44.981 -366.980 1.037
39.975 21.896 -463.986 1.106
29.548 -63.022 -373.173 1.085
-47.621 56.801 -446.786 1.005
-35.655 71.238 -358.584 0.991
82.063 -26.485 -493.824 1.096
-35.358 -39.401 -382.600 0.828
14.767 25.601 -483.653 0.891
-39.669 45.958 -455.548 1.167
56.273 78.994 -452.971 0.977
-28.840 34.766 -451.910 1.100
76.663 -71.007 -433.605 1.198
1.358 -22.980 -453.701 0.884
-76.004 41.275 -443.646 0.852
76.625 30.817 -452.162 1.104
57.666 64.358 -389.763 1.139
-28.217 -14.366 -300.559 0.901
88.797 82.513 -382.133 0.999
-27.005 61.757 -380.616 0.993
86.277 -30.149 -411.735 0.934
-43.108 -35.517 -394.470 1.160
-76.096 -62.495 -439.445 0.981
-62.909 -53.242 -308.094 1.196
30.214 82.654 -312.108 0.952
-72.973 -74.645 -489.294 1.084
-65.852 -75.254 -452.304 1.051
59.681 -26.718 -374.124 1.142
-82.482 47.037 -434.416 0.905
-61.444 16.831 -360.404 1.120
-9.535 -95.797 -485.827 0.994
-80.446 89.705 -371.849 0.987
63.360 23.369 -423.013 0.996
68.287 -60.534 -340.036 0.990
-31.630 70.434 -340.009 0.939
98.847 -88.098 -379.460 1.091
-75.602 -38.498 -425.176 0.980
-31.572 12.675 -376.561 1.270
-14.015 -26.963 -373.561 1.106
-73.193 42.785 -473.572 1.016
-45.715 90.572 -409.131 0.976
79.018 91.832 -470.106 0.825
50.932 -95.182 -496.376 1.018
-47.582 23.785 -460.725 1.123
-98.569 75.923 -346.751 1.044
-68.118 -97.100 -401.194 1.074
62.921 -59.726 -398.894 1.108
-7.309 -87.629 -325.777 1.130
36.228 -2.581 -468.498 0.852
-25.096 -71.861 -331.326 0.834
-92.820 -50.443 -354.325 0.968
-52.587 54.494 -481.255 0.981
-57.837 -95.150 -427.538 1.031
37.767 32.488 -335.451 0.995
36.736 92.615 -327.099 0.921
3.275 6.994 -483.527 1.068
-88.032 20.648 -352.686 1.027
12.183 -2.975 -487.705 1.180
99.585 -8.587 -439.277 1.007
-72.359 -95.660 -421.735 0.893
50.174 -2.802 -317.140 1.080
-75.941 -92.701 -312.250 0.928
-55.068 -87.235 -496.997 1.021
-79.862 -88.323 -361.844 1.093
-52.432 95.934 -486.538 0.931
-69.036 -30.439 -355.751 0.904
10.126 -70.195 -391.076 0.897
23.614 -95.146 -302.249 1.099
-66.339 -4.619 -421.387 0.942
14.418 81.129 -468.058 0.936
-62.358 53.425 -341.100 0.944
-99.583 25.288 -349.194 1.053
64.734 -48.813 -335.467 0.942
-26.723 -24.007 -304.259 1.117
-51.885 -73.561 -367.364 0.965
9.352 -96.727 -489.108 0.836
-31.060 -74.121 -450.191 0.970
25.047 -78.279 -424.678 1.169
-1.066 -25.307 -447.118 0.934
-97.998 3.805 -421.440 0.748
89.441 -55.396 -432.366 0.873
-66.805 -47.759 -420.290 1.040
10.716 76.773 -349.325 0.941
-29.705 2.973 -430.228 1.221
-9.741 56.281 -381.348 1.003
35.748 47.835 -407.491 1.063
-76.303 -99.881 -310.787 0.878
-0.503 94.703 -486.105 0.913
90.349 -6.646 -422.975 0.932
48.540 -97.430 -445.546 1.127
7.126 65.572 -457.040 0.920
-30.857 59.311 -412.136 1.025
-83.423 -92.199 -329.642 1.033
90.187 -30.915 -351.720 1.021
-60.662 -83.829 -439.096 0.937
82.637 -90.220 -406.946 0.971
-44.012 2.378 -440.969 1.141
-80.373 54.289 -346.341 1.001
11.862 -50.103 -419.735 0.804
-19.611 29.907 -419.011 1.258
16.624 -45.468 -494.493 0.924
34.311 17.530 -439.789 0.976
-51.524 -6.652 -345.823 0.870
-75.000 -58.823 -381.941 1.189
4.169 -48.524 -312.284 0.987
-65.962 45.695 -449.806 0.956
-80.197 98.125 -303.393 1.093
-59.931 -89.736 -350.542 0.909
-59.352 -47.883 -347.061 0.787
-54.846 85.572 -325.097 0.980
38.241 -56.887 -346.343 1.077
-31.148 80.131 -361.121 0.907
19.345 49.332 -480.129 1.028
16.629 32.797 -306.027 0.909
-7.240 24.106 -454.891 0.899
-67.075 78.926 -326.664 1.058
65.566 -70.003 -410.679 0.978
84.507 99.415 -316.431 1.087
62.228 -92.139 -492.574 0.980
-95.482 36.516 -469.313 0.961
-74.846 -91.808 -356.043 1.150
17.933 4.409 -330.548 0.956
-74.982 -19.338 -437.477 1.056
-21.751 23.292 -486.807 0.980
-86.618 90.902 -472.359 1.061
34.569 72.844 -382.771 0.933
-15.498 60.992 -392.246 0.980
44.397 -96.268 -477.050 1.127
-74.525 -69.541 -395.820 1.007
96.314 84.418 -351.053 1.090
-4.250 -72.508 -308.650 1.143
-83.419 71.031 -318.825 0.833
-67.564 -79.650 -428.045 1.091
75.904 99.833 -491.460 0.932
56.198 84.115 -340.928 1.041
-44.085 -64.610 -379.999 1.258
62.543 -84.632 -373.138 1.074
64.800 78.394 -328.143 1.038
-24.047 84.571 -358.698 1.118
47.606 -93.300 -363.229 1.011
-92.299 89.158 -371.010 0.935
32.546 28.897 -388.789 1.024
7.895 -44.124 -475.351 0.952
-7.483 83.001 -418.320 1.017
-9.101 3.504 -385.268 1.020
-72.230 26.300 -476.487 1.092
63.671 48.301 -343.163 1.051
-10.135 -64.270 -469.571 0.966
67.284 7.193 -354.054 0.980
28.783 30.060 -426.136 1.045
74.832 11.821 -435.822 0.884
30.261 66.640 -471.975 1.091
-76.261 -72.904 -379.187 1.114
76.755 58.308 -351.080 0.991
-87.613 -88.382 -310.367 0.858
-52.754 32.549 -358.842 1.147
71.031 -81.712 -460.611 1.172
10.148 -61.241 -333.226 0.986
-69.168 -58.362 -497.463 0.883
21.502 17.523 -445.722 0.899
-53.313 -19.324 -418.233 0.811
50.821 -67.154 -465.170 0.991
2.111 77.349 -409.691 1.037
-54.482 -12.407 -381.635 0.870
0.972 -79.964 -364.972 0.818
18.005 -46.211 -413.493 1.043
-93.767 -75.194 -346.350 1.005
3.527 83.361 -420.255 0.818
64.140 49.744 -316.801 1.029
-74.299 88.431 -361.304 0.896
63.847 -22.723 -320.915 0.931
14.155 -27.199 -368.242 1.055
74.580 -16.701 -332.087 1.084
49.574 -77.578 -339.285 1.084
-14.499 -59.360 -427.421 0.890
-16.164 37.906 -463.865 0.849
-16.628 -7.043 -377.566 0.722
-43.153 34.159 -441.210 0.839
61.077 92.607 -342.532 0.758
-69.310 92.075 -489.480 1.128
92.987 -55.899 -499.441 0.915
10.638 -50.714 -346.894 1.262
51.978 31.984 -348.796 1.056
-31.297 74.055 -417.131 1.097
-78.995 19.414 -412.971 0.924
2.235 -85.323 -430.297 1.010
18.639 14.249 -324.339 0.829
62.375 5.447 -412.543 1.076
34.615 -9.298 -453.583 1.001
64.992 -35.652 -486.949 1.077
88.574 53.831 -363.293 0.991
-19.562 78.027 -300.190 0.922
-38.177 -85.583 -475.412 1.004
65.073 78.718 -379.651 1.094
59.182 53.973 -364.461 1.064
30.513 -73.364 -331.279 1.016
34.089 63.513 -477.567 1.145
-37.268 -58.183 -320.168 1.034
-40.336 42.537 -471.611 0.874
49.143 -47.437 -423.653 0.950
85.763 1.623 -492.260 1.147
75.931 -13.623 -349.811 0.921
41.898 -5.589 -377.198 0.976
17.206 -1.395 -381.785 0.970
-76.718 15.448 -470.054 0.993
11.429 -88.148 -494.748 0.952
45.225 -60.004 -423.971 1.005
80.971 84.659 -331.244 1.012
-13.561 44.547 -390.339 1.057
-82.626 98.786 -445.281 0.929
20.981 -67.675 -449.986 1.092
36.203 -65.008 -409.556 0.895
-11.392 -22.396 -337.376 0.886
-75.233 -26.307 -360.735 1.041
-28.638 69.202 -300.146 1.034
46.188 31.254 -424.351 0.896
-14.136 -54.844 -444.319 0.930
34.353 -59.823 -302.677 0.938
-7.777 10.097 -451.151 1.028
76.895 88.806 -441.358 1.043
81.134 -42.876 -323.230 1.146
-58.200 72.205 -478.690 1.030
-43.784 -62.991 -375.807 1.132
3.290 6.633 -467.510 0.921
-29.386 -13.725 -364.357 0.990
7.628 15.559 -493.436 1.025
-97.373 -43.627 -330.711 1.082
-58.821 -34.114 -431.573 1.072
-82.465 7.925 -460.936 1.019
79.045 -50.472 -433.929 1.126
-21.698 -79.793 -437.547 1.029
30.723 54.546 -382.782 1.030
83.525 35.554 -410.598 1.016
-68.627 82.887 -497.843 0.977
36.844 -36.587 -378.350 1.057
-27.230 -16.114 -395.183 0.951
24.771 -16.905 -487.535 1.050
-32.236 53.102 -463.906 1.023
12.992 36.017 -320.691 0.972
84.540 68.974 -449.027 0.829
25.399 -61.196 -335.028 1.103
-91.556 -16.984 -321.110 0.957
78.482 81.916 -391.923 0.940
46.678 34.858 -448.143 1.027
-82.862 -95.058 -370.420 0.925
88.843 -62.955 -498.056 0.987
17.262 4.040 -488.655 1.074
44.120 57.237 -359.385 0.778
92.517 38.375 -401.667 0.911
48.215 -86.207 -382.595 0.944
-21.114 5.595 -364.045 0.982
19.613 57.469 -335.029 0.901
-52.842 10.402 -401.258 0.891
5.735 -72.941 -336.963 1.109
-5.095 -33.961 -371.148 1.044
-34.686 73.730 -319.027 0.747
-20.977 -3.786 -313.495 1.111
-13.243 -93.876 -308.933 0.739
-99.374 -16.335 -441.685 1.124
17.658 95.199 -330.062 1.163
64.783 62.621 -411.543 1.088
-26.664 1.791 -375.845 1.093
-41.760 -78.228 -356.258 0.868
44.723 -48.212 -378.560 1.096
33.577 -45.688 -349.559 1.117
97.383 48.215 -355.465 1.011
-77.927 63.779 -343.612 0.939
-65.894 24.127 -454.126 0.894
-5.300 23.209 -480.436 1.018
85.641 28.858 -474.836 0.941
93.268 -57.108 -373.276 0.981
-94.572 32.048 -358.418 1.104
-67.035 48.919 -412.547 0.918
33.197 10.741 -465.933 0.947
18.876 14.448 -306.576 0.989
93.823 31.041 -489.957 0.901
61.103 -6.154 -476.713 1.022
18.963 95.242 -485.427 1.008
63.447 10.338 -468.812 0.862
-96.146 2.501 -482.185 1.007
97.013 38.197 -388.825 1.117
52.004 -89.655 -400.778 1.023
-43.764 48.462 -375.481 1.007
14.756 -69.831 -407.633 1.012
-73.955 74.337 -355.470 0.899
88.019 -58.734 -465.513 1.105
-56.610 15.299 -348.621 0.862
75.940 -87.319 -386.799 0.897
-11.902 -72.193 -358.361 1.122
-35.846 -19.830 -499.389 0.970
-77.372 -10.399 -477.791 0.905
66.017 -0.234 -352.894 1.003
-35.936 4.147 -338.985 0.942
-3.520 -52.156 -300.616 1.006
-76.367 -15.370 -466.236 1.118
-8.038 95.694 -324.090 0.887
-45.584 15.530 -482.705 0.946
40.602 -55.903 -447.755 0.892
35.172 59.007 -405.548 1.031
-62.715 4.979 -375.572 1.048
54.542 -18.805 -356.754 0.978
-56.804 42.226 -469.541 1.012
9.352 -42.873 -366.485 1.085
-97.800 -16.583 -381.261 0.821
76.807 14.696 -453.233 0.998
-68.804 -35.925 -451.208 1.164
-46.752 32.086 -309.381 0.982
89.543 70.491 -322.971 1.101
-96.295 19.457 -400.707 0.961
95.129 33.317 -397.432 1.198
-8.090 -85.355 -343.902 1.047
35.784 23.128 -441.890 1.098
16.943 -15.696 -435.540 0.947
-25.967 85.483 -464.719 1.072
45.209 -70.699 -323.279 0.958
51.061 4.490 -389.364 1.020
73.029 -96.216 -442.688 1.042
-11.667 -6.156 -318.196 0.982
34.256 95.900 -458.008 1.061
-57.138 33.211 -392.144 1.023
-59.436 -81.149 -407.914 0.970
74.742 71.021 -398.024 0.886
44.684 -71.353 -499.673 0.933
69.873 -65.278 -386.509 0.993
-92.396 -0.856 -383.142 0.982
-3.637 -88.530 -359.284 0.908
-99.254 -25.614 -485.971 0.956
-86.266 -35.882 -444.746 1.069
-52.960 82.486 -311.826 0.775
85.110 89.657 -401.370 1.032
22.130 8.482 -463.988 1.251
-96.083 -61.753 -395.118 1.074
-31.888 -23.372 -403.573 0.892
59.814 8.334 -338.602 0.990
71.141 -83.841 -443.419 1.083
5.005 -15.386 -359.343 0.938
47.492 -35.253 -475.613 1.032
20.411 -33.950 -424.666 0.913
28.616 -5.760 -415.329 0.915
-40.539 59.515 -317.586 0.892
-45.405 66.970 -369.480 0.861
51.002 76.855 -306.566 1.025
89.803 53.352 -310.674 1.030
51.634 -34.591 -320.563 0.977
-6.598 -54.715 -377.462 0.988
-61.863 -63.792 -308.718 0.875
85.366 13.984 -393.811 0.907
-39.792 92.931 -386.893 0.879
36.153 -26.322 -378.135 1.066
53.331 -15.509 -376.661 1.002
80.458 75.656 -486.213 0.864
62.385 -59.355 -303.422 0.814
-0.438 75.007 -362.692 1.072
27.574 -97.385 -313.917 0.868
-2.152 91.969 -322.793 1.119
-51.098 43.022 -494.987 0.972
79.965 -11.292 -353.308 1.080
48.162 19.472 -352.451 1.151
84.120 18.673 -427.853 1.138
-36.223 1.937 -492.762 1.101
19.909 -15.666 -445.486 0.917
-48.472 -1.039 -344.927 1.164
4.459 -2.966 -483.391 1.078
-43.955 -13.104 -370.574 1.096
43.916 -22.461 -391.265 0.976
97.347 -68.742 -348.540 0.860
-67.681 88.057 -350.034 1.058
1.242 -79.937 -341.404 0.979
38.855 -53.229 -391.348 1.018
28.557 44.784 -412.669 1.096
-46.474 83.668 -493.929 1.094
-85.383 88.030 -391.168 0.982
-67.211 -92.887 -384.702 0.984
-68.503 7.875 -361.289 1.051
27.589 -45.256 -362.506 1.022
-99.307 -26.030 -406.750 0.973
-89.177 -60.079 -483.578 0.812
89.032 -13.200 -480.226 1.205
64.780 -56.139 -437.567 0.896
82.933 -22.473 -443.459 0.951
-66.234 78.835 -413.184 0.936
48.308 -29.085 -385.685 1.060
22.232 -31.301 -480.734 0.976
-79.894 -58.133 -460.748 0.979
22.320 2.366 -395.127 1.148
90.014 97.819 -454.179 1.010
28.596 -97.097 -356.341 0.902
-74.638 26.662 -486.491 0.927
-21.269 54.773 -392.691 1.034
-0.306 57.238 -498.208 1.064
25.010 -40.761 -387.738 0.918
58.683 1.875 -312.131 0.911
5.418 -91.547 -469.458 1.062
-16.331 -58.217 -397.775 0.909
-48.127 95.945 -329.656 0.955
-35.146 -17.839 -347.255 1.062
-26.963 59.414 -317.099 1.074
-94.003 80.079 -455.113 0.864
45.894 -87.242 -379.747 0.908
-85.762 20.455 -317.979 0.981
94.813 27.998 -417.181 1.080
-20.791 -33.164 -455.068 0.857
-88.060 -17.044 -462.355 0.998
35.059 95.961 -345.400 1.008
-6.539 46.109 -308.095 1.087
4.926 -42.805 -467.527 1.093
23.303 -0.709 -418.774 1.073
86.528 97.300 -359.891 1.118
4.397 10.098 -323.972 1.109
-60.353 -6.311 -337.099 1.129
-27.571 -66.885 -389.409 0.850
-36.191 -23.730 -477.787 0.852
-87.381 41.156 -478.985 0.972
-12.471 -0.662 -359.559 0.990
80.457 57.142 -402.523 1.192
84.918 97.840 -357.139 1.040
30.541 30.347 -310.697 0.929
-58.097 11.115 -496.469 1.024
-36.176 -69.536 -371.124 0.978
7.309 81.196 -425.904 0.937
83.853 -53.331 -378.465 1.009
-6.018 -13.360 -385.988 0.921
93.453 -11.423 -376.440 1.070
-35.515 -53.187 -417.507 1.149
93.391 83.255 -304.946 0.948
-0.612 13.379 -424.304 1.063
58.553 -80.089 -499.616 0.833
-61.513 -98.486 -484.430 1.142
11.151 -21.716 -417.174 1.011
-0.956 -22.928 -402.223 0.990
23.755 32.718 -463.055 1.015
-14.087 54.143 -441.334 1.100
99.380 -13.560 -398.351 1.093
-13.519 22.233 -385.156 0.938
53.966 94.186 -486.269 1.000
-14.635 -35.816 -325.532 1.023
-30.755 -34.871 -304.936 0.962
-88.096 -77.538 -449.330 1.022
-9.869 59.302 -391.176 1.241
55.834 -48.772 -418.358 0.987
32.514 46.865 -478.518 0.934
-59.154 -96.462 -324.933 1.009
-37.093 -9.512 -300.652 0.957
-35.595 -65.495 -480.993 0.881
19.824 55.351 -384.209 1.085
-95.540 26.460 -389.440 0.948
19.819 -95.133 -353.311 1.011
-80.137 23.851 -363.194 0.817
-71.303 27.873 -368.595 1.178
-87.732 5.411 -357.295 0.913
56.973 -52.273 -342.288 1.162
-17.672 -13.454 -448.603 0.974
38.195 24.494 -369.645 1.184
-54.161 5.723 -384.071 0.859
20.542 -86.780 -347.813 1.042
2.344 55.361 -402.968 0.944
87.519 -83.445 -490.653 0.949
-18.447 -68.627 -401.654 1.065
-26.278 96.600 -312.290 1.209
99.374 63.550 -303.306 0.990
30.991 44.768 -479.688 1.043
-73.773 -70.928 -439.058 1.099
11.850 28.172 -399.766 0.954
-30.358 91.340 -371.561 1.050
-28.349 -67.150 -433.789 1.029
22.058 -90.730 -461.654 1.130
-83.174 -58.462 -453.293 0.886
-82.844 91.385 -476.320 1.179
-59.998 -41.037 -473.125 0.873
53.092 -6.442 -454.569 0.878
-37.459 -75.229 -456.778 0.968
35.873 -41.891 -309.212 1.153
7.729 -85.586 -366.458 1.017
-25.299 -58.421 -499.927 0.979
65.422 40.115 -445.424 1.088
36.041 -25.783 -355.591 1.031
16.493 -97.208 -496.713 0.972
-48.343 38.007 -486.849 0.921
15.962 -12.952 -378.529 0.875
-32.051 -5.366 -411.551 0.935
80.664 68.690 -352.564 1.127
42.327 46.175 -414.784 0.927
16.448 -37.054 -337.764 1.008
-28.137 1.354 -344.853 0.966
95.383 32.017 -452.347 0.929
-50.805 -13.102 -336.553 0.931
-76.347 98.068 -449.630 0.910
25.752 89.025 -332.654 1.044
-79.056 -59.866 -490.931 0.902
20.340 -2.808 -482.502 0.904
-53.281 17.573 -375.454 0.968
95.362 54.318 -386.982 1.054
26.386 55.826 -357.190 1.214
10.551 14.201 -342.495 1.016
75.421 -82.173 -420.732 1.004
43.243 95.422 -446.038 1.072
62.466 8.419 -394.930 1.015
57.246 -4.618 -342.832 0.904
-95.333 38.873 -393.835 1.019
-22.906 26.472 -460.888 1.109
43.969 -97.454 -490.632 0.864
97.739 -19.885 -453.117 1.183
-83.296 93.260 -441.321 1.152
-18.895 55.953 -493.457 0.913
52.637 62.160 -451.594 1.008
87.778 15.551 -482.569 1.037
-67.036 89.836 -354.410 1.011
-64.193 -32.894 -400.383 1.002
-12.680 25.281 -473.475 0.972
16.094 -29.679 -499.551 1.195
98.654 -48.649 -495.566 1.072
-55.520 74.726 -421.563 0.985
54.839 -31.452 -411.043 0.935
72.822 -58.044 -422.104 0.928
61.509 73.229 -489.374 1.067
33.431 45.274 -406.912 1.008
41.263 2.538 -491.153 1.166
45.999 -15.497 -404.109 0.939
-48.218 88.069 -498.796 1.055
-25.558 2.896 -338.284 1.078
-38.922 93.824 -314.177 1.076
-35.809 66.727 -369.266 1.121
61.345 30.516 -338.245 1.000
20.965 -85.857 -448.570 0.860
2.404 59.567 -440.588 1.026
-46.359 89.131 -301.206 1.102
-72.264 -4.989 -423.234 1.098
-80.278 -27.332 -429.726 0.958
0.128 86.078 -416.787 1.069
76.058 -90.946 -406.376 0.940
67.466 86.831 -402.270 1.055
-98.102 -93.049 -385.945 0.957
18.054 -67.896 -434.049 1.201
25.692 93.526 -433.895 0.914
-35.291 -68.894 -443.618 1.094
50.767 -7.544 -416.178 0.999
75.674 -37.950 -451.250 1.069
-75.324 21.969 -483.913 1.106
-94.559 65.122 -489.748 1.020
-8.285 -0.148 -317.180 0.950
28.162 4.564 -311.134 1.036
-24.784 -53.619 -378.334 0.842
50.307 -62.447 -407.262 1.139
20.495 68.010 -445.294 1.047
19.868 -66.449 -382.071 1.107
96.072 -94.439 -337.854 1.006
82.039 -90.504 -473.212 0.974
34.415 65.148 -398.981 1.052
44.311 58.358 -346.768 1.058
10.837 -71.053 -349.211 0.986
-39.452 -44.278 -369.662 0.952
28.646 13.854 -456.497 0.964
25.589 91.984 -451.348 1.190
76.794 -29.373 -399.176 1.013
-47.133 -28.269 -362.470 0.954
-4.469 10.457 -374.237 0.880
-77.899 57.126 -326.283 0.978
-60.562 -77.541 -328.014 0.953
34.925 1.283 -395.164 1.027
-5.520 63.719 -359.261 1.032
-5.360 -36.330 -342.393 0.964
-39.816 68.078 -426.159 1.148
-3.595 38.441 -421.452 0.941
-83.289 15.994 -461.427 1.054
63.587 -83.230 -319.908 1.011
23.517 41.034 -437.809 1.154
73.537 -7.524 -357.797 1.119
-17.748 -97.203 -375.650 1.064
36.593 82.411 -330.121 0.967
-93.999 -43.053 -447.705 0.985
26.619 -24.358 -319.308 1.283
-61.292 -4.022 -378.176 0.953
62.560 -42.573 -406.327 1.070
-25.717 35.363 -317.601 1.011
-45.580 -49.765 -438.730 0.780
-54.771 22.838 -416.290 1.104
-68.280 -82.014 -466.088 0.913
3.506 45.899 -336.607 1.200
-85.415 83.191 -419.733 1.079
-40.459 -43.996 -406.276 0.941
32.855 34.456 -420.814 0.894
18.102 -65.455 -441.844 0.932
66.385 37.905 -497.556 1.043
44.038 16.689 -407.646 0.864
-40.668 67.051 -483.514 0.971
22.086 -70.874 -440.179 0.942
27.640 -17.285 -328.083 0.903
-8.819 -92.103 -382.469 0.972
3.631 88.760 -348.482 1.150
99.065 84.861 -429.039 0.869
93.063 33.121 -479.016 0.884
92.245 -19.621 -339.162 1.058
-36.733 66.203 -404.578 1.043
-29.003 -38.371 -448.433 1.078
78.410 -34.804 -417.013 0.987
26.833 -14.192 -411.547 0.907
-41.394 75.314 -441.805 0.972
-6.035 97.461 -456.401 0.998
-37.013 26.047 -451.886 1.104
-96.856 25.173 -397.564 1.045
77.038 -75.314 -382.923 0.868
-4.749 -14.775 -320.835 1.005
-64.710 -19.615 -357.888 0.830
-33.998 -5.011 -424.683 1.036
84.839 30.913 -342.465 1.089
85.144 79.762 -394.439 0.981
-76.067 48.813 -471.648 1.130
8.977 -23.321 -447.135 0.950
-10.223 48.039 -326.713 1.096
56.488 -85.322 -392.863 1.039
-93.266 74.821 -445.594 1.151
-85.138 -40.700 -399.799 1.002
53.209 -98.569 -370.155 1.059
-88.806 -71.792 -313.580 0.886
-39.209 -48.852 -389.859 1.147
-78.341 83.291 -433.483 1.009
60.392 24.728 -396.488 0.915
85.869 -13.850 -350.115 0.965
68.082 -43.840 -399.400 1.069
-14.585 13.207 -303.554 0.999
60.737 -33.327 -392.381 0.968
-13.973 73.395 -443.430 0.840
94.580 74.167 -322.780 0.966
-70.378 60.443 -463.012 1.060
-87.630 22.407 -499.340 0.917
48.754 28.666 -417.231 1.155
-31.159 83.683 -334.597 1.186
-26.402 83.331 -414.838 1.092
-25.143 59.439 -382.324 1.109
96.452 -73.875 -437.703 1.021
43.118 84.275 -350.317 1.101
78.130 29.799 -446.842 0.893
57.908 29.261 -475.485 1.148
-4.986 -26.652 -462.400 0.731
-52.024 84.827 -347.551 1.153
92.673 37.617 -306.269 0.945
-50.664 76.914 -421.117 1.013
7.905 15.839 -372.506 0.907
-74.904 74.614 -313.122 1.144
-28.255 63.100 -466.290 0.929
-27.744 -12.168 -472.294 1.037
-15.532 0.888 -343.645 1.057
57.122 -48.622 -434.395 1.109
-25.807 21.225 -333.800 0.929
34.165 -28.235 -390.249 0.895
-99.433 -69.804 -424.549 1.042
-73.354 29.394 -419.276 1.074
-92.963 89.352 -384.010 1.015
-13.613 83.547 -374.388 1.115
-73.780 15.924 -488.983 0.898
64.367 -89.424 -489.148 1.025
-72.226 17.569 -389.546 1.004
-18.754 -38.501 -341.663 1.014
-44.458 81.422 -409.514 0.910
-31.495 14.202 -345.803 0.965
-88.473 -2.127 -456.324 0.880
-97.882 -23.872 -369.059 0.847
56.029 66.689 -471.913 0.943
65.481 -68.502 -495.091 1.038
93.364 -76.451 -330.420 1.064
18.570 57.416 -357.969 1.233
-4.518 -27.299 -467.694 0.873
27.674 -55.235 -437.856 0.977
-2.431 -94.393 -400.489 1.119
-41.003 46.663 -485.441 1.075
49.830 77.308 -330.566 0.835
58.507 96.333 -466.421 0.895
-59.835 -78.182 -499.202 1.036
35.198 -29.330 -467.104 0.874
29.420 -66.626 -463.570 0.896
-83.750 -52.898 -392.384 0.917
97.788 22.050 -386.482 1.054
5.058 71.086 -452.330 1.123
82.597 -1.796 -417.299 1.154
-45.872 22.118 -368.400 1.058
6.703 -20.497 -479.986 1.108
-64.225 -78.119 -491.034 1.009
15.570 55.757 -340.869 0.923
43.757 -28.679 -464.266 0.993
-56.325 46.777 -317.781 0.999
-95.154 0.145 -345.115 1.009
-7.867 -87.876 -369.323 1.135
-43.131 -19.060 -442.066 1.021
33.486 -73.509 -380.640 1.073
-82.531 4.294 -376.600 1.197
4.069 -36.160 -426.392 0.909
35.319 -9.006 -374.277 0.903
76.616 31.614 -381.167 0.939
90.085 21.689 -363.307 1.016
-50.290 8.106 -408.363 0.951
-66.767 -42.292 -337.963 1.023
64.928 91.217 -335.469 1.238
