-78.002 -5.922 -436.238 1.182
-88.721 -88.679 -366.574 0.905
-17.801 40.126 -458.887 0.928
-13.999 -82.127 -312.139 1.045
-42.386 -11.506 -467.979 1.201
-44.826 -60.932 -499.158 0.982
17.214 25.949 -339.477 1.116
68.119 -45.528 -458.591 1.031
9.460 -82.843 -301.846 1.026
64.434 -41.172 -304.076 1.097
70.093 86.222 -369.168 1.020
-81.021 -12.079 -405.693 0.971
26.107 -32.293 -486.608 0.867
46.906 81.873 -444.881 1.003
-8.085 -74.455 -469.965 1.176
41.423 -13.902 -490.032 1.052
94.349 89.202 -324.324 1.113
88.823 -35.553 -469.856 1.050
-29.693 38.943 -489.534 1.021
-2.270 0.746 -371.045 0.988
56.098 -60.085 -431.111 1.012
-16.146 -7.526 -304.692 1.150
13.295 -15.749 -405.030 1.000
-79.299 45.265 -413.275 0.830
53.116 -37.723 -334.246 0.925
53.438 52.626 -331.911 0.814
-2.101 -12.437 -496.214 0.998
45.968 78.198 -321.906 0.938
-45.977 -46.925 -484.128 1.029
-42.448 -68.879 -346.279 1.038
-22.062 22.438 -312.309 1.070
32.439 46.311 -483.763 1.094
77.439 -76.568 -327.324 0.901
-38.201 31.302 -345.399 0.989
72.142 13.141 -468.174 0.979
46.892 -6.463 -441.387 1.041
-91.401 -56.355 -459.423 0.994
-83.460 2.454 -396.095 0.976
-52.423 -63.636 -457.544 0.972
81.632 72.872 -488.823 0.902
40.766 67.308 -312.717 0.983
58.920 95.864 -473.027 0.971
34.567 85.561 -368.571 1.085
17.518 -81.986 -472.511 1.177
90.592 -78.597 -456.750 1.151
52.498 -37.241 -390.445 1.052
21.956 -21.339 -308.181 1.116
-44.048 -74.326 -446.981 0.958
-80.838 -82.051 -481.836 1.046
34.235 -96.030 -446.776 1.074
29.907 -93.189 -463.517 1.245
45.688 -17.446 -430.504 1.122
29.675 -32.917 -458.256 0.972
61.967 80.468 -395.504 1.027
3.474 64.471 -481.491 1.082
-99.470 -9.260 -447.668 0.959
-62.588 50.067 -331.972 0.720
-5.597 -67.320 -325.811 1.035
-89.542 -46.910 -380.199 1.102
93.307 7.078 -309.820 0.990
57.363 81.730 -432.626 1.075
78.118 71.086 -402.742 1.010
-91.220 16.332 -323.716 1.113
-84.928 -92.024 -308.602 1.046
-15.112 30.411 -319.875 0.851
-67.181 -13.370 -450.593 1.073
-57.380 96.362 -311.853 0.876
-87.820 -53.195 -403.874 1.050
16.772 98.733 -327.424 0.936
44.855 -98.558 -305.334 0.914
-80.002 -90.531 -308.129 1.039
10.654 -59.054 -488.158 1.102
53.384 -46.101 -425.926 0.974
-81.517 -23.891 -376.709 1.175
-90.247 -57.219 -442.795 0.913
31.580 -65.490 -328.350 0.886
-22.986 -95.282 -451.139 1.084
-28.803 28.707 -390.758 0.986
-32.209 -66.859 -402.245 1.064
77.657 41.325 -320.520 0.868
-4.417 -0.439 -419.030 0.979
-89.857 -35.800 -429.643 0.787
-54.778 19.646 -367.041 1.047
91.943 87.466 -476.930 0.999
-74.106 42.854 -466.360 1.194
-95.889 -46.311 -455.645 1.029
-30.598 62.076 -352.049 1.035
83.865 42.077 -443.919 0.883
22.210 73.877 -379.776 1.075
-83.367 95.778 -348.542 0.991
40.233 -66.100 -413.571 0.870
-33.026 17.744 -432.137 0.968
65.135 85.218 -499.754 1.021
-7.884 6.730 -492.264 1.063
74.115 55.322 -332.607 1.079
29.427 -49.828 -342.923 1.010
-70.282 -64.768 -477.797 0.951
83.578 -60.216 -351.043 1.071
-10.383 -68.109 -417.754 1.102
76.848 21.795 -377.214 0.903
76.693 -2.947 -347.541 1.110
0.460 24.773 -352.057 1.009
-5.824 -60.722 -344.958 0.753
-62.327 58.555 -381.492 1.042
96.094 -9.441 -394.749 1.049
-69.606 -82.805 -344.835 0.972
-85.414 38.364 -376.473 1.016
32.987 -88.043 -451.159 0.906
-64.747 -55.279 -336.194 0.924
-33.360 -26.986 -484.117 1.195
31.665 50.221 -370.724 1.085
3.516 79.336 -400.797 0.862
-69.470 13.500 -389.066 1.033
-13.616 -71.051 -422.952 1.122
91.992 -98.882 -429.993 1.128
86.463 -6.710 -339.930 1.203
-76.447 48.119 -306.952 1.066
-44.793 -20.171 -336.000 1.031
62.992 16.644 -401.478 0.955
88.108 74.635 -409.038 1.057
65.328 -4.297 -411.395 1.006
-4.975 -62.522 -336.089 1.105
-1.074 -47.572 -467.520 0.762
61.056 -25.555 -432.209 0.757
-90.375 -78.285 -388.954 1.017
8.304 67.968 -341.090 0.984
-42.409 -26.215 -382.264 0.912
-56.160 -76.916 -332.511 1.073
-79.146 -62.198 -306.811 1.007
-35.078 71.734 -374.623 1.006
43.965 -43.928 -426.431 1.070
7.161 62.380 -333.221 1.059
9.181 8.182 -469.168 1.151
-68.959 -55.665 -337.058 0.894
-38.024 -90.652 -367.616 1.108
49.244 -43.058 -455.917 0.995
-1.463 15.734 -464.166 1.042
-67.874 94.805 -482.189 0.988
-73.778 46.656 -336.588 1.013
68.782 -43.609 -402.363 1.007
81.992 -37.649 -310.797 1.055
-73.812 -57.245 -399.552 1.002
-29.371 61.137 -364.214 0.938
71.655 89.487 -459.954 1.043
-96.542 -94.028 -313.446 0.917
66.571 92.986 -421.656 0.908
-86.673 82.574 -420.521 0.822
-10.401 69.183 -438.656 1.060
25.454 5.894 -411.841 0.974
60.882 -78.293 -464.851 1.053
44.811 2.012 -301.665 0.995
88.962 -70.770 -388.815 1.056
8.921 -78.744 -461.425 0.915
52.293 20.982 -379.473 1.017
-70.630 -62.705 -493.742 1.171
-30.175 -30.816 -403.407 1.072
-33.397 63.847 -499.642 1.181
43.396 -24.301 -485.805 0.829
-29.925 -55.843 -431.931 1.098
-80.465 73.665 -399.420 0.792
66.199 -56.397 -376.069 1.215
39.745 31.957 -471.892 0.933
13.743 72.100 -361.010 0.956
79.558 -95.572 -301.605 0.927
-60.319 -94.774 -455.634 1.019
44.215 83.294 -469.377 1.034
-76.305 49.942 -317.611 0.995
38.543 -33.966 -315.221 0.929
-13.020 -38.286 -400.541 1.089
-74.041 30.446 -440.183 1.002
-20.137 -58.904 -483.062 1.010
69.718 49.142 -419.288 0.901
86.834 -83.983 -315.722 1.025
92.103 -80.954 -376.742 1.206
92.481 34.167 -469.303 1.020
88.100 27.315 -443.598 0.991
-62.902 -57.716 -301.931 1.090
-8.053 -94.625 -324.352 0.771
-55.247 -82.003 -345.269 0.973
40.294 -27.207 -311.089 0.767
-12.432 -79.813 -360.281 1.010
71.902 -21.541 -340.404 1.068
25.618 -7.177 -414.846 0.970
15.209 19.752 -482.133 0.953
61.106 76.036 -451.483 0.885
13.189 96.190 -342.509 0.882
-79.151 63.663 -393.008 0.999
64.709 -47.514 -413.154 0.974
19.089 -86.091 -423.023 1.099
-0.433 95.045 -388.842 1.009
23.948 -49.174 -317.837 0.933
-65.583 -66.357 -356.261 1.089
-3.644 95.064 -462.611 1.109
-3.695 88.005 -368.690 1.132
6.987 69.856 -487.524 0.939
-22.728 48.575 -417.435 1.170
58.401 25.365 -380.709 0.970
-12.874 -25.029 -347.481 0.796
29.705 19.082 -392.461 0.701
-72.155 94.692 -329.085 1.100
9.398 28.170 -329.651 1.109
49.674 53.334 -322.921 0.898
-21.159 41.598 -349.739 0.986
-70.769 -93.992 -430.368 0.829
-85.404 72.152 -349.274 0.930
48.729 18.736 -457.257 1.140
-3.355 89.402 -334.337 0.944
-36.497 34.649 -319.905 1.133
-9.406 -0.561 -347.236 1.053
-85.410 -86.058 -424.975 1.082
-92.211 30.863 -453.639 1.150
52.544 -7.677 -479.993 1.069
31.594 -1.149 -376.951 0.797
96.311 20.453 -368.787 1.088
-89.719 6.772 -419.677 1.002
-13.839 7.003 -393.960 1.113
-86.948 -56.920 -403.062 0.993
-49.023 6.014 -353.560 0.739
35.506 -7.339 -319.707 1.070
-17.782 -33.827 -318.614 1.132
-91.798 -69.100 -465.232 0.975
-7.148 25.264 -366.247 1.015
-39.180 -24.086 -370.676 1.007
78.104 80.925 -367.996 0.903
6.552 -63.377 -468.729 0.978
-25.975 -61.481 -376.421 1.215
-43.714 -59.188 -306.883 0.872
1.886 -98.041 -442.039 0.976
-36.797 32.201 -309.127 1.065
-15.350 -89.185 -363.330 0.968
-95.671 -41.723 -466.699 0.887
-63.684 -75.107 -357.991 0.817
-92.709 17.394 -326.534 1.032
-6.231 -68.525 -468.178 0.965
18.258 -32.913 -433.661 1.036
-52.926 35.225 -317.969 1.173
-36.247 6.829 -305.383 0.925
0.796 15.852 -467.790 1.206
33.428 -49.087 -311.180 1.100
28.466 -56.999 -470.215 1.006
-63.279 22.861 -324.452 0.950
66.893 41.200 -341.765 1.089
95.038 21.138 -419.786 0.906
87.732 82.198 -360.917 1.061
92.596 -27.527 -438.574 0.876
56.467 -27.615 -492.166 0.829
32.389 -67.012 -448.346 1.020
85.213 -96.402 -350.777 0.991
19.609 -38.299 -473.619 1.058
-0.857 -26.120 -318.864 1.077
61.157 5.006 -377.867 1.079
-16.248 68.372 -348.468 0.914
-88.201 21.786 -364.303 1.137
44.264 31.278 -463.733 1.101
25.046 -12.068 -352.191 1.032
15.890 -35.319 -439.593 1.157
-67.805 97.495 -406.818 1.016
-70.927 -69.350 -386.366 1.080
-67.439 94.171 -383.391 0.906
-90.179 21.692 -377.499 1.061
51.329 42.426 -315.171 0.988
-80.827 14.014 -348.549 1.057
-34.034 57.441 -373.462 0.982
44.666 74.258 -360.092 0.862
91.290 82.522 -469.594 1.119
-55.885 65.179 -395.401 0.761
73.775 56.729 -413.056 0.973
-37.951 -34.078 -312.368 0.866
94.479 -76.878 -304.174 0.929
14.578 -29.346 -494.111 0.705
-95.920 -91.324 -479.424 1.013
-65.748 43.799 -418.584 1.065
-98.500 64.859 -319.465 0.905
-91.018 24.685 -307.309 0.944
-0.570 42.662 -402.776 0.878
94.543 -77.161 -482.252 1.013
-64.288 71.574 -326.156 1.115
82.442 75.506 -337.406 1.017
-22.356 42.998 -317.218 1.014
3.840 -67.406 -340.227 1.003
53.447 0.462 -443.548 1.002
89.477 27.094 -398.623 0.942
85.025 0.012 -451.809 0.730
-34.015 -53.650 -397.605 1.148
-21.979 48.132 -319.410 0.947
-44.700 8.010 -436.038 1.027
8.390 -30.754 -304.760 0.853
80.686 -15.186 -403.958 1.034
-46.527 11.169 -443.713 1.113
43.793 49.852 -338.935 0.958
-82.261 6.834 -329.075 0.996
42.028 -94.765 -393.591 1.032
-65.192 0.139 -454.803 0.762
34.998 -2.379 -433.844 1.072
86.250 27.371 -377.059 1.080
33.645 -62.980 -385.595 0.849
0.810 -65.173 -307.112 1.098
-30.517 82.609 -331.623 1.118
-92.544 18.598 -438.318 0.960
-30.691 -93.318 -442.761 0.886
49.495 49.632 -381.072 0.911
45.659 -53.585 -340.583 0.815
-56.644 20.289 -416.494 1.106
-33.761 -81.859 -423.871 0.991
-44.011 -67.684 -473.297 0.978
-65.479 -8.537 -453.415 1.104
44.660 47.634 -484.162 0.871
71.827 14.919 -497.427 0.902
-71.725 45.039 -486.444 0.962
2.465 3.403 -406.412 0.930
-90.958 -52.795 -479.947 0.992
-50.246 55.153 -345.412 0.906
-55.703 -6.429 -404.937 0.951
39.100 47.805 -471.239 0.926
39.558 -24.902 -456.985 1.019
97.218 88.074 -328.247 0.912
5.696 -90.470 -402.273 0.809
-2.365 -86.254 -313.042 1.001
30.760 -36.228 -492.290 0.909
23.933 71.343 -330.370 1.105
-89.662 -26.961 -330.359 0.850
17.990 15.758 -315.883 0.861
1.238 -29.196 -355.695 1.088
52.358 -61.540 -326.493 0.987
25.052 -59.807 -342.808 1.169
-44.322 -92.524 -315.515 0.922
47.545 20.272 -430.129 1.064
53.210 72.340 -399.728 0.948
84.181 94.124 -353.629 1.114
20.838 -88.700 -472.667 1.061
-19.102 -26.898 -390.470 0.994
96.445 88.032 -346.800 1.065
56.088 51.988 -312.262 1.081
80.572 27.381 -322.874 0.975
-96.501 89.605 -371.017 1.028
48.328 -13.790 -325.360 0.903
7.244 -93.659 -487.983 0.985
2.937 50.897 -447.349 0.938
3.232 -9.863 -458.907 1.108
-47.343 34.962 -354.896 1.085
42.589 32.349 -485.650 1.065
61.499 -57.455 -391.866 1.063
36.870 62.656 -480.178 1.128
6.337 64.776 -338.596 1.118
-75.946 -97.720 -310.427 1.027
-43.361 -57.248 -405.148 0.816
31.985 -26.609 -493.902 0.811
49.633 6.473 -370.639 0.951
49.885 -5.014 -309.308 0.986
52.572 94.789 -355.893 1.089
21.249 61.328 -431.658 1.057
68.811 59.839 -477.605 0.969
54.291 -48.889 -357.553 1.021
-34.792 -72.498 -356.010 1.186
-0.865 -29.851 -422.012 1.014
27.158 0.541 -301.603 0.977
-10.916 71.471 -422.580 0.961
-83.171 13.936 -359.151 1.007
-3.932 61.102 -464.417 0.778
-22.298 -91.638 -390.035 0.987
-59.507 -38.289 -499.518 1.082
-39.399 73.607 -378.218 0.912
15.739 -31.229 -398.748 1.154
97.264 -85.810 -414.196 1.065
-35.101 19.398 -460.302 0.920
-40.296 -45.889 -335.944 1.096
89.526 24.707 -302.503 0.913
84.981 46.055 -384.293 1.267
-64.997 -65.535 -344.928 1.013
-12.497 24.555 -405.209 0.910
-32.552 -60.829 -357.804 0.905
-90.304 -1.134 -311.536 0.933
73.669 -6.240 -498.207 1.008
-6.860 45.933 -498.070 1.005
20.867 75.896 -480.173 0.872
-56.274 77.130 -368.116 0.995
97.925 -91.533 -458.796 0.984
80.809 30.007 -381.380 0.967
-38.048 -39.632 -351.836 0.821
-18.992 -12.500 -301.034 1.055
64.747 -58.722 -360.721 1.123
-14.832 51.973 -455.671 0.826
57.157 -68.648 -306.139 0.998
62.838 -34.781 -436.762 1.138
-23.097 26.236 -463.843 1.052
-68.069 28.353 -404.992 1.067
-48.593 39.772 -316.636 1.019
24.101 97.814 -478.737 1.001
-2.290 70.257 -489.213 0.985
-53.283 99.381 -499.380 1.079
-50.207 78.357 -454.426 0.881
-0.249 -44.227 -471.664 1.127
-64.961 20.226 -496.966 1.134
-64.006 -38.328 -431.914 0.947
73.583 -64.222 -450.322 0.910
32.112 43.233 -338.511 1.032
-37.430 -81.288 -483.341 1.121
-90.102 -87.937 -419.905 1.267
67.712 17.623 -452.233 1.134
-4.192 17.997 -383.494 1.021
-59.340 -99.175 -442.351 1.141
78.276 -48.343 -385.520 1.039
32.457 -42.842 -413.084 1.093
52.797 92.903 -307.089 0.940
76.754 74.947 -443.776 1.064
-3.091 5.013 -324.507 1.026
53.132 -76.543 -409.586 1.029
35.696 59.203 -327.016 1.004
30.203 12.940 -467.964 0.999
-81.690 63.433 -484.115 0.868
-13.869 63.711 -334.784 1.035
-77.511 76.293 -377.367 1.030
-77.216 40.868 -485.952 0.965
-19.858 21.446 -442.620 0.883
-59.154 97.276 -468.515 0.926
-68.315 -19.232 -396.001 0.831
80.686 0.444 -402.570 0.863
61.793 14.958 -358.749 0.985
-18.259 -98.682 -493.933 1.085
-81.876 -61.260 -339.651 1.090
-40.158 87.370 -345.376 1.140
56.582 -16.429 -451.407 0.956
16.273 67.634 -496.652 0.968
70.924 44.904 -468.729 1.204
-23.922 -96.956 -386.324 1.099
-92.705 -84.537 -475.644 0.993
-54.486 -22.388 -342.147 1.074
-73.443 9.460 -390.071 1.085
-43.258 15.723 -466.832 0.791
-70.074 -87.328 -374.583 1.188
48.330 -71.397 -314.167 1.152
-52.980 -81.095 -329.180 1.036
26.746 57.793 -390.064 1.059
35.311 8.745 -416.721 1.116
28.410 -11.529 -370.023 1.040
-37.732 29.550 -459.572 1.223
-87.077 84.610 -437.276 0.859
-16.515 -65.263 -496.868 1.014
74.116 -11.247 -355.734 0.991
-4.343 64.097 -496.216 1.020
20.125 -86.413 -363.942 1.193
-45.122 82.185 -469.810 0.976
-19.715 -67.619 -338.631 0.959
72.303 -94.139 -423.977 0.958
-75.299 -47.576 -323.714 0.937
-70.959 -27.249 -342.210 0.977
48.196 34.600 -411.808 0.881
-20.140 -9.256 -349.736 0.962
58.340 -38.782 -398.187 0.917
-39.202 -45.821 -427.297 0.903
-19.423 9.819 -341.366 1.250
-83.768 -20.055 -485.979 0.952
-65.786 73.304 -426.349 0.949
-24.402 -71.822 -467.035 1.061
73.468 52.399 -464.829 0.838
-40.453 -39.962 -355.611 0.896
-81.356 57.681 -359.682 0.895
-93.291 8.591 -381.575 1.185
-3.856 -38.333 -310.365 0.901
5.362 35.807 -389.221 1.080
64.164 14.970 -372.645 0.895
-45.370 46.376 -491.606 0.979
31.509 -58.897 -477.528 1.045
29.821 -61.315 -386.599 0.861
-20.270 -30.863 -498.274 0.866
91.034 39.808 -310.513 0.931
-94.207 25.074 -436.315 0.978
-20.607 -64.650 -301.209 0.929
9.157 -9.432 -357.148 0.951
93.897 -43.385 -425.292 1.040
-14.311 25.749 -475.787 1.130
3.353 -38.818 -471.104 0.686
-10.656 29.054 -377.977 1.018
40.057 24.455 -373.502 0.955
27.001 -16.827 -375.665 0.957
35.581 52.735 -484.133 0.904
89.844 -81.435 -436.900 1.045
77.939 60.416 -457.048 1.122
-70.434 -85.048 -417.326 1.051
-68.196 -50.367 -332.114 1.025
-62.647 -90.746 -345.852 0.954
46.325 -60.442 -342.377 0.888
71.686 -50.474 -468.142 1.055
59.579 -98.915 -374.563 0.925
1.154 -59.484 -460.700 1.224
-6.927 -95.822 -474.273 0.926
70.943 2.108 -415.166 0.955
18.625 62.372 -359.491 1.042
-87.565 83.103 -452.689 1.024
-41.677 49.659 -414.039 1.075
-33.996 2.298 -484.995 1.085
-23.127 90.543 -398.647 0.969
-60.006 97.039 -459.984 0.955
32.857 14.090 -360.206 1.036
-59.497 -21.984 -401.195 0.983
92.993 39.488 -394.321 0.990
-34.116 -26.546 -475.905 1.114
-26.399 -76.497 -311.574 1.057
-59.456 -62.000 -310.628 0.914
-30.168 59.593 -304.671 1.095
78.428 -12.879 -406.525 0.951
29.093 -73.728 -435.405 1.041
-86.550 19.221 -452.736 1.037
60.964 86.921 -445.378 0.974
-72.296 -31.406 -435.862 0.835
98.160 3.618 -348.525 0.933
-39.272 51.295 -415.702 1.113
71.173 -51.698 -337.162 1.049
-3.285 -27.310 -306.497 1.046
-2.038 -8.284 -400.817 0.827
-39.732 -81.060 -356.067 0.892
-39.438 -15.047 -371.756 1.031
-92.097 4.910 -398.515 0.883
-15.882 2.240 -468.310 1.118
-25.841 -47.870 -412.023 0.821
87.039 -27.236 -384.989 1.108
66.841 71.280 -382.800 0.958
-37.910 52.488 -384.657 1.034
-2.036 14.859 -387.909 0.880
-56.110 -33.777 -371.249 1.014
-44.153 -6.654 -355.329 0.849
-64.485 28.054 -301.035 0.806
-6.612 -33.824 -473.000 0.921
-72.199 -56.313 -404.631 1.146
97.652 39.042 -491.752 0.844
-14.706 5.651 -383.066 0.968
36.296 5.410 -410.666 0.980
-46.215 -75.808 -302.957 0.931
22.847 85.735 -358.520 1.101
-77.313 -52.795 -489.669 0.937
14.947 7.010 -365.524 0.872
-41.644 -92.960 -391.240 0.888
-83.292 -51.134 -324.819 1.040
-27.191 98.984 -477.890 1.132
59.854 -66.255 -378.217 1.052
65.644 25.617 -496.226 0.968
-0.125 -24.366 -317.012 1.070
98.973 -99.587 -450.460 0.881
65.208 60.191 -474.807 1.039
-55.442 -12.256 -446.268 0.979
-95.973 -79.591 -499.386 0.854
74.542 -73.394 -345.948 0.996
-43.278 -12.469 -359.751 0.885
-24.288 -78.085 -309.373 0.956
95.471 95.896 -374.911 1.092
15.442 -65.421 -440.595 0.950
-48.287 88.701 -306.761 1.086
84.989 -85.717 -471.199 1.055
73.195 45.273 -382.396 0.936
-21.576 -5.797 -461.274 1.017
-14.874 86.442 -376.294 1.114
86.904 -78.627 -487.144 1.075
96.490 -43.678 -327.930 0.965
76.848 94.693 -361.958 1.038
13.803 78.118 -426.628 0.869
-57.859 -53.248 -467.099 0.986
8.855 49.229 -388.578 0.904
-0.618 -44.069 -492.337 0.873
68.334 -96.701 -469.375 1.003
31.936 22.973 -389.395 1.152
-4.748 99.720 -486.695 0.876
-64.066 7.309 -386.963 1.122
85.982 15.458 -302.834 1.010
-98.988 -80.202 -439.036 0.927
-11.547 -20.507 -442.345 0.997
-47.998 22.896 -441.392 1.257
30.797 -55.385 -334.157 1.060
-55.271 26.248 -359.617 1.052
51.481 52.440 -430.235 1.053
63.282 42.648 -436.887 0.926
57.984 43.512 -303.916 1.026
-41.399 -29.162 -484.866 0.857
-38.102 -23.736 -346.939 0.940
57.245 -60.660 -482.510 0.934
-65.725 9.002 -303.379 0.961
89.457 -17.618 -492.523 0.968
-32.404 -29.642 -475.852 1.020
40.530 40.787 -461.083 0.827
-61.726 42.520 -344.224 1.036
-51.621 25.980 -347.130 0.930
77.911 -53.146 -341.827 1.039
-64.938 13.359 -351.905 0.935
-99.673 93.856 -301.026 1.154
-33.115 -3.827 -448.535 1.116
-17.585 -39.100 -348.300 0.937
-18.119 -75.498 -359.121 1.169
-29.428 73.406 -400.854 0.854
-8.655 0.559 -369.202 0.985
-99.411 15.530 -393.624 0.887
65.229 -99.680 -474.798 0.974
-9.501 63.791 -479.959 1.031
3.241 -30.949 -456.472 0.900
-53.436 -76.991 -494.786 0.998
41.164 23.269 -499.218 1.083
76.094 -20.283 -454.950 1.100
-42.732 50.795 -469.006 0.945
30.950 -48.554 -335.932 1.101
28.714 -15.650 -332.595 0.942
-70.805 -69.547 -493.646 1.153
89.809 10.470 -314.624 1.044
5.534 64.439 -476.051 0.853
14.775 44.740 -429.641 0.813
-91.471 11.391 -397.596 0.815
53.181 -30.507 -404.599 0.801
-70.593 -53.345 -399.722 1.143
3.408 10.302 -411.477 0.903
48.736 78.179 -320.116 0.962
-30.881 17.499 -467.389 0.918
-97.424 62.215 -322.505 1.025
7.825 -91.086 -319.154 1.111
72.846 72.205 -495.665 1.042
-44.856 -32.339 -316.738 0.836
27.286 -54.238 -493.459 0.964
-52.035 26.443 -331.629 1.052
-88.742 -68.375 -311.689 1.018
-46.310 94.424 -453.473 1.001
6.262 -32.536 -382.462 1.041
-88.331 -16.712 -394.050 1.017
-81.270 52.210 -370.775 1.003
-62.096 -73.956 -319.216 1.042
-94.400 -73.209 -482.450 1.039
-89.676 -26.166 -433.001 0.853
-41.584 -76.223 -381.381 1.018
80.344 80.302 -462.238 1.079
-25.351 24.659 -328.218 0.961
-22.693 -42.931 -493.666 0.936
-96.092 53.136 -365.604 1.085
-33.472 -18.981 -403.143 0.986
3.677 -10.913 -349.302 0.919
52.817 57.896 -322.006 0.969
-79.349 11.313 -391.308 0.959
-67.847 34.970 -352.064 1.081
-30.273 40.925 -391.765 1.012
-27.970 -83.670 -319.904 1.056
88.912 2.344 -395.017 1.170
-25.541 -78.801 -324.808 0.901
80.248 11.680 -378.577 0.873
71.619 -94.677 -315.280 1.093
-6.833 -6.123 -432.972 0.947
13.992 -31.026 -302.962 0.938
5.980 -32.084 -360.647 1.220
-60.989 82.699 -425.185 0.978
44.901 44.404 -453.719 1.027
26.761 -91.140 -465.847 0.917
-83.997 69.841 -350.755 0.967
20.919 34.709 -417.831 0.975
-96.908 65.244 -408.422 1.123
-36.009 -26.571 -375.305 1.151
30.947 -4.021 -474.186 0.941
79.240 86.279 -438.707 1.083
-48.699 3.769 -431.834 0.972
-92.103 48.413 -407.971 1.030
31.929 -9.578 -410.497 0.913
93.390 -69.829 -352.763 0.852
-49.869 -18.354 -321.571 1.021
-2.854 -77.131 -465.566 1.071
-70.776 -53.926 -443.370 0.818
-27.151 -55.349 -479.471 1.179
11.891 75.368 -495.929 0.925
15.581 -77.211 -319.746 1.079
-52.282 -97.433 -423.980 1.054
-91.713 -93.180 -311.017 0.952
52.534 -15.703 -385.560 0.875
18.853 -74.724 -340.387 1.171
32.772 3.407 -487.344 0.883
-7.736 27.768 -415.858 0.967
82.214 -0.021 -494.586 0.934
6.523 -43.393 -429.927 0.917
77.110 66.318 -406.931 1.102
-24.771 13.265 -332.314 0.906
50.583 99.452 -470.788 0.905
-55.514 25.246 -359.842 1.090
4.451 65.830 -412.618 1.026
78.878 -68.550 -356.213 0.884
52.364 33.810 -387.786 0.956
71.536 97.235 -453.337 0.955
-44.392 -13.709 -397.281 1.225
-2.638 -75.210 -356.248 1.147
-62.813 -61.392 -304.658 0.932
85.245 85.433 -467.656 0.987
-56.938 73.208 -337.822 1.130
41.956 20.804 -482.267 1.078
-46.687 58.078 -442.480 1.131
22.112 -56.280 -362.594 1.030
85.485 50.979 -445.400 0.918
80.185 -81.884 -414.792 1.125
62.330 76.482 -445.783 1.004
84.094 -90.914 -468.227 0.989
-34.874 -48.673 -405.330 1.151
-60.884 13.295 -367.016 0.886
-36.996 50.538 -398.074 0.956
32.016 13.545 -322.395 0.829
-7.945 -74.937 -460.458 1.173
-48.796 41.878 -352.827 0.973
-93.766 -98.259 -345.790 1.052
36.000 80.079 -468.712 0.926
-81.712 17.082 -387.773 0.961
6.543 59.337 -456.924 0.929
78.982 95.613 -300.549 1.035
5.975 -8.122 -353.683 0.892
-16.713 -7.877 -370.300 0.873
-2.544 94.647 -343.674 1.037
22.058 54.461 -460.651 0.949
-69.484 -87.678 -418.867 1.019
-35.316 81.694 -301.163 0.930
62.299 17.319 -393.892 1.120
-80.448 6.335 -428.341 0.913
-44.890 -65.217 -355.429 1.025
11.934 53.353 -404.041 0.910
-35.588 99.457 -473.722 1.001
-53.230 89.540 -378.257 1.192
-25.070 -41.673 -326.869 1.077
-35.814 39.187 -319.693 0.925
50.507 -90.251 -329.838 1.152
-46.999 47.608 -341.946 1.035
-52.135 -11.821 -314.411 0.973
-59.853 -26.678 -435.856 1.081
77.821 -40.521 -380.423 1.017
-24.462 -24.494 -356.477 1.029
48.606 86.274 -474.056 1.098
67.611 -69.759 -490.486 0.915
7.390 54.806 -432.938 0.837
84.705 46.242 -485.609 0.752
-59.914 69.920 -456.816 1.007
-3.052 26.384 -431.860 1.011
60.774 -52.613 -342.681 1.171
-20.656 -27.718 -439.029 1.040
-59.211 27.938 -454.329 0.918
96.089 65.667 -462.496 0.911
-24.547 58.239 -336.966 0.967
35.916 68.312 -310.975 0.968
-88.786 -6.125 -408.923 1.018
25.279 65.662 -340.658 1.153
53.085 18.011 -355.027 0.954
-0.042 -51.630 -428.280 1.059
-91.218 23.084 -404.607 0.990
22.166 -83.729 -420.908 0.968
-32.480 73.026 -357.109 0.920
4.434 -59.400 -399.902 1.095
-25.729 -92.635 -391.011 0.927
56.545 23.517 -351.307 1.018
-32.464 -24.030 -316.519 0.950
-40.375 97.503 -491.043 1.249
85.017 -73.535 -475.460 0.975
29.387 -8.600 -350.921 0.947
34.935 -90.148 -394.177 1.068
-79.870 28.368 -401.776 1.027
-27.418 0.951 -319.065 0.865
-0.604 -83.060 -314.059 1.049
-55.506 -46.229 -374.211 1.136
-9.862 65.273 -457.318 1.017
88.703 53.927 -440.245 0.988
81.459 -36.664 -436.944 1.112
77.907 -14.374 -317.667 0.967
-23.955 48.298 -496.479 0.905
77.650 39.694 -421.446 1.004
-41.016 95.405 -372.625 0.952
47.339 85.899 -364.389 0.952
-76.031 -64.114 -391.010 1.154
13.370 21.596 -423.897 1.096
-90.115 -93.550 -440.314 0.961
-64.213 -18.248 -417.749 0.926
92.803 -81.500 -469.001 0.960
-51.621 42.912 -307.759 0.930
-48.432 81.395 -445.259 1.053
62.317 -39.129 -358.766 0.784
34.421 -44.270 -354.941 1.019
74.086 56.728 -491.301 1.204
-69.238 45.726 -394.438 1.035
-59.156 -56.241 -302.138 1.006
96.316 -29.877 -423.208 1.007
79.664 46.279 -441.351 1.115
34.639 42.345 -371.582 0.962
63.231 -9.468 -446.159 0.900
-61.686 60.480 -304.779 0.896
-11.025 46.644 -496.486 0.812
-26.795 -19.096 -320.814 0.932
-5.249 -85.999 -494.806 0.986
-9.539 5.677 -415.155 0.858
-47.860 -7.405 -374.674 0.852
97.154 -9.381 -376.061 0.932
-56.314 52.946 -479.448 0.892
71.400 -49.590 -463.189 1.055
0.110 -51.584 -409.239 0.975
-1.438 -97.627 -327.446 1.033
45.236 0.681 -363.121 1.006
55.611 -7.915 -369.447 1.046
88.129 -86.333 -356.353 0.892
-4.276 23.967 -403.675 0.999
-95.514 -24.921 -344.443 0.895
91.102 -85.617 -479.599 0.992
48.730 -27.361 -323.403 1.240
4.453 -4.131 -373.549 1.159
6.144 -56.564 -349.579 0.928
-45.718 79.017 -425.238 1.010
54.176 -72.491 -347.651 0.855
-90.107 -79.054 -458.059 1.012
66.210 -40.085 -403.212 0.868
-21.049 19.009 -456.766 1.192
-46.030 48.239 -489.624 1.017
-0.530 87.677 -332.231 0.971
-83.250 34.786 -453.492 0.883
87.579 5.590 -401.950 0.916
39.912 -96.502 -482.963 1.061
20.382 83.690 -441.867 0.974
-63.490 20.343 -399.165 1.052
-93.446 34.960 -485.013 0.854
55.237 92.930 -422.411 0.913
-43.330 -55.409 -399.065 0.985
78.544 -62.586 -405.731 0.960
54.766 71.559 -306.552 0.853
-22.840 -60.436 -411.658 0.944
9.053 49.516 -330.259 1.046
57.094 -93.897 -322.533 1.094
-31.745 -49.779 -360.460 0.975
-70.235 92.944 -472.222 1.022
81.991 8.054 -463.948 1.008
-2.699 22.035 -312.953 0.874
-50.383 89.296 -419.033 0.997
-40.164 17.634 -488.303 1.055
6.316 56.137 -480.985 0.866
-40.313 -95.898 -408.789 1.015
39.775 -95.620 -458.391 0.854
-29.260 41.935 -324.601 1.080
53.103 1.794 -321.138 1.041
-53.622 46.576 -317.848 1.052
85.830 36.155 -401.153 0.930
-63.542 40.317 -328.897 1.109
15.222 -75.262 -444.219 0.943
-47.511 -40.037 -318.962 1.158
-80.132 -73.448 -378.098 0.952
48.449 83.301 -370.158 1.096
-49.547 49.723 -371.126 1.167
-78.779 -20.789 -344.473 1.043
68.699 -92.756 -381.187 1.047
81.008 47.523 -339.048 0.934
1.674 70.242 -424.595 0.955
-17.419 67.089 -414.638 0.872
-17.816 -79.271 -427.443 0.903
97.027 30.751 -405.420 0.904
58.040 66.684 -421.124 1.039
16.622 78.671 -352.013 1.116
25.408 29.919 -368.478 1.145
85.276 72.819 -419.234 1.007
49.792 96.098 -301.856 1.029
-52.899 4.222 -399.438 0.936
-59.869 84.755 -347.274 1.057
98.886 4.393 -413.105 1.187
97.261 66.032 -363.087 1.050
-30.650 45.188 -374.092 1.144
31.487 32.305 -347.777 0.991
75.193 17.046 -457.877 1.034
18.291 9.411 -316.000 1.030
65.150 34.151 -482.593 0.995
6.270 -13.935 -328.784 0.989
-78.789 78.133 -484.920 0.976
72.753 11.136 -489.468 1.075
88.353 -12.260 -446.898 0.935
-32.475 39.104 -498.064 0.925
78.982 97.615 -365.141 0.894
-21.938 16.940 -427.991 0.946
23.635 -16.042 -400.956 0.911
-96.676 -43.165 -301.581 0.933
64.793 -67.918 -325.533 0.823
-26.712 -56.199 -323.595 1.018
13.951 4.360 -350.879 0.972
-51.047 13.195 -305.130 1.099
-80.819 69.426 -334.214 0.971
-3.171 99.781 -428.092 1.020
55.836 -64.029 -343.067 0.955
65.313 -51.396 -345.711 0.979
-11.961 62.157 -348.816 1.108
74.678 97.964 -408.071 1.170
15.520 15.182 -485.359 0.924
9.091 -37.462 -322.128 0.969
53.495 1.955 -349.229 1.095
99.658 -41.458 -314.015 0.839
-17.365 -46.950 -443.746 0.979
-54.735 -92.987 -389.079 1.086
54.166 -61.709 -380.207 0.960
95.416 95.890 -374.099 1.208
-49.337 -76.892 -474.706 0.933
-45.592 55.270 -475.107 0.945
-38.208 64.417 -462.890 1.038
-58.564 87.747 -316.007 1.082
-9.151 -80.735 -461.510 0.942
71.947 -11.666 -365.963 1.154
16.582 -70.125 -310.560 1.200
19.841 -97.323 -474.510 1.107
-59.111 97.194 -386.031 1.029
-30.073 -21.422 -350.987 1.079
2.009 58.496 -469.498 1.009
53.478 -98.978 -376.778 0.846
76.100 -55.286 -405.080 0.786
51.924 85.462 -462.113 1.121
-62.686 9.056 -359.574 1.111
53.238 -98.581 -393.604 0.957
-62.499 89.575 -309.296 1.108
-26.635 -18.778 -401.015 0.909
-90.759 -3.563 -353.041 0.787
-28.233 -27.763 -382.834 1.045
-61.727 -73.433 -343.197 0.951
-2.344 -78.880 -318.841 0.894
42.399 23.528 -480.908 0.935
28.413 59.881 -448.551 1.042
-17.163 51.220 -412.066 1.219
-74.371 36.744 -387.024 0.823
35.922 -83.538 -444.642 0.849
-51.728 8.718 -447.405 0.825
-84.785 -49.668 -420.386 0.981
15.654 92.495 -430.614 1.036
79.057 75.798 -410.622 1.285
76.919 13.883 -314.389 0.855
-15.580 13.704 -303.073 0.920
-23.501 -35.582 -374.545 0.924
-35.240 62.679 -336.322 0.759
70.990 43.648 -499.964 1.070
6.947 -7.081 -373.577 0.871
69.377 -91.925 -443.955 1.117
-1.430 53.427 -322.229 1.144
-57.096 19.723 -473.262 1.108
-11.948 -81.473 -415.750 0.952
85.351 95.084 -465.198 1.128
61.552 6.421 -320.826 1.205
52.685 -99.722 -386.870 1.187
11.394 -57.364 -494.115 0.899
27.569 -59.711 -338.995 0.971
3.826 -46.518 -482.820 0.930
34.399 -24.115 -365.993 0.900
-37.780 34.742 -446.714 0.881
-91.052 -89.728 -309.962 1.162
97.401 -90.610 -353.011 0.953
-38.311 60.222 -383.765 1.027
-56.873 -58.228 -406.806 0.978
-8.032 -54.175 -470.357 1.002
79.815 55.355 -388.549 1.072
78.368 -80.027 -465.187 0.858
-59.674 -8.160 -483.795 0.968
-17.422 43.688 -421.635 0.886
3.847 93.496 -495.735 1.060
-87.110 66.843 -451.496 0.929
-41.606 -71.678 -428.771 1.045
14.220 70.220 -377.207 1.170
-61.616 64.203 -314.418 0.908
-27.817 -95.636 -369.395 1.015
-47.462 -45.363 -347.421 1.103
55.092 -82.029 -378.026 1.019
-73.351 -84.945 -442.251 1.042
30.769 88.523 -471.952 0.885
74.790 -57.083 -355.587 1.165
-2.093 23.603 -352.096 1.047
64.330 68.133 -321.183 0.997
-33.923 -50.446 -331.766 0.983
75.678 98.559 -485.745 1.012
-14.276 -80.654 -308.759 1.085
74.308 48.215 -401.160 0.859
3.070 97.057 -457.568 0.984
-54.423 80.373 -372.230 1.009
59.008 -95.773 -450.556 0.724
-33.892 42.724 -475.984 1.131
-96.589 -61.710 -477.464 1.036
81.612 4.818 -479.620 1.012
62.008 -29.023 -468.141 0.976
-26.641 4.304 -421.902 0.902
-6.344 39.604 -356.502 0.999
-39.449 1.156 -345.003 0.845
-72.241 25.182 -301.144 0.952
-95.521 77.861 -440.707 0.964
49.039 -86.321 -431.130 0.938
22.479 31.282 -425.686 0.991
47.670 -58.403 -361.125 0.860
-90.068 -37.305 -469.938 0.870
-32.209 79.550 -433.666 1.158
73.284 -75.411 -333.979 1.175
-40.100 -89.433 -499.421 0.906
-41.253 -83.470 -358.853 1.003
16.247 44.386 -437.115 1.118
69.641 8.485 -429.474 1.152
78.882 -26.572 -429.841 1.043
-15.373 52.704 -364.260 1.212
63.234 -67.597 -375.197 0.821
54.986 58.981 -396.421 1.141
-76.840 42.017 -332.876 1.109
30.441 -52.180 -355.782 1.009
-59.246 -85.141 -414.463 1.033
85.087 -52.692 -407.327 0.778
15.283 12.554 -321.522 0.923
-82.823 96.629 -349.509 0.992
-88.475 -74.155 -478.889 0.986
70.745 -76.758 -491.461 0.951
26.373 -42.541 -327.711 1.141
2.002 13.231 -321.993 1.014
-64.974 73.095 -420.613 1.178
99.453 92.414 -476.110 0.972
-42.430 98.964 -444.688 1.017
44.085 -44.806 -347.983 0.935
-78.008 -34.046 -463.464 0.958
2.324 29.722 -420.857 0.917
62.099 -80.151 -497.202 1.018
-98.361 -22.563 -396.990 0.918
