-60.187 -47.040 -337.504 1.100
1.125 81.460 -478.973 1.134
33.064 -90.497 -468.501 0.933
-71.590 -56.703 -406.068 0.840
46.243 53.822 -493.540 1.134
24.703 -70.687 -313.516 1.048
-27.771 32.368 -490.350 1.270
-70.696 -55.587 -357.260 0.909
27.292 99.775 -497.799 1.210
-43.879 -13.682 -498.206 1.024
-25.311 -16.519 -351.801 1.013
30.466 -14.366 -446.767 1.111
-38.007 32.061 -462.456 0.959
-56.306 -40.371 -483.072 1.070
-18.902 -17.858 -432.515 1.081
8.249 -45.499 -408.364 0.965
-93.433 -92.850 -387.113 0.909
18.345 78.384 -309.493 0.996
30.337 18.116 -407.871 0.979
-4.793 -4.701 -491.578 0.980
-48.520 -13.514 -339.935 0.947
-71.056 -77.145 -445.700 1.066
22.140 20.906 -494.191 1.040
51.925 62.020 -414.008 0.979
80.047 -30.601 -488.466 0.948
21.496 10.043 -488.187 0.851
35.072 -95.798 -378.856 0.975
-51.579 92.559 -493.203 0.912
87.868 18.567 -405.907 1.037
47.939 97.219 -396.842 1.035
-40.232 -78.541 -403.959 1.230
33.207 48.301 -362.432 1.119
70.262 -4.283 -345.214 1.176
-23.414 -73.798 -386.728 0.933
55.915 -63.857 -313.280 1.029
-38.074 79.228 -484.254 0.881
0.925 -55.185 -452.582 0.955
-24.174 90.554 -407.786 0.974
-37.111 -92.676 -384.869 0.893
-96.738 -76.599 -489.631 0.824
30.118 -18.956 -435.446 1.210
51.813 14.332 -494.053 1.109
-20.850 95.052 -437.985 1.095
35.277 -52.236 -344.943 1.195
26.926 -47.391 -449.073 1.134
92.064 -59.132 -390.935 1.012
-85.084 20.880 -313.054 0.957
-24.941 73.501 -499.113 0.964
38.206 49.773 -415.121 1.054
66.919 -19.065 -386.458 1.011
88.111 76.060 -383.213 1.147
75.344 75.084 -393.701 1.038
3.001 -43.750 -315.444 0.941
-81.284 -17.375 -417.337 0.911
-32.275 50.279 -308.853 1.103
-37.042 -14.877 -447.967 1.031
-93.303 14.519 -467.143 0.943
-85.529 -21.582 -475.075 1.132
-64.330 -57.351 -356.145 1.076
-72.569 -48.734 -360.978 1.112
73.530 -45.048 -353.249 1.071
17.091 99.659 -466.438 1.025
-79.356 -88.909 -391.273 1.026
-73.762 5.693 -454.044 1.060
-5.867 4.620 -409.591 1.083
-0.321 57.266 -383.987 1.026
-61.467 41.298 -344.058 1.043
66.077 30.837 -331.138 1.195
72.631 86.830 -485.074 1.057
-27.165 73.661 -304.608 1.081
49.473 -2.197 -444.588 0.980
-82.859 -35.876 -368.574 0.990
25.003 -36.647 -332.753 0.969
26.313 17.952 -313.582 0.840
55.135 30.762 -489.549 0.846
1.047 72.604 -454.641 1.153
55.768 53.732 -441.803 1.007
20.413 -39.929 -370.742 1.050
-44.782 -59.284 -469.323 1.177
-78.874 31.606 -357.465 0.875
97.540 -12.973 -492.959 1.044
50.806 15.663 -421.556 1.000
-69.671 -96.957 -413.216 0.985
-29.240 -82.228 -447.070 0.813
-30.762 46.257 -464.786 0.932
46.047 -8.550 -308.194 0.978
-30.430 87.461 -339.547 0.965
67.352 -44.747 -487.282 0.858
-13.408 76.877 -384.650 1.017
-60.879 89.022 -350.413 1.067
85.924 73.968 -420.490 1.002
-7.887 58.485 -460.404 1.035
88.474 0.886 -393.263 0.825
41.804 6.668 -421.382 1.163
41.960 33.522 -433.657 0.979
95.635 41.574 -349.875 1.009
-36.759 -42.637 -471.122 0.979
-67.356 -66.221 -361.216 1.115
43.355 97.855 -308.642 0.911
-81.251 55.869 -446.437 1.197
-17.739 -87.172 -452.839 0.926
-85.895 -12.065 -481.861 0.903
35.350 -66.400 -414.890 1.065
0.299 -3.140 -307.472 0.962
-35.421 -13.096 -324.388 0.978
53.443 -29.100 -388.990 1.062
-44.098 0.182 -426.076 0.979
-10.574 31.483 -475.210 1.140
-88.230 -88.735 -413.421 0.957
-63.584 -61.837 -421.917 0.945
-29.861 -25.840 -394.114 1.084
52.116 -87.822 -386.422 1.140
-64.533 48.113 -360.432 0.923
-34.919 19.284 -332.126 0.932
31.194 -60.058 -489.611 0.987
34.552 -63.626 -329.095 0.983
88.166 87.716 -369.988 1.008
-71.205 30.819 -306.913 0.954
35.855 -54.908 -349.432 1.083
96.839 -82.828 -395.550 1.026
-61.986 -21.236 -396.044 1.053
-41.634 -59.510 -452.524 0.958
52.202 42.283 -312.084 0.955
37.400 35.934 -432.322 1.096
15.802 18.773 -314.282 1.081
-13.149 38.802 -469.496 1.020
-79.183 22.275 -396.691 0.967
24.283 -88.246 -412.956 0.962
28.969 40.088 -491.631 0.927
-72.953 58.452 -392.755 0.957
-49.790 30.852 -438.665 0.883
86.252 -73.268 -328.413 1.043
-17.677 -3.745 -350.030 1.157
-31.963 -96.082 -308.034 0.909
21.056 -9.127 -391.877 0.915
-62.172 56.982 -319.699 1.024
-89.748 -88.136 -377.968 1.155
-87.308 -12.966 -421.328 0.962
-90.220 -12.122 -437.655 1.065
57.740 -92.822 -433.129 0.920
7.503 -97.992 -469.721 0.830
45.613 -80.380 -396.029 1.084
62.312 52.382 -381.269 1.021
-39.954 -62.227 -339.421 0.877
67.295 -44.554 -475.174 1.143
16.510 87.065 -339.431 1.002
31.858 21.397 -411.008 0.946
42.126 -59.329 -367.982 0.939
1.641 58.343 -468.782 1.076
73.532 82.388 -432.580 1.089
-76.006 61.891 -366.867 1.145
-9.812 -51.310 -349.385 0.843
30.859 64.344 -489.220 1.115
-68.423 14.966 -496.207 1.137
-26.381 14.518 -300.814 1.027
-67.137 -14.647 -319.237 1.160
-42.325 -47.118 -492.186 0.946
-94.061 -77.681 -341.471 1.053
-98.039 71.250 -322.392 0.969
87.551 -14.610 -350.453 1.062
-25.325 72.549 -455.516 1.102
78.324 -99.390 -300.376 1.264
-81.614 16.781 -427.134 1.135
-23.044 13.145 -438.542 1.033
21.782 78.137 -497.144 0.739
-58.535 52.277 -440.727 0.896
-13.858 54.232 -470.894 1.063
35.967 -49.721 -419.104 0.940
3.887 -36.760 -417.667 0.906
79.619 40.673 -391.766 0.884
72.222 -78.235 -390.369 1.143
-36.408 -28.458 -343.271 0.874
40.981 52.784 -471.113 0.864
82.246 -90.893 -444.804 0.952
91.005 -53.042 -358.309 1.005
72.769 -19.390 -318.113 0.812
-14.428 -95.416 -400.652 0.997
-55.350 99.712 -417.449 0.961
-40.766 -36.664 -406.591 1.063
35.780 12.027 -359.509 0.931
-5.795 19.697 -319.690 0.952
38.007 -57.814 -480.159 1.094
-28.861 73.729 -333.086 0.836
-9.240 -10.393 -390.205 0.918
73.324 -24.960 -433.385 0.953
19.862 -49.277 -331.696 1.163
-4.426 -20.122 -467.523 0.985
70.139 -7.498 -398.088 0.929
57.407 -43.486 -372.152 1.095
-89.887 71.045 -375.633 0.928
-95.306 -79.334 -462.720 1.004
-93.684 -73.615 -401.666 1.098
-25.053 -99.901 -415.813 0.919
93.254 -21.966 -425.917 1.011
-59.998 6.199 -472.667 0.963
-45.689 -21.362 -482.386 1.034
50.327 96.810 -446.491 1.049
-19.305 -31.609 -317.701 1.029
61.245 -94.427 -487.268 1.073
-94.505 -83.941 -354.419 1.068
-70.830 25.599 -487.148 1.112
75.151 -31.741 -405.094 1.077
-43.466 -70.908 -308.847 1.009
-37.766 47.995 -342.477 1.007
-19.776 67.579 -493.953 0.897
22.037 41.878 -305.144 0.965
8.005 -48.509 -337.574 1.011
-46.900 3.958 -474.834 1.245
-32.404 -42.970 -493.329 1.095
22.552 61.213 -353.739 1.012
99.665 79.493 -439.430 0.888
95.419 -38.862 -390.532 0.937
63.880 74.659 -495.185 0.933
-56.122 4.608 -385.726 1.060
-26.743 -91.900 -375.422 0.924
-84.946 19.973 -387.899 1.132
1.468 -31.684 -314.778 1.015
1.084 -30.203 -375.685 0.864
-7.853 46.118 -408.468 0.904
-38.765 -93.435 -384.218 1.019
-6.654 40.683 -377.844 1.027
-0.532 76.695 -331.367 1.127
95.192 15.737 -454.673 0.798
-28.070 97.301 -498.007 0.916
-10.940 -16.178 -409.031 1.019
4.073 -3.464 -363.586 1.041
-9.477 -74.507 -419.438 1.055
-22.144 71.163 -388.407 1.036
33.210 -88.621 -426.964 1.149
11.654 11.426 -390.743 1.054
-60.453 -29.320 -380.316 0.932
-91.447 54.946 -412.335 0.967
98.392 75.876 -499.566 1.228
-53.450 80.914 -418.776 1.173
62.375 -26.660 -443.818 0.780
97.793 -87.880 -491.419 1.059
-25.584 36.970 -330.407 1.209
-64.962 91.631 -341.070 0.987
64.662 24.906 -351.679 1.174
34.543 54.861 -472.661 1.066
-65.059 29.885 -452.328 1.012
-61.882 86.819 -396.537 1.006
74.838 -25.978 -456.954 1.220
-9.367 93.467 -459.568 0.961
-68.410 34.035 -429.595 0.999
-56.426 -95.903 -406.388 0.877
-80.696 50.885 -350.958 0.949
42.887 -65.233 -340.897 0.980
42.354 -98.060 -413.015 1.138
30.142 -79.822 -348.687 0.945
-72.593 70.221 -302.075 1.045
79.043 58.311 -312.688 1.229
-69.999 65.952 -402.773 1.044
89.344 -83.933 -473.256 1.037
10.382 -87.510 -443.242 0.895
78.081 23.655 -431.323 1.130
46.208 81.821 -373.142 0.938
23.518 38.886 -494.905 0.932
40.230 -75.685 -318.307 1.209
7.026 -87.526 -471.136 1.069
-81.115 -49.078 -401.138 1.080
-64.205 -8.023 -422.976 1.147
87.078 -4.546 -372.864 1.098
-72.200 19.183 -413.829 1.043
17.079 35.943 -442.592 1.035
-43.666 45.760 -364.472 1.098
37.992 -63.700 -349.560 0.986
16.402 -36.458 -396.348 0.889
47.711 -42.500 -326.737 0.925
40.777 47.706 -387.510 0.918
-44.377 -33.365 -386.244 1.015
-13.627 45.336 -305.588 1.212
51.492 -58.096 -315.236 1.094
20.133 -45.701 -386.165 1.082
-97.048 17.504 -443.515 1.030
92.793 -4.417 -375.023 0.955
87.387 32.077 -325.979 0.997
20.316 -8.141 -355.357 0.986
-86.298 31.341 -400.042 1.066
-67.631 -41.665 -472.570 0.935
-20.257 -62.163 -452.791 0.989
-68.807 -2.191 -460.070 0.999
22.780 0.822 -421.637 0.883
-10.678 -11.648 -387.607 0.918
25.381 -32.325 -411.540 1.025
73.158 22.994 -311.128 1.045
21.436 56.573 -343.095 1.060
12.416 -55.626 -433.114 0.965
-40.622 82.576 -381.230 1.164
41.132 57.093 -446.966 0.941
-19.535 -95.017 -412.593 1.001
7.747 -39.303 -347.091 1.051
-95.774 42.508 -381.698 0.987
44.807 73.642 -370.962 1.166
94.056 23.685 -350.858 1.079
14.045 -97.985 -321.513 0.989
-61.389 -24.552 -362.450 1.058
-8.825 13.796 -332.391 1.218
-20.400 77.426 -341.026 1.055
-65.345 59.561 -398.602 1.017
-64.922 -86.700 -406.363 0.994
-97.484 -92.945 -471.105 1.077
-6.214 -1.830 -498.419 1.008
91.002 30.132 -395.056 1.077
30.911 20.948 -369.792 1.183
-35.943 65.892 -378.206 1.024
-22.190 44.413 -491.455 1.072
-45.463 -25.570 -368.800 0.877
-67.544 70.973 -495.889 0.900
35.019 -18.420 -468.773 1.059
-17.579 -93.380 -346.295 1.039
59.922 16.439 -466.840 1.017
34.302 -22.573 -337.049 0.964
-94.490 22.778 -425.793 0.864
86.169 -4.467 -339.341 1.134
-65.924 -61.806 -372.993 1.087
42.206 91.980 -342.328 1.144
78.412 -57.770 -498.652 1.104
-64.618 71.215 -440.491 1.025
38.281 75.394 -335.288 0.841
57.801 -51.552 -313.627 0.942
36.746 30.533 -482.312 0.884
41.792 13.700 -395.431 0.916
-81.646 -30.333 -424.828 1.003
30.204 24.048 -490.152 1.008
-16.461 44.557 -373.640 1.114
76.435 -90.601 -363.605 0.963
-17.504 -87.590 -420.740 1.026
-69.318 21.185 -380.513 1.243
-37.613 55.017 -334.433 0.962
23.749 -43.138 -322.452 1.078
91.650 63.873 -476.959 1.070
-82.201 21.515 -427.031 0.960
91.328 47.989 -409.710 1.205
-79.387 35.288 -431.882 0.995
-17.144 10.935 -337.198 1.057
5.219 16.494 -324.057 1.075
56.917 -37.858 -461.375 0.949
-4.730 25.607 -432.539 0.993
-4.201 87.028 -328.907 0.821
-65.272 83.808 -408.845 1.102
-69.591 94.647 -329.261 1.018
-41.260 -8.289 -323.626 1.078
-45.375 -65.420 -419.351 1.060
10.700 53.462 -331.699 0.971
-76.392 90.106 -346.432 1.043
-54.606 4.002 -432.552 1.042
-58.718 -59.323 -365.271 1.011
98.708 -82.022 -347.443 1.080
38.773 -14.842 -386.863 1.043
-38.365 -37.125 -411.027 0.907
81.798 -31.146 -387.111 0.952
0.981 80.836 -372.769 0.949
46.619 67.204 -490.360 1.105
58.192 -1.905 -406.972 1.084
63.789 -3.993 -452.469 1.030
10.836 -35.846 -312.723 1.022
67.702 -98.010 -420.943 0.894
76.757 -33.531 -364.851 1.064
-65.205 88.706 -373.895 1.011
76.427 83.562 -424.721 1.243
-10.060 44.830 -355.793 1.049
68.379 77.717 -341.371 0.947
1.423 -72.611 -420.477 0.898
-53.825 11.597 -391.766 1.110
-86.029 -61.943 -404.790 1.011
26.696 -27.114 -425.243 0.974
27.623 -54.876 -451.518 0.947
96.079 17.465 -353.538 0.936
32.663 -20.088 -450.343 0.865
73.962 39.930 -372.937 0.991
-96.670 53.180 -344.495 1.057
79.345 -51.729 -308.132 1.059
50.940 -33.319 -407.302 1.070
94.963 -89.521 -479.088 0.967
95.611 70.616 -471.255 0.862
28.574 46.129 -395.024 1.247
49.151 86.279 -478.524 0.820
-8.427 36.610 -437.701 1.071
-18.253 -81.786 -355.547 0.958
48.104 -12.735 -495.580 0.995
12.396 -57.112 -328.794 0.859
10.851 42.156 -316.598 0.973
14.186 -88.410 -323.849 1.145
-72.408 50.693 -453.036 0.931
-19.187 -80.061 -431.398 0.960
-98.735 50.147 -393.601 0.981
89.799 90.559 -339.547 0.901
42.389 6.577 -315.556 0.994
-78.090 21.464 -452.581 0.995
-41.773 66.862 -398.858 0.961
-21.692 52.827 -419.442 1.045
45.909 30.919 -456.467 1.026
-93.024 52.437 -300.167 1.015
-8.214 -13.759 -466.079 0.912
46.214 29.759 -380.761 1.234
-13.840 -72.427 -467.162 0.832
64.373 66.327 -455.012 0.994
78.285 37.085 -426.559 1.056
-78.467 -33.363 -483.202 0.883
-36.752 70.321 -302.412 1.015
-9.581 -2.707 -435.945 1.184
-33.043 -27.519 -308.324 0.863
-70.489 6.599 -354.052 1.024
30.668 -41.929 -487.339 0.935
81.220 -73.748 -322.745 0.833
71.561 -15.825 -482.628 1.032
-3.786 -52.657 -414.624 1.262
-91.918 -52.858 -483.989 0.876
52.750 37.054 -398.504 1.038
-36.271 33.432 -306.718 0.960
23.358 -95.780 -364.014 1.020
-3.166 33.638 -311.780 1.051
16.843 89.190 -391.338 1.148
4.464 68.005 -439.089 0.957
-17.154 -22.778 -443.601 1.059
55.016 -34.826 -305.595 0.996
31.420 78.420 -473.884 1.034
-35.960 64.498 -357.756 1.072
29.297 29.856 -447.698 0.976
72.801 36.544 -378.543 1.002
30.819 22.628 -400.235 0.921
21.741 78.044 -341.611 1.076
86.488 38.277 -344.620 1.048
-92.087 -21.995 -395.844 0.939
-27.096 28.088 -391.378 1.017
-9.286 65.775 -487.717 1.155
28.594 -19.739 -455.791 1.080
1.014 7.055 -388.169 0.833
-93.821 97.773 -339.463 0.970
-90.817 55.394 -443.384 0.959
-87.107 58.848 -382.233 0.874
25.124 -35.289 -395.315 1.102
94.474 11.263 -493.902 1.124
-4.662 -15.128 -460.904 1.039
-43.126 -1.157 -493.391 0.950
67.856 42.058 -394.364 0.907
9.615 -15.190 -435.998 1.150
-91.820 -16.783 -330.184 1.012
-18.466 -31.004 -462.129 0.986
-55.543 -13.207 -443.947 0.959
-16.781 61.314 -419.248 0.958
85.259 -88.005 -379.813 1.017
86.161 17.202 -439.169 0.965
41.173 81.117 -421.030 1.113
-23.914 87.303 -454.221 0.887
-31.755 -40.522 -305.408 1.254
29.446 -89.322 -457.873 0.925
87.376 -57.674 -348.275 0.986
-80.714 55.722 -354.815 0.995
13.673 -80.148 -439.897 0.935
33.214 -55.353 -349.606 0.983
-54.646 -40.489 -317.762 0.988
-29.841 -72.341 -460.846 0.966
71.021 -55.530 -436.059 0.960
21.978 49.685 -346.436 0.951
-87.520 38.683 -429.928 0.968
62.445 -82.912 -488.955 0.991
23.062 98.344 -416.601 0.933
-98.917 88.311 -429.148 1.039
-69.183 94.923 -338.255 0.722
90.786 -0.540 -476.788 1.159
-88.617 92.612 -475.240 1.060
44.731 19.127 -442.793 1.029
-32.527 55.880 -447.682 0.986
71.822 39.804 -306.840 1.078
7.703 48.077 -305.904 1.109
97.863 -80.617 -320.994 0.994
85.330 79.449 -454.698 0.921
98.010 58.770 -325.470 0.980
-86.941 -93.303 -472.867 1.049
-77.537 50.375 -355.356 1.011
-42.337 21.917 -401.604 1.148
-72.688 98.163 -405.299 1.119
31.233 59.217 -332.504 1.011
-1.639 97.678 -365.605 1.071
-36.760 19.353 -433.849 1.035
-64.244 42.025 -307.747 1.285
-9.024 -92.026 -491.649 1.194
95.104 -35.727 -455.041 0.928
50.696 20.813 -348.985 0.934
-50.064 57.358 -498.364 1.003
24.328 -21.233 -321.237 1.077
-20.491 84.311 -410.110 1.049
20.659 -42.056 -357.585 1.099
-78.474 -26.250 -425.713 1.103
-17.946 -5.125 -454.649 1.028
58.023 -88.274 -343.779 1.069
51.091 62.910 -309.609 1.077
30.431 -33.760 -456.114 0.927
-27.982 65.377 -319.670 1.025
72.292 -86.869 -312.527 0.897
8.399 30.327 -389.235 0.954
12.019 60.067 -443.759 0.884
-62.296 73.916 -498.532 1.031
-26.787 5.963 -397.218 1.091
-50.772 -90.552 -336.686 0.955
5.864 -90.135 -393.005 0.826
71.653 63.516 -392.456 0.902
-63.756 14.961 -357.703 1.108
-18.742 15.922 -445.056 1.044
47.167 -91.519 -494.019 0.998
-23.959 98.380 -361.910 0.865
7.708 -51.470 -344.030 0.931
97.475 73.188 -358.124 1.037
12.503 77.975 -461.551 0.913
35.850 -59.895 -387.432 1.222
85.501 58.827 -420.311 1.057
-77.052 -70.228 -478.480 0.840
44.526 10.544 -318.062 1.040
-47.714 42.589 -442.155 0.935
45.044 -82.189 -380.672 0.929
27.514 21.483 -405.643 1.026
96.931 59.828 -447.764 0.948
28.401 -30.011 -494.702 0.974
-40.292 -82.154 -481.196 1.124
-38.289 57.261 -479.504 0.985
-74.834 -96.489 -357.814 1.040
-46.921 63.229 -457.898 0.881
15.252 40.124 -452.532 0.967
-67.066 4.491 -329.056 1.080
-59.452 -81.412 -456.553 1.055
-68.988 -79.281 -375.673 0.988
43.102 -98.156 -497.316 1.016
-33.809 -99.934 -429.644 0.786
89.970 -55.329 -399.307 0.895
-26.909 76.114 -464.036 0.987
70.198 -62.782 -330.588 0.850
33.297 -11.706 -336.542 0.952
-9.624 -4.872 -445.921 0.864
-49.927 36.942 -312.847 1.186
-0.111 39.276 -407.349 1.021
-83.703 -77.957 -324.517 1.091
-23.562 3.401 -316.937 0.721
-81.267 25.381 -420.007 1.179
18.231 32.278 -402.270 1.028
-40.792 5.932 -368.432 0.855
-14.115 -88.685 -314.216 1.065
-29.576 -62.661 -427.543 1.074
65.467 -25.900 -332.915 1.028
61.675 91.725 -414.151 0.994
-13.934 71.227 -497.227 0.970
21.181 -53.842 -314.224 0.967
25.904 92.099 -407.254 1.056
22.264 -62.800 -492.037 1.019
-99.705 -79.921 -452.673 0.949
-25.360 54.976 -475.341 1.060
7.647 41.211 -417.588 0.978
36.155 -78.934 -396.375 0.964
-97.445 10.092 -377.140 1.052
-99.292 -65.541 -464.046 1.040
30.541 42.985 -359.996 1.052
-89.340 23.812 -318.903 0.980
52.113 81.385 -374.795 1.168
20.811 28.686 -338.483 1.028
73.874 90.029 -380.943 1.047
-43.796 52.795 -320.922 0.871
80.692 -69.426 -472.799 0.943
-4.744 13.673 -378.580 1.114
-38.639 -94.506 -461.415 0.905
-4.247 -65.027 -498.371 1.093
84.820 23.953 -483.948 0.922
-82.321 -67.065 -407.755 1.102
70.813 -9.259 -352.298 0.950
-71.483 -84.212 -457.651 0.968
43.501 16.209 -417.895 0.862
35.436 84.578 -434.412 0.971
29.042 -58.425 -335.444 1.162
-90.568 -49.007 -334.985 0.944
63.616 82.965 -337.989 0.950
-35.425 51.652 -494.686 0.901
-5.515 -86.072 -384.146 1.146
-92.992 -81.084 -476.103 1.045
67.247 71.994 -354.433 0.861
-29.938 -21.788 -429.367 1.055
-97.666 56.026 -383.149 1.056
-95.882 64.852 -456.977 0.857
34.384 -9.505 -410.632 1.112
-54.584 47.471 -329.039 0.994
-85.842 -49.149 -464.063 0.903
-62.337 14.377 -314.182 0.956
-98.769 -14.037 -308.563 1.043
-67.273 20.586 -354.028 1.193
-15.162 6.458 -471.619 1.041
62.806 55.579 -453.709 1.002
73.425 -15.290 -375.877 0.909
-87.256 -28.405 -344.323 1.053
-53.374 76.005 -368.574 0.975
-71.548 -12.283 -418.602 1.106
-61.024 37.440 -394.597 0.961
86.251 -69.192 -473.159 0.975
2.656 -49.491 -362.849 1.027
-50.859 49.558 -329.398 1.085
36.831 -30.924 -333.481 1.098
-25.799 55.807 -340.786 0.883
22.730 -83.892 -349.402 1.060
-10.663 90.977 -415.318 0.971
98.039 -91.316 -391.382 0.861
-42.256 -15.139 -385.231 1.097
55.944 -78.749 -413.683 0.975
70.771 -95.784 -414.938 0.978
-3.175 -88.481 -354.881 1.023
-7.024 74.168 -407.617 0.898
30.251 -15.442 -471.642 0.781
54.559 70.366 -389.658 1.053
-9.574 87.512 -366.382 0.910
-48.722 56.897 -301.826 0.911
54.772 50.861 -408.479 0.890
31.654 5.751 -388.428 0.942
-70.568 -38.466 -310.514 1.060
-37.861 77.021 -321.039 1.013
-30.196 43.765 -487.174 0.907
-23.978 80.360 -327.029 1.033
10.738 9.345 -338.877 1.136
58.906 42.940 -300.350 0.976
-6.364 57.008 -381.600 0.912
-26.582 -61.646 -457.858 0.883
19.752 -16.611 -346.464 0.909
18.906 -99.921 -456.086 0.896
71.200 -23.839 -372.963 1.032
92.799 25.368 -375.693 0.878
-12.635 -62.828 -432.020 0.827
18.619 99.796 -392.250 0.972
72.524 -87.935 -455.067 1.216
-22.807 2.800 -438.520 0.825
-79.243 1.959 -410.219 0.881
29.789 -90.421 -366.386 0.875
-98.975 20.328 -377.120 1.127
48.583 68.567 -490.458 1.071
-78.209 -87.502 -453.905 1.049
-60.293 -23.342 -440.784 0.908
30.633 -21.923 -360.001 1.061
79.353 -48.512 -493.499 0.926
23.703 -89.534 -325.014 0.889
-32.485 29.777 -402.103 0.925
67.975 -62.785 -344.291 1.056
-16.694 29.758 -328.849 1.124
-28.836 52.059 -427.266 1.059
-42.378 64.696 -486.680 1.090
34.629 29.846 -498.528 0.974
92.015 -24.258 -385.097 0.884
98.100 7.202 -406.969 0.671
31.161 44.127 -445.894 1.024
-90.762 66.683 -475.910 1.004
-84.399 -96.773 -462.452 0.989
-71.398 53.343 -442.731 0.758
43.113 97.581 -329.330 1.069
-66.826 70.925 -492.394 1.114
17.755 -26.676 -382.987 1.196
-81.388 12.161 -311.017 1.061
-79.079 18.262 -329.319 1.032
-32.869 -15.385 -486.599 1.030
53.180 -50.625 -441.399 1.066
-82.665 81.115 -454.099 1.099
4.417 53.156 -340.875 1.042
-19.799 -82.104 -307.761 0.940
53.674 -11.426 -420.093 0.900
29.869 21.410 -392.045 0.954
27.876 35.752 -459.203 1.073
59.063 47.824 -463.620 0.923
21.937 38.482 -324.443 1.091
28.768 -76.933 -473.898 0.950
56.853 83.323 -307.774 0.977
-31.398 -7.485 -304.866 0.970
0.636 43.426 -426.314 0.839
19.159 77.482 -417.329 0.913
-43.043 -15.718 -392.967 0.932
10.622 -15.471 -345.121 0.821
18.573 -94.271 -366.948 0.905
79.869 34.233 -484.778 1.073
11.091 98.926 -487.600 0.982
96.054 -27.965 -429.328 1.063
-43.387 -80.734 -485.794 0.921
-96.090 40.257 -343.561 0.818
1.497 7.700 -363.588 0.991
61.803 66.339 -365.855 1.037
-59.966 -71.661 -401.046 0.842
99.898 -20.046 -476.572 1.026
-71.504 -77.269 -389.790 1.212
-37.945 -54.670 -477.880 1.058
31.229 -3.870 -393.848 0.884
99.079 27.347 -416.228 1.022
73.993 -9.823 -363.343 0.955
65.266 -69.195 -367.472 1.047
-28.507 -24.199 -389.952 0.945
-83.425 55.934 -440.910 0.828
25.466 78.457 -451.268 1.096
-59.334 26.855 -328.840 0.768
4.619 6.351 -414.876 0.902
75.667 42.770 -391.259 0.980
45.738 -57.275 -393.481 1.101
11.350 -52.298 -467.940 0.894
11.758 -8.535 -409.845 1.118
52.822 16.822 -320.266 1.033
87.559 -1.536 -330.172 0.948
-16.685 -1.945 -450.323 1.027
-34.986 -69.029 -374.173 1.119
-99.417 -11.471 -385.887 1.009
-77.597 12.109 -345.851 1.070
75.672 43.896 -394.132 1.010
50.969 71.608 -451.711 0.996
-1.066 -36.695 -341.691 0.896
11.523 -83.644 -301.002 0.829
88.976 -25.336 -306.405 0.954
45.620 -58.086 -429.928 0.963
-85.717 -20.763 -448.062 1.014
87.794 -80.279 -458.211 0.861
-22.718 -47.752 -498.943 0.863
-88.322 72.437 -422.901 1.121
-97.095 -56.995 -434.805 1.058
24.479 44.636 -414.169 1.030
-35.496 -9.824 -416.436 0.774
-20.477 -88.321 -469.577 1.108
-83.840 12.294 -347.730 1.064
-34.724 78.576 -442.387 0.910
51.052 95.495 -438.450 1.017
-53.843 5.674 -429.894 1.220
66.746 63.451 -405.038 1.040
-12.736 -30.850 -462.379 1.150
31.743 -65.026 -398.326 0.961
33.669 -60.727 -335.619 0.975
95.930 14.445 -457.762 1.039
39.369 10.153 -469.615 1.151
-34.275 50.334 -498.765 1.037
15.172 -55.176 -471.264 1.035
-8.032 31.131 -470.378 1.046
8.039 98.382 -394.566 1.003
33.737 74.430 -331.334 1.096
17.989 80.567 -471.749 0.987
-50.934 -13.630 -318.927 1.159
-14.257 -67.541 -403.530 1.119
22.409 -47.607 -450.413 1.106
48.964 -44.949 -410.253 1.053
-62.327 -60.296 -392.669 0.940
49.172 51.647 -414.587 1.078
-43.877 -66.725 -348.242 1.123
-35.895 62.498 -350.372 0.961
7.133 8.150 -374.904 1.099
-80.215 -50.574 -382.880 1.025
-38.913 -17.868 -391.746 0.996
87.341 -78.771 -497.229 0.960
98.920 59.610 -378.268 1.034
-39.847 -71.388 -356.174 1.082
-7.547 -1.594 -381.603 1.159
-47.406 85.720 -415.244 1.055
-24.807 29.950 -418.950 1.096
-85.298 8.879 -465.720 0.926
-97.660 85.279 -489.555 1.064
13.151 84.280 -379.017 1.105
93.719 -44.253 -386.641 1.051
-33.863 -29.476 -316.293 1.027
41.344 80.110 -307.940 0.951
-25.775 -18.429 -472.261 0.892
-0.852 31.482 -448.266 0.834
-66.785 95.576 -470.372 1.097
-30.856 -43.411 -398.239 1.011
58.080 -47.295 -393.265 0.949
72.563 -10.433 -341.651 1.060
95.352 36.123 -475.030 1.082
-33.917 -71.452 -393.439 1.059
-68.422 -25.917 -452.139 0.934
11.925 30.512 -341.140 1.199
-2.101 -63.512 -390.238 1.140
-90.794 47.277 -453.424 1.098
15.765 -59.739 -435.762 1.070
84.585 41.081 -399.473 0.905
-74.510 78.963 -368.231 1.121
68.691 -38.799 -376.525 0.938
-57.052 -65.046 -409.926 1.260
44.344 77.183 -443.464 1.056
88.335 -59.316 -477.257 1.096
-44.237 -53.062 -383.933 0.860
-47.230 -94.287 -484.365 1.078
17.372 16.459 -361.141 0.849
68.008 4.105 -304.919 0.981
-45.180 27.454 -491.529 1.082
43.316 44.753 -491.886 0.978
-97.324 -0.511 -309.525 1.025
-59.748 15.606 -316.143 0.922
78.788 -73.995 -494.526 1.130
-56.281 88.158 -473.210 1.056
33.704 59.507 -344.578 1.199
-75.415 -3.948 -434.761 0.946
-5.341 -26.925 -341.224 0.824
19.651 -73.431 -379.039 1.030
99.318 7.503 -496.220 0.898
47.053 -97.252 -325.205 0.827
-47.752 -21.651 -381.491 0.911
-75.676 97.378 -387.812 0.990
47.266 1.644 -487.722 0.955
36.882 15.436 -388.591 1.073
-82.778 85.374 -441.526 1.157
78.866 72.315 -470.957 1.134
-58.471 -31.467 -407.337 0.912
23.406 20.046 -435.056 1.070
24.646 99.585 -495.207 1.027
81.865 -28.055 -369.691 0.956
-7.559 -41.835 -357.445 1.053
14.691 -57.303 -381.565 1.028
-32.947 22.640 -371.724 0.982
70.579 -8.077 -324.169 0.980
-14.521 77.728 -354.437 0.936
-2.973 -66.860 -450.610 0.887
92.075 20.878 -431.499 1.067
-10.331 82.006 -495.382 1.021
3.875 -67.773 -453.755 0.996
2.679 -25.694 -400.025 1.041
40.614 82.736 -368.090 0.796
-29.083 67.731 -483.752 0.949
71.456 70.361 -480.249 0.822
36.384 -64.284 -472.278 1.044
-39.890 -2.867 -440.278 1.019
84.553 -9.218 -379.379 1.034
80.417 -51.915 -498.634 0.976
-50.179 85.188 -353.982 1.104
61.281 -90.373 -350.942 1.079
73.962 75.630 -355.288 1.098
-40.374 33.880 -372.712 0.919
2.055 -66.363 -432.144 0.889
74.347 -92.102 -407.178 0.936
83.759 -38.349 -448.576 0.967
46.743 31.413 -456.243 0.812
87.939 69.541 -462.431 0.884
-76.478 -9.544 -492.249 0.997
56.472 69.712 -303.254 1.055
5.619 60.790 -460.489 1.122
49.524 45.454 -434.153 1.060
9.518 76.006 -325.652 1.007
-93.065 -50.657 -369.215 0.938
-3.556 -66.498 -424.003 1.113
-37.859 1.409 -412.661 0.787
77.791 -10.627 -476.303 0.950
-83.013 61.123 -383.776 1.043
41.950 68.042 -450.464 0.941
45.605 41.766 -440.825 0.858
71.798 19.929 -440.495 1.085
99.653 57.539 -339.385 1.000
0.659 -33.342 -437.225 1.071
85.620 -39.902 -301.118 0.942
35.329 55.548 -376.281 1.172
55.615 23.985 -342.323 1.069
6.412 67.681 -338.805 1.099
72.403 78.245 -336.891 0.741
0.375 -5.020 -486.463 1.153
-55.613 -2.708 -441.228 1.012
68.990 57.080 -494.361 0.856
65.122 -33.671 -332.045 0.823
-27.634 46.279 -499.550 0.877
87.271 93.508 -427.206 0.886
-42.137 -13.434 -411.974 1.086
-10.092 45.175 -370.653 1.151
66.850 -71.239 -414.595 0.954
69.913 27.574 -392.386 1.159
-14.418 60.750 -449.322 0.993
-51.115 -22.988 -369.114 0.912
79.339 82.653 -402.880 1.182
9.635 31.284 -404.008 1.153
60.981 95.542 -366.283 0.892
87.922 56.647 -312.784 0.955
-79.567 99.650 -423.113 1.010
-74.831 51.668 -327.289 0.868
33.072 -38.362 -391.541 1.144
33.705 -92.165 -467.063 0.932
-82.804 -85.436 -429.675 1.012
-60.850 4.165 -484.535 1.015
26.812 22.341 -366.560 0.714
30.921 -80.687 -498.677 1.101
81.764 -78.247 -476.073 0.972
-67.238 67.391 -425.099 1.091
-0.311 34.074 -371.015 1.079
78.886 5.887 -427.835 0.994
34.727 -84.154 -318.219 1.091
52.748 25.431 -354.935 1.025
14.252 22.781 -412.550 1.145
37.029 -65.990 -315.231 1.079
-65.137 37.737 -375.970 1.064
13.885 57.392 -313.842 1.024
-41.389 -42.312 -494.007 0.935
6.274 86.947 -441.819 1.015
76.902 4.197 -446.952 1.066
49.557 -93.599 -450.572 0.996
65.017 69.813 -383.774 1.102
20.890 -52.553 -337.901 1.109
68.724 16.901 -333.813 0.874
25.196 46.462 -489.480 0.907
87.437 2.455 -463.675 1.002
12.750 41.995 -378.015 0.930
-58.763 -23.060 -347.170 1.090
-9.509 -73.605 -396.823 0.830
-57.025 37.097 -429.638 0.962
90.555 75.919 -455.731 0.913
-6.633 -21.305 -479.824 0.937
-3.627 43.442 -369.622 1.007
-13.751 -46.409 -328.574 1.046
98.263 66.581 -395.952 1.024
23.685 25.227 -343.655 0.900
75.851 -3.167 -497.566 1.067
73.879 92.013 -355.481 1.156
-96.221 6.374 -388.283 1.033
-99.126 -32.279 -377.472 0.983
-45.760 -13.468 -452.305 0.971
44.788 -52.330 -373.766 1.134
-29.570 56.623 -436.450 1.056
12.635 95.647 -473.800 1.084
41.308 88.684 -317.766 0.851
-72.975 -82.608 -365.969 1.039
-28.163 -69.510 -323.612 1.005
50.396 -86.834 -466.063 0.664
4.417 -69.888 -329.677 0.984
76.306 21.665 -391.009 1.238
-57.596 -28.402 -491.659 1.059
-97.103 -47.703 -438.486 0.904
7.967 -41.773 -367.043 0.890
-42.410 51.675 -389.478 1.002
61.105 70.911 -365.726 0.967
-3.146 8.084 -358.101 1.013
82.128 -76.225 -407.325 0.965
-8.671 32.929 -305.649 0.895
10.647 42.268 -382.483 1.100
51.803 71.462 -402.602 0.886
36.387 95.577 -413.192 0.965
15.172 37.937 -401.831 1.078
32.591 48.276 -344.991 1.080
-72.449 36.421 -373.146 0.844
-48.580 -14.248 -350.714 0.982
75.303 -29.143 -421.374 0.858
99.704 50.810 -487.623 0.904
46.360 -33.710 -355.781 0.918
96.399 -3.537 -310.683 1.116
45.084 -17.837 -333.105 0.981
17.094 60.909 -328.971 1.132
-89.065 -18.391 -331.705 1.097
-62.788 40.972 -425.521 1.013
-64.833 -16.245 -330.264 1.091
79.013 47.028 -344.109 0.745
-47.870 44.645 -405.606 0.843
44.536 89.762 -384.213 1.056
-31.241 -84.925 -420.394 1.016
-87.998 92.437 -356.784 0.856
-23.771 -68.871 -475.670 0.869
80.243 -44.759 -394.098 1.027
59.278 -40.785 -444.302 1.090
-73.415 -59.181 -446.322 0.912
65.269 93.759 -412.755 1.173
-26.834 63.999 -391.967 1.030
-13.153 -88.534 -390.659 1.018
61.467 52.394 -493.981 1.063
63.727 -74.566 -396.549 0.966
-53.056 5.790 -333.840 0.928
-56.016 29.050 -326.244 0.895
-44.246 33.002 -346.536 1.009
53.314 -9.550 -329.325 0.949
-57.367 93.726 -418.486 1.118
-4.757 11.753 -398.685 0.911
-41.703 17.455 -443.832 0.977
-40.169 90.932 -302.271 1.007
-83.575 29.815 -411.059 1.041
-82.449 -29.225 -417.810 1.042
56.988 78.482 -319.125 0.750
-56.118 21.332 -439.702 0.996
10.352 87.218 -326.758 0.892
-43.859 -84.755 -327.975 0.849
19.718 -1.224 -340.060 1.008
-18.619 -89.995 -485.995 0.998
56.924 -15.159 -317.448 0.823
-51.884 -95.697 -493.862 0.990
-85.232 -71.870 -487.966 1.222
16.956 -11.958 -334.326 0.877
20.091 15.567 -477.760 1.050
-93.771 68.992 -389.463 0.897
-42.224 19.662 -451.751 1.155
39.559 -27.663 -356.827 0.952
-33.285 17.492 -426.339 0.976
-53.858 -49.113 -322.145 1.019
-50.044 36.252 -411.892 1.009
49.903 67.002 -377.623 0.834
92.897 91.586 -378.178 1.133
-15.549 -57.398 -470.858 0.932
91.042 -75.055 -464.068 1.025
-42.255 -29.059 -354.061 0.902
30.226 33.728 -486.392 1.080
83.283 71.677 -479.288 1.019
-25.887 49.973 -365.990 0.865
99.822 60.118 -453.707 0.892
89.676 -81.961 -402.684 0.897
-12.026 67.676 -409.923 0.969
-80.553 76.026 -472.356 1.066
-57.406 11.875 -435.383 0.925
-17.541 18.714 -428.405 0.981
-89.283 45.372 -369.094 1.073
31.592 54.118 -333.692 0.982
-55.457 8.202 -393.486 0.950
-8.859 14.589 -407.641 0.974
32.103 -71.750 -480.794 0.965
93.682 -70.272 -334.584 0.917
-95.284 -50.283 -353.988 1.106
60.759 -87.257 -476.247 0.862
-85.449 -12.132 -409.177 1.123
-50.836 -60.623 -317.028 1.104
30.955 53.540 -439.677 0.971
