-88.498 12.519 -323.287 1.090
63.851 -62.748 -411.838 1.013
58.344 6.377 -324.631 1.135
-73.501 -28.510 -473.517 0.715
93.566 -52.251 -375.108 0.952
93.233 -92.215 -497.150 1.026
-45.339 55.478 -435.269 1.047
-57.878 48.594 -313.588 0.995
26.191 93.246 -438.730 1.037
92.696 -3.405 -413.000 0.986
-69.072 -34.392 -395.358 0.922
-60.371 -48.798 -360.011 1.155
-72.933 41.657 -368.266 1.160
-91.332 2.666 -458.788 0.950
-94.482 -70.387 -314.488 1.044
6.994 82.733 -342.365 1.077
4.268 76.617 -372.153 0.850
-23.342 -70.176 -399.090 1.088
-62.620 13.826 -350.344 0.802
40.557 -94.364 -374.145 0.986
89.217 12.256 -309.590 1.066
90.161 12.100 -435.013 0.915
-97.614 50.875 -370.018 0.872
-96.065 -27.626 -395.538 1.122
-93.610 -26.310 -429.613 0.979
80.750 57.055 -343.062 0.889
85.336 -58.786 -355.246 0.999
-30.236 -48.897 -472.441 1.040
-91.646 -8.048 -307.794 0.803
-59.381 40.321 -384.605 0.909
20.100 -0.798 -460.966 0.848
-50.528 -89.060 -332.408 0.969
-98.278 31.741 -316.939 0.961
12.799 47.443 -304.316 0.922
95.598 -34.742 -420.165 1.031
-87.920 -3.743 -339.923 0.877
-31.791 76.100 -399.097 0.823
-94.665 13.883 -325.170 1.052
-41.490 -56.179 -438.139 0.989
-73.109 -20.680 -380.441 0.996
99.326 34.209 -393.263 1.144
-48.233 -89.839 -350.226 0.906
37.243 30.021 -425.316 0.884
42.841 -48.427 -346.148 0.993
-31.418 -1.528 -332.152 0.921
-54.183 -99.910 -472.646 1.018
-18.125 92.375 -335.600 1.022
-61.329 51.345 -338.856 0.834
-72.477 -67.450 -384.950 1.065
40.737 -14.968 -348.425 0.848
30.044 88.469 -317.170 0.861
12.985 -45.539 -394.820 1.114
-19.109 47.936 -355.084 1.031
-92.335 -4.131 -326.897 0.953
51.738 80.779 -476.383 1.150
-43.608 79.482 -391.052 0.970
-23.137 77.569 -309.868 1.088
99.758 68.138 -418.165 0.971
27.055 -96.012 -356.506 0.983
67.105 -77.695 -482.894 0.979
88.602 -30.377 -458.021 1.057
2.741 -47.339 -356.713 0.931
-43.666 -79.051 -424.675 0.787
92.943 -26.857 -311.591 0.981
89.623 -83.115 -400.562 0.989
-62.249 -95.181 -440.090 0.863
30.572 70.019 -309.248 1.052
80.397 -0.115 -340.901 0.922
-71.570 -14.156 -397.797 1.015
92.257 35.078 -428.772 0.982
-4.895 -58.896 -429.577 1.018
96.261 -44.497 -487.245 0.944
-63.847 -9.888 -402.140 1.125
74.608 14.660 -311.633 0.926
25.893 -96.998 -481.640 0.978
-40.461 -77.544 -461.285 0.965
-73.686 75.916 -431.964 0.927
42.870 -84.292 -374.205 1.059
46.297 47.463 -410.395 1.232
-40.621 -95.793 -432.398 0.927
72.046 65.064 -332.991 1.073
29.233 39.871 -424.597 1.155
-8.545 -77.924 -425.693 0.885
26.141 -85.370 -337.316 1.035
-63.390 47.260 -454.353 1.183
-81.824 92.062 -323.204 1.120
25.384 -59.046 -487.333 0.934
93.122 -49.055 -337.668 0.722
-59.952 -62.671 -392.894 1.093
72.094 -45.257 -353.780 1.010
-1.498 -64.867 -383.364 1.025
33.879 -15.389 -449.879 0.916
-81.062 -45.269 -342.693 0.811
-70.242 -4.838 -346.107 1.120
99.843 -40.853 -363.373 1.076
-94.714 -82.933 -426.504 1.105
-26.933 -98.488 -339.889 0.925
-19.855 66.883 -469.500 1.058
-79.169 -7.866 -314.480 0.986
85.686 -36.031 -461.382 1.098
79.826 28.550 -356.071 1.013
96.093 -62.667 -468.224 0.912
-48.046 -3.147 -393.048 0.959
-80.165 82.441 -499.863 0.857
97.327 57.964 -449.601 0.824
72.910 11.924 -328.797 1.308
47.583 10.437 -373.412 1.076
-50.498 -82.561 -317.949 0.940
14.028 -1.477 -398.928 1.062
-47.436 13.484 -335.866 1.071
47.939 57.772 -318.052 1.132
-41.670 44.041 -477.869 1.034
93.777 14.904 -394.174 1.032
22.161 41.484 -361.210 1.134
-23.786 32.106 -433.085 0.874
61.288 99.642 -379.113 1.020
0.757 62.316 -389.254 1.001
96.128 -97.020 -477.132 0.897
56.586 67.494 -313.352 1.071
-30.327 -39.061 -463.897 1.022
72.659 -76.017 -308.701 0.976
-31.016 -85.780 -426.532 0.919
-15.617 93.115 -361.055 0.989
84.993 -51.190 -441.724 0.911
70.676 -74.602 -352.675 1.200
-4.297 33.933 -425.418 1.118
83.232 33.195 -319.757 1.165
1.832 49.117 -482.001 0.989
99.288 24.083 -389.846 0.967
-45.198 14.548 -339.216 0.790
-95.934 -37.323 -322.424 0.981
49.554 -23.222 -342.422 1.055
-37.975 47.150 -463.213 1.032
29.296 75.768 -382.800 1.095
73.391 65.722 -338.262 1.014
42.090 -7.994 -499.704 0.957
-8.805 25.596 -446.238 1.113
69.434 -49.239 -379.500 1.017
73.379 74.801 -343.693 0.980
-78.555 47.304 -441.250 1.186
-80.871 -77.529 -406.817 0.949
23.870 86.757 -366.386 0.935
-47.878 18.215 -397.044 0.965
-55.766 60.704 -323.724 1.116
9.596 99.891 -394.524 1.037
22.403 -18.402 -353.156 1.066
44.728 -12.213 -312.719 1.028
56.517 36.834 -418.727 1.143
-22.608 15.703 -302.282 0.844
17.599 -82.928 -352.519 1.038
-82.386 50.975 -430.125 0.942
-92.209 13.826 -490.981 0.954
-87.394 -32.557 -436.080 0.947
-1.000 -28.575 -320.108 1.001
17.481 66.752 -424.909 1.235
73.730 -85.503 -430.033 1.015
-38.080 63.193 -413.977 0.978
-28.588 -79.828 -499.338 0.996
57.599 -49.131 -394.649 1.029
4.122 -54.221 -385.517 0.947
77.493 29.252 -338.715 0.928
-84.481 -98.250 -428.151 0.902
78.771 73.655 -379.981 1.081
62.161 -23.503 -350.033 1.079
12.447 -34.389 -423.695 0.997
-97.021 49.187 -486.832 0.977
-57.607 -16.761 -314.480 1.037
86.355 -76.985 -394.546 0.976
58.327 -88.440 -418.765 0.995
90.106 -7.882 -371.788 0.833
-38.335 -26.076 -374.814 1.128
-41.328 30.033 -339.452 1.028
85.282 20.592 -499.410 0.957
-97.379 74.465 -321.276 0.950
34.994 25.942 -440.148 1.047
-67.882 13.914 -441.206 1.016
-46.767 73.220 -400.935 1.175
-51.652 -64.696 -475.994 1.227
-70.376 54.890 -420.805 0.970
-70.523 -46.893 -385.200 1.030
-97.610 49.364 -335.035 1.050
-31.819 15.079 -366.023 0.946
29.220 -68.678 -466.699 0.945
-30.873 -59.183 -309.509 1.102
11.547 -56.159 -362.091 1.043
97.082 -90.618 -365.046 1.118
-47.716 20.791 -393.164 1.065
-95.558 14.533 -391.506 1.005
74.437 95.388 -374.214 0.916
-16.797 -97.213 -487.925 1.058
4.473 -37.202 -493.885 1.118
97.791 -81.360 -350.267 1.090
-95.727 22.501 -474.438 1.103
64.343 -59.975 -490.784 1.010
41.334 76.533 -358.001 1.156
-13.976 8.645 -360.555 0.972
61.979 76.173 -442.358 0.993
-96.117 4.566 -334.719 0.994
-74.229 -46.846 -450.649 1.029
-16.373 52.081 -428.136 1.148
-15.161 2.652 -356.625 0.959
-18.717 63.931 -440.586 1.174
-38.810 -15.319 -408.573 1.168
83.269 10.446 -436.750 0.939
-48.148 -47.834 -332.120 1.123
-9.349 79.262 -494.244 0.857
46.901 53.080 -478.976 1.000
62.317 -87.796 -364.087 1.100
1.574 -35.694 -491.395 0.941
24.701 48.210 -430.638 0.966
64.565 28.581 -419.026 1.031
-77.825 25.859 -311.967 1.012
-47.883 -76.431 -481.957 0.877
76.900 -71.730 -357.488 1.022
-42.327 -6.602 -489.394 0.782
-12.934 -55.088 -492.346 1.085
-40.881 67.818 -495.313 1.076
26.664 59.143 -307.412 0.823
-17.402 2.060 -368.204 0.883
-75.650 -86.093 -364.762 1.094
-43.359 99.618 -480.623 1.049
27.801 -8.724 -374.310 0.943
-12.126 -73.944 -309.680 0.935
-96.374 85.367 -431.537 1.004
-2.828 -25.957 -486.209 1.056
-75.579 -28.658 -425.835 1.067
76.117 -12.965 -470.683 1.136
-45.286 -14.374 -475.328 0.942
41.945 57.801 -386.395 1.016
-1.094 72.360 -361.838 0.786
-85.222 28.542 -399.818 1.051
26.985 -73.359 -498.981 0.923
32.867 -87.913 -446.069 0.967
74.039 -86.051 -378.107 0.997
3.814 -31.798 -312.609 0.995
61.907 56.727 -441.661 1.092
64.204 -72.765 -474.262 0.975
-82.757 -80.782 -355.435 0.995
-99.139 65.782 -425.910 1.002
-55.565 -1.595 -374.881 0.983
-30.546 -7.522 -343.624 0.886
-27.388 -76.988 -452.587 0.954
12.015 6.980 -314.944 0.905
-41.631 -28.213 -336.653 0.980
17.004 46.178 -458.629 1.036
-88.898 4.580 -499.982 0.987
70.901 51.773 -402.104 0.941
-56.961 -1.653 -451.090 1.062
-43.760 13.086 -337.958 1.052
-32.612 -44.520 -473.813 0.959
37.565 -89.850 -490.400 1.074
-65.460 -7.748 -333.418 0.909
-68.668 -53.433 -436.327 0.997
-38.427 -63.892 -466.700 1.056
78.901 -12.955 -341.827 0.973
-2.033 5.796 -390.222 0.953
23.782 24.749 -345.571 0.997
-64.525 -77.038 -374.181 1.106
67.496 32.656 -325.828 0.926
-44.555 -48.098 -304.561 0.964
88.998 -19.927 -485.355 0.870
-4.944 -67.035 -407.666 0.991
-6.272 -4.853 -477.454 0.848
-20.251 72.246 -439.983 0.986
55.275 -62.084 -496.570 0.896
-91.178 59.933 -410.904 0.904
-65.768 -10.443 -318.633 0.990
-84.027 55.173 -306.625 0.958
-22.169 -79.133 -462.283 0.885
21.662 -71.072 -326.745 0.923
-80.590 74.265 -315.802 0.907
37.133 -3.992 -493.980 0.924
98.984 68.021 -432.069 0.951
-40.217 -51.699 -383.684 1.135
-7.877 -94.533 -311.413 1.037
-25.320 44.583 -467.498 1.175
-24.417 81.331 -425.703 1.133
52.375 75.420 -418.848 0.998
-98.922 -58.959 -496.817 1.145
-2.014 -18.597 -340.445 0.911
25.361 -27.958 -302.470 1.002
-26.525 -62.599 -355.607 1.037
43.424 0.250 -405.707 1.072
12.571 -46.609 -316.877 1.054
-52.471 -17.916 -386.973 1.036
-1.367 -57.372 -447.133 1.150
33.292 -41.894 -340.781 0.950
-5.971 -51.457 -395.783 1.091
-9.273 -49.705 -435.366 1.149
59.086 -6.361 -452.395 0.904
-7.545 -33.413 -452.282 1.103
90.171 -8.552 -325.909 1.204
-0.187 20.782 -457.241 0.984
63.196 7.918 -490.754 0.957
0.756 38.330 -318.074 0.843
-58.633 19.593 -375.537 1.058
34.452 -63.427 -493.509 1.216
41.641 61.475 -331.330 0.985
-17.452 38.980 -371.462 0.976
-32.920 91.497 -341.684 1.001
-35.379 2.100 -369.387 0.937
-59.378 10.638 -365.546 1.107
88.158 72.749 -466.085 1.012
-7.967 -54.942 -489.113 0.939
52.020 22.470 -337.542 0.926
-54.088 -43.341 -422.840 1.033
-49.637 13.004 -327.813 1.069
99.956 23.318 -447.099 1.085
17.031 2.601 -354.046 1.059
-65.580 -9.713 -379.940 1.052
-51.547 -85.661 -342.981 0.928
-59.913 75.754 -491.562 0.997
22.916 -82.684 -425.689 1.001
-75.782 15.809 -450.515 0.853
13.908 -4.801 -330.252 0.791
19.074 -22.680 -486.321 1.043
-61.647 27.121 -309.719 0.982
-76.326 -32.465 -381.314 0.892
-57.580 -69.792 -437.585 1.073
-77.586 -91.489 -419.564 0.972
63.196 67.352 -346.668 0.908
63.045 65.937 -487.534 1.150
-44.158 35.705 -409.780 1.171
-55.788 -37.763 -302.792 1.003
6.328 -6.485 -468.137 1.049
-24.050 84.993 -322.602 0.856
-8.279 83.553 -380.656 0.913
7.404 53.898 -419.109 0.945
52.936 -84.084 -420.907 0.894
-59.100 -9.324 -487.088 0.960
-25.944 32.583 -432.776 0.936
-81.336 32.358 -409.894 1.104
30.034 3.774 -348.227 1.016
90.527 -26.084 -319.552 1.111
-34.208 76.179 -430.697 1.142
-1.082 52.037 -494.663 1.130
42.592 -11.855 -366.649 1.166
-46.664 21.783 -473.579 0.735
-7.754 -15.345 -453.034 1.100
65.342 99.748 -453.354 0.938
24.968 52.302 -339.698 1.109
4.622 -56.405 -376.319 0.831
-26.405 -40.367 -373.232 0.988
90.866 -60.143 -462.102 0.926
57.163 -9.685 -414.382 0.974
72.949 89.231 -404.874 1.000
-69.729 -66.888 -423.935 1.162
-39.861 1.380 -379.361 0.968
-89.745 6.759 -323.117 0.951
77.348 -78.184 -482.808 1.123
69.710 -70.269 -304.928 0.978
-43.344 58.170 -345.061 1.067
7.699 91.657 -383.998 1.032
76.339 -69.393 -423.871 0.827
-73.225 43.203 -431.820 0.933
-58.411 65.589 -322.310 0.898
78.053 95.895 -446.502 0.990
-21.992 -54.985 -383.670 1.085
31.378 14.501 -425.965 1.138
-87.543 -41.625 -438.331 0.882
56.455 -62.743 -388.409 1.097
-64.818 -15.555 -443.384 0.962
-86.039 -48.401 -318.451 1.201
69.668 -21.618 -440.396 1.077
-12.531 9.261 -472.171 0.864
-34.657 -86.965 -306.595 1.094
62.840 99.068 -460.117 1.118
64.212 75.894 -311.400 0.995
-10.057 97.504 -496.052 1.015
67.195 -89.592 -468.638 1.009
99.305 -48.707 -463.201 1.138
-69.539 33.612 -460.971 1.139
86.912 14.321 -482.168 0.918
-96.357 -49.893 -340.089 0.906
29.132 16.089 -477.166 1.026
-82.515 32.332 -356.057 1.116
-28.504 -36.622 -401.010 1.080
-79.664 -63.730 -374.203 1.119
-25.855 -94.695 -376.812 1.009
50.320 -70.430 -439.952 1.071
45.840 -63.295 -408.602 1.061
-27.841 6.381 -361.021 1.098
-72.049 83.445 -346.797 0.904
17.267 48.437 -477.756 1.041
64.250 -19.967 -304.876 1.062
15.473 49.116 -463.731 1.057
61.157 75.729 -319.429 0.856
54.398 -43.286 -427.270 1.152
-35.740 -25.603 -453.362 0.947
8.810 -40.410 -454.530 0.902
29.306 0.595 -337.023 0.806
-5.392 -48.613 -404.757 0.921
-84.255 65.423 -434.459 0.849
-96.196 -26.072 -477.016 1.095
-14.989 16.629 -360.805 1.048
-12.286 -60.609 -375.575 1.003
3.233 85.539 -468.038 1.071
-61.202 -42.957 -464.815 0.925
-21.097 -9.291 -397.304 1.015
-75.594 -88.737 -439.287 1.024
-95.233 90.123 -415.200 0.957
-38.652 95.366 -483.739 1.038
69.050 7.203 -416.044 0.817
40.809 -65.670 -457.348 0.915
-15.600 -70.221 -495.604 1.070
10.137 -96.914 -426.852 1.126
-8.169 12.844 -323.457 1.043
76.961 36.787 -399.907 0.973
-37.046 -79.118 -397.919 0.867
-50.421 33.958 -328.177 1.044
63.359 -39.561 -335.863 1.022
63.684 -54.549 -327.643 1.039
46.717 -54.255 -324.991 0.946
26.873 89.935 -449.808 0.964
60.711 68.091 -440.903 0.907
-0.057 78.136 -304.282 1.153
-7.313 -69.656 -364.774 1.147
4.758 56.149 -487.991 0.969
14.182 62.846 -476.523 0.933
-8.620 82.474 -498.078 1.159
17.317 98.659 -448.868 0.769
0.878 12.432 -443.521 1.117
66.511 31.218 -453.456 0.964
55.816 -82.946 -331.958 0.743
96.875 39.995 -351.232 1.037
-44.146 79.873 -373.642 0.941
54.585 -54.106 -325.236 0.989
-82.745 -18.411 -363.072 0.986
-20.471 -56.699 -353.663 1.064
-69.202 -88.440 -330.883 1.046
31.742 -50.057 -485.496 0.787
46.979 44.156 -498.452 0.940
-73.478 3.861 -310.452 0.889
28.969 -66.476 -327.298 1.065
-9.698 -26.443 -333.285 0.796
68.924 -10.771 -436.225 1.005
-28.807 -3.395 -314.048 1.240
62.249 -14.676 -476.340 1.104
-78.608 70.738 -339.623 0.971
-28.391 30.543 -367.832 1.103
99.703 -34.800 -320.477 1.122
1.908 -17.005 -308.826 1.052
-98.651 -13.539 -397.727 0.940
3.008 7.616 -413.758 0.989
-79.365 -43.058 -303.510 1.042
11.406 9.898 -344.623 1.057
-18.884 26.970 -300.317 0.930
15.946 -26.465 -341.015 0.980
56.471 62.634 -365.376 1.219
-89.833 -68.283 -473.224 1.234
75.542 3.384 -429.442 0.922
77.418 14.374 -408.754 1.036
-48.775 -5.930 -477.286 1.157
-72.159 26.487 -499.362 1.023
98.691 -13.048 -409.291 1.096
24.118 79.174 -367.910 1.172
4.201 35.921 -371.651 1.118
-23.861 68.720 -436.604 1.023
39.844 -10.219 -319.430 1.048
-37.618 24.546 -317.378 0.924
-99.446 87.453 -355.311 0.810
-32.413 -96.754 -370.310 0.955
95.684 -48.095 -420.494 1.088
-23.970 -80.438 -463.485 1.076
-82.587 12.324 -303.604 0.994
-41.383 -82.514 -359.125 1.100
71.255 35.017 -442.743 0.862
7.516 -15.739 -368.845 0.953
-45.269 85.334 -358.209 1.021
5.460 -98.699 -458.294 1.013
19.032 -3.120 -461.034 0.901
-14.627 -97.486 -446.339 0.905
-31.406 -37.496 -489.751 0.988
-98.336 -42.941 -314.391 0.711
-7.042 -39.342 -495.273 1.018
-85.646 93.275 -358.828 0.886
-49.599 88.674 -325.680 1.184
-43.935 -96.174 -323.986 1.057
-92.942 -55.279 -374.215 1.191
99.177 -19.992 -397.412 1.077
-95.374 -15.987 -477.003 0.843
19.500 15.689 -307.024 0.947
51.735 79.222 -313.065 0.879
61.054 10.498 -414.687 0.918
88.106 -45.860 -310.008 1.195
-47.545 80.776 -379.470 1.006
-85.718 58.798 -449.607 1.012
-66.164 62.510 -335.042 1.030
99.856 50.011 -337.541 0.877
88.609 71.483 -420.616 0.875
76.928 -46.509 -448.458 1.096
-70.384 74.191 -361.700 0.842
-34.609 64.587 -484.444 0.979
-19.299 3.657 -375.900 0.976
-7.166 -73.543 -475.151 1.061
58.098 26.111 -333.692 1.010
-24.913 -52.116 -494.931 0.993
56.259 -93.722 -322.252 0.902
0.059 70.246 -380.448 0.830
92.538 -11.208 -313.938 1.063
56.122 -63.926 -451.609 0.974
45.569 11.403 -373.029 1.039
-55.960 85.666 -417.520 0.934
56.527 -44.166 -468.556 1.056
-28.440 -38.046 -486.728 0.642
58.926 -58.810 -489.400 1.031
-49.541 -11.571 -311.556 1.021
31.712 81.484 -498.334 1.054
83.048 -0.464 -438.867 0.910
-94.795 -18.193 -486.336 0.792
-69.477 -48.268 -467.856 1.032
83.228 -44.131 -489.000 1.027
6.492 -81.930 -486.250 0.888
-20.797 -43.182 -301.266 1.077
87.914 27.895 -400.222 0.925
-96.758 81.609 -327.085 1.003
-22.491 -54.887 -494.906 0.831
-60.357 -15.643 -315.612 1.090
-76.700 -46.534 -348.401 1.104
29.064 74.432 -397.900 0.882
93.231 -16.279 -314.412 1.082
69.585 87.494 -440.182 1.039
21.298 21.968 -379.887 1.070
61.429 -46.061 -315.670 0.879
47.353 -47.876 -425.826 0.982
27.392 -66.492 -366.265 1.067
-25.587 -70.729 -407.354 0.900
-85.982 -78.115 -413.488 0.946
-3.943 -83.790 -421.817 1.018
-57.553 55.016 -412.956 0.926
81.225 56.399 -446.252 1.171
-37.186 -44.209 -491.289 0.897
77.525 88.675 -371.342 0.971
-0.558 23.172 -379.668 1.057
98.305 82.686 -376.625 0.885
-85.015 17.501 -357.641 0.793
-74.771 41.200 -463.811 1.012
84.444 -36.935 -320.781 0.809
-9.811 -57.365 -312.694 0.800
-15.788 -40.159 -428.444 1.048
58.546 49.179 -387.581 0.933
-18.433 96.349 -337.160 0.886
84.809 46.896 -360.818 0.776
-90.321 36.016 -415.195 1.025
34.188 -0.791 -403.554 0.952
-94.129 -9.320 -437.300 1.016
-46.857 81.004 -423.601 1.013
98.546 55.350 -378.266 0.857
-8.445 -38.134 -324.305 1.047
56.352 -65.314 -431.879 0.869
-49.705 5.111 -354.640 0.856
-39.719 -17.755 -346.215 1.037
4.214 64.669 -475.094 1.019
63.707 57.342 -488.170 1.101
-84.994 -41.248 -441.462 0.926
74.444 29.106 -309.176 0.810
29.102 68.847 -430.141 1.101
-29.522 59.265 -445.646 1.108
-94.707 22.906 -377.387 1.032
-20.220 -65.323 -475.108 1.095
34.578 62.170 -390.045 1.063
-63.440 -30.388 -490.546 1.004
-93.496 6.120 -379.961 0.899
6.439 -44.031 -476.152 0.896
-20.080 -57.960 -469.284 0.910
-71.462 -7.565 -435.884 0.940
80.053 59.192 -349.512 1.011
70.644 -86.477 -320.670 0.928
29.340 -41.726 -356.543 0.932
10.654 53.915 -472.826 1.193
89.418 -77.964 -397.486 0.885
3.228 -19.169 -400.313 1.032
-82.826 25.730 -342.540 0.966
82.803 -76.013 -307.070 0.825
-81.084 -42.211 -355.136 1.175
37.665 -65.298 -406.487 0.978
-83.792 -11.733 -345.994 1.086
56.475 91.138 -347.195 0.853
-39.308 -12.531 -398.780 1.025
-85.795 -32.913 -402.932 0.962
87.715 92.354 -385.254 1.011
-75.899 21.670 -389.833 1.109
98.874 -46.031 -450.028 0.979
-95.785 75.947 -432.378 0.965
-74.650 -75.285 -397.221 0.840
90.541 95.481 -478.665 0.982
19.450 27.095 -433.217 0.982
-19.410 73.414 -477.396 1.038
76.260 -65.107 -331.424 0.992
-78.342 -90.747 -353.050 0.751
57.280 -27.266 -375.456 0.925
-46.777 -70.836 -499.433 0.991
-43.349 97.493 -434.383 1.055
-33.549 82.614 -376.921 1.030
74.198 -91.494 -402.022 0.992
34.617 76.345 -394.729 0.842
75.099 98.998 -450.055 1.065
67.182 -58.123 -439.542 1.090
19.080 72.208 -385.733 0.964
82.387 -82.262 -403.775 0.984
33.401 -31.150 -313.556 0.899
-67.163 29.847 -377.727 0.943
-29.496 53.148 -320.981 0.941
-74.099 -67.723 -380.615 1.027
51.719 36.152 -480.579 1.211
-20.223 42.028 -472.122 1.041
-17.717 68.518 -363.027 1.162
49.685 -22.198 -315.007 1.121
86.116 -82.748 -442.838 0.960
-89.460 -36.139 -392.601 0.997
49.142 14.211 -400.025 0.991
3.761 65.389 -324.994 1.014
-4.920 -34.535 -388.140 1.005
61.156 -19.148 -365.539 0.990
99.195 8.992 -402.438 1.113
-21.058 7.085 -308.823 0.928
99.531 -29.815 -426.629 1.030
45.527 -22.225 -460.706 1.032
0.011 -35.161 -473.045 1.075
14.916 -8.201 -334.611 0.845
-97.307 -54.903 -302.376 0.870
61.892 -1.462 -348.141 0.886
9.160 -55.944 -365.801 0.971
-15.335 -41.213 -312.076 1.020
82.967 -5.382 -424.961 1.045
-80.045 99.929 -383.573 1.115
48.734 12.692 -373.958 1.109
-72.430 18.827 -463.171 1.030
-12.364 94.108 -350.669 1.097
-73.652 -62.802 -306.413 1.036
69.916 -3.024 -376.583 0.800
-51.872 64.861 -339.491 0.888
-11.732 -22.141 -415.546 1.127
-84.908 32.533 -433.127 0.939
-24.740 -4.245 -451.490 1.010
73.602 74.325 -483.606 0.940
34.365 -58.094 -451.300 0.902
78.118 -64.426 -443.470 1.103
70.689 -3.651 -336.283 1.109
45.736 -10.718 -387.232 0.917
67.549 -43.015 -419.646 0.996
-49.816 -4.150 -445.780 1.128
-98.992 -71.851 -417.885 0.944
-81.239 23.289 -325.175 1.111
-84.435 -48.477 -383.291 1.000
-69.622 9.027 -471.942 0.917
-27.226 -22.740 -375.769 1.077
78.250 -19.763 -364.991 1.095
-79.902 -30.348 -403.709 1.318
74.754 44.030 -347.859 1.015
99.657 -25.972 -315.082 0.828
-97.640 -21.737 -444.723 0.934
-63.289 -36.309 -437.783 1.057
-41.673 52.036 -328.876 1.005
28.354 26.543 -373.182 0.944
30.791 -4.738 -398.523 1.006
-86.304 60.996 -367.065 0.919
24.023 54.086 -316.053 1.052
9.703 -38.303 -428.800 1.181
17.456 -89.764 -439.616 1.058
-6.950 67.467 -336.071 0.859
-11.544 13.000 -322.739 0.983
-31.954 14.179 -444.215 1.215
54.724 39.595 -315.502 0.987
91.559 25.926 -421.647 1.072
21.152 93.308 -376.952 0.859
90.826 -13.656 -450.096 0.996
-58.091 -75.439 -480.805 0.930
36.288 -66.059 -375.823 0.963
74.099 -76.766 -348.034 1.042
-3.457 -42.623 -405.643 1.080
-32.986 -69.585 -351.540 0.975
86.632 -5.094 -331.504 0.891
-63.231 -97.476 -341.779 0.939
-66.630 46.055 -401.252 1.149
-41.024 91.787 -427.225 0.995
62.694 -25.539 -397.338 1.063
97.976 -73.697 -480.981 0.869
-15.879 12.336 -488.118 1.058
-42.712 29.721 -473.769 1.065
-53.197 -40.144 -474.195 1.078
72.694 -27.220 -420.971 1.107
57.907 81.474 -440.271 0.963
-39.119 94.700 -456.869 1.114
23.537 87.651 -406.953 0.880
37.276 -36.513 -445.413 0.934
7.852 30.728 -303.052 0.937
-79.509 79.998 -458.307 0.946
82.036 61.011 -317.101 0.942
-58.145 60.450 -310.279 1.108
36.316 91.709 -482.318 0.989
90.814 1.489 -389.128 0.974
66.906 -30.662 -431.758 1.073
3.406 -2.208 -382.354 0.854
-10.948 56.397 -325.987 1.075
-58.223 -2.600 -469.012 0.983
-19.354 82.191 -340.131 0.867
57.554 -12.583 -319.417 0.912
13.532 77.623 -370.445 0.991
49.635 44.047 -441.533 1.036
-69.359 44.658 -323.636 1.062
-45.083 27.650 -342.824 1.084
96.096 44.711 -337.883 1.072
55.493 85.814 -326.946 1.073
41.188 -86.432 -466.959 0.943
73.105 20.505 -448.814 1.009
77.729 90.080 -407.286 0.930
-73.181 2.171 -476.203 1.074
93.683 -68.843 -497.000 1.119
-86.980 -6.466 -369.141 0.851
-98.623 -65.665 -329.801 1.131
31.229 -8.138 -487.137 1.091
47.829 3.137 -340.463 1.007
-23.486 -58.198 -466.434 0.921
80.977 -86.330 -362.731 0.994
-25.504 16.046 -379.206 1.032
55.528 -54.966 -302.137 0.896
54.403 38.942 -473.703 1.135
-42.222 -7.375 -300.226 1.082
-19.369 -85.037 -367.816 0.973
-52.317 -11.482 -377.012 0.939
61.856 -67.822 -414.300 1.104
-62.424 -36.591 -362.451 1.065
-28.165 38.611 -340.052 0.983
14.988 -40.560 -462.353 0.940
-90.009 -68.013 -370.429 0.906
-5.956 78.805 -490.299 0.939
-75.499 12.430 -382.398 1.028
-25.812 -74.673 -406.802 0.924
50.647 -61.174 -380.170 1.041
-96.194 -93.892 -363.659 1.042
-79.611 13.217 -462.225 0.906
81.270 -10.270 -369.420 0.948
-24.192 0.585 -341.831 0.945
-21.068 -25.827 -384.341 1.104
-99.483 84.475 -484.571 1.114
57.127 76.335 -386.309 0.891
96.256 57.483 -300.772 1.104
82.155 93.122 -432.398 1.137
-49.745 86.121 -478.568 1.074
26.157 74.283 -386.938 1.142
-66.506 44.764 -304.875 1.059
-40.169 -79.714 -346.335 1.079
-97.312 -84.465 -457.559 0.816
49.618 -26.507 -441.692 0.887
-34.487 -74.264 -490.015 1.030
36.779 -51.200 -481.754 1.175
-37.318 65.265 -427.485 1.008
41.950 49.220 -303.548 1.113
-61.206 -50.863 -391.794 1.010
-64.248 -6.648 -383.198 0.929
-99.162 86.053 -493.594 0.901
-78.346 55.938 -490.004 1.111
-27.860 -22.782 -404.493 0.987
-41.338 73.882 -408.744 0.934
-9.238 72.708 -353.061 0.986
-86.693 31.214 -485.060 1.116
-59.602 -74.769 -327.969 0.998
-93.344 26.635 -312.962 1.045
26.483 73.060 -331.691 1.107
-37.321 -32.721 -337.786 0.926
-10.738 -31.535 -390.804 1.083
-70.688 -45.411 -455.368 0.887
60.148 -98.263 -407.544 0.901
-67.907 -82.969 -317.944 0.966
-57.840 -83.625 -395.420 0.873
-81.431 -25.009 -366.188 1.012
23.202 -21.026 -488.651 0.926
34.030 -63.147 -448.942 0.881
-22.037 93.917 -417.947 1.033
-28.767 49.233 -457.887 1.022
68.909 94.824 -362.681 0.934
-9.847 62.879 -377.425 1.003
53.742 17.715 -302.288 0.776
45.626 56.367 -387.719 0.954
68.255 2.277 -342.782 1.058
32.889 56.946 -301.116 0.883
25.310 41.538 -335.633 0.908
30.253 25.672 -364.138 1.051
23.127 44.041 -314.002 0.986
12.273 3.009 -484.094 0.969
-54.866 -94.719 -303.874 0.958
31.023 54.359 -328.365 1.101
-47.098 64.054 -451.264 0.895
-8.002 99.681 -475.288 1.168
66.964 72.460 -441.815 1.126
8.509 -77.930 -397.095 1.019
-9.181 54.395 -399.039 0.952
86.853 73.577 -346.739 0.977
1.423 3.543 -425.241 0.821
40.416 98.987 -461.632 1.000
47.432 44.499 -387.729 0.981
-26.244 96.662 -409.148 1.044
17.857 -28.863 -327.151 0.872
-19.954 75.081 -371.862 0.980
60.842 20.783 -483.542 0.879
-1.158 55.711 -484.123 1.029
61.870 -97.276 -494.090 1.068
-29.746 33.515 -483.159 0.907
93.326 83.487 -332.506 0.939
89.225 -34.669 -477.411 1.162
-33.896 -64.655 -372.354 1.153
-23.604 66.576 -425.063 0.799
52.013 20.577 -342.108 1.086
-51.538 -23.135 -475.527 1.122
93.583 -92.657 -482.957 0.919
-35.638 -44.716 -307.430 0.849
-73.327 50.529 -437.029 0.942
39.315 97.254 -372.156 1.030
-93.338 -82.033 -366.748 1.189
-49.778 73.845 -311.481 0.922
-9.511 14.862 -473.875 1.040
84.903 -14.090 -487.318 0.960
31.572 -39.553 -308.222 0.931
90.190 82.310 -449.665 1.115
52.984 -56.456 -490.199 1.169
7.611 2.520 -328.948 0.864
-22.174 -81.590 -396.851 1.020
52.440 28.582 -416.218 0.869
28.194 -7.317 -499.169 1.006
-77.969 -47.265 -484.673 1.049
-1.917 27.298 -475.144 0.982
-23.209 50.442 -329.673 1.057
-91.954 11.407 -328.144 0.801
34.931 -46.043 -337.850 0.994
-22.197 61.415 -480.544 1.107
96.910 -59.408 -493.433 0.762
-96.798 -48.182 -400.968 1.049
39.174 19.994 -300.385 0.882
-20.609 44.425 -472.823 1.109
94.009 34.081 -410.693 1.022
-55.061 -74.548 -310.608 0.821
-4.464 -76.437 -396.676 0.967
13.817 -50.015 -391.480 0.985
-59.855 92.198 -301.104 0.906
80.121 -44.569 -499.727 1.190
91.403 75.890 -459.184 1.146
33.223 85.013 -461.879 0.867
59.167 56.433 -405.959 0.822
-51.213 94.484 -322.573 1.093
23.697 28.180 -368.547 0.963
46.392 -97.858 -402.736 1.077
-5.012 39.087 -467.513 0.795
-32.851 44.151 -356.015 0.957
-70.383 -54.378 -326.448 1.189
-41.300 -54.707 -371.292 0.957
26.647 68.618 -341.077 1.086
17.122 -10.924 -478.823 1.020
93.392 -14.132 -394.531 1.094
49.529 61.091 -340.337 0.970
-51.021 31.969 -352.638 1.159
-91.564 -81.892 -414.194 1.015
-95.394 56.787 -451.655 0.997
19.188 -16.720 -433.710 1.030
-87.564 -2.522 -439.926 1.034
42.839 -65.821 -344.160 0.911
62.675 -48.915 -394.430 1.094
-24.399 38.336 -313.751 0.625
9.450 5.671 -475.025 1.175
-96.208 -25.683 -308.619 0.940
-64.053 51.147 -430.110 0.969
-68.628 -70.465 -445.690 0.966
-52.715 32.476 -344.497 1.073
88.679 -20.429 -407.896 0.846
-50.062 26.050 -481.468 1.221
62.458 -92.782 -483.212 1.088
-68.540 38.385 -448.942 0.942
-73.837 -69.648 -385.906 0.993
62.878 -75.812 -455.970 1.050
51.117 -30.603 -386.163 1.037
68.945 -53.750 -439.183 0.952
-84.052 83.914 -348.918 0.933
17.315 -59.706 -447.597 0.997
88.406 14.207 -347.369 1.087
59.713 -3.656 -346.201 1.015
-26.258 54.322 -346.399 1.072
91.301 -98.049 -305.176 0.785
31.102 8.061 -425.719 1.156
-74.936 -42.708 -433.558 0.993
27.952 -81.201 -315.904 0.714
27.767 -36.926 -436.514 1.001
78.355 -11.693 -370.165 1.045
-23.225 -13.729 -420.810 1.051
80.460 31.271 -483.047 0.995
-2.621 56.626 -481.150 0.872
30.962 85.759 -485.680 0.989
38.097 -63.699 -314.622 0.991
0.180 -27.934 -486.924 1.019
-79.079 63.793 -469.541 1.047
25.001 37.310 -479.357 0.989
-57.999 20.000 -352.162 1.023
0.203 6.073 -404.161 1.075
-44.717 45.720 -347.387 1.007
-69.627 27.691 -405.119 0.901
29.582 77.891 -414.686 0.911
-90.586 69.231 -339.199 1.074
-6.816 16.570 -428.717 0.958
2.826 -64.691 -469.793 1.084
58.376 -84.504 -389.860 1.019
-25.987 -85.868 -338.291 0.668
-44.409 78.660 -350.144 1.005
-5.317 73.541 -326.462 1.097
30.135 -3.539 -367.969 1.134
51.378 0.750 -485.561 1.033
-47.988 21.218 -329.935 1.009
44.402 -24.812 -385.186 0.938
21.950 4.125 -305.901 1.025
-9.860 37.590 -473.212 0.947
94.598 90.380 -314.877 1.057
-18.883 -85.098 -440.540 0.830
-56.065 68.328 -479.467 0.919
-44.917 -98.759 -476.657 0.996
-62.916 48.961 -449.496 1.085
-81.638 75.930 -469.150 0.921
-97.951 -99.057 -450.184 0.781
-44.098 70.789 -321.920 1.032
-43.028 14.551 -438.726 0.941
-22.631 39.224 -303.993 0.909
22.819 81.608 -376.927 0.944
-97.604 10.427 -399.637 1.149
84.915 -3.612 -358.407 0.928
-5.887 67.532 -361.934 0.996
92.144 -4.139 -432.301 1.017
-52.928 80.983 -419.105 1.146
-49.757 -97.704 -483.046 0.929
73.892 57.944 -410.441 0.847
32.965 54.036 -400.110 1.114
44.834 -40.409 -312.948 1.051
61.624 52.539 -353.330 0.750
29.352 -29.232 -492.735 0.856
-66.991 -91.259 -482.156 0.980
-21.619 43.541 -460.149 0.944
-54.643 36.450 -444.589 1.140
-69.805 85.144 -479.433 0.959
-78.366 36.072 -307.204 1.085
-63.003 -7.782 -499.828 0.983
54.690 -35.749 -434.241 1.126
15.745 -13.154 -415.167 1.075
-77.036 21.853 -455.541 1.005
68.774 -94.750 -405.818 1.062
45.639 41.238 -434.176 1.123
98.779 54.828 -382.511 0.970
-1.476 77.370 -346.019 0.890
-77.609 33.403 -474.226 1.066
96.181 -23.244 -408.352 0.969
-27.288 20.927 -477.602 0.883
53.951 -46.348 -327.816 1.096
-87.789 31.039 -482.989 1.010
-33.774 -47.010 -482.349 1.061
87.725 22.575 -479.030 0.884
-72.421 8.061 -418.132 0.984
15.665 -46.172 -396.286 0.946
-82.187 34.181 -386.959 0.911
19.557 3.173 -362.125 1.163
-97.317 -22.632 -411.962 0.985
65.779 90.140 -374.899 0.848
19.511 30.053 -450.899 1.015
81.763 36.614 -424.755 1.029
62.574 -67.711 -407.248 1.151
50.628 -12.805 -438.060 1.165
84.472 38.350 -351.742 0.904
48.775 24.543 -384.883 1.030
-37.539 4.009 -373.138 1.068
60.115 -26.521 -372.536 0.931
-85.501 -8.329 -453.079 0.953
43.415 -97.857 -389.607 1.149
71.867 78.378 -382.793 1.010
-63.943 72.566 -411.803 0.928
94.876 -38.696 -496.480 0.936
82.037 -14.508 -369.305 1.192
-67.536 -13.480 -476.849 1.072
-2.927 46.661 -380.393 1.100
-27.365 93.740 -314.905 1.023
67.892 61.560 -356.807 1.004
33.307 91.938 -440.927 1.164
-86.915 -11.696 -488.012 1.155
24.522 60.232 -423.414 0.945
-20.364 64.658 -340.339 0.968
-35.015 42.144 -372.668 0.919
-8.618 74.770 -419.459 0.999
-71.908 -44.809 -407.697 1.123
74.054 -87.272 -469.094 1.031
20.661 31.399 -491.993 0.950
-42.405 -94.327 -304.951 0.857
85.150 7.661 -380.711 1.051
-30.735 83.028 -350.518 0.926
-89.078 49.790 -352.247 0.881
39.208 12.565 -445.193 1.022
9.724 26.890 -396.273 1.192
-31.816 -83.867 -364.004 1.117
-16.835 67.993 -312.158 1.066
32.541 86.630 -442.471 1.122
61.863 93.242 -498.900 0.996
-65.796 -56.909 -348.138 1.059
61.724 83.682 -346.666 1.043
84.154 39.820 -496.317 1.000
-55.116 88.188 -322.003 0.902
-57.499 25.170 -443.208 1.012
26.986 73.849 -422.831 1.048
-69.907 56.350 -473.595 1.025
