-28.902 56.491 -473.314 0.969
-66.052 -9.796 -483.786 0.912
-17.632 31.858 -419.114 0.984
-93.658 78.690 -377.941 1.156
-50.618 37.603 -308.666 0.971
91.854 74.523 -380.337 1.159
29.997 -46.346 -391.788 1.090
2.443 8.748 -385.825 1.082
-32.539 76.867 -311.432 1.060
3.009 52.813 -416.581 0.956
27.479 -78.136 -382.388 1.015
-93.126 33.974 -437.067 1.139
-73.611 14.164 -342.130 0.916
84.353 50.872 -340.964 0.939
58.366 61.571 -465.746 0.912
-41.795 -51.209 -424.958 0.906
44.045 -51.871 -397.977 1.025
54.146 24.278 -406.973 0.874
-38.193 -74.413 -367.770 1.026
-79.293 -30.526 -316.508 0.922
-89.305 41.901 -485.252 0.826
-73.232 55.717 -329.404 0.887
22.469 3.992 -402.711 1.012
59.204 41.436 -475.005 0.972
87.802 37.334 -433.802 0.974
-6.918 -2.507 -415.476 0.900
8.053 1.661 -372.023 1.148
-90.654 68.519 -451.410 0.919
94.802 -65.940 -430.821 1.137
44.037 50.188 -396.519 1.040
71.096 -49.106 -403.537 0.850
-85.699 -55.700 -428.864 0.952
-34.406 -14.223 -433.036 0.917
76.826 44.353 -493.050 0.963
90.252 -72.580 -314.123 0.984
-25.967 -80.528 -389.017 1.111
-81.861 -91.903 -498.525 0.831
-49.327 -11.108 -383.172 1.059
41.625 97.310 -439.449 1.028
27.668 88.766 -492.648 1.107
-31.026 62.712 -437.886 1.051
39.463 -32.835 -323.141 0.905
38.242 67.515 -400.860 0.835
-89.057 4.948 -429.049 0.923
6.396 -26.076 -306.913 0.943
-48.944 11.158 -424.194 1.020
-47.203 -58.205 -499.029 0.839
-92.781 40.386 -399.155 0.823
85.626 -46.107 -441.939 1.010
29.814 -62.492 -466.055 1.119
-10.805 14.477 -376.932 0.950
-43.982 -97.117 -416.243 0.971
24.929 -50.420 -433.561 1.114
-45.518 -40.578 -470.512 1.092
-59.375 -31.117 -464.918 1.015
-90.183 -34.914 -394.877 0.964
-20.986 20.038 -336.168 1.155
-56.165 56.460 -465.773 0.981
79.422 -33.252 -461.040 0.761
24.793 18.183 -384.773 1.015
-22.320 -89.398 -424.593 1.066
90.001 -55.009 -320.437 0.888
-12.551 81.167 -451.586 1.117
-54.007 74.751 -490.589 0.990
31.980 62.461 -410.121 0.814
-32.118 5.468 -449.204 1.237
-18.667 -9.696 -387.217 1.084
26.039 -85.424 -374.417 0.827
-55.533 -18.132 -431.120 0.784
44.418 -47.283 -348.420 0.893
-72.994 -15.187 -409.377 0.861
-87.561 -7.162 -396.213 1.029
-36.502 97.418 -364.489 1.079
24.689 -41.735 -428.094 0.928
69.721 80.746 -341.757 0.939
17.654 37.801 -307.293 0.887
-83.005 5.815 -301.556 1.113
-31.532 -49.167 -410.826 0.981
-3.902 12.142 -328.066 0.842
53.582 -0.087 -496.653 0.953
-42.508 -51.777 -474.127 0.910
-16.933 -71.899 -313.443 1.154
-63.124 -35.431 -368.551 0.961
-27.830 -63.035 -470.585 1.063
14.363 -82.088 -367.143 0.786
70.139 -40.481 -488.701 0.745
-52.359 17.903 -321.638 1.076
-74.973 40.728 -410.800 1.082
-59.362 -18.257 -423.884 0.675
-53.839 -50.222 -468.042 1.072
72.069 57.990 -376.899 0.926
87.197 71.799 -422.381 1.032
76.735 -57.914 -421.842 0.932
-41.886 -17.014 -428.387 0.992
40.787 63.087 -399.049 1.125
26.160 -97.209 -304.591 0.905
-5.126 -18.972 -342.920 0.909
41.245 1.513 -490.301 0.990
90.726 -65.557 -303.799 0.986
-68.570 46.624 -450.664 1.028
82.982 -85.808 -442.804 0.918
-24.817 66.097 -328.826 1.024
-33.854 69.500 -434.790 0.854
55.187 4.276 -439.905 1.079
-23.058 -28.417 -400.126 0.974
-85.543 -99.170 -403.368 0.884
-57.523 34.832 -305.769 1.026
60.841 -32.234 -316.951 1.083
88.555 96.714 -345.114 0.989
-21.115 32.690 -309.325 1.006
-89.986 -62.364 -493.617 1.039
22.629 57.127 -318.128 1.054
18.445 43.977 -312.897 1.002
-24.244 48.856 -360.756 0.790
-25.231 -67.113 -403.301 1.032
52.261 -49.727 -460.827 0.950
0.867 74.290 -477.802 1.045
95.357 -23.081 -325.635 0.965
-29.494 -70.044 -456.335 1.012
21.431 -47.360 -392.500 1.010
-35.949 -94.670 -467.959 1.095
7.971 -45.236 -355.433 1.051
-28.863 82.443 -456.775 0.834
60.601 39.683 -330.176 1.080
-26.360 24.276 -466.621 0.946
-81.535 -79.695 -484.882 0.966
-71.763 48.750 -444.816 0.986
-8.399 -95.050 -322.600 0.918
-16.081 -53.036 -349.810 1.049
72.266 66.562 -394.545 0.959
99.250 -77.979 -366.205 0.976
5.739 -5.305 -386.244 0.999
-76.153 50.959 -384.355 0.951
97.387 -1.120 -419.980 1.084
-59.410 76.153 -467.614 1.011
-39.390 -54.535 -342.859 1.002
-10.828 18.854 -375.594 0.911
79.377 51.802 -353.784 1.126
-26.363 -39.784 -418.659 1.049
-95.125 -59.699 -427.543 1.133
-96.512 -94.987 -397.942 1.032
74.886 87.668 -390.888 0.871
61.194 27.913 -330.273 1.052
25.537 86.650 -371.597 0.904
51.560 52.604 -442.744 1.038
43.191 26.283 -472.594 0.989
-95.062 -39.494 -329.272 1.059
74.031 27.715 -303.611 1.140
-68.674 -14.285 -466.613 0.903
-3.305 82.493 -348.989 0.986
-64.780 15.025 -409.539 1.061
-32.832 71.466 -311.406 0.842
-40.401 63.817 -365.303 1.092
-29.168 -33.498 -476.390 1.108
87.451 -69.114 -496.611 1.155
60.891 95.334 -341.226 0.915
87.228 -57.249 -391.051 0.979
50.356 85.840 -445.157 1.099
22.246 -33.933 -324.100 0.849
-28.389 20.560 -460.318 0.837
48.199 24.272 -316.467 0.800
-0.077 97.221 -421.424 0.921
22.964 -84.944 -443.361 0.960
55.774 -66.706 -406.037 0.962
25.992 47.789 -402.475 0.915
76.694 -87.407 -417.356 0.977
-78.702 -88.087 -436.045 1.036
81.220 89.001 -435.687 0.977
99.574 -82.119 -376.143 1.024
-44.101 81.594 -341.528 0.972
-71.422 -30.828 -492.156 1.118
-46.108 59.351 -466.471 1.180
77.403 23.045 -416.776 1.028
49.172 89.731 -435.208 1.114
-76.622 36.408 -374.323 1.031
-5.007 -11.405 -319.475 1.137
-53.200 -74.461 -475.406 0.828
57.895 99.449 -441.872 1.049
63.759 -74.849 -423.758 1.236
-7.446 -70.999 -446.330 1.181
-64.539 -55.225 -400.262 1.043
91.728 -4.549 -441.675 0.867
23.526 1.670 -419.506 0.766
-22.342 -52.787 -474.340 1.069
-13.738 -2.824 -460.806 0.812
-62.297 -19.641 -470.400 0.941
-61.687 -71.402 -445.129 1.019
26.065 -8.666 -445.358 0.813
-89.097 70.303 -327.652 0.924
70.114 -44.957 -478.814 1.135
-46.547 18.530 -491.224 0.846
-11.133 -75.244 -437.703 0.939
0.972 82.620 -401.181 0.958
-40.510 -60.878 -371.221 0.875
88.092 49.730 -471.493 0.949
43.319 -10.180 -301.194 0.885
-82.105 29.956 -482.850 1.108
1.515 45.840 -469.757 0.959
45.368 -87.340 -384.897 1.221
-5.789 -6.579 -341.187 0.777
97.122 -37.199 -335.640 0.956
-18.466 -57.970 -421.778 0.970
-61.771 25.662 -303.300 1.105
58.510 -62.929 -473.717 1.056
-54.784 -22.993 -376.953 1.110
86.465 -86.790 -424.657 1.100
-31.170 -15.764 -413.837 1.206
64.758 -62.071 -383.735 0.999
-51.086 -1.974 -322.121 1.047
90.237 56.475 -451.483 0.927
58.040 -83.828 -361.340 1.001
13.778 -46.697 -463.186 1.156
-75.701 4.431 -494.562 0.955
31.790 -35.188 -429.538 1.002
7.656 -50.441 -450.106 1.155
3.307 13.719 -375.917 1.083
10.021 67.419 -322.942 1.089
-62.481 63.224 -391.972 1.001
-19.432 -41.191 -364.639 0.898
-15.305 85.109 -389.647 0.915
-13.825 -38.490 -476.405 1.055
-97.127 -79.714 -303.877 1.000
-63.269 30.584 -308.157 1.012
-37.114 60.516 -373.097 0.934
-58.980 2.272 -415.669 0.954
-30.927 -62.936 -454.676 0.945
-12.084 -84.712 -320.866 0.870
-56.975 76.479 -325.508 0.895
-20.519 15.965 -420.448 0.945
-70.713 71.993 -442.033 1.242
-59.339 51.165 -459.979 0.854
-46.227 26.923 -326.136 0.930
2.222 -94.648 -316.802 0.965
-93.043 9.367 -404.224 0.890
-58.493 15.441 -446.483 0.700
-10.950 89.903 -323.896 1.146
14.799 -87.433 -359.552 1.131
1.340 35.884 -340.350 0.978
2.896 -47.306 -359.226 1.022
17.830 35.582 -498.897 0.979
-41.851 -64.795 -431.020 1.224
81.229 12.964 -319.171 1.094
12.387 9.912 -432.839 1.131
-98.854 -11.014 -316.561 1.001
-6.188 57.984 -315.908 0.966
85.471 27.076 -444.174 1.065
-26.326 45.945 -434.239 1.331
14.856 57.005 -378.201 0.959
-62.948 -11.075 -361.652 0.928
99.968 14.813 -379.034 0.899
42.780 25.679 -395.903 0.875
76.448 64.779 -366.509 0.939
-57.254 -25.464 -324.445 0.881
50.170 78.106 -317.686 0.994
-26.820 -6.371 -357.674 0.997
-80.300 44.652 -363.145 0.997
-41.617 -25.967 -304.508 1.084
-53.710 16.677 -450.113 0.798
80.148 -80.122 -303.976 0.861
-28.663 41.502 -483.563 0.928
66.558 16.950 -454.280 1.175
-47.739 -84.516 -420.481 1.250
-67.348 95.352 -434.616 0.899
95.942 -99.447 -459.161 0.973
-61.081 -23.439 -347.980 0.987
-78.199 -70.716 -454.681 0.835
55.150 75.620 -317.979 0.839
-56.273 11.944 -468.348 0.927
-92.443 -5.928 -460.761 0.987
-63.281 -75.777 -387.571 1.017
-25.455 10.929 -457.048 0.960
-33.014 -54.640 -482.179 1.065
17.769 -12.591 -430.802 0.956
30.564 48.936 -428.308 1.000
5.023 -55.609 -403.532 1.010
-54.262 93.537 -367.739 0.984
-37.363 94.905 -477.020 1.122
54.407 40.166 -448.285 1.042
-82.216 12.694 -467.949 1.030
-34.805 60.529 -386.702 1.127
17.366 13.863 -416.243 0.916
51.225 90.530 -323.934 0.999
-58.243 42.107 -305.527 1.059
-16.878 30.800 -300.513 1.030
83.405 -82.301 -459.781 0.876
98.860 -17.377 -330.222 1.121
-82.716 1.401 -434.859 0.838
53.475 55.889 -443.295 1.042
91.857 45.445 -459.018 0.991
29.361 -20.204 -419.317 0.930
-41.992 -64.299 -446.201 0.865
-51.424 -11.579 -489.956 0.978
80.009 -69.701 -349.380 1.185
-48.431 72.216 -427.262 0.920
17.882 86.950 -465.368 1.141
8.597 -42.529 -305.893 0.895
27.132 -9.997 -388.844 1.112
-45.958 -85.393 -448.176 1.007
-73.292 12.866 -336.347 0.911
-74.925 33.010 -376.223 0.960
45.059 62.958 -377.601 0.956
70.806 -80.071 -444.592 1.049
-36.650 86.568 -434.755 1.087
6.053 -6.169 -325.356 1.033
-9.883 -68.166 -371.390 1.035
97.492 23.399 -425.342 1.004
36.432 92.939 -348.282 0.969
-60.880 -7.739 -359.894 1.145
-39.294 -42.004 -479.033 1.109
-34.094 81.631 -436.441 1.079
40.424 -90.078 -498.146 1.179
20.052 -31.232 -422.870 1.106
-2.372 98.312 -412.818 0.929
-66.585 -84.788 -460.971 1.000
52.075 -8.266 -345.889 0.795
-26.284 -78.489 -324.077 1.021
25.115 36.307 -356.293 0.932
-35.220 44.843 -420.477 0.960
-8.268 -30.590 -409.280 0.846
-91.128 -51.097 -323.997 0.830
15.347 -94.534 -461.481 0.996
16.759 24.493 -334.597 1.020
35.498 36.540 -415.607 1.294
66.897 58.818 -456.881 1.056
4.756 -80.356 -389.192 1.091
4.722 6.345 -340.971 1.068
-88.552 54.604 -373.077 0.951
99.086 -98.285 -483.589 1.053
-25.434 -99.405 -354.086 0.800
-44.090 -33.909 -459.593 1.157
-81.050 31.416 -339.186 0.856
-20.446 -53.406 -489.971 0.999
86.130 78.460 -432.661 1.042
-36.036 -68.245 -403.495 1.035
-58.500 -12.204 -483.509 1.163
-96.208 -32.220 -366.919 1.088
41.991 -5.631 -477.567 1.098
90.392 66.831 -325.791 0.906
-5.635 96.813 -450.989 0.908
72.082 -9.542 -374.699 1.043
6.195 -12.216 -380.318 1.019
28.087 -30.025 -438.981 0.856
-88.754 -59.813 -351.878 0.931
93.326 -15.375 -481.198 1.078
-38.482 -25.838 -358.777 1.236
-43.372 43.354 -399.829 0.912
-6.095 -81.131 -489.900 0.862
-82.577 -54.561 -300.206 0.999
-56.763 5.434 -446.784 0.938
19.598 28.727 -485.179 1.169
7.805 -70.130 -368.421 0.885
32.192 -84.322 -418.016 0.931
-88.673 -28.653 -451.585 0.901
90.199 -37.725 -479.171 0.702
52.887 45.553 -446.273 1.024
4.181 -90.090 -472.349 0.887
39.259 59.744 -471.508 0.967
94.825 -19.254 -430.237 1.058
-13.213 -24.861 -358.330 1.066
-78.367 -80.262 -419.705 0.977
93.367 -96.069 -476.750 1.049
57.394 63.552 -368.261 1.039
82.645 73.398 -383.782 1.188
-40.695 -68.392 -325.849 1.088
-15.727 -61.664 -401.288 0.842
11.313 -55.782 -378.661 1.015
70.091 -46.420 -383.840 1.013
5.771 81.938 -307.406 0.900
9.255 25.938 -468.286 0.840
52.942 71.631 -468.898 1.028
8.677 -36.590 -477.931 1.003
-40.311 -65.964 -335.685 0.969
83.488 -95.258 -392.186 1.140
36.173 49.261 -411.704 1.043
92.455 16.023 -478.826 1.086
-85.628 81.229 -419.683 1.024
36.334 -90.571 -441.216 1.212
-3.799 80.409 -468.263 1.088
97.775 34.241 -451.492 1.181
-62.222 73.840 -337.525 0.946
-70.003 -80.982 -335.798 0.902
34.238 -23.703 -307.893 0.919
59.004 29.954 -403.390 1.027
-72.182 98.579 -393.476 1.022
-98.216 -56.411 -322.239 0.901
-77.223 -40.995 -308.536 0.888
-20.881 63.151 -465.103 0.990
-47.748 99.685 -367.625 1.035
6.204 -42.937 -318.822 0.836
33.072 -76.244 -400.170 1.017
-99.092 -82.325 -403.192 0.848
27.850 -92.294 -442.381 0.872
89.198 47.228 -318.487 0.964
81.546 8.180 -472.779 0.766
17.810 -3.878 -377.927 1.033
68.272 -72.340 -337.581 1.170
89.888 8.475 -466.737 0.929
-59.161 -75.573 -310.924 1.122
-70.383 44.619 -477.440 1.040
-88.077 -91.529 -331.855 1.225
-7.347 61.368 -304.811 1.025
-77.238 93.545 -476.880 0.976
61.208 -58.509 -336.371 1.212
-15.267 21.580 -368.596 0.924
-78.158 -26.437 -303.477 1.017
24.712 -35.809 -475.630 0.915
48.287 -93.495 -348.411 1.048
-34.789 -21.344 -447.524 1.014
74.877 -16.883 -487.057 1.146
43.589 -74.141 -438.098 0.989
-59.083 37.487 -498.985 0.900
28.126 -26.729 -391.368 1.105
3.320 82.526 -354.706 0.962
-21.160 -45.408 -483.935 1.050
18.918 46.832 -346.418 0.994
5.645 -57.792 -323.541 0.846
33.057 66.180 -466.386 1.053
28.484 5.797 -452.180 0.886
53.171 28.981 -400.939 0.955
-62.646 6.654 -424.956 1.111
36.830 34.648 -411.658 0.981
69.514 -83.111 -306.882 0.832
74.854 -26.003 -424.026 0.974
95.313 78.758 -381.953 1.040
51.847 34.540 -420.822 0.962
34.222 90.907 -337.617 1.044
-24.894 11.798 -486.353 1.180
-56.513 60.749 -374.334 1.161
-45.761 -36.422 -352.667 0.861
35.584 -0.655 -457.632 0.944
-0.709 95.079 -336.572 1.032
-79.066 90.582 -397.145 1.115
53.101 79.186 -346.547 0.937
52.435 94.992 -464.840 1.076
-75.900 45.618 -391.136 1.003
-18.451 -9.422 -465.213 1.106
-38.244 -81.169 -411.022 0.919
1.428 -90.727 -391.810 1.019
6.407 -63.696 -303.114 0.899
73.327 -93.262 -387.090 0.885
-39.625 23.238 -351.169 1.023
62.145 65.794 -426.798 0.945
-98.703 53.000 -382.455 1.036
86.167 50.330 -345.240 1.091
-56.763 -53.814 -446.125 0.973
98.707 55.228 -400.636 1.074
-9.349 -37.049 -404.980 1.131
-64.651 70.882 -382.673 1.129
38.725 -2.086 -456.692 0.982
59.374 -0.619 -492.053 1.237
37.850 -66.327 -413.899 0.920
-72.441 75.141 -412.396 0.928
50.769 14.122 -394.606 1.020
-11.008 -58.779 -306.761 0.667
14.946 88.950 -498.994 1.012
86.194 22.639 -415.126 0.932
-17.636 45.275 -441.998 1.048
65.755 55.959 -400.320 0.891
-50.665 -80.260 -498.961 1.038
-41.343 64.098 -352.164 1.031
-15.604 -70.379 -342.609 0.964
35.981 85.433 -445.010 1.142
-49.445 -14.692 -433.192 1.161
-15.291 -32.711 -320.709 1.144
51.525 -23.383 -358.068 1.001
11.516 45.429 -472.556 0.966
35.016 -69.466 -417.255 0.983
27.678 -86.630 -325.993 0.983
-70.227 -10.874 -369.055 1.055
48.882 -75.658 -337.206 0.828
-86.792 66.843 -438.625 0.892
84.907 -66.547 -467.132 1.050
-45.924 -32.245 -381.566 0.822
-99.426 -41.883 -317.544 1.167
-89.318 -73.925 -346.976 0.782
-17.361 -95.747 -470.984 0.846
-77.737 -85.338 -462.992 0.964
26.033 40.608 -497.208 1.086
15.164 -67.730 -452.724 0.964
-28.645 -17.713 -360.158 0.975
79.024 -34.719 -384.331 0.964
58.207 -5.678 -430.943 1.022
-68.382 16.169 -324.581 0.859
11.025 81.703 -362.937 0.860
10.539 -53.496 -429.619 0.882
-26.545 20.978 -336.226 1.076
14.584 27.236 -465.351 0.923
-86.663 83.334 -437.889 0.964
-10.586 -37.877 -479.724 0.929
-71.120 9.425 -360.154 0.870
79.910 63.899 -423.861 1.006
64.098 43.607 -401.850 0.861
-44.027 -69.162 -326.374 1.046
-39.714 17.279 -418.914 1.010
-0.393 -62.140 -305.190 1.042
-3.166 -68.263 -371.323 1.065
-45.467 -79.256 -467.831 0.954
46.215 27.130 -307.680 1.111
-83.346 68.929 -310.302 1.032
-96.039 99.721 -351.044 1.070
-62.525 -47.888 -410.719 0.882
-52.594 -38.752 -385.334 0.965
-62.095 -42.819 -340.895 1.090
58.129 42.795 -307.146 0.960
3.248 90.269 -396.841 0.975
18.736 -2.110 -380.510 1.006
64.993 -91.101 -426.411 0.662
-52.171 33.466 -328.709 1.071
-34.928 -42.510 -346.331 0.855
21.171 41.267 -342.890 1.211
85.206 -27.402 -436.145 1.089
-24.308 -37.933 -309.163 1.259
-75.960 25.137 -363.186 1.111
88.248 -86.657 -449.841 1.095
-88.299 -67.773 -303.531 1.038
-88.066 73.871 -442.984 1.003
4.951 -74.416 -414.947 0.956
-5.608 -21.550 -395.628 1.123
67.209 7.581 -310.178 0.915
97.873 54.671 -356.835 0.978
35.264 -84.107 -408.465 1.050
34.590 13.420 -362.734 1.150
-95.132 -9.284 -328.204 1.063
-89.916 -69.263 -400.717 0.942
-44.175 82.030 -316.637 0.984
-19.003 -75.229 -315.077 0.930
24.342 88.840 -359.644 1.088
23.377 26.893 -393.911 0.901
-99.762 -20.442 -466.254 0.901
84.063 77.980 -497.040 1.130
-79.258 61.652 -464.184 0.858
5.363 98.456 -452.857 1.097
-86.624 12.738 -480.681 1.044
96.876 84.501 -301.267 1.116
-29.874 39.569 -444.948 0.963
-65.545 -27.809 -309.083 1.021
-6.121 60.658 -385.228 0.929
-7.487 -95.160 -355.424 0.814
71.360 27.129 -403.765 0.919
-77.977 76.905 -351.034 1.156
-43.236 -41.733 -388.598 1.117
5.924 60.933 -478.580 1.046
-29.342 -14.223 -320.299 1.071
-65.498 -12.838 -488.102 0.888
60.469 39.438 -484.048 0.947
79.254 54.038 -318.414 1.087
-91.394 89.229 -447.377 0.922
-79.133 72.779 -489.727 0.897
-14.781 -3.227 -470.184 1.031
14.476 -56.402 -430.119 1.091
-83.776 0.221 -314.299 0.933
62.028 64.056 -464.750 0.896
95.895 92.283 -470.992 1.036
-88.777 86.111 -390.268 0.922
-59.340 21.532 -325.515 0.879
-52.547 60.591 -408.836 0.869
73.453 34.999 -325.681 0.952
1.027 95.731 -340.492 0.898
90.891 -56.538 -464.307 1.034
-87.215 -31.842 -379.894 0.991
9.102 40.405 -425.958 0.953
-50.916 38.649 -420.056 0.927
-89.933 -3.279 -419.666 0.854
74.056 -49.637 -487.641 1.097
21.485 89.070 -481.719 1.231
90.846 -18.413 -326.614 0.965
-65.855 60.826 -394.270 1.038
71.946 84.999 -409.653 0.961
81.639 17.141 -364.509 0.995
96.185 30.145 -477.600 1.008
96.303 -91.797 -342.974 1.030
92.002 -14.290 -322.534 0.917
-74.863 -54.087 -443.733 0.935
-54.491 -86.636 -373.602 1.095
-46.162 -24.892 -499.885 1.064
-85.848 -61.011 -462.971 1.023
-23.833 -17.918 -306.047 1.048
36.179 80.726 -304.759 0.833
12.366 0.790 -382.753 1.071
-86.444 -5.359 -492.117 0.823
-23.964 -93.819 -432.042 1.131
-21.945 37.879 -432.086 1.068
58.951 -94.185 -327.859 1.069
-3.090 80.484 -393.777 1.055
-5.752 96.281 -386.606 0.972
54.205 10.975 -423.158 0.837
-60.172 40.722 -316.527 1.090
40.641 -13.919 -446.702 0.864
41.066 -75.137 -466.815 1.096
53.636 -2.263 -301.469 0.904
84.898 -24.932 -481.584 1.110
67.030 14.015 -371.229 1.019
38.898 89.453 -447.814 1.147
-90.586 4.263 -412.130 1.086
28.390 94.575 -379.343 1.057
-17.969 -35.939 -465.113 0.858
1.300 94.384 -361.547 1.111
-9.254 54.193 -492.315 1.213
30.102 51.570 -347.581 0.883
86.296 96.138 -362.958 0.961
36.692 -37.348 -473.593 1.012
-97.209 98.060 -339.062 0.992
62.749 50.680 -482.444 0.852
-47.015 -17.042 -335.808 0.940
27.050 58.114 -317.111 0.837
84.989 75.966 -444.164 1.032
-37.265 -25.802 -368.603 0.871
65.723 -69.298 -305.858 1.004
27.457 -6.310 -454.407 1.051
1.991 81.210 -420.102 0.917
3.832 -54.087 -342.889 0.912
-32.327 65.666 -348.582 1.034
-22.062 48.940 -301.369 1.031
-43.897 89.753 -359.934 0.937
-9.802 55.845 -406.284 1.075
91.494 35.093 -427.667 1.079
-69.938 65.504 -379.147 1.059
-60.049 -20.468 -488.140 1.117
55.945 28.053 -436.014 0.954
-49.421 37.540 -431.825 1.222
-89.053 -32.687 -302.707 0.939
-98.415 20.615 -400.537 0.914
9.290 50.035 -367.820 1.187
-78.755 -42.626 -308.023 1.121
58.635 -73.433 -411.894 0.953
55.821 -22.205 -400.891 0.854
58.050 -50.076 -393.965 1.118
49.499 49.393 -499.138 1.045
-10.827 -21.389 -471.577 0.960
-47.484 77.790 -486.072 1.049
-54.105 -31.928 -349.761 1.205
-81.157 20.500 -421.776 0.851
-14.219 -81.521 -445.849 0.699
-32.695 34.622 -379.397 1.037
42.474 22.283 -423.218 1.005
54.093 -37.944 -438.572 0.764
58.332 83.620 -363.096 0.993
17.850 -87.484 -469.937 0.949
12.712 -0.243 -401.189 0.988
-33.871 66.703 -410.805 1.008
45.507 72.145 -399.899 1.088
-52.638 48.635 -352.768 0.930
-29.553 -86.588 -389.656 1.031
-58.864 -9.560 -330.948 1.019
43.377 -95.396 -391.157 0.965
-75.883 -59.598 -404.808 0.964
-51.888 -33.476 -300.335 0.886
-61.212 80.075 -418.742 1.064
49.549 2.759 -371.577 1.278
-91.926 69.992 -349.991 1.177
1.810 -82.606 -361.597 1.238
-23.403 -24.159 -383.928 1.115
-76.761 99.025 -346.349 1.132
-80.393 79.216 -472.029 0.971
55.790 -95.797 -397.563 0.986
-44.701 -2.419 -371.455 0.989
-38.220 4.728 -391.764 0.892
17.864 -65.897 -496.764 1.274
-56.452 -87.313 -477.580 1.047
-36.560 75.064 -395.660 1.044
36.153 -73.073 -396.012 0.947
-24.032 70.310 -455.104 0.949
22.319 45.371 -409.796 1.036
9.882 -64.480 -472.752 1.144
-75.799 66.052 -433.232 0.925
-20.606 55.877 -490.730 1.142
10.426 -88.197 -425.497 0.926
75.093 2.847 -430.086 1.043
67.662 74.069 -492.237 0.895
-22.512 -40.158 -487.154 0.949
20.259 81.374 -499.071 0.916
79.732 -60.350 -395.068 0.985
35.082 -53.328 -359.244 1.047
-29.152 92.769 -441.207 0.790
58.574 2.374 -425.064 0.802
18.021 10.004 -353.073 1.014
-11.701 38.986 -300.200 0.908
47.949 67.992 -368.024 1.042
8.938 -15.933 -410.622 0.866
28.815 8.717 -445.010 0.988
-58.499 24.854 -305.884 1.165
42.353 97.803 -451.533 1.222
80.501 -21.259 -306.870 0.944
56.300 -4.720 -439.436 0.942
-0.568 15.870 -467.358 1.104
-57.883 -16.224 -302.964 0.971
-38.667 12.741 -378.936 1.096
-39.695 47.646 -307.247 0.991
49.158 -36.707 -308.460 1.050
41.234 -87.883 -376.478 0.991
41.699 -3.162 -332.500 0.886
13.227 -30.704 -402.973 1.029
12.786 -39.704 -371.176 1.102
14.799 -94.395 -465.569 1.098
25.221 18.904 -464.283 0.930
-20.416 56.303 -432.315 1.038
-74.368 -82.547 -412.923 0.977
37.467 -21.229 -481.845 0.857
-25.467 -27.323 -343.614 0.996
53.591 98.776 -473.331 0.998
-81.748 23.344 -445.280 1.112
91.520 39.567 -324.815 1.042
-28.119 19.527 -332.009 0.958
45.586 22.280 -369.937 0.992
-72.423 7.995 -338.283 0.955
91.778 -69.639 -306.595 0.970
-61.579 -36.268 -396.172 0.965
99.607 75.807 -360.747 0.795
67.480 73.899 -313.454 1.116
78.080 -14.897 -348.567 1.054
41.458 -13.569 -493.702 0.921
36.529 22.219 -344.071 0.983
-72.927 -25.187 -390.096 1.046
28.722 26.652 -353.835 0.907
0.808 48.473 -358.572 0.893
-69.421 80.869 -335.852 1.107
-74.654 -84.599 -406.061 0.908
68.522 28.170 -393.214 1.040
-41.954 31.107 -474.086 0.998
58.426 -78.067 -499.975 0.741
70.582 27.425 -426.998 1.053
54.950 -21.642 -393.035 1.043
73.839 -66.482 -341.145 0.931
28.089 48.829 -301.353 0.918
-99.577 -5.137 -409.165 1.008
73.187 67.704 -431.959 0.925
49.834 57.520 -353.491 1.051
-17.662 -96.293 -421.987 0.913
-18.798 60.159 -458.219 0.980
-79.282 -54.076 -330.112 0.849
79.151 -10.049 -374.970 1.000
-96.401 -69.242 -373.917 0.941
-13.583 80.970 -469.345 1.149
97.184 -27.070 -324.964 0.983
54.802 -82.084 -385.413 0.854
-79.125 -87.348 -485.150 0.860
64.016 -87.815 -324.032 1.153
62.356 34.048 -410.153 1.049
-77.654 -59.734 -320.815 1.022
12.020 -10.701 -440.063 1.076
25.140 97.125 -375.190 1.028
-65.570 -4.991 -332.747 0.911
-40.523 61.645 -358.871 0.866
-86.630 9.771 -463.743 0.843
-64.202 67.293 -336.890 0.668
-82.125 93.529 -435.440 1.167
-38.469 -11.494 -331.814 0.945
47.000 -54.759 -492.772 0.870
-56.974 57.572 -445.692 0.963
82.017 -29.009 -453.996 1.013
-66.917 -67.925 -414.040 0.965
27.266 96.781 -490.455 1.040
-16.815 -32.897 -439.681 0.987
59.055 -45.419 -334.500 0.990
-13.333 23.356 -454.233 0.901
5.578 4.757 -455.113 0.960
-11.649 -5.414 -479.851 1.032
-66.821 -82.495 -401.066 1.093
-39.935 87.994 -384.037 0.878
63.586 -70.757 -456.809 1.156
-40.762 -47.596 -347.555 0.941
-2.732 78.249 -491.727 1.034
-45.852 -21.849 -326.456 1.119
-5.935 83.322 -467.986 0.887
52.868 38.198 -459.419 1.022
45.112 37.179 -405.739 0.814
-58.910 -14.181 -497.157 1.020
-5.068 -75.429 -421.833 0.989
-2.254 79.570 -373.035 0.892
49.393 98.643 -385.836 1.018
-37.425 56.649 -417.649 0.936
85.892 51.591 -431.936 0.964
-84.365 -38.847 -451.247 1.067
23.622 8.205 -349.978 1.029
-94.876 42.753 -436.801 1.156
7.084 -44.899 -384.102 0.941
23.723 -93.406 -495.562 0.834
20.051 -30.462 -483.367 1.027
-15.383 -65.837 -486.593 1.150
-8.899 -89.656 -396.363 1.092
78.129 54.254 -412.171 0.846
23.331 -45.640 -465.581 0.823
-67.918 -3.501 -308.491 0.931
90.552 98.572 -441.023 1.097
75.424 42.223 -479.406 0.906
-34.498 19.020 -364.114 1.051
25.387 -77.490 -321.800 0.854
-65.752 -1.782 -313.814 0.957
74.360 79.875 -440.245 1.025
17.159 58.209 -488.259 1.085
-60.823 -84.554 -480.282 1.029
23.807 0.685 -494.806 1.092
3.538 80.693 -459.778 1.071
-42.768 77.758 -455.661 1.105
-54.131 70.444 -447.367 1.136
-54.566 28.207 -461.123 1.002
6.120 -82.599 -478.119 0.972
-73.673 15.837 -391.983 0.986
10.371 69.465 -476.429 1.017
44.465 37.304 -357.425 0.831
-13.339 -85.816 -347.159 1.007
-15.827 21.044 -416.296 0.904
63.885 40.800 -467.061 0.878
38.990 -75.845 -390.144 0.834
-8.082 -2.347 -496.892 0.998
-46.441 92.610 -393.690 1.094
-47.932 -34.040 -359.971 0.926
10.223 98.169 -394.421 1.137
-35.887 -19.613 -380.753 1.002
-10.963 37.626 -376.901 0.943
-77.466 4.542 -463.353 1.071
-6.453 38.100 -309.332 0.948
-54.429 37.252 -389.806 0.898
-69.571 16.691 -348.517 1.013
42.465 -11.569 -497.083 1.089
33.923 79.640 -340.594 0.848
-34.365 -63.557 -457.072 0.979
83.755 31.068 -337.173 1.196
-40.782 16.710 -371.758 0.955
-58.282 48.222 -379.230 0.926
65.212 -70.388 -489.669 0.724
6.607 23.569 -359.732 1.131
-34.977 20.992 -350.486 1.075
-10.466 -46.128 -415.196 0.913
-88.721 -80.481 -391.876 1.018
-30.647 96.008 -406.426 1.048
-44.112 35.903 -403.056 1.177
-29.379 -88.194 -330.376 1.055
-43.363 11.758 -453.543 1.029
-59.098 -65.477 -325.318 0.820
32.031 -66.408 -454.424 0.941
-58.571 5.799 -364.720 1.028
-32.589 74.526 -344.976 0.949
43.665 -93.195 -449.154 0.861
25.294 -64.010 -348.326 0.962
19.981 65.664 -362.462 1.123
-74.651 64.535 -477.565 0.917
-48.809 -83.777 -425.080 0.925
12.768 -88.785 -305.343 0.938
38.322 -90.500 -380.366 1.051
99.631 25.110 -328.133 1.028
23.496 -46.695 -388.299 0.962
60.021 32.002 -499.411 0.926
63.798 -50.660 -472.847 1.146
-12.174 38.807 -453.065 0.970
-40.832 56.493 -496.294 1.049
33.115 -54.395 -421.693 1.130
14.282 -88.019 -349.962 1.036
-87.199 46.051 -494.454 0.902
-73.303 56.984 -455.643 0.876
12.693 -72.412 -318.239 1.065
5.508 -48.706 -363.548 1.105
70.692 35.571 -420.459 1.161
-68.839 -95.347 -486.516 1.009
-41.633 -90.130 -422.285 0.908
77.164 39.998 -398.658 1.093
-64.241 56.385 -473.781 0.926
88.857 72.542 -493.008 0.836
-18.063 80.749 -464.317 0.965
69.549 49.079 -399.012 1.061
92.782 -85.465 -462.368 0.871
-80.844 -37.586 -423.358 0.884
-32.931 35.208 -399.230 1.037
-40.287 52.962 -313.198 1.076
70.480 -40.936 -341.414 1.100
7.904 10.993 -402.179 1.189
-67.903 -64.996 -410.489 1.048
-15.428 -65.477 -444.954 0.997
-79.641 -38.879 -472.618 1.027
-84.414 -64.899 -329.990 0.907
-55.903 -75.978 -335.586 0.980
-91.205 -56.482 -413.331 0.959
-14.212 -49.240 -399.797 0.923
17.178 51.727 -357.581 0.905
-11.252 -17.727 -379.243 0.960
32.373 -73.704 -340.510 0.953
-37.369 49.047 -340.500 1.039
65.414 -64.911 -335.487 1.047
-14.297 3.519 -351.402 1.014
-58.484 2.125 -463.963 1.071
-45.054 16.897 -384.688 0.935
-75.163 -6.983 -399.384 0.917
51.792 -58.866 -303.233 0.876
29.508 -36.207 -378.359 1.054
-52.502 -62.552 -423.341 0.905
24.783 60.347 -320.585 1.002
90.181 -3.217 -309.672 0.883
-20.960 26.884 -413.655 1.140
-97.208 48.469 -487.437 1.038
-70.203 -85.173 -433.064 0.926
-7.865 95.092 -378.188 1.025
75.923 58.713 -497.836 1.105
62.398 44.900 -370.268 0.889
30.019 18.483 -403.805 1.160
-27.893 -44.545 -442.987 0.976
-80.723 83.062 -376.851 0.998
91.691 15.689 -366.008 0.899
16.879 -26.602 -492.971 0.981
76.360 74.817 -351.214 1.178
43.994 -51.354 -465.555 1.284
-88.046 -50.893 -391.456 1.219
82.203 95.004 -433.006 0.870
-19.536 -18.065 -401.096 1.115
24.679 -53.073 -453.295 0.966
28.750 92.340 -318.168 1.096
-85.094 -47.474 -483.240 0.901
7.339 -29.320 -407.655 0.949
44.424 -5.693 -354.682 1.028
-14.582 -51.468 -435.467 1.143
-25.505 78.718 -383.989 1.036
-49.491 60.155 -330.522 0.960
-51.774 8.367 -343.570 0.882
-7.754 81.457 -358.044 0.899
-20.803 34.194 -437.179 0.958
26.617 2.430 -492.375 1.200
55.469 7.630 -388.204 0.984
78.448 -53.966 -375.804 0.902
40.450 27.730 -430.449 1.011
51.084 -64.404 -460.593 0.842
13.674 -86.895 -363.021 0.918
14.548 -60.895 -416.932 1.082
-75.843 -79.496 -397.940 1.050
71.381 17.279 -360.516 1.060
-65.994 -55.656 -464.656 1.059
4.536 -61.270 -371.611 1.307
-83.739 36.192 -378.181 0.891
-11.567 -56.988 -463.686 1.109
-64.984 -65.651 -339.150 1.035
14.318 -41.939 -424.359 0.999
-18.463 -53.108 -372.845 1.165
-88.631 96.572 -407.112 0.896
-93.916 -88.692 -386.308 1.104
-4.287 66.996 -420.588 1.041
-41.168 65.114 -428.743 0.874
33.186 87.728 -431.525 0.995
-63.623 96.530 -345.880 1.018
31.004 -1.815 -414.288 1.109
54.935 59.954 -430.334 0.984
88.246 54.632 -460.119 1.146
37.572 -11.579 -412.732 0.849
-97.233 3.555 -432.658 0.868
58.639 -33.798 -457.035 1.108
-88.309 81.231 -467.302 1.012
-77.531 -5.368 -473.857 0.868
57.658 4.890 -392.856 0.984
-63.986 97.024 -311.362 0.984
63.461 -14.497 -498.076 0.904
92.319 -40.225 -455.385 0.942
-58.228 -90.046 -301.905 1.058
-46.396 -86.333 -320.648 1.081
-86.990 25.344 -341.555 1.079
49.285 1.623 -328.026 1.027
34.393 0.394 -479.402 0.892
-89.912 65.926 -361.365 1.073
-36.799 -42.702 -381.277 1.092
-69.017 -5.901 -339.635 1.122
76.747 7.279 -361.042 0.922
-27.081 4.388 -375.007 1.002
54.482 70.607 -349.710 0.873
56.297 -78.895 -330.449 0.874
-27.293 -85.989 -458.682 1.078
-50.073 85.299 -318.798 0.950
36.007 12.635 -363.374 0.982
24.124 -28.217 -413.821 0.845
96.041 -83.189 -365.473 0.872
32.115 -60.971 -491.226 0.942
53.127 -96.104 -389.945 1.044
85.348 -89.382 -459.718 1.148
51.708 -21.804 -425.780 0.925
-15.948 51.453 -431.077 1.106
16.489 43.272 -399.702 1.130
-82.952 14.487 -388.975 0.807
60.819 34.060 -326.691 0.995
-47.185 -24.152 -360.163 1.051
-1.670 -92.358 -440.360 0.993
-78.222 23.202 -372.774 0.864
21.019 -87.916 -400.157 0.902
16.430 18.390 -338.180 0.920
42.020 88.732 -301.441 0.953
-36.148 82.483 -411.561 0.844
-62.243 14.694 -459.995 1.061
97.933 65.348 -412.447 0.861
43.994 -73.159 -352.516 1.079
87.701 16.413 -316.068 0.948
-85.325 89.001 -443.277 1.000
-48.516 20.018 -335.616 0.877
19.787 86.916 -404.207 1.019
15.419 0.391 -365.975 1.146
-28.399 -56.457 -365.929 0.920
-93.561 -12.097 -325.745 0.799
-74.542 -70.763 -425.458 1.140
-66.998 -2.144 -362.495 1.028
-92.414 -88.486 -391.841 0.997
22.976 76.181 -413.602 1.054
31.446 -31.557 -384.533 0.959
-25.290 -23.972 -333.856 0.923
-31.547 -35.808 -358.523 1.140
-30.798 4.372 -463.159 1.061
59.539 75.858 -430.975 0.905
0.863 -18.732 -336.852 0.969
