-65.229 14.045 -427.002 0.946
2.048 57.360 -381.984 1.151
33.721 -76.351 -412.359 1.036
-37.031 -29.019 -329.355 1.036
-20.940 30.353 -459.883 0.942
-0.116 -70.093 -349.122 0.961
-30.003 -80.775 -329.186 1.065
-42.781 -26.536 -327.213 1.042
-88.993 -99.635 -307.303 0.877
95.749 17.943 -339.920 0.834
9.583 72.926 -494.602 0.904
5.316 -92.755 -322.019 0.872
13.652 13.333 -489.241 1.161
-15.382 -89.069 -341.168 1.031
52.639 -92.604 -460.485 1.036
-39.119 35.225 -342.161 0.870
-63.412 78.475 -464.813 1.244
8.233 -33.928 -351.638 1.155
44.395 86.761 -448.006 0.965
-11.977 -66.061 -463.056 0.980
98.240 31.052 -315.999 0.970
30.364 -76.623 -345.523 0.882
-12.671 16.917 -393.816 1.089
-69.081 64.736 -381.773 0.926
75.452 -48.398 -411.621 0.892
-70.231 -9.763 -334.951 1.172
-94.378 -6.983 -390.364 0.973
-58.473 78.962 -494.896 0.911
6.275 -46.009 -494.848 0.990
-10.298 -67.345 -379.539 0.830
64.885 7.389 -333.353 0.974
-90.316 39.154 -307.883 0.935
42.244 -12.859 -376.217 1.040
55.756 9.073 -386.071 1.238
-33.501 -33.526 -428.116 0.772
22.197 -58.351 -318.920 0.911
43.536 -96.052 -354.940 0.910
-35.826 1.077 -434.954 1.205
34.102 -51.695 -461.218 0.958
-7.639 -12.534 -356.804 1.060
65.150 10.251 -472.865 0.980
-2.333 -68.174 -437.388 0.936
7.190 -10.328 -343.101 1.076
-42.829 14.525 -419.302 0.997
17.588 25.888 -395.422 0.975
7.355 -81.858 -417.589 0.942
32.442 37.358 -469.602 0.909
50.818 66.300 -313.411 0.668
66.186 57.112 -324.909 1.069
47.121 -35.508 -405.166 1.051
31.109 -95.079 -351.281 0.793
95.270 -62.053 -438.959 0.956
0.906 34.590 -404.695 1.060
7.286 -50.966 -383.179 1.102
87.101 -9.425 -449.581 0.973
-92.801 -3.196 -383.553 0.979
13.418 22.447 -382.307 1.101
28.413 43.185 -340.830 0.998
94.341 -95.470 -420.529 0.983
-1.157 12.640 -345.588 0.893
59.130 -18.154 -362.085 1.041
51.805 -67.289 -479.663 0.879
33.097 6.656 -494.607 0.909
-17.467 67.612 -332.338 0.863
-35.060 95.324 -318.557 0.995
-44.765 7.297 -425.561 0.955
-32.242 -26.976 -497.197 0.787
-41.244 -20.579 -462.839 0.939
-12.447 -6.426 -449.408 0.978
-26.297 -12.971 -454.235 0.995
-96.604 -79.384 -460.699 0.931
65.083 -13.979 -305.582 1.000
-44.687 -93.230 -306.063 0.963
-97.171 57.871 -432.892 0.918
0.190 11.169 -494.304 0.980
90.531 49.812 -434.716 0.879
-9.188 89.469 -348.912 0.999
93.319 -96.269 -423.638 1.127
25.396 -80.253 -397.269 1.015
-37.972 36.803 -327.323 1.129
-25.048 63.001 -406.260 1.079
68.082 -47.505 -464.971 0.933
-37.327 -19.730 -488.349 1.058
-13.594 -97.449 -348.687 0.960
34.270 42.020 -366.544 0.970
80.200 -99.648 -400.601 0.849
13.089 -9.683 -324.407 1.011
76.742 7.299 -382.194 0.894
-7.247 -32.577 -386.154 0.856
-96.427 -51.956 -454.762 0.941
-50.611 58.723 -482.407 1.072
-58.952 -97.264 -414.265 0.961
10.471 76.781 -427.855 1.081
44.520 51.068 -385.581 1.220
53.985 -32.974 -315.979 1.057
-67.153 -15.280 -407.440 1.017
56.726 24.773 -326.124 0.965
72.637 3.965 -436.147 0.794
-66.420 18.515 -358.555 0.991
-60.799 -84.460 -335.528 0.968
33.995 42.481 -357.796 0.952
-62.159 29.724 -420.865 0.979
-55.589 87.002 -393.361 1.042
68.500 -33.920 -326.630 1.023
-10.026 91.395 -399.567 1.137
-85.206 -38.984 -416.678 0.949
72.392 -81.231 -318.401 0.996
-76.262 -10.415 -438.176 1.025
-95.744 -2.552 -337.070 0.947
62.696 95.548 -454.759 1.015
-81.915 -51.314 -441.813 1.145
7.075 -31.351 -445.846 0.866
-38.059 80.843 -341.075 1.052
78.229 -73.497 -479.922 1.043
-96.833 -89.087 -400.190 0.882
29.318 -4.530 -323.917 0.907
34.162 82.290 -421.274 1.185
-13.310 -80.424 -422.992 0.957
53.376 -82.380 -409.756 0.989
-78.944 18.703 -338.932 0.904
71.249 -83.158 -386.609 0.812
41.315 95.367 -350.762 1.113
26.221 -64.156 -350.467 1.036
46.166 2.888 -484.594 0.937
19.303 91.989 -332.868 1.076
-97.778 60.018 -302.016 1.066
-46.032 -93.672 -377.993 1.081
41.730 93.325 -343.930 0.884
73.239 -64.439 -377.961 0.827
56.917 -93.845 -349.820 0.924
-36.428 51.321 -354.181 0.921
-98.156 -75.365 -300.301 0.999
8.871 62.221 -371.988 1.134
-69.940 -48.176 -390.687 1.073
-61.670 94.305 -428.958 0.905
55.644 -5.408 -456.347 1.119
-37.267 -62.653 -405.723 1.095
-93.384 -99.108 -366.180 0.937
-48.515 -92.913 -402.022 0.854
30.640 -7.287 -314.374 0.988
56.704 -73.599 -404.455 1.049
-48.188 50.511 -457.232 1.111
22.828 -66.292 -452.588 1.053
76.043 -35.939 -387.030 1.039
-79.223 -3.759 -344.454 0.866
-12.531 -5.943 -395.103 0.967
-93.956 51.858 -487.845 0.917
-34.307 -49.434 -466.348 0.976
99.305 49.729 -302.624 0.883
79.349 61.162 -357.984 1.071
-83.043 96.301 -426.909 1.159
89.253 -14.539 -337.756 1.101
64.868 -2.185 -314.077 1.009
-45.029 -25.932 -428.639 0.986
3.484 -59.140 -315.400 0.954
-86.151 -64.898 -410.268 0.984
17.260 72.806 -364.532 0.925
23.725 49.335 -344.490 0.967
-62.643 -23.748 -417.872 0.897
93.467 -51.231 -315.952 1.089
-93.249 38.196 -434.427 1.145
-75.397 -73.855 -396.425 0.881
-29.535 17.256 -497.834 1.138
-58.533 26.187 -383.995 1.131
-15.004 -2.225 -352.420 1.111
-52.580 -29.217 -306.012 0.885
13.642 35.753 -326.916 0.878
66.540 -55.326 -473.588 0.856
89.677 -48.951 -456.004 1.061
-27.795 -18.996 -385.512 1.066
-50.183 -81.639 -320.313 0.979
92.571 35.068 -313.289 1.051
39.487 -78.712 -405.107 0.827
-52.771 -30.394 -413.156 0.994
-25.974 86.819 -471.384 1.014
-58.412 83.239 -349.602 0.967
-97.460 69.447 -367.279 0.966
-38.753 -77.395 -483.645 1.060
-34.651 48.525 -365.411 1.060
-86.328 54.613 -331.280 1.155
-56.406 80.054 -314.906 1.010
-64.438 82.197 -412.894 0.835
80.421 57.862 -357.049 0.960
-3.742 -27.448 -355.485 1.192
-32.594 -32.752 -362.995 0.894
-29.732 -65.548 -417.681 1.150
-35.056 -31.046 -442.828 1.227
-52.813 -71.270 -473.756 1.132
19.612 8.146 -396.695 1.040
80.206 -17.261 -418.112 1.091
-23.659 3.508 -390.819 0.973
40.523 63.076 -338.328 0.942
-22.828 95.274 -391.344 1.182
-32.371 -88.014 -345.263 1.081
97.440 81.112 -326.309 0.953
3.793 74.295 -344.853 0.952
-98.021 -20.038 -499.109 1.089
-99.257 71.610 -420.995 0.836
37.444 -86.387 -418.240 0.801
40.171 -2.024 -367.018 1.102
25.228 22.955 -487.742 1.025
-27.049 61.896 -465.021 1.119
43.270 -63.373 -456.307 0.873
24.329 -90.669 -472.169 1.037
94.044 -71.769 -485.042 0.978
4.575 -69.725 -347.842 0.902
-0.448 -97.143 -482.142 0.991
-53.259 -15.127 -372.905 1.148
-72.874 30.641 -459.644 0.977
58.335 -21.408 -489.865 1.022
36.294 -7.801 -349.688 1.150
-10.212 -2.458 -479.386 1.141
74.245 -67.335 -431.103 0.937
-35.578 -74.297 -417.833 0.850
-99.950 -91.590 -416.829 0.914
47.819 46.481 -341.925 1.008
41.615 32.934 -478.906 0.844
89.447 64.646 -405.178 1.056
13.012 -35.500 -492.959 1.039
-32.679 -34.452 -356.555 1.031
-92.284 -92.852 -350.520 0.883
55.073 39.298 -387.193 1.030
88.814 -21.933 -373.367 1.015
-32.197 92.550 -366.646 1.073
58.051 26.342 -412.838 1.041
-28.681 -77.695 -320.731 0.748
-58.196 -48.824 -323.712 0.923
-62.836 52.858 -491.125 0.838
61.625 -73.925 -439.596 1.055
-94.510 -66.932 -304.668 0.878
-10.155 -31.951 -465.982 0.997
-68.913 -1.051 -376.707 0.994
28.832 -40.082 -361.435 0.850
-47.376 19.491 -375.558 0.881
31.211 -51.589 -447.710 0.758
-81.800 -48.486 -450.570 1.155
99.042 -55.886 -453.846 1.051
16.477 32.796 -340.887 0.994
47.789 -33.229 -408.142 0.925
-54.661 63.342 -474.534 1.034
-54.025 2.544 -459.371 1.073
-73.406 -64.880 -409.800 0.993
66.671 20.619 -307.231 0.911
75.344 62.434 -324.449 1.202
71.515 -89.137 -381.732 1.048
76.769 -35.185 -405.280 1.106
-73.438 63.825 -324.400 0.847
47.401 94.142 -404.298 1.102
-34.780 -39.602 -332.879 0.958
17.753 34.713 -404.186 0.964
34.396 -9.696 -418.484 0.888
52.435 99.972 -471.799 0.970
-27.286 59.838 -367.400 1.224
-66.649 79.503 -491.818 0.822
40.994 69.463 -315.599 0.876
65.502 -59.599 -337.135 0.953
78.945 -87.174 -457.603 1.061
-9.913 -0.097 -354.801 0.981
-28.587 -37.601 -417.141 0.905
32.063 -43.288 -453.329 0.934
-94.330 -14.273 -301.625 0.896
-99.582 14.516 -487.892 1.115
16.449 -58.910 -469.098 1.257
98.404 -94.973 -437.278 0.987
1.329 58.057 -405.179 1.166
-19.073 19.366 -402.989 1.065
-52.716 49.527 -325.467 0.983
-82.086 -26.422 -305.224 1.032
-85.612 38.251 -465.130 0.906
56.894 12.432 -444.760 1.103
-64.904 -94.216 -373.801 1.164
-8.055 -23.833 -482.482 1.043
93.568 -76.638 -343.327 1.084
98.592 -13.841 -406.677 0.977
41.171 73.785 -407.332 0.747
87.082 -75.650 -496.578 1.059
-54.701 -40.253 -303.748 0.952
13.696 68.486 -344.300 0.934
29.218 -72.213 -301.636 1.100
59.744 58.679 -443.646 1.061
11.162 -85.692 -310.198 1.119
27.218 71.086 -374.726 1.172
91.162 -9.546 -442.295 1.054
90.905 -33.391 -357.741 1.182
68.441 44.701 -356.603 1.073
-39.994 -99.409 -432.744 0.986
-28.263 -20.492 -378.841 1.038
66.278 46.297 -332.311 1.021
-2.224 -91.083 -465.788 0.950
89.612 -78.619 -303.943 0.977
21.503 -32.891 -307.946 0.968
16.052 -72.844 -370.742 1.077
64.982 -35.948 -344.347 0.958
-0.336 56.294 -322.968 0.907
95.303 -8.027 -468.801 0.887
38.948 -36.210 -392.169 1.122
-36.197 85.624 -479.732 0.971
49.406 -42.206 -401.816 1.069
95.814 -26.612 -403.085 0.990
-25.279 -90.225 -344.377 1.063
19.992 63.668 -478.767 1.076
-9.522 -75.273 -428.822 1.076
-48.879 -47.377 -474.846 0.921
43.846 75.991 -330.932 0.981
-49.340 -15.609 -417.388 0.972
16.883 83.925 -404.824 0.928
-77.928 30.828 -375.096 1.198
85.213 -12.983 -389.805 1.071
-66.831 43.223 -495.340 1.012
4.259 -38.359 -406.680 1.117
87.933 -41.184 -359.189 0.916
98.946 -10.797 -463.400 0.939
-89.114 -81.022 -431.874 0.913
10.728 96.317 -347.183 0.997
-32.563 91.942 -301.601 0.979
45.411 -26.393 -304.431 0.874
-82.478 16.915 -380.701 0.888
10.218 81.277 -481.119 0.885
59.083 -75.771 -329.989 1.003
53.767 16.027 -352.591 1.123
-19.801 38.279 -478.916 0.937
92.126 20.546 -411.104 0.931
-52.297 -54.417 -497.480 0.906
-74.312 78.618 -435.817 1.079
27.538 56.323 -429.252 0.933
9.364 31.501 -497.106 0.992
96.753 -61.432 -493.468 1.187
55.537 33.338 -457.067 0.946
-74.081 22.408 -405.812 0.840
-60.840 -87.518 -309.138 1.044
-5.456 -88.234 -457.768 1.020
-51.668 16.988 -416.201 1.016
-53.137 78.121 -421.529 1.057
-89.143 66.624 -478.552 0.957
37.782 -76.532 -365.680 0.939
15.537 17.510 -387.559 1.119
25.462 22.946 -493.569 1.126
-50.329 77.387 -334.283 1.012
66.863 0.404 -400.324 0.966
11.371 -47.894 -352.447 0.965
-97.660 23.697 -402.331 1.080
-83.070 24.157 -491.089 1.093
-75.450 -78.665 -393.248 0.983
26.707 37.388 -382.598 1.013
6.512 -91.719 -341.474 0.997
11.381 15.729 -402.592 1.106
-18.679 8.026 -343.224 1.091
4.570 94.183 -332.195 0.939
98.790 94.374 -362.659 0.953
16.430 39.456 -472.351 0.882
-28.055 76.045 -354.228 1.080
-92.792 -6.365 -353.801 1.090
50.506 37.733 -413.158 1.037
-27.062 54.587 -375.196 1.082
-52.188 53.732 -453.080 1.199
78.658 -34.743 -383.676 0.969
52.116 -0.053 -471.740 1.095
18.666 84.281 -481.829 0.883
-20.054 -90.378 -393.554 0.791
97.304 -71.255 -420.158 1.041
15.982 -15.666 -402.853 1.139
75.302 -50.387 -327.010 0.932
91.381 91.195 -447.118 0.978
-36.495 64.957 -465.238 0.826
56.787 -70.955 -470.240 1.068
68.874 75.688 -363.597 0.947
-45.851 -23.031 -368.306 1.000
-11.239 -3.915 -347.955 1.015
-35.551 -69.294 -425.672 0.987
-75.311 -79.747 -404.427 1.063
-67.452 -37.413 -435.378 1.034
-23.324 -84.506 -467.745 0.934
-68.424 33.500 -372.330 1.051
-95.083 -67.094 -313.687 1.027
74.347 -54.369 -309.624 1.015
-59.334 -74.607 -325.124 1.055
50.920 -37.104 -314.697 1.079
36.173 43.149 -347.950 1.214
-60.096 48.943 -409.166 1.011
92.830 35.394 -404.961 0.957
-17.963 -85.094 -334.931 1.178
-42.798 89.304 -450.916 1.032
29.313 -15.643 -364.069 0.999
-82.241 44.370 -366.813 1.137
-95.981 82.094 -346.049 0.801
4.652 68.986 -475.362 1.010
99.534 -29.199 -490.949 1.120
49.808 -85.766 -485.715 0.923
42.912 -90.455 -341.770 0.884
72.200 -60.083 -339.635 1.171
-19.529 -66.530 -457.088 0.976
29.310 -23.728 -436.837 1.013
-31.761 32.820 -399.596 1.138
-65.495 -22.374 -348.005 1.007
24.245 58.889 -341.909 0.990
86.426 -9.219 -441.763 0.903
64.735 -1.373 -350.281 1.110
92.215 -81.246 -393.471 0.795
-96.151 6.631 -425.012 1.026
90.050 -13.023 -354.227 0.884
-12.847 12.727 -342.532 1.146
-66.356 -35.945 -346.627 1.025
-14.299 -50.255 -357.869 1.008
61.414 -34.776 -374.490 0.827
-41.236 33.981 -341.200 1.206
39.090 46.098 -380.242 1.043
-93.769 87.363 -322.362 0.951
52.373 -48.190 -379.834 1.093
-32.933 -62.905 -420.191 1.012
-25.371 16.034 -351.636 1.029
32.042 10.043 -424.603 1.142
8.447 43.169 -356.984 0.851
-79.940 26.604 -358.275 0.945
-23.453 -2.449 -433.799 0.707
-23.462 -92.226 -377.060 1.134
90.421 53.599 -412.772 0.837
-91.946 32.317 -338.489 0.869
7.344 57.135 -389.899 1.086
62.894 50.483 -303.435 0.934
53.516 -17.480 -498.381 1.071
-3.684 -71.795 -307.852 1.027
-79.275 -30.576 -366.279 0.859
-18.921 -60.079 -334.813 0.839
46.673 -87.545 -354.021 1.096
43.617 5.825 -328.197 0.962
84.458 -87.002 -485.477 0.997
47.062 18.124 -454.027 1.026
54.376 -8.328 -301.213 0.989
54.139 -96.755 -444.686 0.824
42.080 -94.586 -366.291 0.831
-18.773 -71.463 -301.821 1.044
46.972 -80.618 -395.735 0.992
-33.189 86.817 -338.568 0.887
-49.079 85.634 -330.638 0.994
51.179 14.950 -313.622 0.953
-56.009 86.414 -358.883 0.856
-76.142 -83.333 -450.442 0.872
75.597 -97.586 -405.898 0.844
89.681 52.296 -322.543 1.068
70.616 -29.826 -412.037 1.164
85.250 87.262 -482.913 0.989
22.362 89.217 -357.491 0.874
39.228 19.030 -475.243 0.938
-50.169 55.646 -319.774 0.728
-92.802 22.018 -305.009 1.030
72.352 25.425 -435.635 0.827
-42.695 8.476 -303.303 1.038
-28.377 -34.443 -405.525 0.951
20.170 -4.730 -359.406 0.816
7.631 13.050 -343.588 0.941
-72.615 58.584 -477.966 0.985
8.717 -0.985 -346.556 1.194
-78.902 30.392 -357.643 0.947
-8.505 29.766 -397.197 0.964
-73.117 34.171 -353.851 1.220
-55.832 -64.448 -472.556 1.022
32.892 67.787 -350.310 1.024
-12.304 -74.287 -458.341 1.143
-37.435 11.215 -337.295 1.213
-14.660 -52.520 -371.413 1.041
-86.751 45.546 -489.094 0.951
96.299 -41.812 -467.420 0.979
48.269 -25.523 -450.918 1.161
80.896 6.520 -415.533 0.849
95.692 -7.741 -333.932 1.066
46.251 -27.071 -303.785 0.880
-96.147 90.106 -376.060 1.010
22.881 54.188 -443.998 0.933
60.006 97.763 -324.917 1.122
90.942 -72.002 -403.783 1.027
5.266 -97.621 -445.594 1.051
33.175 -14.411 -492.168 1.195
86.705 -38.692 -420.613 0.937
92.624 -4.357 -345.840 0.972
-28.780 39.637 -363.137 0.870
-10.027 -19.135 -303.834 1.054
-23.363 -92.403 -304.532 1.011
3.705 -83.425 -307.559 0.845
-85.635 -43.811 -327.319 0.993
22.219 -2.183 -467.971 1.002
1.667 -35.675 -482.281 0.933
94.587 -16.265 -469.606 0.958
-2.832 41.443 -364.682 0.959
-13.585 -6.987 -426.936 0.868
37.106 92.818 -320.147 1.086
-52.905 3.148 -306.258 1.044
39.659 -85.565 -432.543 1.056
40.885 -53.318 -414.320 1.080
19.018 83.204 -426.468 1.001
90.121 59.028 -423.901 0.845
-88.107 -0.151 -324.614 1.043
57.248 -20.301 -332.861 0.848
54.734 29.054 -461.130 0.947
79.535 51.293 -429.768 1.060
59.459 -26.422 -434.904 0.990
-66.834 78.739 -470.228 1.011
-53.751 30.409 -459.758 1.230
3.606 67.650 -426.104 0.767
-57.742 89.840 -448.232 0.814
63.354 -87.911 -456.975 0.956
-94.338 -7.875 -337.614 0.821
-9.619 -73.541 -489.285 1.067
35.906 61.641 -432.223 1.187
-83.889 -73.331 -447.999 1.069
-47.748 72.702 -440.194 1.029
7.731 -87.052 -473.315 1.021
22.601 -34.685 -326.200 0.893
-96.098 -23.133 -320.443 0.857
97.279 92.778 -336.820 1.076
90.428 40.974 -447.004 0.985
-57.713 94.629 -313.426 1.131
61.582 0.690 -411.854 1.055
-65.633 4.998 -485.590 1.072
-20.776 -69.951 -362.877 0.843
-75.155 -69.374 -324.285 1.060
34.048 -87.167 -418.598 1.030
-12.483 20.899 -390.035 1.060
77.528 51.326 -362.804 0.991
-54.563 -82.773 -380.622 0.828
67.757 80.371 -308.829 0.849
95.815 -58.680 -402.250 1.008
-55.674 95.815 -414.009 1.072
84.727 -75.076 -310.293 1.085
-32.594 37.015 -368.095 0.950
-27.007 77.820 -491.470 0.850
42.955 -54.791 -382.728 1.114
18.689 41.750 -325.959 0.811
-4.888 -87.952 -429.988 1.048
89.543 43.794 -320.534 0.938
-18.388 -27.035 -465.753 0.931
45.377 -97.841 -454.165 0.957
-56.826 96.448 -341.657 1.135
-17.632 92.651 -352.905 1.107
5.537 -20.199 -365.201 1.097
78.229 -23.758 -408.197 1.002
77.856 53.612 -315.546 0.882
77.824 78.701 -443.554 0.982
1.600 -88.096 -363.850 0.875
43.321 63.660 -362.667 0.957
8.629 99.626 -458.917 1.012
-75.674 -6.628 -436.408 1.012
5.163 -29.803 -303.631 1.129
-92.103 -60.566 -482.301 0.969
-95.943 -79.182 -405.426 0.997
-80.284 -83.387 -434.642 1.028
93.292 -7.773 -326.325 0.917
-34.155 60.363 -341.893 1.077
88.661 37.932 -385.688 0.896
58.660 -63.803 -356.317 0.934
89.529 -81.471 -464.040 1.105
45.415 29.175 -449.892 1.015
-87.213 20.030 -405.354 1.069
-81.342 73.120 -352.565 1.039
-71.124 3.509 -396.201 0.933
-87.823 -41.359 -486.710 0.922
85.570 -24.000 -410.439 0.888
35.580 30.430 -412.755 0.857
75.310 35.410 -494.258 1.053
84.876 -54.037 -371.344 1.139
-61.892 -55.258 -329.783 1.152
63.694 -11.145 -457.269 1.053
96.520 49.802 -369.477 0.988
59.524 -47.480 -462.289 0.911
-64.797 -17.595 -457.827 0.967
3.701 -30.060 -454.957 1.077
12.627 -24.244 -389.740 1.023
51.935 28.898 -356.725 0.872
-73.212 33.182 -336.539 1.058
78.231 -97.479 -397.715 1.046
-22.305 -70.734 -407.123 0.990
12.343 -11.257 -411.271 0.808
74.008 -69.802 -431.036 0.951
47.424 14.488 -321.401 1.027
-93.227 -86.043 -301.487 0.955
45.069 -87.750 -476.774 0.983
-24.923 -91.100 -405.065 1.128
-16.492 -38.054 -384.554 1.138
88.319 -97.162 -332.532 1.218
-7.373 33.382 -444.684 0.957
-13.517 2.734 -376.236 0.995
-98.360 -25.029 -372.286 1.127
-32.681 -86.382 -440.364 0.900
-25.845 57.969 -310.703 1.028
-71.551 -76.923 -446.294 1.110
84.887 -83.675 -326.736 0.936
-47.867 -15.672 -353.472 1.101
77.042 53.676 -423.112 1.062
29.552 66.152 -362.329 1.122
12.129 -5.196 -473.055 0.999
-31.618 -29.665 -479.536 0.946
31.865 -56.196 -414.369 1.087
50.513 -21.615 -325.741 0.932
17.754 68.887 -314.902 0.673
18.374 -98.431 -464.343 0.880
95.562 -18.737 -383.312 0.995
3.354 -45.957 -471.539 0.959
-62.155 89.018 -364.271 0.841
13.432 83.807 -357.337 0.961
18.789 41.077 -470.331 0.950
-21.848 76.238 -432.646 1.195
90.171 17.164 -430.600 0.892
-75.542 -99.895 -321.806 0.984
-15.900 47.896 -364.262 0.908
-7.366 -78.188 -420.387 0.924
94.293 87.140 -443.006 1.275
-55.101 21.695 -453.037 1.114
-70.146 -11.941 -355.905 0.931
-19.613 -91.046 -412.522 0.857
56.243 98.049 -350.390 0.949
72.781 -80.930 -341.085 1.136
-94.535 -92.175 -487.473 0.911
-56.306 43.667 -433.897 1.093
-97.630 -10.702 -380.784 0.841
30.171 46.089 -494.734 1.091
-43.576 -16.001 -322.659 1.132
-92.446 -33.495 -408.458 0.964
-49.738 3.537 -417.511 0.945
55.788 87.902 -440.323 0.924
54.243 -98.932 -493.464 1.019
-73.963 -42.949 -470.943 1.041
-33.538 -76.776 -389.274 1.092
10.094 94.615 -403.101 1.008
0.913 63.455 -365.230 0.948
-65.449 77.364 -354.851 1.085
17.034 29.002 -354.405 0.957
7.177 94.127 -492.378 1.037
31.523 -70.214 -397.255 1.110
-91.229 -61.623 -320.294 1.137
-41.399 -68.492 -476.538 1.083
-42.322 -30.030 -451.891 1.106
0.308 -25.752 -346.150 1.020
-43.655 90.647 -482.680 1.000
-97.992 51.734 -498.936 1.014
-54.151 -34.929 -439.667 0.913
-61.580 -90.900 -399.508 0.947
-3.280 95.311 -482.213 1.012
43.308 -42.384 -474.905 0.953
-38.942 -94.012 -344.482 1.034
0.539 -61.743 -429.126 1.161
-61.968 59.008 -443.856 1.084
-48.273 -5.989 -380.117 1.089
-66.356 -47.170 -319.410 1.029
92.696 -16.747 -471.650 1.002
-15.927 -7.911 -469.942 0.957
77.681 -2.993 -381.367 1.073
-66.010 78.392 -491.512 0.816
44.732 35.564 -319.056 1.388
79.818 21.415 -464.856 1.032
90.247 28.198 -401.259 0.947
-84.760 92.028 -372.977 0.975
-3.282 84.516 -366.122 1.106
-69.089 -10.773 -425.864 0.982
-55.424 49.745 -309.869 0.944
-81.902 -13.767 -315.549 1.110
-42.546 10.624 -393.987 1.087
8.737 67.043 -411.718 0.920
85.594 -8.449 -468.159 0.929
22.384 -1.507 -487.151 0.978
59.163 -60.920 -482.772 0.913
75.958 -81.362 -476.706 0.888
20.850 81.199 -462.330 1.174
11.635 -85.467 -441.011 1.025
24.297 -79.190 -488.262 1.109
68.138 69.966 -345.097 1.094
57.242 21.175 -453.928 1.148
38.685 -79.320 -442.034 1.025
-65.878 -38.034 -318.816 0.919
-49.467 -97.465 -462.977 0.933
-19.019 -1.351 -415.395 0.839
-3.340 10.957 -320.610 1.190
40.674 69.436 -392.512 1.071
-13.609 7.254 -336.064 0.996
65.975 -22.611 -414.325 1.038
-51.548 70.408 -308.361 0.932
26.001 90.410 -356.349 1.004
29.435 84.996 -489.570 1.028
-99.055 -21.245 -399.997 0.975
97.477 -4.179 -496.638 0.949
64.838 -26.458 -384.640 1.063
63.955 -37.277 -492.249 0.808
11.869 48.982 -480.946 1.018
-6.760 86.204 -301.808 0.881
50.315 -51.650 -420.364 0.933
35.741 60.279 -323.643 1.112
-5.286 -77.042 -319.242 0.880
18.308 85.905 -355.599 1.048
-41.890 -37.343 -488.260 0.991
26.426 -12.611 -419.546 1.069
-25.473 68.577 -376.309 0.985
-29.069 -19.096 -437.375 1.044
6.613 -0.072 -405.931 0.889
7.550 -38.702 -486.541 0.920
10.992 29.874 -366.322 1.112
19.393 -52.521 -360.324 1.021
52.045 98.690 -425.476 1.060
-70.608 3.473 -327.348 1.096
-49.695 -73.769 -494.471 0.905
-33.735 78.226 -399.880 1.083
30.439 35.702 -341.880 0.969
21.792 -42.531 -393.748 1.042
-27.297 -10.877 -347.521 1.017
96.561 -89.511 -363.571 1.044
-17.777 -65.997 -421.167 0.982
-62.328 72.348 -472.676 1.030
98.578 -71.389 -466.734 0.892
25.497 -21.608 -379.753 0.911
-40.227 -36.793 -416.337 1.077
-39.139 -2.762 -364.445 0.945
15.319 95.849 -467.743 1.069
88.289 -44.729 -350.575 1.032
93.869 -26.118 -394.162 1.003
87.789 -31.064 -492.442 1.095
-40.888 31.042 -307.378 0.914
-57.619 -66.588 -315.487 1.147
-81.419 95.837 -429.313 0.914
30.615 -52.192 -460.057 1.080
8.093 -54.860 -494.213 0.921
4.903 77.696 -489.105 0.947
-14.868 -95.143 -457.771 1.036
-20.014 -71.723 -384.139 1.080
11.682 72.811 -473.972 0.784
-65.913 12.655 -499.602 0.924
-81.361 -23.008 -443.219 1.053
-49.462 51.844 -382.352 0.833
94.104 -26.589 -432.626 0.900
-71.578 4.029 -408.059 1.050
-58.348 36.183 -451.344 1.160
1.702 76.322 -379.803 1.128
-29.015 -64.222 -322.986 0.860
64.985 67.351 -461.429 0.848
78.972 91.758 -309.647 0.921
32.691 84.165 -484.814 1.116
28.880 13.324 -483.125 0.800
-21.532 38.313 -318.186 1.029
-91.490 -24.675 -401.071 1.017
76.153 -5.566 -422.680 1.096
32.569 16.622 -367.825 0.911
-15.164 -20.308 -315.514 1.095
-0.538 -79.257 -497.846 0.892
-50.052 78.287 -438.290 1.068
-64.113 -21.687 -309.332 1.028
12.235 4.174 -309.185 0.921
-42.622 -15.476 -397.248 1.046
68.897 23.252 -481.473 1.003
-42.137 -97.040 -450.467 1.076
21.276 -46.715 -465.633 1.060
4.994 97.368 -460.463 0.958
69.629 -39.158 -469.707 0.950
96.858 74.319 -482.856 0.885
-25.412 67.161 -437.209 0.953
-89.051 -9.362 -455.102 0.943
68.988 61.031 -495.715 0.968
-2.002 -55.959 -355.237 1.072
94.521 31.253 -498.316 0.949
73.335 -87.777 -301.423 1.016
56.023 -72.305 -319.791 0.931
36.354 80.046 -353.125 1.122
57.545 11.336 -478.373 1.136
51.596 -15.015 -304.614 0.944
-67.087 38.118 -388.297 0.999
-70.227 86.003 -475.726 0.967
-74.967 53.782 -475.652 0.970
-30.616 -57.808 -430.622 0.818
-37.583 -93.169 -320.178 0.972
-11.708 -47.747 -386.602 0.834
85.677 20.675 -378.847 1.155
-96.871 -11.262 -356.274 1.151
66.398 -0.448 -329.409 0.912
89.475 -41.495 -477.667 0.954
80.609 -24.740 -375.107 0.876
-34.085 -18.968 -301.317 1.131
-89.839 -75.575 -435.952 0.975
22.273 76.096 -448.313 0.800
57.197 -57.117 -446.107 1.040
98.108 34.118 -473.479 0.937
38.701 55.449 -363.335 1.058
-79.469 -89.514 -378.388 1.088
22.389 72.706 -362.342 1.065
-40.879 90.656 -381.185 0.891
61.804 57.081 -410.364 1.148
71.682 27.352 -384.283 0.931
-9.395 34.558 -356.573 0.930
98.620 58.928 -320.651 1.113
12.756 38.091 -375.763 0.836
-40.432 2.527 -324.042 1.186
60.376 23.877 -335.418 1.095
22.702 -82.598 -468.879 0.981
52.716 13.198 -346.872 0.885
44.697 -31.633 -304.832 0.950
-37.826 -87.993 -460.055 1.161
-51.813 73.770 -414.305 1.090
-38.988 -11.959 -436.194 1.092
17.292 -30.905 -362.754 1.047
84.638 -83.910 -386.368 0.985
50.460 71.011 -394.200 1.169
-99.267 -30.431 -396.697 0.931
-59.546 30.266 -452.016 1.025
80.136 62.697 -398.728 1.082
-4.192 98.355 -487.753 0.959
28.823 -85.421 -343.212 0.932
87.879 -28.395 -329.012 0.904
-48.339 36.679 -491.482 1.084
-31.376 23.270 -353.610 1.081
12.910 -36.579 -331.266 0.906
22.501 22.699 -422.708 0.931
-41.974 95.471 -312.324 0.957
-16.951 -50.772 -404.131 1.070
74.849 -35.533 -386.095 1.061
-10.735 36.062 -435.076 0.885
87.126 -7.115 -387.080 1.119
-77.110 67.127 -369.781 1.020
44.938 -45.593 -321.294 0.763
32.008 -34.397 -483.359 1.147
55.706 -11.820 -473.608 1.019
25.137 58.263 -415.010 0.890
-4.214 94.922 -370.229 1.103
-21.256 -8.818 -462.814 0.966
1.660 -98.761 -478.732 1.000
-28.328 -28.307 -432.743 1.051
51.835 56.521 -345.120 0.957
-33.478 -32.103 -420.072 1.044
-48.561 -35.073 -309.156 1.093
-34.182 -65.687 -379.882 1.018
55.109 -92.444 -474.019 1.125
-18.424 83.240 -468.564 0.977
-40.764 30.207 -325.714 1.051
-4.214 97.600 -420.386 0.950
29.459 -34.953 -410.438 0.938
82.760 7.839 -403.993 0.953
47.625 -82.824 -341.642 0.968
80.394 85.040 -489.409 1.118
-91.085 54.689 -346.130 1.150
38.010 9.265 -467.427 1.055
55.010 30.314 -323.422 0.971
-70.059 -76.836 -440.543 0.936
-50.483 -75.505 -338.272 0.968
-69.264 -85.317 -437.490 1.128
-68.875 -55.239 -400.947 1.197
22.952 23.734 -416.680 1.019
82.534 38.947 -455.117 0.924
59.946 -47.903 -302.191 1.141
-61.195 -81.143 -311.354 0.883
28.565 9.944 -426.158 0.813
-91.675 -97.319 -387.764 0.889
80.402 -49.054 -455.037 0.937
48.537 69.785 -463.728 1.237
13.376 -83.300 -403.150 0.961
-60.370 -55.071 -497.080 1.160
-77.731 -69.291 -421.067 1.121
40.191 -55.730 -447.315 1.049
-84.796 -50.431 -473.966 1.066
61.772 98.917 -431.534 1.227
-67.145 -83.724 -475.204 1.126
-70.347 30.788 -422.019 0.887
62.308 98.320 -489.871 1.032
-99.467 -88.868 -480.971 0.775
62.922 54.771 -456.200 1.085
-70.226 18.923 -431.064 0.942
13.987 -10.038 -335.782 1.109
-6.710 -15.158 -482.705 0.925
5.326 29.668 -497.246 1.026
99.720 -0.832 -322.760 1.042
-38.801 56.406 -424.339 0.840
88.955 -23.894 -327.348 0.784
77.460 -85.976 -337.007 1.060
-30.156 66.388 -435.293 0.922
-32.640 -99.732 -300.886 1.155
-59.305 -50.619 -427.965 0.838
-57.253 95.746 -407.538 1.142
2.402 -64.202 -357.835 1.122
44.176 -48.100 -316.901 1.133
17.113 26.158 -422.084 1.138
-60.089 14.271 -415.011 0.856
79.215 -18.011 -374.965 0.915
-22.135 56.401 -434.791 0.983
74.185 57.064 -477.088 0.898
92.566 -36.525 -476.946 1.084
-54.492 83.440 -395.941 1.054
83.240 41.838 -488.165 0.867
57.126 23.935 -464.772 0.998
22.690 21.050 -302.226 0.742
-53.570 39.005 -480.690 0.970
-30.676 28.887 -402.632 0.874
-5.057 41.179 -333.569 0.853
34.995 -42.511 -486.372 1.070
-30.387 -33.398 -383.905 0.934
-8.956 -3.964 -470.661 0.927
73.711 99.585 -346.956 1.003
57.281 -5.740 -341.748 1.108
0.079 11.012 -497.863 0.985
-59.017 -3.502 -323.484 0.953
-37.441 66.991 -475.374 0.967
31.621 38.119 -457.120 0.950
-18.573 -7.594 -304.174 1.170
87.250 -15.333 -451.165 0.973
-35.585 -26.548 -473.669 1.081
-26.172 57.886 -399.015 0.933
-12.376 -74.363 -313.757 0.939
63.236 -36.565 -343.509 0.978
78.655 -49.081 -397.340 0.868
30.936 -75.233 -323.521 0.957
-60.782 2.280 -493.473 0.868
-18.387 -44.922 -419.688 0.970
5.839 66.618 -499.832 1.006
5.981 -54.188 -495.834 0.990
51.607 46.470 -328.951 1.104
11.592 95.773 -340.346 0.863
-88.612 -93.992 -448.422 1.026
39.829 -7.275 -302.114 0.950
50.013 32.314 -353.939 0.905
-60.890 23.783 -466.012 1.166
57.951 -11.624 -309.815 1.118
20.817 -19.099 -332.646 1.036
68.333 -82.138 -434.741 0.986
-51.068 -89.348 -302.363 1.185
43.028 -18.285 -436.216 1.087
-44.404 -25.397 -425.246 1.026
47.870 28.934 -476.863 0.885
59.061 -92.227 -470.141 1.054
-21.073 -75.902 -400.322 0.966
-64.538 80.715 -394.440 0.900
36.992 -51.796 -410.058 0.872
88.247 -57.624 -356.892 1.017
75.884 57.041 -313.172 1.036
-11.483 -62.401 -324.207 0.927
79.639 9.171 -439.382 0.793
89.942 13.876 -421.785 1.053
-60.381 71.177 -379.764 0.982
-1.200 7.373 -392.102 0.975
5.095 -9.749 -313.708 0.898
-91.235 -65.795 -444.044 1.109
63.024 -4.039 -348.920 0.913
-22.748 -67.354 -394.411 0.971
-15.247 -64.470 -304.457 0.911
96.383 75.680 -326.595 0.726
-18.507 -6.120 -427.102 1.054
72.423 -33.084 -372.864 1.011
-57.236 49.911 -373.110 0.958
33.762 62.282 -469.020 1.084
-1.462 40.311 -347.940 1.104
-42.473 96.355 -498.259 0.983
-72.352 67.773 -439.948 1.087
25.427 89.466 -425.347 0.926
73.245 -76.996 -336.897 0.989
20.902 72.311 -341.170 0.933
-34.794 82.802 -324.778 0.845
54.388 29.798 -434.842 0.911
-9.901 78.911 -499.630 0.999
68.721 51.579 -348.718 0.851
-99.999 13.235 -496.486 0.932
-80.728 -11.692 -440.467 0.997
60.593 -97.623 -410.442 0.986
-75.652 -79.226 -495.046 1.006
35.621 66.722 -300.120 1.043
34.417 -20.747 -342.533 0.990
94.579 -73.328 -435.824 0.784
-2.770 -99.651 -303.098 0.970
75.419 79.292 -467.368 0.808
74.107 40.432 -363.658 1.006
51.307 11.811 -355.463 0.968
-39.567 93.961 -494.819 1.039
76.942 -73.520 -372.808 0.992
15.327 -98.838 -476.665 0.958
-74.901 -1.576 -344.394 1.155
-31.101 77.064 -479.394 1.103
-70.831 -94.729 -340.145 0.816
-39.971 98.301 -420.409 0.998
-25.544 72.582 -421.352 1.031
-73.176 50.744 -309.528 0.867
38.330 -6.802 -345.379 0.962
59.753 93.089 -484.481 1.048
85.669 21.787 -438.620 0.823
-94.815 76.495 -313.754 1.034
67.103 -87.913 -314.099 0.956
18.743 -75.435 -332.452 0.985
-29.221 -48.198 -308.677 0.819
-42.698 40.913 -414.524 1.133
89.976 -39.296 -479.874 0.892
42.725 45.778 -410.847 1.058
-8.821 0.182 -420.114 1.017
-64.095 30.800 -447.315 1.084
67.850 76.336 -358.137 0.939
6.995 60.116 -416.871 0.923
57.557 95.580 -308.151 0.866
-8.359 -76.494 -474.257 0.773
-52.693 -60.418 -462.102 0.928
-20.835 -51.077 -318.848 0.912
1.630 -36.077 -377.731 1.094
-89.881 30.091 -450.997 1.022
84.813 -3.762 -378.917 0.822
-11.498 -71.604 -491.613 0.957
59.178 82.162 -346.146 0.979
3.611 25.521 -412.983 1.103
-16.761 82.566 -432.245 1.052
64.862 -68.783 -336.236 1.086
43.972 82.320 -437.406 1.030
23.886 -4.720 -313.181 0.935
-8.740 72.823 -480.645 1.105
40.274 94.996 -315.190 1.113
56.240 -80.005 -400.660 0.870
