-36.633 89.619 -370.497 1.118
-39.355 20.186 -482.050 1.095
71.190 81.370 -428.043 1.089
-93.911 -68.532 -308.212 1.223
17.713 62.144 -403.847 1.050
14.492 20.676 -303.864 0.959
-98.795 33.661 -363.416 0.945
-84.044 -50.519 -366.784 1.137
-66.428 98.388 -375.483 1.091
6.587 98.077 -365.770 1.066
79.365 17.511 -349.730 1.032
-87.325 -91.156 -339.530 0.881
-80.894 12.825 -386.934 0.935
-14.402 77.549 -409.740 1.010
-69.794 -19.439 -412.734 1.028
-24.036 -6.610 -404.638 1.082
-92.681 69.390 -436.775 1.106
-40.294 51.487 -378.049 0.952
40.154 29.580 -433.114 0.907
91.834 64.223 -448.179 0.885
34.144 29.341 -340.029 1.062
54.254 -29.884 -478.512 0.930
70.044 85.516 -459.827 1.047
87.918 -6.503 -415.627 1.084
-89.876 43.260 -315.326 1.064
-93.631 -53.774 -480.466 0.998
-95.982 80.683 -494.507 0.951
-14.253 -80.985 -300.159 0.923
-65.270 47.014 -304.903 0.933
-81.288 -60.073 -471.053 0.795
-69.435 -84.454 -488.635 1.236
80.275 -62.551 -359.473 0.986
26.138 -40.439 -351.581 0.953
41.503 10.906 -348.568 1.020
-72.282 19.777 -436.361 1.038
-62.806 37.926 -342.605 0.900
-88.883 -96.497 -489.198 1.014
-90.038 57.800 -498.245 1.146
10.303 52.300 -431.580 0.974
17.014 53.918 -303.582 0.916
-31.382 15.387 -480.122 0.998
2.398 -92.490 -309.638 0.978
-34.143 -7.739 -434.973 0.961
-95.060 -95.326 -306.203 1.014
28.734 -33.740 -492.636 1.122
39.365 33.623 -401.294 1.111
-9.969 2.176 -358.536 1.065
-31.211 45.661 -397.253 1.054
-61.278 -69.952 -394.406 0.812
2.618 37.874 -485.804 1.037
7.653 -85.463 -302.625 0.923
-0.837 49.835 -369.010 0.943
-9.774 76.401 -463.814 1.002
8.533 -33.837 -446.507 0.978
-32.405 95.999 -363.976 1.152
-32.654 28.268 -415.056 0.942
34.955 -8.750 -480.084 0.947
21.148 46.253 -308.913 1.112
31.272 -86.124 -394.361 0.897
76.446 51.415 -381.241 0.824
50.816 54.576 -325.309 0.963
-4.269 50.494 -355.974 0.993
-52.903 -43.433 -480.698 0.964
90.378 83.887 -342.087 0.908
-42.669 -69.855 -368.945 1.009
47.728 -84.577 -325.435 1.143
38.033 33.773 -377.438 0.945
-74.423 -11.950 -446.126 1.003
-21.461 -94.183 -442.602 1.035
18.291 80.330 -396.992 1.045
49.847 -16.396 -411.538 0.856
-70.633 45.394 -419.431 1.117
85.780 20.482 -362.300 0.844
3.548 -18.210 -407.677 1.059
-39.327 25.777 -414.516 0.902
-94.855 -63.595 -442.303 1.014
70.323 0.198 -414.897 1.007
-55.900 25.284 -338.370 1.030
-42.451 11.461 -370.279 1.019
34.953 -13.776 -384.510 1.202
10.426 -71.400 -497.207 1.058
96.998 -8.790 -439.357 0.984
-27.941 -0.809 -343.232 1.072
-23.726 66.759 -381.349 1.073
-65.502 11.657 -300.785 1.135
-1.594 24.189 -350.367 0.973
29.075 -31.080 -326.645 1.054
-13.541 -45.200 -465.730 1.080
28.041 39.364 -405.824 1.114
81.018 72.166 -434.933 0.959
-82.269 -58.367 -343.891 0.960
-52.728 -95.578 -368.315 0.974
-43.551 99.967 -380.649 0.768
95.655 57.155 -379.180 1.055
-56.314 73.799 -489.117 0.959
-96.860 -5.762 -314.779 0.872
25.684 12.148 -491.814 1.177
87.090 -42.811 -481.882 0.988
27.847 -22.072 -405.702 1.010
49.369 -8.384 -326.946 1.074
-83.695 -17.680 -378.059 0.983
77.968 -41.989 -380.179 0.995
2.608 -8.293 -383.570 1.212
34.730 -11.976 -338.321 1.171
-54.014 84.727 -478.697 1.029
0.973 -50.450 -490.820 0.815
-5.088 42.593 -394.137 0.918
76.305 -98.517 -317.689 0.817
81.692 97.600 -310.106 0.941
-85.366 60.749 -349.609 1.101
-17.436 -12.975 -446.834 0.898
-77.988 -54.832 -478.179 0.974
-78.379 42.332 -361.291 0.924
-4.437 -70.150 -305.380 0.918
-45.068 -26.336 -336.930 1.053
-43.281 -20.308 -441.890 0.913
74.055 0.794 -428.872 0.975
34.823 87.389 -475.320 0.829
-30.757 1.478 -372.214 0.979
18.079 29.695 -308.071 1.005
19.968 -39.856 -477.458 1.043
-17.068 76.379 -488.900 1.032
25.528 -95.862 -305.247 0.742
78.963 69.825 -474.727 1.019
-91.026 -85.636 -499.818 0.974
-18.175 29.546 -418.208 1.088
61.603 25.646 -451.558 1.014
-65.744 -64.378 -410.243 1.107
68.318 -82.392 -461.019 1.041
91.263 -87.021 -397.302 0.731
24.763 -49.917 -462.557 0.916
-35.305 -68.814 -366.929 1.106
-19.789 -14.036 -366.443 0.955
-83.223 88.343 -307.902 1.236
-92.221 -70.122 -457.564 1.131
9.266 -79.175 -478.989 0.976
72.566 8.772 -464.278 0.995
17.274 -92.153 -459.903 1.031
-41.767 -44.369 -304.337 1.091
-30.762 6.114 -359.071 1.121
-81.448 83.063 -438.737 0.818
94.384 -4.639 -318.382 0.918
34.686 -23.658 -328.569 0.887
-74.543 50.704 -418.240 0.933
95.420 23.023 -415.382 0.971
14.448 37.677 -353.850 1.039
-99.723 92.338 -328.399 0.872
46.939 -91.872 -401.384 0.949
30.075 10.057 -346.103 1.142
-97.830 -52.131 -433.469 1.012
-33.291 -98.462 -408.835 1.257
38.388 -36.966 -333.896 0.988
-60.619 8.584 -370.352 1.172
43.190 -22.911 -471.718 0.911
-76.918 -42.633 -485.128 1.100
0.935 81.946 -448.986 1.068
78.163 98.973 -334.083 0.961
65.286 52.219 -388.348 1.061
-25.782 -86.979 -342.717 1.095
87.327 -85.572 -452.293 0.949
-80.831 30.968 -361.858 1.196
95.939 -27.227 -403.588 0.947
1.140 -34.617 -419.275 1.260
-5.332 54.712 -468.107 1.069
39.336 13.057 -443.377 0.986
24.130 -9.098 -330.927 0.826
40.630 -46.673 -367.876 0.896
-98.989 -68.989 -373.821 0.917
63.647 -67.674 -339.246 1.143
45.908 -63.541 -382.037 1.049
84.914 4.220 -415.129 1.201
-63.604 14.786 -441.678 0.970
43.674 -66.365 -458.657 1.053
50.542 -47.079 -304.762 0.908
44.928 -5.794 -463.162 1.025
64.986 -87.366 -391.898 0.814
-18.023 22.052 -321.020 0.991
19.105 -77.513 -494.888 1.140
11.277 17.295 -499.410 1.120
56.654 77.449 -458.323 0.997
-37.444 -75.980 -333.074 1.008
-8.936 69.745 -452.193 1.099
-53.857 -35.460 -389.859 0.997
30.907 94.431 -339.419 0.862
50.953 -99.931 -403.654 0.887
89.319 3.380 -439.920 1.003
92.888 47.504 -430.155 1.057
1.536 -76.660 -401.541 1.125
-10.537 -32.455 -379.148 1.097
-4.757 -45.762 -398.927 1.058
-46.484 25.185 -486.448 0.986
-62.618 39.463 -435.452 0.952
74.628 -29.898 -322.276 0.898
-1.411 83.030 -345.397 0.932
96.602 -46.015 -359.912 1.045
34.323 12.263 -439.653 1.092
32.392 59.713 -474.523 0.941
97.429 68.958 -329.342 1.204
-19.091 46.060 -423.448 0.977
11.637 27.794 -485.749 0.989
-24.925 -13.227 -347.330 1.100
10.343 29.523 -487.010 1.278
64.530 -90.680 -306.264 0.761
13.969 31.740 -411.401 1.065
-65.088 -95.369 -426.639 1.202
5.451 22.549 -480.143 0.968
-31.350 71.648 -370.731 1.154
46.126 19.358 -335.426 0.959
97.654 -16.517 -362.760 1.254
-61.769 -30.084 -320.279 0.976
-90.550 -58.272 -401.997 0.959
-10.345 -83.137 -303.097 1.116
30.955 -47.590 -334.809 0.950
93.363 -20.213 -443.551 1.068
28.667 68.585 -484.453 1.136
39.169 -45.599 -449.318 1.033
71.933 -70.506 -459.622 0.869
93.359 -78.171 -316.956 1.236
6.355 -77.847 -469.494 0.989
-63.870 48.379 -303.398 1.094
33.773 7.185 -468.405 1.042
-36.257 -78.876 -328.663 0.809
35.937 -26.875 -343.225 1.010
64.025 -83.088 -378.605 1.032
-91.929 -95.282 -450.469 0.971
-58.558 -87.606 -472.041 1.057
65.650 37.683 -315.451 1.021
-3.284 -82.263 -332.436 1.017
-45.490 -47.348 -400.525 0.997
-98.761 29.675 -457.960 0.855
-55.003 75.088 -478.029 1.064
-54.431 80.308 -328.239 1.063
-20.806 -46.386 -402.765 1.023
-40.220 30.186 -438.498 1.100
90.828 -86.918 -364.175 0.881
83.298 -15.507 -422.581 1.177
-49.782 75.034 -336.457 0.920
-24.790 -40.060 -477.162 0.990
22.080 53.469 -357.469 1.091
89.730 -89.785 -359.713 1.114
25.095 -90.053 -305.102 1.019
32.214 95.681 -353.105 0.823
6.762 -41.175 -394.265 1.176
14.267 54.718 -362.371 1.004
64.264 -75.875 -436.658 1.164
69.722 -34.407 -398.783 0.970
12.787 -43.643 -377.430 1.133
31.920 44.923 -465.259 0.872
77.408 29.113 -357.783 1.087
7.313 -39.624 -417.813 0.974
35.451 68.726 -304.512 0.893
-77.330 -45.964 -484.406 0.929
71.384 -25.961 -430.628 1.128
16.887 42.692 -381.575 1.001
25.224 -17.024 -377.423 0.930
48.004 62.981 -428.172 1.143
61.071 56.835 -428.142 1.010
-51.447 58.174 -477.112 0.924
-16.808 -83.683 -465.553 1.007
-86.972 -19.325 -405.084 0.870
20.676 69.472 -343.370 0.928
-41.727 26.885 -343.614 1.068
-16.170 68.103 -490.701 1.056
97.642 52.160 -428.678 0.954
-40.487 59.740 -486.331 0.918
15.157 -52.040 -385.745 1.066
53.823 -39.046 -412.106 1.052
71.266 76.837 -352.119 0.953
83.307 -66.867 -459.602 1.048
-19.639 74.117 -328.961 0.979
80.297 31.758 -340.361 1.241
-82.423 -58.425 -337.634 1.034
94.251 6.487 -367.610 0.895
78.819 -1.803 -420.458 1.037
-29.203 10.029 -489.370 0.899
45.275 94.168 -377.346 0.922
-4.393 -62.321 -478.530 1.091
34.938 34.756 -314.263 0.995
73.438 -23.340 -485.684 1.042
74.255 -9.915 -351.920 0.957
74.705 30.282 -455.320 1.097
47.969 46.802 -386.021 1.053
-83.874 -43.705 -449.667 1.233
-36.725 -84.209 -448.548 0.954
-37.727 99.890 -412.594 1.082
3.140 40.935 -333.276 1.110
51.268 18.180 -418.918 1.127
57.676 50.141 -349.153 1.145
96.843 -8.608 -374.139 0.884
87.566 -31.199 -354.362 1.100
-18.074 -42.382 -452.846 1.043
-10.140 -52.057 -324.499 0.937
98.509 22.029 -420.925 1.248
-78.029 -93.428 -423.378 1.047
21.795 -41.436 -310.485 0.845
-5.476 -73.757 -437.066 1.002
74.540 -8.359 -326.094 1.202
7.141 -47.188 -393.545 1.138
62.981 -81.146 -366.544 0.889
-95.032 -80.831 -315.807 0.935
-98.064 70.579 -372.824 1.001
57.616 82.863 -443.422 1.009
34.495 61.124 -443.913 1.107
51.098 62.247 -300.882 0.930
-98.285 38.699 -330.657 1.149
67.677 -75.948 -387.841 0.808
-74.689 -43.206 -402.677 1.197
-29.471 -35.590 -468.762 0.923
-83.383 -12.442 -441.809 1.025
-17.604 68.263 -458.332 0.888
94.340 44.544 -357.140 1.162
-57.756 -4.736 -410.853 0.932
-84.350 -53.901 -368.694 1.059
-87.717 54.254 -422.199 0.939
-82.789 30.564 -401.676 0.913
-1.994 10.405 -384.477 1.185
92.938 -11.882 -333.240 1.097
58.720 -96.445 -493.321 0.878
87.824 -70.915 -329.856 0.888
4.969 -10.945 -444.839 0.903
-29.060 -39.262 -338.038 1.064
-55.652 12.430 -310.899 0.915
-15.744 -33.302 -492.824 0.884
-3.903 5.743 -385.313 1.041
70.797 22.620 -410.846 0.999
-36.270 6.544 -415.996 0.949
28.213 -91.639 -444.336 1.005
-31.879 14.632 -309.366 1.044
-14.322 -90.368 -352.541 0.940
12.646 -75.299 -496.866 1.015
-81.584 83.886 -416.171 0.930
94.065 49.962 -495.675 0.870
15.734 -71.348 -429.576 0.925
44.853 77.095 -481.867 1.070
47.754 11.091 -457.448 0.967
5.606 -65.816 -457.358 1.183
11.244 98.518 -465.765 0.873
51.050 57.417 -465.642 0.882
-15.102 -56.351 -486.246 0.965
2.818 44.335 -393.390 0.914
-5.655 37.451 -335.763 1.226
-9.520 16.287 -429.003 1.109
74.508 12.097 -386.308 0.910
-43.036 -77.979 -345.680 1.037
-72.623 -66.401 -425.676 1.102
-62.051 39.995 -401.402 0.992
38.401 -40.733 -335.311 1.061
10.550 58.586 -415.433 0.956
-73.646 89.148 -344.518 0.923
-93.159 -66.126 -377.674 1.122
9.073 74.087 -481.298 0.962
30.881 72.187 -309.155 1.194
24.513 -26.503 -360.493 1.195
-5.879 16.104 -474.171 1.070
60.388 70.385 -433.470 1.166
-76.689 -11.260 -330.548 1.036
42.866 -15.943 -341.872 1.245
15.983 76.780 -390.155 0.935
-77.320 34.638 -325.600 1.005
53.555 -57.300 -396.997 1.029
-38.348 97.401 -455.661 1.129
87.766 -75.270 -453.936 0.976
42.981 -18.304 -456.223 0.968
-69.949 23.500 -464.045 1.165
36.333 85.114 -486.146 0.961
19.275 11.417 -440.209 0.951
77.976 44.184 -430.785 0.984
-4.244 -52.745 -326.540 1.037
18.199 -51.819 -428.110 1.098
-27.445 -48.498 -388.595 1.136
-83.954 91.526 -401.349 1.102
-41.295 51.624 -407.072 1.065
7.898 57.674 -482.684 0.777
-21.780 -17.253 -337.569 0.993
-97.204 -27.011 -319.140 0.989
15.890 -91.168 -332.196 0.958
48.728 -13.822 -461.272 0.983
-34.063 -91.645 -450.557 1.064
-38.680 84.187 -496.684 0.960
-64.284 -57.701 -423.507 0.934
-11.227 -58.677 -437.442 0.929
-64.670 -48.998 -485.105 0.949
15.909 46.776 -433.608 0.894
28.282 75.881 -458.198 0.825
-7.835 15.057 -400.260 1.169
-67.764 53.310 -460.155 0.987
-15.034 55.070 -447.295 1.115
-64.531 92.648 -402.912 1.044
-81.851 -22.244 -344.833 1.114
-36.566 -79.634 -495.860 0.910
-26.288 99.620 -313.527 0.991
36.007 86.941 -335.687 1.170
40.267 -71.967 -312.332 1.117
-51.644 -13.793 -312.025 1.036
20.134 -46.217 -323.939 0.899
61.340 64.057 -495.249 0.969
-10.598 -15.110 -444.454 1.037
45.849 89.431 -301.248 1.018
-59.626 62.021 -348.271 1.045
0.514 76.701 -342.879 0.879
18.531 31.743 -314.236 0.778
79.599 -20.207 -481.150 1.002
68.357 -82.177 -472.252 1.095
-86.088 -33.431 -488.911 1.121
-78.889 65.982 -487.679 0.887
29.404 -62.281 -305.873 0.997
63.834 18.736 -312.571 1.018
-37.469 -69.369 -406.316 1.064
70.573 71.612 -322.015 0.749
-52.270 99.922 -375.642 0.911
65.482 -63.874 -320.502 1.034
34.896 66.573 -352.863 1.004
62.781 -83.168 -490.238 0.912
-22.354 -64.583 -312.712 1.124
39.155 -77.005 -378.113 1.123
24.832 -45.411 -427.806 1.136
-61.094 28.193 -445.871 0.989
-89.686 88.800 -480.712 1.057
87.619 73.005 -492.448 1.070
27.448 -7.913 -489.183 1.003
-40.231 -27.104 -359.951 1.057
22.920 -65.513 -459.486 0.956
-79.693 -91.484 -352.718 0.989
-20.771 40.298 -301.107 1.018
93.992 -0.831 -428.493 1.083
45.407 -58.285 -369.314 0.908
35.609 3.737 -332.940 0.985
42.009 -69.598 -483.209 0.966
0.564 62.663 -379.537 0.933
-83.775 -50.284 -444.533 0.902
-42.548 72.643 -358.940 0.919
44.171 42.167 -423.529 1.044
59.400 71.208 -317.338 0.602
85.471 13.178 -395.583 0.920
-17.145 -69.263 -354.968 0.751
-60.048 -32.572 -465.064 0.831
-38.330 89.703 -496.014 1.063
48.637 83.205 -370.818 1.109
-59.756 46.850 -498.380 0.975
42.726 -22.904 -439.124 0.952
-15.324 9.675 -365.936 0.994
30.428 -39.534 -479.889 0.954
30.062 98.234 -391.896 1.045
19.720 33.704 -420.601 0.970
89.685 68.434 -468.742 1.005
52.552 35.934 -454.764 0.843
-46.632 91.511 -324.789 1.016
-78.381 -25.729 -423.297 0.938
80.186 72.053 -325.489 1.141
-64.656 3.414 -304.987 1.087
55.192 -52.484 -489.871 0.921
-53.268 -62.633 -454.369 1.034
-66.017 8.870 -379.583 0.828
-53.958 -27.585 -435.001 0.994
-86.436 -61.524 -347.612 1.151
19.474 -9.530 -423.268 1.045
61.374 -27.484 -355.489 0.851
13.427 -65.787 -482.654 1.084
-22.278 -93.505 -374.373 0.960
-54.789 97.874 -310.273 1.036
24.374 -87.562 -351.126 1.033
-47.892 7.778 -450.937 0.862
-57.613 -48.282 -406.928 1.129
13.839 -74.728 -497.398 1.160
-52.543 77.441 -359.082 0.769
-43.898 -88.273 -386.930 0.892
-20.434 -18.727 -352.071 0.846
-46.406 -3.720 -318.756 1.114
82.965 78.896 -365.554 1.084
-89.308 33.008 -408.399 0.936
23.515 -60.195 -362.362 0.929
-77.663 -56.861 -336.340 1.073
65.289 70.424 -412.970 0.989
-58.646 26.989 -476.176 1.027
-48.320 18.894 -309.590 1.030
9.883 25.401 -326.031 1.075
24.932 64.182 -348.663 0.960
68.756 -98.730 -427.473 0.957
8.243 61.789 -463.234 0.972
-40.666 -84.013 -395.151 0.863
14.822 45.530 -417.463 1.033
-75.322 -19.922 -306.411 0.975
68.172 -36.307 -374.484 1.007
21.993 77.493 -373.589 1.180
-41.637 16.912 -348.210 0.901
-12.962 61.310 -353.662 0.942
-15.430 16.848 -319.467 1.191
0.310 77.960 -447.582 0.984
-89.495 11.451 -407.858 0.745
81.530 -29.332 -371.137 1.095
-61.289 -61.667 -376.220 0.892
70.196 -82.165 -462.276 1.134
77.090 28.556 -394.075 0.994
-43.356 -14.119 -367.957 1.081
71.791 57.929 -369.576 0.908
-30.370 -18.473 -373.669 1.012
47.285 -6.450 -316.191 0.901
-81.853 35.337 -483.739 0.970
-96.692 -42.021 -459.211 0.910
91.157 -6.966 -403.621 1.046
-25.787 -82.385 -482.304 0.981
-80.725 -55.135 -486.855 1.027
47.752 75.111 -340.812 0.924
-31.501 -53.953 -455.156 1.063
-2.718 25.742 -472.910 0.936
71.383 8.534 -379.522 0.953
-32.189 -21.664 -458.711 0.743
-16.916 -21.056 -317.623 0.947
41.852 5.229 -347.472 0.784
-10.400 91.023 -443.278 0.922
22.223 89.363 -327.711 1.082
50.553 -7.432 -395.980 0.965
28.622 -61.695 -347.686 0.928
-87.280 19.642 -482.605 0.915
1.894 -16.341 -349.330 0.955
82.868 -81.625 -493.113 1.060
61.748 3.519 -345.859 1.152
-35.125 -70.232 -498.306 1.009
-39.676 -58.058 -494.413 1.121
-47.565 41.310 -489.214 0.932
92.332 -55.332 -472.572 0.961
73.314 45.978 -321.872 1.161
83.375 -29.268 -355.808 0.947
-63.168 13.329 -403.678 1.046
-51.035 23.021 -462.544 1.141
14.174 58.101 -306.696 0.976
-90.127 39.183 -336.593 0.867
-41.699 -82.185 -420.446 1.218
63.867 56.333 -414.794 0.992
-57.241 91.766 -345.105 0.893
-72.368 19.810 -478.712 1.173
4.712 67.737 -341.624 0.793
-20.413 41.814 -403.327 1.099
7.858 64.488 -478.800 0.972
-83.830 -85.042 -409.907 1.237
-87.411 59.778 -466.828 0.936
-50.332 -69.587 -477.085 1.051
17.261 -53.761 -354.876 0.951
-26.682 -12.062 -374.259 1.004
-89.991 -71.863 -390.267 0.979
42.274 -81.704 -434.138 0.909
40.517 14.073 -376.110 1.050
25.660 52.528 -490.018 1.104
-58.168 97.760 -495.884 0.859
-6.169 -98.124 -300.120 0.992
43.446 19.630 -407.276 0.782
-73.153 -34.135 -318.027 0.976
38.261 49.177 -339.504 1.033
-46.619 0.161 -352.290 1.062
-96.726 -33.837 -329.651 0.905
90.446 44.983 -409.648 1.028
53.554 11.151 -369.036 1.123
70.573 12.475 -303.910 0.977
30.141 69.143 -319.519 0.889
-97.999 66.406 -336.159 0.877
36.562 -35.833 -463.899 0.988
-66.165 52.723 -376.440 0.846
75.638 -51.079 -467.518 0.823
79.220 -82.171 -317.467 0.984
60.190 46.488 -325.182 0.954
-97.304 35.381 -496.480 0.877
82.233 -97.164 -312.720 0.939
81.156 70.521 -375.705 1.003
-54.013 39.734 -327.649 0.974
-27.426 -86.321 -431.057 1.090
-81.276 -86.761 -403.230 1.021
99.114 -41.133 -490.329 0.967
-47.817 38.646 -440.445 1.042
44.351 28.149 -432.025 0.831
-56.903 -13.546 -393.285 1.038
83.337 21.807 -470.098 1.204
-15.801 78.025 -373.016 1.055
93.352 94.599 -432.403 1.092
18.008 -29.760 -442.798 0.916
2.353 -92.846 -483.625 1.154
24.124 6.490 -352.607 1.011
24.983 -34.543 -436.974 0.935
-81.320 1.441 -392.482 0.928
-23.214 -67.045 -414.930 1.030
70.707 15.013 -441.991 1.002
-99.219 9.707 -396.172 1.050
-49.836 12.893 -498.639 0.891
31.553 -27.286 -386.440 0.960
-46.919 1.645 -448.343 0.808
-81.793 -56.567 -407.268 0.996
63.672 -7.516 -306.021 0.812
65.312 58.379 -378.919 0.842
-8.187 78.492 -354.090 1.036
-1.972 60.142 -496.172 1.060
-36.971 -23.311 -384.650 1.078
-30.130 -6.174 -352.431 0.708
-33.759 29.519 -343.252 0.957
-16.217 95.019 -461.876 1.045
59.258 -78.710 -302.205 1.001
-22.589 -13.597 -371.932 1.116
17.205 -51.729 -496.299 0.902
1.814 8.697 -492.056 1.002
-44.835 34.907 -306.282 0.878
80.179 84.901 -357.753 1.031
-70.032 19.905 -303.243 0.982
73.056 -32.245 -357.157 1.203
-13.694 65.531 -425.346 1.071
-24.829 -29.342 -316.798 0.952
84.553 88.876 -437.485 1.029
-36.284 -62.183 -355.751 1.199
-89.801 91.515 -340.494 0.936
-38.895 -29.725 -482.460 1.226
-40.450 -9.478 -458.269 0.909
-2.532 -40.985 -438.179 1.030
50.490 85.606 -326.116 0.930
-39.221 22.421 -350.240 0.953
35.859 96.406 -335.712 0.933
-92.587 -80.659 -453.674 1.074
-24.825 -8.622 -443.262 0.966
71.882 80.439 -382.284 0.970
-17.122 -32.427 -412.548 1.304
2.187 63.056 -400.646 1.089
-90.486 -47.851 -404.210 1.030
78.460 -8.982 -494.229 0.999
80.208 36.444 -354.980 1.158
-86.670 11.573 -416.696 1.119
84.341 38.102 -379.149 0.898
9.423 82.114 -425.641 1.082
-26.187 68.692 -422.827 1.014
40.003 -58.726 -454.190 0.864
-44.315 30.863 -375.484 0.999
36.414 -35.167 -384.283 1.125
-23.345 72.478 -498.687 1.030
-67.526 18.843 -340.723 1.002
17.474 2.575 -446.604 0.786
10.516 -8.057 -361.957 0.872
-79.330 67.034 -441.651 1.064
67.682 -40.609 -404.054 0.967
40.826 -48.657 -385.481 1.035
-86.991 56.785 -369.138 1.153
-55.589 -8.232 -473.655 1.091
-98.175 -82.497 -398.527 1.162
88.982 -60.856 -414.808 0.978
17.397 51.799 -450.451 0.929
57.068 -52.646 -416.230 1.013
-14.561 -12.004 -344.092 1.052
68.922 -43.502 -373.187 1.074
23.905 50.758 -358.917 0.831
-14.697 -12.645 -355.307 1.144
24.899 86.304 -307.788 1.008
-13.782 -64.834 -347.341 1.060
33.934 58.549 -474.049 0.978
69.064 28.550 -359.674 1.016
95.677 99.474 -491.080 0.950
-81.498 51.696 -460.275 0.982
16.656 62.647 -317.438 1.064
59.055 51.583 -474.197 0.903
9.621 -86.752 -362.154 1.079
-99.950 -27.374 -359.995 0.723
-73.567 80.151 -315.270 1.145
30.206 32.255 -475.273 0.957
18.348 -74.362 -342.922 1.095
-53.632 -1.689 -404.728 0.978
-97.530 55.866 -351.219 1.077
-11.345 -90.612 -348.860 0.956
-12.038 -5.334 -350.298 0.962
9.311 -94.450 -480.637 1.112
-81.723 90.374 -397.661 0.985
-31.081 -62.678 -438.643 0.977
76.613 79.873 -455.313 0.961
33.275 29.481 -341.789 0.981
95.331 -54.327 -374.207 0.990
47.536 78.277 -385.717 1.092
80.201 51.900 -372.097 1.118
26.763 95.367 -450.163 0.971
-0.220 70.472 -498.599 0.974
-14.625 67.616 -446.626 0.954
-79.009 73.679 -374.944 1.021
-59.659 32.416 -356.294 1.004
-32.306 -38.670 -366.849 0.994
99.420 -93.613 -384.982 0.980
98.920 -5.566 -339.487 0.861
-80.317 66.689 -334.418 1.107
90.670 -94.542 -481.516 1.016
-78.215 4.255 -351.148 0.932
-18.229 -18.731 -445.597 1.043
-67.890 -83.440 -366.608 0.967
-78.254 8.652 -445.642 1.178
-45.731 82.965 -386.890 1.159
13.561 18.856 -372.536 0.963
67.032 65.543 -305.965 0.870
62.855 -48.588 -300.459 0.994
-97.139 73.219 -354.630 1.085
-9.054 -61.325 -382.946 0.807
84.108 -71.535 -347.423 0.968
-23.316 -26.778 -455.226 0.886
81.749 -87.857 -430.699 0.975
-95.190 -36.804 -311.822 0.977
-80.123 -16.714 -383.733 0.956
51.892 -94.079 -382.509 0.947
-16.400 -33.618 -393.359 1.247
-51.908 -90.496 -467.999 0.887
-21.967 53.252 -461.720 1.002
-66.028 -50.115 -347.212 1.098
-17.157 43.054 -421.773 1.115
5.368 -44.735 -434.847 0.987
-37.547 8.308 -374.310 0.974
-87.517 -52.012 -387.317 1.090
20.262 10.578 -373.070 1.046
-1.206 -39.160 -493.265 1.281
-71.009 12.767 -433.128 0.986
-29.557 -98.762 -330.352 0.993
-45.095 35.007 -340.634 1.075
-32.925 -13.474 -401.912 0.984
-74.159 -58.743 -403.346 1.123
-90.564 -21.487 -447.181 0.897
-36.624 -10.961 -413.535 0.835
-30.012 61.484 -355.078 1.156
29.149 50.499 -466.591 1.082
-66.489 19.124 -433.551 0.921
-11.023 -36.408 -477.300 1.093
-81.683 -49.077 -380.169 0.748
78.571 -60.885 -491.133 1.010
-34.371 -30.207 -434.977 1.102
-34.294 -15.770 -429.764 0.929
-69.308 47.392 -335.673 0.821
-8.570 49.880 -327.064 0.999
36.398 -59.576 -474.629 1.148
-31.851 17.222 -445.138 0.967
-85.605 -44.040 -367.065 1.039
-56.250 68.730 -310.358 1.143
71.882 -67.322 -499.176 1.011
76.127 11.666 -451.189 1.166
26.071 -54.014 -375.278 1.157
-52.929 -16.373 -497.074 1.090
17.577 29.628 -482.668 0.978
-31.826 12.626 -383.532 0.952
42.712 -52.040 -465.446 0.927
-13.464 7.728 -459.003 1.022
84.552 26.259 -355.384 0.944
53.974 19.517 -462.809 1.084
-14.989 46.920 -398.159 0.994
-27.781 35.614 -338.361 0.890
-37.985 75.036 -456.496 1.016
-50.494 -38.477 -492.444 1.018
-79.067 90.642 -330.806 0.848
44.406 54.809 -439.780 0.788
36.192 -24.716 -458.110 0.968
-89.536 -91.346 -391.728 0.993
71.884 67.784 -478.456 0.940
66.196 -16.248 -491.564 1.001
28.734 80.567 -433.584 1.035
-37.393 -32.426 -429.773 0.970
-50.167 56.761 -376.948 0.971
42.975 61.325 -349.834 1.071
-25.337 -43.061 -353.451 0.961
63.162 52.775 -361.051 0.987
-56.466 47.922 -389.879 1.054
14.715 99.989 -358.028 1.047
36.597 5.458 -315.647 0.933
81.633 24.945 -338.258 0.927
50.552 44.679 -423.535 1.020
-47.173 -48.163 -307.832 1.020
34.442 -71.415 -374.955 0.870
49.721 37.905 -474.353 0.966
43.244 -12.599 -301.296 1.015
88.162 -84.146 -367.811 1.226
46.424 65.036 -316.658 1.034
70.096 94.162 -441.432 0.943
-13.327 -47.628 -474.098 0.845
39.336 -32.547 -378.590 0.907
81.793 88.512 -341.985 1.106
-50.998 -51.998 -327.428 0.978
52.299 44.067 -306.259 0.993
-22.963 -87.282 -307.437 1.138
22.571 -24.715 -318.977 0.811
7.350 44.310 -468.829 0.849
-48.753 -79.124 -437.379 0.922
66.183 13.385 -464.001 0.880
88.494 -76.114 -451.355 1.025
26.790 -92.530 -345.939 0.954
99.306 -25.009 -361.111 1.019
11.095 -44.877 -380.989 1.020
-28.654 51.667 -466.994 1.015
28.596 73.755 -388.502 0.933
80.422 30.658 -372.920 1.017
1.468 97.013 -415.092 1.130
-86.030 68.469 -349.418 0.983
-66.968 -42.608 -485.805 1.129
-66.642 -29.923 -423.191 1.110
-39.782 -60.883 -375.222 1.097
-86.408 -17.558 -406.725 0.988
-77.265 -2.138 -371.750 0.882
-46.898 3.291 -465.571 1.063
49.845 -54.567 -350.676 1.279
-13.513 -17.039 -407.070 0.780
-83.239 -40.813 -363.972 1.150
0.589 90.531 -457.128 1.061
-53.787 81.422 -463.224 0.884
-63.863 26.072 -492.528 1.137
5.188 16.008 -309.004 0.926
83.659 33.338 -430.641 1.101
60.050 61.894 -346.917 1.007
-96.012 95.156 -314.357 0.884
-24.312 -70.104 -386.836 0.992
8.093 84.415 -308.185 1.028
3.723 -55.841 -414.522 1.029
23.356 80.193 -404.343 1.072
94.113 16.937 -349.294 1.072
1.128 40.317 -328.005 0.978
-72.497 73.369 -374.423 0.958
-76.115 -97.807 -381.590 1.054
-3.376 -32.072 -358.987 1.229
42.393 -59.431 -352.205 0.981
-62.934 20.039 -371.011 1.086
-54.152 85.259 -433.856 0.805
-34.594 83.832 -372.117 1.156
7.650 91.915 -480.164 0.865
36.958 -59.193 -358.684 0.983
-55.233 84.344 -377.200 0.949
-8.741 74.002 -370.123 1.108
26.353 52.111 -376.172 1.212
42.876 -67.600 -389.554 1.058
96.336 -84.275 -306.776 0.953
70.255 75.917 -451.739 0.918
-69.536 69.158 -421.709 1.012
-0.115 -80.227 -408.326 1.149
66.524 75.993 -346.201 0.929
75.325 -56.723 -411.860 0.893
4.546 21.450 -487.686 1.032
-69.679 -1.931 -401.699 0.999
35.074 94.267 -498.833 1.267
19.291 80.813 -352.810 0.760
54.433 12.795 -350.484 1.003
13.266 -71.669 -466.788 0.996
96.717 31.717 -363.403 0.844
71.984 -62.772 -371.738 0.999
17.487 82.714 -420.076 1.007
86.206 67.354 -463.313 0.926
10.869 30.947 -420.819 0.830
-27.269 72.664 -310.282 0.807
-19.862 93.241 -473.120 0.987
36.225 -11.784 -399.021 1.090
-72.352 -24.540 -357.902 1.045
63.499 28.224 -432.123 0.980
-60.038 59.514 -475.284 1.055
46.426 -26.953 -337.448 1.125
-79.933 -83.671 -455.628 1.028
-57.360 -74.030 -457.299 0.974
-44.055 -62.377 -407.388 0.945
-15.210 84.151 -470.100 1.056
82.380 -42.063 -377.528 1.035
41.998 0.022 -396.676 0.980
7.526 -98.392 -322.670 0.913
18.783 -21.986 -476.967 0.889
45.245 36.897 -309.752 1.182
74.337 44.046 -320.884 0.848
58.176 34.786 -300.431 0.870
-7.627 36.397 -392.179 1.037
38.093 69.626 -337.906 1.052
64.830 59.364 -418.651 1.168
-90.523 -25.169 -437.557 1.178
-70.038 23.531 -472.254 1.044
-53.020 -20.726 -352.864 1.049
45.877 10.340 -490.988 1.007
-63.278 -80.542 -397.773 1.026
-90.953 35.086 -396.682 0.940
-37.752 38.624 -482.016 1.057
-59.071 36.701 -407.821 1.275
32.149 -17.191 -465.277 0.858
78.269 8.458 -489.249 0.941
22.897 57.085 -389.606 0.963
48.985 77.860 -408.756 0.893
92.822 84.427 -420.635 0.790
88.610 17.478 -409.870 0.922
59.954 -18.960 -314.339 0.988
-37.672 13.923 -374.323 0.949
-9.841 -92.628 -313.751 1.012
76.371 -37.606 -392.131 0.949
40.192 -65.261 -427.714 0.831
98.726 44.811 -482.347 1.166
-76.793 64.725 -385.662 1.024
-87.819 -59.951 -473.671 0.966
47.994 -0.428 -354.695 1.049
34.730 87.045 -401.619 1.192
-58.651 -71.440 -410.361 1.026
40.447 -49.148 -412.024 0.995
42.910 28.953 -358.293 1.034
-87.849 -39.025 -372.369 1.070
68.654 -25.345 -301.992 1.040
55.241 87.495 -405.087 1.017
-73.824 -78.607 -343.757 1.159
-66.572 -96.515 -345.855 0.933
27.616 28.826 -407.041 1.004
-43.583 27.651 -300.525 0.971
-5.787 53.362 -354.821 1.057
73.227 69.204 -465.321 0.969
35.388 -21.334 -422.600 0.773
52.978 -71.726 -350.031 1.078
-86.885 74.102 -494.894 1.053
63.437 -90.145 -401.299 0.914
7.813 54.971 -384.066 0.830
73.986 7.419 -306.087 1.113
-98.402 -56.688 -428.118 0.796
-84.385 -75.030 -350.171 0.837
-39.920 -60.660 -379.432 1.070
35.011 -60.441 -347.604 1.083
-12.330 -48.044 -385.799 0.977
79.204 84.554 -324.915 1.084
12.676 -12.612 -470.351 1.060
22.519 -3.903 -397.719 1.067
84.418 -95.526 -453.194 0.992
96.599 -97.849 -381.782 0.970
-72.433 88.893 -404.241 0.988
77.275 -39.482 -432.026 1.207
13.249 26.097 -339.942 1.107
44.429 53.058 -346.110 0.978
18.229 -75.005 -365.498 0.952
-86.382 -18.479 -378.815 1.021
-33.540 -79.568 -349.032 0.789
-96.989 -49.591 -400.613 0.984
-0.478 -41.355 -353.286 0.980
-11.321 36.487 -448.488 1.109
97.454 -87.696 -419.625 1.017
28.337 2.798 -474.138 0.872
-60.740 80.213 -371.807 1.055
-49.662 35.452 -303.412 0.972
70.907 35.204 -403.736 1.059
46.505 20.433 -470.738 0.924
-41.233 24.535 -384.415 1.110
6.276 6.070 -386.241 0.868
13.918 59.032 -398.383 0.898
-22.801 -37.364 -352.190 0.906
92.918 97.681 -321.932 0.975
35.660 36.721 -420.169 1.149
-15.515 -23.354 -442.323 0.926
-33.840 -14.697 -354.501 1.046
-77.560 -76.064 -443.394 0.955
-57.863 -65.747 -424.691 0.917
15.493 -17.388 -398.055 0.890
95.826 -64.649 -361.000 1.018
-53.474 -49.277 -382.620 0.934
-19.976 99.475 -358.869 0.906
72.344 -10.090 -496.996 0.915
71.234 -70.556 -359.386 0.940
-62.469 14.953 -431.680 0.919
-88.219 -92.670 -345.666 0.947
-43.299 -6.464 -499.150 0.921
20.225 -63.574 -307.068 1.178
40.438 -11.546 -342.349 0.844
36.239 91.625 -413.554 1.072
-2.657 -86.121 -433.798 1.033
-82.198 -97.480 -309.650 0.988
72.035 -21.969 -421.208 1.163
99.156 -95.609 -424.932 1.041
-58.442 -89.779 -429.802 1.082
97.093 35.826 -443.088 0.903
57.835 38.453 -424.720 0.983
8.919 -30.940 -358.797 0.953
81.431 47.748 -307.578 0.915
21.024 -52.513 -386.745 1.150
-19.585 -30.998 -481.862 1.025
-36.504 -95.083 -385.574 1.049
-34.467 97.276 -460.149 1.057
38.618 -26.476 -395.225 1.153
-1.420 -44.043 -429.729 0.882
-71.810 -68.010 -458.557 1.138
56.348 93.868 -413.200 0.941
-33.304 -14.472 -492.187 0.908
66.093 50.726 -367.773 0.930
-0.368 -97.623 -396.850 0.853
70.093 -56.693 -458.539 1.162
-32.308 -84.183 -497.851 1.092
-84.214 -96.510 -319.759 1.044
51.029 -60.078 -392.442 1.126
18.741 -53.173 -301.069 1.007
56.422 80.146 -475.911 0.745
72.487 52.824 -343.037 0.933
-17.217 76.956 -488.593 1.200
49.419 -86.731 -340.144 1.003
-47.673 -81.981 -349.381 1.142
8.519 -42.421 -311.963 1.090
-30.766 51.939 -319.231 0.885
45.456 49.056 -476.854 0.982
82.900 13.350 -323.590 1.044
85.585 -6.225 -460.978 0.949
-28.058 55.378 -357.285 1.016
-5.314 55.864 -499.065 1.138
-87.782 -72.797 -300.785 1.236
35.150 -57.349 -448.784 1.059
83.802 21.361 -351.622 1.006
73.210 -66.440 -359.469 1.058
-43.165 1.365 -336.678 0.950
-18.356 -12.605 -427.842 0.974
4.133 -14.495 -491.289 0.987
15.097 28.924 -351.897 0.958
53.422 33.130 -372.719 0.977
46.023 -24.229 -473.092 0.980
42.203 -2.904 -344.509 0.991
-23.585 -71.256 -462.103 1.055
78.077 -0.287 -468.150 1.009
-21.175 -34.377 -441.480 1.025
71.119 -37.650 -326.382 1.074
-21.412 -20.960 -359.261 0.969
77.576 59.031 -374.518 1.035
