-17.232 43.902 -372.570 0.985
-23.959 -80.332 -433.548 0.971
90.022 23.256 -404.611 0.988
73.459 -61.380 -448.580 1.065
66.075 -1.444 -420.969 1.141
-68.241 93.545 -403.605 1.063
-82.933 77.218 -339.557 1.054
-91.482 -8.536 -354.702 0.972
-7.050 32.711 -395.150 1.090
54.934 90.769 -393.348 1.050
-14.589 85.620 -487.784 1.088
45.595 7.993 -480.413 0.943
-82.901 13.981 -418.769 0.978
-8.465 -40.241 -421.418 0.964
12.927 -3.708 -467.182 0.966
-9.234 95.571 -491.566 1.158
-7.696 74.548 -305.144 1.132
74.609 47.789 -450.969 1.059
26.666 16.898 -355.666 0.943
-49.063 -37.219 -418.654 0.995
-5.785 39.861 -331.475 1.188
32.923 -85.501 -436.512 0.987
-12.133 30.411 -312.687 0.930
50.151 -33.311 -412.779 0.875
-19.992 -2.535 -406.874 0.937
-11.562 -86.030 -304.351 1.025
-24.786 13.879 -423.453 1.118
51.059 -45.288 -343.894 0.977
9.101 44.446 -438.031 1.066
59.077 44.926 -456.100 0.924
-77.553 -46.003 -410.199 0.912
-36.926 -77.258 -418.577 1.013
-55.600 26.628 -416.255 0.907
52.933 -64.416 -307.891 1.025
-74.911 33.559 -420.685 0.969
75.210 25.484 -448.309 1.053
-73.705 -0.937 -471.637 1.133
18.946 42.713 -397.288 1.020
-20.700 -70.235 -331.885 1.137
23.129 13.961 -409.038 0.950
45.586 -29.671 -470.202 0.853
-44.903 -26.801 -446.816 1.031
98.338 -53.256 -395.668 1.040
-58.455 70.846 -458.762 0.971
27.844 33.621 -348.709 1.139
50.052 -64.134 -395.437 1.103
37.688 -45.007 -454.703 0.946
79.507 45.653 -495.037 1.031
-69.942 -43.181 -496.446 1.001
18.420 30.994 -320.218 0.905
-92.778 -51.222 -485.795 0.969
-50.480 -32.328 -441.800 0.898
90.949 -16.023 -348.277 0.878
-36.978 12.625 -420.383 1.117
52.462 40.274 -321.595 1.075
87.928 -8.776 -391.483 1.174
42.259 8.701 -325.422 1.053
79.437 -68.870 -425.587 0.948
-81.369 -5.451 -373.546 1.020
20.851 -77.609 -497.527 1.013
-46.942 37.513 -498.119 0.891
-17.288 -75.117 -436.978 0.873
23.084 -10.994 -400.863 1.000
7.026 -64.285 -454.951 1.073
-90.772 62.844 -333.918 0.947
5.490 -32.269 -375.415 0.990
-58.929 -42.314 -341.528 1.013
63.119 61.724 -446.478 1.069
80.074 59.298 -488.823 1.132
23.814 -70.019 -369.125 1.042
59.862 74.815 -321.011 1.121
11.568 17.104 -300.650 1.040
95.076 31.413 -371.282 1.073
46.166 12.410 -469.880 1.013
-29.536 -9.072 -497.388 1.039
-85.773 66.708 -338.455 1.046
-92.804 76.164 -460.841 1.005
38.143 -89.808 -320.020 1.111
95.447 55.544 -329.109 1.021
-93.338 64.135 -450.628 0.940
36.095 63.011 -345.274 1.023
-9.837 40.537 -473.470 0.946
-82.811 -53.454 -352.943 1.060
-4.594 -98.183 -458.200 0.902
-16.347 20.714 -371.959 0.960
54.136 -66.798 -307.224 1.145
-32.305 62.096 -394.955 1.031
-75.218 62.556 -413.931 1.175
78.001 87.516 -343.854 1.083
65.301 92.330 -498.513 0.943
-9.005 -28.559 -468.743 0.945
-34.377 -75.491 -414.604 0.883
-87.991 -70.636 -412.479 0.854
95.441 -27.834 -427.661 1.040
-32.099 -25.346 -324.040 0.845
7.660 -57.472 -402.678 0.884
85.218 -42.873 -474.872 0.968
46.301 29.370 -440.568 0.970
19.279 51.917 -469.094 0.975
-53.041 15.531 -393.400 1.102
18.536 -78.233 -404.799 1.039
37.013 32.680 -443.814 1.081
-13.870 -20.968 -355.519 1.076
-36.657 -22.226 -457.071 0.885
25.056 -26.689 -329.073 1.095
-99.346 67.620 -472.509 1.002
23.328 -65.019 -405.641 0.785
-7.757 -74.425 -322.054 1.107
-61.883 -8.203 -460.466 0.968
8.227 40.771 -403.380 1.031
1.594 97.135 -436.954 0.904
-94.835 11.225 -464.605 1.088
-57.626 -12.450 -482.227 0.759
-98.321 -44.625 -370.400 1.186
21.116 87.046 -469.214 0.927
-68.859 23.077 -460.084 1.022
18.852 -45.629 -418.033 1.127
75.393 22.723 -374.156 0.865
45.412 -59.843 -335.005 0.812
63.903 -15.441 -443.905 0.776
-98.236 23.631 -375.141 0.862
16.039 -18.471 -340.543 0.837
12.838 48.786 -366.515 0.982
-55.312 72.548 -439.660 1.138
75.602 83.461 -428.996 0.869
61.695 -20.465 -369.179 1.045
57.073 41.438 -410.238 0.995
-93.825 52.823 -410.764 1.147
3.089 -37.136 -405.253 0.969
-38.343 -21.807 -491.175 1.004
-10.123 75.005 -409.240 1.127
-18.183 -17.200 -436.074 0.848
-23.812 -15.609 -465.696 0.946
-47.729 -67.446 -385.501 0.949
30.325 35.703 -434.746 1.082
88.746 19.029 -305.750 1.227
36.570 -61.194 -383.527 0.896
66.984 51.674 -384.836 0.981
48.440 73.631 -306.049 0.987
57.643 50.914 -393.972 0.980
58.642 41.266 -401.845 1.058
58.705 68.696 -329.429 0.874
29.254 -35.335 -356.191 0.967
87.935 -38.411 -397.224 1.092
37.997 -73.457 -310.167 1.028
45.642 -46.070 -425.925 0.878
-88.525 1.360 -302.669 1.023
99.644 -77.306 -458.992 1.015
-3.499 -15.119 -414.105 1.103
68.053 75.951 -345.648 1.024
-46.640 68.994 -473.269 1.003
69.471 -35.381 -387.848 1.061
-89.127 48.108 -426.609 0.949
17.454 -47.016 -367.411 0.906
68.293 -62.708 -372.477 1.036
-0.229 -16.946 -316.233 0.970
72.682 -68.880 -301.597 1.000
-23.477 96.999 -432.324 0.971
11.157 33.771 -371.303 1.182
16.521 91.038 -340.969 0.992
-95.026 75.067 -346.612 0.891
67.708 87.893 -434.841 0.937
-66.680 -71.238 -301.317 1.062
-99.008 56.891 -410.594 0.984
52.262 -52.963 -490.820 1.118
36.774 32.623 -318.848 0.946
54.997 -38.981 -424.822 0.978
-78.770 -96.209 -358.384 0.939
-29.768 93.910 -370.240 1.027
-19.177 -47.532 -425.185 0.964
-91.560 58.106 -416.621 1.103
-45.706 -49.091 -343.191 1.026
24.711 -59.302 -335.936 1.023
-45.476 51.609 -347.623 0.958
-44.642 89.324 -331.631 0.738
84.142 27.905 -408.239 0.906
-75.128 60.334 -305.409 1.114
60.078 -74.950 -363.677 0.985
-48.313 -50.912 -442.338 0.981
-52.215 -40.827 -444.597 0.997
-84.476 98.528 -430.401 1.007
-28.539 27.039 -391.197 1.067
-45.049 -76.223 -423.951 0.830
40.247 -4.220 -474.631 0.849
-9.852 -80.306 -343.199 0.913
-12.391 17.164 -426.700 0.972
-24.808 -42.963 -334.488 0.879
-23.416 -10.390 -474.237 1.008
82.223 70.830 -450.995 0.955
87.372 49.390 -433.039 1.053
-22.229 -27.749 -352.820 1.094
15.921 67.027 -466.522 0.879
56.531 7.242 -375.620 0.998
37.028 -99.386 -435.195 1.065
-86.675 26.581 -326.805 1.099
23.161 91.051 -349.374 1.059
33.399 -63.547 -405.073 1.029
35.749 12.853 -444.532 1.003
-28.075 74.199 -462.217 1.014
64.576 -15.452 -342.371 1.114
-35.644 6.749 -395.105 1.078
78.508 -17.509 -414.791 1.057
81.420 -75.192 -465.725 1.028
29.914 -62.644 -485.740 1.098
40.843 33.383 -401.690 0.847
15.345 -94.220 -426.792 1.024
-38.374 -92.353 -454.146 0.986
-46.374 57.686 -353.816 0.924
-5.640 9.627 -436.693 0.933
-48.145 79.454 -389.993 1.107
27.145 -50.811 -472.419 1.132
92.948 -21.898 -396.548 1.096
-31.173 -3.012 -408.239 1.082
-62.383 83.395 -484.252 0.821
78.361 -34.705 -360.375 1.148
-40.076 88.888 -432.163 0.991
33.791 -65.415 -438.519 1.071
68.079 -82.895 -427.115 1.240
72.965 -1.031 -430.418 1.179
-13.740 6.763 -443.534 1.107
75.444 -0.102 -316.006 1.214
-77.162 65.466 -497.681 0.814
63.529 54.446 -388.017 1.025
-91.249 61.108 -378.299 0.947
-66.155 -52.764 -457.537 0.841
-48.343 -22.951 -302.191 1.071
77.251 54.372 -454.809 0.991
-91.962 -14.000 -494.416 0.894
65.078 -39.762 -389.428 1.023
35.675 81.673 -423.612 1.052
-61.113 -85.657 -307.466 1.199
-9.897 7.269 -413.114 0.974
-21.212 28.583 -445.850 0.886
30.731 15.400 -379.987 0.972
-2.108 80.478 -447.219 0.934
9.635 6.559 -326.115 0.919
-66.720 -41.975 -477.052 1.126
-64.995 0.517 -476.636 0.908
50.934 44.582 -489.133 0.983
-75.075 36.560 -373.569 0.993
-11.502 -88.963 -394.317 1.059
79.531 32.750 -306.337 1.051
97.599 -82.944 -486.953 0.858
43.286 -13.105 -303.148 1.121
-91.512 37.180 -383.089 0.824
-83.274 -25.650 -465.131 1.062
19.449 -98.287 -411.179 1.082
27.725 -55.403 -488.584 0.999
-96.591 -65.138 -444.359 1.028
61.069 1.546 -428.891 0.805
90.099 -95.232 -464.369 0.897
37.902 -1.670 -325.923 1.146
-66.616 73.530 -333.295 0.853
39.831 -64.697 -384.053 1.021
89.978 -56.928 -469.050 1.119
27.296 -26.011 -362.245 1.023
-19.683 -50.601 -427.279 0.986
-14.987 66.529 -343.379 0.950
-37.857 -8.367 -403.137 1.222
-22.285 -5.866 -466.766 0.934
-41.274 -62.360 -392.485 0.934
78.541 -17.968 -438.592 1.140
-57.299 72.431 -398.864 0.927
3.588 -7.463 -413.687 1.138
-0.251 46.237 -313.330 0.825
2.307 21.924 -465.299 0.937
-0.141 27.195 -447.773 1.026
40.970 91.024 -391.156 0.913
49.375 -6.170 -347.768 1.233
-44.007 -37.785 -356.796 1.072
-56.385 -9.841 -484.464 0.807
77.339 -38.910 -449.222 1.040
27.240 49.719 -301.071 0.870
-15.219 -72.115 -449.685 0.954
43.974 50.602 -414.994 0.817
1.279 -60.921 -417.396 0.931
-70.391 -52.096 -446.471 0.839
43.390 -48.421 -448.266 0.991
34.293 -47.321 -317.505 0.974
42.156 -39.103 -417.345 1.020
-13.430 -22.516 -382.086 0.865
27.218 27.602 -373.646 0.776
-5.110 -61.795 -356.433 0.989
-17.827 -15.003 -342.588 1.051
62.606 -17.597 -445.898 0.972
-39.659 -83.247 -442.567 1.109
60.784 -99.058 -476.209 1.245
73.260 -20.638 -358.905 0.968
61.021 30.964 -471.199 0.913
-21.090 4.145 -371.451 1.112
39.707 -84.870 -302.358 0.975
42.064 -68.833 -316.054 1.118
-44.824 83.605 -429.470 0.986
6.190 59.890 -430.495 0.910
95.340 -80.511 -311.877 1.008
86.310 66.110 -418.443 0.875
38.263 -7.171 -340.956 0.955
-61.045 -55.454 -459.351 1.105
-95.829 86.419 -314.660 1.072
56.131 -97.020 -460.227 1.022
47.319 -20.413 -330.259 1.069
12.083 -79.297 -445.800 1.092
-2.729 -95.874 -365.850 1.129
-96.910 57.691 -354.454 1.076
-75.982 86.762 -372.744 1.075
4.137 -85.849 -316.503 1.115
75.996 18.678 -423.173 1.027
9.621 43.166 -438.446 1.172
-40.252 46.136 -460.419 1.000
-40.208 -19.135 -340.588 1.091
-31.832 -74.314 -362.511 0.912
80.096 -62.346 -370.385 1.052
-71.749 13.462 -429.020 1.000
-10.214 -58.275 -448.339 0.997
78.100 45.562 -360.905 1.104
71.153 -28.626 -402.221 0.866
-0.919 -89.598 -362.222 1.031
5.317 -97.884 -391.795 0.941
-11.060 83.127 -414.381 0.921
-50.022 -20.650 -380.111 1.102
70.311 51.607 -452.517 0.961
65.848 -25.566 -498.012 0.740
-83.900 -94.970 -404.710 0.924
1.557 91.223 -470.722 1.017
24.465 -98.240 -412.189 1.122
5.214 61.314 -370.264 0.920
-23.246 -95.413 -462.963 1.089
77.956 -64.633 -444.251 0.925
-0.139 -99.420 -324.197 0.893
-39.651 -22.107 -355.543 1.077
96.766 -18.507 -353.936 1.021
-36.107 53.786 -492.656 1.087
-67.597 -38.175 -330.808 0.964
-15.462 -25.350 -436.805 0.955
88.838 97.039 -453.874 0.912
-29.303 -61.684 -364.853 1.101
1.516 27.964 -372.368 0.901
-2.697 67.030 -435.882 1.041
-91.730 -14.047 -426.597 1.204
57.718 67.151 -341.903 1.012
-30.250 78.438 -466.830 1.031
-98.348 -23.058 -480.690 0.846
93.529 -68.900 -339.600 1.293
87.381 39.385 -479.215 1.035
93.471 39.169 -317.461 0.960
-56.224 22.112 -429.052 1.099
-7.833 0.732 -461.656 0.972
94.485 93.142 -300.415 1.109
-16.089 -69.766 -430.571 0.920
-83.364 30.014 -321.135 1.022
58.328 -62.971 -339.447 1.210
-53.470 48.708 -337.855 0.814
-79.459 -21.800 -435.823 0.960
-75.172 -62.397 -468.801 1.114
-18.996 -30.721 -415.625 0.944
-15.636 -14.697 -489.154 0.987
-82.967 22.467 -384.545 1.002
42.928 21.771 -319.080 0.844
-6.314 67.865 -325.380 1.098
55.331 46.455 -355.617 1.043
6.863 -0.489 -443.377 1.016
68.358 5.666 -476.918 0.851
-34.064 5.303 -424.881 0.962
-48.315 9.883 -377.531 1.087
45.487 -1.987 -498.060 0.953
-44.471 41.671 -467.984 1.042
-64.762 88.382 -395.733 0.916
-76.210 17.774 -396.132 1.089
72.560 -59.027 -382.496 0.923
-18.158 -26.726 -431.805 1.035
-71.903 -87.168 -474.560 1.117
-47.418 -81.545 -483.076 0.950
10.575 9.766 -480.723 0.797
-86.911 54.505 -485.681 1.019
46.107 -57.734 -359.972 1.055
2.493 27.493 -355.005 0.971
73.773 -56.091 -394.443 1.084
61.005 -71.314 -476.443 0.857
76.808 25.847 -344.495 1.042
-82.898 93.112 -343.580 0.934
-82.735 15.032 -306.783 0.896
90.465 -91.442 -331.086 0.999
-53.683 84.366 -433.948 0.955
-26.884 -1.558 -411.736 1.113
14.542 -33.358 -499.587 1.072
92.870 70.736 -391.406 1.122
-81.523 81.414 -342.872 1.152
18.815 -55.779 -398.027 0.993
94.764 75.079 -481.612 1.077
-53.240 -11.610 -320.017 0.969
13.905 3.377 -415.838 1.128
-86.245 27.481 -490.206 0.876
40.965 72.006 -466.913 0.995
-59.863 27.544 -445.174 1.198
-48.072 66.253 -413.256 0.926
45.371 -59.555 -471.029 0.830
-62.938 4.417 -374.478 1.044
-64.299 19.542 -455.653 1.138
5.367 -22.973 -390.095 1.127
-13.264 -34.648 -323.506 1.071
11.441 -22.896 -348.150 0.853
0.689 35.048 -405.719 0.865
97.652 -31.961 -429.882 0.897
33.558 -51.971 -422.680 0.973
-61.505 -64.259 -398.694 0.971
-73.301 14.257 -471.159 0.952
61.406 -93.931 -330.977 1.039
48.859 97.301 -465.690 1.010
-79.633 -83.995 -381.481 0.919
-30.688 94.906 -385.191 1.179
48.324 9.391 -332.438 0.938
35.722 20.433 -494.618 1.118
-18.080 32.126 -424.884 0.927
-89.857 5.064 -348.354 0.958
-24.815 -31.318 -417.278 0.762
-85.790 96.276 -302.009 0.917
-12.724 -73.009 -468.089 1.048
15.231 -50.824 -369.586 0.995
-68.759 45.161 -385.184 0.906
85.445 63.555 -366.233 1.001
-55.742 -26.625 -458.551 1.133
83.427 31.288 -491.786 0.969
95.862 21.677 -402.686 1.099
-53.113 54.356 -400.300 1.061
56.199 55.127 -454.142 1.149
94.191 4.090 -447.462 1.136
-28.003 -76.163 -333.279 1.005
-44.287 -32.921 -353.940 1.055
72.508 61.298 -487.848 1.042
-39.997 -18.744 -499.807 0.889
86.303 -71.874 -370.600 0.955
-12.122 -49.626 -378.273 1.151
27.725 75.324 -355.428 0.975
72.905 -79.654 -481.201 1.064
-85.624 31.641 -307.323 1.084
-43.435 -9.422 -348.322 1.023
-26.600 -4.424 -342.870 1.128
-84.544 47.856 -466.330 1.004
77.264 -93.274 -381.253 0.993
-55.864 99.976 -356.680 1.112
-41.880 42.834 -435.185 0.916
96.446 -87.257 -411.110 0.974
-41.460 -58.425 -459.950 0.847
-30.685 24.149 -487.423 1.000
60.163 19.046 -365.634 1.182
25.361 -26.008 -441.315 1.123
57.810 25.621 -335.167 1.073
-83.818 66.120 -432.811 0.910
96.777 60.093 -337.810 1.021
-33.074 73.080 -341.473 1.004
-14.217 73.881 -347.122 1.145
-1.896 81.058 -359.851 0.962
-58.256 -21.083 -474.079 1.030
80.163 14.472 -362.959 1.089
52.329 99.855 -317.016 1.175
24.832 40.190 -469.554 0.820
24.696 -42.163 -402.270 1.000
72.036 -10.725 -357.683 1.218
52.990 -6.277 -498.263 1.141
7.081 -85.654 -480.748 1.035
60.868 -93.456 -400.099 0.871
-86.555 -75.691 -422.552 0.987
-15.125 83.185 -470.797 0.972
-10.427 -72.860 -457.048 0.915
97.549 -28.624 -405.696 0.803
0.748 -58.465 -497.124 1.059
-49.941 -30.229 -329.925 0.919
-92.282 39.013 -378.061 1.069
-14.063 -94.090 -424.795 1.057
-18.893 58.815 -319.609 1.142
-32.670 -15.976 -339.405 0.966
39.725 -47.425 -387.436 0.946
-34.224 -94.442 -474.079 0.916
95.407 -27.212 -448.038 0.947
94.992 56.488 -433.302 0.840
-72.426 -7.074 -431.868 1.169
-78.382 -33.709 -451.811 1.011
27.821 -11.504 -424.240 0.937
-15.548 81.415 -315.336 1.084
-69.688 55.703 -398.525 0.967
61.114 -90.943 -437.814 0.979
70.413 -53.082 -469.939 0.882
37.264 -9.438 -404.500 1.029
-85.862 -92.301 -331.163 1.188
-9.917 80.298 -398.373 1.030
2.337 -1.546 -408.979 1.047
-8.034 90.481 -498.092 0.945
-0.646 -33.445 -401.608 0.885
-97.936 -51.320 -441.796 0.885
8.861 31.652 -466.739 1.138
-99.687 -35.247 -435.143 0.940
12.111 -23.526 -332.534 1.072
74.826 -69.146 -304.491 0.893
-16.865 84.155 -423.613 1.037
-96.271 59.022 -399.968 0.925
-24.465 -4.969 -309.700 1.021
-22.550 -66.319 -442.911 0.938
-89.951 -24.106 -493.800 1.066
-64.954 65.965 -302.967 1.172
96.050 22.620 -359.273 1.192
77.839 50.201 -300.333 0.855
20.040 80.094 -357.822 0.934
-89.278 49.827 -383.085 0.923
-87.112 7.054 -466.438 0.933
-42.182 5.892 -495.561 1.091
70.296 92.423 -356.315 1.126
-6.987 -72.388 -408.211 0.930
25.957 50.689 -398.466 1.014
21.182 -3.440 -373.758 1.025
80.078 33.438 -418.177 1.023
37.011 -62.385 -381.363 1.023
-46.970 67.441 -363.709 0.926
86.578 -27.715 -499.724 1.114
38.187 -27.975 -374.645 0.849
56.733 -69.069 -411.845 1.021
95.713 12.277 -444.678 0.895
-30.807 -67.316 -334.767 0.992
-39.538 -57.901 -430.299 0.913
-92.710 -41.170 -431.876 1.065
-4.292 -3.066 -453.143 0.966
73.589 -94.313 -422.679 1.068
-44.983 -36.180 -395.660 0.857
-28.586 -43.589 -421.500 0.862
49.472 14.967 -465.265 1.043
75.046 -11.292 -388.798 0.992
-27.200 32.788 -398.753 1.054
-25.390 -4.967 -369.778 0.919
-90.597 -52.625 -491.291 1.008
95.164 -20.913 -411.635 1.042
11.950 67.475 -432.475 1.118
-98.313 -86.396 -433.333 1.029
-21.062 -17.367 -477.297 0.973
-96.528 30.004 -329.392 0.979
51.517 -74.821 -410.150 1.031
-20.260 -55.050 -378.242 0.929
-90.749 29.976 -376.837 0.943
-35.029 -18.215 -440.888 1.062
22.474 14.833 -349.028 0.997
-46.904 -14.507 -382.816 1.061
-54.778 4.920 -396.233 0.941
48.441 2.717 -483.454 1.210
-85.264 56.876 -354.945 1.138
53.295 58.194 -345.015 1.139
-77.412 91.471 -426.414 0.949
-12.196 -54.556 -481.532 1.021
-87.588 -54.284 -325.389 1.031
-73.596 14.069 -494.839 0.882
16.134 -23.166 -303.535 1.016
-33.805 72.513 -406.884 1.145
12.721 -0.952 -355.339 0.974
8.748 70.524 -495.551 0.923
83.107 -15.909 -310.162 0.879
-12.414 9.335 -446.744 1.277
16.529 -65.100 -311.010 0.815
57.912 -11.412 -352.977 1.035
-95.996 59.129 -330.411 1.250
-64.468 2.597 -416.744 1.123
43.137 -85.040 -316.903 0.909
-85.737 30.455 -404.062 0.886
-58.289 86.170 -373.708 1.061
80.932 -12.239 -427.957 0.888
95.569 94.021 -369.203 0.918
-7.972 22.146 -391.265 1.170
-24.252 29.542 -358.353 1.087
74.652 35.014 -396.253 0.950
73.839 34.067 -406.685 1.006
-12.781 15.482 -378.489 0.919
52.191 -59.204 -463.234 1.041
19.156 22.145 -417.504 0.903
39.717 64.845 -350.433 1.011
-2.134 -1.846 -434.855 0.877
62.718 -71.274 -339.411 0.895
-90.201 53.918 -323.419 0.931
-73.276 -81.148 -328.763 0.902
-30.877 17.641 -405.211 1.043
-36.719 92.037 -412.768 1.184
8.371 21.124 -329.256 1.179
-51.503 39.215 -368.727 1.013
62.558 -33.737 -483.767 0.909
-67.541 47.013 -428.565 1.070
-74.110 2.735 -498.487 1.169
99.838 24.845 -314.008 1.073
-23.608 -21.560 -475.212 1.078
-96.755 -74.958 -427.137 0.857
77.364 14.091 -452.408 1.068
44.338 -48.606 -330.372 1.108
84.361 -34.106 -313.197 1.041
-12.755 86.491 -456.382 0.987
57.427 77.553 -301.608 0.963
55.062 20.775 -446.354 1.012
-78.154 91.842 -328.976 0.810
-17.234 -73.902 -432.127 1.001
-36.988 39.137 -364.907 1.027
-44.010 -43.988 -321.605 0.981
-81.014 -53.347 -336.299 0.938
72.945 65.366 -386.035 1.153
13.351 57.282 -332.013 0.998
-2.476 25.161 -414.333 0.919
8.411 27.663 -337.853 0.731
96.247 36.685 -367.725 0.989
-56.890 -50.597 -433.324 1.032
-71.801 -59.745 -322.092 0.885
58.144 -24.563 -455.922 0.811
63.962 -67.264 -397.848 1.071
-82.206 35.419 -478.801 1.027
44.855 -55.665 -358.698 0.906
-26.140 -36.303 -414.635 0.860
77.564 57.756 -322.736 1.093
-44.256 67.367 -496.365 0.932
-43.786 94.464 -416.345 1.052
55.533 67.377 -429.660 1.030
25.261 -86.786 -439.489 1.164
-10.453 96.891 -410.460 0.798
-15.598 -66.254 -370.746 1.080
16.898 73.498 -368.126 0.891
74.627 45.422 -310.781 0.966
28.532 -82.977 -429.663 1.033
-19.240 89.524 -347.325 0.739
68.930 38.387 -431.624 1.115
43.282 52.770 -401.962 1.084
-64.569 -23.372 -389.328 1.031
86.915 -6.130 -408.182 0.859
-1.612 -54.266 -410.062 1.065
-75.741 83.418 -451.057 0.980
-75.477 -60.381 -373.555 1.028
-25.801 -64.698 -349.489 0.829
-2.026 60.842 -334.456 0.964
60.848 -71.550 -484.456 0.843
45.326 83.016 -471.559 1.119
-47.528 86.912 -308.220 1.016
-29.149 79.965 -437.192 1.181
-27.003 8.252 -357.014 1.121
-11.495 34.627 -365.641 1.056
-53.992 71.237 -347.337 0.995
-67.802 29.381 -312.232 0.801
60.041 -94.954 -468.468 1.078
46.027 -8.449 -462.609 1.145
-67.422 16.121 -389.881 1.167
83.429 -76.116 -424.658 0.964
34.877 45.962 -328.292 1.173
-49.479 -80.803 -306.161 1.079
-58.057 -10.038 -488.510 1.142
61.351 13.602 -382.476 0.910
-58.426 44.659 -411.771 0.840
-69.582 -46.362 -372.068 1.043
4.512 -90.440 -351.795 0.949
87.743 -96.700 -454.292 0.874
25.209 -81.508 -321.630 0.975
-60.053 98.062 -329.028 1.093
-83.220 51.184 -483.946 0.985
96.329 -89.920 -487.084 1.048
99.010 60.022 -350.920 1.040
60.413 -26.377 -399.765 0.985
-34.603 -21.028 -378.014 1.003
-11.566 -60.460 -314.833 0.976
36.995 3.960 -414.264 1.066
65.808 69.800 -454.313 0.910
74.618 63.271 -330.146 1.040
91.743 -34.652 -328.498 0.988
67.316 97.185 -420.761 0.990
-89.100 -33.255 -489.191 1.169
91.178 -94.298 -468.114 0.929
19.058 -95.511 -334.418 1.069
-85.944 -30.984 -399.756 1.004
46.072 -24.631 -410.988 1.048
68.028 -15.779 -312.422 0.897
-88.462 -24.567 -343.272 1.187
-12.165 33.283 -476.926 1.194
30.603 -65.091 -417.781 1.020
-95.582 -68.704 -370.941 1.050
44.434 -94.036 -337.793 0.968
25.829 -49.806 -473.213 1.054
-77.686 -99.933 -310.091 0.906
45.479 12.559 -469.075 1.001
-77.264 99.203 -416.532 1.004
-33.131 44.787 -422.750 0.927
78.046 74.649 -320.388 0.963
3.389 -66.179 -343.162 1.172
-8.051 -70.832 -433.851 1.092
64.416 -51.957 -449.593 0.965
47.363 2.230 -473.463 1.068
51.040 -5.755 -326.832 1.004
64.994 82.467 -368.158 1.279
29.992 -13.983 -355.110 1.108
15.914 -11.805 -435.512 0.865
89.918 -65.264 -342.038 0.735
-37.630 42.978 -404.049 1.056
43.135 -92.659 -397.942 1.028
-41.091 -49.390 -466.143 0.956
93.286 -49.893 -317.505 0.895
16.040 -13.724 -488.665 0.932
-6.011 -50.340 -336.897 0.776
-45.038 -28.960 -428.597 1.022
-92.538 -74.041 -422.966 0.979
-53.315 -32.304 -335.461 1.262
-8.313 49.401 -337.409 1.000
-33.398 -77.147 -302.342 0.869
5.605 -50.314 -310.006 0.980
3.689 28.047 -335.677 0.947
31.449 -83.948 -499.147 1.178
56.392 -20.337 -411.649 0.978
35.744 68.706 -401.755 0.935
-19.592 85.473 -357.129 0.905
99.073 33.619 -354.362 0.946
-52.462 83.206 -420.091 1.004
-63.591 54.083 -325.930 0.880
42.952 0.126 -449.816 1.057
76.263 87.932 -420.944 0.772
-72.277 -96.758 -311.869 1.054
-53.932 -22.807 -382.183 1.023
-85.190 -8.758 -368.034 1.052
-7.436 45.351 -417.954 1.115
-24.443 75.903 -300.202 0.892
-86.019 6.942 -458.004 1.136
-86.340 -80.359 -393.730 0.913
-72.048 36.886 -481.428 0.925
-77.504 -63.068 -314.085 1.062
62.631 -29.794 -483.630 0.893
54.575 -28.474 -447.941 0.978
-57.780 89.521 -406.929 0.909
99.899 99.745 -384.275 1.083
54.146 60.973 -421.221 0.995
-53.879 -17.255 -332.327 1.149
-95.307 80.613 -405.728 1.023
-57.146 16.785 -377.262 0.726
91.865 4.090 -391.177 1.088
-86.816 89.729 -326.912 0.894
-73.642 75.784 -453.242 0.829
66.003 -90.829 -337.639 0.959
-52.961 78.754 -476.656 0.943
-40.072 6.520 -484.393 1.106
17.490 19.270 -411.359 1.096
-69.488 -85.871 -363.862 0.859
-80.764 40.340 -393.062 1.034
15.106 42.217 -475.402 1.170
30.662 -45.446 -336.242 0.923
-72.705 66.991 -331.574 1.091
-62.608 -47.073 -347.749 0.970
7.926 94.365 -486.833 1.122
-94.601 -50.386 -393.209 1.100
90.411 23.332 -311.493 0.943
3.495 -67.132 -367.768 1.169
-8.991 27.148 -484.090 0.998
-89.192 -96.650 -424.720 0.955
-8.718 -39.831 -463.305 1.001
-50.690 -93.172 -423.781 1.025
-15.141 56.317 -474.787 1.003
-27.522 93.031 -385.063 0.831
55.776 86.093 -315.324 1.082
-18.312 -58.317 -454.200 0.870
-18.011 -4.145 -487.155 0.994
50.495 -94.717 -327.434 1.032
-35.397 -92.642 -307.732 0.971
-24.502 3.653 -468.762 1.012
2.393 6.915 -405.924 1.140
-90.557 -17.896 -408.879 1.063
-90.399 -85.142 -493.072 1.013
60.008 -12.419 -430.068 1.084
22.896 37.561 -438.878 1.083
-66.216 12.947 -461.843 0.999
72.605 92.259 -373.222 1.090
-7.280 87.439 -430.347 0.994
86.092 21.492 -337.748 0.909
7.209 44.092 -465.922 0.907
49.139 -68.148 -432.531 0.931
-68.584 -36.818 -394.101 0.919
-16.063 58.955 -371.095 0.892
86.999 -17.216 -383.348 0.959
74.961 52.711 -394.639 1.124
-87.967 -11.781 -422.565 0.999
-38.514 84.397 -386.662 0.869
-1.167 -14.494 -391.953 0.895
51.614 -36.809 -449.437 1.155
3.226 75.433 -464.069 0.859
-47.263 77.621 -326.194 0.940
-20.723 -11.741 -364.524 0.851
-74.963 52.531 -365.634 0.936
-14.383 46.071 -312.104 0.928
78.454 97.146 -417.890 0.944
4.293 52.797 -446.893 0.969
-77.412 33.866 -398.708 1.013
-72.979 -43.624 -374.548 0.936
-14.971 25.697 -362.510 0.977
-42.914 -93.406 -389.185 0.847
39.155 -63.962 -330.393 0.838
-36.639 53.435 -338.219 0.913
33.449 -87.131 -446.787 0.854
29.757 -48.488 -414.855 0.909
-71.418 2.730 -303.987 1.066
95.700 5.514 -443.100 0.947
68.445 4.065 -362.555 0.940
-11.240 -37.878 -370.026 0.815
-57.411 95.471 -443.640 1.208
-38.358 92.474 -355.000 0.962
-92.889 35.365 -423.341 0.880
-70.519 90.675 -300.890 0.984
-30.226 12.604 -472.819 0.976
-74.353 -72.520 -491.049 0.783
-10.389 78.491 -469.597 1.029
60.193 28.252 -325.976 0.808
22.086 32.781 -336.283 0.991
15.432 -17.301 -450.819 1.236
89.022 71.734 -342.770 1.077
-71.056 -21.944 -474.717 0.983
-39.166 -35.041 -442.772 1.039
72.408 40.579 -475.283 1.024
73.312 -21.244 -366.845 1.126
6.349 -99.412 -413.796 1.049
-66.640 -60.462 -327.195 1.025
70.521 -65.826 -304.010 1.017
63.377 15.602 -350.988 1.044
47.895 61.398 -331.422 1.089
91.942 -37.680 -351.175 1.000
95.164 -83.707 -330.140 1.009
86.178 -92.892 -425.099 1.043
-2.495 87.363 -483.086 1.147
93.399 -96.440 -492.591 1.069
44.616 29.357 -357.250 0.916
44.018 88.564 -408.370 1.103
47.893 -64.845 -473.230 0.938
74.654 -22.982 -411.058 1.125
-69.270 41.513 -349.317 1.012
-59.561 19.465 -423.395 1.060
46.908 73.004 -337.725 1.026
-76.353 42.817 -469.792 1.045
91.339 78.622 -353.173 1.124
-84.406 25.580 -461.940 1.126
68.896 -8.212 -450.294 0.960
-80.956 36.485 -347.075 0.977
34.703 73.007 -369.303 0.896
27.924 48.156 -359.299 1.029
-29.249 54.615 -401.557 0.917
46.998 -44.460 -480.338 0.939
64.597 -91.008 -373.196 1.060
80.449 -2.380 -344.306 0.839
16.960 49.603 -431.280 0.897
-49.875 25.337 -393.656 1.117
50.430 53.176 -348.892 0.964
-27.817 16.976 -313.877 0.958
90.957 -42.481 -482.912 1.023
13.432 -64.190 -309.685 1.027
-38.480 89.607 -431.556 0.957
70.175 -14.604 -432.914 1.020
-46.708 82.262 -446.548 0.976
93.529 74.137 -375.604 1.128
-96.538 -37.182 -433.087 0.718
-34.061 -3.834 -447.752 1.027
-11.738 41.530 -453.259 0.842
14.309 93.835 -376.323 1.074
52.958 41.567 -481.181 1.129
-99.753 93.555 -370.441 0.924
-62.036 -23.465 -476.838 0.852
-6.566 15.282 -497.011 1.019
-44.299 -97.097 -427.333 0.857
77.856 -20.800 -326.744 0.923
-80.807 -92.412 -422.160 1.046
-86.359 -88.718 -329.674 1.273
-27.210 7.504 -451.707 0.985
29.543 10.259 -360.305 0.977
52.423 37.514 -486.380 0.942
68.502 -76.530 -491.627 1.117
13.109 -23.429 -387.238 0.894
90.771 19.616 -338.838 0.986
-56.330 -98.729 -373.728 1.092
-20.430 -26.621 -369.944 1.039
15.867 38.036 -399.952 1.044
90.478 48.578 -437.837 1.004
-60.734 -27.791 -433.162 0.926
-68.270 -62.367 -476.451 1.015
-91.488 1.687 -360.293 1.036
1.297 39.265 -355.112 1.097
80.082 4.948 -380.378 1.056
-9.945 21.674 -376.791 0.873
28.996 12.876 -425.716 1.024
7.459 62.787 -312.568 0.975
52.890 -2.622 -303.342 0.924
30.603 49.619 -382.781 0.871
82.500 -81.915 -328.861 0.885
-34.498 18.934 -463.948 0.827
97.962 -48.555 -420.866 0.841
-65.753 -41.750 -389.813 0.999
6.952 33.495 -467.230 0.996
-32.053 63.508 -426.033 0.982
45.222 72.569 -455.577 1.058
-75.697 -55.783 -466.773 0.911
-54.272 -26.197 -450.776 0.917
26.764 1.494 -309.182 0.978
75.653 -5.268 -481.134 1.001
85.389 -90.575 -426.145 0.997
-35.709 -76.181 -327.929 1.054
30.894 -64.523 -361.967 0.907
64.926 -90.726 -318.280 1.162
57.918 6.445 -481.638 1.009
72.747 45.912 -466.928 1.014
-13.355 -98.686 -364.546 0.974
28.475 92.687 -463.076 0.878
83.900 80.572 -355.431 1.036
45.948 95.580 -423.295 0.960
28.550 -82.879 -448.350 0.915
98.333 22.449 -376.436 0.966
97.792 -28.790 -339.834 0.931
96.317 -35.150 -314.039 1.038
53.334 82.703 -353.970 0.889
-45.241 -94.120 -365.156 0.947
50.309 62.608 -335.723 0.944
-91.116 -14.097 -470.356 1.150
43.107 1.348 -395.501 0.837
-88.186 74.689 -400.280 0.697
-34.779 -56.299 -369.163 0.904
-7.047 24.166 -460.363 1.071
-53.341 25.478 -470.062 0.976
26.829 -52.014 -365.802 0.990
57.495 98.012 -439.712 1.025
91.657 -85.603 -397.018 1.026
94.029 28.265 -494.090 0.746
74.340 30.440 -462.471 1.069
-9.157 -19.996 -454.044 0.932
75.271 9.306 -320.284 1.039
-15.052 -61.086 -332.751 0.968
-29.246 -22.622 -451.629 0.962
-74.393 -21.963 -445.286 0.973
-44.377 78.988 -307.107 0.892
-80.562 80.187 -373.923 0.983
-63.531 34.562 -313.849 0.934
90.477 75.732 -314.542 1.059
-19.595 26.573 -344.485 0.731
-85.297 -13.133 -354.411 0.947
-52.520 -32.896 -334.179 0.980
-65.803 89.450 -401.285 1.022
72.376 -58.435 -356.366 0.887
63.303 -72.335 -312.882 0.892
25.522 28.356 -301.534 0.859
51.293 74.408 -497.210 1.068
-33.516 41.075 -422.643 0.936
84.370 65.509 -369.429 1.101
-83.488 -27.067 -352.476 1.026
-39.225 3.805 -433.156 0.846
-90.050 3.201 -451.096 1.074
72.602 -22.954 -439.592 0.913
-78.847 -15.160 -369.675 1.114
-72.150 -16.272 -384.459 0.956
-38.392 37.069 -489.497 0.830
31.363 90.187 -327.861 1.014
67.357 86.729 -357.077 1.078
49.022 -16.701 -338.629 0.878
-10.172 68.865 -461.053 0.971
62.620 10.699 -381.125 0.897
39.284 12.760 -320.533 0.805
54.928 50.640 -336.485 0.976
-56.603 54.775 -393.580 1.058
-7.647 51.331 -415.429 1.149
72.127 -81.845 -437.664 0.891
88.049 98.882 -370.800 1.168
35.273 8.369 -355.679 0.924
74.942 -48.117 -301.878 0.951
-72.653 97.827 -396.050 1.115
-26.126 -74.404 -421.516 0.969
60.470 -26.632 -458.178 0.881
7.002 94.489 -382.312 0.961
-42.528 -61.095 -494.705 0.818
-60.757 31.409 -463.916 1.203
1.169 -82.431 -310.421 0.871
29.655 -56.760 -434.282 1.059
-53.451 28.658 -401.214 0.956
64.477 -58.689 -305.379 0.900
16.803 94.608 -402.493 0.982
3.888 51.662 -389.457 0.991
-13.425 18.122 -379.644 0.943
64.187 39.270 -493.234 1.037
7.708 -19.050 -358.275 1.033
94.339 69.476 -391.342 1.098
22.753 -11.102 -489.497 0.831
-65.152 56.227 -360.860 1.037
-10.432 -26.447 -323.122 1.042
99.595 -30.908 -388.076 1.007
-51.216 75.845 -490.679 0.810
-12.659 53.907 -475.366 0.973
-43.853 16.627 -499.384 1.133
28.121 -83.934 -452.139 0.987
91.947 -15.605 -334.194 0.979
-57.535 -18.506 -366.734 0.913
29.449 -98.212 -322.314 0.894
-61.985 -63.654 -404.781 1.091
-81.210 35.656 -364.892 0.836
12.569 78.897 -341.103 1.005
-23.678 -76.521 -399.627 1.107
-64.208 69.576 -480.909 0.924
-85.620 -36.402 -393.468 0.987
-89.197 61.874 -468.110 1.064
57.424 51.505 -324.656 1.155
60.340 -8.355 -349.476 1.080
51.522 93.187 -481.574 0.973
12.592 -6.779 -319.614 0.852
-29.779 32.897 -323.001 1.135
2.582 -89.389 -438.843 1.058
71.931 33.037 -369.465 0.928
29.061 18.803 -399.545 1.135
-67.949 46.936 -385.306 1.040
-65.773 94.932 -316.519 1.053
42.753 24.545 -477.892 1.140
