18.439 87.530 -411.457 0.977
-59.212 77.672 -423.766 0.992
6.194 84.916 -392.902 1.141
22.940 -92.125 -301.703 1.064
-48.906 36.992 -414.467 1.164
27.847 -47.235 -319.165 1.113
18.107 -75.223 -342.892 0.892
92.105 75.443 -455.086 1.037
17.970 22.172 -300.790 1.090
-10.229 23.566 -341.562 0.955
79.448 15.692 -422.052 1.126
76.032 -87.390 -418.090 1.108
53.950 95.996 -405.059 1.158
31.711 -60.357 -369.260 1.114
-20.162 -21.579 -433.176 1.178
73.884 -84.237 -439.662 1.047
-17.096 -80.855 -304.663 0.957
-52.366 -74.208 -492.750 1.105
11.757 29.348 -443.702 0.919
31.151 -90.772 -463.488 0.911
-7.509 96.327 -480.676 1.015
81.181 -60.015 -324.669 0.977
39.016 -63.382 -304.209 0.890
90.746 -4.639 -355.475 1.154
69.680 99.165 -300.999 0.937
63.657 -63.627 -443.009 0.903
88.653 -38.392 -403.909 0.789
-89.169 -48.529 -399.345 1.046
77.202 70.302 -391.282 0.854
-15.805 -51.113 -443.447 1.154
-0.134 -73.442 -333.711 1.086
-45.427 -15.093 -431.603 1.027
-61.128 -10.885 -371.068 1.041
47.979 54.646 -410.049 0.841
-7.917 30.756 -411.679 0.832
21.980 15.802 -374.450 0.824
-18.285 24.849 -320.925 1.066
8.265 37.244 -377.960 0.942
-36.652 23.039 -349.755 1.120
78.252 -34.935 -320.472 1.008
68.938 79.377 -404.176 1.002
40.648 -77.023 -486.481 0.989
3.017 29.612 -305.453 0.937
-79.408 -28.205 -347.471 1.002
-69.412 -85.337 -409.311 1.112
-90.310 79.063 -368.758 1.097
72.819 -84.673 -320.708 0.972
19.019 -74.448 -499.439 1.167
29.450 -26.329 -436.355 1.017
63.327 23.415 -410.658 0.987
72.771 -25.231 -495.893 0.807
-51.844 -68.173 -429.259 1.166
-63.281 -18.528 -379.758 1.042
-79.356 -3.731 -385.118 0.972
36.728 84.861 -498.495 1.025
36.720 -5.347 -322.524 0.903
91.985 -70.707 -302.876 1.017
-5.347 18.883 -320.315 0.919
72.886 -90.140 -307.226 0.770
-24.588 -15.899 -409.890 1.006
6.305 -18.287 -406.879 1.101
-63.877 36.065 -403.529 1.051
-25.685 -83.056 -304.072 1.043
89.701 -25.405 -402.195 1.070
-94.768 83.685 -301.573 1.053
96.913 -14.172 -338.032 1.119
50.247 -88.451 -457.627 1.004
97.688 51.983 -408.246 0.968
60.554 15.751 -456.408 1.153
91.751 85.680 -383.483 1.133
49.990 -59.751 -460.355 1.041
-9.988 -76.662 -470.309 0.907
74.339 71.610 -349.670 0.962
-65.601 95.754 -315.157 1.119
-28.044 87.126 -490.855 0.861
-62.018 -87.107 -415.647 1.164
16.910 -88.842 -407.162 1.101
33.976 -17.423 -389.001 1.079
70.528 2.678 -320.733 0.991
36.668 -38.341 -349.743 0.792
76.190 70.341 -497.411 0.948
-44.973 44.599 -429.339 0.897
-13.757 13.225 -305.017 0.802
20.679 -49.361 -326.686 0.903
13.208 -30.455 -467.347 1.135
-54.145 27.660 -307.323 1.088
79.995 -80.428 -485.904 0.845
-70.080 -16.544 -479.852 1.042
-18.264 -60.087 -442.813 0.965
54.049 95.891 -428.602 1.011
92.035 -95.057 -454.099 0.763
91.667 -39.764 -329.793 1.119
-70.702 -30.911 -462.046 1.053
-67.451 96.948 -433.839 1.120
-18.625 -37.854 -446.619 0.979
96.714 -31.494 -307.751 0.844
1.167 -37.541 -468.994 0.951
-45.417 -85.531 -472.615 1.067
66.788 -14.402 -339.122 1.019
43.315 99.858 -350.740 1.033
-35.621 71.505 -352.666 0.627
69.579 -61.331 -480.197 1.033
95.584 18.903 -374.426 0.949
94.506 6.036 -400.909 1.152
5.884 -15.088 -405.981 1.087
-30.719 62.118 -346.439 1.004
-45.189 -5.389 -320.582 1.008
-63.552 -21.741 -441.165 1.110
47.845 41.548 -322.546 0.858
-50.366 93.101 -387.079 0.930
-34.414 -83.670 -454.792 1.134
-0.360 -88.176 -393.353 1.173
-81.853 -42.619 -366.499 0.966
-67.978 5.682 -359.158 1.043
-52.271 92.115 -312.332 0.973
26.388 84.226 -322.131 0.906
23.588 24.256 -396.755 0.855
5.543 35.548 -450.974 0.895
54.858 -36.746 -370.217 1.069
-24.113 -17.725 -374.078 0.942
20.943 7.863 -415.607 1.042
-4.175 -98.467 -472.002 1.021
97.881 81.633 -346.100 0.919
-44.025 -3.175 -466.558 1.041
-83.468 -69.155 -480.013 1.015
-79.189 -33.594 -370.805 0.948
-67.637 -63.132 -457.433 1.025
-84.573 77.872 -424.367 0.927
52.237 34.361 -335.089 0.984
-89.609 50.711 -360.014 0.884
60.212 46.756 -359.308 0.941
80.544 76.341 -441.076 1.052
-85.327 -68.181 -410.552 1.014
-35.778 -88.953 -342.792 0.927
46.748 -77.737 -337.658 1.176
50.393 29.356 -443.870 1.123
-27.493 -65.938 -471.052 1.114
18.079 -90.705 -499.132 0.985
-93.344 -48.918 -438.393 1.011
-13.300 3.718 -305.699 1.048
-22.927 -99.237 -435.506 1.031
-71.860 -44.272 -339.583 1.019
-77.202 60.614 -346.751 0.906
-36.002 -50.171 -348.039 0.848
25.048 1.561 -426.950 1.035
89.433 -84.601 -312.199 1.122
-49.093 23.129 -386.829 0.958
-94.592 -86.626 -319.741 1.009
32.115 -93.148 -385.101 0.904
22.811 66.211 -417.229 1.131
-39.328 -62.592 -374.108 1.009
94.672 65.192 -395.975 1.036
-42.394 14.099 -433.486 1.080
20.682 -54.112 -490.264 0.759
67.728 -73.500 -350.751 0.818
-27.848 -20.192 -491.748 1.017
84.985 12.974 -452.068 0.954
-75.370 -66.531 -372.306 1.019
-68.456 -9.452 -360.094 1.106
49.025 66.819 -457.864 0.879
-8.980 95.478 -352.012 1.024
-46.793 50.550 -477.359 1.020
45.018 19.707 -459.946 1.046
50.742 61.245 -462.994 0.948
-76.126 -20.870 -425.776 0.980
-94.718 -2.080 -321.174 1.157
69.030 -66.407 -439.249 1.117
-3.284 -98.552 -453.403 0.846
-66.427 74.983 -318.122 1.084
83.352 35.162 -437.982 1.077
66.029 -29.378 -362.012 0.906
-95.276 -15.497 -481.529 0.874
-59.398 28.562 -494.114 0.982
-96.092 81.607 -361.712 0.934
-15.716 -19.837 -385.015 1.141
-29.047 -30.939 -421.200 0.969
-71.807 74.758 -349.742 0.954
-75.324 -11.442 -365.204 1.019
-61.758 46.322 -375.607 1.034
-42.218 96.984 -418.241 1.051
-85.240 -62.716 -335.349 1.081
98.864 12.180 -495.297 0.911
84.677 -3.136 -352.512 0.709
-49.314 33.055 -458.475 0.946
72.623 51.873 -397.714 1.180
-97.684 87.149 -425.120 1.010
-49.142 -94.566 -472.004 1.011
-60.102 83.106 -463.807 1.004
-14.286 59.718 -486.631 1.016
27.936 5.101 -366.433 1.092
-3.999 -78.496 -367.635 1.084
-48.778 76.088 -307.358 0.938
2.441 98.397 -392.512 1.078
-6.938 28.054 -313.015 1.149
49.821 -3.696 -393.768 0.963
-22.062 46.551 -302.884 0.854
59.911 -95.838 -301.000 1.031
39.440 82.034 -366.627 1.086
27.317 65.452 -490.485 1.014
-77.735 70.978 -385.669 0.768
2.703 28.783 -463.834 0.849
92.989 -91.511 -349.125 1.043
-29.571 -97.186 -449.796 1.013
80.144 13.376 -311.193 0.910
-24.124 54.175 -397.139 0.932
-12.893 79.471 -448.907 1.000
58.071 30.479 -496.124 0.989
50.402 -89.532 -415.633 0.938
-22.794 47.483 -321.085 0.950
-26.241 93.831 -308.874 1.038
96.072 58.906 -351.012 0.984
64.288 73.966 -332.088 1.132
-32.375 -4.074 -389.714 0.986
-81.668 29.782 -373.189 0.957
23.297 -49.080 -414.939 0.940
30.015 -97.882 -403.106 1.024
-94.042 -57.162 -423.004 0.843
14.984 9.815 -337.205 1.037
-8.269 91.010 -436.631 1.089
-20.909 -33.143 -493.166 1.096
-18.780 79.893 -342.233 1.178
18.603 21.915 -494.601 0.997
-79.598 54.037 -497.290 1.004
55.606 41.775 -328.466 0.930
2.411 -72.715 -300.015 0.805
85.456 95.010 -334.154 1.049
-2.948 63.906 -461.306 0.881
-7.242 -40.911 -442.866 0.947
-92.008 66.450 -449.284 1.115
-21.782 8.659 -401.876 1.057
95.298 55.454 -343.934 0.983
37.654 -30.070 -384.805 0.991
49.299 60.309 -469.776 1.046
87.438 -87.367 -484.589 0.952
95.537 90.694 -345.822 0.924
-87.359 -9.331 -450.912 1.033
50.621 87.340 -382.598 0.937
-58.204 -75.951 -411.838 1.026
2.404 43.713 -450.619 0.925
-67.341 -91.047 -329.294 1.100
47.449 -92.424 -442.714 1.291
-95.063 86.744 -426.347 1.147
-38.327 -73.857 -450.604 1.131
-59.257 17.546 -312.760 0.868
49.776 68.254 -402.190 1.102
13.624 76.215 -468.641 1.001
76.521 27.959 -330.837 1.073
37.972 -77.243 -399.860 1.072
96.734 58.058 -370.550 1.041
-50.200 53.139 -430.825 1.023
51.431 65.983 -440.336 0.992
94.270 15.103 -408.309 0.893
-25.059 69.064 -460.151 0.993
-68.108 -83.116 -470.857 1.112
-1.401 21.403 -425.401 1.020
-89.586 -79.825 -435.880 1.150
78.421 -96.687 -372.360 0.921
13.606 78.716 -445.341 0.843
-77.551 25.931 -468.580 1.008
-0.768 -71.452 -460.855 0.889
-10.042 -32.834 -309.789 0.966
52.804 -59.502 -303.188 1.084
-82.447 14.682 -383.531 0.963
14.810 -67.739 -372.266 0.916
-71.958 -14.168 -328.299 1.030
35.158 50.725 -403.434 0.997
-36.503 94.299 -375.516 1.072
-27.114 -25.148 -389.661 1.035
-77.184 62.600 -358.081 0.993
-31.440 22.650 -325.878 1.044
-29.421 -36.645 -391.838 1.051
10.710 4.508 -344.676 1.040
-7.879 5.569 -320.907 1.144
67.593 92.661 -452.770 0.987
-48.998 5.393 -451.463 0.870
-1.195 85.849 -346.498 1.130
59.631 9.811 -455.042 0.906
-28.420 -81.091 -487.023 1.110
-13.844 -55.788 -348.820 0.987
17.141 -77.574 -447.765 0.988
-71.067 -91.834 -343.430 1.011
40.128 20.402 -364.408 1.073
-64.799 99.899 -351.283 0.869
-58.413 -42.677 -454.925 1.089
58.147 82.210 -385.334 1.079
3.790 -93.568 -483.577 0.958
61.713 -73.179 -496.688 0.883
42.395 43.815 -487.121 0.862
88.672 7.704 -488.941 0.983
-97.618 -62.037 -467.359 0.885
-77.450 -97.720 -429.589 1.015
-57.767 -90.479 -323.332 0.890
-78.053 50.491 -413.387 0.955
51.470 -7.845 -357.905 1.047
-10.647 36.323 -442.269 0.981
-84.990 79.182 -384.055 0.992
-79.516 -62.201 -384.929 0.937
-67.041 36.615 -360.715 0.953
-39.223 -69.594 -453.594 0.986
82.042 87.152 -444.739 1.052
-56.919 -28.886 -311.843 1.120
-4.462 0.450 -367.894 0.950
57.101 54.798 -423.959 1.074
12.464 -54.323 -481.266 0.887
8.670 13.018 -428.865 1.186
-52.887 -84.050 -430.866 1.237
-71.167 -88.675 -320.882 1.064
-2.792 5.061 -320.560 0.999
82.268 42.680 -354.203 1.059
-7.615 -50.027 -424.961 0.973
5.944 -55.513 -485.050 1.068
-34.801 -83.264 -337.943 1.172
-10.206 -33.411 -479.207 1.028
72.281 -81.868 -420.759 1.076
-65.076 -49.010 -301.630 1.005
50.556 1.028 -477.273 1.022
4.461 26.933 -314.957 0.951
-10.920 -52.355 -456.650 0.983
-3.562 28.677 -340.274 1.013
1.170 87.526 -342.211 1.037
97.955 38.038 -368.680 1.057
-12.515 -94.796 -375.882 1.076
28.312 -76.772 -485.256 0.937
-62.455 66.003 -456.412 0.972
-58.304 -55.448 -331.805 0.919
37.679 13.638 -432.598 1.031
38.594 93.115 -349.923 0.883
98.397 64.759 -440.601 1.002
36.368 -94.996 -497.261 1.014
95.391 -85.643 -422.436 0.945
-22.425 -83.828 -319.839 1.044
-21.698 80.967 -319.040 0.952
18.354 -2.303 -499.976 0.918
-13.162 64.843 -411.252 0.908
-40.843 -89.986 -477.236 1.103
33.694 -15.776 -334.701 1.001
80.283 62.324 -382.881 0.995
-49.373 74.487 -387.708 0.894
-90.186 54.624 -406.528 0.988
85.027 75.220 -423.472 1.111
-9.296 -92.669 -317.491 0.831
-92.301 78.578 -355.355 1.046
-67.829 10.237 -413.717 0.876
18.110 27.049 -354.968 1.116
65.185 -39.017 -407.667 0.990
33.579 37.680 -338.025 1.082
6.725 -62.740 -390.776 0.981
-9.476 -83.924 -332.407 0.872
40.169 -14.035 -373.634 1.225
49.188 44.187 -468.532 1.133
95.986 -52.764 -430.154 1.259
-47.670 -53.617 -368.864 0.974
93.247 90.255 -370.301 0.921
0.157 54.234 -413.475 0.998
71.379 83.522 -367.003 1.080
3.652 -89.104 -318.204 1.110
-5.242 -68.120 -304.394 0.983
43.657 -8.965 -424.087 1.107
67.158 -98.696 -306.161 0.998
-33.963 -14.405 -457.155 1.135
-97.564 -35.012 -369.349 0.989
23.519 43.430 -440.440 1.054
18.263 83.870 -315.930 0.954
-78.784 -31.958 -335.179 0.931
64.600 70.973 -470.318 1.074
-38.061 47.809 -498.751 1.055
88.517 -62.981 -480.265 1.095
-50.458 -40.151 -440.407 1.012
69.014 -8.776 -359.854 0.999
93.468 -76.892 -427.974 1.079
78.701 87.423 -328.332 1.014
-62.655 88.678 -368.026 1.155
27.094 91.589 -331.125 0.921
32.383 35.816 -468.365 1.007
-38.269 -51.800 -465.853 1.071
-78.405 -46.733 -497.987 1.275
-20.577 95.155 -332.843 0.946
24.777 -36.251 -369.476 0.997
-74.422 -97.190 -396.259 1.122
-81.742 41.043 -446.511 0.818
-87.511 -47.619 -359.522 0.962
-15.232 -53.836 -394.189 1.173
-24.206 65.887 -485.336 0.989
-93.771 94.029 -482.059 1.057
-5.147 -50.543 -333.598 1.050
-25.717 -12.911 -459.776 0.893
79.287 67.176 -489.999 1.080
-62.677 -32.966 -453.384 0.863
-96.237 50.769 -424.681 1.084
-36.156 -19.382 -319.080 1.011
-85.399 31.584 -371.569 1.022
-57.502 48.209 -308.232 0.999
-67.940 78.158 -489.684 0.923
4.438 87.506 -416.853 0.951
-40.896 40.363 -416.818 0.923
23.323 -39.152 -314.457 0.888
-60.169 -44.688 -409.462 1.024
-60.707 -4.198 -415.105 1.004
78.137 87.217 -406.247 0.936
1.982 32.927 -306.600 1.132
18.184 73.417 -416.118 1.030
61.627 -38.542 -392.009 0.987
-95.837 -7.100 -476.514 0.915
-56.047 72.733 -333.578 0.979
45.309 -27.690 -336.095 0.818
-68.574 -16.018 -338.696 1.065
-22.194 64.482 -436.724 1.103
0.525 -93.115 -321.237 0.958
77.487 -53.245 -425.049 0.852
-5.622 -8.510 -499.273 1.124
-83.343 -20.327 -316.870 0.895
-6.218 80.635 -321.563 0.913
56.814 19.850 -401.714 1.044
-50.067 -27.003 -338.220 0.981
71.176 -88.263 -419.502 0.930
50.114 -66.505 -346.635 0.901
-18.660 -38.831 -479.256 1.111
66.680 38.757 -348.995 0.827
6.649 0.346 -427.559 0.898
86.074 56.841 -319.446 1.075
20.008 -23.748 -449.294 1.125
-37.118 69.990 -403.479 1.026
-10.969 -73.421 -377.997 1.033
-65.915 -7.910 -315.920 1.059
40.684 14.002 -450.146 1.015
51.476 97.966 -466.848 1.102
15.391 19.373 -347.613 0.955
49.549 42.289 -412.254 1.066
31.922 17.063 -334.063 1.050
9.011 47.550 -473.810 0.877
-94.976 -11.864 -401.709 0.849
-37.338 11.853 -457.465 0.945
82.471 22.525 -319.731 1.013
74.591 -14.364 -418.988 0.888
81.771 69.343 -429.994 1.033
51.743 -36.148 -466.524 0.925
9.757 -75.766 -438.652 1.191
49.427 -41.663 -378.509 1.170
90.246 -94.819 -309.706 0.970
35.636 -65.135 -400.004 0.850
42.912 -88.250 -409.481 0.941
-86.018 70.628 -414.994 0.938
-83.479 -27.071 -471.588 0.978
-89.254 -15.554 -376.920 0.996
47.387 -18.154 -473.274 0.839
-90.021 10.276 -304.839 1.211
3.643 80.139 -338.976 1.146
66.322 -74.705 -323.497 1.034
87.401 65.720 -310.476 1.021
-62.633 -41.066 -412.663 0.849
10.638 -89.206 -300.735 0.941
-63.663 70.395 -323.206 1.028
-33.966 51.921 -352.687 1.102
3.163 39.330 -476.258 0.880
-88.938 90.118 -315.642 1.069
-24.715 -9.966 -430.172 0.826
56.186 -66.474 -406.445 1.013
-79.429 14.342 -426.085 1.065
33.831 -64.153 -409.038 1.074
35.032 81.869 -377.474 1.038
32.569 70.500 -311.209 1.107
56.066 -18.309 -349.695 1.054
69.019 -36.207 -302.021 0.770
51.842 44.243 -492.612 1.130
-55.388 80.024 -425.471 0.981
-82.797 19.525 -357.297 1.038
85.401 50.422 -416.738 1.069
69.459 -60.085 -400.879 1.004
21.651 -11.136 -306.654 1.041
2.986 -50.620 -340.642 0.984
56.737 45.313 -432.918 0.997
18.181 -63.571 -402.360 1.049
75.174 21.268 -342.265 1.068
-92.841 -91.577 -326.974 1.037
4.306 -41.101 -426.727 1.030
90.276 -19.907 -301.168 0.974
-0.588 -74.356 -411.261 0.791
-55.580 -77.971 -383.343 0.945
-78.107 17.533 -469.191 0.821
-66.343 7.155 -402.868 0.924
-26.536 -39.268 -465.329 0.917
82.738 -93.641 -363.359 1.089
78.004 -97.921 -397.922 1.050
-36.571 -97.756 -312.104 0.991
65.655 67.839 -300.530 1.166
-9.398 13.797 -433.296 1.187
61.643 27.749 -454.550 0.888
25.015 58.305 -385.349 1.118
-92.793 -82.257 -440.810 1.010
-11.134 23.519 -315.373 1.092
-74.293 30.520 -437.479 0.841
31.074 42.716 -317.630 0.864
-51.030 94.409 -434.116 1.133
94.171 5.425 -462.790 1.010
95.731 -69.839 -459.021 1.013
26.723 68.952 -312.328 0.878
-86.161 47.469 -335.489 1.088
73.923 -29.002 -431.791 1.118
-44.559 -86.560 -493.431 1.054
-53.760 81.013 -357.561 0.992
93.862 4.987 -488.306 0.934
-78.770 34.328 -322.538 1.005
-6.822 -12.266 -466.066 0.998
41.948 -90.795 -439.162 0.813
-78.157 84.023 -355.079 1.054
9.563 26.791 -451.092 1.083
91.865 -33.075 -339.048 0.951
27.870 -71.066 -386.204 1.007
33.137 59.290 -379.246 1.023
77.152 83.545 -314.931 0.866
-1.605 -78.918 -394.529 0.755
47.137 -68.830 -327.002 0.979
-97.788 -40.050 -422.225 0.968
-92.087 89.635 -359.053 1.081
-45.959 -87.929 -413.477 0.918
15.670 -34.870 -497.216 1.184
44.751 -49.794 -379.384 0.717
22.379 -23.304 -333.815 0.991
63.827 78.973 -404.592 1.047
47.245 30.372 -355.038 0.971
80.520 -54.774 -311.520 1.081
56.250 91.486 -346.249 1.117
-51.887 -17.272 -349.070 0.936
-15.325 26.480 -434.446 1.214
90.229 -5.444 -453.732 1.067
46.821 32.952 -421.826 0.967
91.918 9.928 -306.301 1.008
62.986 -16.109 -417.028 0.885
73.687 -99.084 -349.683 1.080
-7.249 39.862 -426.257 1.122
-9.514 89.506 -303.553 1.014
4.919 79.611 -404.960 1.077
84.330 -94.066 -386.210 0.931
-19.526 -84.255 -431.765 1.136
-91.228 13.372 -364.508 0.920
41.668 43.211 -331.279 0.884
-10.495 52.362 -442.991 0.873
59.489 -62.161 -479.561 0.986
-43.848 74.241 -407.347 1.023
31.445 20.863 -448.780 1.118
32.543 63.795 -413.261 0.988
-73.163 92.375 -351.841 1.198
40.787 -94.594 -479.723 1.023
-72.658 -14.899 -442.362 1.037
-43.409 -83.297 -453.094 1.194
-99.165 -8.261 -453.476 1.121
12.632 -24.778 -372.442 0.947
-42.527 94.842 -405.502 0.948
-15.464 95.325 -393.384 1.103
66.830 13.441 -494.068 1.108
-82.546 -86.696 -475.083 0.881
42.447 72.533 -347.190 0.797
-12.688 -5.623 -330.304 0.885
-0.632 2.269 -327.018 0.901
29.885 -80.410 -431.845 1.030
11.156 -88.630 -327.635 1.065
-90.974 23.658 -345.049 0.882
57.686 36.867 -375.182 0.992
22.221 -79.500 -379.205 1.029
48.863 -31.497 -301.670 1.265
-85.580 -22.351 -455.513 0.953
-43.350 -29.333 -414.554 0.978
-7.946 -73.648 -360.921 1.157
30.837 71.189 -481.153 0.951
-79.339 -80.032 -445.023 1.012
-74.723 90.390 -490.842 0.850
59.717 22.082 -453.392 1.055
49.135 44.128 -301.830 1.082
-22.678 -17.804 -402.065 0.923
-83.892 -55.660 -315.697 1.096
-74.078 -11.763 -387.409 0.977
12.151 -58.420 -490.407 0.957
-4.724 -93.404 -346.940 1.170
16.497 85.013 -317.659 1.058
90.767 21.531 -444.973 0.962
-4.750 62.701 -408.516 1.204
76.439 73.593 -397.870 1.226
13.468 86.150 -349.470 1.008
-52.925 15.919 -390.914 0.950
-12.755 19.024 -309.860 0.994
11.398 -75.877 -374.384 0.985
-85.852 -76.694 -436.544 0.928
6.705 -76.434 -488.483 0.940
-81.528 28.397 -354.372 1.084
22.781 58.377 -373.067 0.934
90.543 21.056 -394.412 1.143
52.067 6.806 -425.684 0.740
-47.575 -41.846 -463.362 0.943
49.709 51.684 -391.668 1.252
99.208 -66.678 -479.521 0.869
-23.875 -69.323 -362.771 1.020
52.143 82.568 -423.059 1.105
-69.213 25.916 -360.795 1.224
-46.411 46.067 -499.807 0.831
-62.103 71.252 -360.979 1.165
-50.439 -92.932 -418.456 0.987
-16.689 84.231 -435.906 1.046
-97.349 68.604 -482.602 0.904
64.712 -0.330 -458.852 1.019
-59.866 -10.959 -448.391 1.038
-52.120 96.340 -489.386 1.240
86.836 -25.947 -437.184 1.079
52.506 62.264 -325.411 0.989
60.432 80.324 -333.347 1.023
-23.580 -41.980 -305.914 0.931
-31.768 -15.353 -424.885 1.082
-25.632 -99.637 -376.061 0.974
-23.981 60.155 -436.134 1.127
-66.237 79.464 -469.602 0.967
57.469 -1.743 -393.052 0.978
17.138 -52.645 -441.631 0.939
14.636 33.156 -484.938 1.000
84.110 19.736 -303.250 1.128
10.375 -14.685 -468.094 1.189
70.059 -60.366 -343.546 0.998
40.146 -40.975 -334.138 0.994
-22.953 56.653 -324.418 0.991
-61.652 90.959 -333.217 0.760
-66.620 36.519 -390.973 0.958
-62.300 68.254 -382.392 1.073
72.554 -80.348 -406.951 0.969
90.778 -24.612 -397.046 0.996
-64.069 50.616 -361.848 0.928
-14.607 43.977 -394.765 0.912
-93.614 -45.571 -491.996 1.103
-89.879 -64.756 -325.853 0.960
-96.847 -6.673 -387.211 1.045
5.493 -77.015 -457.815 1.086
-46.861 -58.994 -484.479 0.793
-95.450 70.475 -472.776 1.113
92.315 59.488 -377.588 0.843
40.351 -64.347 -450.255 1.068
-26.240 23.694 -397.949 0.982
-18.463 -73.896 -398.141 0.782
38.921 -39.524 -334.766 1.180
-35.922 71.218 -442.249 0.904
49.203 80.486 -322.500 1.070
63.507 82.764 -443.647 0.916
-42.273 -69.546 -399.977 1.085
96.113 54.868 -479.218 1.065
72.452 69.717 -432.178 0.817
90.055 36.481 -472.135 1.125
-79.939 48.143 -455.241 1.016
-47.079 -89.574 -459.292 1.195
18.082 44.496 -441.855 0.956
96.742 -90.545 -437.150 0.941
-32.011 22.532 -440.734 1.078
18.381 99.895 -485.391 0.887
5.653 50.173 -447.196 1.044
95.579 -41.997 -332.484 1.121
12.020 94.014 -471.080 0.924
82.807 62.160 -425.300 0.924
2.831 -85.233 -360.768 1.024
75.988 -29.337 -307.994 1.000
-27.802 93.053 -338.357 1.055
-88.658 -9.644 -325.567 0.912
48.136 68.814 -305.559 0.998
-89.315 84.729 -301.518 0.999
62.870 -67.238 -470.583 0.947
-17.149 66.526 -458.486 1.017
87.794 73.284 -396.796 0.841
36.366 -62.744 -366.903 0.940
-46.827 -78.583 -328.797 1.145
51.984 3.337 -331.800 1.051
-48.616 -76.260 -344.089 0.999
32.888 -12.440 -374.270 1.127
-38.093 11.335 -474.020 1.133
69.868 76.361 -427.671 1.085
90.161 -48.317 -379.807 1.053
-75.912 -46.070 -429.808 0.943
-34.312 -73.637 -426.250 0.897
-40.574 6.376 -492.253 1.045
26.915 18.713 -352.279 0.872
25.337 -92.248 -465.667 0.923
-48.094 79.084 -408.290 0.999
19.383 45.000 -323.843 0.990
-36.200 -2.863 -443.517 1.007
-19.448 76.754 -427.342 0.888
13.107 -41.003 -486.732 0.915
65.130 34.820 -401.218 0.943
85.288 -88.763 -473.206 0.955
-39.641 -60.374 -452.016 1.010
7.116 -2.250 -467.593 0.973
32.091 94.429 -414.309 1.035
-92.073 -59.433 -452.610 1.086
-31.204 2.906 -489.124 1.005
-46.005 64.548 -367.085 0.931
91.827 62.967 -333.051 1.010
28.804 -31.125 -443.467 0.980
78.713 -34.448 -376.874 0.790
52.671 -84.966 -338.551 0.989
-89.892 -34.558 -318.110 1.011
-77.803 24.547 -424.958 1.060
-20.842 -64.925 -353.210 0.980
79.919 -46.893 -410.244 0.820
-56.328 -76.653 -342.641 0.982
-73.626 -6.849 -312.565 1.186
-21.067 -80.996 -481.255 1.180
-10.860 86.148 -467.278 1.092
-8.722 54.310 -468.806 0.878
-59.816 -18.289 -376.105 0.844
-74.483 56.363 -481.988 1.059
90.790 -24.401 -341.661 0.936
69.067 -91.888 -387.405 0.923
-21.376 29.377 -455.838 1.010
81.891 -83.896 -467.243 0.947
8.771 -53.603 -335.410 0.960
70.822 93.682 -347.358 0.935
34.858 -37.824 -335.236 1.073
2.192 -46.279 -363.889 0.779
-64.669 -73.627 -339.468 1.104
-43.984 6.900 -325.317 1.088
30.345 -3.883 -344.795 1.076
79.602 2.931 -352.088 1.010
55.518 -42.350 -470.777 0.874
-6.741 -68.618 -473.021 0.952
-29.423 -32.258 -405.322 0.970
-52.049 54.953 -343.000 1.105
89.448 -38.013 -448.916 1.248
-11.157 -96.283 -417.679 0.818
-78.866 -11.643 -418.906 0.972
63.463 79.518 -440.594 0.870
-28.444 -22.913 -347.041 1.051
-87.956 -71.002 -312.721 1.024
44.610 -18.574 -360.443 1.019
-41.220 -85.271 -430.895 0.984
-58.823 18.240 -375.997 1.018
96.600 9.385 -485.451 1.133
85.072 89.851 -369.107 0.828
-90.467 -18.985 -377.256 0.968
-33.063 51.483 -461.586 0.902
-2.043 -77.942 -318.145 0.842
54.197 -50.284 -313.622 0.994
47.278 -7.497 -436.305 1.038
9.877 -53.554 -367.918 1.043
86.955 -59.697 -481.863 1.010
-21.229 -37.455 -409.919 1.114
41.363 -8.319 -420.930 1.013
-2.197 33.111 -416.932 0.811
-64.239 -65.466 -307.904 0.913
-16.976 -23.599 -461.754 0.986
26.279 1.178 -481.955 0.934
1.255 -62.193 -455.116 0.900
-70.706 -66.708 -425.919 0.809
84.150 86.997 -438.035 0.988
-7.690 -27.652 -399.965 0.945
52.350 -82.739 -439.265 1.086
-42.279 3.913 -362.819 1.043
-0.952 66.957 -348.266 1.105
-82.532 40.365 -354.413 0.819
-93.972 -11.725 -389.623 1.083
-12.443 -68.287 -390.821 0.931
93.538 -43.428 -313.307 0.906
-73.137 35.190 -451.641 1.014
74.367 -50.523 -337.716 0.785
-42.013 -82.455 -475.867 0.953
-75.672 82.314 -478.581 0.831
-48.798 51.063 -302.568 1.120
22.907 -95.808 -418.425 0.993
-7.201 -24.765 -335.469 1.011
46.444 -17.103 -384.992 1.078
-74.312 -49.950 -304.189 1.014
-36.294 -38.105 -356.093 0.886
-4.694 38.996 -300.923 1.144
21.535 -25.004 -450.458 1.062
-40.509 -37.431 -436.451 0.975
41.111 -11.274 -400.320 0.986
-47.939 -40.660 -355.233 1.109
68.187 23.754 -487.369 0.850
1.069 -26.513 -405.499 0.966
74.219 -27.403 -467.420 0.912
-6.690 44.590 -338.917 0.993
-12.667 -5.797 -433.395 0.851
48.431 35.088 -378.596 0.953
-33.731 50.443 -497.347 1.112
71.845 -19.926 -440.051 1.109
-60.714 13.491 -479.837 0.979
59.977 -84.684 -439.093 0.962
69.450 60.770 -483.045 1.090
45.971 17.672 -318.617 0.930
6.520 -8.900 -329.134 0.959
-83.214 -69.443 -324.380 1.091
-24.201 -48.552 -497.817 1.025
-57.613 -43.103 -304.830 0.906
-65.865 45.855 -441.198 1.000
-87.688 24.804 -495.839 0.956
-8.640 -53.137 -457.815 1.011
58.508 -13.959 -453.455 0.940
45.541 -77.722 -379.652 1.121
-92.848 -53.932 -340.763 1.176
72.717 42.432 -315.918 0.961
11.662 -39.726 -312.011 1.141
59.750 96.246 -392.406 0.928
-64.568 78.976 -302.187 0.993
16.179 35.275 -490.718 0.864
45.460 86.633 -490.247 0.889
-10.103 -18.912 -322.829 1.006
87.755 21.379 -479.179 0.915
-4.369 10.363 -339.363 0.969
-34.004 -95.389 -313.191 0.979
26.807 7.273 -432.001 0.931
-61.572 72.627 -480.101 1.181
75.060 22.378 -495.273 1.062
35.184 93.134 -415.028 1.052
26.291 69.842 -336.413 1.058
-24.605 90.329 -450.587 1.087
46.691 -38.538 -472.491 1.074
-77.967 6.934 -437.386 0.880
-38.444 28.300 -344.669 0.999
-7.986 45.345 -450.478 0.971
6.459 71.366 -372.066 1.044
55.376 51.802 -448.258 1.110
50.656 63.103 -471.194 0.871
47.285 43.919 -358.040 1.111
55.949 -57.874 -311.009 1.093
92.936 -72.016 -355.041 1.005
22.204 33.869 -319.088 0.959
23.698 63.533 -423.574 0.933
-6.408 -82.319 -462.200 1.061
77.860 -35.810 -410.370 0.999
-17.008 -73.095 -435.538 0.914
38.057 42.523 -301.436 1.123
-41.155 10.279 -449.847 1.190
-82.741 -93.416 -442.078 0.949
-39.228 -33.204 -329.150 1.143
15.613 99.672 -462.517 1.034
-5.775 57.950 -430.059 0.912
45.887 97.030 -491.834 0.948
0.626 -80.295 -393.930 1.023
43.153 -69.479 -319.906 1.016
-54.824 25.148 -461.610 1.092
12.719 35.134 -400.018 0.920
-56.202 -13.460 -354.471 1.121
-57.952 60.450 -306.700 0.941
24.199 61.899 -359.486 1.116
-26.301 41.348 -439.203 1.011
-74.132 -42.688 -415.736 1.021
-29.220 -68.565 -435.968 0.765
85.325 -71.149 -457.838 1.186
22.800 36.688 -406.145 0.935
24.632 -47.736 -487.811 0.946
41.134 74.368 -463.464 1.043
-55.421 67.274 -471.240 0.939
5.769 -13.578 -420.247 1.054
-14.337 -61.497 -350.082 0.804
56.603 2.097 -338.641 1.160
-10.718 -35.892 -375.725 1.154
6.092 50.892 -432.500 0.872
64.854 -45.789 -350.507 0.936
67.543 -77.183 -386.883 1.147
38.582 -52.997 -476.255 0.910
-32.539 75.226 -456.164 0.974
-38.839 -41.252 -308.978 1.032
-64.254 -88.834 -314.349 1.143
-65.979 27.130 -416.483 1.008
66.369 76.041 -338.122 0.958
51.370 -25.122 -376.267 1.040
-18.766 -22.429 -369.547 1.014
64.961 -64.468 -472.622 1.009
21.228 -59.507 -443.295 0.933
-27.609 69.604 -342.342 0.949
-17.645 81.833 -430.049 1.060
-51.626 53.288 -402.220 0.854
3.288 -26.291 -345.326 0.894
-88.207 -5.719 -482.455 0.969
-92.172 -42.038 -382.333 0.840
-38.201 44.275 -436.278 1.085
-77.505 89.072 -380.619 0.928
21.345 -41.180 -435.085 1.013
19.686 44.873 -430.532 0.964
25.329 35.814 -337.408 0.908
-30.053 89.268 -461.290 1.081
-3.766 29.041 -466.405 1.039
-50.990 70.661 -329.006 0.978
58.421 -26.279 -478.850 0.936
-58.891 71.209 -322.617 0.890
-62.020 1.090 -449.219 1.200
27.070 6.834 -386.217 1.227
74.382 -13.500 -345.081 0.836
93.900 -97.522 -373.214 0.974
-86.619 29.394 -338.868 1.103
-54.740 -2.945 -315.849 1.034
64.363 52.513 -330.501 1.119
59.490 22.150 -362.472 1.167
61.368 77.106 -336.675 1.082
75.293 42.372 -448.920 1.073
-33.427 29.741 -364.801 0.825
53.999 72.058 -338.074 1.064
-35.697 83.231 -343.154 1.140
-76.707 -46.060 -497.195 0.955
-39.853 35.415 -442.895 0.841
4.732 27.240 -477.352 0.853
-6.342 -99.454 -303.914 1.047
79.887 -94.375 -358.479 0.994
-84.872 -92.267 -440.731 1.085
-77.418 -42.314 -486.848 1.103
-88.203 49.365 -411.534 1.091
6.481 6.256 -455.596 0.945
82.731 -57.667 -471.998 1.008
-77.242 86.367 -379.556 0.998
64.102 -45.223 -328.717 1.005
-11.303 -98.125 -359.430 1.062
-10.961 -41.646 -386.163 1.010
32.739 -17.290 -346.918 0.975
61.284 30.920 -317.985 0.992
78.408 13.020 -363.411 0.858
-91.801 -31.598 -308.305 1.024
91.358 -65.574 -495.959 0.974
-46.584 -91.846 -408.922 1.204
-50.031 -46.807 -439.094 1.057
-27.042 81.646 -333.500 0.936
-94.231 84.640 -333.714 0.901
-45.129 -57.488 -366.149 1.111
-43.850 -93.741 -363.841 1.013
9.389 83.703 -347.315 0.948
48.275 -83.721 -346.435 1.001
-21.566 10.747 -436.270 0.897
-16.581 -6.431 -306.467 1.025
83.871 -42.155 -300.433 0.959
-2.411 -84.944 -489.373 1.128
55.080 -52.774 -389.401 1.118
58.369 -38.100 -304.066 0.987
96.425 -65.638 -336.826 1.055
-83.025 53.565 -466.724 1.011
66.695 -49.788 -302.774 1.029
76.042 -78.201 -402.672 1.027
34.291 21.306 -493.471 1.007
-66.144 26.688 -347.619 1.145
32.645 33.891 -427.284 0.832
22.818 19.710 -499.679 1.084
58.886 -28.190 -387.515 0.935
73.156 -36.125 -334.232 1.083
45.835 -16.714 -455.697 0.993
88.712 43.189 -493.168 0.844
-13.854 10.214 -449.564 1.078
-37.667 -27.190 -331.594 1.015
-4.990 -47.056 -428.665 1.054
31.054 30.669 -456.460 1.215
-76.260 -51.004 -421.272 1.044
-43.353 44.298 -498.462 1.023
42.552 -85.885 -394.053 1.027
93.077 40.340 -380.488 1.002
33.924 -91.903 -383.099 0.993
41.791 24.960 -415.114 0.937
77.942 78.702 -431.175 1.066
-13.129 -66.119 -395.395 1.228
-59.424 -52.078 -402.440 0.971
-29.892 16.418 -383.677 1.146
-46.938 -59.472 -494.656 1.011
-22.213 -79.775 -404.119 1.075
72.431 -89.519 -323.227 0.958
-28.498 -99.562 -446.439 1.123
29.482 -27.527 -305.616 1.063
-24.677 68.769 -368.712 0.801
97.133 28.127 -412.062 1.059
-28.317 -36.084 -335.050 0.881
-92.536 51.720 -337.339 0.896
-66.615 43.008 -366.919 0.964
-58.547 -12.134 -308.630 1.266
32.291 15.404 -462.272 0.985
71.998 19.523 -434.261 0.846
24.165 -74.289 -382.815 1.020
65.073 23.308 -416.818 1.060
76.271 37.633 -327.015 1.175
-17.450 -42.404 -461.089 1.080
38.312 -18.886 -410.085 1.144
-71.411 20.802 -359.122 1.063
41.278 72.903 -305.278 0.885
42.353 -99.616 -486.633 0.890
13.849 -59.769 -337.178 1.002
28.036 0.434 -310.412 1.029
5.938 61.372 -361.570 1.158
35.005 33.307 -445.515 1.005
68.745 69.885 -301.798 0.923
-38.729 -45.946 -471.795 1.036
-83.386 44.809 -379.619 1.066
-88.159 -55.477 -330.811 0.797
63.862 -83.072 -329.217 0.913
-3.965 21.063 -439.619 1.199
56.165 -19.808 -396.697 0.984
56.390 -81.921 -367.606 0.970
18.380 53.542 -358.402 0.918
31.995 -76.673 -376.763 0.973
-67.549 -94.808 -471.967 0.958
56.184 36.104 -442.232 1.023
-71.941 44.788 -417.786 1.093
1.788 47.227 -469.254 0.987
12.286 92.236 -420.198 1.274
49.489 -5.411 -347.666 1.030
97.101 -1.755 -489.076 1.132
-72.169 93.945 -455.577 0.950
49.670 11.066 -451.005 0.826
-40.172 -85.354 -372.600 0.913
-86.982 -42.399 -401.275 1.014
98.362 -58.824 -350.599 0.964
-86.661 -49.598 -378.452 0.992
47.334 -89.804 -393.052 1.041
33.243 -42.992 -470.712 1.004
-60.821 -30.400 -305.167 0.983
-71.372 42.042 -486.591 1.014
