-1.178 -22.541 -335.047 1.091
42.534 79.664 -453.430 0.953
53.954 2.459 -353.704 1.169
39.674 -75.137 -413.871 1.164
-37.001 -96.880 -383.925 0.984
4.078 -32.864 -350.005 0.997
-71.039 -65.396 -460.557 1.062
-95.445 19.645 -394.909 1.118
-27.639 -53.989 -321.713 0.997
84.716 65.575 -372.474 1.133
-60.770 -90.915 -438.682 1.119
-26.247 -77.491 -382.065 1.027
9.002 59.066 -331.035 0.869
19.196 38.557 -420.591 1.092
-85.227 81.448 -404.233 1.134
-70.698 61.196 -350.661 0.933
-94.260 79.656 -306.887 1.008
-60.943 -4.100 -367.536 1.045
10.013 15.146 -352.926 0.866
55.251 -84.417 -384.530 1.137
87.090 98.757 -429.010 1.011
-24.670 -34.971 -325.911 1.116
90.937 55.803 -343.138 1.000
-92.986 2.752 -309.090 0.997
-56.490 89.486 -307.096 1.070
-16.535 -44.680 -448.910 0.955
-85.956 -74.954 -406.231 1.103
-63.421 4.016 -396.160 1.166
-75.510 49.780 -357.672 0.927
98.808 -7.852 -472.576 0.925
54.032 -92.407 -479.751 0.944
-28.675 23.351 -479.532 1.125
7.160 55.504 -464.766 0.879
-73.152 -17.657 -443.400 1.049
-13.232 91.478 -312.337 0.875
-4.909 79.167 -499.830 1.053
-52.293 -16.737 -440.373 0.953
25.987 -74.556 -315.362 1.053
5.471 49.594 -349.186 1.027
-30.113 -56.836 -392.579 1.167
-38.605 2.099 -468.126 1.104
80.272 59.984 -468.896 0.913
-62.169 25.688 -321.609 0.981
-16.314 13.971 -493.683 0.831
-46.775 51.647 -330.103 1.050
28.673 -20.880 -337.748 0.851
4.507 -90.528 -398.105 0.993
-79.614 -20.683 -334.879 0.952
54.499 -73.031 -419.975 1.125
-79.446 -24.758 -396.139 0.965
-32.116 16.214 -452.346 0.859
-14.468 39.471 -320.543 0.915
80.149 7.306 -354.007 1.106
-68.932 66.897 -427.417 1.180
76.113 -71.890 -362.673 0.888
60.567 10.824 -357.074 1.019
-65.781 77.620 -407.845 0.962
-20.672 -90.701 -319.140 0.924
62.111 79.404 -381.834 1.104
-44.712 -44.804 -320.569 0.892
74.554 72.444 -406.585 1.017
82.627 -12.311 -370.820 0.952
-29.033 23.086 -367.242 0.873
73.576 -78.034 -461.425 0.857
68.622 -4.008 -475.698 0.846
-21.789 -50.660 -314.850 0.951
-76.019 -77.283 -411.514 0.976
92.759 -83.314 -322.603 1.143
-30.668 -29.383 -381.342 0.918
23.564 -23.822 -343.519 0.987
-2.988 85.132 -313.816 1.115
-18.113 -4.786 -396.055 1.055
4.349 66.750 -312.590 0.915
-36.789 -40.469 -367.910 1.051
-71.616 10.300 -445.561 0.865
-73.670 -19.133 -353.823 0.989
96.566 -78.909 -313.739 0.842
-32.171 -91.190 -338.243 1.139
68.997 -75.983 -381.652 0.998
92.093 -62.126 -366.724 1.037
-37.617 18.354 -304.874 0.944
28.723 57.515 -421.373 0.862
-88.690 -40.817 -493.079 0.850
-49.780 -13.079 -448.993 0.981
52.314 60.125 -395.875 0.920
39.071 12.100 -453.102 1.078
29.453 95.035 -437.718 1.113
-12.056 82.935 -455.972 0.986
45.826 -91.737 -430.740 1.069
41.526 -67.759 -396.277 0.976
41.678 75.215 -382.137 0.817
49.905 -31.202 -326.312 1.000
56.193 84.827 -362.766 1.059
-27.949 39.552 -336.231 0.713
-79.401 5.345 -389.756 1.119
95.013 61.499 -369.802 0.966
13.694 20.651 -358.224 0.850
19.865 51.384 -392.952 0.979
-81.166 43.781 -423.092 0.929
68.614 26.615 -428.359 0.951
-99.203 -52.956 -419.624 0.970
20.418 13.329 -429.172 1.055
2.595 14.293 -331.497 0.796
-87.710 -88.235 -341.373 1.088
-15.974 41.825 -305.571 1.068
35.243 -40.062 -499.467 0.995
29.546 2.224 -468.018 1.112
28.792 -93.883 -467.862 0.854
-84.494 21.911 -469.243 0.816
29.555 -78.244 -436.306 1.123
61.489 -84.476 -469.733 1.087
-92.250 45.208 -442.900 0.857
-73.948 97.435 -325.997 0.919
-62.201 82.444 -438.113 0.915
-74.268 62.070 -441.968 1.026
-50.419 10.033 -481.770 0.810
-66.613 34.672 -432.568 1.004
-18.735 49.793 -304.582 0.824
67.666 -50.400 -444.433 0.989
60.797 1.584 -348.999 0.947
55.883 15.296 -419.748 1.064
38.757 -16.955 -376.796 0.787
17.603 -31.625 -354.934 0.977
-38.693 -90.641 -360.862 1.025
79.160 -69.959 -334.166 0.817
-15.856 12.965 -339.150 0.923
-2.376 -78.217 -475.349 1.030
-33.139 -76.299 -402.695 1.041
84.421 47.082 -398.060 0.943
64.972 1.427 -484.952 1.008
29.570 -81.683 -327.023 1.111
1.693 66.464 -361.324 0.920
92.695 84.909 -367.636 0.967
10.160 8.538 -312.155 1.027
-52.854 87.635 -499.100 1.034
-22.223 56.854 -495.526 1.007
21.256 21.020 -417.558 1.056
-49.236 -44.269 -400.670 1.059
11.757 72.825 -314.608 0.986
62.835 -87.615 -496.616 1.068
64.960 65.675 -408.663 0.902
17.826 -81.435 -477.607 1.081
-35.288 -49.471 -450.284 1.282
21.629 30.230 -459.502 1.042
6.137 -71.684 -398.341 0.878
62.310 30.595 -318.724 1.153
53.967 44.955 -313.195 1.018
-53.184 -86.015 -315.505 1.118
66.883 -90.096 -328.068 0.912
57.432 -79.852 -327.669 0.787
90.689 54.542 -330.821 1.060
72.232 -42.578 -463.039 1.077
2.409 -24.753 -317.459 0.959
-20.218 -28.188 -371.226 0.926
-4.025 19.472 -305.195 0.882
-37.232 69.739 -308.379 1.103
-78.385 96.314 -440.532 1.063
74.270 37.096 -332.058 1.001
-93.868 -43.433 -304.104 0.826
30.914 -2.942 -306.790 1.054
-29.942 32.833 -325.892 0.979
-74.420 -66.752 -452.637 0.914
50.181 96.070 -417.707 0.967
90.630 87.631 -407.212 0.942
3.402 5.297 -429.568 1.079
10.328 42.970 -409.307 1.070
-32.938 -73.140 -433.247 0.928
27.595 -94.033 -482.669 1.198
29.077 -22.620 -321.654 1.006
-42.003 -73.850 -443.144 1.055
90.672 57.247 -327.285 1.138
-15.175 -2.527 -421.915 1.036
51.443 3.683 -486.334 1.020
25.150 -96.784 -439.217 0.895
61.645 -5.932 -419.228 1.072
-66.351 18.253 -461.190 1.023
95.460 69.345 -461.713 1.262
-1.974 4.055 -496.774 1.013
-70.842 98.514 -412.122 1.097
19.656 33.603 -377.410 1.038
36.285 -9.610 -395.443 0.914
-39.303 78.069 -366.616 0.971
99.390 -22.341 -313.966 0.976
87.086 13.256 -336.889 0.998
32.571 -68.426 -470.746 0.972
-17.782 -86.596 -320.424 1.008
-61.634 -16.323 -455.123 1.126
50.928 -82.191 -361.838 1.007
-7.745 26.131 -428.459 1.025
18.529 46.354 -378.064 0.979
3.515 77.217 -433.921 0.975
75.859 -26.202 -444.640 1.035
18.922 -57.276 -423.091 1.037
-23.568 -2.323 -463.212 0.708
22.233 -5.596 -440.268 0.992
12.306 83.325 -359.261 0.882
57.989 64.115 -488.351 1.060
-34.809 -21.824 -336.448 1.100
-42.308 -94.315 -308.898 1.012
-84.900 80.210 -484.276 0.908
-26.581 13.931 -370.351 1.037
-87.692 47.673 -475.394 1.047
71.966 95.986 -365.377 1.010
38.898 34.493 -344.596 1.049
75.764 70.061 -303.991 0.947
-35.934 33.453 -340.080 1.038
83.668 -48.464 -464.683 0.949
83.515 85.230 -406.545 0.906
93.065 -99.678 -465.926 1.079
-78.777 24.816 -492.403 1.040
-74.890 -87.369 -319.338 1.179
-21.063 -84.407 -433.345 0.951
95.826 87.142 -338.355 1.067
-17.105 70.196 -359.202 0.904
-15.840 -98.334 -379.144 0.934
22.522 18.607 -412.873 0.987
-9.786 -83.672 -368.245 1.096
4.376 39.062 -485.354 1.160
-18.877 96.542 -497.215 1.210
10.682 14.270 -459.746 1.031
29.243 -31.278 -307.742 0.956
-73.763 39.116 -385.178 0.849
-79.164 -40.584 -453.138 1.137
70.246 -20.230 -402.705 1.022
-26.895 -4.326 -424.016 0.775
31.226 62.582 -324.467 0.955
7.337 53.306 -463.409 1.099
-50.551 51.129 -393.398 1.022
-34.816 -12.264 -328.745 0.915
-70.286 -8.466 -466.871 1.008
48.777 -36.139 -425.091 0.983
67.925 -52.534 -373.448 0.832
29.379 -38.568 -370.258 0.881
73.643 73.276 -472.354 1.183
-25.590 18.445 -366.874 0.806
-72.342 -36.723 -461.785 0.937
-35.772 -71.491 -456.284 1.120
68.448 -80.136 -358.777 1.036
-70.691 -1.822 -352.192 0.979
72.295 15.908 -332.735 1.035
-51.980 -84.013 -425.982 1.076
97.143 35.032 -301.727 1.114
-90.860 18.817 -406.937 0.983
-45.765 -40.144 -414.552 0.973
58.405 9.436 -484.359 0.921
10.717 -26.007 -443.020 1.078
29.306 -74.839 -400.169 1.029
74.796 81.646 -426.260 0.947
98.684 -35.698 -482.661 0.945
13.410 48.274 -473.786 1.116
-71.224 -71.455 -422.120 0.949
-90.721 -1.193 -359.577 1.045
46.072 -47.944 -430.789 1.045
12.674 -91.426 -478.306 1.059
-63.850 -92.735 -381.763 1.127
-72.173 57.878 -323.805 0.928
44.083 -57.353 -466.218 0.840
-53.176 -86.001 -321.021 1.026
92.436 -46.061 -360.868 0.995
-51.838 -3.931 -342.292 0.949
61.582 -50.456 -417.487 1.085
79.803 -21.264 -402.636 1.002
66.390 -64.518 -360.752 0.968
80.987 13.111 -443.906 1.184
46.323 7.030 -461.737 0.930
69.337 85.963 -422.435 0.980
46.480 31.948 -314.807 1.359
-91.129 -11.600 -439.407 1.110
-47.521 12.479 -365.461 1.018
78.601 -38.367 -481.763 0.987
18.940 -18.839 -373.972 0.931
-46.305 -63.291 -372.140 0.949
-26.082 88.668 -414.665 1.081
86.045 15.337 -358.992 0.930
8.919 -26.230 -377.968 0.984
33.160 -97.834 -367.296 1.103
65.413 -96.741 -394.790 1.006
-18.042 59.625 -398.311 0.888
-36.616 -4.621 -383.949 0.979
69.708 -69.275 -336.923 0.911
-78.728 41.969 -368.682 1.144
32.897 50.618 -440.624 0.997
-94.551 65.622 -489.076 0.839
-3.901 -65.840 -489.431 0.956
-33.718 -66.058 -417.032 0.992
25.925 87.645 -333.440 1.033
-88.222 -67.093 -308.710 1.029
0.976 66.331 -495.763 1.036
12.532 -88.002 -334.018 1.117
-31.736 -21.477 -486.748 1.172
-0.201 42.384 -355.850 1.016
-52.153 -62.394 -492.474 1.042
-31.186 58.164 -479.212 0.791
-91.959 -17.106 -372.670 0.870
73.146 -90.953 -480.257 1.066
-89.408 83.264 -421.837 1.087
-64.384 46.305 -411.515 1.034
-77.117 -94.868 -379.111 1.030
47.141 63.833 -492.277 0.968
39.538 30.607 -475.971 1.037
48.779 -0.634 -398.543 0.911
13.376 18.355 -336.613 0.906
-45.036 -76.614 -309.576 1.044
-39.017 -31.270 -371.734 1.057
-62.147 -34.772 -487.331 0.873
78.413 43.642 -404.904 0.835
-20.541 -81.272 -376.615 1.051
13.208 -33.398 -362.427 0.972
-15.458 65.077 -304.622 0.786
-71.682 2.614 -424.839 1.034
23.341 -9.432 -428.440 1.019
-47.830 -75.657 -428.157 1.124
-67.227 87.432 -475.077 1.087
-60.482 -35.783 -439.487 1.079
28.466 -68.925 -469.045 0.828
27.386 57.906 -477.587 1.308
-43.419 -27.252 -419.277 0.948
-15.752 91.838 -451.375 1.102
82.526 83.167 -373.832 0.906
14.899 50.650 -311.700 0.918
-18.876 11.442 -313.492 1.051
-82.140 8.326 -412.114 1.069
-53.447 64.076 -386.977 1.164
83.855 78.919 -384.709 1.120
91.753 -42.705 -431.157 1.009
29.433 44.960 -367.362 1.010
-98.223 -70.614 -305.717 1.009
-86.702 3.793 -489.874 0.849
19.991 24.575 -443.336 1.154
34.443 44.480 -414.437 1.109
30.106 -62.404 -419.594 0.952
-53.837 91.305 -435.688 1.085
-27.816 -25.286 -360.274 0.958
-12.655 -21.698 -314.435 0.983
2.125 44.754 -467.969 1.156
26.289 73.978 -484.524 1.051
62.342 -85.273 -313.128 1.041
-64.627 4.835 -419.742 0.980
38.831 39.574 -438.292 1.095
91.952 5.756 -354.767 0.921
85.022 10.729 -499.700 1.113
33.941 30.595 -461.625 0.970
7.980 -39.019 -355.382 0.972
-39.991 14.712 -487.827 0.856
-92.818 39.117 -447.890 0.910
55.116 74.749 -488.530 1.066
-39.358 69.569 -308.361 0.798
27.745 20.496 -304.222 1.059
48.826 59.949 -446.841 0.960
13.128 17.307 -438.898 1.138
-0.955 28.138 -420.010 1.138
17.044 -38.828 -338.820 1.033
-66.300 46.561 -362.420 0.887
96.371 55.273 -468.931 1.030
-44.496 -25.318 -393.628 1.158
95.353 65.751 -488.078 0.930
-39.306 -5.842 -473.578 0.972
-28.179 -78.430 -463.492 0.984
-16.178 -66.118 -481.815 1.036
-76.232 -44.317 -353.165 0.995
14.011 -77.848 -391.662 0.881
-20.654 -94.344 -390.466 0.977
44.919 44.431 -352.597 1.168
-71.637 48.319 -354.193 0.974
-40.895 47.149 -362.990 1.043
-89.457 30.392 -455.292 1.085
-83.957 -74.094 -348.891 0.997
98.015 -41.703 -415.544 1.010
19.632 82.717 -394.002 0.927
78.636 9.158 -462.876 0.965
87.212 -54.945 -333.124 1.131
6.940 -80.812 -300.674 0.938
6.218 -0.801 -383.716 1.233
57.871 -83.602 -440.787 0.909
68.353 90.754 -331.522 0.971
-96.869 69.761 -399.156 0.948
28.038 -76.253 -432.765 0.923
18.499 -16.858 -369.997 0.934
-81.499 -21.657 -393.446 1.027
-22.479 97.154 -319.728 0.794
-63.999 4.209 -306.414 0.965
-46.964 43.978 -382.726 0.988
-74.945 37.066 -370.833 0.820
-91.168 88.660 -455.478 0.860
13.651 -80.454 -498.472 1.008
-24.614 50.748 -381.340 1.106
67.621 -58.258 -375.128 0.927
-91.796 57.952 -386.266 0.826
-89.010 3.901 -337.994 1.084
42.726 -97.774 -335.646 1.266
-47.026 28.529 -380.027 0.968
98.434 -33.315 -321.380 0.974
10.023 -69.552 -424.345 0.838
81.541 19.738 -380.197 1.109
-97.665 -14.897 -483.060 0.834
-21.849 -95.479 -351.620 0.830
-34.822 -44.733 -364.694 0.882
-2.190 -44.355 -452.837 1.081
84.706 4.352 -398.878 1.099
12.418 2.426 -311.670 1.047
7.087 -37.266 -341.027 1.162
22.032 -14.105 -430.213 0.997
-31.742 61.042 -369.541 1.142
68.041 -86.746 -429.342 1.164
-10.514 -37.234 -438.892 0.923
45.495 -65.059 -358.395 1.114
73.168 -47.454 -363.546 1.035
-12.692 -88.722 -395.955 1.177
19.343 -66.323 -364.022 0.926
-19.879 -44.605 -433.900 1.148
13.922 97.810 -462.574 0.965
25.818 33.558 -302.247 0.925
-48.822 -33.204 -465.703 0.974
-67.590 -98.520 -331.884 1.114
-73.770 -84.340 -418.873 1.016
65.390 49.794 -471.887 0.968
16.689 22.226 -344.007 0.810
-22.131 97.484 -361.219 0.894
88.241 95.915 -425.593 1.083
83.354 95.101 -332.503 0.916
25.480 -26.958 -354.497 1.110
61.293 96.527 -398.010 1.147
8.404 30.525 -450.372 0.816
-26.414 -75.245 -392.768 1.093
84.362 -95.016 -312.218 1.182
-3.104 -53.208 -449.928 1.105
30.735 -76.081 -462.749 0.919
77.832 -46.604 -350.526 1.014
86.327 -15.721 -312.123 1.021
55.078 66.598 -402.617 1.085
39.144 65.002 -445.430 0.962
90.074 -26.082 -406.605 0.848
-83.022 97.589 -482.287 1.007
78.008 -93.134 -344.573 0.948
94.468 -66.472 -452.664 1.213
19.296 -31.512 -369.699 0.863
-16.705 79.083 -405.697 1.202
35.781 0.196 -376.149 1.008
-75.259 -80.985 -431.614 0.994
-66.752 -33.608 -422.115 0.762
-45.393 88.910 -375.786 1.075
-59.088 -45.785 -418.028 1.015
49.238 69.018 -345.266 0.959
50.669 -12.201 -465.448 1.092
-9.361 40.229 -367.553 1.019
20.114 -17.739 -487.162 0.914
75.856 -24.991 -483.081 0.908
-44.765 -85.123 -461.140 1.118
-70.093 -88.676 -436.218 1.015
92.041 -17.225 -496.575 1.092
-5.723 73.266 -446.612 1.218
-64.036 12.149 -484.698 0.946
64.247 91.981 -423.816 0.932
83.475 30.256 -400.886 0.936
83.678 -13.658 -499.565 0.793
-8.563 6.635 -479.765 1.150
91.044 11.297 -354.193 1.013
20.512 -90.537 -391.568 0.975
-26.515 -11.573 -449.247 0.962
16.235 7.911 -391.070 1.091
-50.900 68.221 -497.571 0.799
-50.222 -0.128 -456.701 0.891
93.642 37.347 -397.750 0.926
-47.450 -62.866 -350.085 0.991
75.880 63.704 -483.646 0.901
-44.187 93.063 -494.173 1.117
17.883 -35.475 -379.628 1.045
47.708 -46.999 -326.860 1.000
44.082 23.440 -478.695 0.920
83.881 41.020 -475.464 0.969
68.622 -60.743 -353.576 0.999
59.468 -71.368 -384.700 1.010
-54.230 -84.416 -390.313 0.919
48.203 -33.655 -432.326 1.080
16.004 -74.455 -362.458 0.993
-54.738 -89.930 -317.725 0.896
88.737 -37.039 -471.026 0.878
27.681 -21.931 -388.485 1.081
55.440 93.203 -306.013 1.038
-77.496 -17.980 -444.414 1.165
-81.209 96.766 -404.742 0.827
59.173 -71.759 -421.846 1.075
43.402 91.774 -418.087 1.163
74.294 17.408 -365.119 0.975
-12.211 -69.281 -404.591 0.891
-12.976 -31.892 -455.780 1.169
-5.634 60.162 -319.961 0.910
-25.924 63.427 -330.404 0.918
26.092 -14.573 -354.744 0.863
84.926 -34.585 -396.195 1.085
-83.035 6.020 -449.861 0.958
-9.495 -63.303 -444.707 1.011
-72.518 -84.881 -483.042 0.953
15.598 -60.962 -340.840 1.093
74.579 97.987 -322.383 1.143
58.433 67.595 -470.535 1.184
-70.722 -58.028 -476.695 1.018
-8.879 -21.642 -306.560 0.973
78.212 37.956 -346.069 1.037
-90.103 -6.684 -423.570 0.801
65.767 82.212 -405.589 0.962
50.231 79.787 -318.144 1.053
62.736 -21.394 -341.879 1.044
90.604 -69.775 -456.931 1.012
-99.684 44.098 -415.201 0.988
94.170 85.236 -403.818 0.994
-93.849 -69.065 -347.710 0.968
-27.133 3.524 -350.499 0.996
-76.183 66.559 -369.552 1.018
-42.422 64.257 -332.598 1.096
-87.664 13.952 -331.759 0.885
85.336 -99.717 -340.949 1.046
-79.664 8.269 -497.583 1.039
42.848 62.458 -447.492 1.049
-16.352 -10.737 -341.884 1.024
53.087 -34.039 -357.114 0.986
46.974 -46.225 -309.455 1.053
69.041 -39.816 -447.191 1.006
-70.867 -96.172 -314.035 1.164
88.802 -84.514 -375.354 1.119
-76.840 -5.934 -315.668 0.859
71.741 -46.567 -307.019 0.954
22.601 57.272 -425.360 0.772
-52.935 -10.628 -492.072 1.061
46.904 36.334 -300.833 0.965
-22.767 -46.462 -425.562 1.128
-19.823 -46.047 -342.527 1.027
22.636 56.868 -339.625 1.163
-72.762 -93.773 -423.222 0.900
70.143 74.749 -475.199 0.934
-79.938 -86.323 -447.670 0.871
22.038 -34.594 -372.681 1.149
81.278 -32.344 -330.507 1.063
-84.723 73.001 -364.166 1.069
-63.405 13.041 -383.649 1.122
28.049 8.726 -440.065 1.048
0.403 -38.806 -300.397 0.889
67.962 -38.820 -421.966 0.955
6.689 74.688 -429.027 0.910
-84.088 -58.046 -483.638 1.219
-41.931 -27.285 -448.206 1.100
-33.439 -6.720 -467.027 1.051
-17.715 61.139 -374.937 1.019
-96.805 52.870 -338.820 0.979
49.193 -59.626 -340.789 0.932
19.551 94.158 -324.709 0.968
98.479 60.371 -383.845 0.996
16.396 7.743 -348.742 0.988
2.047 68.721 -499.781 0.875
-86.901 -52.855 -454.862 0.809
22.620 36.999 -452.107 0.983
98.462 84.185 -300.725 1.016
-35.203 -8.411 -376.980 1.067
-83.316 18.726 -420.412 0.837
2.648 -76.339 -312.119 1.336
-78.376 27.012 -358.679 1.216
42.852 -63.050 -480.672 0.978
-51.674 -14.786 -321.895 1.128
-96.231 -79.691 -427.248 1.170
-2.363 -42.041 -376.122 0.967
46.258 16.242 -415.823 0.922
25.813 -56.144 -351.731 1.102
-0.018 -50.584 -411.707 0.909
53.223 -87.832 -453.148 0.972
-82.322 71.455 -374.796 0.955
-13.462 51.436 -383.464 1.181
24.646 59.822 -329.872 0.892
97.760 82.639 -322.018 0.989
91.417 -13.081 -469.471 1.044
82.730 -46.975 -361.561 0.909
92.816 28.225 -388.010 0.981
59.693 59.643 -462.693 1.017
-10.256 -13.049 -301.404 1.066
-40.453 -5.107 -332.492 0.930
32.693 -92.777 -372.315 0.947
-81.557 35.516 -487.210 1.100
-98.298 23.996 -462.766 1.197
61.342 75.985 -445.907 1.094
83.077 -94.052 -361.553 0.989
57.203 38.438 -422.061 0.891
74.618 92.061 -481.460 0.982
-2.179 99.024 -333.893 0.907
-56.996 4.544 -448.767 1.095
-83.946 -0.883 -422.085 0.940
87.566 48.808 -386.300 0.939
93.160 18.230 -391.124 0.893
-68.893 -87.576 -366.432 1.153
-4.364 64.463 -365.041 1.086
0.261 55.732 -307.238 1.098
93.842 -22.773 -468.771 0.983
-35.459 -65.928 -376.234 0.865
-41.934 -73.367 -302.490 1.008
-11.877 35.793 -440.131 1.295
-93.240 -65.241 -373.645 1.087
5.757 -23.290 -479.825 1.082
39.833 32.319 -436.707 0.932
-87.235 -41.829 -302.549 1.031
-19.631 -85.452 -482.252 1.147
46.847 1.152 -376.196 0.934
-42.808 68.012 -448.935 0.932
-59.102 -6.671 -354.260 0.926
-30.472 26.757 -445.627 1.163
26.045 -35.087 -419.641 1.062
91.360 -11.773 -304.226 0.988
99.221 -40.753 -420.683 0.898
-63.258 -81.108 -383.391 1.043
-37.802 64.236 -461.656 1.049
29.015 36.728 -492.996 1.279
-26.923 -44.409 -338.848 1.014
49.542 32.624 -427.512 0.931
-30.475 48.121 -395.739 0.933
-33.271 -59.073 -447.161 0.914
-46.607 -66.974 -310.786 0.971
-65.339 -75.571 -393.098 0.912
-87.997 -45.014 -387.109 0.999
-36.756 -20.114 -456.916 1.008
32.761 50.327 -374.529 1.033
-82.007 -30.240 -419.606 0.998
-12.802 25.716 -355.580 0.977
-93.779 66.389 -342.735 0.902
46.873 64.635 -301.346 1.026
97.277 33.242 -385.876 1.055
61.271 8.065 -315.693 1.230
19.067 77.370 -482.782 1.140
71.609 45.661 -388.264 0.969
38.665 38.741 -496.710 0.899
-7.890 -60.788 -303.533 0.946
-83.455 -65.669 -494.598 1.157
24.885 -72.351 -412.880 1.109
-77.664 15.073 -371.935 0.982
-83.313 4.761 -438.814 0.906
88.777 -68.070 -425.547 1.099
-89.525 -92.314 -327.607 1.055
56.619 -19.421 -450.774 1.012
-44.833 -37.567 -454.318 1.104
32.817 -71.269 -337.445 1.016
60.323 73.289 -379.108 0.872
-33.728 5.271 -380.960 1.107
80.229 3.350 -408.830 0.861
5.585 -83.475 -415.055 0.948
9.672 -93.635 -433.675 1.055
-71.705 -54.893 -402.270 0.948
36.069 -81.313 -328.965 0.995
-48.337 36.038 -415.336 0.849
9.612 -90.489 -444.417 1.113
39.165 -10.762 -466.139 1.192
37.486 -90.363 -486.056 0.930
-32.573 -11.173 -451.828 1.038
-5.752 50.763 -429.304 0.877
81.259 33.191 -422.423 0.979
-34.203 -14.714 -481.289 0.995
-58.002 41.478 -454.787 1.001
8.168 -26.790 -492.493 0.828
-89.438 29.822 -314.135 1.010
-90.209 58.303 -367.333 0.950
-99.478 -14.797 -455.311 0.886
89.418 -6.816 -416.291 1.010
90.160 -19.689 -436.878 1.267
-4.874 15.394 -407.680 1.173
-69.887 28.543 -477.271 0.985
33.749 4.442 -428.173 0.904
78.019 10.900 -432.212 0.947
8.171 82.823 -400.912 1.152
66.255 33.431 -350.571 1.121
68.695 39.479 -328.269 1.120
32.283 -80.762 -363.068 1.089
-18.846 -33.914 -379.082 0.824
69.513 -62.797 -305.871 0.852
-80.583 49.152 -329.584 0.840
-11.460 -99.498 -307.483 0.908
-78.086 -55.332 -371.348 0.802
-63.712 64.199 -357.395 0.879
-9.528 -27.834 -417.402 0.916
-64.532 -4.103 -457.857 0.979
-18.560 14.541 -467.426 1.052
80.424 -64.291 -312.125 0.973
-4.570 69.332 -329.697 1.104
-86.697 -61.415 -403.525 0.952
63.244 54.684 -474.016 1.131
85.711 81.434 -423.863 0.937
46.594 92.828 -443.039 0.943
-82.202 -89.787 -394.885 0.973
77.360 -7.300 -493.818 1.107
63.512 49.214 -482.895 1.016
-10.144 63.275 -443.930 1.110
10.581 52.735 -451.405 0.974
-49.113 90.907 -438.485 1.041
-4.333 1.796 -347.968 1.028
-58.526 65.809 -344.758 0.925
-62.780 5.555 -425.855 0.932
-49.560 50.969 -495.481 1.120
27.259 -2.637 -305.289 0.917
-95.999 -0.800 -457.760 0.864
85.287 80.293 -350.843 1.214
-28.272 -50.129 -474.007 1.006
-18.725 -0.070 -397.723 0.797
-71.180 -57.101 -486.882 1.117
87.100 82.763 -479.938 1.064
67.763 38.751 -342.223 1.162
-99.226 50.373 -485.141 0.911
87.284 13.882 -444.562 0.929
50.342 44.560 -381.718 1.069
53.563 -35.909 -383.212 0.919
22.212 95.119 -382.115 0.976
-66.405 7.215 -443.130 1.249
-31.269 -30.126 -422.292 1.138
-72.303 83.130 -420.114 0.892
64.146 -50.503 -346.234 0.965
86.748 79.702 -334.097 1.065
94.926 -50.212 -325.530 0.838
-80.144 10.950 -435.140 0.801
12.939 -67.954 -325.314 0.853
47.461 -7.929 -358.782 1.030
-3.334 -30.184 -466.756 1.064
-93.416 -82.317 -488.782 1.035
-38.500 -27.228 -384.757 0.896
33.468 47.811 -344.867 0.842
-65.507 71.195 -487.617 1.098
-45.469 19.026 -435.567 0.984
90.364 43.731 -438.986 1.000
-36.159 30.725 -300.921 1.035
-13.022 -81.888 -398.718 1.052
85.074 -62.656 -344.754 1.247
-19.660 -94.708 -498.837 1.020
82.713 -60.022 -389.531 1.085
26.443 -88.753 -367.302 0.953
-36.559 -24.069 -470.925 1.012
14.543 88.833 -452.700 0.953
18.626 -57.186 -416.887 0.866
25.267 -82.147 -345.102 0.936
55.669 -62.139 -383.597 0.916
11.008 51.955 -339.106 0.944
84.952 52.097 -481.615 0.898
-90.972 -50.644 -360.685 0.987
45.127 89.323 -458.863 0.972
35.197 -81.726 -320.247 1.050
76.147 -21.472 -486.520 0.964
77.359 2.417 -409.897 1.173
44.248 -83.616 -389.293 0.852
-72.362 52.820 -493.455 1.013
-19.694 -49.457 -326.019 0.973
-0.317 97.508 -420.417 1.090
-85.453 91.255 -386.981 1.038
15.799 -24.657 -440.801 1.104
98.061 65.444 -399.028 0.950
47.159 39.583 -432.015 1.066
-92.218 -78.860 -449.276 0.941
50.028 10.709 -437.009 1.022
8.612 -83.059 -398.792 0.968
11.380 -85.462 -400.343 0.988
58.546 49.273 -432.093 1.085
-79.340 41.639 -309.180 1.308
-26.453 40.079 -481.955 0.966
60.758 16.041 -327.156 0.971
-95.090 -65.774 -346.952 0.996
96.075 15.164 -468.790 1.052
91.964 -36.037 -389.823 1.135
90.050 96.405 -342.845 1.090
71.688 -17.185 -416.102 0.884
-17.942 -2.514 -331.038 0.993
-40.275 -90.569 -373.288 1.083
-54.510 18.219 -472.301 1.039
-41.063 70.242 -415.051 0.998
20.561 0.000 -447.782 1.058
-79.872 -7.230 -304.123 0.959
-76.262 -25.709 -453.097 1.001
-61.147 -11.029 -498.111 1.065
63.774 11.839 -480.125 1.051
35.296 93.750 -465.619 0.975
91.543 64.755 -360.543 1.118
82.083 30.569 -476.576 0.958
-54.210 69.629 -347.096 1.058
53.589 -63.174 -447.190 0.992
16.629 88.768 -414.278 1.049
74.525 -49.347 -413.302 0.921
-79.548 48.611 -362.042 0.973
-33.126 -94.121 -476.783 1.119
-13.937 -64.192 -314.565 0.998
-20.917 -26.635 -498.058 0.981
18.770 35.318 -369.980 1.090
70.528 71.749 -461.154 0.699
59.638 15.117 -414.185 1.078
-95.587 88.808 -355.073 1.187
-66.360 3.356 -454.146 0.873
2.686 -23.058 -302.472 0.865
-95.452 90.313 -383.632 0.989
-41.663 88.166 -387.315 0.807
26.773 85.117 -468.112 1.033
77.482 -58.178 -448.139 0.849
-21.664 -93.187 -491.322 0.896
-49.241 -60.608 -483.082 1.117
-96.713 -96.420 -315.602 1.048
-17.284 45.686 -423.528 1.021
-43.566 58.392 -409.090 0.992
-88.229 99.176 -398.227 0.982
-24.101 98.163 -343.046 0.987
-31.712 44.437 -349.654 0.907
77.194 -77.888 -372.215 1.080
-50.995 53.719 -496.954 1.063
52.391 86.368 -411.740 0.939
73.535 53.347 -436.316 1.081
-21.801 50.367 -445.635 1.188
29.172 -35.840 -373.662 0.857
-99.514 97.019 -383.695 0.975
-90.302 -74.543 -401.201 1.030
-99.353 88.979 -311.193 1.073
-63.078 47.194 -489.095 1.051
10.695 86.710 -301.098 1.067
-7.547 -22.180 -408.452 0.993
-2.202 0.337 -389.749 0.868
-34.425 -73.810 -403.751 0.819
-22.254 48.642 -456.101 0.733
-92.855 74.013 -324.977 1.052
66.875 -48.238 -337.382 0.956
22.150 51.773 -431.159 1.009
-3.197 97.903 -307.005 0.983
1.750 -94.623 -398.010 1.035
-82.457 92.348 -451.516 0.928
22.905 -11.608 -460.790 0.969
-7.406 94.785 -340.215 1.094
2.014 87.238 -345.939 1.047
-91.282 -97.990 -364.991 1.112
44.828 -74.909 -386.304 1.027
24.318 56.412 -313.930 0.925
95.336 19.601 -470.748 1.017
-0.622 45.562 -429.758 0.849
-11.469 55.951 -486.821 0.963
63.192 -48.735 -321.341 1.098
90.280 81.985 -413.376 1.005
-33.448 -77.206 -399.593 0.794
-76.580 -41.463 -422.893 0.984
59.363 65.349 -302.301 1.096
74.937 -72.281 -485.604 0.950
68.254 10.486 -459.535 1.043
88.834 -84.687 -383.673 0.935
-0.112 54.158 -414.505 0.948
-36.998 -89.215 -408.363 1.055
7.250 -9.838 -429.683 0.954
-62.817 43.189 -368.253 1.046
-45.982 -76.446 -354.116 0.790
-76.784 20.762 -330.571 1.031
-74.650 -82.177 -393.295 0.959
16.093 -23.729 -387.428 0.998
-82.772 -4.021 -386.498 1.137
-40.977 57.685 -333.350 0.881
-50.022 63.673 -307.653 0.956
-87.318 -76.314 -307.015 1.116
-61.210 26.591 -416.917 0.833
6.316 -72.112 -365.571 1.058
99.820 61.004 -454.797 0.841
-12.793 73.817 -454.715 1.018
-39.725 -4.567 -474.254 1.076
25.495 -61.478 -345.388 1.002
-75.086 44.381 -476.190 1.011
-27.752 -96.800 -388.925 0.851
5.914 -49.861 -405.582 0.972
66.418 -33.581 -364.923 1.044
7.365 -87.596 -350.375 0.860
40.807 88.406 -336.102 1.066
-52.494 64.427 -382.581 1.115
34.643 98.416 -349.493 0.903
-22.816 46.642 -461.926 1.093
-91.592 -20.409 -413.281 1.052
85.378 -73.951 -368.104 0.912
-70.694 51.202 -393.036 1.065
-78.013 -79.326 -317.682 0.926
67.028 -85.511 -301.852 1.142
-73.359 57.932 -494.893 1.020
-76.133 -0.719 -495.190 0.917
-89.263 -5.519 -330.904 1.037
-91.546 -21.053 -472.551 1.020
31.693 -76.455 -494.092 1.248
52.086 -19.394 -429.003 1.043
12.866 -13.631 -395.598 0.821
61.026 57.614 -485.332 1.041
82.668 -83.599 -491.234 0.884
-93.236 -13.608 -408.459 0.867
-47.742 38.171 -392.565 0.888
49.848 -10.554 -348.835 0.958
-52.337 78.768 -417.744 1.147
-74.399 50.981 -329.696 0.973
-48.611 -21.030 -352.730 1.119
-46.986 12.719 -377.867 1.105
56.122 83.820 -449.119 1.047
31.492 60.679 -404.477 1.004
80.453 12.514 -381.870 0.860
-82.819 54.308 -415.253 1.014
-59.871 -46.455 -399.266 0.924
36.731 -81.955 -423.277 0.831
-36.536 -42.710 -387.414 0.861
-26.186 -99.698 -408.740 1.099
4.993 -2.783 -372.312 1.005
68.411 49.643 -478.107 1.106
28.924 -12.707 -430.771 1.013
79.245 11.158 -342.855 1.102
24.007 61.997 -463.485 1.175
-24.472 45.798 -317.750 0.983
41.067 89.925 -478.648 1.049
3.201 -7.282 -483.242 0.860
-7.293 30.202 -466.913 1.005
30.408 36.697 -473.455 0.958
-33.942 78.335 -496.643 0.917
-24.239 73.547 -499.512 1.140
9.695 -12.974 -416.380 0.979
-60.850 -89.663 -349.280 0.920
62.676 5.726 -404.604 1.010
-96.406 -20.023 -361.737 1.151
-11.767 -63.520 -387.257 1.022
-78.569 11.276 -321.076 0.854
66.508 -41.661 -309.296 1.142
82.299 -54.041 -364.869 0.936
97.846 -21.512 -381.619 1.224
-61.763 70.538 -499.961 0.821
94.532 86.681 -331.213 1.206
84.868 -99.162 -475.358 0.981
-7.841 16.262 -422.108 0.935
-32.255 -88.204 -379.907 1.053
-14.531 0.177 -424.802 0.925
-32.698 -9.121 -343.435 1.064
91.220 41.863 -334.540 0.856
-29.460 22.711 -497.971 0.970
19.686 27.458 -328.516 0.954
30.807 71.071 -335.209 0.977
11.276 -35.753 -463.098 0.926
54.807 26.657 -434.967 1.109
-89.331 -70.140 -306.841 0.865
50.846 94.574 -408.335 0.934
66.008 -85.407 -357.939 1.053
83.682 -32.216 -404.445 0.980
17.480 99.765 -410.458 0.984
-47.410 18.737 -398.858 0.881
-35.426 25.230 -433.582 0.886
-73.141 43.264 -370.504 0.972
-82.845 31.906 -443.502 0.918
-4.380 35.058 -378.007 0.989
-17.989 -53.096 -497.400 1.079
94.401 -3.524 -388.228 1.069
26.794 92.805 -362.574 1.066
-49.435 -8.519 -468.824 1.094
76.595 24.124 -376.923 1.083
-61.044 50.953 -409.956 1.075
-57.180 -67.569 -435.392 1.089
-71.061 14.149 -423.855 0.967
88.252 -29.988 -399.784 1.093
90.579 -74.461 -358.634 1.267
-16.074 63.817 -460.477 0.864
17.443 -70.189 -498.421 1.040
79.702 73.738 -470.390 0.921
-11.558 -45.435 -355.619 1.121
7.367 87.475 -390.768 1.024
-15.311 71.359 -368.233 0.986
-32.985 71.466 -383.436 0.968
67.523 -10.039 -305.647 1.036
-88.129 -72.832 -331.099 0.756
72.146 -4.143 -320.437 1.116
-90.820 -43.104 -394.387 0.811
41.553 80.994 -327.123 0.924
-45.869 -68.096 -422.615 1.198
-72.100 -75.018 -380.387 1.196
29.832 12.607 -447.285 1.050
90.927 0.552 -312.518 1.046
-38.894 19.291 -311.308 1.008
-6.789 -44.978 -379.142 0.966
95.180 -93.821 -324.013 0.933
-96.108 -55.029 -443.205 0.872
-90.022 -57.149 -403.201 0.793
-18.286 58.611 -303.414 1.043
-92.597 -91.716 -382.686 0.944
32.294 -25.949 -442.336 0.885
65.685 -55.780 -412.425 0.991
10.835 -62.875 -393.816 1.058
-24.023 66.823 -427.884 1.107
-17.617 22.437 -342.807 0.874
18.164 -12.832 -393.524 0.932
55.489 -78.227 -424.565 0.995
6.797 30.331 -425.291 1.046
69.668 -44.257 -437.598 1.050
69.609 16.246 -489.952 0.943
91.853 -68.660 -358.602 1.241
-37.240 -88.755 -336.675 1.156
93.719 4.133 -392.366 0.932
-24.930 -78.251 -358.574 0.915
-51.678 -19.910 -496.756 1.011
77.988 52.212 -418.550 1.040
95.457 22.102 -373.272 0.991
-11.869 55.865 -433.259 1.087
39.189 -26.509 -489.782 1.057
84.815 -2.534 -426.768 0.922
40.452 -67.323 -318.183 1.085
-97.826 35.351 -332.482 1.001
95.431 55.704 -490.543 1.061
33.516 -59.137 -315.934 0.939
79.138 68.932 -431.085 1.028
97.121 -43.735 -328.952 1.149
-51.013 -81.689 -334.477 1.002
-14.549 -46.356 -367.436 1.021
-86.385 -79.518 -329.210 1.146
-92.413 37.770 -385.236 0.995
59.037 32.413 -346.788 0.986
-84.136 57.256 -349.631 0.939
