-89.458 80.348 -447.777 1.241
95.835 -87.378 -372.143 0.956
34.830 -85.774 -308.425 0.910
-51.238 -29.067 -379.168 0.995
-71.590 -62.528 -477.931 1.036
-37.931 -13.610 -409.625 0.801
55.382 17.676 -399.244 1.154
-73.155 34.388 -381.996 1.040
-71.772 -80.369 -484.171 0.919
-10.469 36.649 -328.815 0.907
7.058 31.844 -430.760 0.966
-84.620 91.709 -336.332 1.111
86.504 -81.839 -376.032 0.995
-58.935 87.858 -485.617 1.064
-13.665 -10.737 -404.670 1.038
81.680 -71.483 -301.877 1.051
66.471 -30.842 -452.328 0.958
-73.927 64.104 -408.176 0.984
19.505 53.121 -490.204 1.114
-27.623 -3.521 -351.532 1.088
-21.006 -56.702 -468.964 0.811
62.664 -60.649 -458.141 0.973
-31.604 -52.052 -456.293 0.867
2.238 -97.728 -452.932 1.115
93.408 56.062 -495.171 1.154
30.417 -3.543 -330.027 0.918
-89.177 32.503 -376.137 1.006
-31.588 62.947 -350.701 1.086
14.709 -24.934 -347.883 1.058
7.953 -46.463 -453.149 1.068
-97.306 18.181 -480.873 1.037
14.239 -80.539 -449.322 0.780
27.050 55.924 -443.504 0.917
-48.327 -73.448 -414.361 1.060
69.368 12.217 -457.185 1.000
-9.539 56.503 -422.206 0.979
-15.429 -33.567 -441.196 0.985
-59.567 61.496 -465.379 1.024
17.826 7.747 -336.366 0.992
-98.895 40.250 -391.571 0.970
-2.438 -78.359 -302.743 0.984
52.041 26.265 -365.741 1.006
88.923 -31.530 -307.798 0.911
73.915 97.070 -338.340 0.880
78.247 87.143 -348.330 1.074
76.545 68.303 -386.909 1.116
-26.431 -83.966 -353.458 1.090
-9.927 -82.108 -312.532 0.973
-10.332 -42.680 -472.302 0.980
-47.815 31.340 -409.257 0.920
-54.798 46.151 -496.688 0.988
-51.702 22.970 -308.903 0.955
43.871 -94.691 -355.293 1.076
-49.394 -27.673 -481.581 0.903
0.698 84.899 -365.494 0.903
30.821 71.898 -375.849 1.014
26.429 76.289 -481.018 0.929
65.508 19.147 -472.953 1.023
33.229 -20.880 -395.347 1.197
-17.887 -88.157 -421.806 0.716
22.898 -24.089 -485.391 1.007
-30.574 14.932 -386.415 1.042
40.734 21.706 -467.933 1.072
78.506 64.864 -320.417 1.120
-81.971 -39.494 -470.274 0.972
-85.770 -44.283 -449.968 1.028
15.619 37.830 -304.788 0.996
-96.533 -36.251 -317.614 0.902
15.613 -61.899 -468.477 0.893
13.896 42.430 -451.467 0.982
-49.598 -56.157 -348.472 0.921
53.014 -28.640 -321.056 1.079
-22.593 33.956 -334.577 1.035
-92.742 16.457 -380.546 0.873
3.132 -18.976 -492.339 0.895
57.255 -36.576 -447.967 0.991
34.066 -11.523 -424.481 1.025
-95.789 64.755 -385.637 0.907
-44.428 47.279 -322.360 0.968
-79.399 -76.483 -419.758 1.072
49.866 -62.814 -338.862 0.920
-95.516 -5.789 -304.700 0.911
-49.130 2.505 -469.221 0.874
37.696 -49.179 -497.021 0.875
84.744 -92.434 -337.041 0.784
25.406 -91.724 -474.629 0.941
-30.668 32.964 -443.383 0.930
-60.782 -9.278 -461.785 1.092
25.712 -77.183 -338.558 0.920
63.193 -80.870 -392.108 0.909
70.891 97.456 -348.064 1.020
-91.498 14.287 -306.383 1.070
-7.273 -75.220 -496.892 1.062
13.001 -27.924 -321.925 1.112
23.246 -57.872 -448.895 1.018
-38.885 -23.805 -473.409 0.821
-71.717 0.236 -420.853 0.967
12.330 60.858 -480.178 0.937
83.010 52.194 -467.100 1.119
-65.945 3.724 -300.015 0.985
19.081 -45.690 -482.953 1.117
40.577 7.342 -373.588 1.159
30.221 -7.344 -335.249 0.897
-65.155 -37.410 -463.669 0.781
-0.214 11.082 -464.867 0.950
-0.180 6.179 -490.015 0.899
-17.779 70.170 -326.666 0.940
-80.723 9.456 -369.303 1.015
17.595 92.676 -479.227 0.972
64.574 -23.091 -336.222 0.988
-66.368 40.190 -495.310 0.947
94.348 66.003 -378.195 1.174
68.641 65.891 -429.576 0.877
65.579 -16.167 -486.400 1.060
-0.320 -56.853 -407.139 1.093
-93.687 19.776 -428.159 1.140
-71.404 -27.479 -382.835 1.115
-74.706 -71.239 -315.226 0.974
-56.993 33.246 -471.493 1.103
-38.297 -67.638 -410.408 0.979
-31.535 -95.851 -488.319 1.046
59.682 47.745 -480.363 0.866
27.330 0.902 -302.021 1.139
-68.502 49.140 -355.363 0.879
-17.991 43.967 -499.079 0.921
-65.027 -25.663 -430.975 0.983
66.741 -30.597 -344.609 1.153
10.209 74.672 -305.024 1.047
65.866 -30.915 -435.950 0.924
30.212 -75.975 -379.556 0.905
74.817 -92.254 -351.010 0.983
15.430 -31.376 -473.481 0.790
73.745 35.671 -417.271 1.025
-85.703 70.097 -305.063 1.131
-85.176 -74.805 -395.270 1.065
98.888 -6.516 -459.956 1.116
52.701 24.070 -485.064 1.045
52.093 69.296 -300.607 0.949
3.157 -63.277 -393.820 0.786
-79.947 67.478 -437.701 1.055
29.756 -49.927 -360.880 1.066
-64.486 -59.912 -497.709 1.158
1.873 40.374 -344.941 1.007
-27.758 53.531 -326.826 1.115
-35.315 -48.220 -463.626 0.928
78.686 -59.398 -476.367 0.848
-21.647 83.063 -453.962 0.880
53.349 85.794 -356.409 1.010
-32.432 -46.053 -380.780 1.016
-80.302 -97.743 -453.537 0.856
-63.431 -5.227 -344.690 1.023
-50.967 -92.166 -443.029 0.953
51.291 -3.226 -342.832 1.008
-63.535 -75.358 -494.290 1.069
-63.658 -0.095 -413.759 0.958
48.081 94.531 -325.163 1.067
3.382 67.234 -402.067 0.841
24.512 11.688 -421.294 1.026
49.504 17.102 -310.428 0.976
-95.460 92.372 -348.183 0.912
80.836 -42.929 -303.121 0.922
4.904 -13.175 -432.693 0.879
37.844 -96.136 -441.640 0.944
-14.498 -38.891 -477.362 1.053
-50.203 -34.901 -410.373 0.944
-78.942 -74.692 -475.014 1.040
11.749 29.288 -478.104 0.882
-8.649 -52.638 -368.566 1.265
51.517 -40.772 -314.591 0.940
60.351 31.798 -448.534 0.937
-90.501 -92.480 -488.591 1.188
-88.949 -61.854 -390.701 0.854
74.436 -91.542 -450.182 1.062
25.694 -84.738 -303.620 0.979
-45.931 -87.608 -420.112 0.903
8.054 -87.913 -472.052 1.306
20.107 -62.737 -493.310 0.973
-17.544 -69.092 -436.599 1.069
97.210 -11.008 -319.324 0.870
-65.154 67.775 -352.538 0.982
-94.730 66.932 -310.506 1.084
15.455 31.431 -382.571 1.027
-83.435 -21.902 -338.630 1.034
-11.517 43.813 -390.890 1.180
-39.822 24.322 -311.489 0.986
-35.723 35.535 -401.752 0.974
-61.584 2.978 -420.139 0.845
-46.602 78.520 -459.466 1.072
9.258 26.981 -320.703 1.112
-57.890 -30.610 -449.274 0.842
-77.200 96.000 -437.600 0.979
-98.698 -8.373 -492.700 1.050
17.430 -93.735 -476.034 1.074
-63.249 -39.852 -337.454 1.055
-19.483 -16.893 -434.300 0.965
-90.969 9.820 -329.890 0.787
26.758 60.275 -375.731 1.105
56.456 -38.810 -418.056 1.021
-64.234 74.651 -494.341 0.931
66.152 -2.181 -481.963 1.095
-74.793 -38.754 -384.594 1.110
26.167 88.360 -455.162 0.957
-69.482 -10.970 -499.773 0.984
-54.983 49.682 -410.221 0.990
-6.880 37.530 -339.019 1.109
-78.203 -86.181 -435.180 0.979
13.766 -67.719 -409.845 1.015
75.353 -19.341 -419.015 0.961
50.534 -78.719 -336.084 0.943
-35.540 -19.175 -432.294 1.026
67.521 -47.377 -348.571 0.986
-36.293 -68.595 -337.413 1.162
59.671 39.621 -439.910 0.922
55.055 -44.732 -404.839 1.145
91.744 -91.257 -356.726 0.969
-8.086 -63.595 -382.335 1.076
-85.929 61.947 -467.355 0.873
-91.183 32.438 -413.514 1.051
9.121 32.610 -408.416 1.076
-5.141 95.123 -449.596 1.038
-20.204 20.928 -321.766 1.010
67.403 -37.111 -307.335 1.079
48.470 -50.294 -426.274 1.045
14.580 61.442 -407.097 0.957
27.757 -57.094 -475.046 0.998
56.606 -85.558 -474.994 0.957
-7.681 56.406 -398.261 1.036
-92.177 69.342 -424.419 0.961
44.414 -6.861 -423.675 0.921
31.895 -14.852 -431.951 1.085
78.341 74.631 -379.006 0.895
86.060 -81.933 -350.982 1.022
-56.938 -45.021 -484.859 0.968
-21.790 91.786 -458.742 1.044
-48.707 68.054 -359.099 1.058
-2.171 91.617 -482.083 0.982
-38.543 -71.244 -328.956 0.908
39.053 -76.676 -453.079 0.994
-10.502 -52.651 -452.082 0.903
43.188 18.293 -308.316 0.945
49.912 -65.441 -480.937 0.953
-44.126 -9.774 -358.926 1.228
-57.118 49.146 -400.415 0.816
-84.508 -8.909 -395.198 1.214
89.826 -68.857 -437.713 1.065
-52.212 66.463 -335.747 0.986
-7.675 68.927 -396.106 0.899
-61.521 -87.281 -490.955 1.136
-98.180 -65.255 -462.175 0.991
-78.063 72.581 -424.153 0.876
-93.265 -45.461 -449.626 0.947
31.823 -72.182 -461.179 0.837
99.245 3.683 -303.789 0.994
21.562 -37.763 -473.574 0.903
-76.837 56.273 -303.602 1.209
75.753 -55.643 -381.480 0.944
38.388 66.250 -355.714 1.038
-49.015 77.353 -325.016 1.038
-0.999 -5.495 -495.589 1.004
28.293 -56.407 -495.611 1.134
-38.056 -34.579 -334.015 0.885
93.924 22.509 -317.822 1.025
-68.205 -28.154 -475.474 1.023
77.439 76.107 -305.709 1.002
57.368 -95.466 -314.644 0.914
30.676 -6.022 -493.416 1.160
-8.386 94.198 -487.477 1.009
-11.287 -31.567 -427.692 1.107
46.104 -9.567 -404.545 1.012
-77.060 2.866 -306.110 0.973
-39.941 -92.928 -424.518 0.939
43.017 61.025 -415.546 1.170
-25.625 76.480 -385.725 1.002
-47.120 1.689 -311.347 1.170
94.920 95.245 -346.147 0.941
-80.105 -25.746 -479.468 0.982
90.912 57.689 -321.635 0.934
-14.527 -44.598 -391.659 1.120
-59.101 14.519 -375.939 1.052
67.412 24.252 -443.099 0.978
-88.040 44.112 -322.686 1.119
20.854 55.263 -399.830 0.994
68.253 -15.758 -460.518 0.908
36.312 18.078 -345.462 0.913
-85.304 18.621 -346.156 0.862
-97.525 48.306 -456.436 1.221
86.693 -26.263 -475.270 1.047
-19.714 46.587 -484.302 1.010
-44.307 -63.931 -467.631 1.300
13.598 -34.953 -402.080 0.827
97.924 8.920 -324.927 1.089
-24.228 98.600 -380.548 1.025
-18.123 -46.838 -311.210 1.016
-50.303 2.098 -491.019 1.085
-89.292 -84.835 -333.455 0.913
60.843 -95.105 -489.801 1.000
-90.412 85.187 -404.194 0.920
-51.924 -7.855 -320.380 1.099
52.273 -68.393 -422.720 0.935
5.583 51.201 -462.423 0.926
-93.953 -56.692 -464.057 0.940
-38.577 -71.312 -310.510 0.954
32.376 -34.597 -353.776 0.868
-14.138 -22.798 -377.786 1.017
-74.496 50.628 -338.878 0.988
-93.713 -10.872 -304.245 0.955
-74.114 18.502 -349.771 0.950
33.052 28.531 -449.181 0.881
3.213 -39.366 -417.164 1.161
27.061 4.717 -480.969 1.152
-40.798 -51.571 -416.243 1.049
-93.275 -93.567 -455.006 0.814
24.050 -92.191 -367.514 1.013
44.174 -66.303 -464.642 0.996
40.992 -70.872 -407.866 1.000
68.029 -31.321 -307.837 1.143
94.958 -31.665 -334.711 0.975
77.634 -58.974 -423.938 1.142
62.561 -19.599 -456.298 0.909
57.251 -76.863 -438.393 0.764
4.121 -99.121 -331.759 0.921
-47.825 -6.752 -406.206 0.923
-39.615 -97.836 -418.209 0.932
68.781 -88.069 -482.522 0.950
-39.886 -66.431 -432.691 1.098
-8.689 -84.073 -330.588 0.906
-41.403 -35.323 -418.034 0.966
61.160 -76.845 -491.911 1.051
13.938 -7.652 -466.813 0.863
15.163 -99.675 -358.282 1.123
-6.295 55.845 -309.143 1.125
65.831 12.530 -369.419 0.986
-65.613 66.336 -376.872 0.858
88.335 -85.865 -409.649 1.014
79.908 -66.588 -496.680 1.021
43.600 -81.532 -397.946 0.953
-46.695 45.698 -322.870 1.018
-76.321 -20.677 -331.389 0.840
20.750 -25.546 -396.851 1.138
-34.340 69.623 -332.934 1.038
23.917 53.574 -419.638 1.069
90.860 -99.304 -350.982 1.083
-6.205 -36.234 -364.374 1.068
-10.570 28.889 -363.212 0.907
-4.407 3.773 -394.969 0.993
93.862 72.891 -413.929 1.052
-31.379 39.499 -390.328 1.097
15.724 67.428 -472.609 1.091
73.027 -68.399 -437.916 0.969
-30.162 -47.936 -435.874 1.070
34.047 -76.566 -328.358 1.104
-82.491 -49.233 -413.968 1.254
73.476 -34.715 -375.082 0.884
-31.669 42.962 -300.665 0.910
82.285 62.542 -416.787 0.925
-84.565 -2.985 -323.527 1.061
-64.478 -83.905 -353.024 0.973
32.710 93.719 -439.786 1.045
99.246 -19.959 -380.597 0.828
91.926 -50.730 -494.849 1.013
74.866 -45.780 -336.566 1.158
-17.387 66.718 -493.176 1.025
-71.275 42.482 -331.056 1.114
92.738 15.809 -413.633 1.094
-21.392 45.442 -308.550 1.090
-63.255 75.345 -484.730 1.071
47.178 -77.628 -470.171 1.012
-78.875 58.595 -431.126 1.054
-79.055 61.246 -326.151 1.068
-98.027 -69.134 -463.781 1.016
82.448 -82.856 -377.761 1.025
13.953 -64.126 -487.009 1.027
46.176 -54.367 -418.596 0.926
-12.941 66.080 -337.103 1.054
-1.390 55.410 -481.535 1.005
67.868 -47.018 -470.684 0.860
-98.881 82.620 -487.599 0.869
-34.996 83.755 -336.437 1.047
12.743 -62.145 -489.475 1.075
1.228 61.947 -358.748 1.059
6.631 21.706 -356.543 1.011
32.354 99.933 -367.720 0.980
-50.238 76.965 -439.479 1.154
68.712 -49.643 -454.135 0.854
-38.672 9.432 -493.024 0.981
54.256 73.316 -423.162 1.032
64.558 82.280 -350.053 1.012
-16.563 -25.303 -455.363 1.019
-58.582 15.080 -396.046 1.115
-19.339 29.076 -408.090 0.892
-37.089 95.424 -322.643 0.983
-76.630 87.629 -302.362 1.052
25.544 13.596 -319.659 1.023
-71.212 -99.771 -439.703 1.083
70.090 -35.417 -455.420 1.025
-94.437 91.851 -495.520 1.060
-23.243 -50.476 -391.475 0.999
49.216 -6.399 -370.738 0.808
58.447 -28.216 -492.202 1.022
-48.693 8.286 -359.950 0.975
-57.093 45.525 -325.762 0.853
-63.476 -29.866 -465.570 1.083
13.343 -16.755 -356.903 0.925
-93.761 70.946 -466.009 1.071
-89.055 55.402 -473.164 1.041
-73.091 -20.623 -484.537 1.093
5.340 42.793 -331.538 0.901
-47.580 12.025 -484.698 1.105
14.348 37.869 -375.037 0.828
65.340 12.289 -371.405 0.952
-66.728 98.022 -497.870 1.153
-87.626 -44.655 -336.724 1.042
-48.461 36.904 -300.887 1.127
50.028 -76.870 -479.339 1.074
-11.400 -47.860 -487.571 1.212
-23.242 -56.513 -307.048 1.014
1.527 8.172 -340.746 1.150
97.259 -51.296 -329.031 0.904
-2.024 -0.988 -452.248 0.984
-37.580 80.176 -402.577 0.861
61.072 -86.132 -439.576 0.913
82.047 -52.619 -454.747 0.944
-58.499 -63.904 -377.028 0.979
-8.482 -66.361 -335.397 0.975
38.557 -59.151 -302.443 1.001
95.264 -15.898 -349.442 1.058
-81.040 72.927 -407.869 1.079
-25.752 95.505 -375.626 0.953
43.753 63.867 -425.165 1.037
99.258 -67.036 -344.109 0.985
-81.285 22.871 -364.975 1.177
96.584 -7.826 -413.252 1.004
46.050 -4.232 -452.101 1.055
-0.606 34.407 -472.396 0.951
-87.655 -95.772 -486.694 0.905
28.479 -58.280 -360.362 0.957
-29.955 60.682 -343.120 1.066
22.894 32.429 -473.995 1.215
73.045 70.031 -425.857 1.081
82.308 -29.452 -386.390 0.998
3.947 24.108 -363.614 1.091
25.419 -89.591 -368.509 1.037
-13.340 -83.240 -390.999 0.913
99.395 -78.015 -366.418 1.030
-78.040 -14.980 -463.398 0.973
47.618 -25.118 -311.597 1.225
-10.151 87.355 -326.048 1.036
6.780 19.351 -435.504 0.932
-60.954 53.570 -439.836 1.049
-39.139 75.104 -435.335 0.984
-39.803 -28.863 -346.140 1.004
91.538 69.095 -369.381 0.990
-56.283 -20.958 -382.019 1.016
-44.528 8.499 -478.271 0.866
33.031 54.192 -423.364 0.968
-64.783 96.392 -352.812 1.064
35.747 79.596 -370.152 1.054
-86.626 91.386 -328.040 1.210
16.773 -80.332 -429.311 1.017
-69.665 -41.943 -308.811 0.930
10.087 85.119 -354.238 0.969
-64.532 -1.284 -421.852 1.099
81.824 1.797 -449.018 1.045
74.374 30.811 -423.913 0.900
-64.326 -66.039 -360.975 0.938
-27.544 17.788 -375.430 1.113
31.801 -52.034 -460.499 0.851
-41.465 -10.127 -302.887 1.084
28.139 28.499 -342.075 1.088
18.554 55.044 -380.767 1.094
60.807 -64.913 -381.554 0.961
73.412 28.711 -389.090 0.996
-68.276 90.133 -397.961 1.191
41.244 31.770 -420.602 0.979
51.439 43.304 -399.141 1.012
54.013 -36.006 -472.902 1.012
99.910 -7.468 -373.385 1.109
-18.585 65.516 -309.400 1.129
-43.541 -16.545 -404.834 0.954
-29.806 -80.325 -345.472 1.013
53.266 73.549 -383.967 0.943
-13.256 45.846 -341.279 1.008
-30.575 36.411 -444.088 0.992
-19.075 80.486 -319.364 0.952
-68.248 -59.830 -485.909 0.864
-73.331 95.202 -433.464 1.214
-49.757 -84.023 -475.927 0.929
-49.220 49.451 -304.507 1.113
90.697 -80.442 -420.408 1.217
15.303 59.249 -443.854 0.863
96.066 -55.209 -321.900 0.903
-47.310 -42.170 -389.185 1.095
-95.134 45.541 -326.958 1.093
3.900 -0.020 -345.059 0.976
-88.391 56.418 -474.798 0.962
94.304 -28.787 -433.148 0.959
24.088 -15.858 -450.214 1.012
-98.381 67.171 -314.223 1.020
-75.367 2.066 -359.460 0.945
40.802 -27.663 -395.441 0.948
54.593 63.074 -426.734 1.066
75.802 -95.940 -415.656 1.049
15.209 -76.282 -376.283 0.842
40.653 86.606 -441.134 1.107
72.512 48.558 -495.720 1.159
56.183 66.927 -476.335 1.111
38.077 -29.128 -301.059 0.935
-43.611 95.025 -460.316 0.866
58.672 32.930 -304.361 1.030
-96.941 -95.948 -438.975 0.939
39.558 -97.247 -478.788 0.816
-84.922 -19.135 -304.064 0.933
-46.508 -5.900 -463.247 0.884
87.016 -84.845 -409.328 0.933
20.809 -89.254 -309.982 0.974
-83.212 -90.357 -451.381 1.065
92.915 -9.313 -316.211 0.982
24.124 -76.658 -470.349 1.108
-39.191 87.533 -404.773 0.914
65.534 43.662 -402.460 1.140
-7.742 19.511 -361.768 1.097
58.895 -47.324 -457.721 1.008
-42.095 -93.388 -405.084 0.969
24.068 39.787 -354.347 0.860
76.973 35.210 -436.070 1.023
38.702 95.436 -480.566 0.985
-1.054 59.426 -433.744 1.082
-41.483 -90.394 -481.482 0.964
-70.010 2.132 -363.083 0.948
-24.374 71.246 -314.357 0.936
-4.674 -58.189 -445.736 0.774
-42.594 -87.576 -308.357 1.030
-70.826 -2.891 -389.330 0.934
-11.879 71.442 -448.408 1.041
36.178 7.889 -356.220 1.064
60.396 19.649 -497.836 0.855
45.448 -51.879 -314.794 1.059
56.468 -57.686 -463.692 0.918
-40.070 83.789 -398.725 0.968
41.617 -72.539 -451.737 0.855
87.277 53.982 -369.724 0.963
-35.154 -14.331 -473.505 1.046
-84.193 55.048 -409.712 1.087
23.772 75.791 -376.627 1.060
90.748 -57.554 -449.821 0.924
-27.812 -44.476 -466.931 0.961
4.517 -58.136 -409.743 0.837
65.704 69.250 -420.651 0.895
-67.360 -70.680 -449.868 0.849
-51.985 35.257 -346.977 0.999
61.994 86.515 -463.370 1.031
-51.793 88.720 -460.157 0.996
12.483 -98.962 -443.496 0.955
-22.502 -16.217 -332.332 1.067
-58.104 54.106 -454.906 1.009
-97.503 1.016 -379.580 0.960
-47.485 -95.427 -412.484 1.004
-61.072 -81.703 -316.022 1.066
87.565 42.683 -454.140 1.003
-7.703 7.947 -457.946 0.829
25.156 -12.159 -456.254 1.205
6.381 40.290 -382.843 0.909
-69.336 44.710 -454.121 1.036
2.436 43.421 -494.027 0.898
-83.236 -91.527 -446.347 0.906
-37.658 -2.126 -348.829 0.998
51.129 -68.839 -341.875 1.250
78.119 31.519 -377.267 0.967
-27.556 -9.396 -472.799 1.011
6.187 96.799 -317.058 1.020
29.097 -73.702 -431.097 0.966
-76.001 61.648 -429.309 1.141
-58.489 -83.079 -381.121 0.987
12.506 -82.363 -324.051 0.964
-30.243 71.334 -384.951 1.052
0.272 -36.332 -461.871 1.025
46.832 -58.466 -316.046 1.034
-21.398 -27.436 -301.291 1.046
76.450 -29.384 -428.431 0.886
46.586 52.357 -498.968 0.788
-79.971 -13.480 -467.689 1.110
7.397 -16.565 -432.191 0.946
29.462 18.895 -411.989 0.934
14.028 28.300 -383.404 1.011
93.821 -72.573 -323.064 0.889
-99.450 18.765 -371.009 1.098
59.595 -72.941 -313.340 0.898
-69.214 35.902 -425.037 1.036
-98.047 -88.541 -494.128 0.948
-14.237 -83.305 -483.116 0.993
96.821 -49.023 -453.958 1.123
91.891 -64.909 -357.180 0.909
22.656 77.331 -458.000 0.983
42.576 21.824 -320.326 1.105
-66.344 -42.411 -454.826 1.034
4.910 -26.171 -392.912 0.954
44.063 29.988 -302.542 1.015
60.963 -29.125 -366.070 0.947
41.829 41.221 -471.509 0.895
-43.523 -1.704 -443.815 1.057
1.444 0.764 -394.265 0.957
58.686 91.141 -305.836 0.892
-22.016 -68.945 -482.660 1.124
94.500 -3.435 -484.386 1.067
-83.128 72.155 -305.178 0.984
34.096 42.979 -476.242 0.815
-20.384 23.003 -307.284 1.060
22.019 45.935 -343.117 1.075
14.763 -84.044 -345.983 0.998
95.410 -90.410 -492.579 0.957
26.765 41.156 -436.469 0.986
23.348 27.393 -368.622 0.919
-2.316 -82.183 -342.447 0.926
99.555 45.213 -440.051 1.114
77.908 -43.886 -448.555 0.957
58.672 97.537 -318.085 0.914
-57.332 59.982 -426.155 1.006
36.149 -56.913 -491.785 1.057
75.081 52.423 -402.645 1.117
33.696 60.969 -415.938 0.964
5.839 -7.484 -342.044 1.157
-21.010 -77.773 -359.109 1.109
10.275 53.033 -311.924 0.982
58.634 63.602 -353.122 1.204
-27.395 42.903 -489.271 1.155
-60.799 -4.851 -365.686 1.072
86.051 58.167 -470.973 0.889
69.442 -22.144 -327.020 0.953
32.858 98.002 -335.087 1.087
-15.605 -10.978 -460.015 1.025
26.290 12.813 -491.891 0.962
-36.894 39.784 -463.565 0.916
52.650 -49.688 -411.202 0.951
-87.684 89.244 -390.835 0.907
50.836 73.008 -411.080 1.019
38.402 -67.827 -433.289 0.917
-18.947 32.138 -323.647 1.010
-90.613 26.240 -469.423 0.907
-91.576 68.108 -431.692 0.973
-88.180 7.211 -351.251 1.000
-27.697 -62.727 -350.278 0.938
23.699 84.983 -367.855 0.986
12.390 -41.458 -359.751 1.010
-45.287 -10.962 -397.501 1.116
-2.837 83.416 -497.275 1.037
-10.086 78.986 -362.582 0.993
-29.360 39.808 -369.845 1.030
84.058 54.930 -467.235 1.044
49.401 -83.495 -362.876 1.032
-96.318 -29.070 -449.807 1.009
9.138 -73.272 -443.300 1.232
-15.000 -37.846 -489.882 0.781
-59.362 6.484 -337.706 0.942
4.779 -94.012 -415.724 1.152
-44.176 -80.201 -498.879 0.979
59.820 18.764 -309.391 0.939
-22.756 4.062 -393.795 0.859
59.868 -34.015 -418.887 0.971
-89.199 -86.135 -374.005 1.037
35.750 43.196 -397.701 1.056
-38.055 -19.861 -495.769 0.909
65.511 83.396 -417.779 1.055
-77.208 27.709 -489.235 0.988
11.130 -76.038 -414.760 1.017
-69.378 -47.156 -313.852 1.100
6.934 28.593 -318.191 0.999
-58.062 75.326 -434.238 0.895
79.966 -91.683 -403.749 0.960
-47.215 27.956 -328.788 1.198
98.364 -29.752 -403.753 1.082
17.772 60.549 -315.800 1.059
87.242 -75.881 -303.956 1.181
12.390 84.303 -409.376 1.057
-73.160 -11.753 -378.966 0.894
92.300 90.602 -312.881 0.941
-97.355 7.449 -374.793 0.945
-44.468 -93.112 -486.515 1.043
-66.564 67.398 -490.183 0.900
-26.837 26.684 -406.837 1.061
47.545 56.456 -407.179 1.017
80.406 48.761 -343.136 1.061
-48.899 -25.121 -319.179 1.018
68.617 -35.667 -421.448 1.007
6.544 94.181 -316.664 1.039
5.750 28.203 -339.259 1.009
18.930 -1.350 -370.215 0.973
-71.545 12.330 -352.737 0.990
61.048 77.445 -331.242 1.051
-54.190 44.583 -306.328 0.840
61.682 98.778 -400.581 0.982
-24.410 -8.806 -416.183 1.146
86.653 10.958 -374.784 0.858
-91.896 22.194 -309.772 1.167
-21.452 27.192 -344.711 1.026
17.374 -90.246 -430.499 1.021
1.812 -90.764 -468.233 1.161
-46.119 -50.443 -441.828 0.928
-45.895 -64.665 -493.035 0.989
-51.091 -68.327 -325.892 1.126
8.244 55.899 -356.806 0.914
76.563 -23.566 -444.582 1.079
-61.567 -95.131 -340.343 0.957
21.366 -82.712 -357.155 1.003
-75.304 28.466 -318.868 1.043
-9.062 -21.832 -326.665 0.976
19.145 3.909 -487.464 1.034
90.904 -42.929 -366.916 0.905
11.655 46.338 -408.575 1.016
28.418 6.272 -416.822 0.958
57.605 85.865 -349.836 0.989
-62.641 68.538 -326.788 1.018
-71.357 37.716 -455.470 0.986
-58.265 -39.275 -496.968 0.982
-70.101 33.471 -307.181 0.813
79.357 -20.804 -424.621 0.936
-34.055 30.129 -340.660 0.918
39.648 16.628 -371.370 0.836
-44.101 -24.849 -433.533 0.930
-70.236 98.699 -432.148 0.988
-52.735 2.788 -422.590 0.906
-74.456 92.488 -433.631 1.053
-43.448 -86.965 -348.664 0.845
67.634 -27.913 -461.574 0.922
-3.369 86.893 -441.340 1.069
65.668 -35.784 -314.978 0.937
-38.129 77.724 -460.920 0.989
52.478 -88.500 -428.245 0.986
87.344 -57.249 -443.847 0.993
-48.931 62.352 -380.697 1.141
-82.770 -52.757 -483.255 1.136
39.860 -57.286 -458.024 1.025
6.318 27.094 -475.754 0.905
17.984 -22.098 -485.878 1.081
60.144 69.477 -438.349 1.028
-34.256 5.760 -322.558 1.012
-32.764 -9.878 -431.652 0.845
-5.279 -93.982 -477.764 1.074
67.048 -93.636 -318.268 1.123
54.989 22.741 -405.046 0.897
15.960 -85.330 -338.355 0.810
73.879 15.707 -354.684 1.011
-65.920 -37.198 -480.500 0.894
9.319 -31.658 -385.775 0.964
-92.590 -77.010 -366.623 1.055
-88.866 -44.137 -356.243 1.019
77.344 -19.136 -405.873 1.017
53.408 47.105 -478.124 0.947
-12.097 -14.130 -428.857 0.957
28.928 90.550 -480.535 1.009
-29.431 83.861 -380.587 1.015
-53.697 -17.385 -344.588 0.988
70.605 -41.258 -499.264 1.075
-10.010 -36.528 -377.516 0.948
-22.673 -95.988 -372.476 1.266
-15.203 -56.458 -443.505 0.968
-91.705 -50.110 -372.821 1.036
34.620 45.073 -333.800 1.261
65.887 -36.927 -420.848 1.030
-84.614 -23.694 -322.382 0.823
-47.486 -51.726 -410.080 1.124
30.501 63.091 -467.285 0.828
1.420 -95.430 -334.506 0.885
-34.485 -10.586 -410.706 0.912
96.580 -91.708 -438.437 0.993
83.200 68.972 -405.610 1.054
95.699 -29.117 -484.457 1.266
14.586 -42.971 -398.948 1.003
-61.485 74.622 -474.342 1.112
-10.483 -9.863 -492.402 0.960
1.481 -73.417 -486.479 0.975
98.973 -33.639 -302.569 0.918
-98.232 -47.483 -446.523 1.210
74.340 -12.437 -468.117 1.114
83.518 -63.327 -324.310 0.899
41.047 87.964 -442.849 1.009
24.614 -59.012 -303.649 0.870
20.643 -51.034 -352.297 0.960
-60.775 97.689 -444.691 1.066
41.944 -92.278 -498.372 1.069
99.603 -28.863 -497.990 1.110
34.311 -9.935 -456.541 0.958
47.292 -65.841 -311.849 1.083
-73.681 -89.826 -356.293 0.970
-40.739 75.487 -409.704 0.966
99.246 -60.181 -342.306 0.984
33.359 -39.398 -417.603 1.026
43.543 61.921 -335.479 1.005
-78.720 -83.295 -392.401 0.940
-97.185 42.794 -306.132 1.024
73.502 -16.469 -328.255 0.800
56.172 80.376 -327.437 1.018
32.446 43.189 -339.909 0.965
67.335 -73.789 -431.763 0.974
6.967 -27.740 -359.699 0.997
-59.965 15.002 -331.796 0.983
-30.984 -25.937 -463.874 1.032
59.586 -11.527 -422.709 1.174
10.552 -46.449 -355.443 1.065
0.815 -80.225 -429.165 1.047
50.536 -2.008 -457.150 1.067
62.586 -71.572 -453.804 1.058
53.451 -8.547 -308.152 1.099
56.427 4.481 -409.206 1.109
-47.817 -51.982 -432.246 1.171
-73.282 -61.518 -482.668 0.971
-39.634 68.203 -397.518 1.036
81.083 -37.961 -477.625 0.970
-19.942 -31.801 -302.416 0.941
88.609 -91.058 -444.245 0.840
-1.774 13.962 -331.839 1.071
46.981 99.307 -447.049 0.948
86.328 21.841 -423.299 1.101
62.396 -71.910 -336.853 1.006
67.862 -13.246 -307.562 0.795
12.457 -0.388 -408.785 1.021
35.124 4.965 -430.979 1.025
22.434 97.497 -397.385 0.999
-60.936 -65.517 -345.521 0.818
56.955 98.251 -372.724 1.087
89.513 -42.257 -315.635 0.975
24.262 28.763 -391.734 1.198
48.946 -82.995 -363.418 1.077
6.079 90.460 -423.043 1.223
44.793 84.843 -494.206 0.866
-41.038 8.522 -448.316 1.093
-80.556 21.531 -430.924 0.920
-92.912 -75.283 -303.123 1.090
-91.804 92.419 -497.976 0.950
68.382 -10.230 -380.716 0.965
-5.354 20.460 -408.583 0.889
28.179 -0.762 -317.420 0.998
-47.767 59.653 -377.291 0.945
68.763 3.966 -352.331 0.997
7.988 73.035 -447.905 1.066
-47.494 -28.841 -325.765 0.960
-51.094 66.379 -320.689 1.043
14.691 -8.816 -475.657 1.188
-59.320 -34.942 -335.046 1.104
-22.733 43.585 -416.863 1.084
-26.816 -46.386 -312.077 1.168
85.353 86.740 -426.530 0.935
-30.173 -86.183 -361.092 0.986
-29.664 -75.060 -322.123 1.148
43.836 85.005 -435.238 1.077
-31.363 -79.625 -326.415 1.008
73.700 24.082 -481.178 1.029
-43.452 2.327 -483.826 0.769
-88.404 -61.850 -383.421 0.794
2.104 1.077 -373.697 0.923
-30.469 -35.597 -304.673 1.107
-65.706 -16.821 -329.396 0.808
53.364 -65.816 -423.148 0.843
-45.261 2.485 -451.165 1.047
-46.742 56.311 -301.402 0.933
41.645 -88.579 -333.558 1.056
36.285 53.854 -377.234 0.965
2.547 98.097 -424.430 0.999
-80.186 -22.923 -472.337 0.934
-37.241 -78.023 -350.246 0.920
30.702 1.652 -374.888 1.089
1.664 70.336 -452.134 0.888
10.810 -99.152 -444.622 0.921
5.347 18.886 -442.265 0.963
48.921 -3.954 -434.477 0.999
58.116 49.898 -356.244 0.809
-33.394 7.561 -413.177 0.938
-30.539 -88.548 -306.557 1.121
-91.704 -5.534 -324.329 0.928
40.302 -52.807 -366.272 1.201
-83.820 -73.645 -471.576 0.805
61.551 82.338 -417.773 0.851
-11.020 41.812 -342.495 1.041
-62.037 -30.442 -369.316 0.895
53.986 33.311 -362.441 0.899
-29.349 -81.452 -317.840 0.895
-93.874 -30.768 -350.439 0.920
69.856 -60.478 -448.417 1.086
32.201 -31.652 -373.552 1.022
53.237 57.604 -434.172 0.986
41.164 -68.415 -438.635 1.012
-48.260 69.647 -484.136 0.836
-5.685 -82.061 -453.437 0.623
79.776 -78.748 -447.216 1.036
80.242 77.979 -490.005 1.111
49.083 30.076 -490.052 0.989
-98.266 -88.262 -414.755 1.053
-94.695 -91.292 -396.450 0.982
0.584 -63.950 -316.848 0.865
81.153 35.658 -376.488 0.835
12.605 -69.406 -424.319 1.040
85.479 -17.669 -471.834 0.830
-75.231 -41.653 -349.885 1.070
-2.537 -58.626 -480.260 0.938
-70.083 57.305 -376.463 0.980
-25.416 2.119 -382.248 1.044
58.600 62.959 -388.236 0.937
-25.548 -29.182 -477.819 0.828
-49.096 5.896 -408.635 0.945
-80.327 39.468 -480.954 1.140
-26.545 -15.285 -481.443 1.039
46.361 -84.298 -319.171 1.124
-23.950 -59.291 -460.396 0.893
-18.803 92.653 -333.187 0.834
73.355 -53.480 -463.432 1.014
39.055 18.083 -342.114 0.897
66.778 98.352 -445.768 0.920
77.148 -51.934 -351.114 0.888
-23.100 -84.479 -381.551 0.971
89.197 24.157 -337.513 1.151
-97.754 83.424 -330.584 0.833
-76.016 -91.255 -306.581 1.179
-96.493 -64.766 -373.957 1.122
-4.443 49.424 -415.749 1.162
20.230 6.493 -308.984 1.038
15.645 4.980 -486.238 0.878
30.604 64.467 -424.554 1.017
-32.541 29.270 -394.946 1.171
-39.591 -52.883 -440.025 0.989
97.884 -47.071 -386.682 0.798
29.305 18.483 -335.539 0.990
85.456 -28.282 -335.588 1.030
-53.665 -77.923 -393.456 1.055
76.424 86.594 -433.392 1.098
-55.161 18.468 -364.441 1.012
12.914 -27.510 -375.904 0.950
-9.180 27.422 -364.535 1.042
99.405 34.998 -318.080 0.880
-19.168 -40.685 -310.904 0.928
-99.521 77.940 -420.048 1.075
-58.799 19.798 -442.753 0.905
-94.380 6.745 -490.407 0.998
-10.913 -86.907 -427.826 0.974
-21.972 87.939 -415.080 0.926
25.875 63.816 -355.663 1.022
84.603 21.610 -477.025 0.994
22.555 7.658 -356.953 0.982
-50.441 31.701 -374.700 0.890
35.160 80.190 -366.784 1.037
65.045 66.731 -357.840 0.950
17.379 65.738 -388.025 1.049
-5.727 -23.583 -463.540 1.057
24.033 -23.625 -451.971 1.116
-93.807 82.828 -483.847 1.079
3.697 14.990 -355.971 1.060
-12.402 93.016 -345.664 1.037
43.704 76.102 -438.313 0.999
-78.841 47.180 -336.724 1.183
92.279 72.854 -308.932 0.946
-49.274 96.471 -495.509 0.843
-63.377 -92.557 -373.582 0.993
48.814 -95.603 -394.009 1.028
37.741 21.836 -467.656 1.056
-9.330 54.666 -355.260 1.165
-84.971 -2.568 -382.927 0.969
87.331 72.391 -315.698 0.907
20.794 -29.393 -326.883 0.989
90.818 -47.056 -430.254 0.982
-74.414 88.276 -366.306 0.923
-57.648 -68.086 -414.903 0.886
-47.737 50.108 -482.705 1.016
-85.905 12.819 -396.815 1.114
50.700 38.635 -318.102 0.966
-91.814 28.474 -356.148 1.189
-25.900 67.854 -359.316 1.138
63.883 -8.134 -356.972 1.009
39.411 -87.286 -492.710 1.001
46.294 34.283 -336.112 1.138
26.810 72.682 -409.313 0.931
22.585 -41.424 -401.364 1.006
60.552 53.263 -413.627 1.062
-88.223 88.643 -455.720 0.945
-2.523 46.902 -489.220 0.852
-46.809 41.551 -428.349 1.047
69.333 -41.081 -326.826 1.124
49.578 -13.543 -485.945 0.899
-64.886 -11.322 -346.108 1.063
-74.489 7.331 -414.913 1.039
-92.492 -3.931 -445.425 1.088
23.710 39.645 -487.605 1.250
61.479 37.974 -452.555 1.013
-72.655 -18.640 -402.019 1.080
8.383 -14.969 -402.095 1.019
85.756 -64.726 -396.856 1.029
77.068 -81.439 -439.509 1.069
58.493 89.836 -459.112 0.903
-1.794 10.072 -458.733 1.042
-65.933 -94.573 -385.793 0.981
86.359 94.829 -344.529 0.989
25.137 5.679 -332.946 0.945
-30.124 6.389 -475.459 0.990
62.300 -3.916 -391.757 0.931
-71.836 5.846 -423.883 0.898
60.032 24.141 -343.970 1.116
-36.925 -66.435 -336.341 0.947
93.938 94.588 -391.583 1.105
87.204 70.340 -300.762 0.953
94.970 -20.393 -334.653 0.773
-88.104 63.439 -498.915 1.143
-30.100 40.880 -427.663 1.103
-14.247 1.888 -319.970 0.974
