-62.501 -60.369 -454.682 0.961
-67.260 -85.263 -496.096 1.162
-96.478 74.323 -499.954 1.031
-83.128 44.726 -490.938 0.963
4.163 16.552 -401.235 1.121
-58.164 -76.540 -421.007 1.134
-10.629 -6.859 -440.528 0.920
51.942 -39.804 -456.627 1.086
48.648 -63.855 -442.462 1.133
54.497 33.381 -317.526 0.906
21.291 81.039 -393.814 1.091
54.902 -72.101 -379.553 1.010
-71.996 -93.101 -371.196 0.979
82.622 98.851 -383.008 1.113
29.716 -53.647 -484.161 1.118
70.106 2.177 -447.627 1.026
10.170 95.968 -403.567 1.109
75.091 -2.300 -480.043 0.832
74.369 -45.164 -458.994 1.125
-83.623 -64.965 -326.737 1.050
18.741 36.713 -423.237 0.895
-85.388 -80.007 -364.288 1.084
-86.211 52.622 -407.904 1.125
-39.652 85.625 -327.592 1.099
-78.639 0.464 -452.184 1.103
9.452 -38.075 -409.060 1.226
-87.315 33.555 -395.295 1.098
-3.847 22.125 -432.098 1.044
49.117 26.099 -487.924 0.980
97.343 -32.024 -485.857 1.038
4.683 -21.450 -393.088 1.020
-91.721 -12.756 -473.353 1.014
-7.770 -47.338 -310.025 1.027
-55.275 -37.430 -343.856 0.964
88.791 56.286 -481.773 1.178
-86.339 86.389 -325.766 1.028
85.417 1.046 -454.797 1.069
54.815 -78.289 -323.612 0.763
-27.557 -89.333 -417.458 1.001
-46.320 58.782 -399.441 0.775
56.693 41.033 -315.123 0.837
13.275 -40.310 -471.343 0.827
24.441 -55.438 -490.175 1.196
-30.435 -43.075 -383.792 0.948
-67.284 -31.336 -315.390 1.172
-15.252 94.070 -452.056 0.914
76.017 -43.698 -400.868 0.993
-11.445 -99.765 -464.881 0.857
10.647 96.706 -357.931 1.032
-5.116 -23.517 -301.017 0.900
-50.231 -70.087 -338.055 0.802
-27.228 -91.123 -328.414 1.014
-52.267 98.437 -433.000 0.995
24.355 55.355 -436.034 0.951
-79.040 25.306 -354.842 1.162
-46.039 82.606 -347.405 0.857
-67.819 52.286 -366.698 0.958
-4.819 26.320 -445.974 1.098
89.698 -61.503 -347.855 0.807
-98.806 14.638 -385.169 0.881
61.113 96.920 -400.107 0.952
-10.041 -15.254 -364.393 0.959
18.533 -16.662 -476.466 1.021
30.094 43.851 -494.752 1.042
34.360 40.568 -433.601 1.047
-92.202 -1.629 -488.337 0.753
-71.827 54.475 -336.464 0.931
-43.195 -68.295 -476.921 0.950
12.962 -98.977 -484.014 0.925
-77.286 1.396 -359.261 1.025
-15.354 70.123 -361.197 0.967
-64.401 -63.076 -363.074 1.030
-44.401 31.517 -400.832 1.109
86.035 -38.581 -346.394 0.860
73.033 19.488 -355.320 0.986
2.028 11.827 -437.481 0.849
-20.194 42.461 -463.501 0.985
68.446 4.202 -492.769 1.098
51.251 83.761 -405.258 0.931
87.812 62.485 -448.785 1.022
78.007 54.759 -468.866 0.784
-7.812 -44.763 -356.124 0.893
51.744 -41.942 -422.993 0.886
97.342 -1.270 -367.636 1.125
-37.760 71.445 -433.230 0.994
-36.759 7.073 -382.963 0.941
-20.698 97.812 -391.407 0.959
-78.824 -66.873 -489.329 0.930
81.654 70.373 -445.023 0.899
-59.093 7.662 -459.521 0.944
-27.587 37.300 -388.206 1.052
62.308 15.584 -416.498 0.997
-35.631 19.557 -302.242 1.096
25.186 -21.446 -381.236 1.178
-63.411 -58.706 -422.412 0.929
-46.253 -97.693 -485.151 0.892
-78.676 -15.489 -393.426 0.959
80.106 41.679 -437.212 1.159
5.886 -59.005 -413.294 0.926
-31.446 -18.128 -356.379 1.078
-84.387 -29.953 -386.666 1.011
49.913 -7.891 -332.342 0.871
69.320 28.166 -336.092 0.915
-99.426 -87.126 -379.274 0.930
-75.268 -15.979 -442.292 0.945
5.066 58.085 -373.016 1.078
-99.568 58.994 -487.174 0.955
-78.194 87.012 -481.773 1.020
18.913 -98.283 -329.276 1.107
-12.201 74.605 -455.446 0.942
59.772 60.679 -448.160 1.057
-54.520 18.204 -414.758 0.967
-78.809 18.564 -383.479 1.180
5.116 10.010 -327.889 1.128
-90.671 69.472 -448.635 0.999
-56.010 -13.399 -452.670 1.066
-58.529 -80.435 -326.854 0.911
0.654 -85.932 -459.725 1.107
69.568 -4.086 -378.408 1.004
-39.955 -55.991 -315.342 0.988
-10.071 2.755 -374.410 1.094
-39.239 62.404 -344.266 0.982
8.860 -10.501 -467.959 1.105
18.314 -71.236 -314.097 0.929
83.313 9.516 -386.239 1.241
84.323 -40.456 -312.308 1.046
-81.084 -35.966 -335.613 0.962
-69.426 -39.877 -435.357 1.168
50.809 13.316 -459.025 0.924
85.898 -41.846 -386.877 0.925
-87.028 -23.364 -405.739 1.015
-34.158 -70.050 -432.195 0.973
-8.132 -6.543 -373.096 1.159
53.457 -89.455 -456.646 0.916
-11.072 -15.780 -476.435 0.932
65.070 -93.512 -326.051 0.848
82.925 -30.395 -381.211 0.996
-74.356 -39.394 -300.745 1.031
-28.910 -56.435 -489.610 1.107
-82.173 -68.545 -420.996 0.981
-42.143 42.612 -459.065 1.094
96.935 93.081 -317.671 0.940
-69.053 2.805 -372.228 1.012
49.234 -1.544 -469.707 0.787
66.810 86.610 -310.141 0.881
43.351 32.419 -480.574 1.126
83.091 96.644 -303.177 0.929
-40.656 45.104 -331.924 1.172
51.739 -92.302 -320.541 1.057
50.288 -69.990 -443.074 1.149
3.616 -47.447 -444.874 0.968
23.313 95.131 -496.157 1.258
18.846 -31.614 -361.346 0.803
-2.650 -33.769 -360.928 0.924
33.280 -66.413 -490.827 0.962
52.493 -30.352 -349.424 0.852
-9.672 -7.583 -416.853 1.057
24.332 -34.402 -473.626 1.181
53.288 17.330 -357.622 0.932
10.435 -39.527 -445.829 0.912
34.547 -81.978 -498.078 0.870
1.289 74.942 -394.447 0.943
-13.761 0.205 -447.190 0.849
16.368 -20.471 -407.001 0.952
-46.521 62.375 -498.048 1.053
19.162 98.971 -427.089 1.105
4.627 41.249 -363.042 1.011
-32.810 80.487 -385.561 0.955
-62.231 10.047 -418.686 1.003
-75.831 -47.276 -356.945 1.011
78.466 -50.493 -357.980 1.062
72.810 27.617 -340.659 1.003
42.709 -34.666 -426.698 1.023
-13.309 -2.561 -416.393 1.052
-16.008 -7.175 -335.547 0.985
-72.042 -85.749 -384.699 0.969
-97.876 -65.832 -496.746 1.280
-96.538 -44.564 -438.513 1.091
94.709 -32.095 -491.918 0.944
-92.548 83.757 -371.403 0.992
-74.991 -62.528 -375.965 1.080
89.538 -82.003 -485.586 1.017
-62.629 8.812 -467.475 0.976
-93.817 61.560 -498.162 1.158
77.708 -65.999 -366.566 1.079
-40.000 39.062 -425.323 0.786
94.129 38.538 -363.005 1.153
83.618 55.264 -483.668 1.062
-25.081 -84.191 -407.103 1.138
-82.149 40.810 -366.539 0.915
-42.648 4.400 -368.335 0.968
20.839 -36.122 -349.955 0.994
98.097 -7.426 -321.662 1.021
-46.725 -22.000 -342.750 1.092
41.750 8.861 -460.466 0.954
-86.617 -42.626 -332.358 1.125
-47.743 38.584 -407.097 1.152
91.451 -15.158 -427.153 0.901
81.427 39.555 -332.745 0.944
18.954 40.722 -493.633 0.994
73.587 23.538 -370.816 1.099
13.274 -98.946 -423.923 1.129
16.589 -86.418 -442.426 0.782
-29.458 86.277 -311.509 1.004
-14.463 -81.201 -334.547 0.926
-55.471 -96.876 -357.559 0.900
78.922 20.929 -486.093 0.932
51.002 -62.989 -448.571 0.988
-49.821 -80.603 -400.029 0.972
40.301 88.534 -440.965 0.916
43.562 -59.558 -329.229 1.091
-75.020 42.446 -415.032 0.917
10.554 33.207 -388.795 1.097
-99.506 98.571 -425.997 1.040
55.163 -68.952 -309.903 0.925
19.438 37.819 -399.498 0.931
-30.610 64.412 -347.051 1.006
-82.052 82.553 -307.801 0.865
52.208 -49.443 -405.041 0.983
-83.916 -31.341 -413.913 1.121
-25.828 63.039 -383.514 0.920
-46.388 -18.858 -499.451 0.897
-33.584 -40.269 -484.102 1.143
-97.207 45.723 -379.050 0.990
72.367 92.577 -469.889 0.908
-33.266 -38.720 -319.683 1.131
36.919 97.879 -351.599 0.870
-74.664 3.883 -455.238 1.176
47.085 -2.255 -426.350 0.928
-12.700 71.134 -322.651 1.156
91.548 -24.153 -371.615 0.910
60.344 81.754 -350.834 1.027
-63.681 27.128 -392.896 1.090
51.287 -22.279 -395.123 1.132
-5.111 6.288 -436.162 1.062
-17.369 27.719 -317.701 0.888
-27.138 -18.647 -472.641 0.980
-57.197 -24.983 -336.122 1.213
-89.520 50.959 -305.277 0.889
-25.471 -80.728 -342.360 0.929
34.465 -26.080 -390.884 0.883
-97.441 66.605 -496.273 0.982
-85.783 32.162 -316.750 1.064
29.065 11.397 -341.720 1.009
25.677 18.432 -331.796 0.896
-42.687 -72.804 -356.625 0.968
-77.220 -85.522 -455.514 0.857
-73.036 -44.882 -386.505 0.990
9.634 -40.556 -398.615 1.117
-82.155 84.908 -460.829 1.074
-64.023 3.412 -301.365 1.008
-84.484 93.025 -460.001 1.136
32.803 -87.446 -421.307 0.945
62.616 -16.119 -313.724 1.047
-53.311 85.720 -489.214 0.960
-25.982 64.008 -413.236 0.982
37.340 -93.847 -409.967 0.938
58.453 -6.399 -371.153 0.942
-66.537 12.524 -477.280 0.934
-72.537 38.468 -392.708 0.927
-1.311 50.122 -307.905 1.182
-18.042 -12.118 -351.360 0.971
83.660 -6.819 -385.615 0.939
81.255 90.572 -417.180 1.114
-58.728 -80.081 -383.591 1.045
-24.900 -67.264 -382.712 0.961
-84.196 93.390 -483.261 1.043
71.116 10.410 -305.325 0.828
-32.901 81.720 -302.824 0.918
5.177 85.142 -315.621 0.899
85.686 82.536 -301.545 0.942
89.298 78.367 -301.843 0.868
-71.917 -81.141 -329.632 0.817
-59.814 -44.750 -393.590 0.859
50.567 8.783 -373.580 1.032
-91.364 14.731 -469.854 0.921
-56.328 -98.702 -428.802 0.998
4.520 50.187 -484.035 0.959
-53.888 -72.072 -421.844 0.973
92.143 -80.585 -386.268 1.193
46.075 68.273 -475.948 1.027
79.653 94.688 -302.940 0.993
-27.599 68.576 -455.801 0.884
-96.459 -74.237 -499.281 1.031
17.390 27.492 -421.263 0.955
-60.844 -92.187 -474.707 0.862
-59.948 -27.988 -417.697 0.867
36.486 5.003 -357.833 1.210
-6.440 67.358 -305.217 0.986
-60.363 -99.397 -416.373 0.959
59.391 39.919 -413.257 0.923
17.116 76.778 -429.782 0.965
-18.231 87.936 -483.003 0.963
-50.863 -31.246 -317.606 0.994
-72.514 47.026 -373.960 0.926
82.670 -84.938 -411.617 1.199
35.931 -96.575 -309.962 0.887
18.746 -75.221 -442.369 0.932
-32.825 -8.489 -350.741 0.978
96.915 -5.431 -370.835 0.997
49.234 -91.004 -345.920 0.920
3.262 93.815 -370.117 0.988
-19.315 98.138 -420.875 0.930
-75.618 54.530 -490.071 1.086
-1.761 -37.856 -356.742 0.827
-27.964 -71.124 -376.936 0.902
62.036 25.160 -475.103 0.922
-43.949 86.136 -425.496 0.980
-1.093 -8.556 -366.908 0.971
86.403 14.052 -447.932 1.095
-95.745 -50.042 -448.401 0.989
-63.648 64.059 -381.643 0.769
-77.560 88.322 -419.637 0.946
-48.619 -84.279 -300.354 1.023
61.334 -11.591 -303.522 0.967
99.811 -4.182 -367.401 0.915
-39.186 -77.565 -473.050 0.909
79.813 88.407 -463.106 1.138
-53.015 83.037 -385.713 1.009
-11.021 -5.001 -354.920 0.968
-72.426 16.407 -381.522 0.748
-85.755 -3.928 -375.271 0.852
97.064 -25.230 -338.403 1.033
-68.512 -40.670 -460.641 1.083
70.588 -70.407 -478.648 1.042
-72.250 85.234 -453.947 1.100
1.556 42.519 -372.369 0.988
87.380 49.345 -424.352 1.029
-14.086 -3.378 -300.068 0.985
-42.019 97.095 -315.605 0.966
64.066 32.905 -302.431 1.002
-36.003 8.411 -340.531 0.962
-70.503 74.941 -336.658 0.926
50.750 29.648 -433.247 0.813
26.985 -43.591 -396.793 1.158
8.425 90.824 -476.844 0.956
83.431 30.320 -441.073 1.039
-0.273 -98.630 -387.034 0.918
32.997 -67.227 -326.089 0.829
-43.038 -22.297 -339.338 1.202
-44.788 -48.507 -434.489 0.974
-17.017 63.242 -333.595 1.177
-39.080 -12.531 -468.135 0.803
8.742 -30.867 -430.113 1.014
-79.034 47.181 -315.055 1.028
-47.004 -56.225 -473.967 0.997
37.094 -68.529 -462.762 1.154
28.188 -8.914 -308.174 1.087
12.686 33.229 -499.273 0.917
55.599 5.240 -365.980 1.011
-98.110 5.042 -309.814 0.933
61.184 -8.367 -306.259 1.029
-55.235 78.334 -318.910 1.163
5.568 38.270 -372.465 1.084
72.899 0.855 -412.308 1.052
35.967 -14.419 -305.356 1.031
83.112 -66.184 -353.007 0.901
95.736 -6.077 -465.215 1.070
1.993 11.492 -434.355 1.062
-9.147 16.175 -478.066 0.974
-95.858 -95.637 -462.795 0.975
72.547 -91.014 -498.328 0.857
-87.318 -1.337 -454.792 1.001
63.566 33.590 -414.370 1.164
27.462 -74.647 -476.824 0.793
-92.267 21.262 -485.822 1.050
92.453 -63.406 -427.624 0.811
-11.389 -48.396 -312.812 1.156
22.559 39.926 -310.399 0.980
-72.186 -54.421 -477.935 0.980
36.376 36.557 -419.801 0.972
-12.419 62.380 -437.108 0.975
11.269 60.679 -343.734 1.152
-61.231 18.968 -383.396 0.973
5.189 -69.433 -370.550 1.151
98.942 46.271 -380.600 0.856
-54.150 -4.444 -482.381 1.123
76.520 -48.519 -327.623 1.063
38.090 -32.812 -352.938 1.135
45.692 50.665 -485.186 0.999
-2.850 22.140 -408.673 1.054
-95.124 -37.316 -370.301 0.981
3.656 -55.704 -420.553 1.020
-78.040 2.668 -396.601 1.000
76.842 -5.993 -395.537 1.019
-32.101 -29.965 -304.874 0.956
-8.191 -97.194 -325.217 0.843
79.101 -80.614 -347.772 1.118
34.693 76.141 -485.727 0.916
-54.786 88.335 -302.331 0.873
-11.996 -33.536 -338.613 1.085
79.491 -59.001 -449.752 0.994
38.665 75.477 -451.842 0.979
28.779 -66.858 -345.454 1.012
42.180 -16.467 -398.051 1.172
-60.270 96.619 -333.634 0.973
25.000 76.263 -342.648 0.992
-18.791 -75.658 -440.258 1.047
-87.949 -81.563 -485.380 0.895
-12.648 -25.635 -344.801 0.997
-17.008 77.710 -369.032 0.854
39.055 -93.618 -378.973 0.957
24.250 -83.254 -425.843 1.016
-4.950 -89.083 -434.492 0.820
-41.458 54.582 -408.980 1.089
73.313 -20.261 -395.688 1.105
-83.477 -8.130 -486.171 0.957
-68.376 -66.385 -441.555 0.905
-0.106 88.939 -442.124 0.788
16.640 -19.445 -374.579 1.007
-4.361 -54.741 -364.730 0.921
-94.009 -62.488 -363.359 0.986
-37.752 -31.653 -326.475 0.998
-84.289 77.024 -340.091 0.917
44.385 5.993 -315.077 0.989
35.166 -21.797 -376.515 1.075
74.557 -13.859 -365.484 1.017
27.624 84.204 -329.367 1.012
66.891 -5.536 -356.446 1.033
-71.876 -52.065 -348.302 0.944
-48.496 -21.659 -444.664 1.132
19.181 -74.780 -469.811 1.038
-62.332 62.781 -330.976 0.928
-52.709 -48.171 -314.079 0.935
-6.552 17.114 -314.403 0.899
-78.604 -84.112 -357.455 1.127
-36.365 81.847 -493.655 0.947
-84.318 96.210 -303.763 0.891
-34.671 72.843 -452.647 1.013
52.435 -35.353 -312.825 0.925
-33.229 -77.114 -446.623 0.965
-86.553 -96.146 -368.333 0.952
61.020 7.132 -463.077 0.896
-71.668 72.815 -304.108 0.928
-41.788 -19.177 -381.787 1.028
65.076 -16.372 -350.321 0.906
62.704 -27.133 -448.497 0.905
-68.497 -13.510 -396.894 0.857
-36.702 91.632 -318.050 0.962
-2.690 83.977 -334.059 1.036
-43.997 -63.897 -433.890 0.922
-43.000 -30.378 -340.956 0.987
-85.105 8.008 -409.535 0.893
-20.357 -34.358 -444.507 0.832
89.730 -48.542 -365.956 1.042
99.088 -64.934 -436.378 1.032
-64.966 -65.472 -336.573 0.923
34.574 9.552 -430.016 0.877
60.000 37.675 -363.862 1.058
-64.659 -4.769 -392.159 1.019
26.766 -56.637 -435.198 1.118
84.826 74.939 -457.398 0.965
9.133 -65.944 -320.291 1.092
-30.094 93.867 -482.828 0.924
-91.670 -17.009 -455.116 0.881
-55.889 88.128 -391.260 1.119
-76.019 91.126 -450.168 0.907
-54.613 6.712 -340.732 0.766
80.009 98.564 -399.545 0.761
-70.013 85.591 -319.517 0.930
-43.715 77.875 -372.135 1.063
23.291 82.107 -373.010 0.903
-99.406 -53.927 -344.443 1.051
-75.031 99.107 -325.837 1.144
-36.271 -78.385 -384.945 0.951
22.754 -18.719 -392.026 1.036
-37.758 -44.245 -472.350 0.992
-99.759 2.396 -400.985 0.992
98.294 -53.230 -457.628 0.930
-70.491 72.168 -311.226 0.907
-81.776 -19.252 -423.367 1.068
-34.117 -30.614 -333.235 0.881
-88.909 97.106 -451.166 1.033
-83.405 89.481 -437.108 1.049
29.463 36.305 -304.807 0.975
71.565 -22.293 -328.582 1.005
-31.303 -74.214 -448.542 1.135
45.289 19.448 -383.092 0.978
-28.676 -79.007 -358.861 1.035
-96.320 66.128 -496.561 1.020
-48.365 -46.651 -437.788 1.104
-77.290 -88.369 -316.011 1.001
-91.546 -16.014 -430.505 1.103
11.624 -60.398 -318.548 0.846
-94.686 -87.387 -313.824 0.884
26.359 80.379 -421.620 0.800
-6.033 69.620 -398.238 1.145
-43.723 -99.209 -323.088 1.194
-6.998 -94.289 -346.976 0.966
-45.456 0.138 -367.393 0.900
43.405 90.223 -437.582 1.161
-34.863 28.934 -456.277 1.137
-94.080 -88.168 -363.057 0.941
45.259 91.955 -372.856 1.215
-25.064 -49.301 -425.794 1.009
-72.559 -88.004 -418.944 1.063
23.817 50.670 -499.785 0.958
55.100 -50.778 -437.216 1.016
-52.545 10.503 -397.626 1.092
71.788 -28.960 -396.037 0.785
-98.005 30.771 -384.621 1.308
99.895 40.796 -464.203 1.017
-10.069 -66.925 -318.660 0.947
35.685 24.678 -472.755 0.882
-54.913 -42.527 -423.004 0.876
-92.249 -44.075 -310.061 1.093
-47.267 6.033 -398.056 1.069
-76.883 -36.581 -375.442 1.129
-93.350 -76.097 -447.833 1.046
-32.725 -30.989 -309.627 0.992
-53.612 -88.642 -400.468 1.053
8.767 -83.043 -387.064 0.840
3.312 -75.119 -382.152 0.877
35.618 -18.025 -338.452 1.118
78.480 52.109 -346.338 1.025
-96.184 -77.709 -392.264 1.065
0.198 88.283 -431.913 0.866
96.201 36.995 -366.022 0.922
65.340 98.650 -496.984 0.968
-33.777 74.208 -377.558 1.218
75.321 20.936 -334.967 1.100
-24.879 -30.393 -352.604 0.975
-97.931 36.649 -389.999 0.999
-42.899 -26.476 -434.446 1.048
-93.913 33.544 -319.572 0.977
28.021 -31.700 -361.568 1.100
25.374 53.891 -383.091 1.080
55.946 35.212 -413.530 0.771
-38.855 17.630 -385.737 0.951
-95.861 -40.128 -342.887 0.930
45.272 -43.441 -460.636 0.974
20.089 -30.701 -459.330 1.061
-42.921 -59.305 -483.908 0.995
37.374 -64.746 -322.445 1.008
-85.559 87.254 -352.864 1.022
-86.004 -19.237 -447.420 0.785
85.701 -14.918 -360.224 0.938
-17.344 48.466 -307.956 1.009
41.485 -60.090 -363.879 1.165
-93.890 42.382 -323.169 0.984
-12.990 17.215 -353.246 1.023
30.700 -81.510 -362.976 0.794
79.528 -23.258 -314.330 0.923
56.071 47.974 -434.031 0.985
-33.754 44.174 -370.485 1.177
-78.750 -52.913 -438.663 0.967
69.386 72.008 -410.237 0.972
90.826 -5.987 -322.848 1.022
62.375 -60.616 -318.358 1.117
1.380 -99.673 -358.912 1.014
3.882 86.112 -392.764 0.926
-22.478 4.135 -405.480 1.098
48.004 80.226 -352.033 1.101
-17.606 -78.861 -442.591 0.870
73.965 58.399 -372.292 0.915
21.411 -72.751 -494.889 1.004
23.680 -70.212 -453.983 0.898
86.505 90.832 -385.754 0.770
16.339 -31.806 -436.731 1.093
-38.204 20.254 -380.979 1.117
21.208 64.914 -415.272 1.177
-24.942 -27.658 -356.749 1.024
44.258 25.463 -358.772 1.033
20.470 19.851 -329.358 1.079
98.443 86.804 -456.543 0.951
96.907 76.695 -397.341 0.915
-98.420 -22.683 -325.965 0.943
-53.755 99.066 -408.203 0.995
-79.076 -62.512 -433.496 1.040
21.346 85.074 -471.468 1.021
34.716 86.231 -419.420 1.023
5.393 99.493 -391.466 0.888
43.037 -86.079 -413.269 1.074
32.404 25.611 -329.515 0.880
-46.028 49.742 -362.604 1.092
78.953 4.455 -316.922 1.002
-8.489 -71.382 -371.605 0.828
33.204 -99.700 -479.753 0.990
-96.808 54.370 -413.900 0.997
22.730 -60.731 -416.943 1.037
-58.277 66.364 -478.027 1.135
-25.010 -92.697 -492.869 1.117
-79.395 -23.395 -415.748 0.999
-94.439 -7.892 -348.023 1.137
2.358 61.495 -373.426 1.012
25.206 47.085 -396.080 0.920
19.673 -43.591 -369.694 1.003
-45.999 87.574 -400.919 0.918
-49.547 -59.328 -322.132 0.975
-7.615 81.222 -425.709 1.056
-0.481 22.941 -349.482 0.872
30.871 33.763 -472.167 0.948
41.991 -40.851 -305.925 0.983
51.192 -34.416 -416.681 1.169
63.418 -26.271 -380.768 1.015
47.333 62.925 -303.921 1.041
90.365 -79.131 -360.532 0.999
65.628 -37.552 -324.852 1.082
3.354 4.316 -387.148 1.028
82.466 -81.289 -418.480 1.074
-50.343 15.778 -444.190 1.045
78.966 36.653 -351.628 1.006
97.534 17.931 -477.985 0.998
0.162 28.072 -310.109 1.038
50.210 73.111 -497.490 1.041
49.181 -26.391 -452.799 0.940
10.461 74.209 -411.292 1.171
-70.770 84.552 -329.546 0.930
96.861 53.908 -395.408 1.043
-30.367 -54.392 -326.856 0.920
64.364 42.107 -427.088 1.063
-40.712 39.691 -481.082 1.108
-29.105 79.662 -406.804 1.023
32.175 -81.734 -353.428 1.042
76.453 -77.078 -472.363 0.953
-83.400 -10.589 -336.195 0.962
-62.719 -25.242 -381.994 0.999
-72.781 -5.327 -484.350 1.065
-76.264 16.016 -472.204 1.095
-8.823 -4.194 -480.556 1.018
-93.867 -63.442 -461.623 0.853
8.924 29.962 -378.931 1.039
-73.101 87.401 -498.171 0.877
-86.052 -51.885 -466.315 1.151
71.875 -86.460 -429.108 1.068
21.923 16.756 -349.154 1.039
-27.609 50.490 -425.592 0.842
-52.641 -80.174 -330.536 0.971
56.626 -2.201 -301.886 1.191
-76.407 -15.303 -429.769 0.957
18.057 -73.810 -494.982 1.103
59.243 -17.794 -435.219 0.867
50.713 -50.802 -494.544 0.918
-39.282 56.427 -491.498 0.998
14.277 -80.801 -498.840 1.002
80.633 -69.728 -389.041 0.888
85.472 -45.296 -498.137 1.044
93.067 37.712 -366.884 1.142
-32.083 52.836 -368.316 0.857
-32.739 -14.187 -401.460 1.121
34.074 -65.356 -300.454 1.218
86.336 -42.229 -414.743 0.971
20.731 25.239 -365.290 1.016
-40.288 -61.010 -301.891 1.032
67.172 -96.240 -303.916 1.070
-53.693 -6.464 -322.321 1.192
48.556 29.250 -437.537 0.967
-5.119 -86.289 -316.059 1.144
-97.205 -29.034 -318.539 1.002
-32.763 61.208 -462.622 1.125
-0.618 -14.122 -465.087 0.866
-95.560 -63.926 -368.900 0.951
-34.533 24.906 -474.343 0.978
-35.844 46.836 -440.170 1.130
25.454 85.319 -494.224 1.025
-54.303 -53.168 -480.152 1.034
-90.043 30.436 -476.489 0.938
-23.325 -71.223 -452.503 1.035
-32.245 94.575 -478.666 0.799
57.736 -2.031 -475.497 0.936
-64.678 -50.726 -363.469 1.125
-47.093 -32.262 -452.775 0.913
26.118 -15.506 -446.077 1.123
-81.511 48.683 -380.564 1.023
-68.820 80.975 -364.292 1.068
26.001 5.068 -436.622 1.026
-68.037 95.859 -468.824 1.054
-93.414 -37.545 -474.566 0.993
-41.654 -87.054 -467.454 1.139
-60.626 98.538 -337.323 0.890
-46.185 -70.798 -381.483 0.867
-44.452 13.103 -426.620 0.990
53.673 -17.822 -452.799 0.850
-39.722 -74.556 -406.067 1.166
45.356 93.602 -345.896 0.979
-71.148 -94.700 -387.876 0.933
82.288 -34.971 -474.631 1.129
35.042 -86.721 -468.495 1.119
-29.607 -13.129 -388.994 1.017
-71.403 -95.013 -389.604 1.147
32.645 -79.046 -473.072 1.088
-11.392 65.524 -392.774 1.103
-3.443 19.395 -339.252 0.949
90.831 -81.275 -329.395 0.912
0.450 34.797 -334.409 1.065
-0.209 -53.352 -333.813 1.087
-57.562 -73.228 -484.622 0.904
-36.029 46.197 -450.047 1.063
-5.809 6.855 -400.618 0.697
-68.704 -5.995 -424.717 0.992
-58.779 87.119 -303.193 0.903
31.348 -54.778 -348.046 0.979
99.435 -73.385 -478.872 0.904
79.623 61.341 -474.617 1.038
19.734 -44.890 -314.620 0.976
53.558 -67.380 -459.623 1.085
-18.963 92.243 -386.476 0.981
-42.072 -56.873 -453.433 0.907
-56.759 83.562 -373.677 1.011
-58.318 55.403 -440.360 0.974
48.451 48.234 -470.780 1.117
-5.650 -10.960 -471.005 1.097
40.097 -39.219 -416.665 0.876
-15.316 -95.888 -345.680 0.890
5.047 9.899 -477.237 1.029
93.958 53.836 -331.576 1.026
-11.422 -57.262 -487.125 1.100
88.050 64.362 -463.960 0.840
-91.834 -47.986 -492.546 0.979
30.449 45.662 -440.249 1.123
64.050 45.989 -318.790 1.023
96.497 62.002 -483.125 1.030
38.230 65.360 -453.439 0.919
9.314 -95.639 -332.222 1.033
42.434 -94.589 -412.704 0.965
-77.197 18.360 -456.303 0.983
47.646 -12.972 -310.542 0.916
-3.091 18.944 -485.737 0.940
20.243 69.588 -346.196 0.980
-76.550 95.078 -441.872 1.065
93.700 95.195 -358.109 0.897
-19.740 74.445 -452.419 1.053
-86.455 -97.169 -366.456 1.106
46.361 -57.546 -352.083 1.061
-1.948 72.037 -465.388 0.904
50.991 99.346 -409.942 1.016
36.435 -44.248 -341.370 0.830
0.819 25.940 -413.488 0.846
88.414 5.652 -314.727 1.000
-94.156 -61.382 -325.705 1.097
0.547 85.573 -439.616 1.152
27.736 58.170 -374.503 0.991
-6.814 13.049 -464.763 0.965
7.169 43.419 -495.120 0.947
78.505 -98.327 -450.908 0.839
37.443 -30.414 -389.490 0.952
78.890 71.746 -459.945 1.024
85.201 -58.709 -420.845 0.730
64.527 -24.856 -398.475 1.152
1.805 -21.257 -330.725 0.949
52.551 36.162 -311.707 0.985
-23.562 14.289 -315.780 0.989
74.487 35.110 -417.412 0.941
34.984 74.879 -315.424 0.985
72.461 64.080 -479.317 0.835
-13.989 70.786 -450.220 0.915
77.369 70.750 -422.473 0.747
20.933 -91.014 -302.327 0.987
67.571 -75.717 -329.927 1.159
-22.332 -21.398 -337.675 1.034
-52.033 -3.634 -476.585 0.983
54.920 -60.758 -434.038 1.056
59.340 -67.807 -373.775 0.886
37.447 4.142 -428.679 1.234
-84.619 45.647 -496.688 0.963
78.350 52.760 -467.936 0.936
81.322 -28.008 -300.734 0.889
16.283 -77.074 -467.985 0.894
32.111 -77.360 -498.702 1.061
-15.950 72.288 -391.490 1.053
-92.443 56.763 -400.195 1.068
-8.895 86.775 -450.624 1.199
-5.405 67.740 -469.186 1.146
2.088 -20.669 -379.751 1.030
-13.809 0.616 -456.709 0.960
-97.152 -18.037 -385.878 0.970
45.794 57.889 -494.581 0.782
76.600 13.175 -437.412 1.107
78.213 20.255 -346.012 0.934
71.784 31.502 -405.980 0.960
91.420 4.814 -433.506 1.037
-59.646 9.486 -491.281 0.936
-53.933 75.704 -464.726 0.942
61.014 -25.646 -393.916 0.990
-67.035 -41.065 -439.660 0.948
-91.120 38.394 -409.242 1.000
-62.952 14.661 -394.112 1.077
-63.523 -65.223 -415.974 1.097
6.125 -86.109 -489.598 1.030
-19.562 66.843 -437.391 0.923
58.066 -52.688 -475.171 1.091
9.502 -78.764 -428.738 1.012
-53.683 24.214 -363.884 0.893
83.198 -90.951 -303.567 1.061
-19.110 57.199 -423.269 1.033
33.797 -6.159 -309.501 0.968
-36.496 79.823 -342.737 0.981
-34.900 53.080 -384.627 0.831
99.716 68.122 -346.879 1.237
14.247 -31.618 -419.064 0.950
18.928 25.992 -439.242 0.921
25.984 52.868 -432.901 0.865
6.483 83.085 -444.934 1.010
-45.838 40.958 -421.662 0.959
40.335 -78.164 -432.668 0.977
29.146 -4.910 -377.706 1.055
28.997 50.121 -437.241 0.990
38.225 -99.491 -435.146 0.875
11.341 88.201 -394.756 1.122
-56.271 44.607 -484.988 0.822
83.775 59.045 -313.222 1.064
-49.608 51.648 -469.039 1.079
-67.093 -38.130 -470.816 1.037
-82.526 34.285 -302.115 0.983
-96.759 61.486 -462.769 0.881
44.725 -84.282 -324.542 0.919
77.638 74.023 -442.353 0.866
-80.758 -7.418 -474.565 1.032
-15.937 38.537 -416.763 1.021
-82.735 51.742 -460.465 1.031
84.356 51.383 -463.599 1.056
-64.073 -80.083 -389.900 1.019
-7.792 -46.471 -355.540 1.062
71.325 71.346 -368.880 1.028
-95.126 99.341 -310.232 0.971
-2.547 -33.140 -400.585 0.988
-65.054 -26.789 -321.740 0.974
-67.194 48.817 -486.369 0.916
-3.329 47.915 -456.325 1.076
-67.348 -75.189 -364.290 0.861
30.727 70.496 -406.105 1.146
-90.186 22.085 -483.759 0.915
-39.959 -64.311 -312.358 1.090
-86.488 -92.625 -329.151 0.958
76.770 94.735 -415.180 0.846
51.708 -26.273 -372.267 1.234
-24.221 20.964 -471.104 1.199
-20.788 -10.858 -454.998 1.225
8.298 -92.458 -428.943 0.856
16.465 13.238 -468.952 1.059
52.127 -9.990 -308.581 1.320
-65.255 35.627 -476.759 1.123
16.074 -90.030 -345.813 0.981
-70.374 29.481 -446.842 0.993
83.585 45.329 -413.511 1.042
10.306 -95.229 -432.386 1.095
1.926 23.032 -428.946 1.084
48.799 37.317 -368.246 0.817
-51.653 -2.913 -314.174 1.045
-69.409 -5.157 -335.507 1.066
-50.454 83.903 -402.597 1.021
85.863 -49.366 -306.658 0.912
-39.244 54.064 -358.804 1.013
-41.998 -24.973 -399.979 1.064
77.297 77.057 -491.902 1.002
-89.548 -60.608 -437.868 0.844
-95.737 -56.927 -496.139 0.738
-19.661 -13.882 -344.710 0.905
39.340 76.417 -357.642 1.047
-1.729 77.327 -304.129 0.873
15.937 -75.201 -467.746 0.943
23.544 10.527 -429.316 1.117
78.136 -68.756 -484.639 1.040
39.275 -64.795 -465.889 1.017
-43.928 -19.500 -305.310 0.906
-50.960 75.044 -342.330 0.946
-12.008 -24.691 -340.188 0.838
65.238 50.880 -487.093 0.999
-5.523 -79.874 -308.985 0.957
-5.406 -65.192 -407.085 0.987
98.343 60.938 -480.153 0.849
60.701 98.907 -407.189 0.887
-39.724 -73.086 -382.660 0.895
-14.207 63.872 -318.584 1.002
72.936 -68.208 -381.667 1.021
92.579 -47.869 -347.043 0.984
-87.716 -77.671 -389.622 0.882
-4.003 -89.778 -344.572 0.996
0.258 42.750 -369.503 1.014
-95.628 83.745 -305.976 1.109
-74.788 -53.336 -401.877 0.937
74.346 78.898 -367.225 0.897
19.658 -72.039 -310.750 0.965
76.306 -5.716 -320.526 1.033
-39.261 -91.957 -374.537 1.013
65.551 -23.789 -451.954 0.936
20.810 76.461 -304.253 0.975
92.633 -92.620 -391.162 0.909
-69.228 -22.666 -473.272 0.867
90.392 -72.306 -358.648 1.072
-32.058 -92.432 -381.146 1.196
-67.296 -81.804 -359.933 0.953
11.669 78.576 -393.417 0.878
-3.303 -26.145 -461.257 1.089
-46.231 0.596 -337.163 0.990
50.528 -96.560 -367.648 0.986
-34.036 23.106 -401.543 0.911
-29.565 -12.814 -471.232 0.906
-90.937 55.784 -416.911 0.950
33.073 -69.234 -455.205 1.222
-96.371 82.300 -373.300 0.888
84.337 -75.964 -366.762 1.073
-75.986 -66.621 -344.335 0.995
-44.228 -5.351 -325.742 1.004
-17.037 -54.197 -498.776 0.857
32.897 18.552 -353.684 0.839
-85.173 55.455 -491.678 0.961
-93.465 -69.521 -310.739 1.052
4.166 -91.062 -487.634 0.832
90.726 -14.562 -349.050 0.990
-49.644 87.747 -398.204 1.117
26.603 -43.789 -324.650 0.996
-35.864 -94.211 -389.142 1.009
-28.605 -5.854 -400.655 0.919
-3.378 0.797 -428.889 0.900
-1.465 47.842 -472.888 1.018
-18.775 55.238 -345.319 0.983
-20.742 55.956 -421.848 1.109
45.159 -52.317 -403.503 1.016
-32.832 -25.811 -314.299 0.990
63.953 -95.458 -443.733 0.934
14.284 12.582 -449.391 1.079
-32.554 -94.133 -334.914 0.977
21.497 18.973 -373.852 0.969
98.226 36.991 -464.746 1.126
-42.564 92.880 -455.507 1.135
-54.026 10.813 -387.076 1.009
86.862 -58.296 -318.653 1.039
-26.964 -20.619 -302.309 0.915
14.183 81.246 -321.382 1.166
97.346 -98.193 -427.295 1.129
84.408 -95.909 -348.234 1.012
64.308 95.487 -313.661 1.135
25.027 74.714 -327.192 0.999
17.966 68.666 -434.480 0.893
-78.829 -43.451 -464.764 1.065
66.200 -69.410 -355.210 0.996
-31.901 -0.515 -372.898 0.979
68.330 -49.668 -314.825 0.966
-69.763 -57.027 -438.554 1.231
-4.254 -14.242 -337.906 1.031
18.405 5.769 -360.722 1.013
-22.725 -58.091 -466.781 0.889
-23.392 -81.801 -399.153 0.859
15.366 -84.469 -421.704 0.971
-2.173 83.384 -402.539 0.894
6.960 -17.698 -462.412 0.810
-84.415 -9.518 -358.452 0.935
15.962 -78.301 -323.588 0.970
29.702 99.268 -351.125 0.820
94.099 12.511 -340.817 1.074
-36.420 50.478 -457.696 1.030
-99.621 20.343 -330.912 1.244
71.975 -94.045 -393.299 0.974
37.959 47.505 -491.124 1.013
-59.239 53.457 -404.644 0.991
-18.388 44.711 -373.890 0.972
33.955 -48.548 -420.357 1.015
-11.985 26.895 -398.990 1.130
-77.324 15.457 -470.655 0.772
85.177 77.391 -466.266 1.117
-41.161 4.054 -320.101 1.142
-91.039 17.707 -309.284 0.983
-56.654 58.760 -355.498 1.023
87.359 -46.918 -398.044 0.829
-65.791 81.574 -328.775 0.971
-94.242 -52.823 -483.875 0.941
69.227 -34.910 -437.247 0.908
-16.646 58.796 -475.111 1.001
43.316 99.111 -432.314 0.941
-59.942 86.430 -366.696 0.938
54.036 82.361 -369.227 1.001
-71.995 -78.123 -341.343 1.091
46.612 10.812 -343.920 1.051
-95.557 -46.620 -499.153 0.913
-74.253 60.574 -397.059 0.872
72.636 -94.891 -304.349 0.918
53.834 -47.533 -377.324 1.061
82.923 42.928 -469.329 1.056
-79.762 -22.657 -451.624 1.147
91.620 -42.641 -456.067 1.043
64.025 53.677 -455.867 1.149
-23.020 84.333 -341.976 0.940
10.441 -98.561 -423.908 1.107
5.621 75.523 -379.036 1.133
-80.314 -6.382 -442.764 1.071
6.525 -67.193 -332.900 0.910
59.391 -49.006 -365.001 1.019
-51.237 52.678 -460.282 1.245
-19.950 -12.885 -442.024 1.106
87.635 -79.681 -461.186 0.955
60.984 50.564 -324.841 0.998
1.144 97.250 -444.676 1.100
37.360 28.312 -499.492 0.969
-46.825 26.174 -434.844 1.006
92.496 -82.945 -399.049 1.118
44.034 -14.372 -441.044 0.933
14.066 -16.937 -426.912 1.010
-78.082 76.568 -314.581 0.845
8.011 26.282 -446.013 0.902
90.389 -39.373 -402.279 0.897
23.714 98.769 -315.382 1.130
-91.299 -85.048 -322.201 1.055
-54.447 75.640 -354.547 1.056
21.892 -86.851 -492.957 0.838
45.619 4.476 -481.575 1.035
-98.201 -38.290 -391.213 1.024
-94.712 57.834 -476.110 1.020
9.809 -59.263 -449.363 1.081
-70.243 -88.044 -497.003 0.876
