74.300 -19.036 -489.969 1.079
-45.153 40.674 -306.093 1.054
-22.825 82.068 -451.875 1.041
0.786 -31.936 -448.839 0.931
47.170 -87.311 -327.873 1.135
-99.223 51.891 -447.666 0.874
9.872 6.539 -435.919 1.023
9.913 -88.994 -330.181 0.925
34.638 72.784 -487.000 0.870
-16.860 14.417 -385.465 1.006
-75.442 73.820 -421.569 0.979
-22.109 42.373 -389.225 1.136
-76.294 -63.138 -390.246 1.070
54.751 14.994 -329.680 0.886
69.393 -25.130 -342.079 1.129
86.735 -75.530 -496.510 0.920
41.717 44.259 -427.110 0.981
94.452 83.900 -401.796 1.097
-34.028 -18.933 -340.374 0.924
-16.382 25.396 -312.958 0.860
-1.157 -79.808 -388.303 0.962
35.790 71.225 -478.719 0.994
-81.570 47.666 -346.659 1.145
65.679 -17.821 -472.825 1.147
74.140 84.275 -350.561 0.912
-67.196 9.545 -396.843 1.039
-50.447 -1.178 -496.033 1.107
-19.506 -85.123 -351.404 0.998
-23.760 58.994 -436.384 1.101
-35.780 -96.977 -477.202 1.062
98.307 90.185 -362.194 1.078
-45.087 89.219 -337.044 0.946
-52.291 -10.939 -384.719 0.978
85.675 55.564 -403.836 1.086
-25.204 17.760 -308.363 1.082
54.053 94.779 -368.295 0.959
-53.097 -11.807 -306.304 0.905
-54.119 -66.398 -378.311 1.098
99.629 -30.572 -326.045 1.033
-55.739 -72.864 -408.120 0.901
51.542 -95.707 -321.339 1.053
-93.522 -25.559 -408.408 0.942
-82.158 87.992 -409.588 1.159
91.553 -79.491 -398.985 0.960
87.763 63.914 -402.592 1.054
-95.664 18.880 -323.152 0.984
-51.508 63.201 -480.257 1.163
57.258 -16.119 -374.093 0.947
53.210 48.033 -336.792 1.187
-11.847 -58.902 -316.262 1.088
-43.907 -31.376 -374.665 0.936
14.386 -78.448 -374.688 0.857
20.426 20.830 -469.147 0.983
71.956 96.786 -498.091 1.132
-98.628 -6.440 -456.253 0.895
94.451 11.269 -349.831 0.877
32.361 -99.619 -464.351 0.961
-71.988 21.031 -374.212 1.109
15.400 -41.009 -449.817 1.072
-52.114 33.753 -471.589 0.953
-74.712 -92.750 -337.537 1.126
-48.578 2.725 -409.826 1.084
-4.290 -67.080 -449.669 1.044
-31.230 82.599 -444.909 1.081
-62.219 -15.985 -385.158 1.048
62.430 -79.540 -433.466 1.035
4.573 -36.153 -451.634 0.855
-16.336 39.058 -440.715 0.892
80.307 -94.721 -452.870 0.956
56.195 39.164 -473.748 1.049
87.351 97.179 -374.616 1.036
80.271 -38.150 -332.992 0.937
40.647 7.921 -443.431 1.064
40.621 -34.704 -456.671 0.880
90.386 69.384 -457.002 1.315
56.084 -69.263 -410.034 0.832
-97.748 79.313 -438.404 0.949
-26.923 87.121 -353.535 0.890
-71.285 70.540 -422.125 1.070
19.779 66.433 -406.318 1.017
68.608 30.901 -471.937 1.131
-17.165 34.620 -464.296 1.040
43.874 30.152 -341.304 1.145
-56.899 -31.789 -470.946 1.086
-90.192 3.934 -361.264 1.045
-30.494 -42.352 -316.637 0.994
78.064 65.280 -406.399 0.945
-89.952 -59.971 -468.612 1.010
9.713 -48.418 -326.544 1.145
-2.411 41.597 -493.274 1.025
51.329 44.487 -439.577 1.099
39.643 90.656 -342.697 0.774
7.646 -38.510 -400.819 1.006
-16.805 62.370 -392.772 0.916
-98.752 -68.954 -369.402 1.007
2.537 -6.570 -391.463 0.837
11.104 -44.474 -365.542 0.919
50.283 73.513 -359.836 1.278
-63.437 -18.250 -477.509 1.122
-65.075 56.575 -364.528 1.175
-49.175 -21.071 -421.121 1.181
-56.501 -23.066 -307.457 1.116
81.378 90.681 -338.364 0.949
9.335 -94.275 -306.252 1.226
-22.888 -69.115 -434.972 0.966
-14.079 35.007 -324.815 1.086
-12.960 -36.719 -305.738 1.084
83.066 -32.128 -420.031 1.091
69.345 -75.560 -448.895 0.874
-17.701 -71.621 -306.718 0.798
-31.377 81.912 -320.480 0.948
-89.946 70.228 -313.638 1.164
-54.956 -35.182 -331.071 0.967
-29.995 16.244 -351.318 1.001
15.770 43.842 -377.168 0.847
-26.500 65.078 -433.397 0.931
-77.057 -59.489 -484.975 0.896
-44.865 -91.950 -376.844 0.980
17.920 29.161 -490.923 1.022
47.275 10.071 -430.949 0.867
78.670 -89.503 -342.675 0.872
29.207 90.153 -437.638 0.870
91.110 -5.982 -470.727 1.037
-25.944 -33.488 -359.595 1.136
-17.416 -22.880 -463.498 0.810
-76.139 -24.163 -423.434 0.916
33.520 -43.703 -444.303 0.975
6.763 -13.019 -352.818 1.095
-98.355 8.731 -334.686 1.041
-55.536 44.800 -352.904 1.066
-59.157 58.715 -475.636 1.013
-87.419 84.633 -414.906 0.865
-6.595 35.725 -343.358 1.051
8.679 95.576 -475.683 1.105
93.543 -33.179 -375.296 1.116
30.519 -59.608 -352.523 0.903
97.066 -11.016 -387.571 0.853
-49.000 -35.217 -499.672 0.859
-17.691 -26.224 -484.782 0.892
-59.381 23.652 -383.890 0.908
-34.554 82.634 -366.803 0.893
-37.341 55.424 -328.127 1.048
31.945 -92.381 -349.131 1.091
-94.292 -79.507 -461.405 0.878
-33.515 -45.067 -429.279 0.874
-81.785 6.591 -419.726 1.074
-9.666 -0.940 -371.937 1.255
90.229 82.690 -457.340 1.029
-85.185 95.897 -324.322 0.909
36.218 -98.665 -488.954 0.908
25.821 14.658 -308.976 0.998
2.420 17.211 -392.946 0.998
-62.838 -69.911 -456.131 0.993
93.435 -31.813 -383.647 0.931
-67.287 -55.673 -440.855 0.875
-96.989 26.323 -378.316 1.097
54.296 3.438 -441.604 1.057
19.563 96.002 -374.527 1.045
25.157 -52.357 -457.532 1.041
75.310 7.862 -412.500 1.070
24.443 43.754 -363.047 0.931
98.689 94.699 -328.058 0.972
-45.978 31.537 -310.595 1.158
-25.884 79.514 -438.706 0.898
35.223 48.817 -429.317 0.960
-99.228 47.318 -426.179 0.947
-76.602 -10.857 -415.469 0.905
1.122 90.931 -457.907 0.856
-33.157 1.099 -377.706 0.855
70.437 8.281 -350.109 1.052
-51.271 -0.984 -471.766 0.989
99.106 35.682 -473.199 1.003
78.698 57.747 -402.682 0.887
-32.474 52.014 -342.326 0.966
-27.194 48.258 -454.981 0.994
-72.458 20.431 -322.365 0.969
-29.068 21.956 -347.481 0.971
52.393 -74.431 -405.709 1.036
-61.513 61.859 -378.368 0.990
-5.501 0.075 -344.889 1.019
8.889 68.089 -352.344 1.076
46.190 -23.041 -434.732 1.009
54.741 4.845 -377.142 0.883
61.977 -83.662 -372.948 0.968
-3.128 20.095 -439.598 0.927
13.319 20.038 -412.908 1.074
-89.699 11.638 -475.205 0.953
0.961 -22.862 -474.646 0.840
64.835 -73.791 -447.348 0.850
-95.972 -13.969 -320.173 1.077
-73.549 49.868 -422.036 0.943
99.594 50.703 -450.885 0.971
57.835 -18.094 -488.041 1.020
8.152 40.143 -366.609 0.927
20.246 70.534 -389.885 0.937
-84.135 36.471 -487.662 0.936
-79.656 15.664 -421.429 0.918
-29.955 82.534 -389.975 1.121
-80.846 66.235 -374.791 1.033
51.343 48.631 -382.031 1.181
43.264 -75.433 -495.947 0.895
-0.390 41.277 -306.338 0.921
44.503 66.172 -305.745 1.001
73.621 43.045 -460.651 0.875
82.818 -58.790 -422.318 1.120
57.438 37.749 -489.310 0.992
67.096 -43.799 -423.791 0.974
-39.380 70.781 -385.282 0.986
-45.758 -38.522 -391.719 1.024
-98.044 34.255 -342.480 1.108
25.430 -57.594 -397.362 1.138
-60.646 -94.240 -422.592 0.905
68.906 79.463 -347.866 1.115
-57.202 -1.521 -411.116 0.814
10.241 37.519 -401.827 1.049
-11.015 -98.221 -473.430 1.076
13.805 -35.415 -430.455 1.087
-7.764 34.964 -373.288 0.868
-45.977 40.038 -484.409 0.801
-65.433 -41.131 -441.156 1.033
46.035 -25.009 -321.096 0.992
85.207 -2.623 -451.997 0.938
82.566 -46.418 -476.147 1.027
-80.151 64.586 -341.776 1.078
67.818 78.683 -410.289 1.100
-98.831 27.370 -445.611 0.924
85.242 -9.543 -365.085 0.908
86.026 97.327 -455.659 0.977
-27.541 99.204 -362.951 1.096
-84.444 36.239 -382.993 0.896
-85.960 -94.959 -359.017 1.032
16.131 -56.704 -349.331 1.015
9.807 -33.909 -453.668 1.019
35.149 99.470 -465.807 1.091
-24.273 -78.405 -496.573 1.160
74.331 75.505 -498.377 1.110
25.822 46.183 -401.032 0.976
35.903 98.272 -365.865 0.895
-45.221 -41.822 -337.109 0.918
-42.885 3.034 -318.841 0.857
34.043 87.833 -314.880 1.295
17.996 60.463 -332.090 0.781
38.519 12.162 -317.686 1.068
37.504 98.726 -332.353 1.033
61.740 -14.020 -472.945 1.035
73.277 79.879 -456.048 1.020
9.191 9.738 -485.720 0.975
-8.188 -64.841 -313.830 1.010
-72.297 -60.745 -327.280 0.948
-54.708 46.061 -471.608 1.013
-28.084 91.248 -489.691 1.066
83.185 5.909 -390.698 1.030
-77.377 -26.992 -324.099 0.990
-47.210 -72.716 -306.406 1.070
44.808 -54.186 -333.738 1.141
-18.057 29.866 -495.133 1.040
59.741 -18.128 -317.806 0.954
-13.737 46.451 -415.984 0.931
88.573 -67.347 -445.709 0.755
32.050 -72.252 -493.538 1.033
26.712 -37.816 -389.917 0.954
31.614 4.995 -480.278 1.235
-78.664 -65.431 -412.910 1.034
33.293 -38.600 -416.326 0.894
69.641 -79.697 -402.645 0.705
-4.743 -93.405 -310.307 0.956
14.019 7.659 -339.066 1.181
47.068 58.428 -399.682 1.134
28.707 -96.282 -345.997 0.929
-1.306 -64.248 -396.548 1.099
-61.243 11.008 -419.605 1.201
42.565 -63.485 -485.643 0.906
68.536 12.592 -302.131 0.901
-91.277 -74.875 -421.026 1.066
73.598 6.315 -444.612 0.981
77.410 -26.321 -307.296 0.932
-56.136 30.189 -327.601 0.993
92.511 54.058 -434.665 1.213
-46.107 35.002 -331.932 0.819
55.869 -74.056 -488.465 1.133
63.654 40.012 -487.835 0.919
-68.041 28.201 -372.776 0.987
0.180 77.568 -465.420 1.021
-86.793 -65.509 -321.805 0.944
-38.271 50.016 -317.348 0.985
-70.527 88.744 -354.843 1.101
69.504 -11.695 -374.037 1.121
65.661 47.700 -469.132 1.134
-68.325 12.758 -402.846 0.863
-33.948 81.086 -435.695 1.100
-91.927 92.547 -475.326 1.057
-2.871 -14.899 -370.287 0.976
-43.471 7.171 -451.268 0.907
-6.427 -41.482 -389.332 1.243
-7.491 27.839 -444.774 0.999
34.191 86.252 -478.915 1.027
-1.710 41.779 -482.920 1.124
98.054 10.929 -309.325 0.973
-70.912 46.071 -348.443 1.086
79.446 -53.690 -394.505 1.179
-66.305 -86.727 -436.087 1.143
9.208 39.320 -423.812 0.946
64.756 -31.407 -446.155 1.030
85.822 -15.554 -353.814 1.096
-62.774 1.808 -489.490 1.073
-9.796 -80.055 -362.473 1.081
68.932 -72.960 -462.271 0.985
12.695 -55.169 -300.613 1.021
-54.705 5.772 -314.687 0.949
-2.505 -7.984 -482.866 0.976
-37.355 -26.807 -478.293 1.073
41.572 -23.896 -350.409 1.018
56.813 -63.006 -389.962 0.920
-54.441 21.066 -325.998 0.928
18.300 32.643 -411.965 1.208
21.260 -51.425 -379.509 1.019
89.640 -47.958 -339.022 1.089
48.725 77.547 -371.898 1.011
-98.060 9.279 -319.264 0.838
94.752 82.757 -409.164 1.005
43.714 9.881 -438.235 0.942
-35.884 -13.215 -473.186 0.991
98.926 -55.478 -467.858 1.053
-74.935 -27.618 -381.565 1.115
-30.108 -16.441 -408.176 1.057
46.609 -57.911 -479.355 1.026
42.793 -20.788 -323.672 0.969
67.388 -14.682 -459.009 0.990
26.407 -7.224 -389.264 0.958
-26.747 97.375 -301.665 1.219
10.518 60.221 -448.128 0.976
-4.016 -18.801 -461.952 0.956
-33.935 -49.705 -419.478 0.954
24.655 19.869 -461.071 0.883
-9.216 -15.546 -438.294 0.884
70.201 -20.734 -401.279 1.119
-12.514 95.698 -310.697 1.068
23.087 -99.004 -335.340 0.971
54.819 -88.410 -410.188 1.007
22.085 -40.753 -318.758 1.062
92.981 9.476 -318.029 1.010
78.832 -38.633 -319.722 0.973
8.120 -57.283 -396.654 0.899
-95.231 27.606 -394.481 0.891
-65.021 -43.633 -409.973 0.974
32.101 51.400 -487.123 1.033
-24.434 34.532 -307.661 0.824
-44.570 -96.321 -403.623 0.823
6.395 -30.203 -345.501 0.809
48.540 77.069 -431.169 0.932
-28.900 -89.550 -414.456 0.981
12.803 86.239 -493.308 1.088
-61.025 24.425 -374.954 0.919
-1.623 46.512 -337.442 0.802
-36.840 81.433 -387.923 0.811
99.924 20.286 -347.465 1.019
17.417 66.846 -430.178 0.959
37.163 53.400 -380.318 1.087
-86.762 48.210 -490.793 0.953
4.076 81.369 -328.663 1.139
80.682 -42.909 -382.294 1.135
-52.284 50.393 -326.193 0.790
-41.807 -65.869 -349.368 0.969
-32.223 -32.889 -334.527 0.987
19.513 -7.515 -365.748 1.017
-46.331 58.378 -429.857 0.971
95.325 -37.498 -337.032 0.970
78.385 45.558 -446.862 0.920
-93.772 -13.263 -383.403 1.025
-99.499 -75.517 -310.052 1.091
-43.492 -60.663 -367.639 0.976
-19.919 -92.011 -302.897 1.256
42.846 66.662 -497.826 0.939
-12.726 21.511 -339.169 0.892
-49.681 76.946 -306.148 1.160
79.720 -48.967 -410.589 0.939
3.327 -69.463 -387.533 0.987
-87.987 42.220 -367.386 0.937
89.229 -44.975 -431.299 0.940
19.864 -54.542 -314.212 1.079
-83.972 9.392 -467.312 1.102
86.965 8.827 -425.227 0.906
-80.955 52.108 -476.939 1.113
-37.331 36.952 -446.214 1.051
-40.805 -43.996 -478.238 1.019
-0.441 70.439 -334.671 0.885
2.731 -54.733 -478.124 0.939
-67.902 -37.728 -448.227 1.037
-35.718 -7.419 -320.650 1.013
-10.023 -57.838 -463.388 1.086
85.144 51.895 -357.426 1.085
-41.704 -88.989 -450.584 0.805
19.098 -11.974 -440.506 0.901
-78.621 -55.687 -318.795 0.856
-18.578 -75.756 -441.260 1.033
50.127 -50.331 -368.592 1.001
67.487 77.545 -309.549 0.772
-42.274 38.540 -499.350 1.061
-16.668 75.679 -498.687 0.807
36.650 0.850 -384.542 0.847
12.694 -61.105 -432.785 0.966
99.629 -27.207 -362.541 1.140
24.686 0.574 -356.306 0.787
-42.439 93.441 -467.813 1.028
19.492 73.317 -338.044 1.034
35.546 34.760 -405.305 0.888
-67.225 -2.810 -350.733 1.080
44.217 -70.119 -391.481 0.973
-39.365 -4.259 -439.608 0.860
-80.583 -7.139 -384.095 0.976
-29.625 50.221 -480.007 0.971
5.653 -34.861 -373.196 0.895
-0.611 -11.596 -407.102 1.204
80.674 -88.205 -330.728 1.085
-84.004 59.862 -379.669 0.950
85.344 -1.552 -347.155 0.919
33.312 -77.288 -403.012 1.047
69.987 -99.399 -449.150 0.903
-43.450 90.129 -432.597 1.000
-11.461 0.490 -363.458 1.189
-82.554 -20.997 -437.405 0.945
26.735 93.104 -345.152 0.948
79.078 -85.343 -313.808 0.910
-79.165 49.249 -380.473 1.006
-74.761 5.146 -409.082 1.088
-84.822 12.046 -378.327 1.048
-25.116 -75.635 -422.762 0.999
-83.015 81.142 -363.194 1.160
29.424 98.955 -453.789 1.083
-42.752 4.727 -329.815 1.206
32.478 -73.137 -358.907 0.958
54.544 19.300 -352.936 1.009
-0.208 50.174 -307.716 0.977
-41.615 -8.744 -447.636 1.002
22.588 -66.371 -475.780 1.075
-73.673 -10.667 -369.466 0.981
55.661 62.697 -390.338 1.228
70.265 50.411 -319.463 1.028
32.712 42.438 -407.538 1.016
55.545 -86.217 -347.501 0.880
1.116 20.818 -403.006 0.968
25.989 -61.693 -495.842 1.009
33.986 20.971 -376.725 1.060
-35.549 -66.563 -444.645 0.919
-5.002 5.752 -403.358 1.108
74.814 -25.561 -492.462 1.099
-52.260 -86.470 -445.546 0.950
-61.270 -97.145 -387.862 1.023
-82.882 55.312 -425.592 0.893
58.316 19.857 -469.900 1.050
-36.285 48.732 -378.879 0.981
-83.727 90.876 -321.825 1.167
53.585 21.353 -480.600 0.983
-35.630 -75.594 -388.781 0.853
-89.294 12.074 -416.381 1.177
68.900 94.886 -326.210 1.169
18.952 -8.728 -349.476 1.161
95.196 30.836 -495.262 0.887
-89.018 91.896 -435.882 1.168
-30.490 -31.505 -395.168 1.047
28.658 -0.039 -424.051 0.740
-96.602 63.535 -312.040 0.951
-37.377 -5.703 -468.835 0.983
70.126 36.571 -442.878 0.848
23.950 89.807 -380.556 1.225
75.958 -56.211 -333.849 0.998
-71.944 -37.810 -353.656 0.966
87.784 -43.856 -313.864 0.957
-34.814 -29.442 -453.309 1.024
-19.143 2.604 -313.646 1.195
7.480 45.531 -378.481 0.837
16.150 53.067 -316.689 1.035
53.873 -63.785 -335.000 1.125
-97.546 -33.534 -352.051 1.063
-53.312 86.946 -328.740 0.910
83.009 56.733 -479.400 0.988
40.582 -35.357 -455.655 1.120
26.817 44.239 -381.543 1.034
34.244 93.668 -399.117 0.841
81.756 -52.057 -431.070 1.212
-22.644 47.408 -453.068 1.133
32.582 -10.376 -342.808 1.036
-68.447 -64.167 -369.966 0.970
98.101 28.266 -353.907 1.042
6.785 58.492 -492.380 0.975
35.998 -72.955 -436.217 0.963
81.103 -58.535 -427.080 1.033
-2.993 -29.239 -480.226 1.055
52.033 -65.483 -495.907 1.118
23.220 -42.748 -487.805 0.828
14.801 -94.983 -427.027 1.106
81.564 -5.462 -349.686 0.938
30.510 80.168 -430.278 1.058
-1.259 49.255 -381.181 1.015
-16.257 -52.469 -484.520 1.041
1.027 -41.296 -471.021 1.050
71.468 50.502 -443.242 0.868
58.845 94.868 -351.561 0.913
-77.478 -46.669 -330.706 1.042
8.393 32.615 -424.176 1.037
-38.167 11.533 -300.188 1.113
-28.580 -88.791 -458.817 1.067
-47.208 -40.362 -472.647 1.103
-49.254 -15.787 -470.517 1.010
-58.545 -48.439 -497.329 1.190
59.241 -33.278 -478.391 1.014
-88.874 64.885 -324.121 1.018
19.511 -92.353 -416.576 1.191
44.364 -86.708 -450.703 1.006
2.874 -16.394 -307.584 1.114
-78.354 74.927 -338.920 0.933
90.317 -81.131 -386.364 1.083
57.337 51.829 -365.718 0.989
-54.895 -12.292 -429.895 0.914
-44.709 -34.003 -457.675 1.019
-48.584 69.895 -373.980 1.054
-7.104 29.318 -309.462 1.144
36.071 74.635 -472.734 0.933
93.354 -29.990 -384.696 0.976
-42.424 -29.039 -350.532 0.956
83.383 56.880 -349.557 1.102
1.358 16.481 -362.241 1.165
-96.145 6.690 -366.924 0.958
-19.761 -68.652 -347.972 0.905
-37.772 -85.261 -495.029 0.906
-21.239 -62.424 -430.110 1.190
-32.572 65.481 -314.936 0.848
-11.044 -69.599 -456.346 1.034
93.229 30.050 -300.239 1.023
-37.879 -47.084 -383.538 1.180
-98.624 -86.739 -404.542 0.838
-15.400 16.035 -368.975 0.841
14.180 14.311 -472.034 0.960
40.286 -72.954 -313.777 1.091
-30.485 13.042 -497.275 1.193
32.471 -52.215 -336.143 1.019
20.989 62.388 -336.702 1.048
-52.639 -66.971 -477.569 0.957
-1.695 -93.356 -369.911 0.991
70.420 -1.838 -438.504 1.072
46.559 -26.383 -486.647 1.060
-99.575 -35.716 -415.887 0.930
29.470 90.158 -455.725 0.894
27.646 -93.389 -461.965 0.956
86.702 48.651 -339.589 1.062
-91.663 -29.630 -468.494 1.051
10.869 65.110 -350.654 0.787
-36.032 -5.780 -386.753 0.933
15.373 -40.563 -326.933 1.088
84.441 40.227 -375.307 1.154
72.659 -51.323 -479.045 0.888
18.014 68.504 -490.186 0.994
76.005 -12.053 -473.749 0.731
96.056 92.167 -330.874 1.044
26.932 17.251 -328.619 0.866
-24.874 -14.671 -344.455 0.974
70.442 -45.643 -463.646 0.953
51.468 -97.700 -465.398 0.739
-54.217 -22.533 -467.345 0.963
32.583 5.995 -404.550 0.967
14.311 -76.610 -328.046 0.886
-22.068 -82.822 -427.240 0.988
-38.755 -85.172 -312.017 1.070
-66.551 13.050 -460.919 0.890
-21.773 -77.535 -370.462 0.913
2.456 -19.004 -318.594 1.061
9.325 4.409 -307.654 0.993
37.672 27.489 -374.636 1.058
43.533 9.943 -374.507 1.001
80.192 84.395 -469.920 0.947
-5.726 -59.037 -382.736 1.063
58.049 61.590 -347.800 1.172
6.634 -19.823 -382.916 0.947
36.213 -43.850 -449.471 1.050
66.301 3.484 -300.274 1.066
-89.831 -25.105 -463.858 0.793
-6.244 -28.482 -300.632 1.078
-98.892 85.198 -376.614 0.840
73.174 49.622 -447.627 1.002
-62.592 -56.318 -311.361 0.964
-51.179 68.818 -468.560 0.936
-29.165 63.161 -319.076 1.028
-59.084 71.338 -488.169 1.079
58.314 22.823 -321.911 0.996
63.550 15.718 -388.424 0.937
-0.400 -49.664 -470.081 0.970
-99.562 -38.642 -427.075 0.904
71.632 -30.796 -385.195 1.071
90.306 -36.985 -449.147 0.998
-11.162 -11.908 -406.850 0.812
-49.351 -98.919 -490.152 1.110
35.218 76.477 -455.188 0.858
-54.028 -71.279 -427.190 0.881
-75.288 11.551 -437.500 1.066
13.980 -60.406 -481.642 1.010
81.582 48.393 -396.703 1.103
-12.621 -58.618 -456.750 0.934
82.021 38.600 -495.702 1.041
68.918 63.056 -428.970 0.972
69.298 -63.957 -450.234 1.020
-10.780 -88.578 -313.766 1.008
-25.129 75.316 -352.852 0.988
26.420 48.615 -338.894 0.966
-34.872 77.732 -336.781 1.007
59.241 42.779 -397.625 1.052
90.666 -53.028 -440.443 0.830
-94.899 -29.159 -466.958 1.008
12.051 -79.861 -349.610 1.016
-50.862 -73.347 -344.489 0.827
-53.882 57.849 -430.782 0.938
0.513 35.768 -355.620 1.032
-11.866 11.030 -467.768 0.919
-68.727 83.661 -344.283 1.185
-58.805 61.719 -383.089 1.019
89.771 -84.414 -314.902 1.052
77.386 -58.033 -413.049 1.009
38.273 59.587 -445.555 0.912
-18.498 39.253 -364.291 1.167
-22.433 -60.392 -422.716 1.047
-85.453 -52.470 -462.175 1.104
49.247 -36.780 -479.318 0.984
15.092 -82.649 -302.723 1.191
-23.935 77.897 -384.235 0.919
-25.102 78.667 -386.027 0.872
-72.395 88.880 -332.405 0.914
9.724 74.191 -383.525 0.943
-56.566 87.056 -312.368 1.040
63.785 -44.296 -410.912 1.097
35.985 -97.371 -456.891 1.042
1.607 8.153 -406.834 1.258
2.512 89.242 -321.759 1.162
75.279 -9.235 -314.233 0.981
-90.817 81.434 -328.537 0.979
5.999 -68.607 -430.186 1.144
-96.506 -22.821 -470.633 1.071
-75.197 59.462 -377.228 0.839
99.975 35.680 -448.183 1.094
-16.739 -16.914 -455.415 0.888
-9.424 -81.344 -496.187 0.972
54.970 55.229 -456.496 1.167
50.758 -43.345 -457.108 0.908
27.533 -70.435 -499.042 0.901
-88.078 -2.371 -428.025 1.130
-80.806 30.407 -438.963 1.213
-96.698 63.096 -354.673 1.147
97.966 6.527 -499.094 1.098
-8.828 79.487 -304.829 1.058
-72.800 0.702 -433.849 0.769
-40.061 80.088 -436.241 0.889
-99.969 -30.529 -354.527 1.167
51.003 66.172 -309.804 1.048
-84.904 -45.806 -483.184 1.021
-12.486 16.874 -467.403 0.976
-8.154 -96.535 -435.632 1.051
63.569 -91.048 -306.090 1.098
-61.336 -75.146 -427.220 0.891
-85.523 -31.057 -308.432 0.922
-29.412 80.477 -422.948 0.936
-55.425 -29.855 -462.327 0.984
91.970 -80.986 -317.092 0.977
7.648 68.991 -394.726 1.064
89.288 42.275 -358.726 0.909
66.320 -82.866 -382.986 0.961
10.773 9.259 -448.348 0.964
5.306 4.437 -384.829 1.069
-34.460 3.435 -358.294 0.961
-4.797 64.767 -315.525 0.866
93.988 74.941 -415.828 1.037
-90.570 -52.259 -363.108 1.095
-1.316 98.917 -455.619 1.161
-85.451 -88.096 -367.972 0.973
-65.746 -88.209 -458.450 1.016
83.867 -43.459 -388.126 0.999
47.429 59.294 -307.315 1.069
-74.260 -96.159 -400.217 1.107
96.475 42.705 -377.793 0.914
20.257 -0.315 -358.683 0.874
-88.383 -1.897 -354.405 0.896
-41.845 -95.235 -378.288 0.916
-63.586 12.076 -394.727 0.955
-36.437 -30.890 -322.103 1.061
-31.898 -37.906 -376.066 0.964
0.578 -45.155 -495.538 1.011
49.410 -75.186 -448.529 0.777
-67.332 -39.528 -323.877 1.085
0.821 54.461 -490.915 0.901
46.279 29.172 -459.726 0.950
38.272 6.853 -317.852 0.928
1.027 -13.146 -450.168 1.046
-11.197 6.536 -368.716 1.106
13.887 -77.347 -387.360 0.922
-36.211 -23.659 -311.871 0.937
76.428 -21.289 -466.273 0.954
68.236 -55.945 -366.585 0.993
-95.579 -56.493 -403.667 0.900
45.985 -14.697 -421.694 1.066
-57.103 65.399 -401.703 0.946
-52.516 -26.423 -440.256 0.925
-11.193 -4.364 -472.224 0.956
80.049 66.280 -499.946 0.837
-81.055 -4.494 -333.518 0.941
58.983 65.901 -308.250 0.960
20.920 -81.403 -359.029 1.045
48.652 16.747 -376.121 0.994
73.516 68.831 -485.991 0.892
99.552 -72.700 -322.341 0.902
67.132 -67.128 -411.732 0.893
76.193 77.889 -328.975 1.099
-76.118 65.910 -356.678 0.995
-23.877 59.329 -310.987 0.906
-95.208 73.245 -497.678 0.869
-29.487 -16.023 -357.931 1.090
2.245 -86.973 -314.170 1.077
91.408 -46.540 -383.669 0.974
-83.267 17.070 -323.551 0.967
-67.939 -25.770 -369.874 1.094
-50.858 -52.399 -377.585 0.918
-9.493 75.261 -494.214 1.097
-2.331 52.152 -475.216 0.969
70.393 0.877 -305.160 0.882
-84.969 -40.579 -477.118 0.936
19.055 -81.875 -455.336 1.131
75.436 44.538 -302.679 0.878
-66.809 72.863 -300.819 0.906
66.458 -69.899 -429.692 1.074
-96.801 -78.805 -485.141 0.861
-36.911 -52.655 -496.887 0.940
-66.543 -71.946 -358.431 0.820
62.182 66.193 -360.907 1.029
14.868 10.612 -375.162 0.988
73.488 -0.636 -426.996 0.868
6.452 -9.807 -471.670 1.090
-24.364 -88.730 -377.580 1.083
88.322 -13.138 -350.870 1.123
66.997 -4.856 -442.678 0.958
-37.707 5.275 -474.395 0.773
-73.919 -46.895 -337.418 1.028
-76.572 40.238 -343.238 1.051
-82.951 -97.199 -300.833 1.019
-68.449 -60.935 -412.974 1.055
-99.121 -1.661 -455.678 1.064
-95.471 -43.694 -435.027 1.148
48.976 -46.272 -479.594 0.993
84.968 -26.887 -373.399 0.690
-53.343 65.161 -346.076 1.087
59.074 26.814 -371.969 1.098
38.012 76.602 -460.494 1.146
90.198 -61.299 -436.811 0.967
-15.580 -40.469 -457.991 0.938
2.600 -29.039 -331.178 0.860
22.593 72.703 -334.561 0.963
-5.523 13.452 -422.684 1.270
-68.205 69.886 -357.044 1.177
19.152 91.983 -321.602 0.979
69.947 -95.449 -320.620 0.918
-46.052 -5.284 -429.513 1.004
-17.252 5.475 -415.888 1.127
80.623 -93.311 -342.675 1.051
-70.291 -77.306 -368.479 0.900
-96.330 74.382 -464.475 0.916
-63.359 40.810 -494.591 0.984
88.757 30.050 -475.074 0.917
-24.716 -33.518 -411.654 0.987
-98.230 75.356 -354.093 0.825
78.041 99.156 -422.640 0.949
62.230 88.356 -305.010 0.823
97.101 26.072 -425.678 0.875
-78.064 45.799 -346.507 0.817
66.818 -54.913 -339.086 0.887
-96.441 -70.320 -454.235 1.082
36.659 40.107 -464.028 0.944
82.873 -6.180 -316.972 1.159
5.390 -58.005 -360.310 0.949
-25.987 66.850 -436.681 1.087
78.715 -60.238 -344.183 1.030
3.311 60.550 -465.640 1.014
63.657 56.151 -432.111 0.846
46.680 72.924 -392.800 1.130
-46.356 74.328 -384.766 0.830
62.929 34.390 -472.957 1.174
46.244 -64.188 -431.273 1.038
-64.013 85.802 -327.123 0.963
38.146 65.674 -410.989 0.953
-33.033 -73.125 -421.842 0.959
25.168 39.004 -428.189 0.978
91.142 -70.849 -461.391 1.086
-38.226 -88.434 -342.934 1.017
6.425 -40.415 -433.473 0.931
0.041 17.724 -422.503 0.812
-6.134 22.822 -407.107 1.000
96.861 -12.272 -307.062 0.841
84.260 -76.241 -323.306 1.016
97.424 -45.169 -310.977 0.890
65.946 76.235 -329.698 0.904
-98.113 28.777 -434.360 1.009
-0.883 17.137 -399.710 1.079
-46.646 -38.436 -450.433 1.094
90.818 77.792 -466.626 1.072
97.724 -60.828 -370.569 1.003
29.048 98.241 -386.640 0.918
46.073 -9.063 -353.975 1.116
-41.743 -41.303 -473.353 0.993
-69.603 -44.505 -446.792 1.026
47.214 81.863 -386.244 1.133
40.803 86.005 -410.293 1.045
7.062 -10.080 -443.089 0.844
94.850 -10.602 -447.438 1.132
-13.357 57.810 -308.291 1.146
85.939 -25.682 -390.561 0.958
12.213 63.599 -481.476 0.912
-90.017 65.301 -478.145 1.054
-3.219 -27.774 -471.164 0.919
-69.014 -66.965 -394.338 1.023
15.703 99.662 -428.478 0.879
-42.673 31.320 -378.557 0.960
-85.877 71.500 -413.928 0.994
38.863 20.735 -341.634 1.008
18.026 84.568 -436.501 1.016
-99.883 56.858 -444.295 0.859
14.985 -16.138 -332.741 1.007
-69.274 -47.415 -442.327 0.930
-98.885 -20.195 -358.397 0.963
-80.235 -99.230 -373.188 0.916
95.313 -67.726 -347.681 0.809
-28.767 1.629 -401.822 0.992
-21.899 16.882 -361.769 0.986
-47.030 75.502 -347.898 1.023
-4.806 6.353 -320.187 1.112
-92.040 71.977 -497.709 1.056
-43.025 -57.676 -326.425 1.066
60.093 -78.391 -472.446 0.960
69.307 -43.839 -464.696 0.957
58.763 -71.716 -456.413 0.950
-41.487 -78.620 -420.643 0.905
-33.378 14.902 -310.994 0.892
1.438 51.696 -373.688 0.959
-18.187 -51.676 -346.040 1.124
-27.484 14.754 -303.656 1.194
4.486 -12.083 -354.985 0.922
-33.508 -3.946 -311.735 1.086
-52.770 -24.944 -373.558 1.109
-25.012 88.134 -404.874 0.902
38.965 14.999 -378.807 1.130
62.389 62.591 -409.463 0.971
78.803 39.881 -421.983 1.035
91.953 -5.270 -471.439 0.954
34.582 80.082 -329.199 0.925
88.762 -30.537 -448.060 0.754
-24.336 -53.942 -390.414 0.953
38.131 -84.234 -341.071 0.977
81.950 17.415 -413.262 0.880
20.653 39.607 -363.052 0.992
-7.862 -85.177 -428.609 1.071
-7.556 -43.625 -316.397 1.056
-8.006 -12.656 -313.224 0.924
36.651 -56.468 -441.954 1.186
63.568 53.258 -452.810 1.113
-1.513 63.065 -396.545 0.871
13.735 88.178 -377.396 1.113
-3.334 0.581 -475.873 0.968
49.640 -94.196 -313.149 1.102
0.569 60.915 -375.865 1.157
60.307 33.456 -487.717 0.962
-55.853 99.502 -456.177 1.029
60.606 53.743 -492.890 1.101
28.596 43.298 -413.263 1.032
-53.322 5.106 -471.272 0.938
-75.443 -72.629 -324.071 0.943
-16.303 67.384 -426.174 1.044
36.079 -85.702 -412.434 1.062
5.925 20.544 -473.034 1.009
-22.653 36.632 -389.508 1.028
86.320 9.220 -331.350 0.949
-24.137 -17.323 -424.867 1.038
47.348 -3.733 -352.251 1.007
4.612 52.748 -324.078 0.933
-13.575 37.898 -498.830 1.119
-71.594 -27.665 -492.567 1.011
-86.712 99.485 -336.299 1.146
44.692 -48.919 -307.729 1.009
93.387 74.731 -497.599 1.046
62.736 51.620 -349.085 1.191
-73.897 -23.934 -339.118 0.888
-10.939 -54.820 -443.028 1.164
54.938 -71.062 -410.523 0.915
77.533 44.529 -334.371 0.980
39.107 -5.876 -428.967 1.133
17.858 -37.341 -332.543 0.954
94.163 -26.937 -311.396 1.090
52.474 -26.112 -320.481 0.995
64.200 -60.234 -312.884 1.081
55.731 -35.415 -345.980 1.150
-57.762 17.460 -498.130 0.991
-97.660 19.495 -484.266 1.067
-89.279 4.329 -372.138 1.114
79.150 29.541 -372.172 0.905
92.431 -52.327 -388.874 1.020
-42.556 68.599 -311.879 0.955
86.643 -75.135 -398.089 1.093
-68.786 59.322 -469.202 1.163
31.013 -89.522 -470.462 1.011
36.832 72.601 -365.634 1.111
-8.091 -14.023 -328.880 0.987
-81.471 -17.553 -449.476 1.223
28.114 -92.851 -494.189 0.846
-31.336 -83.854 -407.993 0.946
-74.857 28.100 -376.770 0.941
-64.142 -73.818 -492.992 0.927
75.353 33.343 -385.920 0.989
59.005 -95.403 -374.484 0.886
54.217 51.965 -480.332 1.131
-40.580 46.202 -469.865 0.920
89.768 -67.692 -312.577 0.933
-26.099 -99.463 -436.786 0.820
-32.586 76.014 -325.515 1.014
-61.355 -42.924 -365.368 1.147
36.057 -30.595 -467.562 1.187
-82.169 -65.230 -313.036 0.964
79.196 98.324 -306.159 0.875
-5.667 -71.221 -443.061 1.003
84.436 -55.544 -436.773 1.065
-52.243 -50.995 -402.501 0.864
-64.600 -4.160 -421.206 1.030
55.923 -71.329 -409.937 1.193
-59.191 -91.060 -388.068 1.039
16.145 -87.233 -443.310 1.150
-69.101 27.660 -432.765 1.236
51.038 -59.635 -392.649 1.029
17.738 -62.410 -428.915 1.037
-89.041 -48.966 -331.905 1.085
-63.149 86.232 -357.659 1.211
39.915 93.300 -369.674 1.098
-41.453 -71.656 -369.700 1.020
-47.811 -60.241 -318.258 1.150
36.533 -66.138 -377.685 0.997
60.230 -85.721 -403.287 0.909
-37.110 -35.153 -499.385 0.905
-60.444 43.919 -492.695 1.077
-2.402 -56.682 -381.048 0.838
1.370 90.181 -349.007 1.074
-56.348 66.113 -331.970 1.010
47.549 -25.969 -459.243 0.868
-87.613 49.601 -456.778 1.114
-25.307 55.928 -441.905 1.180
-67.940 -93.282 -441.654 1.294
-13.418 14.047 -345.805 0.899
84.094 -76.150 -301.242 0.881
99.147 -46.149 -446.959 0.962
-11.198 -94.912 -354.570 0.880
57.820 -46.436 -384.673 0.949
40.568 95.583 -358.717 1.104
-77.972 -65.774 -304.799 0.964
-31.934 -3.542 -361.659 0.932
-1.696 64.303 -425.374 0.923
-27.221 -64.706 -346.736 0.941
-85.706 -95.250 -371.326 1.053
-64.875 85.215 -469.291 0.935
89.335 96.835 -356.166 1.267
-71.205 -54.611 -424.722 0.916
-36.402 -46.285 -429.873 1.084
43.017 -51.261 -450.477 0.937
-46.651 -75.549 -350.937 1.121
10.600 -17.408 -335.658 1.047
-82.073 94.066 -404.025 1.014
-86.641 37.910 -340.083 1.056
-75.275 -4.127 -463.535 1.007
62.760 -10.078 -338.625 1.168
-32.551 17.897 -404.574 1.103
11.343 10.544 -320.015 1.053
15.299 -55.035 -456.139 1.083
-59.890 -1.585 -423.545 1.129
72.845 80.571 -494.392 0.822
-17.246 15.179 -381.179 0.963
30.607 30.510 -476.192 1.087
26.159 -53.976 -321.663 0.748
-17.027 -42.015 -309.983 0.879
-35.414 -27.613 -369.714 1.024
30.926 95.088 -341.159 1.100
98.727 37.568 -352.882 1.027
-11.011 -3.242 -391.658 1.164
74.688 -39.515 -433.539 1.024
-40.091 66.117 -407.051 0.866
60.154 51.251 -479.990 0.862
-25.491 60.328 -453.877 0.926
-96.748 48.773 -399.740 1.008
-75.815 -29.497 -486.769 0.863
70.928 85.909 -353.621 1.033
8.207 10.135 -353.376 1.135
-37.779 -70.455 -362.053 1.061
90.752 -91.893 -403.682 0.830
-39.117 -23.045 -494.666 0.984
-23.519 -68.682 -388.392 1.155
-67.552 58.907 -364.415 1.104
-35.944 -53.740 -475.902 1.242
47.586 88.292 -464.858 0.976
87.588 76.473 -464.592 0.976
19.170 -6.664 -398.812 0.881
-27.812 25.014 -310.929 1.048
-38.168 -36.005 -321.952 0.919
-63.317 72.761 -465.436 0.935
