-29.688 -6.374 -358.636 0.992
-32.198 -30.086 -402.609 0.926
91.136 -15.486 -428.000 0.950
-28.011 -83.472 -323.620 0.963
-46.856 73.400 -424.351 0.969
-23.572 -34.916 -411.119 1.027
65.173 10.904 -369.995 1.015
-5.188 79.689 -389.748 0.984
64.649 -95.274 -354.143 0.987
7.370 -46.128 -446.339 0.989
37.036 -67.992 -379.083 1.118
-44.380 -90.670 -452.827 0.913
89.148 91.750 -323.223 0.987
53.536 92.065 -351.612 1.022
74.873 -53.083 -335.289 0.900
-51.096 38.148 -426.492 1.051
34.703 -98.147 -333.841 1.121
-32.031 24.405 -469.752 0.933
99.539 74.060 -434.436 1.162
9.647 -68.500 -466.848 1.068
-18.926 -51.801 -324.366 1.116
81.037 7.892 -492.481 0.822
53.108 59.643 -374.838 0.995
10.889 10.146 -442.560 1.121
0.031 -69.855 -360.502 0.972
-57.473 25.679 -387.079 0.961
31.744 5.837 -436.968 0.887
95.631 70.651 -307.660 0.822
24.553 52.185 -462.637 0.977
69.685 72.984 -434.097 0.969
64.277 -1.379 -373.169 0.927
82.718 -52.437 -306.502 0.829
-68.993 -27.999 -324.903 1.018
8.684 54.476 -386.707 0.838
80.266 -68.281 -367.368 0.906
-17.674 -33.127 -399.364 1.063
-90.825 54.845 -375.315 0.947
13.077 -1.334 -351.457 1.143
-18.757 -51.860 -433.557 1.106
-43.942 40.141 -369.803 1.028
99.051 -83.340 -441.327 0.976
52.161 18.910 -313.010 0.935
47.493 -7.513 -351.464 1.034
11.403 11.525 -307.696 0.900
86.375 -84.927 -444.522 0.956
-77.753 -2.259 -469.856 0.844
-16.938 -17.638 -485.675 1.052
-20.367 -66.120 -326.458 1.125
93.928 -77.414 -394.249 0.918
82.541 79.341 -362.149 1.010
-81.485 56.032 -369.590 1.102
-20.511 -51.087 -370.652 1.163
-56.125 -84.132 -427.161 0.876
-33.961 -67.703 -343.747 0.836
-47.768 -2.500 -490.959 0.948
57.710 71.537 -367.556 1.109
75.738 -48.310 -419.369 0.971
-11.608 -4.137 -489.807 0.933
-99.784 -47.896 -443.267 0.935
2.232 24.051 -328.720 0.860
23.400 4.022 -303.006 0.991
-22.392 -91.280 -464.068 1.102
-19.980 -43.681 -489.939 1.019
15.710 -72.811 -390.200 1.041
43.529 -44.316 -461.720 1.101
-91.420 -59.546 -479.529 1.052
-66.070 -99.747 -433.878 1.029
-69.569 -17.460 -338.165 1.026
-42.384 -77.212 -492.657 1.061
91.945 -44.422 -490.299 1.057
20.641 -68.742 -352.439 0.994
-1.298 62.767 -335.859 1.002
-91.871 -2.692 -362.729 0.888
40.549 -43.145 -311.714 1.101
-41.880 -92.544 -459.574 0.984
17.368 -4.189 -413.033 1.107
-19.567 -56.609 -410.923 1.102
55.872 -88.102 -484.945 0.993
-17.686 84.981 -463.877 1.163
23.790 2.077 -398.626 0.914
-77.020 -54.686 -485.516 0.953
-2.103 -7.012 -356.824 0.932
76.294 -43.562 -311.172 0.916
75.610 -37.307 -343.461 1.007
-94.469 -32.928 -371.602 0.955
81.805 82.223 -335.834 1.103
-68.290 76.488 -445.980 0.883
26.156 9.062 -306.074 1.181
27.634 77.768 -446.909 1.220
26.342 -0.122 -369.612 0.836
51.898 85.498 -372.783 1.075
20.290 75.152 -489.877 0.995
21.564 -13.041 -375.617 1.008
32.163 49.065 -403.996 0.917
60.097 72.289 -399.422 0.926
-84.852 38.820 -496.459 0.858
-35.047 -64.258 -338.964 0.972
31.650 62.424 -331.138 1.153
-62.964 -7.178 -442.863 0.885
99.071 79.951 -454.869 0.969
81.995 -84.357 -350.900 0.894
-48.225 -60.502 -307.022 0.937
39.654 -22.893 -364.628 1.098
-97.843 -67.465 -344.312 0.996
-33.704 -93.387 -315.821 1.009
63.527 -67.886 -372.726 0.938
-10.088 -49.901 -497.976 0.966
-58.567 -25.036 -321.828 0.839
25.910 68.693 -371.784 0.986
70.982 51.078 -465.889 1.028
-81.023 26.202 -423.553 1.027
-49.182 84.934 -480.685 0.925
25.287 -64.012 -431.774 0.944
-63.313 96.908 -376.822 1.079
72.142 -64.866 -368.632 0.821
97.279 30.854 -448.406 1.044
-74.133 10.063 -467.168 0.962
35.137 51.773 -461.773 1.160
98.192 -29.500 -359.437 1.127
62.000 14.666 -344.354 0.998
59.542 -38.601 -304.461 0.932
47.889 72.335 -454.353 1.166
42.263 -2.786 -448.528 1.179
-39.331 68.990 -387.785 1.010
-4.358 40.243 -369.502 1.059
15.251 -17.599 -312.728 1.119
-45.255 -26.413 -467.417 1.107
-77.017 45.353 -381.656 0.957
87.159 82.271 -476.423 1.189
-11.655 -7.988 -304.540 1.107
8.240 -65.338 -465.335 1.065
-4.182 94.180 -338.335 1.148
-77.657 -72.316 -365.648 0.987
-32.447 -54.169 -396.004 0.938
-49.304 -82.274 -401.447 1.216
-5.377 -68.445 -429.304 0.954
26.043 -9.945 -484.482 0.973
-93.754 -15.243 -314.968 1.003
-48.517 44.449 -351.393 1.074
-54.207 -11.709 -350.581 0.907
70.332 -13.811 -429.003 0.900
10.278 -48.719 -326.702 1.090
-55.399 -28.655 -359.533 1.095
57.638 -20.949 -365.040 1.052
-2.654 -40.316 -337.035 1.004
69.254 -96.220 -386.164 0.817
-20.093 -73.312 -441.026 1.073
-79.750 63.358 -308.468 0.990
-78.323 82.532 -380.711 1.022
42.411 99.226 -482.438 1.008
54.684 51.257 -466.837 0.966
-64.676 74.159 -344.146 0.949
37.984 -21.679 -467.702 1.094
-87.479 -25.877 -336.708 1.047
-11.520 -48.594 -318.269 0.923
-20.888 -74.248 -375.219 1.194
55.801 5.653 -317.256 0.971
-87.200 -77.499 -362.377 0.935
-45.348 -28.674 -391.766 0.973
-14.324 -99.840 -378.141 0.977
-39.383 -30.825 -376.072 1.034
-82.387 68.527 -390.667 1.052
-80.465 43.141 -393.990 1.112
-62.075 -80.260 -330.411 0.971
-3.549 63.039 -322.238 0.917
23.442 5.367 -423.109 1.115
-37.528 40.744 -413.929 0.991
-76.470 -81.525 -347.223 0.885
-21.191 -21.098 -379.726 0.941
86.358 -90.908 -396.264 0.780
-70.858 34.194 -482.089 0.974
39.308 -69.792 -431.055 0.934
-11.886 76.651 -415.192 1.083
82.978 -58.388 -419.136 0.838
-22.004 -2.969 -498.536 0.850
50.486 -67.223 -344.898 0.892
-38.728 75.535 -415.164 1.017
15.351 94.900 -339.000 0.827
-54.003 -65.833 -461.074 1.048
30.333 9.512 -482.083 0.898
76.135 -17.775 -318.535 0.977
79.529 5.644 -345.581 0.972
24.812 58.399 -489.153 0.965
-32.423 89.077 -472.578 0.756
-74.201 -73.096 -490.063 1.022
-80.972 35.896 -420.226 1.032
-86.665 53.611 -360.898 0.808
8.119 94.843 -350.540 0.865
94.672 99.101 -325.934 1.193
58.971 84.208 -343.680 0.835
63.971 -22.915 -461.951 1.018
36.547 -38.182 -327.400 1.008
-20.495 46.180 -410.053 1.021
51.624 98.663 -312.655 0.948
30.000 40.968 -360.324 0.943
28.425 -76.756 -453.424 0.932
23.422 -50.108 -307.326 1.008
-51.679 -58.199 -337.736 1.169
-34.815 -39.814 -369.348 0.907
-8.540 43.785 -468.329 0.950
88.282 40.838 -301.876 1.134
35.255 -26.906 -310.178 0.887
71.650 58.885 -467.327 1.145
1.841 99.016 -489.118 1.073
68.466 -89.329 -303.699 0.989
19.174 11.772 -475.505 0.881
-16.817 -45.600 -430.008 0.963
-23.155 -92.710 -481.432 1.196
-90.574 -83.501 -467.268 0.802
-96.217 68.215 -376.768 0.852
66.188 25.340 -304.784 1.011
-28.551 -20.340 -363.099 1.040
24.134 -72.925 -365.242 1.093
-52.489 -11.617 -454.065 0.895
8.137 86.584 -325.252 1.018
59.352 -41.216 -443.088 1.032
-11.968 39.679 -318.974 1.122
1.312 21.804 -381.115 0.896
69.398 -38.134 -433.006 0.776
88.849 -74.658 -405.541 0.901
95.318 -36.461 -383.028 0.990
27.667 2.526 -446.153 0.986
-20.998 -74.884 -479.132 1.267
42.827 -59.137 -368.525 1.016
-0.252 -39.293 -342.915 0.920
-17.409 86.360 -388.806 1.038
-7.870 -84.418 -378.991 1.124
-12.722 -96.884 -310.276 1.094
75.818 -39.381 -460.357 0.952
51.630 -26.370 -426.731 0.968
-45.075 61.426 -485.994 0.866
8.003 78.038 -378.997 0.993
-43.191 60.048 -397.501 1.091
-63.985 21.188 -471.252 1.062
89.630 18.476 -461.400 1.116
69.975 56.010 -379.868 0.849
-22.336 -49.935 -353.548 0.998
2.348 9.801 -424.108 0.994
-41.029 -26.126 -317.676 1.194
42.564 18.108 -382.228 1.202
-52.359 3.149 -378.658 0.899
82.729 -89.196 -349.321 1.062
-16.951 21.299 -467.386 1.110
34.201 -26.384 -484.384 1.022
56.314 0.586 -483.485 0.919
-3.397 19.725 -328.088 1.096
-29.803 30.642 -458.992 0.971
-68.632 15.908 -391.909 1.062
-2.802 90.675 -389.048 0.985
-5.734 -41.384 -337.901 1.127
18.329 -86.550 -426.129 1.306
73.072 43.055 -331.903 1.092
92.138 -76.682 -439.112 0.955
-60.667 -89.832 -456.858 0.991
-25.136 -0.796 -481.403 0.972
-4.717 -15.432 -464.940 1.068
30.126 -44.719 -403.892 1.132
98.556 65.236 -405.249 0.957
39.154 42.742 -428.781 1.129
-21.146 -83.533 -490.348 1.095
18.587 -14.562 -465.157 1.030
88.000 -45.398 -380.356 1.022
-58.632 -9.935 -444.579 1.248
-70.162 -71.216 -317.682 0.886
-21.534 48.357 -416.993 0.932
-69.973 -85.299 -309.817 0.893
-64.695 83.273 -420.603 0.953
65.506 53.776 -414.122 0.883
-35.146 42.773 -408.150 0.958
-88.928 43.591 -376.275 1.129
-5.820 7.998 -351.657 1.242
81.994 -77.159 -490.490 1.071
0.279 -88.333 -472.361 1.022
-76.082 90.747 -342.077 0.904
-5.202 -61.355 -369.327 1.055
-71.325 -20.001 -348.484 0.942
52.375 -98.577 -411.288 1.013
-78.632 -42.270 -495.949 1.107
-90.022 -25.640 -442.889 1.024
-89.856 -78.987 -377.642 0.858
-7.406 96.448 -489.877 1.013
74.516 -53.087 -383.562 0.974
-87.752 -13.269 -434.495 1.096
-8.749 8.981 -304.203 1.018
-30.259 -11.811 -369.394 0.730
-6.336 -62.970 -378.361 0.951
27.942 81.113 -317.117 1.057
32.069 -70.196 -388.699 1.008
6.208 -67.287 -305.001 1.076
64.629 -37.936 -320.775 1.080
-17.297 -65.958 -327.475 0.986
-12.140 -29.309 -413.795 0.926
75.573 -97.475 -433.826 1.181
-40.097 37.467 -313.698 1.119
-61.613 -44.012 -312.076 1.015
92.175 57.871 -333.402 1.060
-92.282 -67.104 -406.373 0.945
-90.947 81.537 -451.015 1.005
-64.072 97.905 -366.312 1.024
-43.947 99.760 -445.659 0.899
22.067 33.754 -319.007 0.966
-39.725 -92.999 -373.357 1.179
15.531 -98.652 -413.382 0.978
59.237 -40.679 -425.618 0.988
-87.062 -12.603 -416.434 0.996
-52.958 82.721 -369.867 0.965
1.580 -52.039 -437.568 1.040
-86.692 -95.351 -325.984 0.951
71.055 -81.075 -370.748 0.862
-0.490 6.065 -316.214 0.880
-68.775 -3.219 -309.560 1.009
-66.883 76.831 -359.314 0.852
71.404 -12.516 -319.883 1.057
23.873 -74.026 -443.189 1.086
-16.277 -80.792 -493.507 0.885
-47.958 -28.913 -489.482 1.127
-92.135 59.984 -393.423 0.988
85.008 -10.220 -495.180 1.039
68.614 -16.166 -344.841 0.997
-29.814 12.347 -368.394 1.000
-0.288 21.531 -457.418 1.048
-68.392 81.886 -360.746 0.959
-58.134 72.736 -458.896 0.913
-91.749 95.891 -391.579 0.997
62.620 -55.016 -394.347 0.972
74.714 8.134 -401.229 0.990
-98.548 -54.580 -397.846 0.928
46.640 74.254 -434.329 0.996
-82.127 70.915 -453.605 1.183
-22.206 -36.780 -322.599 0.925
-29.739 -57.369 -393.774 1.035
-82.052 -86.629 -309.565 1.106
-39.884 29.668 -359.342 0.765
-31.675 -39.585 -339.408 1.028
-70.812 -97.561 -421.856 1.056
81.047 17.579 -414.390 0.986
34.902 76.802 -382.851 0.956
69.011 -72.017 -304.391 1.029
36.400 -54.354 -344.643 1.124
76.444 -89.105 -301.101 1.046
-89.915 1.736 -362.631 1.114
-15.391 25.596 -464.388 1.009
17.378 -37.657 -346.075 1.072
-24.559 -89.485 -463.828 1.002
29.873 98.361 -341.374 0.939
-73.578 3.325 -410.808 1.177
52.334 49.942 -328.616 0.965
-62.763 -21.601 -394.982 0.924
86.225 70.277 -365.836 1.108
-78.169 62.743 -454.803 1.137
-83.355 71.776 -454.147 0.962
-26.334 -8.769 -324.719 1.013
-40.637 -91.033 -417.250 0.934
0.546 27.229 -476.696 0.958
-45.081 12.444 -481.848 0.947
56.147 -63.710 -495.367 0.954
-57.973 -86.359 -452.941 1.098
-78.930 7.257 -307.686 0.960
53.911 49.278 -324.441 1.063
-59.896 -45.541 -393.131 1.058
52.443 -40.324 -445.157 0.927
-76.596 -83.573 -416.121 0.884
63.403 37.836 -388.671 1.035
-32.568 -76.968 -309.694 1.052
-75.788 68.160 -439.489 0.981
71.964 -27.493 -348.684 1.089
75.272 -48.505 -407.466 1.073
-8.915 -70.085 -312.218 1.134
-12.237 -12.261 -327.322 1.064
35.554 59.955 -485.113 0.950
89.901 85.896 -319.297 0.992
-72.200 -69.213 -491.215 0.998
94.630 -90.476 -456.413 0.951
89.440 -30.957 -348.179 1.097
-59.719 -26.395 -421.430 1.024
-25.992 -19.589 -449.432 1.014
-83.844 -70.055 -317.154 0.942
-18.109 78.271 -490.098 1.119
35.410 -44.889 -306.563 0.763
-24.427 -45.857 -475.238 1.118
79.639 -71.134 -378.915 1.121
41.492 27.125 -488.208 0.984
-55.819 31.045 -373.452 1.048
75.050 20.224 -376.805 0.961
-4.682 26.537 -380.607 1.033
-55.705 95.096 -379.241 0.990
30.233 57.971 -374.409 0.861
-45.172 -16.336 -472.943 0.945
20.299 -36.481 -303.946 1.160
-59.009 -35.838 -477.469 1.046
-9.481 19.995 -492.633 1.065
-30.883 99.008 -393.573 0.902
20.423 59.081 -360.168 0.830
-28.299 12.732 -368.013 0.953
-66.094 31.155 -417.528 1.115
35.333 81.339 -403.573 0.853
4.801 66.515 -331.923 0.936
-58.649 3.340 -456.432 1.054
42.588 39.874 -446.064 1.074
-13.973 -0.242 -405.485 0.752
28.337 75.737 -335.068 1.082
-35.901 44.300 -347.794 1.002
11.898 52.781 -430.397 1.019
-74.723 94.302 -468.215 0.975
-88.657 -45.920 -338.496 0.859
-24.965 -72.102 -444.284 0.862
-18.230 -68.367 -427.720 0.984
34.515 -70.879 -440.959 1.134
-37.131 -91.433 -335.144 1.044
96.947 82.717 -396.308 0.882
-54.777 -83.235 -494.157 0.951
8.420 96.361 -406.242 0.849
0.664 -2.532 -351.072 1.099
-98.451 -92.128 -443.616 0.829
-32.173 25.657 -408.548 0.992
-78.071 -41.090 -383.965 0.955
-82.363 87.960 -354.375 0.971
4.168 3.489 -334.236 0.798
40.375 87.079 -439.167 1.128
62.109 18.015 -343.732 1.079
81.434 -54.190 -486.645 0.967
-35.609 -77.632 -473.889 0.886
47.148 -97.437 -356.441 0.989
18.357 -3.033 -491.646 0.855
-18.086 -37.146 -316.570 1.060
19.321 -71.797 -414.968 1.059
21.096 43.153 -304.400 0.835
-56.047 -49.908 -300.875 0.985
-53.885 -12.673 -329.204 0.929
96.409 54.965 -340.213 1.107
74.578 -29.183 -477.483 0.994
39.881 9.779 -384.918 1.119
36.436 -25.084 -420.679 0.930
-57.593 -98.840 -348.820 0.908
71.620 -12.236 -385.097 0.967
-3.806 -49.658 -350.812 1.111
20.008 98.254 -480.947 1.186
-64.209 3.371 -489.750 0.890
-61.026 68.530 -353.231 1.073
-58.366 54.804 -421.827 0.965
40.793 17.066 -344.416 1.142
-17.877 -22.473 -381.751 1.067
-95.507 36.938 -324.582 0.905
-77.432 91.388 -444.623 0.927
-11.997 23.999 -428.789 1.208
44.649 71.189 -493.270 0.822
-66.056 61.701 -394.376 1.108
-72.132 5.696 -481.384 1.019
22.385 5.829 -429.407 0.945
-59.946 90.804 -316.453 1.089
-49.240 -62.012 -449.083 1.061
28.063 60.978 -480.574 1.005
7.002 -17.787 -363.844 1.030
82.641 -0.131 -350.051 1.048
-57.541 34.899 -441.225 1.026
-48.107 23.436 -346.034 1.173
-66.843 -15.115 -468.797 0.985
-57.435 -83.785 -349.757 1.041
-34.030 51.252 -439.924 1.212
78.365 33.537 -462.454 1.057
71.861 24.032 -497.966 1.062
-80.756 9.242 -387.817 0.899
36.650 -68.766 -322.515 0.991
34.550 -9.783 -363.300 0.764
-91.526 -74.580 -362.918 0.858
-22.034 -62.253 -474.420 1.081
-15.152 25.503 -324.012 1.073
97.334 83.130 -429.594 0.958
-5.611 -76.960 -309.178 1.108
55.828 -11.307 -456.236 1.024
-97.425 12.159 -479.670 1.046
66.470 37.313 -398.050 0.852
-35.001 -74.735 -487.479 0.983
17.109 -98.575 -357.340 1.047
-44.669 47.053 -430.712 1.009
-60.103 92.987 -358.640 1.029
-86.589 82.457 -300.551 1.158
-76.753 -94.870 -334.512 0.921
-88.070 -18.270 -344.511 0.908
-58.368 37.414 -432.052 0.819
-53.259 -86.257 -365.138 0.932
7.980 44.881 -337.333 1.109
48.985 5.076 -406.403 1.001
-65.534 -88.887 -383.331 0.918
-41.879 -36.237 -474.749 1.149
-21.366 -39.175 -396.159 0.851
-63.669 7.002 -456.311 1.170
95.810 -23.131 -428.832 0.912
3.853 0.505 -317.243 1.228
63.567 -11.754 -324.262 1.071
42.529 41.756 -432.423 0.959
36.514 11.635 -424.938 1.079
-42.766 3.256 -323.091 1.030
-7.453 69.792 -416.205 1.084
29.537 -21.345 -433.017 0.851
32.183 -25.462 -480.774 1.106
-1.086 61.358 -461.893 1.021
-0.485 47.511 -375.831 1.056
37.014 5.122 -450.984 0.736
-67.244 -80.257 -359.176 0.943
63.748 -86.545 -431.077 0.821
83.839 -56.483 -413.456 0.876
50.784 84.442 -338.090 0.811
-78.861 -24.640 -454.044 0.901
25.358 -61.361 -446.120 1.001
-94.499 -81.534 -498.171 1.003
62.212 45.797 -370.599 1.050
79.839 97.314 -394.380 0.938
14.552 -6.573 -326.128 0.901
73.507 64.534 -355.428 0.972
84.933 -63.811 -420.253 0.761
-8.545 80.845 -497.056 0.906
-9.506 13.258 -415.259 0.827
85.460 -95.310 -435.384 0.896
-66.346 -40.374 -448.989 0.963
75.332 27.635 -493.513 1.085
56.897 11.403 -392.466 0.965
42.089 -82.558 -421.751 1.037
73.269 -65.098 -314.047 0.970
74.253 -52.881 -436.558 1.054
11.656 -37.589 -492.877 0.928
-13.453 84.392 -432.548 1.088
-34.783 -59.373 -486.633 1.064
-58.635 9.113 -496.413 0.946
-7.174 -99.876 -357.857 1.327
-61.274 5.254 -308.022 0.843
30.871 -59.846 -432.011 1.139
-10.366 99.963 -405.523 1.172
26.253 -10.181 -329.557 0.906
82.993 56.558 -435.219 1.031
26.481 -79.842 -449.600 0.967
1.691 21.119 -379.553 1.103
-93.227 19.826 -425.276 0.937
-82.381 6.984 -392.018 1.096
-7.979 4.939 -458.674 1.129
93.646 43.943 -408.483 1.029
-26.165 52.288 -424.880 1.020
-0.822 86.925 -342.577 0.885
51.755 -49.946 -479.686 1.028
69.350 44.934 -499.460 0.856
4.469 90.241 -455.091 1.035
45.363 -98.774 -360.815 1.150
85.254 -30.615 -414.186 0.877
-51.478 -41.892 -348.856 1.056
-97.667 -90.686 -486.227 0.954
58.002 -76.284 -349.913 0.955
-59.734 -51.973 -415.090 1.026
-95.470 68.649 -355.568 0.954
-18.879 -49.388 -314.736 0.855
-84.977 45.847 -456.621 0.833
86.196 19.390 -380.159 0.819
3.348 -94.205 -488.976 1.102
29.683 39.482 -453.056 1.055
-9.996 90.503 -471.075 0.956
-40.694 28.107 -444.000 0.914
91.167 5.878 -477.010 0.855
18.915 87.271 -425.174 0.925
85.413 68.334 -338.381 0.980
9.535 -20.703 -396.705 0.901
-55.150 -75.781 -345.252 1.080
87.489 -18.401 -357.300 0.938
-50.354 -55.865 -497.964 1.043
32.727 -80.555 -363.521 0.870
-81.965 37.009 -404.825 0.859
-28.593 41.240 -319.105 1.065
3.606 -27.917 -463.321 0.841
-15.159 3.771 -465.869 1.095
-73.038 -24.757 -351.688 1.026
19.900 -9.902 -388.262 0.993
-9.049 -37.567 -357.645 1.054
73.916 -98.001 -319.781 0.997
-31.374 -52.883 -377.378 1.029
90.921 57.962 -316.710 1.006
18.786 -5.184 -443.408 0.919
-68.700 86.802 -333.455 0.976
0.156 64.068 -331.290 0.906
78.247 75.545 -451.276 0.926
-15.541 33.096 -339.938 1.026
-7.401 16.911 -303.522 0.988
93.484 -40.519 -473.330 1.070
-1.028 10.743 -332.946 1.087
59.390 78.370 -365.818 1.064
-40.879 74.308 -378.459 1.037
-60.787 6.248 -473.988 1.119
66.378 88.258 -480.064 1.068
-18.923 -63.093 -345.958 1.052
-6.785 74.232 -378.314 0.831
66.820 -18.042 -445.355 0.865
-65.989 -53.239 -476.245 0.904
-22.937 -8.358 -341.637 1.012
-28.121 -15.197 -485.662 1.110
51.858 1.458 -335.713 1.072
17.542 -97.205 -437.567 0.922
80.089 62.291 -394.649 1.032
41.984 -55.020 -432.175 0.939
75.090 24.720 -420.821 0.995
97.899 -87.352 -383.412 0.864
34.634 -87.400 -375.018 1.077
68.321 -65.464 -372.148 1.006
75.433 -56.433 -432.390 0.855
98.986 -80.394 -345.674 1.036
-16.578 95.238 -389.594 0.947
-40.438 -9.967 -452.558 0.973
60.763 47.831 -355.722 1.017
11.389 5.216 -300.849 1.097
-42.564 61.065 -433.617 1.019
-53.606 2.753 -460.934 1.053
-32.802 -47.373 -414.518 0.974
-89.735 -30.788 -350.609 0.991
-33.185 -5.194 -326.786 0.902
-37.770 57.048 -453.732 1.004
-86.677 -82.536 -349.960 0.966
-62.718 -17.195 -440.798 0.863
-82.289 -44.763 -313.579 1.116
34.525 78.213 -432.065 1.028
-24.213 31.536 -307.420 0.915
80.566 -15.423 -480.169 0.911
-9.656 47.859 -433.975 1.236
-6.780 16.728 -362.500 0.987
-98.622 15.044 -380.665 1.003
27.298 96.224 -486.694 0.954
55.499 -0.334 -363.509 1.040
-70.173 -9.713 -489.863 1.035
-66.643 15.889 -360.081 0.893
39.668 -45.104 -365.519 0.995
-61.352 -61.953 -495.989 0.864
-23.487 -2.167 -344.082 0.891
-10.892 -97.701 -369.095 1.105
17.252 58.157 -339.886 0.896
-17.135 -11.380 -446.531 0.966
20.684 -59.716 -321.702 1.024
42.947 -18.715 -301.460 0.839
-78.528 -63.165 -315.789 1.036
-61.414 -33.708 -481.955 0.913
64.130 61.514 -380.919 1.137
69.880 -54.868 -447.204 0.995
58.950 76.098 -414.664 1.033
-5.345 -91.314 -474.232 1.036
-44.293 4.455 -448.946 1.022
97.350 -29.562 -441.791 1.072
-81.869 -26.368 -359.944 0.865
-34.931 -74.235 -352.751 1.028
-7.321 13.584 -382.928 1.182
-95.286 14.301 -495.279 1.081
-92.692 -73.291 -334.853 1.012
-3.167 -59.934 -377.920 1.069
73.214 -3.556 -457.847 1.101
-72.525 30.224 -325.984 1.081
11.039 87.831 -329.227 1.080
-1.158 -24.894 -308.572 0.960
82.303 16.033 -490.428 1.048
-58.756 75.174 -429.911 1.021
-66.129 -49.352 -379.904 0.976
81.869 -22.056 -354.189 0.960
-42.887 -94.009 -348.293 1.115
-70.472 -11.961 -329.274 1.045
-16.683 67.445 -309.612 0.866
-46.503 78.067 -498.486 0.908
51.050 -92.047 -373.818 1.078
-9.514 -85.778 -473.118 0.853
-32.896 95.195 -307.337 1.037
60.733 42.697 -456.556 0.964
69.761 53.832 -469.463 1.157
63.544 -28.079 -348.274 1.134
57.339 -15.203 -399.222 0.861
47.657 53.040 -309.507 0.910
-33.944 -67.216 -438.528 1.199
-88.380 -19.177 -472.542 0.925
23.819 29.306 -356.596 0.867
29.375 96.945 -496.935 1.003
-23.982 -42.215 -326.369 0.904
-61.270 -5.575 -481.463 1.118
-50.338 19.639 -437.671 0.879
7.611 -39.389 -338.296 0.746
42.650 94.469 -436.512 1.020
-11.585 84.312 -497.363 0.974
38.130 -34.255 -397.454 1.085
-73.673 -25.181 -394.039 0.987
27.647 -87.682 -479.252 0.888
65.589 15.764 -331.092 1.035
-71.955 -77.796 -366.294 0.895
1.252 -43.783 -385.615 1.160
-79.017 -19.615 -404.492 0.967
30.508 87.025 -392.206 0.988
-40.565 -97.440 -384.882 0.917
71.177 -59.977 -331.739 1.040
-27.159 28.719 -489.180 1.060
-45.319 14.916 -304.135 0.944
61.147 -39.836 -397.250 0.988
8.058 70.924 -430.205 1.064
91.574 55.763 -474.598 1.093
-36.000 -59.849 -323.002 1.023
-40.881 -14.442 -389.329 1.118
-63.796 27.628 -415.318 0.827
18.875 -69.479 -349.701 1.039
8.395 -12.127 -474.462 1.041
-42.012 52.188 -393.273 0.867
-27.288 37.711 -354.701 1.142
92.171 -99.495 -450.987 1.187
-19.021 41.906 -469.667 0.837
-94.880 24.155 -368.991 0.986
94.115 69.671 -366.759 0.967
-24.534 -97.428 -419.249 1.133
14.005 44.498 -467.871 1.027
89.596 66.434 -359.852 0.886
-11.514 -3.334 -320.817 0.950
-68.789 12.425 -324.244 0.937
-80.028 47.979 -362.122 1.004
28.293 0.182 -453.116 1.251
-74.046 51.115 -404.148 1.073
-88.456 8.184 -339.746 0.938
95.201 -47.925 -483.596 0.935
1.649 38.949 -437.594 1.077
-78.868 19.345 -304.576 1.067
-69.189 12.682 -336.809 1.001
95.971 -0.060 -319.445 0.754
71.655 85.822 -317.723 1.005
13.411 -3.193 -405.643 1.005
71.771 -67.233 -481.649 1.041
-82.328 74.418 -396.240 0.985
-17.391 -32.616 -377.820 1.081
-2.003 -71.203 -411.558 0.940
-78.680 65.860 -370.619 1.106
75.963 78.092 -432.155 0.939
41.263 -64.543 -361.697 0.976
1.874 -74.322 -472.959 1.081
83.534 64.685 -436.899 1.084
27.511 27.823 -314.421 1.065
-37.169 -51.898 -382.689 1.021
59.708 -18.389 -483.653 1.089
91.645 74.322 -377.244 1.011
-78.908 -87.557 -326.374 1.055
84.736 39.960 -302.460 0.933
-3.105 17.237 -376.247 0.877
-13.078 -42.511 -366.194 0.936
32.535 58.187 -479.069 0.956
94.922 -53.437 -303.902 0.827
58.459 -47.799 -315.965 1.109
25.649 30.302 -469.106 0.893
-63.505 -8.008 -443.529 0.965
68.011 -41.143 -395.082 0.979
-24.635 11.226 -355.655 1.000
61.226 -41.270 -408.917 1.236
61.198 -81.093 -316.439 1.141
-86.882 15.996 -462.679 1.077
-45.300 -4.788 -371.706 0.896
18.320 61.157 -369.950 1.172
-84.815 -84.271 -434.294 0.950
-50.969 -7.218 -310.895 0.959
-71.781 81.411 -331.890 1.025
-36.139 -24.505 -406.559 1.012
-4.623 29.972 -355.722 0.874
-59.259 84.168 -477.933 1.183
-75.434 19.468 -336.135 0.996
-51.106 79.259 -342.574 1.002
32.341 -34.248 -327.074 1.101
17.981 71.641 -429.524 1.077
-84.849 -33.792 -494.768 0.950
26.845 -81.332 -354.664 0.891
68.402 76.795 -434.128 0.954
-95.655 -66.592 -347.464 1.033
23.309 -28.043 -385.758 0.957
-12.462 -54.643 -319.453 0.917
85.394 52.343 -361.129 0.831
45.956 90.491 -351.633 0.984
-54.492 58.706 -345.491 0.970
42.362 -22.154 -444.708 0.882
92.235 83.199 -374.959 0.980
42.096 -94.770 -471.747 0.939
26.316 -68.550 -355.867 0.953
-29.703 -24.839 -317.706 1.048
5.148 -31.322 -455.373 0.898
96.619 43.794 -481.667 0.904
77.157 61.621 -334.632 0.821
98.355 19.141 -306.988 0.944
-84.471 21.493 -339.501 0.856
49.043 -18.722 -375.696 1.011
-15.689 -64.793 -486.799 1.129
21.821 1.517 -450.986 1.174
-88.534 -48.121 -424.616 0.954
-38.843 -56.950 -384.878 0.929
25.646 57.350 -492.815 1.066
-20.211 56.155 -466.282 1.089
89.872 -67.225 -354.766 1.042
10.435 42.751 -430.898 0.996
37.293 9.544 -428.469 0.943
-46.574 -86.464 -443.894 0.994
-56.275 -41.134 -411.149 0.911
-80.937 86.910 -476.777 0.955
-70.040 10.310 -421.323 1.010
33.227 81.526 -326.794 0.918
-35.606 84.419 -459.667 1.076
-8.560 -72.899 -408.942 0.882
-46.429 -61.115 -384.634 1.124
-70.427 -19.247 -363.107 1.059
86.837 -68.082 -422.159 1.088
-97.393 -16.995 -456.340 1.137
21.215 -25.636 -370.966 1.118
68.968 -98.975 -325.312 1.051
86.776 -90.481 -445.805 0.977
11.159 47.875 -422.656 0.971
-62.340 28.022 -407.949 1.053
-49.488 41.249 -491.090 1.006
-43.519 40.086 -365.118 0.965
27.883 -3.913 -475.481 1.008
13.007 41.455 -392.502 0.819
89.097 -59.342 -340.601 0.939
32.024 -6.789 -430.057 1.011
-38.639 -63.588 -360.915 1.145
-16.673 -99.202 -490.582 0.881
93.547 0.634 -457.636 1.225
-24.215 -3.654 -387.029 0.883
-78.450 44.141 -464.696 1.095
-95.240 94.025 -458.648 0.958
32.139 -17.275 -395.545 1.023
-34.373 -85.945 -335.015 1.008
15.669 0.850 -491.585 0.943
87.175 80.186 -435.730 0.902
-51.936 5.257 -472.096 0.925
-3.795 21.559 -345.973 1.035
38.233 89.723 -443.020 0.985
28.310 50.809 -430.902 0.846
56.816 63.208 -454.916 0.956
8.282 -87.546 -323.915 0.906
46.406 -33.389 -401.353 1.057
8.605 5.184 -357.067 1.006
-65.551 60.789 -351.307 1.013
23.414 -60.889 -490.602 0.994
33.109 54.782 -427.658 0.958
-1.837 -13.747 -425.717 1.082
35.410 59.718 -373.266 0.938
-76.271 94.493 -326.470 0.975
55.371 -89.318 -404.641 1.047
45.435 -38.433 -417.935 0.996
68.075 63.898 -339.181 0.924
-22.102 69.566 -456.884 0.984
-70.628 -68.227 -408.234 0.867
97.405 26.583 -344.614 0.978
-47.626 -91.393 -354.209 0.993
-25.484 -69.537 -476.894 0.834
-96.763 14.733 -423.405 0.904
-60.724 -87.973 -353.858 1.076
5.268 78.955 -385.951 1.033
58.969 -66.656 -328.284 0.879
-51.047 -36.548 -452.292 0.872
55.895 -10.939 -441.446 0.901
46.402 -15.204 -465.293 0.886
-77.653 74.416 -358.473 0.978
99.919 96.411 -351.982 0.891
47.888 -62.886 -371.088 1.005
-34.804 8.326 -351.611 0.888
32.334 59.630 -396.764 1.036
-21.426 -92.753 -451.673 1.045
23.230 38.400 -362.982 1.054
65.470 -97.515 -419.137 0.996
92.565 -83.844 -386.806 0.802
-50.862 8.159 -341.258 0.887
6.936 -71.238 -458.874 1.083
-79.741 -67.546 -312.877 1.043
-24.050 -74.711 -465.565 0.937
18.006 22.275 -391.535 0.934
99.845 -43.275 -405.978 1.029
-55.749 -10.285 -486.168 0.996
-72.783 -87.004 -483.283 0.956
-97.540 63.617 -459.287 1.104
69.534 14.049 -480.989 0.941
94.435 20.260 -496.984 1.102
-86.640 79.528 -395.865 0.774
-42.159 -7.937 -347.142 1.010
77.774 -67.459 -303.246 1.010
-75.577 -59.145 -453.066 1.067
-11.640 -32.473 -353.263 0.884
7.245 -54.401 -461.841 1.091
95.264 -46.445 -336.152 0.979
57.105 -85.062 -433.088 0.949
7.124 -0.787 -372.645 0.987
-79.398 -98.333 -362.843 0.941
27.949 -22.573 -485.845 1.082
-85.196 -72.434 -343.633 0.930
-38.927 -64.517 -332.564 1.075
71.066 -47.824 -445.380 0.789
15.872 46.891 -447.718 0.961
-63.556 46.706 -375.575 1.005
-1.041 58.572 -376.214 1.276
41.632 25.395 -346.297 0.827
63.896 82.808 -372.128 1.024
50.109 -99.659 -387.982 1.098
61.355 99.052 -491.922 0.878
-68.860 -39.494 -322.318 0.866
-84.160 4.072 -463.123 0.974
-56.779 37.350 -342.920 1.012
4.640 53.951 -341.248 0.946
87.745 76.419 -387.021 0.874
-90.592 26.863 -461.711 1.060
-4.763 -35.197 -302.849 0.954
35.435 86.106 -454.979 0.957
18.889 24.434 -432.980 0.951
46.896 54.187 -346.783 1.011
-64.063 -55.147 -420.054 1.065
6.321 69.354 -377.359 0.969
-14.967 5.685 -456.714 0.981
12.670 -23.568 -474.801 1.017
99.077 -72.186 -405.785 1.112
-75.192 -85.097 -383.953 1.006
-25.749 87.267 -369.114 1.151
82.696 2.268 -423.168 0.901
-47.454 -79.407 -352.216 0.877
70.095 -94.803 -365.043 1.087
85.927 25.490 -364.978 0.980
-95.710 17.458 -448.239 1.119
33.342 -11.522 -465.545 0.900
13.896 -89.628 -360.253 1.109
16.044 -2.601 -396.959 1.074
19.447 -39.642 -332.906 1.136
19.886 -12.144 -332.945 1.082
52.779 -77.727 -479.130 1.217
-55.977 49.477 -345.054 0.988
75.801 13.878 -330.935 1.115
-10.179 -21.946 -463.191 0.804
74.462 -79.818 -438.485 1.109
71.361 -39.457 -367.778 0.993
-58.853 -95.765 -306.285 0.739
79.147 66.422 -417.055 0.980
28.629 -22.489 -450.056 0.813
56.890 -99.488 -494.150 1.197
-94.630 67.720 -464.340 0.908
48.231 -21.634 -334.784 1.009
1.122 -38.674 -407.572 0.999
63.170 28.551 -485.431 1.111
36.537 -67.336 -475.682 0.885
6.736 -92.805 -397.589 0.773
2.869 -90.269 -333.826 0.971
95.450 61.611 -367.786 0.941
19.502 -46.767 -316.150 1.015
18.609 -50.630 -438.718 0.990
-37.122 44.490 -332.790 1.164
-41.073 82.825 -395.789 1.154
10.335 -68.904 -386.687 0.945
77.190 26.401 -458.616 1.025
-66.655 -95.627 -387.943 1.059
-34.563 32.494 -332.719 1.176
-62.843 -24.374 -300.521 0.970
16.813 47.368 -478.070 1.117
27.320 -91.819 -418.548 1.016
38.829 19.296 -496.252 0.953
42.534 48.325 -495.281 1.024
-77.603 -11.014 -430.429 0.906
-28.933 -68.872 -455.247 0.982
-43.228 -17.759 -446.638 0.907
-96.878 -35.580 -302.625 1.017
-68.071 -79.578 -434.571 1.040
-19.943 -99.548 -393.058 1.174
61.444 -22.795 -324.081 1.069
-66.852 -45.712 -495.566 0.925
71.408 -55.347 -396.341 1.056
19.205 -51.328 -369.569 1.076
97.021 -56.160 -475.916 0.958
-25.350 76.525 -476.795 1.027
16.950 -93.227 -443.761 0.868
-82.549 -97.776 -344.809 0.920
-45.640 -43.383 -392.429 1.044
-79.319 -17.237 -488.431 0.946
-41.339 38.010 -345.369 1.015
59.987 68.997 -331.891 1.073
-30.643 24.389 -463.259 1.194
57.533 88.225 -417.987 1.051
-39.713 85.943 -460.738 1.004
-3.025 -81.286 -313.700 1.026
-87.390 -48.236 -412.462 0.805
-36.587 34.825 -461.951 0.842
2.314 -90.488 -478.056 0.965
-30.337 -33.512 -491.223 1.004
-60.348 -87.903 -337.641 1.007
90.104 42.438 -433.266 1.086
-25.881 13.177 -356.176 0.899
70.320 -36.107 -325.161 0.942
-94.478 -89.222 -419.524 0.980
51.439 -12.839 -436.529 0.913
88.409 -11.580 -474.820 1.006
34.087 -73.814 -461.181 1.093
47.063 4.355 -462.368 0.798
-99.585 67.722 -359.833 1.079
-65.359 -82.585 -366.836 1.006
-34.355 61.003 -344.297 0.925
-32.008 96.532 -342.789 1.052
-73.151 -34.899 -427.609 1.010
82.673 44.290 -374.998 1.032
1.778 64.815 -308.915 0.909
9.839 50.101 -350.256 0.929
-95.922 26.906 -337.925 1.057
33.298 -98.504 -445.148 1.034
-19.748 43.481 -310.168 1.119
-75.266 9.579 -426.205 1.066
-8.461 34.192 -432.140 0.810
76.243 -11.858 -468.657 0.834
66.109 66.753 -360.202 0.760
59.279 -8.989 -404.794 0.935
-53.602 -80.533 -401.032 0.962
-89.904 -93.061 -346.157 0.987
37.879 -66.545 -474.082 0.922
