-79.951 2.926 -308.360 1.092
77.046 28.402 -478.233 1.189
20.048 41.673 -385.216 1.091
-32.507 -89.073 -406.857 1.132
16.586 96.195 -341.905 0.872
77.840 23.793 -448.241 0.934
-80.583 54.004 -371.397 0.936
-84.615 -24.531 -467.991 1.309
-33.986 -28.710 -338.362 0.725
-47.217 98.923 -497.621 0.999
-69.302 64.010 -401.138 0.916
-39.301 21.942 -323.528 0.846
48.536 80.816 -376.628 0.912
-71.714 -73.274 -407.984 0.951
-87.538 84.901 -399.262 0.924
46.369 -15.739 -410.435 0.866
-55.302 40.028 -318.474 0.861
49.068 -70.606 -484.363 1.007
-73.825 -90.135 -302.197 0.969
49.995 56.964 -332.855 0.838
-70.526 3.081 -412.177 1.018
1.617 2.365 -395.379 1.060
-99.574 50.832 -327.942 1.153
98.437 -4.326 -410.793 1.035
10.766 4.625 -301.846 1.146
55.454 70.923 -469.362 1.026
84.993 15.860 -310.419 1.083
63.014 -58.379 -417.256 0.889
0.058 -7.381 -413.576 0.879
85.740 43.722 -359.282 0.948
74.212 66.847 -428.328 0.959
-88.364 91.592 -475.353 0.990
-57.835 99.392 -470.754 1.007
33.444 -20.329 -399.097 0.845
-9.514 58.121 -378.510 0.885
81.452 2.604 -346.752 1.096
-79.228 -41.749 -479.258 1.001
86.642 99.714 -359.350 1.018
71.926 77.433 -348.914 1.128
7.293 79.055 -344.736 0.877
53.834 31.554 -314.496 0.951
10.401 55.533 -318.688 0.796
-4.253 -76.677 -451.322 0.849
65.118 -70.494 -331.584 1.072
-85.571 5.590 -314.154 0.885
40.350 91.115 -342.851 0.976
-91.977 -92.344 -438.914 1.084
96.407 32.515 -307.102 0.811
-96.943 -65.736 -348.617 0.861
-54.716 -15.395 -363.988 0.976
39.622 -89.496 -345.705 0.972
-15.654 -96.846 -323.935 1.018
-59.310 1.461 -351.770 0.974
-22.636 3.590 -337.707 0.893
-89.705 97.709 -383.023 1.120
90.038 -2.567 -300.326 1.223
99.799 58.030 -353.590 0.951
90.381 80.597 -403.353 1.064
97.559 41.676 -383.089 1.273
-15.592 -9.005 -433.394 1.113
-41.304 -99.654 -373.653 1.117
-37.127 -74.812 -307.220 0.948
-11.694 -86.389 -340.948 1.131
-10.082 62.035 -449.241 0.982
85.295 -86.186 -327.041 0.829
21.228 -70.916 -394.547 1.053
58.753 -57.917 -307.629 0.989
-24.214 -14.362 -370.559 1.084
-85.189 65.535 -454.256 1.028
22.508 61.008 -468.163 1.067
86.144 3.080 -319.291 0.839
46.357 12.793 -444.513 0.936
65.676 -22.069 -464.504 0.907
78.010 73.176 -393.672 0.963
54.856 4.680 -301.520 1.028
31.954 1.149 -406.121 0.930
-5.262 -36.011 -339.889 1.011
51.956 75.462 -388.320 1.107
-95.160 56.447 -444.768 0.927
-77.440 -41.932 -385.214 1.086
-61.185 -75.248 -343.082 1.116
85.887 -26.292 -373.906 0.915
19.423 -80.041 -370.116 1.015
41.058 -24.727 -453.509 0.909
-75.238 47.321 -482.585 0.891
24.262 58.538 -301.278 0.981
79.121 -39.530 -332.884 1.037
-91.574 -16.614 -327.715 0.992
-8.556 1.958 -339.608 1.106
99.917 -58.676 -390.080 1.034
65.491 60.828 -406.593 0.985
51.396 11.443 -487.775 1.084
59.190 -98.217 -350.620 0.847
-69.274 -79.235 -439.373 0.994
10.064 45.380 -388.669 1.058
80.961 82.093 -362.750 0.916
-46.950 25.773 -481.970 0.853
-22.674 -30.763 -428.978 1.098
-98.595 53.780 -473.486 1.122
-43.541 84.919 -397.974 1.083
-2.645 -64.862 -400.794 0.974
-59.501 91.947 -331.016 0.961
48.666 61.271 -322.203 0.960
8.817 -15.710 -462.908 0.870
73.726 43.303 -401.342 1.066
-59.555 -89.845 -361.227 1.064
-68.509 32.725 -494.196 0.948
6.634 -33.886 -483.101 0.905
-2.150 -20.893 -361.608 0.890
-47.768 -90.977 -307.625 0.860
-38.432 -99.907 -422.332 0.946
63.320 -82.065 -458.775 0.983
-99.109 -16.877 -346.924 1.105
-53.208 90.832 -393.974 1.114
49.623 39.856 -455.558 1.069
83.767 2.387 -389.256 1.101
18.081 -14.677 -397.521 1.029
45.089 22.330 -365.995 1.025
75.372 88.582 -428.367 1.178
93.491 -89.846 -439.491 0.802
96.936 -51.794 -320.630 1.006
-8.990 57.952 -355.068 0.985
-16.655 -13.915 -400.318 0.856
-99.029 81.200 -312.315 0.970
75.976 -69.089 -389.510 1.042
-63.393 -82.046 -461.753 1.079
43.181 14.556 -397.424 0.959
8.225 -5.264 -492.847 1.065
-67.511 80.843 -469.106 0.848
85.071 80.879 -489.200 0.949
76.931 94.000 -307.672 1.085
-7.874 -78.565 -303.732 1.111
-88.623 -8.477 -432.583 1.101
-16.588 -17.147 -302.461 1.026
58.893 42.849 -335.298 1.004
-35.627 -69.082 -458.981 1.190
6.783 -42.940 -426.387 0.970
89.049 50.492 -325.863 0.868
-47.781 54.127 -429.572 0.985
4.955 -41.995 -392.053 1.069
87.811 -33.381 -350.815 0.982
-27.541 -36.051 -353.521 0.984
86.683 -54.879 -457.231 0.977
-29.407 -52.423 -492.705 1.043
-26.798 -58.149 -386.485 1.004
-92.347 -92.984 -479.338 1.046
-71.152 -78.653 -457.405 0.965
-73.715 81.636 -332.090 0.892
-86.355 50.939 -406.083 1.188
1.706 92.883 -378.421 0.949
80.443 77.123 -446.475 0.839
-62.031 -94.431 -436.260 0.760
91.885 -27.529 -341.855 1.181
-27.004 79.818 -386.163 0.838
88.875 32.607 -433.237 0.928
42.584 1.776 -411.301 1.023
15.254 -57.001 -429.554 0.964
-18.575 -46.106 -441.200 1.019
79.707 -76.445 -431.377 0.935
-40.764 60.176 -369.230 1.159
-37.363 87.398 -314.610 0.958
33.439 3.689 -461.247 0.987
4.597 -81.015 -365.082 1.197
11.713 71.228 -367.875 1.096
41.526 -58.709 -476.184 1.069
-40.557 60.190 -375.929 1.039
36.524 40.692 -425.469 0.876
-15.927 -66.890 -400.809 1.059
93.819 47.937 -374.617 0.840
-78.715 -11.850 -357.467 1.081
18.811 3.115 -399.602 1.203
13.643 74.781 -467.853 0.905
51.066 18.888 -406.996 0.762
-52.750 25.715 -373.366 1.029
40.220 79.052 -463.803 1.034
-38.280 79.204 -310.490 0.969
-90.177 -13.542 -414.948 0.811
47.728 -23.155 -367.117 1.048
10.609 82.372 -325.150 0.909
48.296 -70.282 -444.480 1.133
85.022 78.302 -309.851 0.944
32.377 -35.760 -342.967 1.011
-28.897 -44.622 -455.728 1.021
-28.154 -28.187 -382.534 0.961
84.827 -43.088 -386.396 1.012
42.530 67.608 -493.596 0.939
-49.916 -83.486 -324.225 0.951
-94.449 -9.719 -318.352 0.990
-59.325 32.162 -310.151 0.882
-24.118 -1.856 -423.377 0.961
30.828 33.496 -487.734 0.998
90.528 86.434 -457.643 0.887
-48.427 23.834 -486.282 0.987
7.278 44.259 -455.267 1.141
-4.495 -0.355 -459.535 1.067
-85.165 -37.294 -344.383 1.054
48.842 43.922 -441.900 0.924
16.518 35.824 -395.573 1.030
34.282 -71.306 -337.136 0.878
93.112 -63.487 -399.319 0.863
-60.930 -59.099 -301.612 0.945
54.175 21.045 -472.027 1.007
-26.129 8.781 -420.647 0.965
-11.699 83.044 -361.866 1.037
43.252 -93.253 -348.405 0.929
14.219 14.736 -488.178 1.047
-30.130 -29.122 -467.030 1.258
-32.784 44.393 -486.604 0.970
83.279 -0.261 -380.819 1.013
78.197 -86.722 -446.079 0.949
-2.864 -97.321 -437.347 1.097
61.149 -57.703 -410.041 0.905
48.224 -29.296 -312.514 0.973
-92.111 -85.930 -390.761 1.077
49.790 -79.993 -331.210 0.996
-38.912 -19.186 -361.173 1.123
53.570 -27.100 -391.403 0.912
-4.547 27.713 -439.422 1.031
-96.041 -38.104 -393.018 0.963
-4.074 56.495 -381.669 1.012
28.956 67.168 -419.364 0.949
71.550 -80.272 -423.919 0.825
24.942 -5.752 -355.245 0.908
47.501 35.007 -407.203 0.920
0.903 -18.122 -304.027 0.932
74.885 21.369 -364.159 0.851
-60.237 -95.605 -385.879 0.859
-37.425 -36.819 -363.275 1.115
-23.242 21.404 -416.786 0.927
-72.834 30.098 -429.435 1.064
-65.952 31.273 -488.902 1.103
18.126 90.730 -485.487 1.028
57.952 12.890 -362.868 1.052
-58.994 -45.966 -489.625 1.030
-16.724 -74.434 -381.382 0.861
18.142 47.041 -443.619 0.961
-37.661 -77.577 -494.536 1.065
-31.580 -35.366 -383.615 1.121
-24.311 -47.138 -372.857 1.090
39.567 80.604 -399.756 0.886
-38.242 -24.355 -367.571 1.088
86.251 50.599 -496.761 1.039
53.296 75.401 -322.650 0.956
49.618 -59.788 -310.615 0.877
88.835 33.333 -468.696 1.040
-31.247 -12.033 -454.685 0.978
-55.009 -51.981 -496.863 0.888
37.639 -83.964 -383.071 1.006
36.473 -50.695 -305.342 0.925
45.815 -50.082 -338.626 0.988
55.872 97.724 -478.016 0.993
60.771 32.466 -410.264 1.109
-35.545 -85.059 -366.308 1.026
-84.837 -12.038 -394.921 0.838
32.245 3.943 -410.996 1.077
3.081 -74.335 -338.290 0.975
-8.627 5.838 -449.740 1.068
-76.448 22.983 -341.727 1.061
-40.902 -62.358 -308.615 1.039
-56.794 74.814 -489.702 1.068
94.464 -55.796 -340.464 1.133
-86.749 62.653 -430.676 1.067
62.764 -41.900 -343.275 1.186
10.791 85.316 -398.457 1.004
71.793 -50.266 -484.971 0.944
70.631 -75.902 -464.427 0.835
-39.693 39.196 -414.352 1.140
-34.816 25.517 -331.406 1.045
-77.590 61.112 -408.934 0.904
-27.489 -17.389 -309.030 0.974
-58.685 -62.023 -318.170 1.087
38.974 10.492 -410.834 0.963
44.384 0.153 -485.354 0.981
28.689 79.415 -446.538 0.970
-11.093 53.358 -342.541 1.059
96.615 61.874 -378.605 0.972
96.317 -95.123 -307.547 1.003
-90.407 -3.036 -365.723 1.066
30.579 -23.687 -492.468 1.055
23.783 55.379 -332.492 0.944
75.027 16.061 -390.690 0.937
-50.884 -17.047 -313.294 1.076
-88.726 66.744 -498.464 0.992
25.133 -97.002 -334.153 0.966
45.090 -82.637 -335.748 1.003
-73.737 -49.383 -434.831 0.881
-29.738 -15.767 -491.589 0.964
-53.334 97.060 -371.476 1.086
68.897 -25.721 -333.299 1.005
-14.777 -16.130 -343.697 1.053
-46.585 -82.203 -373.492 1.140
58.611 -78.567 -493.946 0.959
-13.603 -70.283 -303.437 0.962
-73.520 44.030 -358.501 1.075
76.698 61.625 -436.622 0.909
-91.479 -21.251 -499.862 1.127
-86.359 54.708 -418.191 0.991
55.938 46.960 -468.878 0.840
-9.343 81.102 -341.628 0.966
43.949 -98.155 -348.832 1.016
-30.583 32.585 -354.877 1.046
61.691 57.606 -419.778 1.022
67.432 -89.473 -408.598 1.209
-89.326 46.535 -387.227 1.009
-49.971 -64.906 -328.119 1.037
61.869 81.620 -452.694 1.004
88.713 72.960 -326.991 1.000
-43.113 24.959 -347.429 0.916
60.418 35.231 -310.707 0.991
4.432 -77.680 -488.341 1.067
-73.790 -6.888 -333.716 1.141
-24.429 79.808 -487.225 1.038
-32.236 -98.059 -426.557 1.104
79.106 19.003 -329.943 1.073
69.725 -59.026 -352.485 1.044
53.684 -89.595 -446.435 1.161
-58.635 -36.188 -348.201 1.054
96.977 -31.214 -415.530 1.038
-97.129 -48.670 -352.987 1.058
-26.485 -32.055 -449.891 0.996
-27.964 -95.244 -493.912 0.979
91.919 30.855 -440.042 0.895
16.533 65.049 -434.131 1.066
-46.395 31.745 -379.535 1.096
73.721 97.577 -303.504 1.074
51.066 54.114 -377.519 1.012
-51.827 -50.525 -338.937 1.172
-23.746 -6.185 -457.606 1.185
-18.219 72.116 -437.215 1.001
-74.509 59.742 -376.816 0.921
-73.539 -10.391 -495.978 0.760
53.282 -11.837 -458.353 1.223
63.456 -48.254 -454.954 1.228
-90.350 3.735 -487.876 0.840
80.123 -52.646 -327.737 0.976
37.303 79.980 -341.519 0.982
-45.311 -98.342 -461.224 0.958
-93.434 29.884 -336.857 1.029
27.012 -2.478 -338.691 0.814
45.825 -67.805 -415.655 0.900
-51.803 89.661 -465.599 1.005
64.968 -78.256 -334.568 1.207
-99.289 74.109 -371.874 1.080
-17.487 34.448 -390.745 0.853
-87.086 74.026 -387.545 1.080
-67.186 -50.074 -361.834 1.053
-63.506 -1.954 -388.190 1.038
-77.644 38.350 -304.371 1.203
-28.581 -72.302 -444.130 1.007
-26.161 -29.552 -493.381 0.847
7.827 76.008 -411.229 0.963
10.550 -0.194 -374.504 0.958
-26.905 -58.839 -416.976 0.891
18.076 -61.561 -302.605 0.910
44.534 19.213 -389.361 0.959
-33.875 35.792 -341.049 0.984
-3.924 84.045 -462.829 1.248
44.002 -27.402 -389.992 1.033
-64.260 75.660 -440.605 1.161
-56.283 57.427 -429.342 0.938
-42.765 65.088 -442.138 1.116
-27.052 -75.374 -336.563 1.093
44.664 93.979 -484.326 0.978
66.578 11.369 -379.342 1.193
49.679 -4.215 -435.002 0.841
-28.173 31.753 -439.655 0.988
-83.436 -72.506 -345.669 1.026
-44.896 -52.091 -432.982 0.923
76.437 93.894 -346.590 1.018
-51.652 -0.632 -466.665 0.952
5.687 -10.172 -322.661 0.861
-14.613 -51.928 -303.984 1.048
42.743 89.620 -314.348 0.977
-32.726 -39.563 -480.834 1.041
83.735 22.687 -453.911 1.042
21.259 82.235 -393.898 0.948
-92.762 80.184 -320.484 1.188
48.732 -80.257 -497.207 1.047
-82.437 -52.779 -442.355 1.048
-13.955 82.855 -458.135 0.969
3.851 10.432 -456.609 1.118
19.081 -84.255 -472.234 0.974
53.634 -93.172 -382.527 1.054
3.699 -9.997 -349.942 0.855
58.038 17.586 -326.927 1.055
-89.622 -32.043 -494.268 0.908
80.453 -72.616 -441.441 0.936
16.698 -45.073 -370.684 1.017
-94.088 58.964 -478.232 0.803
91.612 -17.976 -316.221 1.029
-54.783 -99.237 -403.541 1.141
-86.904 -13.960 -321.326 0.864
-15.161 -61.993 -360.338 1.056
-61.690 -16.819 -483.219 1.014
-58.839 80.791 -461.022 0.836
45.703 35.199 -443.826 1.072
7.879 97.976 -326.921 1.007
81.465 17.965 -336.487 1.033
-95.214 -85.286 -337.274 1.014
59.135 -21.107 -442.667 1.078
-47.594 44.503 -366.138 1.043
-82.421 -94.736 -344.642 1.121
24.486 -30.104 -461.157 0.990
54.835 -69.676 -454.299 1.012
97.452 -3.015 -413.485 0.978
-69.937 -77.555 -430.662 1.118
-35.290 16.121 -305.793 1.100
-29.505 -98.677 -455.740 1.025
-14.559 -88.937 -449.603 1.021
90.120 5.865 -385.276 0.835
-6.262 -96.922 -401.804 0.741
-63.363 -5.665 -399.965 1.086
-12.188 80.487 -357.741 1.169
88.159 -34.024 -398.429 0.930
29.201 -13.807 -315.463 0.936
12.391 64.909 -332.427 0.920
-4.224 -68.132 -461.933 1.033
13.641 -3.489 -341.093 0.871
-83.925 64.327 -371.449 1.015
39.153 27.790 -446.526 0.998
37.652 -45.707 -415.717 0.887
-58.584 3.108 -450.468 1.032
22.047 54.669 -419.057 1.172
7.526 -74.615 -494.537 0.900
-91.139 38.614 -417.322 0.930
24.094 6.319 -499.112 0.925
46.748 -38.517 -320.930 1.002
55.758 44.341 -389.141 1.164
53.715 -45.439 -461.179 1.072
17.311 1.207 -419.111 0.828
-57.253 74.847 -315.692 1.163
-15.448 66.444 -430.664 1.001
-62.409 -1.796 -473.605 1.042
-86.063 52.341 -379.108 1.052
66.691 -52.884 -398.375 0.908
-11.205 11.716 -443.460 0.759
-29.969 -25.491 -486.699 0.919
-50.091 -85.551 -420.314 0.818
92.327 -16.990 -379.721 0.847
-67.676 -64.188 -335.305 1.085
11.796 25.238 -458.107 0.834
-48.599 -44.876 -345.374 0.873
-33.904 31.323 -340.587 0.908
-70.480 46.611 -408.641 0.831
69.601 -71.860 -398.783 1.039
-63.925 -49.855 -336.808 1.028
70.038 28.769 -424.403 1.094
41.794 -97.017 -363.401 0.868
79.099 -94.805 -377.021 1.086
40.630 24.086 -478.315 0.956
13.378 55.560 -403.115 0.921
84.990 -32.127 -414.763 1.147
59.622 25.547 -408.461 0.884
11.120 -25.594 -362.380 0.957
81.968 -4.675 -384.908 0.967
54.978 -20.681 -432.505 0.943
35.877 32.989 -354.623 1.049
10.784 -76.638 -366.241 1.148
36.009 -35.921 -330.523 1.136
16.532 -10.237 -382.372 0.925
0.290 97.638 -460.842 0.966
-28.240 80.940 -495.099 1.330
34.962 -81.920 -328.952 0.896
17.539 29.974 -383.684 1.131
-79.826 -18.981 -367.446 1.081
43.165 -78.912 -371.158 1.183
62.401 97.903 -480.262 0.884
-95.910 50.104 -390.132 1.127
-12.196 -17.282 -323.393 1.086
68.838 -99.779 -404.928 1.153
22.285 -32.466 -426.455 1.074
-53.007 16.792 -413.230 0.905
-12.542 57.646 -390.451 0.943
-21.142 83.404 -360.130 0.963
20.847 -44.798 -452.900 1.076
-16.735 -1.565 -337.816 1.026
17.495 -63.201 -499.295 0.863
-49.533 -13.659 -491.281 1.034
63.521 -57.619 -403.576 1.132
-60.381 73.551 -442.606 1.031
8.195 -46.186 -386.099 1.015
11.582 96.279 -317.817 0.998
-46.514 -91.628 -304.005 1.113
-52.505 95.885 -415.526 1.115
5.985 -90.879 -400.495 1.057
83.714 29.985 -434.422 1.118
-56.919 46.413 -372.953 0.947
37.712 5.054 -329.458 1.033
-8.928 94.169 -415.692 0.941
-91.345 -11.793 -417.476 1.077
-7.538 -97.904 -325.944 1.023
8.168 61.131 -327.165 0.896
-14.589 -57.695 -320.630 0.970
-31.316 -32.325 -457.848 0.961
-63.794 -6.748 -362.245 0.920
-4.114 25.209 -356.803 1.214
-17.377 -88.582 -458.087 1.029
87.015 -74.920 -429.939 1.020
-98.344 75.639 -454.927 0.951
11.909 90.655 -493.946 0.897
19.329 8.333 -386.208 1.167
-3.921 45.480 -445.543 0.936
-92.650 -34.834 -474.653 1.100
39.772 -23.961 -328.921 1.050
48.525 -9.268 -417.838 0.941
-95.362 -85.893 -409.695 1.108
-30.791 -41.756 -347.488 0.942
4.776 67.597 -420.871 1.183
36.293 82.684 -479.399 0.952
14.730 -11.042 -486.311 0.917
-74.798 75.740 -363.110 0.834
37.575 -47.896 -413.886 1.006
-92.361 12.656 -346.810 0.924
-12.537 61.713 -486.445 1.083
62.695 62.651 -460.958 1.037
79.003 -15.501 -303.675 1.242
66.693 4.772 -489.402 0.975
99.375 6.557 -475.933 1.056
-50.775 9.611 -390.240 0.976
-30.095 -82.264 -394.031 1.025
44.407 -76.274 -320.673 1.051
-48.043 -83.087 -372.558 1.057
-76.553 -88.562 -438.560 0.943
59.626 4.551 -417.752 0.995
-21.462 94.987 -318.528 1.146
-41.824 44.418 -334.419 0.910
80.368 -85.742 -406.101 0.915
22.569 45.603 -451.043 0.987
-63.354 10.635 -444.899 1.058
-71.175 60.818 -493.200 0.982
49.529 41.919 -345.683 0.837
-10.808 -88.067 -333.444 0.939
86.021 32.549 -396.516 0.974
83.206 46.755 -389.732 1.054
51.132 -61.613 -348.379 1.017
-53.078 -23.946 -404.630 0.861
92.430 -64.633 -437.450 0.887
91.479 20.624 -357.863 1.262
17.946 -60.020 -488.551 1.002
85.915 -91.278 -454.259 1.024
13.308 6.041 -429.207 0.880
6.023 -86.525 -458.669 1.102
-88.871 64.602 -417.371 1.058
-95.054 63.746 -356.533 1.146
-28.208 83.492 -442.701 0.882
-85.062 56.467 -480.385 1.056
-31.038 53.893 -459.346 1.105
19.623 -46.784 -351.734 1.061
12.434 -65.421 -496.090 0.992
20.196 49.778 -333.551 1.021
12.637 -61.242 -493.253 0.990
-64.256 1.018 -353.813 1.095
-96.511 5.244 -336.055 1.078
56.508 -97.527 -450.868 1.020
-26.784 -31.776 -396.381 0.938
19.072 76.538 -362.370 1.081
-18.819 -37.184 -402.361 1.086
62.321 -35.542 -461.752 1.001
98.405 70.589 -415.135 0.892
-54.819 -67.319 -315.565 0.841
89.166 1.755 -466.726 0.928
30.340 -35.472 -409.531 0.890
61.817 -44.495 -437.166 1.099
18.797 -67.429 -412.637 1.024
-91.949 -11.692 -473.026 0.912
47.962 -1.910 -330.561 1.007
-9.620 45.387 -498.940 1.060
-21.078 -51.611 -309.036 0.995
68.157 -4.780 -381.901 1.036
34.297 -74.079 -374.036 1.005
29.542 -28.952 -363.391 1.006
2.595 5.308 -338.043 0.894
53.830 -91.223 -459.680 0.945
-71.665 0.944 -376.269 1.122
-77.026 -20.930 -400.747 0.981
-79.036 -74.978 -373.169 1.155
14.489 35.008 -397.535 0.996
41.110 63.630 -353.022 0.993
-25.097 -43.500 -449.977 0.874
29.897 -41.917 -419.940 0.965
40.505 -36.110 -420.854 1.145
22.089 -88.725 -429.721 1.182
8.487 -5.736 -301.460 1.040
-38.296 -33.685 -324.718 0.957
95.488 -55.259 -454.888 1.159
-92.081 22.570 -360.924 1.213
-51.101 -65.652 -497.548 1.074
34.041 22.488 -454.178 1.159
-14.509 -69.624 -474.091 1.012
53.123 -6.997 -472.790 1.041
-84.251 -67.621 -436.899 1.084
-55.700 57.910 -344.096 0.810
73.239 6.993 -420.621 0.955
51.309 82.580 -493.466 0.906
-34.707 -70.052 -373.440 1.064
19.855 46.688 -462.184 1.036
34.800 -19.067 -493.872 0.716
85.228 -76.920 -333.746 1.018
-40.787 47.161 -325.275 0.917
-71.316 76.247 -325.713 1.163
58.089 -12.239 -490.642 1.153
-39.629 -76.638 -455.915 0.882
97.961 -44.440 -365.670 1.063
97.026 67.487 -378.998 0.910
8.411 39.920 -458.528 1.186
56.159 32.981 -428.579 0.961
-2.441 -92.066 -489.296 1.087
39.956 -18.462 -306.720 0.794
-17.908 34.601 -353.871 0.944
29.190 -68.810 -333.352 0.952
-69.060 16.501 -409.547 0.846
13.148 26.925 -382.792 1.140
-64.395 -27.383 -401.396 1.017
-95.903 -52.294 -368.675 1.015
48.555 -95.531 -401.155 1.004
0.679 -13.994 -359.057 0.868
91.862 -23.001 -479.846 0.923
60.244 75.235 -414.354 1.026
35.101 -63.312 -328.968 1.026
63.005 59.218 -403.617 0.884
69.526 52.088 -308.787 1.118
1.130 67.774 -406.378 0.884
-92.058 94.231 -357.303 0.829
97.124 -14.419 -358.281 1.116
-52.490 -40.369 -428.843 0.815
18.012 -65.351 -370.590 1.147
-75.732 39.514 -377.257 0.953
8.610 -3.185 -378.171 1.027
-0.648 -99.742 -451.129 1.054
21.174 24.797 -368.182 1.119
-19.172 3.074 -372.293 1.049
63.407 85.783 -427.292 0.938
-5.654 19.352 -467.666 1.081
65.253 16.408 -392.952 1.133
-40.920 -36.547 -358.982 1.105
-19.340 73.787 -343.179 1.020
-68.696 25.257 -362.536 0.930
-9.118 17.503 -419.231 1.046
24.114 29.256 -421.704 0.930
47.881 -93.050 -334.560 0.754
-18.654 64.678 -394.592 1.125
69.067 33.354 -433.134 1.068
95.847 -56.446 -334.408 1.008
25.637 50.542 -398.509 0.994
25.769 51.719 -380.737 0.958
-70.718 -50.163 -308.001 1.007
-97.131 -31.640 -433.260 1.081
-62.853 -69.257 -415.546 1.021
-72.628 40.311 -410.906 0.836
-66.599 7.561 -421.669 0.923
81.654 57.084 -418.394 0.994
-49.589 -51.049 -436.456 1.078
64.724 28.991 -400.087 1.043
-88.299 96.754 -388.039 1.142
-86.571 -66.540 -468.151 0.975
74.041 3.232 -487.105 0.895
-54.467 2.213 -364.001 0.870
-69.203 -65.977 -395.130 0.991
-71.290 99.898 -301.144 1.011
-81.125 38.005 -300.705 1.058
-89.578 99.304 -381.386 0.722
43.521 38.295 -432.459 0.995
30.410 -43.049 -469.294 0.948
-69.560 -10.770 -434.019 1.114
-8.710 -21.198 -357.007 0.959
-7.130 52.711 -396.118 1.052
-92.195 -91.100 -396.077 1.167
80.012 -24.177 -458.253 1.324
-52.429 20.456 -340.271 0.968
-0.468 89.960 -389.140 0.818
-13.075 -38.989 -484.334 1.152
35.245 -12.432 -378.830 1.010
17.623 -21.415 -302.131 0.892
22.828 90.992 -373.921 0.937
91.608 -17.371 -478.787 0.822
40.167 23.219 -438.788 1.049
-1.266 72.719 -311.069 1.206
48.582 -57.379 -400.549 0.877
-67.204 31.968 -382.855 1.070
77.803 0.470 -325.583 1.161
17.282 -3.982 -425.852 1.116
0.697 34.752 -444.070 0.950
-11.493 6.464 -436.294 1.057
36.566 59.549 -398.931 1.100
-62.130 -91.421 -320.120 0.926
-98.848 21.579 -342.550 1.062
83.250 48.100 -351.161 0.964
-7.607 59.067 -334.500 1.131
74.794 81.445 -419.029 1.028
54.935 -9.895 -444.749 1.043
84.251 35.143 -380.346 0.985
92.126 32.428 -333.452 1.134
-48.504 -31.516 -354.053 0.924
-43.955 62.744 -308.955 0.950
-24.485 -79.117 -321.910 0.951
66.904 11.229 -355.837 0.959
99.551 -75.393 -345.362 0.983
-14.412 69.344 -397.435 0.967
39.264 91.070 -416.693 0.888
-92.360 -71.617 -493.306 0.923
-99.233 -8.074 -476.876 0.993
38.730 -92.587 -306.491 1.053
-8.062 12.718 -468.601 0.959
-98.359 72.319 -498.916 0.985
24.282 -86.450 -335.611 0.986
6.345 72.008 -319.310 1.113
-12.638 13.324 -314.548 0.883
-76.699 -33.726 -470.587 0.956
-56.504 29.443 -330.466 0.960
98.339 30.891 -364.948 0.955
-10.361 83.533 -446.799 1.046
-96.682 -77.491 -339.102 1.035
80.776 -47.189 -386.943 0.836
66.035 27.051 -400.998 1.013
35.612 25.842 -332.722 0.988
92.359 12.552 -342.328 0.961
-17.628 48.525 -440.691 0.889
58.933 -31.359 -406.249 1.205
-43.531 42.761 -499.125 0.940
-75.436 76.808 -347.593 0.983
6.743 -33.055 -440.970 0.940
-2.077 46.818 -474.202 0.899
47.823 37.662 -397.750 0.988
-75.518 -46.108 -366.856 0.807
-22.135 73.130 -361.073 1.036
-75.791 95.421 -319.873 0.953
25.783 -89.923 -496.955 0.957
-39.786 96.077 -439.738 0.885
6.556 -63.981 -422.736 1.071
-62.520 -75.772 -421.112 0.936
40.264 -0.095 -462.795 1.027
-2.318 -7.541 -466.543 1.206
-16.840 -83.357 -419.696 0.945
67.093 61.257 -399.114 1.158
-8.935 -21.743 -401.432 1.051
-83.970 33.800 -445.778 0.929
-0.404 -98.114 -352.767 1.267
-80.717 -28.438 -300.933 0.840
71.458 5.912 -330.697 1.038
-77.303 -5.768 -402.338 0.947
-33.822 -49.474 -327.547 0.963
-30.438 -34.938 -464.033 1.054
78.426 -9.208 -467.142 1.010
45.103 -67.595 -328.493 1.005
66.581 19.658 -499.959 0.909
57.029 81.319 -427.715 0.924
-7.311 1.296 -448.670 1.022
2.700 38.153 -457.402 0.934
11.353 -5.899 -364.154 0.920
28.741 -67.163 -472.383 1.016
-27.971 82.896 -469.934 0.855
-4.873 -77.721 -339.359 1.236
-29.269 -91.011 -382.827 0.922
73.130 70.433 -338.042 0.999
-77.258 26.999 -313.515 1.068
3.878 -29.373 -431.696 1.059
-84.405 53.304 -321.518 0.938
64.527 79.864 -364.396 0.739
-98.608 -0.896 -477.639 0.947
21.542 80.647 -413.269 1.131
78.041 -93.827 -411.461 1.194
-63.057 4.106 -497.084 0.989
10.886 66.754 -302.641 1.058
88.429 -37.563 -348.105 0.916
56.145 27.915 -418.983 1.113
-22.046 91.886 -312.379 1.051
-64.868 -86.785 -481.861 0.820
-28.650 66.042 -304.519 0.905
8.537 -56.943 -458.885 1.101
96.009 -59.379 -443.282 0.860
86.004 64.757 -499.759 0.967
92.343 59.838 -328.311 0.973
-2.731 40.245 -374.773 0.998
-49.687 18.471 -356.693 1.100
-48.572 14.157 -389.548 1.069
-4.798 -24.343 -470.976 0.911
-91.740 35.259 -414.862 0.880
-83.923 -55.671 -315.520 0.983
76.119 -20.393 -373.057 0.832
-39.804 12.289 -341.672 1.188
-34.961 -34.165 -302.605 1.025
-33.211 -78.890 -310.046 0.970
92.943 17.947 -461.362 1.078
0.034 97.108 -303.774 0.970
70.279 -70.016 -370.400 1.147
58.574 -5.969 -313.773 0.932
73.885 18.485 -403.971 1.027
70.126 96.659 -320.570 1.064
-97.297 -81.657 -439.457 1.006
-96.054 87.436 -455.809 0.956
-17.607 -70.817 -311.470 0.812
15.650 -62.662 -401.428 0.907
-86.529 78.742 -458.742 1.024
42.412 -27.062 -353.113 0.874
-12.905 -73.023 -331.964 1.096
69.150 -71.509 -439.904 0.964
-81.310 39.528 -439.969 1.047
61.768 -30.245 -456.118 1.030
-25.763 90.421 -438.480 1.013
-59.039 62.975 -303.245 0.978
31.879 78.634 -487.639 0.956
51.736 66.623 -406.275 1.083
28.605 -9.487 -410.299 1.093
-78.698 69.327 -456.484 0.836
-42.686 1.911 -471.194 0.820
-49.338 -18.930 -481.263 1.071
-42.997 86.905 -324.830 1.031
-95.090 95.603 -450.507 1.175
-11.008 -7.735 -439.690 0.969
-17.405 -74.543 -478.733 0.901
-12.991 15.616 -470.384 1.221
83.039 38.694 -432.426 0.916
26.800 78.727 -363.530 0.870
-4.571 51.129 -454.136 1.051
80.031 -30.605 -443.371 1.090
-23.077 -43.368 -319.595 1.000
-53.184 -47.175 -441.128 1.141
-83.435 83.230 -363.346 1.109
13.113 85.849 -391.549 1.000
87.961 18.227 -322.603 0.874
1.699 -77.003 -331.158 1.032
30.697 -58.574 -334.601 0.768
-28.619 43.999 -449.408 1.046
27.367 -14.109 -326.391 0.871
22.438 83.405 -470.414 1.007
48.762 -59.843 -330.783 1.150
97.654 72.338 -477.412 1.045
72.091 -23.291 -388.687 1.059
87.681 -83.536 -322.477 0.981
-51.820 29.444 -320.227 1.041
-33.582 -56.215 -394.446 1.058
-96.761 -94.135 -368.156 1.064
-13.661 -64.198 -302.622 0.933
67.522 24.832 -346.942 0.995
-98.309 -83.612 -452.296 1.023
-89.716 3.482 -484.470 0.958
-68.968 70.401 -499.766 0.858
68.371 -41.790 -444.985 0.992
-88.940 48.715 -301.229 0.891
12.011 -70.867 -428.754 1.024
-9.049 -52.304 -367.724 0.741
-49.051 65.688 -478.879 1.087
3.721 44.912 -458.937 0.929
19.790 -74.679 -301.307 0.912
45.461 57.797 -486.030 1.014
-11.654 -81.845 -426.987 1.049
-42.164 15.766 -411.640 1.015
-95.953 31.114 -403.676 1.053
-28.495 -33.291 -325.329 1.008
63.507 -58.264 -417.390 1.024
92.136 -99.636 -351.235 0.952
-94.872 47.609 -364.251 1.041
74.723 35.270 -353.652 0.872
98.938 -7.180 -447.811 1.111
-4.057 -26.087 -314.949 1.223
65.406 14.213 -320.561 0.874
64.841 93.361 -460.617 1.050
41.155 67.671 -423.563 1.090
5.087 62.106 -334.269 0.917
89.334 11.248 -368.536 0.997
30.278 1.178 -378.010 0.958
2.131 21.996 -366.771 0.961
-81.084 24.233 -333.381 0.936
20.074 6.787 -479.079 1.056
-5.782 -23.630 -355.419 0.783
53.615 43.477 -405.006 0.997
8.467 -73.315 -387.579 1.094
10.673 11.638 -319.565 1.008
87.566 44.077 -301.118 1.116
74.600 22.258 -317.858 1.171
39.761 60.779 -322.036 0.816
27.783 77.259 -441.033 0.959
12.065 75.924 -385.044 1.012
-86.584 -62.882 -395.956 1.056
57.636 -64.095 -459.123 1.116
62.711 54.856 -405.725 1.071
94.445 57.396 -333.385 1.146
-6.989 62.168 -461.828 1.312
19.683 -82.095 -451.750 0.776
70.266 -94.842 -382.563 0.985
-79.247 87.836 -460.385 1.114
-76.655 -68.976 -443.479 1.076
-35.538 -45.579 -458.381 1.054
45.104 -60.891 -435.052 1.146
-87.358 -74.221 -428.204 1.043
92.648 -92.002 -475.944 1.268
90.323 30.655 -388.030 0.955
-87.720 64.114 -334.902 1.174
73.577 -2.644 -485.713 0.957
88.288 94.584 -359.588 1.143
-84.792 -84.337 -302.511 0.872
80.648 78.983 -410.098 1.082
-52.414 98.002 -377.569 1.163
-2.394 -93.913 -307.464 1.019
-10.885 -64.356 -352.200 1.027
21.751 -16.860 -425.615 1.019
-10.407 24.430 -497.463 1.220
14.202 -71.184 -419.335 0.768
84.084 81.046 -314.784 0.877
86.052 99.910 -469.899 0.992
42.035 -3.251 -347.758 0.870
-38.729 22.711 -356.857 0.897
-76.804 -67.909 -489.194 0.997
83.681 42.105 -456.753 0.837
-34.752 10.965 -446.959 1.038
-76.903 1.165 -443.142 1.050
-49.288 76.657 -337.133 1.070
-43.575 49.554 -302.215 0.803
22.856 -48.198 -397.172 0.964
25.396 -36.199 -350.504 1.000
35.242 36.444 -460.024 0.950
-32.931 49.396 -484.772 0.991
47.355 -84.201 -415.901 0.960
47.989 61.394 -451.762 0.923
46.070 -65.665 -471.823 1.113
-40.305 -99.927 -395.748 0.864
62.613 -25.436 -390.145 0.981
76.348 -24.470 -339.125 1.047
-42.416 20.291 -336.398 0.866
86.784 61.683 -306.533 1.161
44.269 15.232 -360.473 0.876
-50.350 -86.644 -498.841 0.970
-89.348 -71.460 -325.244 1.287
21.404 -90.997 -416.358 0.777
-86.528 98.935 -488.542 1.075
7.779 -88.338 -404.526 1.113
-99.632 -87.009 -351.184 0.975
-48.866 31.262 -396.071 0.924
-63.925 29.542 -441.719 0.902
87.405 -75.904 -326.858 1.048
-43.872 4.797 -456.179 1.089
-64.946 -26.471 -354.649 0.921
-78.147 38.566 -460.019 0.979
3.586 39.908 -443.254 1.047
77.994 86.299 -462.614 0.930
-74.900 81.410 -370.225 1.053
82.227 -67.598 -345.771 0.947
37.434 94.708 -459.140 1.043
-52.437 -33.217 -430.404 1.046
-20.062 6.682 -464.037 1.005
-22.009 -99.530 -427.111 0.992
5.591 97.773 -407.669 1.020
38.919 -1.240 -482.890 1.059
24.427 -53.835 -310.285 1.216
-84.858 -18.995 -391.770 1.074
26.442 62.781 -466.468 0.978
-81.400 -59.528 -486.854 0.872
-43.849 -85.055 -452.249 1.123
-70.588 40.995 -440.928 1.056
-68.226 22.129 -478.654 0.940
26.562 99.074 -438.308 1.112
-30.350 -79.010 -314.717 0.845
-73.774 -18.343 -399.742 0.875
55.355 22.906 -458.754 0.885
-13.311 79.060 -464.164 1.054
45.750 60.408 -320.245 0.934
12.636 -95.746 -364.414 0.945
92.745 37.646 -440.672 1.018
-5.887 52.265 -429.615 0.958
49.674 -69.131 -456.023 1.000
-76.785 -68.471 -422.124 1.069
-91.702 -56.228 -409.292 0.971
-99.623 95.972 -374.154 0.979
-4.454 -26.044 -397.394 0.828
-44.167 -15.949 -347.485 1.051
86.483 44.066 -309.000 1.105
-71.860 -97.572 -480.351 0.799
81.270 -87.286 -486.889 0.940
-20.854 83.432 -381.404 1.157
98.151 -54.231 -351.328 0.913
-10.899 72.406 -493.995 0.927
93.545 -11.982 -460.012 1.095
-45.959 -67.797 -379.264 0.965
91.357 71.726 -345.001 1.064
57.734 -74.292 -378.371 0.968
46.404 -82.135 -443.659 1.055
51.573 -57.015 -491.118 1.032
75.443 -51.286 -300.952 0.989
69.481 92.320 -416.242 0.982
-43.386 74.878 -391.818 1.037
4.672 -10.778 -306.563 0.837
20.714 4.640 -385.430 0.855
64.680 15.698 -413.104 0.915
-40.111 78.996 -499.318 0.944
-35.004 -96.223 -432.106 0.887
98.064 75.773 -453.554 0.838
64.477 -73.552 -331.548 1.049
51.845 -63.075 -343.639 1.005
-10.848 86.851 -309.284 1.010
76.912 -61.898 -446.865 0.698
51.754 56.925 -357.303 0.974
-66.997 -63.805 -375.375 0.940
8.618 -96.556 -325.872 0.952
-25.004 75.465 -443.379 0.844
-64.048 79.161 -448.853 0.929
-19.881 -32.710 -415.620 1.125
-2.588 0.163 -472.558 0.844
14.028 -61.909 -393.542 1.113
-99.056 -64.639 -403.676 1.281
-7.164 -94.454 -412.849 0.785
