43.615 -21.214 -439.270 0.842
-4.852 -16.505 -423.667 0.979
-62.301 67.469 -372.152 1.073
-46.059 85.864 -304.286 1.009
34.870 -81.118 -409.812 0.888
54.923 69.387 -382.352 1.106
0.342 32.506 -469.639 0.993
-64.481 -49.137 -366.455 0.848
34.945 56.151 -426.907 0.985
-91.070 -25.245 -321.774 1.053
-66.355 -54.532 -413.553 1.096
19.440 -12.823 -482.130 1.100
0.238 -97.786 -414.354 0.933
-9.853 90.712 -333.343 0.918
72.571 -14.864 -338.310 0.993
-80.571 81.889 -356.745 1.137
16.756 53.351 -367.907 0.942
-45.390 2.871 -475.693 0.915
73.958 54.528 -412.785 0.930
33.468 81.483 -383.575 1.041
-72.507 39.919 -400.321 0.994
86.731 48.027 -445.927 1.044
-79.075 56.647 -446.538 1.160
-83.348 72.928 -355.899 1.169
-68.226 82.618 -312.002 0.853
-96.114 -7.179 -356.077 0.966
40.132 15.155 -415.546 1.003
83.696 -89.801 -470.917 1.076
-94.113 -48.511 -398.893 1.247
-98.922 11.456 -396.290 0.893
7.735 -32.851 -346.823 0.903
-10.884 15.437 -438.167 0.904
-45.659 -64.835 -369.989 1.053
-72.420 -16.002 -348.044 1.018
-41.623 -14.842 -459.811 0.975
-26.051 67.339 -363.226 1.250
94.568 65.226 -407.912 1.075
13.449 99.198 -323.018 1.067
-82.041 -46.003 -483.464 1.038
6.735 -58.825 -334.404 1.063
-47.632 90.557 -410.449 1.171
52.731 -52.223 -489.271 0.882
-65.572 -48.118 -479.453 0.782
63.493 74.369 -475.849 1.122
-7.210 -75.259 -412.572 1.054
-45.942 83.527 -430.501 1.023
77.367 -44.425 -383.859 1.019
92.070 60.757 -312.146 0.801
71.037 -58.148 -353.373 1.002
-57.932 33.864 -314.558 1.289
-90.453 -10.666 -393.212 1.123
-76.216 -95.482 -410.694 1.120
95.909 -27.358 -406.612 0.930
-76.938 38.943 -307.517 0.949
-35.349 -16.218 -383.711 0.918
14.473 30.320 -347.790 1.018
3.862 48.768 -399.207 1.000
51.293 7.282 -303.870 0.957
-28.229 81.680 -405.179 1.237
69.042 -11.664 -327.723 1.059
57.927 -94.569 -427.556 1.026
-39.266 -9.632 -487.895 0.837
-84.191 -27.667 -450.163 0.914
89.034 -63.701 -425.582 1.013
-81.246 -9.945 -498.002 0.804
-26.111 -38.361 -353.118 1.019
95.343 53.834 -344.664 0.999
22.655 40.080 -457.179 1.187
46.239 31.290 -330.009 0.956
-31.606 -52.707 -324.356 1.031
95.801 0.332 -403.871 0.868
-55.542 -62.539 -372.650 1.025
33.194 -0.158 -386.106 0.883
80.777 1.383 -432.791 1.040
47.000 -2.816 -415.707 1.091
51.884 -43.049 -410.181 1.044
-39.851 59.669 -495.011 0.994
-78.819 70.264 -366.608 0.999
-17.170 -82.893 -421.599 0.882
-90.256 -51.128 -356.486 1.072
23.443 -79.191 -388.979 0.994
-61.765 49.972 -305.660 0.992
80.561 74.969 -340.470 1.000
63.528 52.336 -415.837 1.101
-38.345 26.192 -466.082 1.030
44.820 -52.667 -414.963 0.852
48.165 44.626 -308.254 0.902
7.064 79.068 -440.649 1.087
-19.778 -37.493 -431.056 0.918
78.697 65.262 -310.282 1.028
82.919 -11.570 -332.323 1.058
-34.818 -56.192 -497.947 1.011
67.339 63.773 -498.308 1.107
84.712 -77.427 -465.807 1.040
-66.244 64.855 -399.233 1.171
-38.585 63.588 -340.774 0.986
37.805 -47.702 -305.494 1.028
-18.652 88.612 -406.119 0.878
91.749 55.440 -309.868 0.904
-14.107 -15.818 -469.760 0.984
-49.396 4.042 -408.553 0.997
95.453 81.758 -423.791 1.186
82.332 97.420 -418.024 1.059
72.524 -75.553 -368.839 1.010
26.850 -57.326 -382.104 1.008
94.439 27.674 -400.165 1.079
-21.871 -91.272 -494.061 1.082
73.729 90.981 -443.343 1.062
80.480 -1.170 -312.917 0.954
63.061 -49.011 -488.982 1.173
-40.966 25.083 -381.352 0.624
-22.360 74.225 -309.935 0.893
-92.337 -64.053 -498.576 1.070
10.890 -22.894 -376.782 1.070
0.791 20.040 -459.439 1.016
71.656 50.347 -323.791 1.087
-63.546 -66.873 -353.875 1.047
31.155 36.225 -459.467 1.031
-94.335 43.791 -398.808 1.034
-2.492 -61.828 -463.209 1.073
86.029 5.327 -452.390 1.047
-76.347 2.556 -441.589 0.999
2.592 -46.174 -376.309 0.946
86.708 5.668 -434.408 0.906
-41.899 93.963 -459.214 1.035
75.046 -65.293 -491.263 1.040
67.699 -42.449 -395.561 0.959
-53.723 18.166 -448.164 0.945
-62.512 37.100 -401.060 0.929
-6.532 11.025 -449.115 1.001
72.186 86.532 -461.485 1.033
0.921 -27.738 -485.409 1.079
37.000 -20.706 -330.303 1.000
18.457 -52.962 -322.051 0.895
-0.266 25.293 -323.574 0.965
-90.563 -23.702 -490.818 1.130
55.725 -43.916 -424.973 0.935
2.767 -22.558 -340.897 0.945
-5.639 -82.237 -467.705 1.133
21.901 -50.462 -433.261 0.880
58.482 62.908 -361.061 1.076
-33.176 -94.193 -373.302 0.988
26.944 28.522 -401.804 1.115
60.274 -44.689 -336.052 1.054
33.901 62.718 -467.401 0.944
42.161 -39.828 -390.116 1.099
4.137 -41.070 -301.122 0.919
-50.562 71.055 -410.921 0.976
27.389 48.164 -333.224 0.972
-38.012 24.412 -431.041 1.008
-45.746 11.411 -483.398 0.936
7.255 -37.649 -349.082 1.088
39.681 -51.969 -395.723 1.046
60.268 66.990 -379.192 1.127
43.500 -61.602 -455.790 1.060
55.588 54.719 -448.200 1.038
-2.997 -99.807 -463.804 0.980
-89.207 -37.712 -436.492 0.899
32.604 83.480 -471.566 0.942
5.743 81.680 -349.666 1.170
0.444 5.669 -441.905 0.788
-56.410 91.900 -385.367 1.110
88.889 51.995 -412.267 0.926
72.343 -92.790 -372.132 0.965
93.351 -29.055 -483.085 0.912
-75.127 -49.064 -416.793 0.960
61.872 60.047 -355.918 1.107
-1.830 75.572 -480.151 0.840
83.903 -52.789 -437.368 1.069
-61.377 56.533 -414.911 0.896
-99.169 -84.222 -441.626 1.099
48.078 -69.397 -332.577 1.035
-66.769 96.183 -406.978 0.988
-24.000 56.614 -427.193 1.143
-87.174 -56.921 -497.044 0.962
93.983 59.119 -362.617 1.054
-82.610 -11.965 -348.048 0.957
84.919 97.239 -487.508 1.032
24.271 21.826 -471.129 0.909
23.031 63.811 -398.353 1.117
-9.055 -24.573 -422.850 1.096
-2.728 80.641 -397.711 0.914
-51.874 96.511 -307.130 0.904
-53.716 -13.081 -369.790 1.033
-52.162 32.073 -471.043 0.987
85.978 23.732 -361.597 0.791
-36.002 -32.923 -374.958 0.996
-70.087 43.723 -412.730 1.048
60.131 -46.751 -365.970 0.934
-41.495 -41.492 -466.835 0.823
36.468 32.829 -332.792 0.954
-81.843 13.736 -487.250 1.049
-64.070 -66.768 -405.416 0.911
-75.784 -61.189 -484.648 0.891
-75.177 80.175 -388.892 0.965
68.670 -92.400 -495.654 1.136
6.532 45.697 -434.484 1.084
79.289 -67.395 -457.912 1.011
38.317 -21.318 -418.380 1.013
-75.558 -60.456 -462.652 1.022
-65.255 -85.177 -458.659 0.942
0.919 -9.220 -383.146 1.078
41.144 -42.243 -367.702 1.208
88.695 -46.935 -438.973 0.941
4.000 -2.798 -345.219 1.095
85.415 -82.047 -445.251 0.942
30.850 -86.478 -343.267 1.148
47.037 -19.517 -327.681 0.848
82.908 68.753 -308.771 1.001
-26.354 38.436 -450.345 1.095
-85.483 -15.080 -416.055 1.099
-21.280 -77.890 -330.459 0.974
17.274 -52.971 -471.339 1.080
-26.798 48.922 -416.323 0.963
-53.436 56.517 -446.025 0.991
12.905 29.124 -343.309 1.003
-70.144 -73.924 -314.840 1.012
-17.308 33.461 -455.797 1.107
28.279 48.942 -337.110 0.930
38.156 -50.199 -478.879 0.931
3.877 -95.932 -340.960 0.916
82.846 80.832 -395.586 0.820
-8.877 -68.176 -444.000 1.122
-14.112 35.921 -334.623 0.901
12.102 36.564 -336.925 1.139
50.387 47.817 -393.868 1.035
72.584 -39.854 -476.636 0.954
56.991 -2.991 -315.630 0.956
60.768 -17.705 -324.783 1.150
57.879 -82.765 -362.670 1.056
-67.989 -49.364 -418.584 1.105
82.009 -77.721 -439.747 1.058
76.492 74.720 -485.879 0.883
-56.200 73.465 -473.769 1.238
28.214 -92.713 -447.024 1.088
-70.712 47.449 -421.410 0.977
49.300 97.977 -300.949 1.117
-15.898 -50.418 -439.098 0.821
-7.904 -62.948 -348.150 0.822
54.548 67.877 -482.760 0.995
6.374 56.931 -381.102 1.121
-29.136 84.984 -431.949 1.048
-86.632 -20.190 -430.800 0.860
-53.948 77.346 -423.567 0.804
-28.701 73.943 -323.216 1.011
32.499 77.499 -487.837 1.052
79.591 -83.364 -423.059 0.904
0.659 -38.041 -423.644 0.975
92.032 -68.631 -303.279 0.933
45.068 -46.387 -407.657 1.002
95.707 53.196 -329.113 1.018
-33.153 15.058 -436.862 1.142
83.560 -78.910 -355.337 0.941
-66.536 84.443 -361.584 1.154
-45.907 47.052 -493.139 0.923
12.857 96.015 -406.195 0.926
55.586 -21.884 -310.946 1.089
-38.824 -23.963 -311.569 0.994
19.655 65.117 -316.927 0.983
-33.634 69.338 -468.795 0.980
-18.717 92.893 -340.710 1.032
46.912 -82.578 -362.937 1.019
30.787 95.698 -411.943 1.046
90.058 -84.979 -472.371 1.013
46.206 37.379 -459.323 0.997
-37.173 14.542 -494.600 0.995
-1.939 -2.776 -436.883 0.912
-35.147 95.982 -435.429 0.983
-89.533 96.553 -371.230 1.081
-80.527 44.909 -323.700 0.960
4.938 46.423 -342.462 1.102
4.001 30.722 -436.487 1.121
11.814 -18.278 -365.767 0.960
92.477 -54.635 -401.254 1.061
51.037 10.370 -448.221 0.855
-81.697 -95.148 -463.417 0.835
92.894 1.838 -433.690 1.072
-93.462 97.030 -477.863 0.807
84.783 76.074 -490.944 1.062
34.474 63.845 -455.058 0.856
-13.285 -8.978 -448.733 0.966
-39.912 33.062 -370.761 0.828
-65.743 92.840 -397.855 1.032
85.770 13.955 -344.538 0.974
-45.990 40.298 -352.861 1.016
57.580 60.176 -358.252 1.188
2.572 -31.473 -418.683 0.786
-28.648 -41.717 -415.695 1.018
-63.803 -96.765 -345.652 0.996
-56.768 -65.870 -305.744 0.810
38.093 2.460 -349.030 0.997
59.761 -42.852 -414.209 1.005
24.589 -14.856 -356.155 0.928
-65.815 19.570 -303.991 1.037
87.867 -2.462 -385.364 1.023
-88.371 71.040 -447.499 0.793
-47.018 -71.605 -393.468 0.898
31.147 84.608 -419.782 1.089
-27.276 40.757 -478.888 0.766
-32.404 97.092 -497.883 1.153
-97.388 16.621 -350.028 0.977
-36.228 22.923 -303.939 1.128
-5.083 -29.059 -468.151 1.165
22.892 -71.162 -422.978 1.166
96.806 91.851 -445.092 0.841
49.668 93.085 -438.399 1.032
-16.404 2.001 -316.504 1.024
-51.981 0.400 -384.285 1.179
90.321 -73.573 -490.604 1.079
-91.382 72.311 -317.934 0.927
-94.653 60.357 -317.816 1.023
-89.180 -90.224 -462.839 0.842
38.472 53.401 -444.241 0.988
63.730 66.752 -432.423 0.975
-70.466 -41.079 -474.028 1.046
-67.643 -11.454 -442.311 1.022
89.970 81.274 -326.012 1.167
3.889 -73.898 -392.063 1.044
68.326 19.796 -436.129 0.791
30.691 -57.529 -305.925 1.121
23.182 69.961 -464.005 0.877
-47.386 -41.353 -439.476 1.082
-59.608 -9.197 -407.894 0.983
-98.841 -45.319 -393.705 1.148
-45.754 -18.425 -316.065 0.980
-5.436 61.995 -375.413 1.177
-45.315 -2.873 -401.141 0.759
-96.401 59.206 -313.931 1.036
13.597 -98.880 -393.576 1.061
91.177 76.552 -418.749 0.885
78.053 -51.166 -459.799 1.223
28.908 -46.817 -435.577 0.892
75.863 -89.227 -347.839 1.046
8.041 -44.975 -392.743 0.923
-77.640 98.384 -387.960 0.978
-38.191 -64.465 -476.894 0.999
-25.157 76.342 -491.222 1.049
16.999 -14.838 -466.527 0.986
-25.331 -37.506 -346.773 1.184
-73.303 -83.894 -429.043 1.008
54.963 23.349 -455.601 1.043
-86.446 33.322 -363.867 1.048
-71.368 -13.025 -318.403 1.004
-75.033 93.511 -301.615 0.761
-43.781 3.488 -486.658 1.191
-13.368 -28.362 -347.457 1.014
-10.055 -29.169 -303.407 1.099
-90.187 63.221 -378.531 1.053
-23.497 56.382 -323.065 1.026
16.473 15.595 -406.659 0.946
21.958 -66.267 -368.190 1.094
72.048 28.713 -376.411 1.170
-0.216 7.302 -335.606 1.247
29.071 -31.991 -402.365 1.011
-59.615 91.036 -464.722 1.224
-28.352 12.820 -423.855 1.211
36.212 2.899 -424.206 1.014
83.712 -48.156 -435.871 0.829
36.839 -28.166 -378.670 1.081
71.134 -38.060 -340.113 1.174
58.776 83.620 -329.839 0.950
82.192 18.258 -404.871 0.926
38.285 -42.954 -467.469 1.131
55.245 -36.131 -481.824 1.017
-88.084 7.248 -352.031 0.819
-79.365 26.219 -306.524 1.076
-4.812 -68.588 -334.975 0.991
40.405 6.960 -444.162 0.982
-47.390 -96.960 -478.459 1.048
-89.311 20.820 -494.322 1.064
-91.863 74.245 -332.189 0.905
95.627 83.783 -300.208 0.790
-88.471 23.705 -328.233 1.025
17.190 11.928 -373.944 0.987
50.338 -65.316 -409.298 1.007
-3.140 -56.646 -481.073 1.126
96.471 4.902 -406.132 0.836
-51.999 69.771 -413.728 0.999
33.112 51.046 -488.498 1.086
56.170 21.969 -436.139 0.990
-87.334 45.660 -392.594 0.926
-19.874 -61.312 -463.958 1.127
-37.495 1.028 -392.445 1.117
-1.099 -87.461 -466.224 1.081
-72.122 68.479 -401.910 0.967
-67.615 24.269 -390.475 0.957
-48.470 92.547 -458.067 0.868
85.519 38.427 -471.616 1.082
-98.642 49.942 -435.904 1.133
88.888 35.374 -323.316 0.861
-20.655 -69.098 -450.297 0.921
-25.243 81.005 -332.069 1.077
2.044 -52.946 -443.222 0.956
-0.377 92.606 -412.633 1.001
-33.781 35.719 -420.112 0.976
-2.665 -79.216 -401.259 1.020
32.715 -95.435 -381.815 1.066
-96.781 87.396 -330.232 1.076
-84.611 -22.419 -436.450 1.032
35.478 -28.274 -328.581 1.028
-26.853 95.684 -430.757 1.060
86.786 -59.795 -308.224 0.926
72.138 10.394 -331.101 0.984
-1.739 43.311 -427.806 1.042
39.184 -47.825 -334.476 0.880
82.528 -7.415 -375.150 0.963
-7.974 -50.643 -369.346 1.135
22.531 -92.193 -495.713 0.949
-2.778 4.374 -344.797 1.093
96.288 -20.843 -492.304 1.019
-72.651 -67.170 -362.946 1.050
-22.954 -3.146 -339.802 1.110
-62.480 -75.844 -464.424 0.993
-16.382 -73.532 -477.115 1.059
27.416 80.569 -352.682 1.080
18.939 -70.282 -324.919 1.077
89.603 8.987 -386.114 1.165
2.540 66.393 -325.250 0.961
-48.572 -67.025 -429.229 0.951
0.731 -70.263 -408.710 0.884
-74.228 54.588 -419.526 0.890
-75.932 6.727 -366.439 1.070
-60.543 -39.502 -442.752 1.056
-99.210 -79.027 -391.710 0.933
90.667 8.470 -445.740 0.958
26.070 -91.778 -466.334 1.037
80.446 -83.555 -498.525 0.926
83.706 -78.677 -496.214 0.920
-26.665 -62.463 -456.508 0.982
2.522 68.307 -361.420 0.887
6.956 2.904 -379.434 1.071
93.590 -84.087 -425.349 1.046
-38.908 -44.672 -376.326 0.966
64.962 30.345 -482.621 0.831
68.727 -32.988 -373.184 1.110
-16.921 45.477 -341.540 1.093
15.921 -35.225 -477.811 1.026
-30.141 51.165 -348.015 0.697
62.173 11.790 -366.641 1.133
30.970 48.978 -453.220 1.096
48.631 53.847 -343.795 1.038
68.946 -58.569 -400.358 1.028
12.491 -4.701 -413.533 1.098
-29.875 7.846 -490.712 1.109
94.235 12.257 -409.714 1.124
0.379 94.220 -319.888 1.224
-91.076 -67.777 -345.457 1.218
-46.979 -41.759 -460.718 0.963
-78.430 0.681 -386.739 1.172
89.815 45.557 -368.088 0.946
5.397 55.674 -362.426 0.916
-70.037 50.523 -445.622 1.112
58.256 46.277 -471.929 0.970
-12.152 -4.216 -450.919 1.027
-13.821 -61.234 -440.429 1.069
71.009 76.977 -332.717 1.092
-3.946 -13.607 -484.950 0.927
-6.842 67.217 -307.736 0.939
-20.164 41.130 -455.203 1.051
48.176 -5.092 -337.386 1.011
72.537 2.205 -496.492 1.083
-60.606 -88.110 -443.145 0.858
63.198 42.138 -419.209 0.986
16.033 83.003 -412.899 1.047
-71.251 27.719 -457.128 1.057
87.456 -79.044 -360.148 1.013
-28.798 68.423 -326.517 0.968
-40.520 -43.733 -360.986 1.151
-32.268 -7.424 -490.211 1.065
-62.648 65.605 -404.432 1.002
-90.282 -17.587 -362.510 1.056
96.072 82.535 -399.499 0.902
-77.813 56.760 -410.075 1.064
88.249 -4.376 -424.978 0.954
54.105 -12.407 -448.719 0.983
34.444 -88.147 -435.558 0.987
92.323 -73.727 -489.889 1.087
92.930 -13.871 -498.963 1.033
-67.270 -75.176 -347.716 1.055
13.649 -42.455 -403.838 0.968
83.823 14.997 -482.162 1.058
2.183 26.346 -457.722 0.936
-37.326 9.190 -443.225 1.091
-95.827 42.368 -406.873 0.959
2.154 -92.180 -460.118 1.208
92.921 -54.069 -392.861 1.079
-36.657 92.233 -481.068 1.011
52.213 -0.587 -395.741 0.901
-62.407 -90.701 -381.602 1.167
16.293 96.321 -397.437 0.947
82.753 84.297 -453.638 0.976
-29.551 -62.787 -377.674 1.036
-94.995 -91.133 -364.202 1.072
-88.520 -1.941 -416.651 0.986
7.257 8.806 -477.190 0.988
-26.111 97.420 -355.698 1.089
11.208 49.537 -306.280 0.997
-70.908 -5.889 -436.715 1.069
-14.300 15.583 -323.127 0.857
27.997 72.117 -335.374 0.832
-77.693 72.382 -348.002 0.906
-24.388 -92.958 -371.887 0.999
81.921 -36.674 -383.402 1.051
-88.440 -57.141 -365.266 1.036
-7.796 -15.204 -416.125 0.847
-90.689 -69.546 -412.729 1.166
16.283 -63.219 -435.393 1.006
85.463 19.747 -398.752 1.229
50.905 -97.917 -310.522 0.902
-65.395 -82.621 -448.674 1.072
-70.085 -69.341 -408.690 1.227
-56.060 70.992 -448.594 0.853
82.363 75.904 -411.840 0.984
-54.423 88.316 -479.370 1.050
18.042 -57.210 -325.013 1.150
41.315 41.327 -308.262 0.848
88.470 -17.589 -407.252 0.956
39.312 -27.013 -328.111 0.846
-40.774 0.001 -409.968 0.851
57.536 -65.529 -499.574 1.033
72.306 89.273 -418.714 0.974
94.295 -25.730 -305.265 1.149
-28.666 97.147 -364.787 1.143
-51.269 -82.595 -350.796 0.956
-2.523 14.665 -350.927 0.754
-62.877 -26.353 -382.384 1.141
-83.416 -27.056 -446.322 1.107
23.869 81.412 -374.380 0.911
-87.418 -72.510 -388.127 0.882
48.117 -45.446 -384.463 0.964
60.499 37.439 -460.310 1.137
15.989 14.750 -428.223 0.983
-95.528 -80.073 -305.621 1.022
61.448 -90.408 -470.913 1.076
-72.065 24.185 -398.244 1.232
47.025 -27.859 -460.189 0.960
46.599 -73.712 -409.146 1.024
-11.859 44.538 -453.946 0.846
38.979 -12.802 -374.271 0.874
1.935 -97.036 -302.091 0.991
-46.854 10.724 -370.858 0.991
-72.173 -42.955 -369.082 0.961
-18.185 -2.010 -484.812 0.900
25.157 79.535 -343.926 1.043
-64.381 78.934 -325.207 1.022
74.233 95.648 -397.917 1.200
-46.048 -65.573 -401.551 0.950
-55.364 -64.938 -346.275 1.051
51.380 97.763 -336.346 1.089
3.584 80.472 -399.463 1.012
-73.974 -97.300 -440.888 1.196
27.661 26.723 -347.371 1.172
-88.794 94.541 -337.887 1.084
-7.286 -58.240 -417.771 1.032
-90.124 98.046 -494.490 0.982
83.986 53.441 -370.538 0.869
69.266 71.929 -321.582 1.010
-94.434 -79.270 -415.724 0.972
54.153 -25.198 -447.485 1.051
-71.833 26.093 -455.362 1.042
-95.723 6.110 -447.732 0.845
-92.408 -95.791 -461.580 0.946
24.156 99.461 -460.271 0.898
12.857 -78.057 -397.354 1.160
-98.134 -88.816 -391.379 1.078
70.036 18.399 -445.943 1.010
-30.445 31.546 -482.825 0.835
-75.761 57.813 -343.435 1.103
-68.216 -52.324 -384.851 0.998
61.937 -4.543 -433.027 0.995
15.547 -98.406 -472.924 0.859
11.947 46.579 -317.478 0.901
-48.048 -32.093 -475.657 0.900
-99.033 -49.571 -312.949 0.859
-92.923 -18.952 -471.278 1.047
-19.873 -7.482 -419.069 1.017
70.795 -59.065 -356.836 1.001
-1.186 32.683 -358.210 0.990
70.448 -9.843 -330.972 0.966
49.461 79.237 -422.812 0.949
14.408 -83.615 -329.587 0.952
16.663 57.410 -326.740 1.046
80.414 -33.586 -421.674 1.037
44.134 32.804 -367.257 1.159
-34.192 -0.762 -390.749 0.951
-14.103 -86.937 -313.393 0.958
28.307 -47.722 -447.313 0.933
-88.831 -0.165 -486.082 0.960
97.493 93.752 -327.037 1.033
-40.816 -65.435 -343.407 1.041
35.279 83.562 -345.381 0.969
25.512 -62.296 -495.321 1.094
-6.186 -66.879 -388.822 1.022
-6.855 -55.418 -363.855 1.031
-76.752 -87.720 -327.956 0.834
-99.250 57.529 -354.553 0.967
45.609 -29.830 -331.658 1.068
50.228 -83.351 -465.716 0.967
29.079 99.211 -340.735 1.205
-48.303 47.146 -309.136 0.920
-35.964 -66.408 -339.710 1.041
-7.235 72.173 -315.478 1.068
20.505 -54.969 -445.746 0.926
9.905 61.904 -383.503 1.066
-90.392 74.123 -321.070 1.130
53.955 97.638 -433.498 0.991
77.790 75.364 -376.625 0.886
5.650 -19.499 -497.280 0.961
23.858 46.192 -331.993 0.988
-16.503 71.869 -392.354 0.870
96.127 22.081 -388.126 1.170
96.888 86.357 -399.770 1.030
79.054 -26.103 -472.988 0.914
54.031 29.742 -401.067 1.034
-47.922 -63.396 -309.043 0.890
-55.389 1.811 -473.472 0.893
-8.681 -89.426 -354.868 1.109
37.952 -59.021 -488.452 0.865
-57.845 47.362 -383.240 0.952
-94.150 -2.800 -451.422 1.082
60.837 35.328 -471.451 1.010
-8.127 -91.006 -350.313 1.132
26.392 -23.458 -451.518 0.993
-15.676 -19.688 -303.044 1.165
18.694 -53.878 -320.298 1.017
34.643 9.723 -377.478 0.946
65.681 77.540 -386.682 1.202
-59.817 54.699 -357.983 1.102
32.197 -6.204 -395.059 1.053
-83.593 85.923 -458.929 1.160
7.315 -49.741 -320.602 0.981
96.318 -38.679 -381.028 0.921
-63.768 -76.697 -400.892 0.935
-26.740 -96.458 -350.994 0.937
-34.465 -44.438 -473.149 0.997
27.880 96.804 -393.508 0.968
-46.320 -23.815 -383.864 1.103
-54.319 27.780 -411.376 0.872
-7.917 -15.109 -350.126 0.898
-15.563 -16.373 -488.477 1.088
-85.174 -46.466 -332.244 1.105
-79.950 -70.486 -454.582 1.038
-82.945 74.636 -436.669 0.874
-10.500 -65.643 -409.608 1.100
-97.011 36.709 -362.335 0.966
88.944 -51.081 -491.911 0.954
-39.494 -70.934 -376.376 0.908
33.385 -38.092 -378.513 1.212
65.482 79.766 -470.262 0.965
30.228 -48.556 -326.004 0.842
-42.153 -66.528 -434.214 0.990
-30.694 43.904 -495.230 0.978
-77.514 77.986 -326.672 1.107
98.738 -49.464 -380.573 0.813
-61.511 17.186 -494.067 1.009
-52.344 8.697 -305.460 0.960
-8.643 79.485 -479.227 0.970
-14.157 44.617 -346.319 0.956
-89.402 -52.331 -415.052 0.868
94.049 -27.216 -310.725 0.989
-79.532 90.629 -341.900 0.728
-58.614 96.475 -345.917 1.037
-39.161 -89.714 -408.951 1.027
74.489 34.200 -374.216 0.966
86.333 29.241 -395.562 0.967
22.269 -65.659 -480.488 1.013
-51.374 18.834 -371.902 0.946
-97.476 -84.949 -463.194 1.202
-69.085 -73.637 -455.758 1.184
45.610 37.800 -400.839 1.087
-65.354 11.748 -348.100 0.847
-97.521 38.476 -314.287 0.877
57.963 -18.348 -341.183 0.798
-42.665 -24.419 -302.101 1.080
-56.031 88.925 -454.966 1.008
4.268 78.901 -478.147 1.085
-80.436 -59.408 -364.531 0.878
59.818 70.620 -307.937 1.148
43.136 25.778 -359.181 1.108
-92.091 -30.253 -354.610 1.021
-74.444 94.404 -350.583 0.792
-66.304 64.470 -345.974 1.016
56.490 81.278 -309.283 0.928
-12.263 91.616 -477.393 1.008
90.408 81.267 -397.203 1.131
82.731 -30.982 -398.167 0.995
-71.072 25.442 -415.472 1.017
-44.693 -90.153 -323.467 1.125
-3.326 35.530 -332.599 0.719
34.808 99.019 -474.400 1.148
-74.007 -66.752 -472.871 0.756
9.097 46.733 -398.628 0.999
-10.442 20.634 -497.466 0.972
43.280 78.096 -333.202 0.973
-22.218 -4.692 -440.453 1.053
-77.773 52.976 -421.110 1.103
29.032 36.822 -427.177 0.994
-44.668 29.257 -309.379 1.074
-30.579 -57.145 -362.686 0.838
-8.804 -60.384 -478.767 1.117
-92.366 34.965 -312.156 1.069
96.306 66.656 -441.684 0.948
-23.122 -58.385 -313.711 1.010
-72.051 68.679 -366.819 0.912
75.792 30.137 -473.898 1.132
35.126 60.850 -473.420 0.950
44.083 17.069 -476.839 1.077
-81.782 26.595 -440.663 0.908
71.413 25.049 -386.312 1.144
-62.998 -22.047 -358.486 0.997
-63.334 23.220 -363.932 1.014
18.749 -75.162 -401.088 0.840
-69.212 55.856 -372.940 0.834
-51.019 -43.865 -473.221 0.915
-79.353 87.327 -390.990 0.925
99.429 21.610 -332.883 1.148
72.135 35.171 -372.406 1.065
-83.678 3.567 -436.397 0.938
-35.690 81.876 -423.047 0.939
-59.288 -77.879 -332.742 1.033
73.279 54.520 -327.847 0.978
-57.414 27.607 -466.199 1.128
-21.228 -90.038 -464.336 0.919
-48.587 -8.693 -384.265 1.006
-73.113 68.253 -400.372 1.014
96.043 3.830 -360.095 1.093
-20.616 86.469 -424.670 1.056
-23.688 87.634 -414.767 0.937
49.725 -59.721 -482.896 1.037
41.501 -23.018 -412.595 0.982
-74.353 71.271 -498.999 0.967
-98.381 -99.391 -487.973 1.079
61.363 -93.021 -458.584 1.063
39.060 59.004 -323.290 0.875
24.691 26.262 -321.460 1.002
-93.072 -16.977 -392.878 1.171
2.031 98.399 -495.157 1.115
26.014 -52.318 -381.666 1.030
88.127 -47.550 -384.223 0.900
90.263 -41.179 -323.894 0.942
-34.198 -32.947 -380.611 1.127
76.650 -34.587 -460.541 1.014
95.926 -92.476 -393.260 0.971
-52.069 98.877 -329.052 1.027
-71.783 14.056 -496.813 1.244
-90.609 0.809 -410.749 1.023
-64.561 12.990 -398.713 1.075
95.223 -60.959 -462.093 1.030
-44.172 -31.126 -481.571 0.960
-16.105 37.523 -426.283 1.070
56.495 -57.575 -319.139 0.926
38.991 -2.609 -397.303 1.129
3.439 -74.648 -327.778 0.808
67.547 -37.254 -335.316 0.960
-53.766 76.206 -376.598 1.065
72.137 22.182 -436.996 0.848
69.998 8.756 -425.351 0.897
-7.247 -14.753 -477.037 1.016
-25.193 -51.831 -439.912 0.898
-72.884 85.482 -364.265 1.165
-65.494 50.879 -332.535 0.936
70.524 -51.668 -429.496 1.106
57.494 3.767 -431.105 1.104
52.518 -38.620 -390.319 0.957
-42.246 49.753 -412.427 1.005
77.823 -5.846 -388.921 0.928
88.253 65.048 -441.528 0.911
16.785 50.407 -458.208 0.944
-9.272 -68.976 -375.767 0.970
-21.472 50.350 -408.857 1.116
-30.987 -11.523 -472.105 0.944
38.158 95.849 -325.788 0.870
-54.580 46.884 -334.148 1.224
28.152 49.464 -389.708 1.030
-66.370 -70.746 -375.826 0.912
3.973 27.966 -365.877 0.963
29.975 8.485 -349.196 1.220
-99.794 88.413 -426.679 1.118
47.943 -65.783 -330.953 0.836
64.048 -78.503 -396.958 0.953
87.546 68.329 -405.746 0.872
50.027 93.703 -474.745 1.052
-74.050 16.494 -347.168 1.099
78.889 -91.540 -301.273 1.030
-48.234 32.095 -498.294 0.961
-87.080 73.697 -458.300 0.911
-83.558 90.549 -493.310 1.003
13.985 44.827 -458.391 0.987
-22.069 -91.541 -393.427 1.031
56.221 -66.894 -327.961 0.830
-12.518 28.403 -464.478 0.949
-11.432 -81.765 -417.461 0.993
23.526 24.961 -481.810 1.030
9.503 -80.644 -381.965 1.187
0.916 40.061 -409.882 1.016
-14.378 88.295 -444.648 1.003
-45.213 -65.301 -342.277 1.011
86.585 68.965 -388.013 1.065
-1.109 58.387 -366.833 0.854
91.490 63.052 -401.051 1.088
-27.002 75.555 -472.306 0.962
9.789 -48.270 -304.153 1.022
-90.528 -39.098 -373.058 1.019
-54.469 -7.065 -466.930 0.970
-28.302 88.361 -477.528 0.973
-2.151 46.094 -395.219 0.768
47.901 -49.452 -339.910 1.121
36.297 22.935 -356.990 1.002
22.247 66.238 -374.501 0.871
-49.572 -97.718 -499.929 1.054
-68.887 -58.343 -321.265 1.131
55.561 40.003 -327.824 1.237
-14.656 71.627 -398.738 1.024
85.325 -41.271 -375.171 1.014
92.564 20.142 -314.426 1.131
77.097 27.868 -346.537 0.744
64.338 29.478 -328.745 1.220
10.682 39.248 -482.772 1.041
-95.016 -99.965 -473.192 1.004
7.379 -71.932 -346.705 1.062
38.679 68.727 -405.494 1.102
-40.271 42.063 -345.249 1.019
78.808 45.293 -450.920 0.982
-33.583 7.809 -456.176 0.938
23.134 68.252 -412.779 1.155
-37.610 -5.589 -461.857 1.032
56.249 51.891 -412.526 1.078
-91.101 31.134 -412.975 1.215
85.116 -46.983 -476.683 0.962
2.414 82.663 -347.888 0.814
12.078 29.348 -456.647 1.011
-85.797 -60.359 -362.031 1.111
61.427 -73.676 -499.978 0.968
64.408 91.642 -491.617 1.032
-3.854 43.092 -471.393 1.069
75.758 20.675 -382.566 0.976
-68.762 93.877 -399.018 0.920
5.682 54.878 -329.597 1.022
61.361 79.427 -399.507 0.862
61.302 32.039 -391.819 1.059
84.023 96.827 -454.607 1.020
89.155 -44.963 -467.497 0.977
-15.598 -10.608 -483.413 0.952
88.187 -99.618 -451.036 1.065
-56.160 35.820 -469.076 0.833
68.294 73.852 -493.218 0.918
-67.972 16.540 -354.750 0.996
-94.976 -21.894 -451.408 0.876
-81.458 -27.848 -496.654 1.018
55.477 38.569 -372.372 0.904
-66.791 -15.913 -488.549 0.871
55.118 86.797 -457.624 1.007
-29.697 -92.785 -304.003 1.093
-59.623 -16.650 -336.756 0.971
99.224 32.392 -308.593 1.191
-50.578 -65.317 -406.391 0.981
-21.792 94.608 -318.393 1.151
-68.044 80.649 -491.444 0.973
37.698 6.393 -438.697 0.998
73.613 -56.466 -340.117 1.035
62.301 10.285 -416.116 0.777
-35.301 -64.400 -470.932 1.004
-47.027 88.655 -439.894 1.006
-70.740 32.114 -383.292 1.036
-26.288 -49.231 -432.367 0.821
-24.066 -30.303 -480.009 1.210
48.272 86.715 -384.417 0.977
73.640 -60.925 -395.407 1.085
-74.365 -16.166 -417.186 1.020
-10.637 -88.255 -385.135 0.856
31.418 86.892 -355.782 0.987
-20.284 52.312 -493.302 1.089
5.386 39.161 -311.351 1.027
-16.284 -52.693 -362.989 0.959
75.307 84.461 -358.611 1.084
-99.099 74.627 -307.020 0.972
49.209 -57.986 -399.234 1.062
86.657 -17.553 -316.577 1.076
64.891 -50.190 -392.981 1.090
39.325 -4.832 -479.077 1.093
-46.121 -81.681 -301.036 1.083
92.002 -79.966 -389.595 0.916
54.931 -96.824 -356.422 0.925
-9.382 -99.967 -426.689 1.023
-2.442 -95.675 -370.486 0.916
-34.484 8.645 -427.432 0.992
-25.699 -37.584 -430.857 0.884
14.626 77.110 -393.604 0.916
25.262 -87.900 -423.558 0.954
-67.449 -50.519 -359.555 0.997
-63.403 34.331 -461.130 1.135
65.897 -71.124 -405.344 1.076
-80.848 45.456 -429.876 1.229
41.159 60.955 -300.972 1.080
43.623 18.333 -443.830 1.112
-68.780 23.881 -354.623 1.109
-92.139 5.065 -451.666 0.921
30.120 3.407 -389.956 0.959
58.654 -87.143 -313.759 1.063
-51.160 41.865 -434.098 1.101
36.241 57.318 -347.780 0.989
36.131 56.995 -427.712 0.815
-12.538 -4.939 -339.031 0.904
32.082 -85.907 -315.391 1.024
60.698 23.508 -419.025 0.982
58.659 64.975 -437.689 0.896
12.647 -63.861 -329.409 0.881
-16.960 -73.845 -411.301 0.976
40.890 -50.809 -475.462 1.009
-13.052 -3.597 -475.037 0.957
-54.797 -51.895 -345.615 0.882
72.314 4.943 -335.082 1.236
84.558 16.359 -365.949 1.006
43.438 -6.041 -311.018 0.870
-29.432 -96.545 -387.094 1.052
43.367 1.839 -357.531 1.085
79.006 29.705 -308.049 0.939
47.955 -16.021 -462.428 1.178
2.885 -77.450 -454.614 0.935
68.936 -61.874 -355.744 1.058
41.870 63.702 -334.189 0.993
-43.270 -24.348 -473.297 1.063
38.326 67.078 -429.969 1.013
25.138 10.268 -404.388 0.858
10.853 22.115 -406.730 1.014
-53.565 -16.693 -446.756 1.131
-72.183 3.631 -405.808 0.815
-28.448 -31.903 -430.155 1.038
64.952 -33.939 -417.941 0.958
-2.905 88.010 -413.854 1.213
-23.167 5.688 -465.256 1.211
-61.859 97.655 -343.590 0.906
5.092 -24.062 -438.142 1.052
-9.512 -23.370 -467.007 0.943
6.666 75.011 -447.585 1.014
-54.238 -97.513 -495.974 0.877
-16.831 -6.800 -351.476 0.888
-66.230 42.492 -436.787 0.989
-56.324 -55.121 -326.773 1.087
78.672 84.533 -315.732 0.892
95.214 68.694 -300.227 0.970
38.663 40.208 -335.279 0.945
-81.340 39.086 -365.095 1.002
-48.898 28.078 -495.106 0.936
-99.698 78.574 -466.423 0.879
10.215 49.382 -413.649 1.036
-20.846 78.056 -433.985 0.786
-55.715 -2.712 -438.162 0.928
28.206 65.027 -422.273 0.890
12.127 -65.264 -332.767 0.887
-15.955 -49.443 -367.650 1.002
-50.628 -45.831 -315.217 0.928
-66.720 53.470 -387.622 0.941
78.952 7.402 -366.871 1.111
-53.100 -18.458 -491.222 1.092
57.199 62.498 -482.476 1.182
11.354 14.272 -431.942 0.962
-4.749 -67.867 -455.671 0.887
69.731 -79.357 -365.795 1.030
-33.934 -61.204 -469.394 1.098
-68.725 -9.743 -331.312 1.013
63.600 49.837 -355.785 0.986
25.174 97.956 -362.073 1.011
-60.379 55.592 -390.137 0.967
-77.586 61.591 -300.824 0.954
73.243 -80.726 -301.801 1.105
93.499 39.687 -340.485 0.860
-81.225 -42.663 -461.898 0.996
87.511 22.469 -440.374 1.008
35.835 -70.704 -490.948 1.146
66.517 67.023 -344.229 1.027
28.640 -67.851 -342.793 1.149
-23.484 37.375 -499.597 1.016
36.683 -9.519 -405.838 1.042
-59.993 33.285 -467.017 0.798
-43.593 -38.476 -480.852 1.010
7.189 72.637 -427.223 1.052
84.113 -25.356 -420.321 1.088
-84.740 37.231 -494.309 1.034
66.308 -20.515 -384.606 0.930
73.605 65.106 -343.686 1.005
0.597 -69.312 -323.898 1.062
31.067 -20.811 -457.411 1.047
-10.216 -42.557 -355.560 1.173
-34.566 48.797 -369.801 0.984
-55.183 -73.549 -328.452 1.025
75.938 -37.559 -465.573 1.072
-74.132 -29.121 -483.775 0.813
-15.214 76.926 -431.848 0.995
9.285 44.804 -362.872 0.983
-81.721 37.833 -301.660 1.044
-37.334 95.653 -478.213 0.861
-41.796 83.106 -377.215 1.075
-98.550 -17.981 -349.096 0.958
94.321 -68.765 -428.030 0.867
-82.767 7.078 -486.570 1.070
-12.530 8.128 -344.363 0.823
15.170 -26.747 -463.095 0.871
89.008 66.329 -416.701 1.065
99.695 -27.519 -418.648 1.115
