-80.759 10.766 -380.584 1.036
-60.325 30.046 -463.652 1.087
88.603 -4.989 -328.426 0.952
56.629 17.904 -325.081 0.867
36.211 -24.000 -338.662 1.101
-8.818 16.250 -369.244 0.867
48.303 -28.911 -377.879 1.055
8.922 -7.975 -374.322 0.921
76.475 -9.454 -428.843 0.928
51.801 52.730 -332.313 0.931
-77.213 91.958 -430.743 0.979
-15.218 97.024 -447.443 1.036
-18.954 -88.275 -494.406 1.033
13.012 26.787 -307.229 0.850
-26.030 -72.298 -351.344 0.938
-12.344 -22.571 -451.146 0.975
14.077 -61.437 -353.151 1.225
68.060 95.337 -301.743 0.954
-96.523 5.352 -431.454 1.090
-20.012 39.171 -395.870 1.039
0.001 -20.740 -458.610 0.932
69.764 2.570 -321.122 0.946
-37.356 71.526 -309.496 1.190
89.710 6.101 -496.830 0.965
-29.324 23.016 -494.547 1.098
13.156 -58.580 -351.491 0.946
9.903 -97.918 -434.027 1.023
-1.438 -80.153 -390.558 0.894
88.884 64.733 -330.732 0.991
-46.015 -66.872 -353.326 0.952
-95.828 -40.347 -302.813 0.883
-25.183 -41.967 -379.959 1.019
10.971 -89.070 -439.186 0.936
-84.843 38.635 -316.010 1.113
43.902 -42.849 -361.831 0.982
76.862 -37.236 -384.145 0.990
90.221 -74.632 -405.561 1.014
-83.539 93.375 -420.093 1.015
-61.226 -75.677 -350.876 1.083
18.653 73.449 -442.794 1.198
-46.044 -17.058 -357.938 1.059
97.214 99.165 -385.180 1.146
63.473 26.227 -367.999 1.116
7.860 60.240 -456.110 0.920
82.044 -23.372 -448.455 0.835
73.527 -77.573 -363.559 1.099
-82.563 -2.557 -415.441 0.941
78.185 28.458 -338.621 0.901
-63.799 80.595 -491.746 0.953
-36.891 74.668 -329.451 0.899
73.230 96.876 -396.209 1.047
-17.184 27.574 -413.301 0.952
-53.185 7.565 -395.434 1.103
-74.597 97.226 -340.252 1.003
73.185 -10.638 -339.161 0.871
-21.798 68.348 -337.900 1.020
-59.585 47.290 -468.648 1.028
17.406 9.825 -410.931 1.068
6.314 87.539 -410.490 1.139
-59.510 29.512 -393.175 1.056
72.589 46.785 -367.286 1.014
39.447 -10.221 -499.482 0.816
71.239 54.215 -384.624 0.996
59.885 53.307 -498.185 0.886
-71.477 -55.936 -384.300 0.873
5.019 -67.704 -373.302 1.029
-68.839 -91.565 -468.936 0.833
-69.803 40.498 -399.851 1.048
10.608 -37.573 -356.310 1.057
-94.228 73.652 -311.373 0.960
82.506 37.321 -417.383 1.087
60.922 87.060 -339.855 0.949
-25.252 38.361 -457.892 1.007
31.368 49.481 -366.649 1.016
-5.233 -82.329 -414.490 0.938
57.399 -46.319 -444.933 0.901
22.708 -98.596 -406.968 1.008
-75.241 38.512 -393.747 0.896
-18.040 93.194 -381.470 0.968
-8.583 -24.513 -419.126 1.074
-85.323 42.289 -390.057 1.024
45.436 81.616 -441.313 0.873
7.826 30.437 -343.862 1.125
75.500 56.747 -329.900 1.029
93.416 -92.394 -471.101 1.031
33.469 43.250 -398.410 1.025
-79.682 -20.212 -475.735 0.990
49.959 57.909 -410.779 0.787
-96.899 52.868 -315.187 1.146
44.411 -77.917 -450.985 0.990
22.690 -25.623 -469.912 0.967
-36.523 43.169 -310.196 1.073
22.225 -92.882 -320.124 0.957
69.366 -65.645 -488.262 0.989
-61.240 -86.364 -356.544 1.144
-36.766 87.905 -414.894 1.000
93.175 -40.785 -431.052 0.980
83.179 -40.419 -445.945 0.982
-60.758 -65.134 -314.589 1.112
-97.328 -1.676 -350.965 1.095
-34.418 -53.774 -420.857 0.920
20.097 61.960 -372.008 1.188
-0.506 -53.460 -477.272 1.245
-83.383 24.460 -421.062 0.965
-6.804 51.397 -353.716 0.976
-81.535 55.877 -385.805 1.016
68.822 -54.282 -394.930 0.839
73.992 -98.930 -364.147 1.042
76.506 -32.863 -438.326 0.940
44.641 80.754 -483.629 1.268
-2.498 -38.887 -318.820 0.949
-74.567 -51.489 -450.955 0.852
-69.275 50.194 -414.709 1.077
-59.950 -98.200 -369.792 1.143
-19.960 -53.572 -330.226 1.092
55.218 60.417 -485.009 1.003
8.995 44.318 -455.681 0.904
46.953 80.332 -344.804 1.122
6.990 -95.827 -413.451 1.112
55.444 -59.978 -359.052 0.917
38.094 72.240 -463.683 0.874
-25.620 -8.108 -490.531 0.919
-70.078 -73.284 -337.779 1.081
39.014 -36.659 -426.661 0.994
32.469 -42.677 -329.659 0.974
11.991 -29.329 -410.202 1.123
52.800 40.872 -309.308 0.870
-49.994 54.674 -379.511 1.029
46.547 -67.384 -352.814 1.026
-58.087 -48.907 -484.567 1.060
-79.290 40.185 -410.067 0.998
43.213 16.365 -328.279 0.843
-55.818 80.657 -321.932 0.999
-24.899 -98.188 -492.703 1.038
7.453 -55.019 -396.789 1.087
-51.284 99.247 -302.934 1.152
59.617 -5.494 -396.651 1.053
84.798 99.423 -358.230 0.949
25.589 -27.008 -470.466 0.989
92.347 -91.533 -485.404 1.018
20.774 -71.197 -381.920 0.858
43.195 78.410 -438.295 0.878
25.885 -50.234 -420.448 0.876
19.108 80.478 -350.070 1.014
-4.094 -71.176 -315.469 0.905
13.790 37.715 -395.156 1.093
50.985 -56.550 -424.499 1.120
-10.124 98.729 -363.721 0.944
73.093 -52.319 -301.079 1.052
87.516 23.710 -310.948 0.652
-96.007 99.282 -499.156 1.063
60.836 85.711 -336.541 1.074
-49.274 84.431 -464.611 0.877
-7.499 44.621 -474.863 1.014
-9.110 -15.614 -450.287 1.145
-77.565 88.417 -394.005 1.046
0.332 88.394 -448.340 0.967
-97.755 60.199 -368.201 0.885
-76.845 -95.670 -406.658 0.997
53.900 -31.567 -386.313 0.848
35.389 -29.735 -389.215 0.722
39.509 -66.456 -342.692 0.984
86.215 52.435 -435.959 1.109
25.536 34.727 -493.439 1.004
-75.059 -66.409 -310.217 0.860
-52.064 6.798 -389.433 1.033
14.132 19.840 -431.152 0.891
-36.786 -21.627 -471.627 0.998
-2.144 30.353 -446.784 1.004
8.683 33.153 -368.716 0.949
31.432 40.548 -465.740 1.105
-9.840 79.577 -464.181 0.832
29.207 -12.791 -408.800 0.692
62.710 -86.882 -396.064 1.060
-94.803 -29.909 -383.853 0.838
-3.191 93.265 -360.620 0.885
74.764 56.187 -458.010 0.983
-87.837 -7.210 -323.829 1.017
-90.496 -50.038 -481.474 0.974
89.405 3.072 -472.328 1.169
19.552 -89.819 -388.300 1.224
-55.915 87.938 -478.427 0.894
77.354 -28.566 -350.627 1.118
-57.446 40.070 -350.547 0.799
34.552 -48.826 -330.074 0.971
-35.095 10.166 -368.733 0.963
19.039 -30.677 -333.486 0.974
27.272 32.450 -345.454 0.904
16.895 63.268 -405.991 0.879
-30.674 82.461 -415.551 0.977
-41.915 77.413 -387.305 1.071
-93.533 -34.663 -373.725 0.822
6.846 -18.372 -358.462 1.005
34.845 54.927 -442.888 1.063
-97.612 -94.425 -320.635 0.890
46.101 44.130 -368.294 1.020
-30.706 -15.495 -364.988 1.106
31.778 -68.428 -403.254 0.963
40.757 -69.487 -406.696 0.846
-68.170 -38.098 -456.145 0.991
36.163 18.432 -453.698 0.795
-23.275 -56.624 -483.114 0.915
-80.643 7.198 -356.530 0.996
-77.069 -79.751 -320.493 1.018
-7.900 52.906 -378.538 0.997
37.748 -81.608 -402.013 0.914
88.089 23.972 -451.955 0.789
53.029 47.590 -399.574 1.007
-23.896 -88.550 -407.923 0.880
27.271 64.347 -499.803 1.092
42.997 95.901 -455.121 0.983
-60.815 -98.765 -467.401 0.975
-17.450 1.174 -408.602 0.955
-20.907 79.259 -332.860 1.011
56.302 -75.578 -311.336 1.027
-16.879 86.698 -337.831 0.916
-50.120 -50.043 -488.295 1.055
-92.058 -59.820 -459.017 0.967
99.518 68.346 -308.850 1.048
-22.950 -10.261 -358.556 1.095
-16.036 -64.639 -398.442 1.088
-21.303 -25.300 -347.827 0.924
-44.699 9.989 -466.805 1.029
-3.389 81.000 -353.066 0.971
79.759 -92.487 -306.949 0.895
42.681 -28.352 -459.332 1.117
82.660 50.175 -397.342 0.812
74.215 64.048 -392.462 1.146
60.564 19.320 -333.976 1.023
-75.312 48.637 -447.757 0.865
-74.838 -15.960 -334.976 1.001
-40.436 -50.874 -324.641 1.071
-82.927 -60.704 -350.741 0.923
56.186 -81.964 -476.000 0.918
-20.394 -10.642 -389.788 0.880
-20.471 14.576 -355.000 0.949
-53.408 97.979 -356.488 0.978
-35.272 -58.773 -457.996 0.786
31.456 -68.681 -368.640 0.989
83.109 80.813 -301.467 0.838
66.194 -88.257 -308.242 0.969
-1.686 -0.060 -338.058 1.156
-6.869 84.029 -403.599 1.073
14.498 -93.854 -426.556 1.055
-96.465 -13.916 -480.158 1.017
34.583 -56.096 -446.498 1.247
-6.943 89.559 -387.958 1.066
93.717 28.502 -352.880 0.968
-3.665 -77.293 -421.710 0.842
30.839 61.243 -449.413 0.892
85.317 53.322 -401.829 1.030
-71.298 45.255 -324.932 1.154
-56.255 62.491 -328.162 1.189
-83.530 93.735 -461.637 1.017
44.896 11.561 -319.429 0.863
-25.518 10.721 -308.099 1.148
-30.878 -4.479 -360.985 0.835
94.802 99.962 -473.444 0.982
63.988 -0.365 -351.380 0.955
83.163 3.347 -409.109 1.128
-43.347 86.076 -473.893 0.949
64.189 98.809 -419.970 0.951
-2.168 25.139 -434.882 0.782
-53.445 -77.539 -305.297 0.979
-23.663 -18.055 -481.053 1.120
-9.922 -88.348 -474.241 0.948
-92.365 -35.398 -436.784 1.008
59.734 48.758 -406.897 0.830
51.252 -34.007 -436.926 0.939
-78.446 -72.901 -426.764 1.127
0.169 39.593 -481.230 1.016
-54.743 83.408 -489.629 1.170
-30.528 -78.691 -424.251 1.039
44.651 61.264 -439.939 1.052
-9.206 -56.582 -462.810 0.995
-28.635 71.775 -319.379 0.891
-43.087 -48.182 -423.271 0.903
-73.811 -73.692 -330.129 1.142
-88.834 13.242 -356.458 1.017
-14.760 -71.341 -472.700 1.134
-74.252 -63.740 -302.207 0.844
33.934 0.494 -427.756 0.822
-26.755 -70.551 -332.381 1.112
-71.587 99.824 -321.969 1.059
74.892 17.430 -471.019 1.011
55.093 75.758 -340.471 0.888
-4.138 79.765 -448.962 0.888
97.017 22.611 -431.121 1.119
19.495 -84.992 -340.135 0.897
-2.910 22.811 -403.971 1.026
1.204 -36.522 -455.070 1.120
-91.003 -19.689 -458.672 0.851
99.992 -0.016 -306.022 0.920
25.475 86.733 -369.314 1.046
-59.296 -12.960 -419.148 1.235
-43.655 -58.308 -409.649 0.861
-33.932 66.230 -456.920 0.879
36.467 -90.824 -345.678 1.002
88.568 72.188 -319.625 0.903
-10.237 -87.147 -482.459 1.110
-62.374 -35.618 -390.750 1.023
46.969 58.326 -411.375 1.088
-82.964 91.436 -376.244 1.138
-77.235 80.370 -462.778 0.813
-52.602 19.668 -442.433 0.847
-0.726 -0.965 -427.248 1.019
-80.361 57.141 -433.601 0.918
-49.339 -95.925 -329.063 0.876
-39.542 33.208 -342.032 1.095
-21.076 78.517 -481.204 0.879
-39.893 68.134 -447.800 1.044
-39.117 67.930 -355.600 0.860
-46.569 -93.146 -406.601 0.952
18.123 -90.829 -499.274 0.799
-94.727 -6.342 -383.208 0.978
-71.772 -53.752 -312.220 0.979
31.116 58.089 -336.455 1.056
36.170 2.115 -387.438 0.852
91.037 2.992 -479.941 0.907
-36.477 32.555 -454.918 0.974
-17.140 -94.060 -329.347 1.149
9.488 -99.928 -366.455 1.186
56.303 15.240 -477.943 1.017
-71.443 -51.027 -439.458 1.125
-12.857 65.206 -415.118 0.968
-16.189 -11.810 -437.862 1.029
28.565 28.642 -463.700 1.177
14.415 20.280 -431.012 0.866
-45.242 28.847 -330.657 0.889
74.905 2.625 -418.050 0.972
4.860 79.926 -333.597 0.975
53.867 57.238 -366.480 0.951
1.105 -83.467 -304.702 1.143
47.368 10.930 -484.203 0.965
4.938 53.217 -343.054 1.079
55.739 -34.202 -319.477 0.996
93.445 90.319 -375.580 1.030
-27.239 -65.734 -372.983 1.091
19.097 35.643 -386.836 1.015
-59.349 60.854 -445.867 1.025
-37.114 65.273 -453.609 0.891
56.858 8.323 -410.886 1.025
-65.040 -99.423 -442.868 0.974
64.137 85.783 -338.145 0.891
53.236 22.373 -386.911 0.978
93.277 -63.054 -463.575 1.072
-1.374 -95.085 -386.889 0.919
-60.474 79.986 -449.364 1.046
74.666 -29.268 -479.328 0.897
23.473 -63.865 -410.903 0.953
62.827 34.825 -490.971 0.958
-57.177 -74.986 -351.303 0.924
37.516 7.954 -332.993 0.954
-21.252 -10.124 -392.014 1.048
-93.231 9.907 -435.650 1.074
-99.971 -42.620 -319.329 1.213
-88.282 49.289 -444.264 1.016
-41.194 -46.004 -471.558 1.184
-73.610 -25.274 -491.574 0.997
74.734 8.258 -390.082 0.975
89.413 57.870 -487.844 0.955
25.082 -65.120 -413.978 0.845
93.904 -14.093 -494.079 1.044
-26.022 30.686 -418.091 1.102
5.458 37.409 -407.570 1.084
-97.934 26.446 -475.947 1.011
-86.733 -66.001 -358.506 0.951
-79.753 40.315 -314.918 0.966
3.716 68.076 -445.022 0.986
-37.705 -21.229 -371.860 1.043
-81.055 -10.110 -340.004 1.099
-71.343 15.629 -421.713 1.019
-52.546 -90.032 -316.855 0.967
-47.643 70.171 -472.406 0.928
63.189 95.929 -313.617 0.972
-87.229 -54.347 -396.614 1.013
5.316 96.874 -388.283 1.037
98.624 15.048 -325.473 0.889
-15.016 42.424 -335.040 1.010
26.337 -14.880 -418.852 1.028
4.705 81.933 -320.831 1.065
-43.799 89.193 -482.370 1.135
-11.253 87.443 -337.057 0.968
32.436 -72.689 -395.884 1.081
-33.240 92.447 -327.088 1.015
-65.155 -88.115 -407.574 0.973
83.904 -23.366 -387.183 0.773
28.357 97.814 -385.599 1.029
-72.846 23.939 -464.958 1.083
-34.258 59.723 -484.403 1.077
8.132 -2.715 -402.821 1.085
13.687 14.921 -303.776 0.981
78.041 61.870 -345.142 0.928
-0.353 10.180 -443.339 1.107
98.013 74.027 -463.553 0.953
-15.789 39.929 -400.850 1.021
-13.625 -98.313 -315.339 0.977
-80.214 -44.770 -369.285 0.942
-7.462 9.985 -378.271 1.190
52.968 -79.924 -339.178 0.922
-78.608 -11.656 -401.464 0.832
-49.488 -22.636 -471.815 1.089
12.560 8.352 -459.432 0.931
10.211 98.922 -347.503 1.039
42.105 88.833 -487.647 0.982
-74.959 37.471 -497.174 1.148
98.794 -59.620 -427.784 0.936
-13.488 24.872 -404.590 1.006
-26.642 -69.199 -428.775 0.940
-98.101 77.380 -443.796 0.975
-6.308 -76.140 -331.316 0.976
-66.719 81.600 -359.176 1.104
-46.784 80.318 -394.219 1.142
-33.284 97.014 -468.711 0.857
39.474 -9.383 -479.463 1.049
-5.023 -38.434 -418.620 1.048
96.915 37.385 -349.494 1.040
-7.554 -29.884 -482.364 0.915
37.866 -82.864 -468.895 0.867
-45.185 -42.771 -380.209 1.145
41.832 -75.938 -464.952 0.991
47.400 -26.857 -466.278 1.120
75.086 87.149 -455.806 1.003
-8.928 43.090 -437.344 0.997
22.128 85.458 -351.122 1.038
-29.628 -94.662 -346.719 1.078
62.293 65.815 -380.289 0.876
68.666 68.010 -407.209 1.080
12.258 -58.095 -459.240 0.959
37.822 21.773 -366.726 0.922
-80.903 -57.515 -435.153 1.049
42.723 -12.661 -398.161 1.143
-61.171 29.799 -495.668 1.181
36.446 -76.286 -486.592 0.981
-97.191 1.518 -404.219 0.979
-11.503 25.405 -488.435 0.986
12.404 39.045 -454.824 1.065
76.362 -75.966 -311.892 0.824
87.301 -93.898 -302.294 0.859
-20.373 -3.894 -300.275 0.918
43.877 -23.869 -303.933 0.961
-25.916 -79.070 -493.840 0.815
59.565 -36.903 -327.478 1.002
-52.162 94.646 -393.772 1.032
-93.673 21.707 -482.004 1.125
-14.043 77.176 -474.643 1.099
-41.875 -36.833 -371.106 0.993
4.292 83.685 -374.865 0.884
-92.488 24.676 -428.921 1.056
-26.386 -25.488 -488.374 0.835
-4.015 59.775 -441.339 1.125
62.798 -25.419 -354.815 1.040
53.667 70.992 -324.030 0.869
-74.902 82.841 -383.972 0.872
-20.107 -15.071 -456.490 1.053
-60.299 93.115 -370.375 0.980
30.952 34.297 -305.765 0.843
93.253 -71.165 -364.511 1.061
58.280 32.324 -336.735 0.970
-85.278 -34.158 -386.615 1.029
-57.402 -38.773 -386.751 1.036
-72.590 87.006 -468.077 1.219
-62.446 -94.965 -442.872 1.016
-72.862 -27.422 -442.249 1.219
60.374 88.225 -327.078 0.906
-35.181 -54.119 -438.105 1.080
-96.660 36.728 -495.304 0.947
13.623 -10.398 -376.963 0.989
-57.081 -99.864 -321.933 0.924
55.968 -57.669 -410.467 1.095
-18.717 16.599 -396.404 1.067
27.906 -25.049 -455.293 0.979
86.769 -24.691 -388.696 1.119
-52.851 -76.600 -400.881 0.939
85.848 -64.742 -442.842 1.080
37.614 22.822 -485.568 0.987
-84.295 -71.702 -325.475 1.090
25.550 94.252 -471.670 0.997
54.431 -20.585 -388.540 0.856
13.245 -74.284 -456.854 1.122
-36.085 59.992 -445.146 1.074
-3.293 -98.334 -424.098 1.027
-73.139 25.291 -381.109 1.039
38.234 60.374 -324.230 1.051
50.870 83.914 -342.732 0.987
21.962 -56.091 -418.655 1.025
72.498 76.194 -437.753 1.069
-35.753 -99.992 -402.769 1.166
33.638 -76.096 -449.936 0.877
-68.551 39.234 -364.154 0.985
-13.673 25.554 -360.745 1.130
-12.357 85.820 -434.180 1.018
-72.272 59.105 -311.750 1.104
-85.111 58.778 -310.465 1.077
-31.919 86.627 -379.557 1.097
-20.022 -0.896 -371.214 1.051
28.623 -95.632 -493.521 1.034
71.251 17.851 -305.827 1.026
-79.163 -6.235 -422.034 1.079
-21.943 23.687 -413.711 0.974
14.173 -24.845 -431.450 1.008
-33.385 22.107 -358.764 0.934
48.169 -67.685 -341.342 0.792
4.285 80.661 -398.561 1.101
75.983 87.339 -322.339 1.108
17.688 52.572 -491.364 1.084
-88.435 -54.519 -356.093 0.960
-82.196 24.906 -383.729 0.989
8.563 95.543 -452.286 0.811
7.920 -60.156 -441.106 1.054
-41.356 68.497 -453.507 0.982
3.946 -38.559 -426.450 1.141
-69.574 9.534 -362.299 1.008
-5.875 -76.143 -318.113 1.010
47.285 34.242 -387.078 0.928
86.607 87.709 -490.232 1.102
39.385 -34.506 -305.741 1.087
58.526 -29.414 -414.881 0.948
74.763 -44.910 -465.811 0.993
-90.054 -7.317 -300.986 1.125
-71.571 80.957 -336.248 1.059
40.732 -56.899 -410.716 0.937
-62.507 -97.985 -399.944 1.086
6.054 74.221 -366.139 0.828
-95.557 26.777 -346.817 1.059
-28.430 16.028 -419.501 0.911
90.348 60.379 -406.725 0.922
-92.716 -96.120 -348.932 0.984
83.382 18.842 -452.595 1.060
26.508 25.511 -362.013 1.011
-78.393 -0.810 -431.289 1.063
-49.535 57.210 -437.888 0.953
44.297 92.792 -457.635 0.928
-54.682 -46.813 -329.146 1.282
12.740 -97.508 -362.116 1.023
-33.982 61.775 -400.106 0.910
10.450 -49.920 -438.392 1.074
-30.054 92.674 -456.948 1.009
-88.449 -12.353 -338.293 0.931
78.535 -80.641 -326.335 0.959
10.983 -20.626 -347.576 1.023
-90.976 -30.569 -429.628 1.072
-99.264 -12.291 -354.207 1.116
-8.954 -70.757 -492.909 0.982
-56.523 43.302 -354.440 0.995
-2.943 5.146 -416.766 1.080
-80.703 -29.296 -476.875 1.047
22.257 69.849 -449.312 1.203
17.178 -72.513 -444.407 1.046
49.263 7.047 -382.036 0.930
81.752 -41.303 -319.133 1.130
-92.365 9.182 -436.417 0.891
16.764 -59.075 -446.762 0.924
8.191 94.124 -434.109 1.048
-91.654 81.157 -413.746 0.948
-48.313 -67.275 -405.091 1.027
0.955 74.008 -351.308 1.027
-0.789 92.178 -411.531 0.817
86.385 45.588 -499.472 1.076
80.461 27.330 -356.712 1.035
52.721 70.288 -469.909 0.998
-55.621 11.346 -321.412 1.102
-81.695 74.974 -353.567 1.010
-95.104 -82.981 -342.618 1.026
49.447 -33.229 -385.072 0.894
-91.795 -53.099 -365.639 0.971
41.256 -55.180 -412.719 1.011
35.500 26.205 -448.014 0.732
76.665 98.687 -413.300 0.974
-69.392 29.000 -461.591 1.060
-61.802 -77.054 -432.403 0.961
28.180 -1.232 -453.128 0.967
-44.999 98.900 -312.321 1.169
58.882 -20.994 -335.512 0.950
43.822 64.216 -385.125 0.922
43.522 -5.663 -440.638 1.094
-8.642 98.167 -445.324 0.940
-32.599 58.138 -350.211 0.920
18.538 -16.556 -321.494 0.925
98.653 20.072 -472.825 1.031
16.956 96.542 -435.904 0.809
18.116 -11.078 -424.149 1.025
79.382 71.171 -371.369 0.927
-79.729 26.382 -387.211 0.949
-9.916 -26.943 -364.529 0.893
-4.235 6.614 -396.750 0.868
12.370 30.020 -471.364 0.863
-8.478 7.635 -390.301 1.152
-51.135 14.529 -376.315 0.968
86.969 -52.512 -362.200 1.129
-64.099 -10.269 -353.177 1.072
-74.093 54.484 -358.031 0.998
43.552 -36.592 -394.512 0.962
-0.070 -1.203 -350.724 0.938
-62.039 -28.691 -355.172 1.005
25.577 -27.588 -367.836 0.831
-57.503 92.187 -446.614 0.820
49.846 73.114 -301.412 0.937
40.768 66.567 -408.832 1.132
82.119 43.522 -326.138 0.836
27.172 -6.255 -490.421 1.024
35.969 -10.105 -355.210 0.928
-38.940 -46.973 -323.413 1.090
-29.893 4.078 -323.707 1.082
13.575 -67.590 -389.534 1.060
48.343 -6.138 -306.657 1.143
26.066 -73.844 -498.394 1.023
-31.103 61.610 -451.475 1.026
-62.724 64.425 -404.565 1.006
-81.261 -82.336 -353.340 0.909
29.262 55.634 -454.924 0.967
-37.311 -54.189 -313.960 0.984
-99.557 -78.465 -467.633 0.913
-46.398 99.667 -404.632 1.096
80.909 -4.871 -455.217 1.062
-75.303 -2.077 -320.359 1.022
16.718 -94.311 -448.887 1.014
-71.582 22.451 -458.188 1.022
-86.049 -36.401 -469.344 0.948
-35.028 -41.308 -474.245 0.998
-49.706 -74.083 -455.902 0.923
-91.222 68.734 -348.428 1.091
-65.052 -34.844 -489.081 0.966
10.849 83.352 -359.823 0.812
-98.273 -6.640 -497.545 0.880
0.819 20.500 -489.280 1.025
15.353 -23.716 -462.632 1.121
19.517 91.154 -371.216 0.999
48.452 -78.167 -304.404 0.800
65.529 -90.569 -452.375 1.007
-61.588 -97.076 -302.682 1.092
58.339 23.728 -365.879 1.161
-1.210 -68.393 -447.854 1.175
-77.739 92.184 -403.004 0.938
70.809 -93.436 -438.995 0.988
3.941 -21.860 -446.603 1.181
7.806 49.621 -419.320 1.026
52.192 76.776 -475.682 1.004
48.469 9.788 -497.965 0.893
47.502 -6.982 -495.636 0.969
43.012 -10.344 -316.941 0.954
33.974 33.440 -300.452 1.152
5.421 5.090 -487.416 1.045
23.271 -83.446 -349.235 1.141
21.318 -6.329 -310.029 0.988
-43.960 3.453 -361.613 1.111
85.582 1.618 -494.522 1.082
9.817 50.666 -355.486 0.961
11.155 -75.369 -453.252 1.013
81.556 -90.002 -388.719 1.109
-16.062 94.399 -483.498 0.922
40.200 -47.179 -403.816 0.990
58.584 78.265 -356.625 0.920
94.302 -38.354 -355.325 0.973
-72.330 -97.732 -354.044 1.015
-53.734 97.138 -435.835 1.135
37.475 59.225 -358.795 1.102
25.443 -13.482 -431.295 1.075
-45.549 67.085 -377.589 1.045
18.072 18.340 -427.102 1.066
66.846 -23.640 -439.723 1.093
-29.127 32.360 -359.180 1.012
45.666 -20.854 -336.725 1.054
-4.588 -2.076 -470.917 1.031
35.837 77.185 -450.515 1.211
-73.984 -14.222 -357.819 1.002
-88.590 -58.627 -378.720 1.155
-21.467 20.974 -386.772 1.012
-58.555 -16.392 -467.146 1.181
60.825 34.975 -436.157 1.067
-96.908 -46.669 -314.341 1.089
-96.307 20.589 -471.635 0.799
-95.811 1.378 -453.308 1.105
75.678 -5.514 -403.202 0.985
48.894 -76.046 -437.664 1.256
-41.468 -95.590 -409.249 0.825
74.417 -0.321 -423.940 1.118
-88.991 -77.066 -404.795 1.141
-33.696 25.020 -325.315 0.922
-67.306 -25.635 -359.633 0.930
-4.230 -91.296 -458.424 1.098
42.006 -27.795 -439.669 1.115
39.199 78.122 -316.440 1.152
-26.827 94.294 -414.502 0.901
-17.884 -7.731 -307.171 0.775
91.704 -94.614 -378.000 1.057
95.353 21.066 -493.183 0.899
-48.848 79.094 -304.186 1.000
-58.522 85.265 -313.071 0.973
20.790 64.049 -359.696 0.871
-42.209 98.224 -355.565 0.999
-35.595 -93.467 -316.173 0.992
-37.887 15.942 -316.076 1.048
-22.979 95.952 -365.910 0.871
86.104 95.192 -373.414 0.955
-58.088 9.212 -415.420 0.951
-65.131 27.012 -363.479 0.843
29.314 -45.515 -428.254 0.958
-43.986 -58.526 -397.634 1.125
-80.122 37.937 -462.138 1.065
3.142 -68.511 -451.175 1.048
61.992 -77.153 -398.477 1.066
-63.260 89.527 -439.667 1.131
-38.243 93.998 -470.645 0.973
39.594 -13.618 -426.988 0.791
-67.794 -26.421 -440.498 1.130
-73.494 46.665 -429.685 1.078
-9.962 45.050 -482.766 0.994
81.821 -20.638 -441.841 0.876
1.381 16.330 -482.049 1.070
42.969 18.614 -422.519 0.998
-46.022 -98.845 -360.803 1.067
89.539 -52.939 -443.355 0.905
21.414 22.060 -427.056 1.268
-78.994 39.022 -424.137 0.976
-49.618 21.638 -416.311 1.081
-27.143 -50.530 -313.627 0.998
73.769 -68.863 -347.709 1.077
54.205 54.936 -357.816 0.998
40.436 4.571 -410.283 1.035
-62.310 94.226 -316.957 1.057
66.579 68.906 -399.576 0.991
69.044 86.757 -308.591 0.867
34.956 20.279 -494.975 1.237
-36.301 36.340 -331.165 1.015
-86.117 3.225 -345.851 0.872
68.919 -7.009 -364.841 1.007
84.573 30.823 -322.914 0.871
-39.375 -4.962 -340.067 0.967
96.814 -22.785 -303.449 1.040
48.094 -53.096 -393.931 0.999
-39.941 85.368 -461.616 0.920
10.864 -4.190 -428.496 0.927
-38.510 27.953 -482.818 0.937
75.054 -14.270 -490.356 0.905
7.850 -44.375 -418.352 0.987
-58.974 58.787 -411.977 0.862
-73.257 -56.465 -430.930 0.909
-53.322 83.632 -450.930 0.977
36.147 -1.127 -322.993 0.990
65.317 -28.167 -349.675 1.201
-89.722 85.242 -428.499 1.101
9.064 -50.941 -411.486 1.075
79.288 -57.164 -326.175 1.022
-75.860 89.030 -301.692 0.956
40.428 -2.317 -408.614 0.926
-19.861 -14.494 -322.032 1.126
74.527 -26.754 -304.253 0.963
8.879 -23.722 -434.398 1.024
-50.889 -76.387 -422.223 0.957
77.795 -51.538 -310.808 1.091
38.048 -50.974 -321.959 0.783
-46.328 89.072 -491.843 0.922
-91.137 -23.495 -326.952 1.126
-42.071 0.972 -309.968 0.976
60.186 94.045 -305.567 1.041
-38.458 8.741 -474.714 1.084
-77.336 91.972 -309.394 0.968
98.227 -48.577 -374.006 1.192
83.292 -52.231 -345.039 0.976
91.313 75.009 -408.990 1.115
-27.912 -41.695 -355.126 0.959
5.454 95.367 -402.451 1.181
0.085 5.694 -464.863 0.869
4.537 -60.115 -328.217 1.002
56.693 -98.339 -303.789 1.171
-57.002 -89.571 -374.791 1.010
99.971 -29.117 -362.804 1.058
-23.162 35.672 -414.193 0.989
-36.461 70.814 -389.536 0.961
19.827 51.932 -479.751 1.144
-49.196 6.552 -419.871 1.083
59.793 17.344 -317.617 1.122
88.186 92.217 -455.992 1.062
-6.907 45.007 -370.392 0.974
-43.874 72.412 -445.215 0.759
-13.094 29.506 -439.583 1.052
-10.612 25.536 -335.461 1.107
-31.874 90.258 -311.508 0.982
11.451 18.039 -350.984 0.907
-46.171 -38.205 -371.569 1.004
-24.457 9.159 -424.017 0.988
-31.178 -90.025 -479.501 1.068
65.432 -73.703 -300.513 1.005
82.947 -48.713 -371.878 1.162
-36.543 28.429 -396.647 0.876
86.283 47.327 -416.619 1.137
-10.848 75.484 -486.176 1.062
62.197 -18.049 -451.153 1.054
-73.713 -11.014 -482.441 1.125
32.782 34.900 -420.135 1.010
68.902 -28.817 -319.276 1.061
1.821 98.429 -492.631 0.918
34.415 -97.800 -339.057 0.829
28.693 13.920 -432.265 0.933
-28.979 -16.184 -379.152 0.978
-15.444 -26.031 -474.993 0.869
-13.517 -48.687 -374.875 0.994
19.485 67.522 -389.907 1.003
25.310 13.618 -412.635 1.046
28.833 -0.177 -366.190 1.007
-43.099 58.491 -489.369 0.903
-56.928 -62.047 -315.787 1.081
92.631 89.307 -349.827 1.061
38.256 -63.195 -492.481 0.915
60.603 -55.253 -376.869 1.037
66.338 -44.057 -314.735 0.944
39.087 18.467 -433.359 0.919
54.767 46.128 -488.108 0.982
-42.265 77.851 -305.285 0.968
-52.495 -49.330 -483.616 0.964
-34.915 -76.224 -351.590 0.948
29.121 4.849 -327.114 0.930
15.546 63.263 -381.332 1.228
-96.089 -36.176 -432.789 1.093
-57.761 -29.612 -488.243 1.209
-65.095 19.647 -304.728 0.803
66.053 -69.347 -371.665 0.867
-43.730 90.277 -482.416 0.770
-81.355 11.642 -368.333 1.076
-8.385 92.772 -430.165 0.903
37.927 44.975 -304.214 1.066
29.889 -1.831 -360.040 0.822
61.525 -20.946 -412.616 1.068
40.664 83.447 -309.529 1.094
-32.419 65.486 -306.426 1.002
-86.685 81.277 -365.664 1.086
31.751 -99.657 -403.472 0.893
51.762 85.102 -357.923 0.867
-93.818 -21.896 -355.640 0.953
52.963 -36.604 -448.495 1.083
-20.817 -25.730 -339.404 1.041
-81.738 21.230 -397.078 1.100
-80.771 81.691 -352.009 1.056
23.968 -36.517 -417.841 0.960
41.393 69.676 -416.602 1.047
74.211 -54.899 -372.423 1.103
-64.159 -60.690 -372.676 1.080
51.212 51.305 -492.276 1.094
-9.372 56.045 -467.837 1.232
-84.302 0.775 -324.141 1.131
1.087 -35.692 -303.959 0.852
-87.142 -61.847 -318.693 0.969
-96.528 59.474 -301.994 0.963
-34.206 -0.411 -323.801 0.841
98.673 79.911 -439.458 1.092
-65.708 -82.395 -358.566 1.104
9.907 13.298 -421.421 0.959
61.526 -6.371 -308.629 0.797
-92.549 86.015 -315.729 1.124
18.718 -19.320 -476.797 0.999
60.163 -71.188 -370.077 1.073
-26.601 -98.570 -371.641 1.297
-44.745 83.427 -451.761 1.061
95.484 37.035 -309.044 1.033
32.558 -30.812 -481.776 0.988
-40.567 -69.786 -484.622 1.023
-37.047 -97.637 -315.645 1.165
87.705 12.617 -476.175 0.951
94.826 77.117 -331.631 1.112
-28.639 9.860 -337.902 0.780
-19.488 22.610 -315.499 0.976
95.528 -83.303 -304.217 0.980
-94.795 -92.830 -430.737 1.035
44.665 -86.040 -306.776 1.086
-89.111 67.587 -492.234 1.006
88.628 -85.851 -445.049 1.187
-55.490 34.504 -427.782 1.094
-66.979 44.298 -451.934 1.028
2.097 55.924 -487.584 0.915
30.864 98.900 -385.311 1.091
20.762 -22.035 -363.659 0.962
-58.866 60.522 -394.503 1.039
-5.783 26.420 -496.998 1.014
25.941 -45.404 -452.424 0.882
-36.879 99.521 -390.650 1.013
79.856 49.272 -431.755 0.987
-77.034 -44.497 -413.589 1.014
58.230 0.187 -385.968 0.845
-39.965 -0.876 -474.228 0.912
59.520 57.501 -480.958 1.029
-6.435 98.076 -347.073 0.944
27.724 72.523 -409.407 1.041
-28.323 35.304 -323.709 1.291
-76.151 -93.351 -374.182 0.961
75.399 -37.829 -348.075 0.968
27.688 -67.059 -312.532 1.013
41.256 -18.285 -490.892 1.079
31.024 -96.588 -460.038 0.909
-58.180 66.737 -359.083 0.961
-93.763 92.967 -457.700 0.988
-98.820 43.900 -315.538 0.862
93.170 -28.924 -466.662 0.797
30.903 -87.009 -426.077 1.021
-94.278 95.649 -463.018 0.827
61.407 82.345 -456.190 1.069
-31.573 30.760 -416.586 1.186
53.421 -22.378 -475.987 1.019
-18.232 -7.589 -406.283 0.884
9.378 -0.004 -471.242 1.050
-8.077 -25.949 -405.643 1.011
-82.216 27.210 -338.874 1.091
-66.507 13.534 -364.126 0.946
-41.544 -21.788 -400.634 0.908
-11.371 -74.292 -348.335 0.880
82.953 -76.562 -362.905 1.004
67.376 54.638 -341.387 1.088
75.119 22.683 -424.414 1.035
47.631 -47.342 -494.523 0.945
47.388 -69.029 -434.553 1.080
-34.436 90.477 -497.215 1.093
17.984 -49.250 -336.955 0.919
93.714 -76.081 -343.304 1.018
26.326 80.898 -305.745 0.875
-93.538 -87.810 -497.948 0.935
65.830 -82.100 -412.364 0.998
51.229 26.901 -329.015 0.922
-13.730 -70.026 -457.105 1.189
18.037 -65.970 -393.924 0.998
9.581 91.132 -495.474 0.917
-32.896 -17.189 -353.124 1.083
76.260 87.733 -381.240 0.921
-80.644 3.984 -471.497 1.071
72.642 63.472 -384.926 0.880
-95.324 41.692 -397.306 1.138
91.864 -41.625 -364.087 1.054
-16.414 -54.162 -357.376 1.060
-29.566 62.026 -430.120 0.942
4.660 75.968 -408.407 0.897
-31.869 -23.965 -390.749 0.876
10.395 28.733 -358.119 0.974
-48.492 23.536 -465.281 0.962
-16.947 -55.373 -383.641 0.718
33.061 -22.346 -331.782 0.943
-21.898 1.135 -477.026 0.997
41.138 33.025 -382.067 0.883
-53.554 59.164 -478.011 0.887
-26.367 -53.155 -359.723 0.916
-49.465 5.205 -445.947 0.923
30.479 19.505 -378.892 1.082
-9.065 -16.722 -409.334 1.058
38.222 56.051 -476.446 1.067
30.037 27.049 -348.671 0.870
29.910 -39.972 -415.877 0.930
6.366 -55.140 -309.404 0.930
95.990 28.673 -310.293 1.068
-35.780 -10.309 -405.631 0.991
92.491 40.258 -415.371 1.215
-95.272 7.940 -443.364 0.963
-64.749 27.864 -464.342 1.055
68.816 -32.114 -456.833 1.183
-24.662 -10.535 -416.542 1.072
14.358 12.909 -371.617 0.807
-88.231 87.337 -432.525 1.174
78.870 94.956 -377.828 1.144
76.087 -9.322 -347.480 0.772
85.724 67.450 -429.997 0.959
-42.439 59.974 -320.077 0.826
5.152 24.024 -364.910 0.962
50.314 -93.927 -310.160 1.083
-42.806 67.835 -303.545 1.177
74.938 -15.814 -327.965 0.916
37.991 87.152 -374.610 0.937
66.939 20.967 -456.568 0.926
99.522 -39.626 -311.126 0.925
-35.590 -78.198 -426.166 0.836
-6.546 85.058 -355.662 0.922
84.675 -12.379 -367.710 1.090
14.691 82.156 -420.885 1.116
46.494 -66.406 -348.222 0.933
46.679 33.754 -492.779 1.066
55.646 55.339 -359.527 0.944
83.621 -40.071 -455.105 0.964
-81.489 -22.591 -401.604 0.957
65.563 -20.489 -410.338 0.947
-51.321 64.090 -432.348 0.971
-42.733 54.070 -460.642 0.951
94.730 -46.209 -492.199 0.941
-31.973 15.589 -447.380 1.157
-86.166 -8.323 -464.169 1.124
-62.836 -99.407 -393.470 0.924
-34.135 -48.751 -460.863 1.116
-70.830 83.313 -347.826 1.034
-61.017 -59.646 -396.724 1.100
22.223 -1.602 -460.736 0.953
-24.838 -30.280 -401.318 0.832
-28.746 44.493 -447.539 0.927
-38.614 9.290 -420.680 1.069
3.862 44.031 -376.578 1.176
-82.441 -5.047 -488.443 1.143
40.502 18.958 -376.143 1.027
-3.622 -30.598 -348.469 0.948
94.135 -53.867 -479.612 0.846
-85.132 -62.421 -439.191 1.039
-3.975 79.632 -421.878 0.901
-19.611 6.653 -334.875 0.870
-23.949 -31.286 -403.075 0.942
28.192 -13.977 -406.065 0.966
68.203 45.171 -464.258 0.947
-2.916 36.225 -340.352 0.982
