4.006 52.392 -317.909 1.027
-72.250 -92.185 -486.499 1.097
-90.201 -9.896 -484.852 1.069
-88.737 -57.339 -395.397 0.901
42.180 45.554 -432.084 1.002
-83.969 18.544 -305.458 0.998
89.047 6.096 -359.651 0.929
27.132 -35.549 -335.414 1.221
37.399 54.224 -404.702 0.847
18.821 29.967 -430.858 1.051
13.153 -98.364 -482.353 0.932
-4.196 84.873 -307.510 0.934
-50.840 90.298 -415.908 1.113
-65.087 95.515 -435.974 0.964
-86.114 12.927 -318.902 1.006
22.376 -47.641 -308.860 0.999
50.179 -62.734 -349.509 0.904
19.363 52.265 -447.587 1.099
24.549 90.955 -438.182 1.066
-32.404 90.547 -317.840 1.180
-25.764 -95.690 -458.261 0.947
18.922 65.294 -444.053 0.873
37.348 -40.977 -383.001 0.949
42.366 44.802 -313.828 1.090
79.781 -81.467 -482.689 0.980
-11.759 92.609 -497.115 1.025
17.633 96.909 -460.608 0.808
-76.910 75.086 -313.491 0.902
-64.541 -97.547 -376.050 0.960
48.356 -73.018 -460.468 0.975
86.817 28.287 -471.267 1.125
92.954 -66.350 -315.337 0.933
59.977 -64.599 -366.126 0.988
5.506 22.761 -440.659 0.875
-62.308 43.444 -493.534 1.061
34.297 50.852 -482.139 0.960
-26.746 95.418 -395.066 1.079
-53.219 -93.097 -377.004 0.821
-73.680 -44.728 -323.025 1.123
-13.730 65.510 -374.962 1.092
-62.421 47.907 -441.521 1.013
62.708 31.942 -380.778 1.129
-89.051 66.272 -416.151 1.016
57.545 6.701 -310.824 1.164
-53.045 -3.405 -427.888 0.977
29.684 1.393 -329.151 0.927
-35.561 27.274 -429.830 0.957
50.589 -38.334 -438.108 0.938
22.834 -61.661 -465.082 0.993
-16.048 -23.601 -394.214 1.001
86.851 50.686 -414.743 1.139
81.418 -35.568 -493.366 0.882
48.027 -98.455 -431.411 0.921
-80.711 -88.410 -476.671 0.979
-47.683 -73.072 -425.322 0.996
-24.064 -12.731 -344.939 0.883
-73.150 -83.050 -401.282 1.014
-40.400 74.020 -394.609 1.173
-24.860 73.095 -374.350 0.975
-64.370 96.429 -331.887 0.905
63.332 40.708 -412.451 1.141
10.341 64.112 -374.997 1.050
13.090 68.451 -401.930 1.132
78.725 -3.563 -317.090 1.015
-89.977 19.418 -348.628 0.963
16.536 -75.333 -465.637 1.017
-77.119 -65.574 -488.572 0.852
-30.056 78.760 -384.511 0.883
61.564 -98.435 -499.017 0.929
55.767 67.822 -349.888 0.994
-16.086 37.815 -380.101 1.082
69.820 -44.433 -384.316 0.903
8.002 0.642 -340.862 1.090
-59.905 40.644 -456.198 1.081
96.514 -81.301 -435.190 0.839
-13.196 -38.032 -359.240 0.832
41.305 81.335 -355.373 1.017
-28.011 -1.580 -343.676 0.994
-23.231 33.850 -475.901 0.959
-71.194 36.912 -372.605 0.960
-51.077 -32.671 -462.751 0.907
-52.420 37.916 -304.343 1.221
0.096 65.912 -383.375 0.885
-23.293 -53.060 -498.939 1.127
16.391 21.881 -447.296 0.970
-57.534 14.504 -353.600 0.918
22.466 -34.809 -391.748 1.155
-40.682 -91.534 -334.152 0.983
43.850 -73.317 -494.136 0.956
98.053 -39.350 -457.439 0.851
-80.976 -96.763 -322.406 1.044
2.869 87.757 -404.586 1.004
-89.103 -35.601 -481.078 0.997
-4.336 69.822 -367.979 1.180
-46.252 -90.745 -433.406 0.954
-0.522 0.700 -390.911 1.017
79.509 -17.313 -396.843 0.993
21.702 17.199 -404.669 0.956
-34.268 -11.298 -492.539 1.049
-23.136 -79.832 -309.794 1.026
10.775 24.847 -455.460 1.113
-84.015 -80.359 -397.878 1.047
65.594 68.244 -364.188 0.954
71.270 56.905 -371.226 1.071
-85.027 73.095 -422.231 1.045
15.585 -3.032 -423.691 1.032
-22.232 11.299 -494.213 0.973
8.409 -85.878 -352.030 1.014
-10.980 12.250 -384.099 0.893
-68.924 40.469 -332.953 1.031
49.889 -88.646 -350.305 1.068
-51.622 42.564 -386.632 1.094
-17.070 -25.680 -304.190 1.019
-83.785 42.777 -441.204 1.029
12.075 -95.984 -491.030 0.850
63.349 -50.032 -439.734 0.889
20.993 99.949 -384.395 1.020
-2.978 -73.975 -385.356 1.084
-0.525 -78.786 -355.454 0.853
27.377 -13.870 -484.030 0.858
-59.019 -83.094 -487.991 1.269
-37.775 7.951 -327.586 1.064
63.453 -17.645 -406.091 1.031
76.877 -69.008 -437.332 1.048
-5.513 -48.274 -467.031 0.958
50.573 -68.632 -397.989 0.994
-58.859 14.542 -380.591 0.929
-59.746 59.193 -420.571 1.114
83.169 93.489 -300.246 0.993
52.196 -11.520 -462.806 0.910
-1.596 -72.684 -359.709 1.065
-70.034 -15.688 -444.590 1.120
-50.371 80.147 -438.933 0.903
-51.450 33.063 -467.182 0.983
85.101 13.172 -302.389 0.866
-97.604 -79.811 -478.719 0.914
54.879 83.507 -309.065 0.933
71.375 -17.444 -307.975 1.030
93.307 34.740 -465.885 1.094
-31.705 88.108 -393.535 0.849
22.739 27.172 -342.267 0.959
29.244 -63.463 -318.107 1.199
-55.843 83.933 -334.179 1.190
62.918 58.597 -447.186 0.853
-32.828 15.161 -484.234 0.942
-69.889 -70.238 -393.426 1.055
-6.555 -58.386 -484.315 0.832
5.835 -60.501 -372.912 0.989
-80.591 -44.819 -460.413 1.044
-99.941 -95.589 -452.024 0.887
54.426 -98.292 -405.483 0.919
-36.133 4.144 -355.199 0.967
27.946 89.264 -444.366 0.965
20.345 -15.661 -354.516 0.936
71.958 -37.687 -337.763 0.984
41.865 -74.972 -379.292 0.993
53.048 -85.613 -305.704 0.872
-20.864 -52.300 -459.874 1.074
61.245 56.563 -341.653 1.150
-43.214 -3.835 -353.425 0.955
30.159 -11.380 -409.396 1.030
-26.251 -20.279 -462.153 1.037
7.134 32.827 -341.086 1.095
19.059 -42.419 -370.901 0.890
48.765 8.033 -313.937 0.909
53.482 22.948 -368.934 1.035
-50.340 52.399 -341.236 0.977
-95.064 -29.470 -326.228 1.143
45.842 -40.637 -352.503 1.032
21.127 38.786 -322.334 0.988
-7.829 -56.127 -392.672 0.849
-31.894 44.714 -315.657 1.031
8.209 -83.480 -455.556 1.045
90.050 26.469 -344.038 0.938
51.988 -86.300 -402.217 0.924
-59.242 -85.711 -418.372 1.021
-19.991 -86.699 -397.607 1.073
-43.420 -60.197 -435.370 1.109
-14.236 -15.329 -450.789 0.902
-42.008 3.235 -487.255 1.134
-69.403 -6.340 -464.884 1.009
-2.197 -40.219 -338.476 1.111
97.757 49.917 -316.237 1.110
-87.250 19.351 -368.236 0.969
95.743 50.617 -451.835 0.966
-30.015 -97.743 -371.081 0.961
-34.861 -64.203 -374.790 0.889
60.937 -80.513 -422.949 1.134
98.619 55.602 -375.207 1.039
76.060 89.668 -343.591 0.918
19.520 -2.005 -332.432 0.976
-21.979 -55.541 -447.424 0.868
57.249 -45.592 -351.401 0.866
-10.466 36.489 -441.607 1.147
-50.238 6.741 -339.776 0.968
19.296 42.642 -457.190 0.911
72.362 -72.181 -349.792 1.008
-95.506 64.934 -416.747 0.974
37.432 -2.341 -376.262 0.976
22.008 17.483 -347.255 1.037
59.350 75.103 -408.446 0.952
-91.815 -29.728 -466.643 0.998
-78.141 50.818 -389.259 0.895
36.247 36.491 -332.276 1.126
95.338 -79.076 -431.909 1.004
93.118 32.711 -471.803 0.985
80.733 -12.868 -352.104 1.126
-19.064 25.014 -409.021 1.139
70.913 -24.278 -343.616 0.998
-97.409 11.327 -313.914 1.033
62.180 -7.017 -383.559 1.009
43.985 -89.412 -305.234 0.946
93.647 -73.297 -386.061 1.007
-57.785 51.896 -372.062 0.945
65.597 29.702 -369.630 1.076
-8.400 -95.676 -426.019 0.979
69.570 46.153 -433.158 1.109
-62.036 -48.137 -407.667 0.841
-6.956 1.513 -424.278 1.018
-31.634 -94.151 -444.283 0.853
-88.146 87.497 -358.300 1.163
-89.397 -61.839 -436.714 1.114
-68.471 -47.698 -469.507 1.088
-0.014 -81.712 -432.341 1.131
7.954 -7.771 -480.211 1.028
-73.050 40.110 -356.494 0.938
-34.329 -29.699 -370.934 0.974
50.682 78.542 -468.666 1.009
-87.738 -43.900 -400.424 1.027
64.906 80.769 -414.791 1.058
16.553 -44.704 -420.713 1.081
55.639 85.629 -429.696 0.964
-97.357 73.551 -490.506 0.963
-51.919 -23.845 -356.498 0.969
-93.463 -54.135 -405.765 1.007
35.510 53.903 -433.527 1.122
4.726 -88.112 -389.415 1.044
36.647 -27.044 -353.211 1.059
63.028 -52.848 -325.929 1.068
42.631 -63.962 -353.076 1.074
30.309 70.993 -324.493 1.164
-41.613 8.320 -489.785 0.982
-5.325 -81.424 -309.750 1.033
-14.360 -18.443 -319.126 0.969
-6.419 29.571 -438.066 1.186
-83.221 96.887 -421.671 1.072
17.426 79.425 -400.413 0.962
-52.018 82.036 -480.265 0.973
-84.522 -87.891 -496.363 1.063
-42.532 -71.581 -305.490 0.935
56.977 28.282 -445.169 1.019
12.001 -36.004 -486.428 0.944
27.996 73.308 -363.243 0.840
-23.568 38.992 -382.697 1.006
37.560 30.600 -406.148 0.935
-72.829 -42.564 -482.399 1.003
66.042 -62.449 -314.913 1.069
38.656 6.298 -463.652 1.033
12.250 35.581 -410.321 1.019
-40.865 -89.868 -339.583 1.066
-86.915 -4.473 -352.563 0.939
-69.179 -72.073 -460.051 0.947
-57.265 -63.678 -351.087 0.977
-51.625 45.710 -325.245 1.274
45.325 5.544 -403.037 0.987
40.774 -30.934 -476.118 0.972
-20.651 5.447 -418.108 0.970
-24.874 -49.766 -300.018 0.923
17.656 -6.891 -457.449 0.872
-49.272 96.715 -450.539 1.149
-53.693 77.007 -492.230 1.069
-44.879 26.804 -344.395 0.998
22.445 -43.707 -489.218 0.965
-11.652 20.248 -478.770 0.959
-25.606 -42.604 -437.806 0.908
-16.924 -58.380 -472.138 1.026
70.329 -98.050 -317.787 1.164
62.552 -55.196 -463.493 0.933
81.405 97.902 -311.738 1.107
-0.059 11.820 -483.615 1.001
21.277 -63.172 -309.322 0.814
95.032 27.061 -331.680 1.163
-1.075 -39.463 -429.556 0.883
-94.565 8.199 -387.467 0.923
77.919 13.688 -416.194 0.978
-53.355 -19.504 -355.570 1.145
66.397 -47.459 -469.860 0.915
-31.064 99.951 -449.035 1.032
-88.488 -99.492 -379.885 1.109
-88.452 56.985 -360.881 1.174
67.997 18.602 -387.232 0.913
-81.264 64.757 -484.082 0.933
9.197 -90.790 -311.312 1.025
87.450 46.703 -434.833 1.180
7.939 2.234 -316.849 1.049
-80.683 98.285 -341.034 1.153
73.628 -92.005 -384.628 0.842
-50.298 -33.832 -458.183 1.009
88.340 60.090 -399.314 1.193
60.227 20.391 -389.158 0.899
72.109 73.170 -387.951 1.023
-37.177 43.447 -317.589 0.959
26.542 -0.237 -312.672 0.938
-7.303 75.914 -428.612 0.922
35.772 -42.774 -453.187 0.852
-74.424 -33.641 -313.368 0.945
-37.817 0.920 -403.057 0.804
-32.958 -84.126 -460.506 1.039
-78.551 62.440 -488.475 1.005
-74.319 -91.254 -496.465 0.984
33.373 -71.527 -324.776 1.052
-96.114 -78.292 -319.197 0.955
-16.954 59.430 -448.522 0.881
21.725 -3.306 -307.053 1.022
-54.472 -21.693 -396.959 1.005
83.331 6.220 -388.097 0.945
-66.338 7.791 -406.528 1.136
-9.535 78.890 -395.195 1.064
76.776 -32.620 -348.922 0.928
76.847 -61.485 -371.601 0.962
-0.638 -33.533 -302.187 0.992
30.358 -47.461 -476.141 0.830
-26.255 -3.559 -332.840 1.056
-99.022 9.345 -366.833 1.179
23.217 -69.886 -320.308 1.039
-79.043 -64.705 -343.538 0.865
57.653 74.201 -322.696 0.978
44.013 -37.204 -434.215 1.032
-84.847 -27.079 -429.260 0.960
-23.016 67.569 -338.787 1.293
-1.321 -13.259 -301.162 0.971
9.406 22.094 -330.448 1.068
-90.453 -85.450 -324.519 0.933
-84.276 -98.864 -498.480 1.003
18.898 79.726 -456.856 1.144
-52.187 63.707 -427.493 0.966
-38.484 7.967 -455.328 0.995
-50.711 68.219 -484.150 0.953
2.688 26.989 -463.097 0.842
84.286 76.088 -408.596 0.830
7.052 3.653 -307.419 0.995
-4.522 -45.008 -301.803 0.999
11.017 -69.597 -333.832 1.058
-19.178 86.643 -309.393 0.886
47.364 -90.663 -458.532 1.149
81.016 52.942 -341.080 0.990
-19.497 -78.932 -432.487 1.065
-16.575 3.249 -419.532 1.046
57.132 -20.989 -436.267 1.195
-15.840 -97.244 -483.690 1.002
-44.784 82.533 -301.680 0.888
-63.395 40.254 -451.998 0.823
-21.658 97.747 -439.457 0.934
-81.049 39.032 -333.781 0.981
95.807 -14.681 -388.219 1.123
95.025 84.587 -492.531 1.128
-70.804 -56.469 -492.895 0.962
26.960 65.784 -463.062 0.963
47.914 -63.391 -358.451 0.956
-18.126 49.783 -484.681 0.891
-73.485 86.437 -390.144 0.929
73.577 13.016 -334.534 1.004
-89.152 -65.475 -330.008 1.204
-90.367 -59.967 -346.621 0.983
75.663 15.247 -306.399 1.110
71.208 18.920 -301.954 0.884
30.045 4.551 -391.542 1.058
35.816 -74.124 -462.310 0.801
-95.188 -11.456 -358.942 0.900
55.298 -17.792 -321.924 1.104
-49.660 6.996 -307.646 0.885
18.942 75.025 -458.962 0.935
-58.885 96.245 -378.272 1.044
34.239 41.221 -351.920 1.147
-72.061 37.940 -316.164 1.197
41.990 49.056 -443.524 0.944
27.199 -63.344 -450.148 0.909
49.023 -45.420 -406.389 0.816
-79.202 -58.997 -391.978 0.820
34.397 -15.506 -384.686 1.158
-49.708 39.970 -337.804 0.968
-11.228 -59.628 -388.316 1.007
38.982 -82.515 -303.717 1.212
-46.301 11.042 -377.330 0.946
-82.288 -93.682 -334.215 1.117
62.918 85.557 -303.687 0.974
61.912 77.090 -448.759 0.961
38.073 -18.167 -308.764 0.900
-14.032 9.550 -389.646 1.001
-25.409 86.851 -497.672 1.132
6.488 55.872 -475.409 0.870
-8.484 42.215 -404.643 1.100
87.739 -1.411 -409.524 0.867
-8.891 -92.463 -496.133 1.020
52.777 -0.397 -424.189 0.740
-38.750 60.107 -379.449 0.874
-71.774 -73.970 -406.915 0.986
-47.877 -56.804 -302.828 1.016
79.431 86.663 -393.612 0.777
48.227 9.161 -339.777 1.053
75.950 68.062 -391.644 0.922
23.211 -50.309 -371.280 0.929
-97.156 -94.843 -350.697 1.032
-11.850 -1.159 -467.814 0.881
-37.212 63.455 -432.222 0.919
5.162 -98.586 -444.375 0.995
1.337 39.910 -306.566 0.953
-32.155 1.157 -479.902 1.015
-14.398 -1.348 -437.169 0.932
10.561 16.709 -459.037 0.986
-58.158 43.409 -330.903 0.986
60.108 -47.426 -456.966 1.191
65.113 -75.493 -348.704 0.744
17.214 -26.897 -353.819 1.052
-52.362 12.883 -348.515 1.090
-79.050 20.138 -327.289 0.927
77.038 -81.086 -354.493 0.890
75.456 68.578 -338.281 1.063
-32.785 46.862 -451.494 0.799
-28.023 93.204 -311.095 1.073
41.415 -1.992 -409.090 0.942
2.734 -62.768 -324.197 0.990
-83.199 -27.956 -396.252 0.964
-89.932 -37.057 -347.133 0.882
-62.586 51.104 -350.113 0.949
-74.439 -92.206 -357.787 1.100
15.481 -52.164 -359.676 1.082
72.491 75.707 -300.107 0.946
27.266 61.143 -328.986 0.926
-68.213 73.071 -406.238 1.116
-2.179 60.844 -320.974 0.881
27.571 -54.653 -321.562 0.986
-81.029 94.204 -429.310 0.869
-4.896 -47.367 -339.756 1.019
46.313 -71.824 -387.889 1.122
-6.081 25.440 -427.686 0.895
-46.799 -19.519 -338.326 0.919
-58.328 -9.671 -396.420 0.949
6.125 14.584 -498.300 0.911
2.991 74.818 -329.156 0.979
8.670 -87.904 -339.605 0.966
78.692 44.241 -406.597 1.004
-96.411 -7.262 -421.668 1.087
-54.777 -54.580 -305.179 0.856
-71.048 -36.007 -377.611 1.065
-95.402 91.803 -399.093 0.816
40.903 69.744 -324.762 0.813
6.586 73.303 -382.403 0.895
52.622 18.199 -489.255 1.005
-58.707 29.466 -368.569 1.129
-76.537 92.730 -406.407 0.934
20.780 17.101 -342.592 1.100
12.045 -22.345 -433.759 0.815
19.161 38.607 -350.511 1.011
67.353 -83.798 -327.438 1.084
-89.767 -99.074 -408.144 0.931
71.821 60.685 -309.173 0.993
20.223 -96.238 -338.229 1.040
-92.338 96.131 -382.943 0.937
44.171 -27.608 -372.949 1.225
74.840 48.970 -302.666 0.965
-15.128 29.602 -418.292 1.230
57.318 56.736 -313.628 1.082
-86.505 84.458 -374.146 1.001
-93.897 -3.297 -374.936 0.945
-39.597 -64.557 -494.430 0.812
26.130 -49.232 -337.988 1.097
-18.988 52.528 -454.226 0.695
-74.753 -92.171 -412.154 0.875
88.661 57.003 -314.818 1.078
-91.668 69.864 -397.815 0.969
29.540 -83.834 -370.552 1.054
-36.787 -83.911 -313.400 1.155
67.393 47.150 -417.927 1.028
21.076 -34.038 -478.373 1.127
82.682 27.407 -356.959 1.060
78.010 72.048 -308.266 0.993
-10.177 -5.393 -396.128 0.898
4.901 91.726 -312.951 0.922
18.116 -31.770 -389.602 0.876
-23.611 30.651 -467.095 0.957
-19.035 30.703 -316.505 0.912
-57.666 -49.301 -448.545 0.995
71.739 60.106 -305.347 1.059
10.982 8.416 -428.408 0.891
-57.454 79.816 -474.954 0.999
22.396 90.189 -397.471 1.150
26.125 -39.599 -373.935 0.990
-12.757 71.022 -327.155 1.179
-54.380 -69.288 -467.950 0.966
-97.953 -23.983 -357.588 1.035
72.402 -7.722 -386.003 0.835
-22.464 -35.811 -425.508 1.072
-22.609 9.779 -414.146 1.017
-69.079 19.660 -405.955 1.057
71.057 64.745 -321.852 1.158
95.514 -45.074 -313.180 1.185
-88.223 67.475 -340.279 0.942
-28.477 -96.611 -490.121 0.903
-72.090 37.385 -432.382 0.977
-36.593 -68.944 -397.641 0.958
-89.387 26.044 -437.973 0.928
16.134 -12.203 -459.214 1.003
-38.724 34.598 -411.653 0.861
-9.037 68.266 -426.582 0.955
85.802 -36.638 -435.401 1.020
-22.283 68.590 -431.608 1.067
-40.247 44.398 -314.165 1.123
31.018 -11.968 -411.976 1.054
-65.388 -77.999 -465.865 1.100
66.198 41.724 -406.741 1.080
-54.911 60.372 -481.301 1.139
28.141 72.411 -483.898 0.970
-94.828 -62.619 -387.918 0.962
-27.521 -20.842 -306.123 0.874
-53.246 57.821 -324.183 0.981
76.863 -38.189 -449.993 1.116
-27.167 -21.386 -400.502 0.880
57.536 45.064 -310.569 0.948
15.039 -75.039 -393.948 1.061
6.783 80.127 -426.674 1.141
73.127 33.750 -415.618 1.020
27.974 -55.371 -401.559 0.879
3.724 -67.204 -437.575 1.094
-51.362 15.835 -326.181 1.148
-42.653 46.731 -441.815 0.967
93.909 -91.532 -446.463 1.068
-33.792 90.359 -398.780 0.966
-42.482 -79.773 -394.927 0.896
-78.175 80.328 -325.558 1.084
63.049 -10.812 -434.395 1.002
10.171 -42.684 -409.156 0.990
20.456 -80.678 -496.687 1.175
-68.727 5.244 -405.326 1.136
87.804 41.592 -408.785 1.092
34.647 2.593 -333.575 0.975
90.785 -28.860 -373.339 1.240
-12.852 -87.378 -461.196 0.919
3.205 69.250 -420.214 0.944
90.436 39.798 -327.401 1.047
-25.031 11.742 -402.971 0.866
-95.788 -73.393 -301.850 1.124
-4.222 51.058 -438.527 1.007
5.340 53.347 -306.817 0.952
92.163 89.813 -454.751 1.139
-44.334 -97.653 -431.687 1.008
-77.104 -75.430 -333.762 0.831
67.259 -6.242 -395.430 1.030
-42.356 18.487 -370.760 1.001
-88.864 45.681 -478.853 1.022
-86.583 -8.504 -447.735 1.103
53.864 -66.234 -352.824 0.884
44.780 -19.414 -360.690 0.979
93.292 22.484 -325.769 1.087
-8.369 49.624 -455.568 0.875
42.139 93.724 -379.969 0.907
-41.874 72.411 -359.463 1.022
66.052 32.254 -427.565 0.901
-62.881 -67.060 -336.406 1.051
96.711 9.511 -485.569 0.875
51.705 -5.130 -422.381 0.854
46.880 -55.353 -405.749 1.084
-42.114 63.310 -406.478 1.090
-50.104 15.470 -340.186 1.027
-57.747 -79.756 -453.560 0.809
86.042 -31.214 -415.004 0.987
83.009 -19.003 -368.038 0.950
-93.378 -63.354 -300.046 0.889
46.747 -87.995 -366.517 0.956
-78.810 -50.035 -458.930 1.045
-6.751 -67.054 -311.599 0.857
-81.290 -10.662 -389.020 0.941
2.928 96.896 -426.693 0.924
42.478 -32.443 -349.292 1.029
-4.767 65.172 -300.412 0.932
83.368 -49.883 -328.461 1.058
-89.008 68.127 -491.431 1.009
-95.660 -4.165 -465.382 1.001
-51.033 -93.040 -451.644 1.069
93.839 62.449 -367.258 1.167
25.405 68.967 -493.680 1.204
-21.390 -20.725 -300.306 1.056
84.684 -71.961 -376.774 0.958
37.312 -23.551 -304.999 1.010
-96.384 -34.169 -402.407 0.985
-59.114 41.177 -336.835 0.834
-44.044 99.452 -342.206 1.059
-56.528 -23.413 -341.601 1.161
-3.280 25.835 -370.596 1.111
30.376 -33.105 -389.083 1.157
-73.911 -29.229 -335.285 1.144
-95.872 88.393 -365.693 0.890
-0.219 62.783 -495.947 0.768
-9.062 8.264 -330.404 1.084
60.559 -60.185 -487.327 1.136
13.591 9.007 -309.867 0.804
-15.071 -29.744 -370.806 1.098
19.027 42.206 -419.272 0.913
-63.215 -91.522 -431.973 1.177
48.117 -28.291 -481.849 1.044
-29.290 -41.780 -381.365 0.824
-93.961 -92.276 -495.047 0.933
-53.610 -34.108 -431.918 1.001
81.536 -95.664 -496.924 1.022
62.176 -92.366 -398.323 0.998
45.945 68.982 -362.390 1.020
91.530 19.380 -464.132 0.756
-13.015 82.181 -361.121 0.989
84.064 -44.821 -410.184 1.009
-40.091 -33.919 -498.476 0.993
-52.429 -95.008 -392.900 1.196
35.291 21.613 -493.945 0.958
89.812 -67.734 -464.244 0.901
-5.970 -91.009 -390.057 0.764
24.455 -81.234 -485.956 1.109
47.047 49.181 -352.623 1.038
-29.538 59.111 -456.361 0.965
-55.377 -69.108 -493.170 1.009
98.937 -25.733 -455.729 1.100
60.782 3.504 -495.833 1.005
-17.524 19.780 -422.575 1.276
-67.250 60.607 -396.423 0.827
-58.070 -64.254 -423.836 0.962
-46.578 -69.953 -497.487 0.989
29.493 85.808 -382.262 1.129
21.770 40.432 -334.209 1.252
-19.233 -94.551 -369.022 1.036
99.779 30.678 -453.153 1.013
91.830 32.396 -397.268 1.055
-37.020 65.916 -344.867 0.888
75.040 -93.630 -423.897 0.951
-50.045 -15.485 -347.962 1.025
-50.564 -66.383 -333.310 0.979
87.659 55.351 -463.250 0.956
-99.181 -62.266 -402.318 0.978
39.614 70.889 -454.979 0.996
13.427 3.086 -429.427 0.965
2.256 14.834 -499.420 0.848
17.135 -51.770 -438.509 0.973
-9.190 -63.671 -412.163 0.951
74.692 56.086 -387.532 1.022
-53.244 -23.403 -463.618 1.188
7.698 -97.643 -411.459 1.188
-37.045 -82.094 -454.371 0.802
67.352 4.594 -407.943 0.993
46.717 45.018 -360.801 1.069
-45.281 -51.905 -320.907 0.920
-19.455 -82.323 -468.356 0.958
-2.073 97.353 -457.290 1.164
45.270 50.093 -393.708 0.753
-53.796 -62.534 -396.030 0.829
-22.140 -45.275 -397.708 0.937
-16.317 -86.048 -370.513 1.113
42.109 72.657 -441.407 1.108
-89.650 -20.706 -474.712 0.983
30.794 89.404 -410.532 0.867
51.880 -74.844 -471.779 0.911
-54.276 -13.223 -359.453 1.065
49.914 -1.331 -332.212 0.871
58.425 -84.301 -420.850 0.881
-52.526 -97.960 -333.882 0.921
72.436 29.296 -417.010 0.859
-6.236 47.267 -495.695 1.080
-9.739 49.230 -313.324 1.120
76.455 -38.491 -350.267 0.964
93.865 22.238 -484.032 0.977
47.473 14.607 -382.375 0.929
23.966 20.739 -406.492 0.996
-48.810 -82.744 -422.055 1.000
85.184 67.616 -387.735 0.812
-64.646 27.508 -410.624 1.008
45.599 -30.530 -419.209 0.900
-18.260 1.813 -307.390 0.990
-20.184 -41.270 -301.747 0.827
-70.309 11.900 -420.572 1.040
-63.327 41.339 -354.843 0.998
-24.726 -72.798 -392.974 0.964
-58.313 98.314 -483.689 1.229
83.723 -58.621 -443.361 1.030
56.994 -69.218 -303.204 1.042
-32.930 -70.308 -442.324 0.877
72.647 -14.023 -351.688 0.966
41.848 93.019 -487.036 0.967
-97.483 75.396 -374.817 0.998
-5.747 -58.999 -398.559 0.904
95.056 49.327 -420.461 0.961
44.714 -26.190 -371.382 1.033
-2.701 -7.522 -343.901 0.971
-31.015 -67.008 -340.123 1.124
-23.018 -21.310 -367.759 1.021
-90.537 -22.283 -328.893 0.998
-17.625 9.322 -379.569 1.016
-59.559 -91.637 -387.925 0.927
-7.024 90.461 -409.306 0.936
-14.023 -74.824 -317.895 1.053
-75.248 -62.673 -469.437 1.101
24.976 96.434 -333.862 1.028
44.431 16.581 -495.295 0.929
23.945 -46.021 -369.692 0.946
-78.488 -93.384 -394.642 1.047
19.395 -84.417 -419.154 0.871
-86.363 -11.080 -367.963 0.893
39.996 72.947 -444.108 1.093
-27.387 74.799 -470.132 1.012
-72.616 -29.767 -367.517 0.951
-63.113 54.440 -378.958 0.923
-43.499 -85.840 -365.119 1.040
37.464 14.118 -454.623 0.933
-79.076 44.036 -393.711 0.759
49.778 25.424 -473.875 1.152
-7.016 47.567 -370.455 1.011
97.514 -33.358 -377.688 0.909
-17.406 73.821 -320.422 1.018
60.771 0.677 -419.508 1.081
-92.825 61.071 -391.326 1.221
89.049 39.503 -363.382 1.096
77.169 -31.621 -444.483 0.883
-35.984 79.328 -337.728 0.970
16.138 5.938 -314.779 1.197
0.783 11.750 -400.511 1.052
2.280 -87.427 -486.901 0.965
-28.293 54.694 -427.310 1.084
88.540 -47.012 -334.126 0.959
-95.916 48.794 -411.795 0.934
56.619 39.729 -332.183 0.900
89.732 25.751 -305.418 0.946
-14.798 -29.040 -469.056 0.929
78.655 39.661 -499.236 1.044
77.266 -33.750 -468.557 1.186
-70.629 -74.970 -347.505 1.112
-77.042 -39.334 -311.132 1.091
-55.462 1.182 -343.007 0.874
-50.286 -93.105 -323.226 1.068
42.201 61.675 -488.547 0.914
-77.893 54.933 -373.204 1.071
-74.704 74.007 -442.752 1.099
-52.394 72.715 -485.137 1.002
91.870 -54.697 -383.432 1.166
-68.931 -98.012 -371.156 1.098
62.170 58.862 -310.278 0.793
20.467 -54.376 -431.691 0.925
-73.108 24.731 -443.916 0.969
65.718 -15.071 -310.826 1.002
-20.724 87.823 -305.002 0.965
-51.877 -33.188 -335.508 0.985
12.669 12.189 -416.834 1.007
-14.678 -45.836 -426.161 0.883
-72.452 -77.901 -319.944 0.928
-33.454 74.362 -326.813 1.024
92.945 -26.633 -486.549 0.955
-78.711 -28.926 -482.090 0.791
-73.685 78.885 -470.342 0.941
-67.154 -24.065 -354.289 1.204
-68.326 7.132 -340.803 0.841
81.404 -5.942 -469.614 0.906
-12.651 -53.154 -480.833 1.070
33.092 72.535 -487.839 0.999
-97.247 -88.705 -333.863 1.035
82.328 47.650 -476.079 0.958
14.152 98.748 -487.645 0.749
89.641 92.292 -346.868 0.945
32.531 50.438 -361.069 0.925
22.412 -88.795 -347.160 1.027
-49.734 96.170 -470.867 1.089
58.171 -16.758 -322.692 0.988
9.665 57.874 -311.964 0.999
-48.891 -80.354 -336.450 1.174
2.947 -51.071 -403.745 0.909
85.884 -80.544 -425.186 1.106
-36.259 -85.034 -300.845 1.137
-46.505 78.187 -436.916 1.175
-59.089 77.333 -329.432 0.911
-69.607 -26.208 -433.394 1.188
40.025 -46.260 -465.130 1.011
-70.844 8.740 -369.916 1.083
49.019 -14.815 -303.940 0.951
-39.619 83.797 -479.849 0.931
85.544 -46.226 -316.137 1.147
-97.730 -61.552 -484.982 0.976
-57.306 -46.763 -492.330 0.980
43.238 42.512 -307.014 0.844
-98.522 43.425 -371.650 1.034
82.423 40.736 -492.716 0.815
29.538 -31.520 -337.129 0.881
-71.079 4.616 -402.498 0.906
-84.892 30.310 -425.128 1.074
46.625 -40.799 -350.126 0.955
22.180 29.945 -326.122 0.919
-49.350 10.841 -407.420 0.893
-76.530 -81.336 -410.392 0.817
-32.802 -29.304 -318.761 1.167
-65.054 52.106 -462.245 1.065
-5.429 -85.623 -318.840 0.872
-80.018 19.842 -406.554 1.069
87.480 61.184 -456.759 0.909
26.683 -29.115 -303.299 0.927
11.837 -49.820 -441.696 0.953
65.707 -58.802 -421.802 0.961
9.853 -80.910 -476.606 1.092
-15.826 -37.231 -463.312 0.927
-83.248 -32.082 -376.789 1.187
-12.455 -76.353 -367.168 1.002
96.562 76.310 -453.850 1.092
54.464 -62.720 -481.256 0.932
-95.067 -51.124 -401.265 1.005
36.106 -8.102 -363.295 0.967
-23.133 35.359 -378.716 1.004
35.472 5.561 -399.525 0.949
22.484 -47.996 -475.757 0.888
-94.677 93.617 -340.887 1.091
68.039 -71.337 -463.671 1.047
-59.873 -35.433 -467.765 0.824
-13.888 73.502 -405.343 0.972
54.644 61.671 -499.699 1.053
29.487 -58.028 -424.658 0.965
99.321 29.448 -485.094 0.939
39.341 57.071 -306.437 1.015
-93.971 -63.871 -467.852 0.997
40.923 -63.245 -301.387 0.929
-70.673 17.414 -475.878 0.916
-55.783 24.512 -316.770 1.020
-97.349 -16.898 -321.199 0.974
-78.630 -34.696 -356.222 0.932
67.020 -68.685 -495.196 1.125
51.504 9.460 -460.739 0.988
99.468 -66.234 -382.911 0.738
63.844 -96.830 -315.514 1.126
-61.506 -19.673 -360.875 0.996
62.519 72.827 -444.010 1.046
-11.125 21.067 -379.971 1.267
17.478 76.658 -434.314 0.866
-21.538 86.477 -395.195 1.067
-88.666 -60.746 -384.712 0.917
-11.090 -83.384 -472.096 0.882
-59.519 33.663 -499.923 1.023
37.060 29.154 -486.546 0.938
-76.313 -34.702 -498.726 1.067
9.110 -29.460 -349.723 0.820
-39.266 15.219 -402.106 1.032
96.393 14.681 -319.539 1.128
-32.136 5.152 -352.397 0.881
14.182 -95.631 -306.095 1.020
59.132 -4.803 -331.656 0.909
8.263 70.307 -305.478 1.204
85.641 -97.891 -405.771 0.960
-82.610 -10.590 -301.701 1.254
-95.566 -21.988 -465.516 0.968
60.599 -78.084 -454.559 0.966
-96.873 -76.558 -346.276 1.081
0.206 69.554 -405.890 1.023
-26.477 -2.477 -428.160 1.177
-6.907 5.191 -329.036 0.883
12.275 79.963 -408.390 0.819
-40.046 13.234 -366.365 0.965
87.744 -73.736 -359.463 1.054
-81.898 60.932 -343.966 1.154
27.253 -31.305 -305.888 0.798
-56.185 70.193 -334.084 1.057
60.678 -12.018 -359.714 1.025
89.735 94.923 -448.545 1.103
2.744 11.741 -399.405 0.799
-94.625 60.278 -314.509 0.865
30.591 68.971 -353.617 1.099
-72.370 87.845 -493.430 0.940
99.301 44.839 -312.661 0.801
21.333 -88.323 -414.355 1.141
54.735 -5.980 -458.144 0.959
-0.764 -73.244 -465.071 0.987
64.792 -86.720 -378.093 0.960
86.320 -78.804 -380.798 1.086
73.805 -54.578 -320.145 1.069
-2.336 39.675 -484.607 0.931
78.415 81.298 -427.503 1.046
33.494 69.124 -460.972 0.980
-90.117 12.628 -350.755 1.091
-24.841 99.014 -444.554 0.980
75.945 -13.674 -491.277 0.825
36.191 80.639 -345.889 1.050
87.242 -19.391 -383.455 1.014
61.690 -64.483 -314.947 1.089
-26.154 -58.043 -404.639 1.088
15.451 60.154 -382.785 0.910
-20.378 25.598 -434.366 0.765
-70.671 80.671 -444.508 0.964
39.972 36.445 -392.252 0.987
-88.187 27.366 -428.484 1.038
48.886 -65.164 -340.139 0.838
51.883 -62.574 -344.947 1.217
35.763 -0.169 -473.792 1.005
35.419 -11.355 -301.073 0.832
54.855 92.823 -467.770 1.103
-56.678 56.111 -353.323 0.961
-53.868 -26.347 -345.604 0.861
-78.856 76.797 -459.549 0.794
64.436 39.753 -413.951 1.000
-2.877 75.968 -430.404 1.058
-64.776 44.980 -450.028 1.042
-28.705 -95.254 -464.574 1.175
76.750 -26.876 -430.832 1.067
59.791 91.666 -426.940 0.960
8.451 27.562 -454.726 1.051
77.100 7.629 -493.418 0.920
-53.786 -36.305 -405.644 0.785
9.893 96.273 -329.166 0.913
84.928 -14.916 -411.900 1.079
-85.833 96.532 -336.215 0.943
75.315 -25.686 -456.492 1.012
-76.377 59.739 -436.071 0.952
52.923 83.654 -395.358 0.999
-54.080 -92.923 -340.853 1.124
-4.838 -10.677 -462.864 1.044
-90.285 60.559 -358.988 1.146
-99.427 86.839 -315.588 1.059
-58.255 18.211 -408.202 0.968
-23.831 73.571 -427.291 1.014
-41.893 72.128 -395.470 0.961
-63.626 43.906 -456.480 1.110
7.215 -59.288 -478.733 0.895
77.638 -19.617 -477.829 1.059
0.516 -24.871 -376.966 0.949
-39.112 -27.246 -423.702 0.930
-85.930 -64.709 -426.572 1.152
-51.735 -4.765 -427.325 1.112
67.600 34.103 -389.207 1.009
-84.161 -3.643 -407.931 0.953
-85.631 99.076 -479.576 1.028
64.278 -73.865 -462.986 0.997
41.663 -75.637 -363.897 1.015
15.166 -21.895 -495.761 1.115
-1.168 24.761 -321.413 0.972
80.402 -35.818 -408.782 1.103
-51.198 -18.788 -457.796 1.065
28.397 21.169 -304.643 1.075
6.943 -33.523 -444.310 0.912
-75.604 99.025 -362.769 1.023
-86.993 -74.290 -335.762 1.049
-28.248 54.669 -498.515 1.006
-92.542 -31.993 -357.534 1.018
-56.858 51.220 -401.140 1.047
-95.996 3.851 -321.159 1.094
-86.601 -75.317 -333.102 0.946
-45.168 7.914 -473.988 1.005
-14.091 -53.646 -301.324 1.135
24.530 -35.606 -476.338 0.960
47.345 61.115 -301.472 1.044
15.822 -33.457 -477.275 1.140
-41.316 -80.140 -336.959 0.967
1.904 -55.181 -399.042 1.059
29.366 -87.653 -383.409 0.806
-17.371 91.883 -311.804 0.870
-13.409 70.307 -490.179 0.996
9.262 77.789 -494.131 0.907
5.104 34.302 -420.272 1.067
-69.511 7.732 -478.913 1.020
6.896 -62.198 -345.151 1.045
32.996 25.627 -482.641 1.188
-69.952 48.782 -394.146 0.994
70.063 -98.923 -440.395 0.838
-12.305 15.347 -385.542 1.122
97.008 83.742 -363.866 1.125
-85.300 21.555 -421.305 1.021
-61.143 3.832 -447.799 0.976
-16.796 -69.756 -449.001 1.040
97.563 -9.743 -357.428 0.945
-56.805 -64.657 -377.571 1.047
49.314 -92.936 -309.242 0.919
-82.758 22.073 -441.433 1.017
90.484 13.654 -394.747 0.947
17.088 -10.870 -397.156 0.800
-68.916 98.604 -386.977 0.951
25.631 -90.469 -326.062 1.109
-39.360 8.142 -479.986 1.026
51.383 92.884 -415.726 0.933
-17.316 91.246 -322.346 0.981
-94.959 63.296 -392.507 1.028
3.401 95.277 -315.795 0.880
-59.017 66.833 -454.096 0.995
43.918 -48.275 -427.088 0.981
-29.060 10.527 -406.021 1.170
-86.698 -73.591 -419.147 1.035
97.827 28.513 -401.216 1.342
-37.665 37.468 -452.343 1.020
-82.099 39.641 -327.711 0.964
57.171 63.331 -404.794 0.920
-94.301 -97.538 -446.577 1.133
-89.817 33.033 -484.745 1.055
-16.569 83.255 -373.781 0.942
-19.986 -69.913 -490.005 0.802
41.492 -30.871 -486.981 0.941
-83.045 14.282 -321.178 0.960
-16.224 -55.553 -386.040 0.982
-15.854 43.943 -457.416 0.917
-75.698 -87.758 -384.672 0.996
23.199 -84.870 -449.384 0.955
19.710 -33.485 -468.025 0.814
-74.270 -28.161 -370.841 1.022
-61.230 -55.145 -351.368 0.913
83.658 -28.141 -327.941 0.822
-76.177 85.926 -432.792 0.823
-28.984 71.990 -405.433 1.025
