-39.534 82.751 -315.991 1.047
-77.076 -99.841 -390.065 1.106
84.952 63.388 -492.264 1.114
-48.788 83.512 -311.974 0.968
44.895 65.195 -375.869 0.888
43.909 -29.085 -427.911 0.893
82.762 17.514 -332.921 1.184
54.878 90.184 -377.738 1.097
68.196 -85.941 -492.156 0.883
-82.366 66.191 -380.017 1.147
-24.605 -26.396 -387.120 1.003
7.172 67.630 -364.725 0.932
-50.018 -81.093 -303.484 1.071
-86.026 10.064 -481.760 0.975
94.052 -70.637 -331.897 0.987
45.246 -83.810 -359.263 0.993
-27.857 -77.500 -492.990 1.074
33.173 -10.817 -437.527 1.023
41.950 -50.543 -434.620 1.024
-78.109 35.598 -441.088 1.053
-9.876 -4.852 -459.158 1.094
-79.295 -97.919 -452.643 1.099
-8.160 -60.345 -482.902 0.850
9.972 -0.537 -397.368 0.922
-26.953 -66.251 -367.631 0.940
-70.532 24.012 -403.140 0.924
-50.428 -77.622 -416.319 1.021
4.564 -69.578 -414.159 0.788
87.410 -46.111 -336.814 1.109
-54.785 99.006 -453.651 1.252
92.701 57.644 -441.194 1.050
49.197 -7.125 -429.820 0.931
-27.876 58.159 -378.999 1.075
-29.311 24.541 -346.127 0.957
59.361 9.035 -472.577 0.891
-73.697 -10.403 -307.229 1.095
-37.635 66.444 -363.225 0.881
0.432 77.345 -423.191 1.050
35.472 21.722 -386.497 1.069
-34.127 79.215 -412.890 0.820
-92.300 -60.453 -323.636 0.991
54.089 -44.377 -358.491 1.101
-75.108 70.986 -382.356 1.064
-9.909 -73.313 -310.911 0.997
-43.943 40.074 -377.820 1.175
-97.776 83.690 -405.599 0.917
-89.413 95.328 -395.296 1.079
81.652 5.464 -433.870 0.974
-4.650 -70.098 -371.959 0.968
-37.339 73.226 -383.790 1.124
-19.602 55.368 -491.652 0.990
65.354 4.940 -380.126 0.983
6.629 -92.987 -334.396 0.928
90.250 8.748 -377.761 1.053
73.716 70.375 -352.974 1.047
-71.582 -63.267 -380.624 1.017
81.317 -43.473 -357.933 0.912
-89.378 -2.806 -356.649 0.998
64.827 12.677 -424.191 0.901
-25.605 76.061 -428.046 0.912
14.559 59.791 -328.065 1.031
-53.841 -70.552 -430.956 1.047
-7.596 42.385 -317.897 0.971
-91.988 -21.713 -374.176 0.923
40.095 45.068 -456.436 1.003
-49.500 26.000 -383.219 0.905
48.405 -0.251 -451.938 0.888
-61.603 6.486 -343.135 1.031
-54.099 -16.964 -365.273 0.993
-65.522 -64.047 -328.176 1.029
-68.090 -81.159 -357.458 1.010
-33.506 -55.792 -453.116 1.044
17.321 -51.850 -431.555 0.986
79.713 68.406 -409.871 0.837
-55.188 -69.834 -406.491 0.882
-54.373 74.098 -379.467 1.038
-68.012 38.064 -331.137 1.132
99.176 35.727 -403.668 0.883
40.028 58.888 -340.992 1.226
23.312 82.164 -302.353 1.201
-26.891 -88.353 -420.455 1.010
75.712 92.155 -431.927 1.228
-19.049 17.585 -471.852 1.117
72.173 -39.264 -437.959 1.063
-68.253 37.166 -313.336 1.066
34.341 69.928 -385.247 1.075
-70.660 -0.496 -386.922 1.007
18.663 -88.587 -339.193 1.036
-90.044 3.580 -399.909 1.120
-87.795 -45.931 -453.881 1.158
-33.629 -96.470 -366.097 1.014
23.801 -14.966 -374.320 1.008
-47.515 79.158 -347.184 1.084
56.184 -88.519 -354.715 1.091
-13.208 47.864 -458.252 0.833
-97.308 63.848 -419.358 0.873
-78.717 -72.952 -498.810 1.084
25.932 35.834 -431.896 1.109
-24.362 64.495 -353.231 0.939
24.772 90.862 -338.092 1.122
-48.288 -42.286 -414.308 0.983
-50.435 -43.840 -420.020 1.025
46.977 94.254 -333.483 1.114
-31.507 30.874 -468.819 1.047
53.578 -47.653 -454.250 1.066
-49.383 -71.310 -340.644 1.027
17.116 74.074 -371.741 0.927
42.973 -65.368 -461.737 1.066
6.132 34.248 -367.580 1.042
52.948 30.722 -439.407 1.002
7.330 14.834 -379.456 0.886
-73.196 66.925 -337.311 0.934
6.238 92.568 -472.369 0.873
-28.847 61.617 -404.940 0.796
73.631 -5.732 -428.604 1.049
65.669 59.848 -334.726 1.095
-5.200 -39.301 -399.617 0.952
-11.947 43.746 -425.731 0.995
12.548 14.438 -405.209 0.858
90.667 -27.467 -368.767 1.018
84.081 -19.823 -435.260 0.968
-19.759 6.696 -386.477 0.925
4.719 -53.277 -463.214 1.070
-29.936 -6.217 -457.678 1.001
-63.223 -63.668 -434.242 0.800
-16.257 34.647 -323.263 1.179
-54.264 -20.014 -405.569 1.054
91.015 34.029 -499.203 1.181
94.065 -37.919 -390.406 1.126
-38.553 -28.305 -426.089 0.889
-86.026 -9.189 -343.764 1.008
89.669 60.974 -321.446 0.884
55.464 77.141 -330.289 1.030
-74.702 -74.994 -499.693 1.031
-22.570 -93.267 -338.524 0.989
-61.438 87.798 -455.427 1.096
-41.179 -32.433 -412.063 0.867
-31.304 -7.146 -463.120 0.917
3.791 -25.671 -366.411 0.916
-78.127 -19.295 -467.546 0.880
70.095 -65.210 -349.770 1.106
54.105 -13.609 -445.426 0.968
67.422 -19.279 -378.824 0.993
85.914 -22.404 -338.449 0.946
-4.557 76.550 -313.335 1.079
-38.129 88.884 -456.790 1.206
22.349 44.313 -488.949 0.969
-96.285 -58.043 -483.596 1.011
-17.908 4.879 -490.196 0.855
30.138 29.547 -435.380 0.929
-27.986 70.972 -497.655 0.981
89.028 36.650 -315.409 1.083
-23.341 97.402 -499.069 1.048
48.653 12.913 -413.081 1.083
-86.141 80.219 -416.589 0.810
-20.753 9.784 -416.944 0.862
-48.477 -48.629 -316.908 0.970
-12.941 -92.800 -471.038 1.040
46.603 27.225 -480.306 1.075
21.941 -13.950 -456.206 1.058
-55.032 -78.228 -366.669 0.931
42.915 20.306 -335.046 1.030
42.681 5.293 -367.209 0.878
10.233 -97.276 -482.620 0.972
-13.636 -74.174 -407.222 1.021
-14.126 13.724 -368.175 1.065
20.156 93.533 -459.039 0.876
41.016 -63.822 -330.613 1.112
65.787 11.503 -348.655 1.165
-1.387 86.573 -446.891 1.095
-25.778 10.012 -301.091 1.185
37.359 37.966 -318.387 1.207
-42.607 67.727 -484.327 1.056
-34.235 4.411 -326.295 1.068
-80.684 39.221 -497.311 1.104
76.729 51.327 -346.565 1.074
28.248 -95.392 -471.096 1.051
82.163 35.463 -367.919 0.924
-28.150 -37.707 -488.530 0.953
8.595 95.487 -302.035 0.940
-6.662 -54.515 -486.627 0.938
95.995 94.152 -426.360 0.891
-60.317 -53.757 -483.822 1.029
81.283 -98.652 -459.931 1.074
75.526 -26.347 -385.191 1.085
-76.938 91.292 -324.349 1.221
76.282 27.551 -324.040 1.073
-89.963 -50.173 -456.040 0.907
-85.364 47.605 -466.657 1.107
13.144 -65.611 -407.597 1.022
57.177 -13.929 -422.860 1.044
-65.305 35.803 -341.041 0.977
-23.821 -89.085 -336.135 1.118
-78.496 -90.861 -411.808 1.073
-59.652 -59.513 -358.574 1.040
-4.450 70.687 -385.297 1.180
-61.353 13.544 -407.248 0.941
89.201 -72.177 -448.412 0.920
-98.887 -84.101 -423.589 0.864
20.644 71.477 -434.858 1.070
-36.889 75.612 -315.929 1.095
-15.473 -2.395 -453.725 1.036
96.991 38.703 -435.664 0.977
-81.685 41.516 -416.123 0.889
76.533 24.323 -477.240 0.980
76.025 -98.261 -483.709 1.135
-12.725 82.931 -451.942 1.037
-78.017 67.099 -310.182 0.916
-6.398 39.076 -477.820 1.053
-59.364 -41.725 -480.816 0.907
80.634 -95.188 -469.831 0.952
-56.135 -81.194 -463.033 1.106
12.304 -84.443 -472.441 1.016
-18.209 -69.827 -484.028 1.055
90.448 16.171 -486.692 0.836
64.842 49.656 -345.047 0.946
26.820 -32.022 -304.265 0.854
53.623 -2.697 -461.945 0.869
-1.840 -63.801 -355.692 0.967
60.747 70.269 -481.316 0.966
4.112 89.895 -376.247 1.006
52.946 21.126 -371.140 0.808
86.256 -32.356 -444.461 1.119
77.902 -28.347 -423.984 0.947
66.464 -83.404 -369.836 1.066
2.499 82.752 -412.238 1.024
54.088 -48.062 -368.323 0.939
16.100 48.832 -432.123 0.969
0.446 16.164 -425.184 1.133
-72.420 -65.351 -317.202 0.926
-58.195 -57.663 -339.638 0.931
-68.062 72.023 -375.838 0.962
0.243 -79.568 -392.659 1.073
-63.903 24.881 -421.049 1.026
87.485 83.528 -301.625 1.003
-15.440 9.451 -441.757 0.969
-5.704 -52.006 -382.051 0.952
-9.845 -13.215 -446.154 0.894
-37.512 21.505 -475.198 1.029
16.608 -6.217 -306.434 0.913
23.027 -89.256 -384.938 0.986
45.653 92.376 -343.303 0.939
-52.506 -36.575 -388.765 0.980
15.863 22.970 -472.683 0.962
-77.064 -48.947 -362.201 1.060
44.697 29.062 -485.130 0.983
-67.597 -25.424 -496.596 1.002
78.015 37.843 -316.052 0.958
-91.968 -32.670 -420.951 1.108
12.044 25.529 -481.321 0.887
-77.020 74.483 -492.215 1.002
-70.188 97.526 -416.294 1.043
-56.138 -17.363 -323.305 0.982
-71.899 15.481 -356.029 0.984
-36.299 -90.963 -384.981 1.066
92.228 34.202 -446.383 1.054
-19.695 -26.115 -344.976 0.913
-29.451 -31.457 -381.630 0.915
49.977 53.282 -475.315 1.204
38.742 -55.793 -403.638 0.943
44.502 90.644 -385.878 0.925
75.559 41.177 -334.963 1.011
74.337 24.820 -302.050 1.014
-60.997 91.997 -363.658 1.034
-97.488 10.805 -488.018 0.920
1.351 96.551 -389.243 0.931
49.423 -10.481 -351.822 1.069
-15.376 -18.945 -398.243 1.034
-23.482 -74.005 -488.752 0.989
83.840 40.530 -357.937 0.933
73.381 44.615 -354.803 0.877
-66.873 68.685 -396.107 0.917
-7.922 -61.607 -385.115 0.994
-65.966 -49.053 -344.161 0.997
77.971 78.655 -462.539 0.848
-26.559 -17.981 -366.392 1.060
53.505 -35.475 -415.117 1.093
36.640 -31.810 -385.953 1.015
-39.595 -78.265 -331.728 1.069
18.801 47.351 -473.399 1.033
-86.572 -15.043 -358.101 0.998
20.617 -87.383 -457.379 0.812
18.323 -70.643 -428.462 1.068
46.955 51.862 -366.768 1.089
-26.499 -9.612 -460.031 0.923
50.949 -59.254 -492.696 1.085
96.077 -33.778 -335.400 0.839
-78.692 27.813 -302.116 1.065
66.857 -56.918 -401.576 1.028
-57.137 13.813 -338.211 0.978
-92.078 -10.702 -406.403 1.063
94.775 -74.882 -351.317 0.941
32.881 -19.214 -444.554 1.043
50.644 95.178 -319.186 1.135
60.082 43.339 -492.770 1.017
-61.539 -94.243 -429.981 1.099
-50.417 69.501 -308.782 0.929
-42.097 -70.055 -368.400 1.103
-25.535 77.701 -337.097 0.876
6.030 56.484 -344.629 0.976
27.751 72.151 -332.713 1.002
-52.637 -95.425 -302.901 1.045
-78.905 -66.487 -438.994 0.888
-83.921 54.563 -354.477 0.890
8.445 -87.191 -356.668 0.926
42.340 -71.486 -464.060 0.892
-96.188 -55.150 -452.457 0.977
43.341 -12.228 -436.318 0.932
83.192 7.863 -306.773 1.062
25.716 -30.693 -458.712 1.019
-60.979 0.492 -481.476 1.110
-14.121 71.189 -314.564 1.050
77.286 14.369 -326.863 0.958
28.422 84.709 -426.970 1.097
-61.430 -29.111 -429.544 1.160
34.419 53.906 -455.068 1.036
-83.088 97.422 -471.890 0.760
-41.533 -20.612 -454.458 1.050
-70.203 -62.032 -346.802 0.865
-80.710 -20.525 -411.728 0.870
60.244 84.464 -475.421 0.947
-59.062 73.138 -459.386 1.034
77.811 19.563 -376.289 1.141
52.619 -44.472 -350.599 1.069
93.604 -68.182 -398.329 0.900
9.532 82.127 -475.688 1.026
10.279 71.861 -414.495 1.052
-91.183 88.442 -362.892 1.050
-38.777 81.307 -470.679 0.972
-49.363 18.905 -432.956 0.831
17.947 -57.001 -335.119 0.938
-5.732 1.715 -487.597 0.950
38.229 64.941 -400.919 0.982
-15.348 -44.318 -388.170 1.058
-99.929 83.851 -301.557 0.925
79.513 -52.192 -383.213 1.099
15.001 -92.675 -341.870 0.893
-7.063 -83.828 -496.346 1.092
22.028 -8.532 -439.353 1.066
16.733 -7.852 -323.583 1.150
56.864 89.484 -365.728 0.874
37.306 -83.252 -377.556 0.843
50.919 73.738 -314.965 0.890
74.900 -73.538 -442.090 0.978
91.128 74.390 -385.812 1.071
-75.711 53.275 -449.645 0.981
-44.585 60.752 -397.084 1.046
-86.710 76.720 -347.834 1.182
4.680 43.316 -391.971 0.903
38.110 62.470 -318.894 0.842
-24.032 66.754 -496.328 1.079
92.244 78.218 -378.437 1.112
51.033 14.025 -413.237 0.957
16.074 8.249 -324.094 1.026
36.057 -44.374 -448.135 1.213
-75.840 -66.125 -486.014 0.977
69.964 -71.372 -344.085 1.090
81.237 -11.225 -380.002 0.994
19.991 -92.787 -370.730 0.992
53.659 -34.540 -339.500 0.926
-98.072 -85.657 -350.988 0.931
-68.122 -82.487 -473.383 1.034
-30.949 83.428 -401.033 1.045
88.776 45.832 -474.089 0.961
-47.402 -13.043 -408.811 1.243
75.297 -5.538 -457.289 0.879
-33.400 51.196 -331.996 1.053
-76.307 -87.143 -397.044 1.039
77.271 -83.053 -346.301 0.851
83.441 52.264 -376.464 0.977
-81.933 -76.232 -301.345 1.075
-80.146 -69.127 -379.126 0.881
7.226 -34.166 -469.449 1.046
-28.758 63.714 -399.770 0.816
99.035 -78.166 -377.112 1.069
49.634 -61.873 -392.906 0.989
46.508 -53.992 -476.613 0.882
75.946 12.442 -494.817 0.853
-18.189 -93.483 -484.941 0.963
-12.193 56.611 -311.832 1.086
17.517 91.057 -324.635 1.139
77.899 -61.667 -448.383 1.002
53.489 38.683 -302.151 1.113
-72.621 -4.430 -364.863 1.130
-29.409 74.805 -337.610 1.068
-19.174 -62.367 -456.224 1.051
-69.114 -42.759 -426.955 1.044
-88.769 -20.015 -310.124 0.999
-84.647 -80.127 -303.286 1.117
-71.080 91.799 -465.186 1.019
-63.276 -40.126 -303.577 1.093
-50.277 30.363 -458.444 1.033
75.129 15.203 -440.393 1.226
-32.883 93.993 -304.308 1.072
-56.129 -91.871 -386.528 0.953
96.632 -40.392 -475.134 1.009
21.973 26.875 -311.164 0.967
-10.915 -42.002 -309.890 0.846
-42.001 -15.679 -419.920 1.054
74.850 54.734 -310.806 1.159
-17.566 35.121 -351.241 1.090
49.967 -25.314 -496.598 1.020
73.553 -75.710 -324.641 0.974
-63.779 -86.281 -419.010 0.963
55.529 34.362 -350.081 0.965
-25.628 -31.947 -316.043 1.116
-54.286 -75.227 -406.186 0.833
8.421 41.197 -391.604 0.940
47.936 91.461 -489.466 1.132
-44.777 -44.251 -391.107 0.964
73.748 69.675 -406.761 1.203
-17.292 -12.106 -325.199 0.911
-30.267 14.710 -493.765 0.940
76.281 -51.230 -302.344 1.115
-7.749 29.107 -316.686 0.992
-9.630 -24.127 -389.164 0.966
94.362 -10.186 -436.899 1.038
42.282 -99.616 -367.851 1.196
79.497 -44.120 -363.461 0.849
98.288 -23.020 -425.523 0.991
84.035 48.084 -356.901 0.863
80.821 -23.651 -348.506 0.968
30.033 89.804 -462.436 0.978
86.424 -89.535 -325.871 1.167
-36.973 55.590 -450.755 0.864
-96.692 -2.749 -435.604 0.988
-14.618 -28.897 -339.136 0.957
-3.573 2.630 -399.855 0.800
2.070 -78.320 -412.235 0.823
-59.721 75.133 -372.702 0.856
80.959 -22.159 -354.128 1.002
-18.400 26.063 -472.558 0.941
-19.925 -51.102 -409.332 1.051
34.330 -64.855 -478.398 0.969
-18.306 37.184 -355.451 0.897
-14.114 -45.297 -435.301 0.971
-12.765 20.744 -349.446 0.940
3.222 39.400 -335.045 0.927
-78.298 -4.197 -354.215 1.134
52.415 11.934 -482.955 1.166
-30.984 17.133 -488.743 0.850
76.905 29.982 -411.433 1.103
-7.983 -40.692 -318.613 0.882
-25.862 -69.688 -360.980 0.969
13.736 82.793 -408.818 1.161
61.951 -48.800 -353.329 1.176
16.541 59.863 -496.721 0.988
-97.706 -0.291 -356.717 0.928
0.630 73.345 -482.313 1.067
80.030 -37.213 -319.250 1.108
-36.927 61.921 -455.008 0.994
-91.759 10.317 -429.695 1.097
-19.848 43.949 -320.015 1.213
88.462 99.862 -329.309 0.992
92.456 -59.658 -340.464 1.024
-57.964 84.563 -488.749 0.936
75.115 -82.752 -475.425 1.025
-10.292 -67.632 -323.290 1.072
-43.985 -98.846 -412.656 0.836
-62.919 -34.684 -340.205 1.074
-68.829 35.814 -334.951 1.098
-23.926 30.893 -458.750 0.998
26.690 -84.198 -374.742 1.030
94.702 77.359 -479.791 1.021
-59.118 -67.019 -427.331 1.003
8.849 -89.132 -332.839 1.079
-83.515 -2.775 -484.740 1.050
9.052 57.046 -449.521 1.126
92.636 -41.676 -391.290 0.988
38.035 42.087 -309.085 1.039
80.007 89.020 -343.662 0.985
-35.041 -86.418 -473.405 0.974
60.688 -5.327 -371.033 1.088
-91.730 -46.063 -397.125 0.991
84.233 -3.061 -495.856 1.077
28.409 76.695 -312.360 1.053
37.754 3.679 -379.884 0.962
-50.148 7.697 -350.903 0.897
47.154 52.272 -400.061 1.049
50.657 4.572 -378.876 0.802
30.262 43.646 -399.895 1.137
73.757 95.128 -470.122 0.934
-66.500 95.792 -366.070 0.809
45.935 81.830 -457.228 1.178
8.133 17.686 -396.350 1.093
95.354 58.791 -381.478 1.026
-42.468 -66.999 -439.037 0.971
-94.631 57.640 -469.862 1.123
33.524 62.403 -344.228 1.076
61.123 92.930 -466.787 1.113
23.159 55.358 -394.306 0.980
-1.323 -80.679 -360.993 1.029
-24.944 44.076 -446.461 1.052
24.476 -60.796 -389.784 0.829
87.374 -10.047 -455.397 1.103
47.197 -8.679 -407.951 1.001
15.494 40.755 -488.101 0.816
7.541 24.110 -414.703 1.009
40.454 -64.354 -444.527 0.808
-66.795 -93.243 -326.057 0.934
-95.134 -96.497 -396.665 0.940
58.747 35.382 -456.960 1.110
-47.327 97.314 -415.352 0.834
-21.060 2.314 -301.294 0.890
-74.259 -43.052 -399.939 0.992
19.839 -26.396 -474.039 0.970
42.381 -94.016 -471.790 1.150
-58.065 26.439 -448.970 0.846
-80.153 -1.567 -307.090 0.970
-52.055 4.891 -379.862 1.085
-17.476 85.467 -386.893 1.026
38.982 -47.180 -400.368 0.976
-74.176 63.295 -300.628 0.910
72.970 79.014 -466.440 1.028
94.282 55.364 -324.691 0.984
48.933 -73.427 -407.843 1.107
49.293 -59.128 -419.112 1.046
48.813 43.804 -361.332 0.941
11.594 41.041 -339.669 1.045
-67.491 17.271 -485.593 0.995
2.341 -81.803 -428.971 0.972
-37.702 -26.757 -406.067 1.076
-15.383 -11.716 -402.370 1.027
50.310 -61.508 -382.119 1.033
93.782 65.594 -385.966 1.101
36.189 62.610 -317.046 1.077
72.957 -68.054 -441.283 1.097
-43.040 -71.129 -456.784 1.086
-18.805 82.557 -460.774 1.040
-32.413 60.224 -335.490 0.835
-91.467 28.100 -362.655 1.055
-9.513 -37.107 -430.913 1.212
98.074 -81.136 -361.561 0.797
31.529 58.006 -320.245 1.043
9.322 -68.977 -431.979 0.925
-85.778 -50.967 -479.015 0.896
-23.600 -0.392 -481.740 1.026
-97.193 73.674 -344.441 1.097
78.214 67.014 -405.453 0.933
37.434 -56.103 -364.297 1.183
-90.879 86.928 -304.514 1.093
8.747 6.325 -326.732 1.003
-60.430 -99.522 -456.012 0.833
-33.848 -75.306 -450.722 1.085
-94.059 -13.412 -428.636 0.945
-99.751 -86.505 -305.022 0.987
-1.708 -77.394 -374.784 1.017
-86.163 22.987 -436.510 0.803
54.531 22.044 -377.065 1.036
-11.702 -40.200 -400.066 1.009
-13.308 10.757 -350.403 0.945
45.973 -3.365 -422.135 1.116
-41.496 -73.585 -368.923 1.038
-15.290 -47.330 -318.013 1.044
71.194 -3.397 -425.813 1.022
50.108 -46.876 -375.255 1.057
-61.439 98.818 -342.385 0.794
-65.276 64.533 -366.616 1.083
34.349 -76.079 -475.667 0.894
98.011 41.471 -448.844 1.093
-90.231 -60.044 -391.899 1.109
53.404 13.193 -409.307 0.883
-60.464 -30.209 -346.952 1.212
83.370 67.242 -361.783 1.034
86.281 -73.119 -394.277 1.113
20.434 -14.337 -482.379 0.959
19.007 8.375 -456.431 1.054
-69.178 22.222 -412.624 0.963
63.025 15.478 -398.259 1.001
-92.142 -48.333 -385.414 0.840
25.148 46.381 -382.405 0.945
-77.232 -64.477 -322.657 1.026
25.961 9.667 -307.641 0.918
-63.225 43.241 -424.450 0.885
-43.029 -17.023 -431.730 1.270
62.862 -20.638 -397.071 1.115
85.316 94.953 -312.604 0.930
-19.905 -89.365 -349.629 1.112
53.296 14.202 -409.529 1.082
-0.406 88.474 -300.493 1.001
-80.668 -68.911 -380.402 0.959
49.511 -98.427 -341.558 1.027
-11.026 -17.118 -497.338 0.995
-73.966 52.108 -398.946 0.975
10.128 -32.906 -332.644 0.907
17.437 -40.887 -480.435 1.238
-76.372 -4.411 -438.240 0.950
86.542 -90.306 -412.758 0.910
-21.960 96.731 -395.769 0.891
13.242 9.416 -386.630 0.995
-66.050 -52.234 -393.966 1.105
-2.157 -47.789 -318.303 0.936
81.481 39.201 -366.512 0.930
-51.279 -62.553 -339.308 0.921
-61.478 5.640 -330.052 0.884
70.063 13.855 -413.125 0.946
-78.467 -64.305 -450.066 1.123
33.548 51.906 -426.990 0.943
94.293 59.209 -489.143 0.989
-4.764 -78.043 -461.461 1.080
18.012 -83.119 -369.380 0.979
68.446 20.894 -321.144 0.947
-79.412 -83.894 -324.620 0.776
-96.656 39.668 -434.193 1.017
-43.040 34.017 -487.861 0.997
-44.945 -54.814 -300.461 0.981
-97.069 -60.557 -453.224 1.032
-79.205 -11.193 -411.874 1.244
-71.969 58.839 -480.306 0.912
17.403 -41.070 -449.846 0.998
-83.153 27.512 -491.048 0.840
-16.695 47.225 -403.248 0.909
-67.694 12.180 -422.169 0.865
58.114 -72.484 -453.303 0.917
73.425 -51.526 -407.307 1.007
-28.776 -18.229 -440.274 1.006
93.806 -69.262 -355.866 0.970
5.092 -19.844 -429.635 1.008
59.804 -86.468 -390.926 0.941
25.447 82.625 -330.972 1.027
-30.132 40.286 -365.355 0.867
25.451 -76.242 -353.527 0.845
-41.144 8.170 -423.269 0.964
-38.851 -40.126 -301.482 0.807
69.421 19.403 -387.858 1.014
9.280 54.252 -313.030 1.079
13.629 -79.197 -457.160 1.040
-27.678 -65.165 -314.037 1.017
-31.022 -79.048 -367.752 1.001
-71.280 63.720 -335.266 0.949
67.614 83.028 -362.708 1.044
93.549 -93.845 -491.949 0.743
21.541 -75.446 -349.307 0.875
-76.858 74.599 -389.770 1.052
-94.770 32.954 -360.089 0.812
-4.580 -92.347 -399.613 1.096
-37.641 -66.279 -397.187 1.030
-12.093 -94.495 -421.510 1.046
83.208 0.696 -346.779 1.050
83.926 -49.058 -358.050 0.846
-78.296 82.222 -305.884 1.114
-47.220 93.766 -402.921 1.032
99.198 -9.259 -418.070 1.031
-71.928 62.185 -318.704 1.007
-55.161 -88.040 -383.665 1.023
-18.133 -4.874 -392.860 0.853
60.070 15.777 -357.906 1.036
15.283 65.275 -469.250 1.088
1.415 -48.192 -396.995 0.875
2.939 -86.453 -489.193 0.988
-31.098 35.423 -347.423 0.966
-9.978 17.877 -491.949 0.798
58.872 45.027 -482.148 0.933
-50.917 63.067 -324.923 0.829
82.405 -80.081 -303.141 1.050
88.790 2.326 -373.450 0.997
70.192 -21.245 -324.125 1.175
-34.528 13.709 -356.032 1.080
3.495 20.596 -475.389 0.981
53.793 46.660 -446.811 0.975
-35.304 53.512 -440.956 1.049
68.116 -21.052 -387.778 0.986
35.488 -35.394 -355.890 1.075
-60.284 42.807 -476.901 1.105
51.432 -56.898 -316.085 1.038
-1.355 32.130 -412.393 1.028
-82.983 -94.304 -315.352 0.915
80.671 -37.207 -314.836 0.996
41.952 -94.258 -323.301 0.934
4.034 15.664 -372.173 1.028
28.241 -47.913 -372.784 0.784
-33.582 -38.233 -470.567 1.050
16.306 72.621 -414.881 0.954
-72.090 45.099 -346.125 0.932
-8.580 -22.092 -370.773 1.108
92.882 79.062 -470.475 0.933
15.432 25.192 -443.525 0.982
71.039 42.951 -491.079 1.016
54.416 -82.736 -489.294 1.159
34.140 -20.536 -354.185 0.991
60.877 -89.711 -469.373 1.006
-26.070 -37.481 -446.513 0.982
67.004 -25.683 -485.203 1.206
-98.391 -80.354 -335.304 0.974
-88.405 -16.326 -366.207 1.151
97.452 -15.443 -388.514 1.045
55.289 -71.676 -379.891 1.059
61.041 68.345 -384.214 0.923
-31.968 -3.203 -357.996 0.948
43.756 66.940 -410.798 1.016
95.351 -68.498 -486.903 0.938
72.449 42.842 -367.102 0.985
19.857 -83.393 -453.581 1.101
-55.783 -80.878 -321.398 1.063
47.362 10.130 -393.285 0.996
-58.250 -97.257 -455.664 0.900
12.863 24.449 -382.405 0.871
-26.146 -77.563 -413.137 0.991
46.801 36.311 -473.333 1.157
70.894 -4.623 -471.816 1.139
21.686 -94.970 -497.481 1.079
-43.535 -37.461 -391.227 0.889
62.408 -83.221 -422.702 0.986
-81.849 -42.653 -410.353 1.021
-70.370 -21.206 -463.119 1.000
-88.367 -5.762 -445.776 0.979
-13.836 -70.713 -367.270 0.968
-88.317 64.470 -470.223 0.748
-63.190 -49.251 -335.363 1.045
-32.391 -44.143 -315.988 1.041
52.601 -57.392 -482.260 0.974
56.941 -80.090 -437.062 0.959
-77.791 84.225 -459.920 0.981
59.119 5.111 -357.388 1.045
-29.451 -68.833 -460.242 0.903
-6.230 -35.644 -372.030 1.035
-99.952 -41.568 -401.573 1.011
-42.676 -7.707 -325.478 0.936
-66.465 30.286 -390.909 1.036
-74.353 70.577 -440.746 0.985
-60.265 16.501 -465.336 0.903
76.264 1.611 -336.260 1.042
-76.715 -66.368 -440.918 1.207
92.559 -84.270 -411.335 0.891
79.052 -3.644 -471.347 0.888
83.134 80.588 -352.064 1.070
-57.953 -65.138 -309.063 0.839
72.674 90.485 -467.358 0.961
58.193 23.685 -300.869 1.154
-9.545 -97.688 -429.281 0.883
-70.524 68.383 -468.725 1.066
-83.329 -87.354 -325.236 1.098
1.922 29.873 -414.898 1.063
89.533 40.731 -436.850 1.047
-68.986 -18.337 -306.251 0.893
-13.554 -11.560 -369.168 0.978
40.081 73.020 -407.198 1.009
-54.743 -89.855 -355.312 0.984
-97.326 29.651 -384.197 0.946
-50.869 -43.684 -309.832 0.998
5.591 6.874 -485.430 1.135
-44.258 -16.558 -390.483 1.077
-35.415 -26.220 -459.830 0.838
24.236 -62.929 -448.905 1.114
70.735 58.486 -481.757 1.007
-2.658 -75.442 -471.891 0.871
-68.475 -17.304 -398.626 0.922
57.767 -93.964 -347.690 1.088
45.423 86.718 -464.605 0.759
67.105 31.207 -388.472 0.735
63.460 43.134 -491.032 1.035
47.803 59.180 -462.971 0.859
-23.914 81.059 -458.228 1.081
-77.245 10.899 -362.977 0.984
-12.812 -94.953 -464.080 0.985
-2.879 -73.879 -477.050 0.919
29.171 -34.974 -309.898 0.875
62.734 -98.185 -347.108 1.198
85.154 -46.885 -329.325 0.833
-5.553 42.935 -419.200 1.017
7.093 -40.112 -464.573 1.083
-53.385 -22.668 -364.876 1.005
99.125 -59.540 -409.304 1.047
-43.309 -68.233 -431.465 0.978
52.411 84.270 -372.500 1.179
27.299 79.381 -323.877 1.079
67.032 60.193 -479.137 1.038
15.845 -41.732 -468.757 0.919
-10.023 -22.099 -402.655 0.966
-86.025 -11.425 -327.423 1.021
70.764 57.269 -461.803 1.081
71.066 92.489 -460.445 1.031
-59.041 82.650 -395.398 1.207
8.568 -25.280 -461.486 0.898
54.890 34.430 -409.407 0.982
3.579 74.833 -334.039 1.044
-12.014 13.349 -408.841 0.993
14.197 82.224 -370.047 0.974
29.840 60.931 -462.440 1.090
94.954 95.790 -426.335 0.997
18.265 -56.592 -395.230 0.966
36.388 -61.035 -324.599 1.011
-0.418 -9.930 -398.529 0.952
5.771 -12.004 -412.784 1.026
41.577 -56.259 -432.312 1.053
2.327 41.344 -318.087 1.062
28.946 19.950 -468.547 0.926
-81.802 -5.329 -377.696 0.899
87.266 35.232 -347.941 1.042
-44.374 0.655 -394.264 0.955
-56.673 -67.493 -376.082 0.877
30.198 69.789 -487.245 1.082
60.740 -55.603 -375.800 1.117
57.707 -33.386 -351.626 1.005
-41.611 59.577 -479.560 1.045
6.628 46.366 -459.813 1.096
-84.398 -2.098 -431.793 1.065
98.049 7.639 -436.282 1.051
62.480 9.938 -300.089 0.976
-13.223 59.137 -399.487 1.066
-39.932 51.971 -408.678 0.980
47.690 90.237 -362.730 1.019
-20.021 7.695 -367.331 0.825
-50.187 -2.069 -454.220 0.964
-54.543 -34.013 -389.449 0.963
53.943 -53.007 -328.358 0.948
-94.872 18.891 -325.739 1.026
-48.574 59.721 -497.913 0.919
-81.076 29.666 -438.094 1.038
-62.215 -70.154 -323.866 1.017
-13.544 54.337 -411.393 0.937
-90.853 -40.907 -400.398 0.790
0.075 -26.597 -457.029 1.109
75.614 -82.079 -384.163 0.979
54.829 46.855 -311.556 1.017
-70.646 -27.851 -403.269 0.916
-56.871 -69.149 -411.414 1.011
-69.271 60.514 -454.129 0.991
83.119 -24.635 -422.042 1.027
1.113 16.337 -452.995 0.995
1.658 -46.467 -400.377 1.031
94.095 50.059 -461.190 0.900
19.069 18.252 -497.750 0.928
21.875 -13.656 -315.050 1.026
-29.839 25.217 -473.768 1.049
64.251 -60.542 -366.974 0.916
-34.794 -41.373 -440.159 1.038
39.333 16.576 -350.192 0.937
-9.941 47.648 -475.136 0.973
74.809 25.514 -318.461 0.869
95.487 -20.661 -397.129 0.923
-54.442 -85.512 -455.064 1.018
76.570 61.514 -457.434 1.078
-62.563 55.846 -355.448 0.960
-80.637 -98.020 -406.867 1.033
-51.216 69.292 -475.664 1.155
-49.830 -88.288 -403.710 1.051
-86.902 73.473 -453.047 1.021
-13.262 -67.844 -493.831 0.961
-5.916 -27.639 -469.095 1.126
91.195 91.631 -335.711 0.962
-48.381 -62.530 -468.147 0.872
3.378 -62.688 -473.604 1.045
96.483 72.249 -372.733 1.024
59.155 -58.634 -421.530 0.896
54.788 -66.484 -483.374 1.182
-51.781 -77.496 -498.773 0.804
-87.245 -13.954 -360.271 0.911
-69.464 -84.940 -463.465 0.834
-94.403 -66.235 -499.314 1.028
-38.822 -63.410 -450.531 1.032
-9.167 63.913 -353.203 1.020
-33.089 8.059 -397.669 1.028
-2.386 -90.535 -398.181 1.013
64.526 -45.094 -491.687 1.167
-85.089 64.072 -338.562 0.792
61.957 -3.424 -384.540 0.940
-78.577 88.400 -473.279 0.994
31.057 69.891 -316.172 1.001
87.586 -67.105 -306.172 0.997
2.790 76.072 -412.085 1.087
99.825 20.152 -470.454 1.110
-75.764 -62.611 -318.380 0.995
-95.574 36.914 -317.638 1.110
45.712 -97.875 -410.776 0.888
24.511 87.304 -402.687 1.224
-76.359 -34.382 -440.371 0.957
34.680 37.730 -423.860 1.030
-83.118 -79.210 -337.058 1.072
38.568 -2.178 -354.431 0.923
-10.760 -21.433 -320.665 0.880
57.177 37.868 -368.635 1.016
-31.251 63.601 -369.840 1.012
54.764 87.949 -315.569 1.164
-80.939 98.570 -474.385 0.873
76.725 46.245 -312.994 0.951
31.375 -11.721 -498.262 1.156
24.010 -21.581 -341.611 0.965
-65.359 -68.347 -468.128 1.146
30.812 -2.441 -341.175 0.853
66.913 -7.059 -300.640 0.956
77.440 60.719 -352.944 1.170
-39.603 95.072 -467.133 0.764
1.325 -10.291 -439.914 0.788
76.356 -64.235 -419.145 0.932
57.147 -90.157 -382.518 0.904
37.918 -12.749 -436.121 0.995
80.377 -13.840 -453.225 0.983
1.126 -58.108 -440.114 0.883
-92.897 -77.647 -334.870 0.818
-42.314 31.967 -469.318 1.073
73.036 -74.345 -472.085 0.995
-47.317 86.712 -476.650 1.028
-68.672 17.668 -322.593 0.981
20.804 94.252 -493.984 1.248
12.356 -46.865 -466.046 1.187
-70.934 -33.284 -401.265 1.122
-29.251 -48.159 -385.509 0.895
70.014 -57.966 -427.120 1.106
-0.769 15.163 -453.473 1.198
16.337 -75.601 -362.143 0.947
74.493 -11.243 -381.423 1.029
-12.102 -55.595 -370.651 1.010
-77.832 48.431 -483.669 0.975
93.428 44.482 -304.219 0.995
15.369 -47.809 -330.190 0.907
-71.791 -9.017 -468.308 1.052
-98.970 59.937 -471.451 1.115
-90.994 61.174 -386.083 1.157
1.951 19.155 -360.951 1.020
-59.726 -0.625 -374.049 0.941
6.539 28.595 -417.709 1.124
-24.724 -14.653 -457.112 0.928
17.295 20.710 -433.799 0.994
-51.969 56.708 -444.811 0.984
-38.677 -3.073 -380.221 0.860
64.925 67.372 -339.531 1.093
59.878 7.438 -488.505 1.132
50.372 -83.542 -454.619 1.078
-45.570 55.971 -331.500 1.123
66.138 38.750 -472.325 1.022
-50.124 77.719 -462.837 0.973
-67.950 90.566 -449.343 1.132
68.458 -68.854 -321.733 1.013
-1.964 61.013 -450.030 0.955
-44.242 37.978 -413.870 1.052
2.934 -65.086 -428.424 1.173
-97.776 51.810 -463.004 1.248
52.064 58.542 -342.151 1.021
-43.863 -99.583 -398.795 1.062
-95.795 53.522 -439.152 1.173
-88.835 64.627 -483.897 0.990
-71.571 90.142 -451.738 1.109
11.009 93.444 -451.420 1.269
-56.210 -33.872 -491.506 1.036
-6.279 -97.489 -346.681 1.219
57.177 -51.565 -385.556 0.949
-97.538 -5.094 -464.818 0.964
-44.005 -43.393 -342.284 1.050
60.587 43.369 -338.743 0.870
50.278 94.731 -449.717 0.978
-54.820 -50.447 -379.992 0.960
-37.887 -73.678 -430.838 0.901
-70.094 -58.756 -317.190 0.841
-80.059 0.434 -362.088 0.924
-95.492 -20.887 -469.870 1.244
-22.079 7.978 -401.757 0.919
30.406 -17.326 -388.296 0.820
-87.782 -4.846 -399.445 0.977
35.281 -94.348 -476.799 0.958
-44.856 22.088 -484.242 0.927
-18.817 -28.312 -462.450 0.994
-28.113 -85.312 -497.064 0.827
-14.125 -72.305 -447.835 0.963
-10.643 53.568 -399.353 0.824
47.184 21.271 -331.189 0.960
15.426 45.330 -368.440 0.946
-18.535 -44.743 -319.522 1.028
-67.508 40.608 -453.736 0.978
-27.223 63.265 -359.107 1.019
25.923 11.407 -378.583 0.911
68.342 -57.475 -388.040 0.801
-17.761 70.110 -438.780 1.137
9.330 -74.537 -349.721 1.028
-94.782 27.252 -452.375 1.210
-79.622 25.089 -461.033 1.227
63.832 64.631 -425.323 0.940
-26.939 -51.616 -397.734 0.947
-87.946 -5.154 -346.814 0.954
-19.993 -79.303 -484.842 0.919
30.167 84.586 -320.970 0.940
-43.554 -58.252 -494.437 0.990
72.782 42.574 -472.434 0.992
71.621 59.154 -430.306 1.019
22.863 -66.420 -466.986 0.851
-69.144 25.200 -448.683 1.089
-37.635 -99.520 -473.710 0.932
91.141 90.709 -315.732 0.872
-36.422 81.441 -467.969 0.944
75.689 84.106 -309.890 0.971
-71.459 -45.802 -392.834 0.906
63.324 95.230 -389.922 0.838
-80.785 25.422 -315.403 0.870
35.450 93.428 -341.413 1.132
60.370 25.076 -393.266 0.921
25.809 -18.085 -393.609 0.998
47.158 -56.817 -426.646 0.923
77.449 -37.079 -448.048 0.955
86.421 20.878 -303.805 1.090
11.915 62.498 -379.165 1.057
10.514 -55.344 -484.573 1.104
39.388 74.188 -336.560 0.923
-87.504 46.324 -419.258 1.021
-58.066 -48.961 -351.950 0.996
-89.664 -59.477 -363.550 0.992
-78.359 40.996 -499.615 1.044
7.216 -59.175 -414.243 0.983
24.618 52.138 -329.795 0.895
62.244 89.923 -341.645 1.014
-65.387 -12.491 -410.716 1.071
