77.033 65.158 -473.599 0.765
50.063 -40.892 -482.346 1.041
-66.320 -14.049 -424.339 0.988
25.760 -45.545 -491.915 0.934
-13.571 -45.550 -354.947 0.847
45.520 -58.029 -492.949 0.869
-93.373 -60.180 -359.575 0.984
15.684 -44.668 -419.626 0.801
58.620 -90.311 -357.331 0.991
61.421 92.082 -430.398 1.113
83.850 -58.169 -368.393 1.206
94.539 31.687 -311.087 0.916
-71.212 -77.246 -316.084 0.871
5.181 -39.920 -417.610 1.086
-80.015 -20.432 -311.976 0.877
60.615 -34.981 -368.322 0.906
-45.882 16.679 -498.995 1.105
-61.295 27.349 -364.117 0.915
-22.207 -7.071 -365.390 0.918
95.240 35.181 -411.503 0.851
-12.356 -99.256 -442.035 1.050
-47.431 84.163 -324.195 0.907
90.396 -12.621 -359.248 0.963
-3.521 22.545 -305.906 1.136
-1.676 91.687 -340.949 1.109
-54.580 -38.520 -400.749 1.023
-48.177 -62.352 -432.436 1.096
-67.525 68.475 -393.300 1.211
-75.156 -93.876 -454.278 0.895
84.749 -64.571 -481.668 0.955
98.271 72.765 -417.748 1.122
78.687 92.596 -313.778 1.088
-36.005 -14.078 -469.107 1.127
-11.073 -41.570 -365.662 1.115
92.074 -55.085 -324.487 1.053
-25.811 -15.310 -350.950 1.025
39.620 -2.689 -441.966 0.877
37.614 -49.069 -352.881 1.042
-58.940 -19.677 -430.085 0.996
-36.641 -19.245 -351.907 1.082
-43.213 35.387 -307.531 0.998
-85.523 76.109 -375.523 0.960
64.386 -42.928 -473.030 1.053
-31.261 60.388 -407.733 0.879
-39.249 82.127 -340.228 0.807
-64.306 98.445 -488.183 1.090
87.651 5.721 -355.085 1.062
-1.311 6.970 -390.862 1.083
-99.879 83.329 -438.258 0.959
17.542 -68.966 -372.878 1.049
-49.214 78.597 -313.706 0.961
-62.311 -44.110 -401.127 0.806
-0.842 -0.057 -339.541 0.899
-40.061 30.469 -317.239 0.950
-57.093 77.875 -420.215 0.961
85.943 -82.200 -301.683 0.978
11.804 -61.868 -398.063 0.999
66.607 -46.489 -372.403 0.940
92.431 -20.608 -374.464 1.027
42.718 17.609 -324.372 1.010
35.055 50.018 -387.031 0.978
-77.457 89.682 -372.459 0.993
-75.687 -18.891 -334.017 1.148
-33.067 -91.929 -430.340 1.008
-62.730 -4.127 -361.480 1.018
85.107 -90.687 -300.533 1.110
69.923 33.598 -396.436 0.924
-94.266 40.189 -300.206 0.949
15.344 -67.848 -406.677 0.895
-93.458 76.953 -411.651 0.948
-38.350 -84.273 -326.776 1.118
-6.973 12.310 -491.810 1.133
-2.052 -0.020 -493.900 0.992
88.541 37.980 -382.744 0.978
4.696 -12.603 -313.979 1.084
28.527 -27.061 -339.945 0.954
-60.077 53.861 -374.189 1.015
-87.958 -8.711 -479.827 0.947
62.948 59.339 -362.892 0.887
68.701 35.663 -471.844 0.974
41.718 -51.477 -405.361 1.035
3.285 -78.582 -346.394 1.060
-6.419 75.184 -422.193 0.987
38.474 -65.230 -452.492 1.103
5.128 -31.411 -427.452 0.966
-50.098 -99.665 -341.961 1.039
45.705 -87.695 -498.878 1.010
92.279 -23.392 -414.619 1.025
-26.005 -69.510 -383.753 0.927
-51.934 74.857 -426.411 1.111
58.704 23.176 -452.366 0.876
-18.026 -14.094 -392.917 0.914
45.102 24.601 -393.791 0.938
-72.393 -12.409 -316.676 1.019
47.144 -6.991 -480.272 0.853
-94.793 -38.560 -461.081 1.062
-74.904 71.998 -484.764 1.141
33.905 24.738 -330.524 0.936
-64.895 55.372 -457.164 0.963
-53.691 -83.490 -481.223 1.187
37.812 -35.653 -384.519 0.962
-88.740 -61.724 -395.842 0.846
35.859 79.047 -323.830 0.867
-38.532 -60.014 -307.658 1.020
39.895 69.367 -377.021 0.899
66.583 -73.922 -393.280 1.157
5.982 41.915 -455.111 1.178
52.279 44.917 -490.231 0.950
-21.912 -7.702 -388.265 0.998
-46.759 -5.490 -426.461 1.031
-80.039 95.583 -486.442 0.992
42.779 -96.241 -421.681 1.059
63.105 59.660 -499.264 1.117
-26.410 -72.171 -434.867 1.114
6.552 -51.408 -331.445 0.980
-34.800 72.205 -441.269 1.035
80.593 73.189 -431.140 0.878
51.247 -39.234 -304.379 0.965
30.998 -94.290 -481.206 1.025
-56.245 -77.405 -433.795 1.102
6.191 -68.637 -399.376 0.877
-10.797 -92.991 -324.749 1.128
91.613 62.976 -462.166 0.940
-64.533 87.096 -418.398 1.037
-19.476 -90.024 -461.594 0.749
26.817 22.169 -499.841 0.940
98.619 -62.819 -405.643 1.036
89.553 -81.975 -393.682 1.080
98.760 93.055 -347.141 0.922
-17.652 65.854 -460.366 0.976
24.400 -73.513 -412.609 0.990
46.594 12.262 -478.544 1.006
60.143 90.878 -448.491 0.933
48.147 43.197 -332.869 1.187
33.180 -40.494 -462.212 0.975
27.841 -94.581 -462.423 0.908
83.651 -47.822 -362.206 1.236
-3.629 1.004 -455.545 1.037
-18.575 41.843 -415.673 0.947
19.659 46.084 -311.009 0.920
-45.573 77.929 -302.869 1.118
-48.929 -78.086 -403.327 0.872
-35.681 -79.192 -349.031 0.997
-15.982 27.071 -499.346 0.878
55.074 88.491 -307.615 1.032
-64.733 48.196 -426.947 1.098
11.901 -88.699 -334.690 0.856
43.802 -66.843 -383.286 0.869
-2.717 -16.842 -300.299 1.083
79.926 -87.297 -465.698 0.923
-69.755 56.152 -410.039 0.978
95.814 -32.188 -375.347 1.003
-49.518 3.937 -431.575 0.867
-89.630 -0.626 -439.318 1.016
70.900 -11.908 -310.582 1.298
-69.842 13.089 -481.780 1.028
-75.883 -37.760 -454.337 0.752
36.130 -94.708 -340.204 0.941
-59.427 -48.217 -415.379 1.042
98.229 34.349 -397.118 1.055
-79.968 -39.715 -355.681 1.278
26.067 -34.773 -476.419 0.935
-49.053 43.342 -424.770 1.011
-3.497 47.306 -418.919 0.866
24.374 -14.431 -334.564 1.017
-4.083 68.295 -370.573 0.794
4.433 -92.167 -404.890 0.946
-2.341 66.871 -406.662 1.044
46.025 53.412 -426.791 1.064
33.126 -43.538 -346.505 1.063
87.882 79.335 -326.294 1.161
25.525 -40.854 -310.014 1.161
-36.674 -36.690 -491.340 1.093
-55.402 -32.313 -338.729 0.960
9.069 -45.305 -429.141 0.928
90.259 28.558 -452.452 0.972
64.476 22.090 -478.109 1.007
73.876 98.116 -486.978 1.001
4.454 73.270 -419.403 0.937
-74.801 49.438 -406.119 0.953
12.318 -35.932 -320.671 1.015
48.624 -81.108 -424.617 0.953
2.231 -92.126 -384.759 0.877
-14.066 21.907 -381.244 1.039
34.097 6.983 -352.429 0.960
56.633 78.956 -472.481 1.171
63.236 93.022 -467.987 0.933
-17.871 -14.452 -424.985 0.967
-48.679 91.959 -376.240 1.085
-71.319 -6.119 -426.598 0.914
43.291 -48.872 -468.652 0.963
76.471 68.771 -419.027 0.961
21.182 -40.681 -390.907 1.088
4.035 -18.402 -384.640 1.095
70.836 -30.190 -396.114 0.953
92.782 -72.901 -401.189 0.953
-15.390 49.153 -392.444 1.039
53.698 -46.265 -446.543 0.979
-2.216 17.389 -352.843 1.062
-18.208 49.438 -430.643 0.875
-63.494 19.627 -451.173 0.912
18.368 -39.638 -384.901 1.044
-3.902 -82.397 -375.810 0.846
19.365 16.078 -302.675 1.072
-66.657 -97.123 -440.705 1.008
-7.475 59.644 -495.257 1.071
97.650 65.040 -310.666 1.091
30.833 -8.510 -461.895 0.995
-76.918 78.043 -334.876 1.025
-64.359 -59.406 -313.601 0.955
-69.137 -87.654 -479.060 0.916
-23.415 65.397 -417.115 0.919
57.209 13.127 -327.636 0.935
83.164 79.354 -499.809 0.978
-82.870 60.838 -448.408 1.017
9.732 -5.938 -468.310 1.105
70.594 75.157 -348.804 0.975
-16.820 -10.769 -365.940 1.065
-12.367 61.922 -323.511 1.058
-92.316 -38.272 -370.236 1.072
-74.960 -61.451 -373.620 1.030
-58.620 45.276 -418.107 1.013
83.792 87.111 -330.610 1.040
-98.562 84.645 -440.259 0.883
94.588 -37.261 -397.036 1.115
-26.934 -15.559 -364.760 1.142
40.607 6.582 -342.176 1.042
0.530 42.025 -317.563 1.142
-95.541 -89.028 -358.354 0.921
-67.680 43.923 -383.264 0.934
-84.657 52.320 -327.314 1.008
-14.188 -57.808 -455.139 1.102
94.560 -85.388 -429.230 1.096
59.808 4.590 -390.877 0.935
-61.688 0.345 -484.398 0.985
43.158 -91.727 -390.323 1.054
-32.242 -14.607 -366.467 0.843
-80.044 -57.065 -493.558 0.903
-60.710 6.274 -484.661 0.879
4.118 -19.639 -414.566 0.960
49.776 54.101 -327.079 1.065
-57.799 23.865 -466.784 0.837
27.140 97.483 -312.197 1.165
-24.670 7.361 -307.063 1.067
-58.537 18.598 -432.897 1.195
-23.037 41.320 -368.464 0.938
20.910 54.112 -301.218 0.881
-26.974 -60.862 -443.313 1.085
-75.367 4.129 -390.680 0.943
-89.844 0.839 -469.205 1.043
74.688 69.067 -399.431 1.027
-78.729 -76.965 -444.980 1.025
17.614 -98.061 -412.884 1.086
-39.916 3.507 -432.376 1.017
-69.041 -48.385 -343.068 0.947
39.546 95.488 -475.366 1.089
32.456 -36.597 -310.557 0.957
7.742 67.614 -316.024 0.963
49.241 -4.766 -476.784 1.025
97.563 9.182 -365.744 1.076
-41.910 1.483 -381.615 0.949
-96.461 35.816 -468.669 0.984
-66.012 -32.497 -386.933 0.820
-16.443 -77.605 -310.894 1.125
-47.883 15.670 -470.382 1.118
97.181 41.715 -434.752 0.956
-27.666 -86.546 -493.718 1.074
-69.972 8.943 -341.088 0.981
88.571 -98.482 -367.324 0.986
82.819 -52.278 -369.972 0.974
11.451 -63.935 -374.513 1.002
-53.778 90.945 -304.020 0.947
-73.656 64.987 -449.317 0.912
39.797 65.736 -461.262 1.018
-79.752 15.993 -469.709 1.175
-84.705 2.415 -408.890 0.903
30.216 -75.626 -316.077 0.941
-31.358 94.928 -468.432 1.077
91.080 92.442 -454.271 0.881
-71.618 21.985 -322.382 0.923
-94.654 -57.372 -341.797 1.029
91.710 -47.266 -338.930 0.949
45.783 -90.984 -467.593 0.970
-21.285 -38.755 -477.651 0.871
-43.818 16.994 -362.733 1.016
-99.352 30.003 -429.545 0.996
21.655 -61.119 -385.841 1.078
-98.072 -69.974 -343.995 0.803
4.079 -74.330 -342.663 0.956
-43.932 88.913 -376.658 0.980
73.065 3.996 -333.878 1.066
20.640 -47.213 -443.830 1.105
48.350 -47.950 -431.173 0.891
-54.519 -73.805 -446.793 0.885
-7.431 -71.878 -306.428 0.878
84.075 -97.210 -496.410 0.933
-86.742 48.925 -417.586 1.023
-20.140 74.412 -357.312 0.890
80.308 -0.816 -357.674 0.977
-62.566 -6.866 -337.127 0.925
15.660 37.675 -489.401 0.829
-74.007 -96.814 -497.385 0.938
25.068 16.042 -343.865 0.946
9.111 -40.296 -347.228 0.993
-82.743 -70.496 -348.717 0.991
6.176 84.142 -421.842 1.079
-42.142 94.668 -371.766 0.915
40.838 29.666 -369.406 1.022
11.540 89.103 -301.150 0.942
-75.670 -28.557 -460.052 1.111
-81.702 -5.972 -464.783 0.948
-33.127 -52.499 -349.280 0.916
21.219 21.698 -363.979 1.034
85.999 78.012 -485.653 0.986
-1.257 -62.435 -406.288 0.979
-23.082 -30.674 -354.272 0.998
-16.607 -84.701 -318.191 1.055
-0.890 -8.921 -324.459 0.910
82.755 -83.264 -336.485 1.034
35.015 -52.615 -371.751 0.923
-79.722 -7.795 -353.519 1.026
43.051 -44.102 -453.514 1.101
-63.403 66.994 -358.944 0.954
-46.202 44.585 -476.180 0.760
91.174 -35.727 -324.012 0.834
87.905 -42.923 -367.441 1.027
62.985 26.662 -422.262 0.990
-5.226 -71.616 -381.585 1.156
24.427 -91.254 -314.249 1.010
-86.585 -73.969 -479.443 0.989
75.618 49.462 -396.035 1.084
70.151 37.133 -302.832 1.044
-99.873 -3.037 -465.501 0.944
-12.963 -35.868 -391.884 0.942
35.841 -46.997 -479.057 1.119
-91.170 15.136 -408.508 0.966
-14.206 92.822 -365.518 1.112
4.580 -12.584 -312.303 0.943
33.605 -1.358 -432.410 1.023
-11.260 98.153 -395.380 0.932
-84.422 -22.216 -356.464 0.828
50.670 6.680 -480.843 0.902
-96.661 20.515 -470.063 0.981
81.420 71.032 -374.576 1.179
11.516 -68.257 -337.484 1.026
56.197 82.602 -496.694 1.003
-64.923 -67.072 -327.744 1.261
33.667 -52.964 -302.440 1.127
77.631 -72.457 -457.848 0.911
-38.322 68.814 -321.836 0.994
35.668 -48.749 -303.655 1.134
26.274 -65.332 -343.976 1.010
14.246 -62.936 -332.578 0.954
-39.055 5.933 -472.025 0.963
71.725 7.663 -310.806 1.020
-18.429 -87.688 -303.296 1.259
84.047 45.764 -399.258 1.019
-96.514 55.410 -387.484 1.021
-80.154 -80.053 -472.407 1.109
-17.605 -85.264 -347.990 0.853
34.605 7.012 -488.835 0.844
36.445 6.833 -328.938 1.004
-47.291 74.918 -310.410 1.060
89.261 37.463 -427.792 0.901
-41.470 -33.290 -327.130 1.000
-48.765 -84.874 -355.671 1.066
68.434 45.957 -311.203 1.051
25.838 97.907 -312.446 0.909
-99.257 63.486 -484.845 0.861
-23.412 31.749 -326.303 1.002
-31.874 18.226 -403.000 1.112
-18.742 -95.107 -409.131 1.072
93.394 46.346 -420.621 1.010
26.173 -89.323 -362.908 1.159
64.517 -7.209 -489.136 0.902
21.942 -45.922 -436.423 0.865
44.121 -73.933 -456.851 0.996
52.070 74.658 -308.886 1.112
-48.890 49.292 -474.420 1.099
92.146 -37.494 -398.622 1.027
-73.128 -42.949 -489.112 1.015
98.998 -39.699 -425.017 1.128
-96.549 82.740 -458.424 1.058
33.149 87.003 -361.742 0.948
33.411 78.020 -349.293 1.008
-55.674 92.669 -470.925 0.996
49.569 76.283 -301.202 1.011
-28.336 38.101 -421.201 1.144
-16.185 -39.882 -496.815 1.034
-38.926 -84.456 -386.821 1.009
-14.836 -87.318 -340.800 0.941
21.853 51.965 -366.615 1.055
-77.977 19.224 -363.645 0.906
-52.009 26.452 -390.012 0.688
89.261 -17.826 -464.797 0.747
-54.821 -38.187 -392.321 0.896
65.327 74.678 -320.350 0.973
89.151 59.107 -439.392 1.034
-16.180 -84.457 -468.710 0.912
-36.123 56.163 -360.138 1.070
-93.737 -22.827 -392.951 0.800
-6.916 -93.862 -495.239 0.859
-19.811 -99.050 -405.790 1.042
78.762 1.871 -441.113 1.052
64.038 -54.733 -314.982 0.845
47.394 70.605 -344.423 0.994
-91.341 59.129 -422.603 1.020
62.406 -18.041 -316.573 1.063
-38.060 -41.767 -402.601 0.935
-87.070 -12.658 -345.005 1.066
-86.758 79.406 -462.868 0.847
73.412 -60.784 -396.320 1.112
-2.000 -87.331 -453.456 1.060
99.650 30.046 -349.201 1.228
61.072 22.440 -385.064 1.061
44.625 -98.694 -429.689 1.129
-10.213 60.795 -343.521 1.021
-78.778 -50.732 -378.662 1.158
-17.632 95.879 -370.862 0.948
-53.997 17.302 -447.920 0.896
30.086 -79.749 -340.049 0.902
-30.467 -19.872 -347.614 1.104
54.663 47.961 -484.155 0.939
19.524 66.783 -474.550 1.047
99.113 95.019 -410.842 0.864
-87.277 -7.583 -315.542 1.033
-73.522 5.385 -375.225 0.927
53.809 18.197 -366.327 0.982
59.010 -75.990 -441.301 1.039
-43.985 -9.921 -435.803 0.941
-47.341 -84.539 -433.542 1.288
-21.326 -38.695 -309.040 1.074
-10.233 10.851 -326.380 0.996
54.065 -32.174 -323.184 0.984
-11.632 34.806 -374.903 0.904
-83.244 91.315 -412.914 1.038
88.923 -28.968 -343.821 1.006
-37.684 -58.384 -390.594 0.991
-22.084 32.888 -427.959 0.922
29.583 -44.446 -359.204 0.990
55.810 21.324 -404.899 0.955
58.242 -18.089 -304.206 0.994
86.549 47.634 -442.625 1.064
-47.816 -1.697 -303.663 1.020
-43.212 6.802 -413.216 0.965
-13.053 9.139 -454.103 1.101
41.921 69.463 -461.179 1.004
-48.921 78.711 -434.800 1.131
-62.971 58.465 -410.457 1.250
96.942 -84.157 -397.895 0.951
-22.803 3.236 -474.504 0.980
99.111 -30.110 -450.241 0.957
-17.117 13.785 -465.052 1.038
-13.688 28.062 -348.829 1.073
35.991 27.171 -477.610 1.028
-5.453 -17.233 -361.398 1.092
23.554 74.067 -485.632 1.075
96.120 79.300 -327.734 0.918
68.637 68.767 -344.384 0.900
-4.803 -8.488 -435.473 0.957
76.027 -14.633 -388.419 1.106
-35.512 71.475 -307.937 0.982
-40.123 -56.471 -474.922 1.185
-74.555 -26.984 -397.154 0.945
-19.995 -34.299 -462.830 0.988
82.932 7.818 -469.387 1.187
17.003 -78.124 -432.345 0.799
-76.871 40.082 -472.161 0.948
67.774 89.451 -339.280 1.197
-16.544 95.877 -343.186 0.813
-90.574 10.147 -411.486 1.186
-3.437 79.076 -439.035 1.042
14.850 -59.092 -320.980 1.013
62.032 -69.183 -478.913 0.816
17.309 21.481 -464.556 1.001
94.545 73.747 -332.175 1.121
58.458 73.985 -404.783 0.965
89.362 34.806 -349.783 0.925
-36.761 -50.068 -329.158 1.051
17.872 23.733 -353.173 0.966
34.887 -20.751 -354.398 0.941
-11.416 -92.944 -307.566 0.962
86.939 35.589 -335.414 1.028
-38.880 49.772 -406.881 0.970
96.721 78.083 -408.808 0.953
-25.398 80.653 -455.825 0.820
-43.890 -31.004 -465.933 1.019
-85.010 93.327 -309.550 1.001
85.475 -54.860 -469.432 0.902
-45.725 18.809 -414.720 0.905
39.939 95.630 -449.402 1.006
-87.240 99.934 -404.802 1.033
17.681 1.650 -427.051 0.938
-98.864 68.075 -412.168 0.942
-63.714 -66.065 -447.525 0.975
15.977 -26.853 -472.681 0.999
-71.427 -26.149 -485.049 1.060
-83.895 -38.182 -494.715 0.918
-16.766 61.173 -322.729 1.037
-30.960 -5.921 -469.137 1.013
36.028 -49.188 -466.359 1.031
-93.417 -44.180 -415.630 0.995
-64.015 -88.065 -377.991 0.930
-25.386 51.911 -402.230 0.971
-55.013 -11.610 -392.949 0.932
-73.085 16.799 -389.938 0.984
-65.806 8.498 -395.493 0.849
58.314 63.598 -453.434 0.949
56.110 -72.297 -351.134 1.050
-3.941 -37.026 -414.883 1.023
33.321 92.983 -479.497 0.945
-9.077 -69.961 -446.846 0.991
-7.096 47.540 -313.824 1.235
7.457 -60.024 -324.909 0.928
72.095 -56.540 -455.595 1.195
94.786 17.892 -456.759 1.077
-55.677 -20.547 -381.686 0.723
38.945 -47.989 -308.149 1.036
84.070 23.564 -378.600 1.074
48.461 35.073 -368.321 1.013
74.029 -36.345 -459.240 1.145
-35.517 -94.844 -428.803 1.142
25.228 96.932 -478.245 0.941
-1.120 -76.248 -375.862 1.076
-67.701 -15.314 -494.103 0.969
-81.510 79.491 -379.273 1.163
54.247 73.936 -470.002 1.123
-97.484 21.828 -307.328 1.084
-54.262 -97.896 -309.793 1.181
71.577 52.994 -439.810 0.872
92.130 -75.775 -440.727 0.988
-1.690 72.223 -394.352 1.058
-45.678 -80.840 -493.123 0.926
19.431 78.612 -377.830 0.996
-28.595 37.640 -307.911 1.084
60.352 -27.106 -440.790 1.117
-27.863 39.465 -450.149 0.941
65.267 82.205 -377.747 1.084
-32.980 85.534 -437.426 0.984
9.117 -52.095 -385.586 0.994
20.430 -33.723 -352.292 1.009
33.160 -99.491 -423.546 1.054
-76.663 -82.406 -376.096 1.106
30.424 92.415 -317.894 0.985
35.694 8.937 -319.732 1.003
-13.262 -35.709 -435.597 1.025
-36.531 -4.228 -377.877 0.992
-47.444 -93.266 -314.745 1.070
45.310 8.716 -445.606 0.860
57.223 -58.501 -357.665 1.024
39.563 -24.295 -344.970 0.919
-14.676 3.435 -429.582 0.877
56.632 95.278 -423.734 0.984
-53.565 90.331 -466.520 1.065
-72.569 -95.897 -344.734 0.894
-36.659 54.531 -389.456 1.085
33.465 62.348 -443.394 0.930
-1.354 -53.619 -341.209 0.874
67.830 -77.874 -314.993 1.041
91.761 -59.872 -422.836 0.885
78.955 87.432 -469.525 0.951
68.914 -3.488 -390.220 0.828
-85.934 -97.661 -325.658 0.806
-1.074 18.203 -384.691 1.057
65.881 88.537 -486.629 0.898
17.683 -88.795 -421.000 0.920
-72.949 -82.820 -347.721 0.940
-17.888 10.996 -385.752 1.127
57.281 38.123 -306.213 1.129
-51.515 7.930 -320.280 1.009
74.291 -34.073 -304.982 1.102
-1.188 59.363 -371.430 1.030
71.750 75.564 -322.766 1.114
77.684 -38.487 -309.873 0.896
-16.611 31.297 -330.540 1.018
-69.865 -39.948 -480.348 1.111
8.421 61.685 -333.896 0.977
45.134 -44.713 -397.250 1.080
-44.530 25.842 -368.975 0.968
-14.658 55.428 -343.438 0.965
-88.949 -12.942 -452.547 1.127
-55.004 -32.513 -319.208 0.917
16.505 43.150 -352.897 1.042
57.510 -63.123 -343.328 1.084
-53.448 5.268 -380.755 1.015
24.928 -54.599 -440.820 0.919
-18.369 -31.077 -419.582 1.022
-56.500 35.160 -472.567 1.101
-3.343 -52.646 -456.016 1.114
82.095 37.797 -329.300 0.941
87.706 82.028 -355.820 1.083
-15.349 -4.840 -483.979 0.991
38.386 86.920 -323.720 1.053
52.181 -10.658 -457.571 1.038
17.610 -80.487 -317.149 1.036
41.890 -33.070 -347.763 1.034
-83.475 -49.210 -318.138 0.809
-51.959 32.741 -400.593 0.991
-49.214 13.494 -408.415 0.877
90.970 -99.364 -349.933 0.902
-51.762 -94.838 -431.320 0.914
67.782 -35.057 -381.618 0.948
-24.130 -65.189 -391.578 1.032
3.413 -34.221 -402.824 0.930
59.115 -17.494 -306.812 1.059
-76.695 -64.842 -345.383 0.836
-24.514 49.473 -495.067 1.021
69.977 89.155 -482.096 0.894
97.321 -45.743 -431.705 0.877
58.503 29.014 -366.064 1.102
3.250 -84.693 -464.253 1.010
24.598 97.132 -420.665 1.188
-61.918 -99.195 -486.099 1.303
55.971 -3.671 -381.218 0.819
99.045 -34.691 -483.525 0.902
-82.031 -32.466 -468.878 0.960
11.082 44.134 -377.270 0.932
-47.394 68.044 -499.447 1.101
-27.383 -10.955 -375.707 0.840
65.261 -58.584 -321.627 0.980
-87.459 -71.574 -439.389 1.160
-42.734 76.239 -400.922 1.089
-6.975 -58.106 -496.965 1.053
91.157 -39.197 -346.167 1.172
-81.280 90.136 -436.132 1.005
52.370 88.051 -372.348 1.068
-74.837 53.714 -384.248 0.994
30.282 -24.215 -464.978 0.955
-51.332 -39.260 -321.819 1.030
34.939 -42.487 -332.523 1.185
-42.348 40.768 -424.699 0.963
-8.833 -81.076 -338.250 1.088
-59.780 51.527 -476.111 0.990
16.944 -98.711 -489.360 1.000
81.533 -68.932 -359.655 1.091
38.414 -89.446 -305.417 1.073
-64.775 74.717 -498.572 0.959
92.847 65.103 -419.297 1.049
65.151 -80.063 -468.801 1.081
-56.810 68.641 -306.055 1.118
1.403 -18.932 -338.428 1.062
-73.906 33.309 -423.125 1.067
-51.258 14.507 -377.512 1.077
-98.478 51.488 -363.544 1.057
84.192 -75.757 -379.933 0.842
-51.314 -47.498 -455.443 0.952
77.188 62.072 -488.929 0.974
-45.732 69.716 -495.793 1.008
65.052 86.538 -489.803 1.085
-18.156 66.906 -425.821 0.909
48.851 90.786 -469.456 0.913
15.853 66.158 -438.612 1.165
-42.957 -77.431 -340.352 1.271
-67.184 65.048 -461.918 1.110
-80.130 -70.518 -389.430 0.979
90.791 -77.023 -328.058 0.912
-25.021 -43.480 -442.651 1.126
-38.251 18.749 -430.993 1.014
2.522 66.661 -406.654 1.029
-8.040 -49.692 -480.185 0.951
86.092 -16.858 -439.595 1.043
49.410 -23.786 -447.186 1.068
44.747 92.965 -372.390 1.012
8.893 41.642 -386.450 1.211
3.304 47.002 -348.731 0.854
96.025 -13.402 -353.670 0.942
90.109 14.510 -362.001 0.797
48.113 -20.487 -334.131 0.987
46.257 16.573 -482.110 0.983
-76.789 19.522 -300.775 0.819
31.270 -18.573 -377.712 1.055
5.212 62.115 -357.210 0.983
-90.612 -47.369 -369.655 1.081
-73.712 37.291 -342.700 1.071
72.083 -38.629 -407.999 0.933
90.751 18.704 -311.154 0.967
29.615 -14.440 -325.411 1.008
52.821 -3.091 -359.475 0.902
28.867 80.307 -411.072 0.923
-79.885 35.667 -334.131 0.983
-83.547 53.524 -377.249 1.018
41.668 -90.290 -337.295 0.962
-75.990 -97.915 -422.485 1.102
-46.463 -80.856 -462.913 1.014
-63.562 79.774 -326.110 1.048
34.894 58.289 -485.765 0.991
-8.587 -7.006 -441.299 0.980
-54.809 40.821 -498.961 0.891
-8.837 -34.839 -337.923 0.923
80.428 -15.652 -360.397 0.974
27.318 27.901 -332.466 0.947
-7.676 13.421 -328.097 0.955
24.348 -15.656 -304.184 0.978
46.636 -87.963 -363.442 0.901
14.228 -23.315 -418.001 0.875
23.572 -80.411 -402.682 1.022
-13.850 -24.518 -367.704 0.989
49.394 28.105 -494.381 1.231
11.277 68.247 -479.347 0.704
43.257 38.061 -469.061 1.087
-5.953 -36.395 -467.898 0.939
79.798 -21.147 -447.095 0.913
-56.244 -82.125 -396.928 1.076
-33.931 -24.040 -487.453 0.800
-94.597 -95.940 -306.719 0.939
-58.171 -90.965 -340.767 1.149
-62.787 25.985 -407.635 0.989
-57.353 7.241 -322.906 1.099
11.259 74.168 -444.927 0.909
1.670 91.698 -304.807 0.893
-52.404 -22.970 -362.388 1.051
94.253 -49.866 -414.704 1.195
27.537 55.137 -395.641 0.964
-38.165 71.937 -445.721 1.052
86.565 81.925 -486.718 0.856
98.793 48.944 -490.821 1.013
-71.662 45.931 -465.833 1.010
-91.234 -92.390 -363.191 0.953
97.011 78.591 -328.318 1.112
59.984 -80.150 -456.091 1.031
69.707 44.399 -335.910 0.921
-43.610 47.661 -484.899 0.985
-93.174 -29.554 -492.280 0.887
20.687 -53.794 -367.884 1.044
-61.924 94.002 -434.525 0.806
-32.201 -32.481 -462.310 1.031
-50.720 -88.394 -452.218 1.173
-52.394 -48.586 -433.536 1.024
30.619 28.828 -439.666 0.812
-59.315 80.806 -462.194 1.021
30.359 49.511 -335.003 1.004
-99.357 -84.570 -430.716 1.180
54.781 78.492 -312.444 0.926
-49.639 69.486 -416.146 0.998
-29.138 62.532 -381.939 0.914
96.296 -16.003 -413.060 0.906
18.182 37.191 -490.455 1.119
0.260 -67.553 -490.742 0.901
-50.325 49.347 -449.117 0.991
-9.031 -7.777 -379.558 1.020
-76.920 -2.859 -376.894 0.969
-49.609 -82.517 -309.234 1.081
-24.150 -48.908 -489.052 1.035
-38.036 -90.446 -439.639 1.189
-70.668 -18.355 -437.517 0.985
94.654 -81.874 -340.086 1.046
-98.298 -65.729 -490.665 1.156
-60.221 -85.302 -321.498 0.999
-79.842 -53.775 -348.057 0.933
15.526 -34.596 -433.896 1.012
48.175 94.573 -472.410 0.833
50.057 43.397 -390.756 1.121
-18.958 50.650 -304.214 0.994
-66.798 66.822 -484.396 1.050
23.302 65.466 -316.987 1.155
65.689 -90.941 -418.036 0.990
-91.381 97.922 -499.710 0.935
-70.939 -97.371 -356.577 0.946
46.002 -72.710 -323.306 1.160
-69.463 -75.860 -411.099 1.035
33.933 48.258 -380.120 0.798
-22.163 -60.746 -304.208 0.788
44.846 -63.406 -451.673 0.857
10.133 98.549 -300.146 0.998
38.316 49.388 -477.807 1.087
45.407 13.978 -404.640 1.027
75.703 -4.684 -352.601 1.119
3.017 36.718 -364.507 1.079
-18.779 13.432 -322.174 0.943
11.799 97.913 -338.133 1.007
-96.161 29.838 -396.083 0.953
-96.693 -48.448 -453.324 0.948
-12.520 -49.074 -464.041 0.909
-17.394 74.277 -496.996 1.012
25.075 -47.530 -320.215 1.046
-99.406 75.556 -446.293 1.100
-26.178 7.381 -437.254 1.019
-29.633 -83.814 -461.692 1.102
47.503 -68.005 -458.695 0.990
25.817 -89.583 -304.340 0.919
34.920 68.541 -464.675 1.033
68.830 -96.566 -374.563 0.845
28.814 20.540 -436.099 1.080
67.707 -49.850 -356.743 1.208
91.798 -24.963 -473.739 0.860
55.071 24.345 -418.078 0.854
-20.897 1.587 -452.012 0.969
-20.809 -37.194 -300.337 1.043
-67.345 24.546 -498.505 1.059
0.317 -62.218 -323.144 0.969
22.853 16.614 -353.748 1.095
87.491 41.982 -301.537 1.146
-56.118 78.530 -376.530 0.924
-57.206 88.287 -346.289 0.958
86.366 -9.135 -372.734 1.004
82.583 59.342 -490.193 0.951
36.697 75.181 -479.522 0.950
-56.693 23.925 -475.336 0.997
-12.987 43.754 -343.177 1.123
36.489 -76.158 -455.942 1.062
-93.101 -79.659 -466.163 1.093
-47.720 -2.789 -360.534 0.984
-87.729 -33.827 -431.418 1.135
91.486 -20.851 -324.511 0.879
-43.819 -99.479 -363.052 0.919
-6.510 53.299 -328.680 1.032
-85.370 2.201 -399.653 1.267
-19.808 33.307 -443.738 1.121
-38.793 -72.891 -448.456 0.890
94.725 -22.161 -488.618 0.956
79.355 -32.161 -458.354 0.828
68.206 -18.299 -456.551 1.233
-26.887 -6.114 -432.250 0.992
-31.395 -95.300 -386.050 1.016
-22.669 12.861 -436.417 0.887
26.274 9.929 -444.056 1.118
-13.034 65.302 -413.130 1.012
67.818 97.218 -326.843 0.927
16.358 -32.182 -336.446 1.133
-58.641 69.417 -386.476 0.885
98.309 -50.091 -462.162 1.001
79.361 4.623 -444.704 0.982
46.446 -93.872 -308.307 0.948
-26.525 6.520 -490.663 0.922
-36.485 -57.932 -319.495 1.095
-28.870 41.438 -365.324 1.069
-56.252 96.824 -322.740 1.137
54.462 56.945 -387.621 0.880
19.158 -75.198 -449.868 0.970
-25.311 61.444 -422.051 0.996
40.921 -29.327 -470.974 1.085
18.247 5.715 -413.316 1.130
-58.530 -90.365 -311.264 0.987
82.703 70.108 -392.278 0.963
28.777 -90.211 -481.260 0.980
88.772 -91.200 -456.596 0.921
-54.033 -57.176 -358.879 0.964
74.957 48.062 -428.595 0.999
83.591 -79.249 -478.215 1.105
75.757 -92.338 -445.701 1.060
85.660 -59.133 -333.950 1.146
-88.582 2.628 -356.721 0.935
-43.907 67.166 -487.505 1.123
-44.023 -68.248 -349.125 1.017
47.048 -77.246 -348.533 0.784
74.461 41.162 -495.178 0.895
-61.303 -89.219 -353.959 0.974
-55.237 89.271 -391.161 1.062
87.883 86.112 -321.685 0.934
48.814 5.851 -368.918 1.009
39.693 7.248 -400.184 1.179
35.954 -10.374 -497.199 0.880
-51.142 66.531 -474.986 1.050
-12.656 85.247 -346.754 1.042
-81.488 90.205 -375.961 1.132
26.900 -22.643 -442.577 0.828
60.627 85.329 -404.544 1.076
72.521 -41.215 -314.687 0.948
-96.086 38.816 -440.397 1.012
-6.554 -1.018 -364.151 1.044
55.528 71.706 -490.164 0.728
-60.090 45.096 -465.649 1.135
69.610 -7.508 -476.527 1.070
-74.618 16.769 -302.523 1.152
-24.584 66.756 -397.108 1.113
-55.155 -25.208 -498.775 0.996
66.761 12.446 -309.128 1.076
16.575 -94.325 -353.311 1.116
-57.747 -84.264 -400.580 1.002
42.856 -28.089 -398.033 0.979
86.369 48.769 -342.047 0.914
-50.929 34.789 -457.818 1.069
-29.617 35.265 -348.807 0.934
-24.999 -33.489 -368.237 1.076
51.951 43.575 -411.684 1.034
92.877 60.092 -410.498 0.932
-6.742 -1.953 -361.892 0.978
-37.160 74.634 -366.673 1.074
54.458 68.868 -319.118 1.191
-43.362 -29.080 -360.156 0.945
99.613 22.617 -477.541 0.999
29.632 57.862 -416.966 1.074
79.829 67.464 -380.226 0.967
-82.395 -10.109 -411.154 0.952
34.400 96.245 -452.320 1.038
-7.584 15.713 -387.113 0.983
-78.330 -90.182 -442.077 1.053
47.928 23.166 -319.939 1.019
-16.071 13.434 -400.070 1.005
-81.569 10.286 -333.927 1.068
73.611 -35.702 -381.677 1.010
22.356 52.121 -482.574 1.057
-7.603 8.204 -391.540 0.863
-7.238 67.891 -342.247 0.998
57.742 37.117 -373.569 0.993
63.756 -56.227 -491.420 0.894
13.948 33.364 -472.447 1.084
98.868 -69.111 -450.142 0.897
-25.789 -65.382 -446.706 0.915
-68.677 85.075 -310.625 1.121
-57.883 34.283 -403.489 0.979
-5.700 14.878 -320.555 0.898
89.703 -66.594 -491.925 0.900
74.079 -9.239 -364.981 1.102
91.348 75.457 -323.834 1.103
74.180 -90.351 -375.813 1.137
42.731 -46.018 -492.489 1.004
51.109 -35.604 -386.850 0.927
68.125 -16.624 -426.181 1.040
-15.144 -67.368 -434.412 1.190
74.791 45.008 -469.701 1.008
78.392 -9.764 -313.967 0.961
43.852 74.242 -323.539 0.952
-41.710 29.212 -354.445 0.976
-92.005 -92.229 -378.805 1.038
-15.728 89.380 -305.315 1.019
-57.124 -69.965 -415.016 0.984
-91.045 26.413 -306.170 1.077
39.628 65.637 -465.772 0.964
-25.058 44.453 -329.309 0.891
45.237 59.768 -414.263 1.101
97.415 64.216 -487.941 1.055
-35.346 -75.456 -350.896 1.115
-58.641 -99.378 -380.584 0.878
16.262 29.584 -424.934 0.837
41.418 -77.225 -309.084 0.925
-67.144 -16.479 -412.984 0.907
18.241 41.459 -395.269 0.977
-93.079 48.243 -351.897 1.230
30.457 -31.238 -463.234 1.185
-66.528 73.802 -481.472 1.014
93.462 69.879 -342.165 0.865
20.958 91.918 -438.924 0.944
71.220 -92.772 -359.570 0.983
97.364 -88.019 -465.165 0.991
26.908 -87.766 -462.259 1.025
75.459 -4.031 -421.045 0.872
51.080 -59.552 -399.922 1.054
10.409 18.942 -437.631 0.796
66.736 65.882 -418.291 1.083
22.040 -98.090 -313.699 1.002
57.016 97.025 -358.385 1.027
-2.227 -63.605 -427.003 0.963
57.014 5.797 -319.251 0.882
33.726 -46.675 -388.073 0.957
43.908 -81.112 -444.500 1.056
-98.638 -5.023 -311.770 1.015
78.693 57.985 -431.267 0.849
-5.111 -65.226 -378.149 0.997
-55.321 -83.356 -477.752 1.035
39.906 -73.823 -470.088 1.032
34.304 50.986 -472.389 0.956
0.339 -80.351 -463.670 0.968
4.559 -3.866 -427.239 1.182
-2.693 58.332 -376.008 1.012
84.511 -90.599 -384.797 1.134
-5.414 -21.645 -328.440 1.204
68.686 51.512 -463.332 0.961
-6.849 -35.976 -425.102 1.025
-34.434 -80.208 -349.500 0.890
-98.553 11.550 -338.067 1.132
-6.348 -0.184 -328.970 1.102
-5.866 -47.455 -499.237 1.140
-5.490 49.261 -398.640 0.989
93.029 70.534 -356.734 0.935
-92.615 -63.823 -300.852 0.925
-62.908 -83.003 -471.092 0.915
-90.220 57.641 -461.220 0.883
78.634 32.053 -329.631 0.792
-77.637 73.933 -485.182 0.850
-59.900 -37.774 -499.607 0.869
-85.394 -28.138 -378.957 0.893
21.097 -67.753 -447.090 0.938
-8.222 -69.420 -463.743 1.033
-92.359 47.640 -431.575 1.163
-91.106 -38.117 -343.148 1.006
99.726 54.262 -370.410 0.952
59.399 -39.713 -336.870 0.946
-43.373 -51.382 -433.910 1.048
54.118 -4.715 -353.930 1.073
12.632 50.885 -439.015 1.025
-6.079 68.086 -490.055 0.888
-20.467 36.383 -473.674 1.156
-43.581 32.510 -491.382 1.032
16.748 -4.464 -335.570 0.904
-75.847 10.933 -472.561 1.090
39.862 -70.757 -425.131 1.029
-14.734 17.629 -423.504 1.123
38.135 -44.752 -440.101 1.041
79.783 -2.137 -323.370 1.093
95.049 85.937 -328.668 0.929
-57.805 -27.540 -482.344 0.890
88.453 -39.906 -423.558 0.955
-77.656 -50.249 -353.736 1.077
-32.180 2.977 -355.500 0.948
-70.682 18.688 -476.607 0.996
12.221 19.883 -370.129 0.883
39.382 93.573 -494.588 1.054
72.760 87.689 -439.870 1.049
-24.829 -80.630 -315.965 0.990
