83.270 -36.095 -411.809 0.855
29.173 71.223 -431.797 0.898
74.793 36.530 -366.058 0.856
5.632 -80.836 -437.522 0.962
66.785 62.401 -453.575 0.980
-7.457 -55.088 -352.515 1.013
-64.044 -23.647 -408.984 0.926
-49.556 -49.699 -419.501 1.031
-46.880 25.970 -475.039 0.871
-15.841 72.165 -461.527 1.098
34.602 38.825 -339.492 0.977
47.754 -54.664 -463.049 1.085
24.887 16.203 -390.235 0.973
63.801 -49.072 -344.117 0.980
-94.834 90.130 -404.175 1.048
-38.471 36.136 -383.764 0.682
-37.218 8.424 -457.672 0.806
-30.858 63.902 -304.867 0.983
-68.478 29.532 -377.050 1.051
50.630 -27.067 -409.437 1.104
20.050 72.102 -452.102 0.979
35.573 13.066 -383.238 1.092
77.436 -37.031 -352.667 0.969
-79.481 73.354 -419.619 0.919
-46.196 84.348 -350.748 1.007
-46.859 -39.938 -360.672 0.967
68.419 -88.650 -463.939 1.065
61.185 74.823 -321.971 0.886
-77.359 -47.346 -325.458 1.051
-20.280 76.038 -388.414 0.825
63.761 -50.737 -456.377 0.905
95.008 45.606 -461.037 0.889
-31.716 36.305 -445.975 1.039
24.424 66.728 -494.606 1.199
-94.447 -94.594 -425.113 0.998
-71.859 65.507 -391.167 0.918
-27.840 81.705 -473.225 1.180
-64.400 -2.989 -339.471 1.017
-97.659 -27.032 -419.987 0.886
38.774 35.897 -498.762 0.909
-81.170 77.532 -334.989 1.130
60.000 -87.748 -394.458 0.904
68.038 -4.462 -448.941 1.029
47.844 -89.886 -387.118 1.138
40.254 13.203 -429.631 0.761
85.848 98.030 -458.096 0.717
-49.814 -81.815 -344.162 1.043
-86.936 -23.476 -327.182 1.119
79.306 -23.705 -313.774 1.153
-30.423 -14.285 -366.668 0.993
-44.182 -44.163 -459.642 0.955
-24.140 -43.483 -337.841 0.892
-98.687 -19.649 -490.331 1.025
-0.213 -77.242 -337.399 1.121
89.341 29.230 -401.340 1.084
-24.947 87.567 -334.715 1.095
66.804 51.490 -335.412 0.971
-27.498 88.520 -357.331 1.066
-23.152 -98.675 -373.473 0.932
-41.410 -92.214 -379.263 1.012
87.519 72.141 -441.840 1.003
-25.807 92.541 -343.975 0.891
-50.495 -59.354 -362.085 1.011
-33.122 82.374 -307.498 0.889
33.124 -51.077 -391.605 1.002
20.013 -48.155 -366.299 0.979
11.851 -66.080 -371.226 0.917
87.789 59.239 -419.923 0.952
-77.590 86.991 -385.733 1.019
8.723 1.106 -307.701 0.951
-34.986 -82.894 -432.158 0.884
-30.076 -64.977 -307.235 1.125
-38.072 -29.807 -405.199 1.006
42.086 -21.224 -382.644 0.915
-47.344 -4.507 -318.687 0.931
50.304 35.640 -352.436 1.069
78.172 62.899 -306.121 0.883
16.953 -92.433 -303.683 1.196
47.295 -23.609 -419.620 0.967
-24.434 -92.894 -312.338 1.195
-34.348 40.932 -301.560 1.053
52.451 74.431 -456.315 1.031
-82.096 79.147 -498.911 1.027
-39.587 49.306 -457.240 1.046
-28.814 -54.842 -385.542 1.047
47.844 -20.876 -354.207 1.338
-99.663 20.088 -403.862 1.043
10.973 42.346 -398.178 0.979
-16.639 -98.494 -459.615 1.052
-5.372 -84.981 -440.621 1.087
76.851 -21.306 -320.750 1.032
84.483 -88.019 -304.815 0.951
-65.010 47.012 -341.782 0.985
21.391 -59.114 -370.999 0.903
-76.588 -74.953 -384.451 0.969
34.037 -56.749 -485.196 0.933
78.320 56.301 -367.445 1.013
-2.828 50.039 -447.975 1.073
-74.823 -22.940 -485.228 1.023
-88.297 6.770 -457.890 0.940
-80.136 19.825 -351.349 1.013
-22.149 54.085 -311.854 1.057
-69.800 -31.959 -376.558 0.967
55.415 34.226 -376.441 1.028
98.661 -4.016 -305.632 0.970
58.677 -57.153 -391.497 1.091
32.196 2.316 -353.503 1.009
16.507 2.909 -404.405 1.009
0.276 5.660 -399.260 0.894
-31.424 -49.385 -417.820 0.722
-16.680 26.177 -356.879 0.874
-66.436 34.217 -422.417 0.956
2.477 -32.766 -483.922 0.920
7.829 84.994 -472.035 0.753
-41.875 89.141 -472.748 0.991
34.149 -54.214 -383.527 1.104
90.484 -51.561 -339.721 0.965
51.713 -99.229 -360.530 1.144
-80.055 50.862 -460.235 0.862
-56.393 89.949 -399.669 0.851
10.347 93.839 -421.790 0.875
-38.841 -64.658 -368.596 1.000
-34.983 -65.477 -382.637 0.788
85.833 33.507 -421.300 0.926
-45.297 -65.620 -395.956 1.020
-38.926 -41.049 -453.036 0.902
-43.868 72.349 -446.370 1.122
-35.408 36.777 -434.034 0.986
53.571 -96.439 -332.518 0.968
58.950 23.904 -409.767 0.973
-63.284 8.338 -416.264 0.934
-56.660 -85.962 -407.155 1.025
-71.828 -66.914 -455.015 0.931
33.966 -7.643 -302.721 0.735
76.090 5.987 -376.273 0.977
-22.473 -15.118 -405.576 1.053
48.285 44.697 -317.973 0.964
-75.804 -37.547 -410.810 1.067
81.988 -28.117 -329.593 1.092
-17.379 -10.065 -463.121 0.977
69.207 80.019 -315.861 1.087
46.732 -3.763 -447.570 1.003
91.304 59.680 -493.241 1.053
18.727 -94.601 -463.886 0.943
39.271 -48.423 -301.886 0.933
58.968 -31.351 -374.782 0.903
29.301 21.143 -432.881 1.015
73.628 -58.652 -303.929 0.957
-77.388 26.033 -460.993 0.861
33.336 43.733 -453.479 1.157
59.061 -33.076 -476.276 0.910
66.755 -81.874 -307.276 1.231
48.097 62.290 -494.083 1.035
39.138 57.441 -424.127 0.890
37.562 -43.925 -395.554 0.967
89.668 -6.601 -317.727 1.097
76.463 -30.690 -458.038 1.165
28.812 4.366 -360.405 1.073
8.594 82.821 -441.374 1.022
63.851 -28.194 -388.856 0.850
-18.583 -52.154 -357.275 1.134
-71.191 -21.872 -325.913 0.917
56.988 76.309 -400.311 1.024
-74.212 -75.606 -368.572 0.999
25.751 83.268 -477.711 1.048
84.762 -84.221 -462.073 0.890
60.055 67.823 -339.333 1.023
19.668 -14.086 -356.290 1.061
70.426 -38.615 -370.088 1.025
50.546 80.543 -451.226 0.950
13.080 -30.702 -382.703 1.008
-49.288 -51.168 -447.716 0.837
20.743 32.584 -350.059 1.036
-31.897 -88.847 -358.330 0.936
28.255 -77.907 -473.654 0.876
46.304 -78.372 -475.989 0.878
-77.155 -26.368 -435.494 0.979
-6.574 31.786 -348.355 0.932
57.772 28.918 -389.427 1.061
84.624 94.480 -406.684 0.902
-45.683 -97.280 -487.819 1.005
-21.271 -91.030 -381.250 1.126
86.575 -92.250 -458.810 1.050
90.396 -73.789 -423.689 1.152
-50.853 -66.844 -321.394 1.105
-52.657 35.950 -320.417 0.938
-21.347 -91.388 -476.971 1.006
3.144 5.945 -369.378 0.927
27.766 11.169 -350.358 0.939
96.715 -8.378 -370.815 0.962
-33.466 -84.244 -306.221 0.930
-52.081 93.676 -406.727 0.997
-63.450 93.428 -484.496 0.906
76.233 33.970 -434.895 1.074
77.764 -69.489 -354.957 1.052
-28.081 51.022 -499.097 1.097
18.826 -4.392 -401.182 1.057
68.877 -83.916 -455.311 1.001
15.574 -92.368 -325.282 1.056
42.280 53.492 -446.214 0.842
54.781 -76.157 -348.883 1.057
-83.176 4.194 -472.595 1.023
82.703 -4.115 -414.200 0.879
-42.830 -2.112 -416.845 1.150
-17.289 -11.230 -340.646 1.023
17.021 -4.123 -383.883 0.865
96.200 76.468 -393.689 1.113
-30.621 47.037 -455.729 0.915
-45.757 -94.335 -373.161 0.989
-14.585 -44.727 -332.690 0.888
-49.567 -42.360 -375.748 0.935
-80.211 86.738 -315.892 0.908
40.352 -34.324 -418.633 0.971
76.835 67.477 -383.249 1.150
85.024 -21.801 -449.628 1.059
-87.572 -79.293 -409.041 1.136
-32.009 97.220 -424.715 0.999
-98.412 -96.296 -483.600 0.822
-66.964 -25.614 -300.541 0.979
-35.896 -94.125 -486.506 0.896
76.476 31.509 -380.644 0.993
93.182 -16.259 -397.629 0.925
4.078 -42.897 -309.174 1.010
2.291 -83.860 -498.228 1.003
51.028 2.044 -342.540 1.062
-15.830 -20.839 -357.163 1.071
31.242 -16.765 -347.104 1.082
-15.522 63.346 -481.692 0.875
63.427 51.143 -353.895 0.909
-80.807 89.425 -452.499 1.046
98.764 -79.116 -388.408 1.111
18.034 19.362 -310.145 0.952
-98.160 -25.283 -375.652 0.946
-22.456 -78.747 -364.032 1.010
-38.150 62.878 -361.678 1.042
-12.928 -58.308 -311.201 0.943
92.072 97.726 -406.122 0.954
74.386 -53.823 -378.744 1.060
7.556 90.197 -329.234 1.014
-10.671 -10.738 -417.077 1.145
34.028 -99.508 -450.383 0.901
-73.953 -42.353 -405.066 1.096
37.847 -60.725 -416.689 1.016
-90.161 36.746 -478.264 0.993
-93.893 34.815 -316.028 1.008
60.153 47.911 -462.531 0.885
68.180 37.009 -368.492 1.074
-97.331 -4.203 -440.115 0.872
20.886 94.551 -447.423 1.087
86.346 22.958 -354.881 0.979
37.271 -77.230 -341.258 0.910
11.011 -11.887 -412.302 1.110
83.340 -92.223 -375.151 1.093
55.240 -66.655 -350.949 0.899
-50.205 -52.814 -397.757 1.033
-42.887 45.343 -486.646 1.061
-4.639 55.857 -325.607 1.092
-91.032 85.247 -492.873 1.048
48.836 -65.246 -335.039 1.156
45.592 -76.565 -471.448 0.917
-29.342 84.661 -434.218 0.957
-53.342 42.203 -414.316 0.895
-15.125 68.985 -463.950 1.010
22.572 -85.597 -403.018 1.206
-0.943 -66.644 -426.152 0.850
-45.895 -76.227 -365.531 0.952
-53.548 16.867 -395.477 1.012
72.788 19.571 -450.984 1.020
-5.370 48.913 -404.152 1.040
80.617 45.422 -499.234 0.881
-2.063 33.501 -347.133 1.053
-97.276 12.475 -475.645 1.042
-54.978 27.932 -433.936 0.942
-63.619 21.851 -363.317 1.040
-14.071 14.021 -431.805 0.924
71.507 14.667 -438.970 0.891
-95.465 66.993 -461.598 0.830
77.566 -3.491 -450.543 1.065
63.543 -47.672 -481.832 1.047
-79.599 -62.186 -472.583 1.067
-81.427 -8.451 -300.406 1.133
-93.566 -45.345 -307.061 1.000
-29.568 -53.538 -439.246 0.777
36.128 49.341 -477.814 0.853
-34.780 -5.028 -398.759 1.030
-60.841 -26.566 -388.663 0.935
-41.102 88.216 -476.323 1.015
-78.471 36.498 -322.809 0.930
-80.210 -54.698 -383.466 1.044
98.351 42.426 -399.398 1.048
5.313 96.163 -486.298 0.844
-95.963 4.291 -306.814 0.946
-60.477 -49.588 -448.483 1.094
-46.564 52.894 -472.727 1.116
-60.332 -86.279 -451.822 1.021
79.759 18.414 -391.203 0.964
26.525 99.608 -423.571 0.883
57.532 -23.872 -487.801 1.041
46.987 88.703 -482.005 0.937
-76.543 67.155 -394.805 0.985
-41.390 26.506 -356.969 1.171
33.975 81.018 -466.837 1.152
-96.705 97.475 -376.252 1.091
-95.866 -49.996 -327.981 1.006
86.486 0.755 -301.477 0.839
48.077 -72.263 -475.827 0.848
27.032 21.300 -394.884 1.003
-3.962 -13.782 -330.208 1.156
-14.332 -83.242 -490.254 1.115
92.470 -67.899 -380.042 1.020
-19.505 -29.547 -303.405 0.998
-5.207 58.570 -423.407 0.866
10.263 -92.826 -409.694 1.037
-79.747 72.735 -400.297 1.094
-95.877 -42.137 -407.707 1.148
-82.101 -68.841 -434.609 0.681
73.152 -26.845 -464.713 1.017
-54.547 -67.676 -474.443 1.093
74.990 19.314 -470.170 1.021
-33.759 74.448 -311.271 0.912
55.023 15.164 -370.757 0.949
-38.299 2.672 -476.452 1.123
-82.387 -86.520 -340.083 0.956
92.126 41.739 -362.923 1.094
12.851 2.058 -346.258 1.097
-19.653 -66.487 -482.629 0.996
65.755 26.758 -452.860 1.007
-81.356 -77.381 -427.531 1.043
12.049 -22.474 -332.528 0.900
61.929 -1.580 -320.423 1.270
-54.242 12.084 -403.822 0.994
-25.147 45.212 -336.343 1.000
-67.665 48.299 -487.911 0.969
-95.432 -8.458 -339.589 1.071
-42.768 32.757 -428.724 0.848
-80.101 85.616 -446.012 0.794
-70.397 -50.411 -488.679 1.036
-11.970 30.295 -389.298 1.140
-22.697 26.653 -487.462 0.971
-57.749 -47.893 -376.016 0.887
16.861 -70.765 -419.389 0.917
28.050 -7.941 -369.619 0.869
-92.205 -14.874 -356.511 0.992
-77.690 55.220 -304.510 1.093
15.612 -97.527 -345.049 0.987
-83.323 74.234 -458.168 0.980
92.814 -58.292 -471.487 1.250
-23.418 -53.639 -464.884 1.044
19.337 62.849 -407.136 0.962
-66.700 -2.049 -357.989 0.899
-65.855 -53.316 -362.759 1.011
-8.402 -42.884 -412.760 1.159
86.807 76.720 -387.341 0.946
95.161 -78.541 -366.897 0.942
38.197 90.441 -436.088 1.134
12.198 44.950 -414.471 1.061
-35.120 -37.064 -360.398 1.034
18.531 27.447 -340.486 0.799
-2.420 -82.689 -342.162 0.883
59.945 -82.040 -412.261 0.962
2.786 52.254 -391.751 0.921
30.835 -46.426 -396.282 1.003
36.801 -19.941 -495.821 1.081
-54.762 -0.946 -368.740 0.877
52.035 -55.010 -387.754 0.949
-22.802 -4.994 -355.555 0.869
-97.754 -57.443 -440.617 1.151
-44.152 -17.677 -484.637 0.973
58.791 84.194 -416.485 1.016
-50.537 -97.392 -302.147 1.068
-32.821 90.139 -385.753 1.030
32.641 -29.455 -462.064 1.052
-89.322 -39.356 -327.704 1.008
14.343 80.090 -332.542 1.025
-80.649 40.800 -436.924 1.144
-40.347 21.482 -413.178 0.779
-15.581 74.681 -323.149 0.910
7.551 -43.815 -315.807 1.101
32.300 21.756 -477.833 0.952
-91.906 -34.540 -337.851 1.252
-82.304 10.910 -407.311 0.986
76.934 -65.871 -408.840 1.132
-33.502 -40.430 -469.511 1.179
-59.690 36.744 -365.605 1.071
-19.193 48.979 -430.376 1.034
-58.728 84.658 -492.964 1.022
-19.051 57.446 -438.266 0.935
43.561 24.392 -313.523 0.936
22.451 36.056 -435.338 1.035
68.267 28.695 -321.595 0.900
-0.532 -82.329 -402.482 0.900
-59.317 82.307 -464.714 1.213
-61.640 92.838 -327.501 0.999
73.055 -57.443 -437.455 1.042
30.025 36.151 -336.960 1.016
-72.973 -1.083 -312.366 1.100
-98.419 -93.578 -424.267 1.140
28.263 -72.199 -307.532 1.127
23.059 37.813 -458.150 1.141
44.180 -23.196 -417.714 1.050
-43.650 -48.147 -392.180 0.956
39.280 -55.523 -350.497 0.973
-30.994 -2.739 -319.648 0.960
56.254 -34.480 -435.120 0.835
-91.070 61.708 -381.920 0.957
-42.243 -29.054 -477.280 1.096
-59.392 51.484 -332.582 1.075
-74.051 -47.924 -437.003 1.138
-43.804 -24.834 -465.625 1.098
-60.830 -90.722 -466.497 0.912
53.294 33.677 -399.515 1.081
3.692 83.618 -329.808 1.045
-75.251 17.309 -418.717 0.996
37.286 72.432 -473.061 1.086
-2.176 -14.012 -453.338 1.113
66.238 9.504 -312.809 0.974
-38.478 -44.411 -367.853 0.816
67.402 -85.037 -478.977 0.986
-26.748 90.002 -450.451 1.043
-73.519 92.111 -382.978 0.942
-51.699 50.187 -399.939 1.136
-63.840 -2.618 -484.829 1.142
-11.476 76.691 -342.608 1.015
86.464 25.112 -368.083 0.993
-59.028 60.805 -496.934 0.803
-37.377 -47.209 -326.523 0.891
-22.969 95.955 -494.254 1.034
93.561 -74.979 -454.152 1.043
-5.503 11.128 -334.127 0.921
11.025 62.517 -338.987 1.040
-47.461 77.944 -330.486 0.992
37.920 78.984 -383.884 1.046
68.546 -86.627 -473.154 0.991
-94.659 -36.185 -411.359 1.108
31.706 -71.017 -301.346 1.027
-64.425 -69.924 -496.436 1.028
89.282 76.142 -305.326 0.941
5.515 86.075 -430.535 1.195
-56.295 83.247 -317.102 0.765
-60.150 84.274 -389.265 0.864
24.125 -47.311 -422.219 1.197
18.732 85.601 -499.789 0.995
-42.758 87.014 -440.776 0.961
-88.495 -57.105 -311.401 0.904
7.768 16.644 -350.376 0.891
-7.746 85.154 -303.062 1.105
-66.567 -63.627 -398.009 1.177
85.674 57.729 -338.280 1.210
-29.411 -47.305 -349.093 0.972
-39.905 85.478 -343.019 0.933
-80.956 -50.086 -476.953 1.049
-14.192 37.496 -408.965 1.103
-4.355 -71.687 -410.381 1.006
-71.591 -38.546 -454.965 0.921
-12.727 -59.840 -325.496 1.038
-8.361 -19.578 -477.789 1.069
99.072 43.928 -461.236 0.930
-82.497 43.094 -460.131 1.050
-31.999 -58.708 -318.131 1.015
-14.221 16.470 -331.249 1.076
10.370 8.828 -308.946 0.975
11.511 27.645 -422.724 1.035
71.703 7.561 -418.301 1.133
97.284 96.952 -375.741 0.909
98.873 29.369 -382.134 0.964
73.969 86.239 -371.052 0.965
-34.430 -13.735 -341.182 0.963
-81.222 -34.311 -432.169 1.111
-32.190 34.449 -349.737 0.831
96.388 19.579 -454.219 0.964
-97.556 -31.400 -480.789 1.073
62.857 -16.506 -425.684 0.982
-79.122 82.228 -369.036 1.002
-48.665 -5.292 -338.790 0.958
21.450 73.169 -474.544 1.134
30.567 84.909 -322.688 0.814
68.834 77.499 -370.322 1.017
14.033 -52.477 -492.997 1.060
-12.936 -44.396 -449.736 1.133
47.610 10.924 -483.837 0.889
46.845 17.833 -372.673 1.079
3.940 -39.739 -404.610 1.032
-87.305 -37.163 -347.223 1.105
-17.298 41.390 -462.394 0.950
-75.058 -93.297 -452.643 0.897
-56.494 92.932 -483.416 1.038
26.628 39.802 -400.539 1.095
18.571 66.882 -356.012 1.000
77.132 -6.112 -489.211 1.065
68.474 -89.132 -494.094 1.111
10.179 -96.822 -331.185 0.867
-92.846 -42.527 -333.991 0.929
-43.127 -93.088 -409.090 0.985
-29.151 -11.708 -441.943 0.970
-3.914 -27.824 -419.878 1.038
-49.443 -79.378 -342.965 0.857
-36.324 -72.667 -463.064 0.889
-30.926 65.082 -415.898 0.802
-36.994 86.275 -406.841 0.862
-71.215 99.156 -312.768 1.219
92.761 19.244 -339.224 0.987
-90.828 28.944 -337.805 1.089
82.475 -59.094 -470.734 1.045
-4.821 -67.515 -367.621 1.081
-93.043 73.687 -441.765 1.126
-80.686 76.817 -329.404 1.034
11.722 53.401 -334.943 0.985
-5.547 -7.509 -432.224 1.068
-19.283 89.655 -310.848 0.998
-5.556 -81.761 -436.140 1.000
-0.834 -68.406 -474.299 1.073
-17.234 43.604 -327.831 0.944
98.375 -98.392 -362.572 1.001
66.280 -99.508 -388.764 1.090
74.950 80.019 -353.936 1.067
44.379 19.371 -364.392 0.923
-24.636 -4.978 -303.898 1.151
84.784 49.920 -301.433 0.972
34.223 48.154 -398.753 0.833
-82.378 91.606 -328.289 1.138
41.903 64.714 -329.127 1.025
89.820 12.853 -325.915 0.974
-6.959 -92.350 -341.497 1.036
16.690 -81.534 -416.164 1.071
-37.143 0.472 -379.280 1.095
31.140 -2.612 -396.664 1.080
-61.622 34.308 -482.510 0.981
51.556 -66.449 -326.775 0.890
53.754 52.372 -440.895 1.132
-67.617 88.189 -425.264 0.973
14.267 10.761 -499.517 0.923
-44.215 -60.272 -384.269 1.083
-83.470 -35.661 -466.853 0.962
-42.855 -27.065 -420.259 0.844
-31.929 -1.200 -472.113 1.187
47.522 -69.865 -384.901 0.953
-49.859 82.554 -323.588 0.963
-70.805 -73.808 -450.899 0.935
84.303 11.226 -387.883 1.080
-4.008 -29.018 -303.579 1.064
-7.839 -97.228 -371.144 1.100
3.180 -3.863 -374.039 0.817
-12.175 -4.760 -334.190 0.981
-19.059 52.598 -314.298 1.017
92.298 -27.571 -383.766 0.974
-68.107 -65.604 -366.041 0.991
47.437 77.756 -330.901 1.112
73.096 -84.626 -363.933 1.080
-89.972 1.477 -350.164 0.969
9.172 19.594 -468.573 1.047
17.513 7.296 -396.145 1.071
-13.563 82.996 -379.947 0.891
27.213 31.269 -306.134 0.998
90.539 -53.477 -349.746 0.957
-52.288 57.908 -457.276 1.105
68.629 -84.087 -317.216 1.138
18.162 80.616 -415.917 1.067
47.846 -98.155 -307.750 1.069
-41.566 17.893 -413.340 0.780
16.246 -24.375 -423.950 1.065
48.252 -86.459 -446.758 0.966
22.868 71.513 -391.705 1.255
53.395 -86.252 -446.002 1.222
-87.949 54.685 -455.954 0.900
58.809 -86.689 -485.286 1.004
71.837 -50.765 -393.331 0.957
22.321 91.137 -443.841 1.006
49.244 53.287 -393.671 0.988
12.618 67.900 -362.600 1.107
54.854 -30.577 -345.399 0.905
-99.508 71.191 -408.271 0.993
-15.739 26.110 -300.707 0.994
-13.164 -44.747 -466.412 0.984
64.569 90.978 -388.667 0.969
-51.085 -1.590 -471.091 1.225
67.769 -67.575 -334.362 0.805
-0.498 10.657 -347.486 0.950
-19.193 16.819 -352.101 0.926
-45.207 -8.491 -343.035 1.043
66.870 70.184 -426.960 1.092
46.816 -67.493 -317.172 0.883
6.606 50.495 -322.184 1.120
-22.726 62.193 -498.138 0.850
-71.641 27.794 -482.781 0.941
7.003 35.901 -314.152 1.052
47.367 29.505 -451.687 0.876
66.073 -7.447 -316.731 0.898
-44.783 -26.530 -399.271 1.109
-59.388 -39.030 -346.807 0.892
48.031 56.502 -390.845 1.078
-4.420 8.971 -455.457 1.249
-44.847 -35.976 -396.671 0.951
-60.947 -57.263 -436.841 1.021
31.916 63.119 -401.192 1.200
-73.919 59.466 -306.898 1.067
-47.911 -52.963 -326.863 1.011
-18.502 51.924 -471.144 0.855
-28.088 1.305 -372.638 1.078
-21.851 51.882 -447.174 1.186
92.336 85.510 -368.511 1.173
-24.599 53.303 -302.024 0.919
9.794 56.315 -438.233 0.935
78.077 -98.148 -388.655 1.178
42.174 76.753 -393.900 1.196
35.696 -31.637 -338.513 1.068
-47.046 96.749 -360.208 1.074
-34.954 -18.427 -328.544 1.002
-4.434 70.840 -428.251 0.906
-67.604 40.714 -489.324 1.053
75.540 20.014 -477.503 0.916
-5.630 -18.385 -371.282 0.976
-8.442 66.237 -418.831 0.948
73.874 23.549 -410.149 0.909
-89.652 -88.428 -369.003 1.047
-20.568 71.394 -400.204 1.012
-80.549 33.900 -310.467 0.857
-68.844 82.388 -337.677 0.986
63.063 34.928 -320.389 0.988
22.938 -35.690 -479.183 0.963
27.414 39.676 -356.681 0.878
-34.393 52.107 -407.780 0.999
63.507 -5.245 -351.319 0.918
24.892 42.902 -367.054 1.140
-29.846 55.691 -449.494 1.084
-14.915 -32.838 -498.576 1.009
50.738 49.348 -440.445 1.020
-89.336 36.995 -345.965 0.910
-36.234 -47.797 -484.042 0.989
-90.811 25.003 -329.284 0.905
91.558 -87.587 -443.017 0.973
-86.333 -44.181 -351.614 0.950
-27.312 86.625 -368.099 1.061
-54.825 -47.590 -348.940 1.062
-83.490 20.319 -336.287 0.978
-50.403 88.643 -414.223 0.990
-73.922 -13.755 -457.850 0.945
20.187 -79.842 -346.591 0.956
64.228 -19.375 -390.634 1.031
-33.126 99.110 -494.136 1.097
-34.314 4.895 -429.689 1.045
11.390 -53.428 -457.100 0.877
-17.480 37.597 -320.697 0.773
-78.615 -46.888 -466.861 1.021
39.198 -21.253 -499.121 0.893
54.180 -15.175 -472.800 0.830
-19.906 60.967 -491.522 0.944
63.482 -41.611 -454.448 1.106
-5.500 30.002 -332.315 1.094
-80.154 78.286 -470.927 0.963
-32.510 23.040 -473.180 0.994
-82.356 40.636 -364.732 1.010
-87.579 -87.379 -307.487 1.137
73.558 22.040 -384.989 1.041
14.117 -19.450 -400.210 1.025
55.456 31.264 -341.425 1.093
-7.796 70.831 -420.914 0.878
-53.951 19.722 -317.398 0.931
78.890 -92.508 -330.515 0.834
-6.763 -41.559 -443.186 0.892
-71.015 -32.782 -313.107 1.034
25.691 28.672 -350.962 0.966
64.678 68.876 -469.096 1.098
-66.342 -89.095 -345.528 1.012
21.458 -91.342 -347.779 0.944
74.870 16.795 -494.084 0.870
-17.164 -61.768 -301.683 0.908
12.592 62.303 -464.197 0.846
52.479 -86.444 -458.860 0.934
-1.596 -30.134 -497.493 0.997
-22.271 -83.214 -455.335 0.940
-82.965 -21.099 -450.595 0.868
85.845 -87.049 -416.706 1.006
-17.845 28.303 -394.925 1.130
-81.768 94.081 -426.542 1.049
-16.425 82.566 -314.446 1.014
69.796 -17.485 -306.002 0.917
91.811 23.052 -374.442 1.071
42.623 -76.466 -351.230 1.092
-66.774 -37.778 -367.624 1.073
79.768 -90.585 -313.847 0.944
-96.699 -96.480 -464.014 0.960
16.373 -67.872 -496.610 1.068
-44.805 60.866 -358.106 0.965
46.047 99.706 -366.666 1.105
-26.672 -62.329 -459.828 1.137
-29.353 -96.163 -433.099 1.041
-30.853 -53.562 -346.340 0.974
80.501 -36.603 -312.803 1.059
-12.708 -42.597 -395.263 0.853
89.030 -7.887 -424.261 1.019
-31.915 34.356 -380.007 0.946
92.273 -11.886 -335.755 1.143
-41.009 -77.048 -349.033 0.857
-94.531 55.065 -454.460 1.077
-90.686 5.981 -480.990 1.131
-87.181 9.177 -319.708 0.893
-36.307 -34.760 -443.668 1.182
-4.695 75.285 -400.276 0.818
24.160 79.937 -469.926 1.036
-8.811 43.758 -351.648 0.919
-38.164 -66.130 -401.555 0.968
74.916 26.204 -456.303 0.890
47.564 46.425 -493.820 1.119
88.027 -35.899 -377.642 1.045
87.884 -47.846 -316.596 1.040
72.736 -87.682 -310.255 1.093
47.713 16.203 -345.072 1.171
98.329 -51.470 -406.841 0.895
-38.761 71.871 -452.314 1.209
29.369 78.229 -419.454 1.161
-7.191 -4.821 -482.013 0.978
74.591 14.889 -347.583 1.007
26.003 -78.376 -402.526 0.984
-38.791 -38.780 -329.911 1.096
-46.526 87.555 -409.727 1.183
-89.868 -44.309 -355.822 0.939
99.179 -70.663 -405.157 0.972
77.733 -37.523 -425.983 1.010
8.000 -36.945 -450.538 0.955
-32.786 75.607 -369.236 0.928
39.284 82.487 -381.887 0.902
81.782 81.309 -364.778 1.059
6.762 51.612 -323.593 1.004
-86.487 -24.250 -336.389 0.983
-75.884 47.749 -442.112 0.957
-17.844 75.749 -341.303 1.063
-9.891 91.993 -413.470 0.979
-78.058 74.387 -383.865 0.989
-22.835 99.229 -334.629 0.953
75.057 95.048 -411.307 1.036
57.773 -80.775 -311.657 1.100
-29.181 13.121 -355.273 0.970
-9.445 3.706 -459.571 1.125
74.953 -42.018 -344.763 1.044
29.103 55.813 -351.524 1.084
-13.465 72.327 -423.569 1.025
89.427 17.318 -434.134 1.201
28.578 14.706 -353.114 0.959
-24.739 -34.168 -393.748 1.104
-83.379 -19.846 -433.809 0.968
-67.340 36.291 -478.558 0.944
70.923 -55.863 -418.734 1.100
-17.496 -70.601 -333.088 1.038
-94.441 25.608 -467.878 1.013
-45.037 -97.526 -438.515 0.876
-90.974 -94.032 -375.948 1.099
-28.310 -95.418 -477.683 1.047
-31.711 99.372 -345.793 0.941
40.308 4.835 -330.243 0.863
-57.624 79.481 -484.905 1.035
-27.903 -19.867 -499.123 0.889
91.574 -10.584 -366.091 0.906
45.434 -62.855 -351.537 1.155
-60.236 -40.811 -409.317 0.965
58.484 -14.285 -379.583 1.004
-51.225 -99.039 -370.407 0.939
-87.245 0.163 -405.884 1.060
79.393 36.646 -463.957 1.033
85.472 -66.250 -473.348 1.039
-29.957 48.034 -434.833 1.042
28.089 -75.239 -358.690 1.054
79.450 -37.296 -483.237 0.858
-14.506 -90.280 -334.058 0.928
59.145 -48.405 -433.920 0.923
63.232 -38.240 -447.058 1.032
-65.537 -88.125 -342.346 0.833
40.749 -50.224 -372.713 0.822
77.663 24.188 -473.150 0.956
-94.181 -84.787 -453.741 1.003
6.039 44.261 -401.639 0.942
70.812 47.948 -402.922 0.917
-52.078 50.445 -395.449 1.015
-76.322 -47.620 -350.250 0.910
-16.253 7.483 -478.938 0.843
49.571 -73.793 -461.593 0.963
-72.705 29.422 -455.268 1.010
23.083 31.406 -311.551 0.923
57.918 17.119 -400.421 1.222
-82.519 25.834 -390.273 0.856
-60.123 -63.566 -339.358 0.993
32.856 -16.773 -394.303 1.008
-0.317 85.375 -459.638 1.006
87.324 -64.141 -376.761 0.810
81.632 -17.997 -431.616 0.954
-5.733 16.924 -469.567 0.964
94.772 60.577 -481.420 1.090
-84.496 5.199 -396.287 0.810
64.768 83.667 -444.584 0.811
30.906 -15.397 -358.215 0.962
29.851 -80.615 -463.452 0.932
44.549 -0.524 -394.889 0.981
-24.846 95.669 -378.649 1.021
-81.534 25.515 -366.259 1.057
10.708 -37.894 -377.275 1.112
15.811 12.192 -397.924 1.047
-58.689 38.261 -312.236 1.016
81.938 83.589 -377.023 1.055
43.747 66.829 -440.692 1.047
-10.967 49.494 -408.448 1.040
8.107 66.879 -410.442 1.073
76.534 2.487 -418.333 0.992
-55.969 -39.518 -478.559 0.934
62.994 -81.831 -368.525 0.951
32.606 19.458 -412.050 1.104
27.221 -71.551 -433.055 0.982
85.760 -29.531 -377.873 1.086
51.277 8.447 -324.055 0.978
-51.606 8.111 -331.891 0.919
84.787 24.133 -491.725 0.979
40.294 -3.832 -414.878 1.096
1.610 88.742 -407.918 1.074
-51.144 -45.784 -461.217 1.074
40.730 53.775 -409.984 1.024
-76.160 90.234 -430.131 1.015
-76.524 57.698 -443.625 1.139
-40.057 38.411 -413.916 0.981
90.014 -71.322 -322.127 0.963
8.245 -71.095 -347.524 0.952
-57.331 -18.033 -326.959 0.968
62.128 -64.380 -330.859 1.130
-45.288 88.880 -470.313 0.853
-5.180 -36.122 -388.818 1.022
71.914 44.129 -421.365 0.995
-53.234 11.534 -315.451 0.965
29.661 72.929 -341.991 1.018
41.287 61.932 -421.744 1.016
-7.463 -14.719 -349.207 0.948
98.171 2.476 -368.441 0.901
-57.557 -66.589 -378.610 1.142
62.801 -35.890 -391.678 0.989
5.071 16.238 -449.163 1.092
-50.702 14.790 -353.100 0.942
55.343 8.192 -440.060 1.026
-24.102 5.139 -464.003 1.039
12.475 -25.027 -331.033 0.985
-91.476 26.545 -356.074 0.969
-36.417 15.442 -303.610 0.933
-23.015 -8.521 -438.867 0.830
27.200 -92.912 -382.458 0.999
23.633 71.373 -456.577 1.143
-34.941 61.453 -339.008 1.052
34.677 78.499 -454.882 1.061
-95.623 -40.229 -439.422 0.850
42.166 -33.332 -401.740 0.942
25.528 3.963 -394.820 1.002
-5.797 70.221 -371.288 0.996
89.999 -2.159 -379.081 0.989
-0.832 -31.946 -409.551 0.935
4.543 66.420 -356.513 1.011
-56.667 -89.508 -451.828 1.022
10.806 53.434 -361.030 0.993
-51.813 12.227 -358.277 1.063
-81.462 88.206 -488.830 0.938
-94.114 -78.814 -382.113 1.046
-14.053 73.461 -493.871 0.956
-91.852 92.608 -305.060 0.951
-44.800 6.202 -323.779 0.897
51.447 74.648 -303.733 0.939
59.451 91.526 -436.719 1.071
83.422 -64.879 -404.931 0.914
17.605 73.998 -414.271 0.928
-29.413 6.499 -408.613 0.790
-62.051 88.680 -303.056 1.034
-12.122 76.548 -482.903 0.961
-0.504 -27.925 -335.858 1.103
39.882 -39.247 -463.041 1.032
1.348 35.865 -427.941 0.889
82.017 98.087 -341.587 1.129
60.744 -95.169 -327.006 0.996
25.512 -54.615 -303.723 0.930
47.419 68.759 -437.906 0.972
-88.141 -81.225 -328.206 1.118
33.612 21.305 -371.226 0.783
-84.498 -27.153 -303.612 1.047
-12.515 -17.278 -317.842 1.094
30.802 -83.729 -410.888 1.074
-4.426 29.457 -496.191 0.934
-50.098 -24.526 -469.942 0.853
97.380 53.793 -455.415 1.092
-52.641 -68.285 -317.260 0.962
21.504 -99.208 -472.526 0.705
26.206 74.092 -407.482 0.981
17.661 -28.005 -396.149 1.025
-12.545 92.927 -371.473 1.014
71.069 -89.332 -304.658 0.901
32.502 -40.511 -457.344 0.949
38.761 -95.286 -483.412 0.825
-58.714 78.532 -355.159 1.092
32.288 -37.871 -483.698 1.034
-33.929 8.095 -382.860 1.105
-29.330 -26.372 -391.702 0.816
-33.237 14.973 -429.213 0.950
36.207 59.304 -421.556 1.025
-55.080 89.144 -414.304 0.905
-22.146 97.692 -499.667 1.043
-39.213 -67.580 -486.853 0.931
-43.576 -43.453 -320.214 1.033
-35.647 -78.105 -394.132 1.100
-81.688 96.485 -460.217 0.990
-32.836 59.086 -449.900 0.979
-97.023 -36.602 -316.415 0.839
17.323 -65.884 -442.174 1.117
86.379 -49.549 -308.024 1.022
10.820 -87.624 -411.030 0.924
10.337 94.993 -344.222 1.119
-21.810 -13.610 -385.541 0.892
-57.379 5.379 -436.947 0.821
-58.996 -36.158 -354.902 1.085
-32.398 -41.832 -305.251 0.992
77.372 85.127 -316.476 0.939
-51.372 -19.546 -426.769 0.984
-49.483 40.050 -337.180 1.126
74.957 27.818 -451.867 0.921
-18.240 -74.814 -463.127 0.898
89.188 -60.109 -309.124 0.886
-87.765 93.805 -448.290 1.105
-73.369 -36.392 -330.299 1.163
-81.767 67.997 -388.821 0.979
26.396 -54.140 -478.895 1.011
32.500 70.950 -324.316 1.048
-47.819 30.100 -314.050 0.910
-22.831 76.630 -395.590 0.964
-52.254 24.602 -491.540 0.975
43.458 80.622 -363.767 0.966
18.797 -18.808 -484.438 1.230
-29.563 -80.312 -379.569 0.881
-96.620 -93.252 -398.167 0.976
13.494 23.391 -429.233 1.067
-83.787 -68.883 -373.393 1.164
15.852 14.130 -408.577 1.020
-6.355 25.465 -425.619 1.040
74.986 42.221 -372.801 1.078
-81.039 34.626 -421.396 1.046
33.922 18.777 -497.370 0.973
32.748 -71.732 -437.483 0.940
71.027 -40.073 -451.984 1.025
-47.395 -19.811 -459.623 0.846
-22.051 -80.493 -397.310 1.130
12.169 -49.748 -483.329 0.955
87.725 17.336 -304.104 1.013
-14.922 -23.075 -359.782 1.036
12.949 -73.258 -428.895 0.884
-97.614 -20.791 -439.079 0.875
-7.310 -30.317 -325.890 0.842
-11.567 -45.790 -337.477 0.925
78.164 21.234 -376.343 1.069
9.405 53.308 -422.270 0.940
13.409 -80.095 -438.685 0.981
-26.974 76.915 -420.884 0.939
-41.578 18.276 -411.943 0.921
82.983 -31.228 -370.700 0.949
-42.616 7.857 -424.085 1.039
19.471 96.758 -308.569 0.939
-47.349 32.692 -425.898 0.942
95.276 -49.226 -420.850 1.063
61.834 -36.214 -499.401 0.983
-20.412 -24.875 -431.805 0.907
-93.375 -17.668 -314.910 1.156
-86.950 49.448 -497.669 1.018
-1.455 11.703 -422.798 1.112
-6.260 87.756 -401.228 0.912
58.507 1.590 -406.492 0.958
3.838 -51.764 -413.457 1.054
-25.873 -90.893 -315.701 0.821
32.398 -64.071 -488.394 0.973
73.934 -50.839 -340.047 1.161
42.217 -23.161 -313.199 1.104
-60.476 74.604 -470.198 1.168
38.274 -54.327 -321.457 0.828
78.770 -97.468 -318.415 0.956
83.494 -6.489 -400.834 0.918
-26.525 13.505 -364.136 0.982
95.168 -66.761 -363.973 0.912
0.808 -56.325 -476.908 1.114
-90.776 90.264 -310.363 1.134
93.102 40.168 -363.274 1.126
66.060 -36.235 -419.594 1.062
40.849 62.199 -324.811 0.818
26.236 7.501 -318.389 0.981
26.910 -34.989 -356.445 0.962
-13.487 -74.868 -467.089 0.863
11.928 -18.911 -354.843 1.120
-98.556 64.041 -446.495 0.965
91.793 44.743 -477.080 0.878
39.067 64.998 -464.540 0.977
-47.230 -61.371 -311.628 1.001
52.566 -50.661 -455.331 1.073
-54.361 -67.863 -409.157 0.982
-95.591 18.128 -303.429 0.957
43.627 -23.259 -477.762 0.894
-97.418 88.544 -377.820 1.029
97.038 62.205 -483.624 0.942
-28.220 -54.732 -376.986 0.867
93.370 50.164 -404.918 0.919
-5.046 60.039 -461.802 1.018
-14.895 -76.931 -361.476 0.904
78.905 -33.390 -476.908 0.896
-84.375 9.770 -498.935 1.013
60.604 2.120 -413.611 1.006
-42.407 -15.543 -368.270 0.992
