-86.012 30.463 -469.952 0.950
-79.434 -18.760 -312.018 0.925
-64.989 -30.766 -400.129 1.056
11.079 11.874 -423.539 0.823
10.402 11.283 -356.127 1.037
67.639 -70.950 -306.626 0.970
87.178 -3.493 -352.359 1.088
23.003 34.104 -423.045 1.104
40.395 -44.292 -485.337 0.919
-90.991 -93.188 -486.955 0.956
-56.064 64.602 -479.282 1.072
92.614 46.526 -470.444 0.968
76.691 5.403 -463.859 1.073
57.320 9.994 -456.905 0.831
-24.191 -92.902 -432.423 0.975
25.754 92.796 -369.708 0.892
28.162 2.759 -317.696 0.988
46.484 -69.522 -459.782 1.033
42.212 -64.795 -339.057 0.971
-80.960 -8.717 -461.440 1.024
-86.650 37.400 -473.239 1.069
-20.473 -94.524 -373.280 1.048
44.351 -0.478 -423.026 0.887
6.457 39.068 -313.317 1.061
-44.147 -35.576 -314.025 1.007
50.010 -39.815 -390.119 0.927
18.846 -76.800 -435.872 1.146
-18.360 82.171 -319.329 0.958
-79.238 -83.679 -492.990 1.047
4.719 -24.049 -312.044 0.943
-80.404 21.589 -359.470 1.059
7.049 -84.665 -481.495 0.972
43.436 -50.076 -345.033 0.937
-89.848 -30.734 -306.469 0.974
-37.465 73.940 -408.515 1.101
79.501 2.789 -420.176 0.868
24.332 83.547 -322.707 0.902
4.803 -21.135 -372.050 1.039
6.705 88.679 -456.326 1.020
32.053 -48.493 -405.374 0.935
-57.122 38.426 -430.840 1.006
59.055 -37.976 -358.508 1.017
-96.407 21.596 -367.997 0.952
75.080 66.709 -307.489 1.043
6.898 34.753 -487.178 1.063
28.120 11.814 -495.889 1.112
77.245 35.048 -370.282 0.973
64.438 64.638 -401.000 0.899
26.040 27.734 -429.620 1.142
47.756 48.562 -467.022 0.919
-80.181 95.633 -422.573 0.970
-0.239 -8.405 -422.542 0.979
13.852 -91.446 -488.051 1.111
-41.805 -93.323 -464.941 1.073
-35.277 41.515 -326.275 0.943
-72.916 76.237 -478.766 1.027
-1.148 45.014 -484.093 1.029
-98.502 87.613 -446.490 1.021
-87.177 -51.542 -327.520 1.197
-96.548 -28.592 -460.904 1.103
70.235 35.263 -444.470 1.017
-94.921 -92.030 -454.630 0.926
-63.120 -52.626 -340.545 0.854
-35.717 25.647 -476.715 0.977
-12.785 -17.042 -392.674 0.961
95.028 93.361 -345.567 0.922
-19.431 47.245 -480.400 0.969
-28.502 -78.176 -307.757 1.058
-22.008 -40.536 -483.721 0.907
46.631 71.020 -419.094 1.067
31.129 -38.763 -438.812 0.903
26.752 82.938 -347.174 1.024
-8.074 -11.874 -490.901 0.879
-3.926 -32.266 -464.114 0.984
31.035 -97.921 -383.047 1.006
58.484 -76.925 -326.112 1.178
-16.042 58.068 -470.634 1.190
99.790 -12.261 -418.906 0.923
-97.439 38.574 -463.570 0.829
-98.018 -29.860 -444.647 0.904
80.955 -26.479 -462.882 1.021
35.225 -40.527 -443.625 1.086
30.430 49.721 -395.986 0.836
-74.571 5.629 -341.102 1.151
-43.632 -38.239 -425.717 1.017
-35.521 -20.783 -435.341 0.962
80.965 35.676 -356.712 1.185
43.581 57.263 -326.506 0.978
65.417 90.281 -393.362 1.064
15.125 17.139 -355.793 1.126
-40.519 -4.124 -312.791 0.914
33.542 1.583 -315.460 0.926
-9.065 -99.049 -470.551 1.145
-43.998 35.039 -466.864 0.972
25.351 -68.555 -479.812 1.022
-31.459 95.806 -490.118 1.133
75.310 -73.509 -348.754 1.122
32.451 76.252 -445.817 0.941
-17.875 91.332 -307.303 0.882
-13.534 -69.715 -358.145 1.034
14.260 79.332 -457.406 0.971
63.938 43.532 -445.708 0.874
-27.166 13.648 -369.209 0.917
-42.712 -46.372 -493.024 0.960
-0.077 -22.412 -379.264 0.969
48.920 53.403 -462.152 1.059
-94.177 -32.684 -422.011 1.138
-29.339 -96.932 -438.821 1.140
-8.700 1.939 -473.335 1.031
-99.093 52.647 -399.279 1.067
53.262 41.636 -498.130 1.114
39.127 35.482 -392.444 1.079
45.776 -78.514 -496.425 0.864
-84.044 18.374 -414.041 0.996
75.446 92.797 -310.124 1.066
88.108 -46.670 -305.808 1.000
-12.091 -28.415 -327.337 1.103
91.719 88.976 -412.869 0.943
66.305 8.823 -311.783 1.058
11.212 -54.270 -393.669 0.996
3.063 -30.950 -446.262 0.763
21.149 68.268 -325.335 0.976
48.569 33.039 -490.441 1.178
43.226 -80.778 -476.931 1.070
-78.641 -46.840 -459.090 0.976
-92.886 -22.660 -333.275 1.012
-77.300 33.193 -409.512 0.920
3.585 -90.556 -367.231 1.046
78.918 85.049 -467.683 0.878
41.200 93.947 -489.375 0.964
81.426 25.406 -329.621 1.164
43.336 44.248 -365.862 0.992
-15.429 -5.525 -450.601 1.011
-14.195 -91.218 -364.137 1.078
-72.057 10.718 -318.714 0.887
65.456 36.551 -498.624 0.860
-62.113 86.797 -445.929 0.978
-63.563 48.606 -449.098 1.040
25.759 85.928 -452.500 0.842
67.680 -2.616 -412.133 0.947
68.528 64.797 -318.105 1.063
-0.047 30.076 -446.710 0.975
-3.059 66.012 -407.548 1.075
60.263 95.671 -342.324 0.798
44.645 -97.832 -345.223 1.008
1.172 19.558 -437.505 1.050
39.550 74.337 -312.947 1.098
21.477 -22.630 -447.169 1.114
-41.889 3.664 -474.571 1.118
26.438 -41.054 -472.207 0.985
8.413 95.415 -391.929 1.070
-13.910 77.450 -405.788 0.976
-84.548 -45.476 -346.011 0.899
-8.466 -72.176 -312.329 1.031
-63.992 -1.367 -333.362 0.999
-0.039 50.070 -356.574 0.929
96.428 -84.842 -368.169 0.932
-96.215 -64.505 -354.627 1.088
-70.030 48.491 -348.669 1.015
-56.123 -11.829 -441.687 0.986
-70.792 37.952 -466.886 1.040
-95.729 4.548 -431.628 0.861
-82.911 57.751 -344.548 0.970
98.021 -54.984 -399.101 0.861
-91.133 37.384 -425.954 0.848
-46.148 -9.853 -413.666 1.078
64.146 -38.545 -395.569 1.059
-19.760 -97.953 -335.145 1.002
-6.970 -91.816 -426.273 1.108
39.787 11.521 -418.658 1.023
23.617 -12.891 -383.210 1.056
85.291 13.381 -311.237 1.034
-33.703 70.135 -484.829 0.818
20.746 21.349 -436.558 1.074
93.834 -45.794 -331.933 1.081
-95.229 -38.421 -425.700 1.017
-18.161 -54.875 -466.437 1.100
77.234 17.795 -409.776 0.947
10.986 -77.350 -310.749 1.042
-89.221 87.096 -475.088 0.831
25.255 -89.346 -382.180 0.970
66.955 -55.421 -423.457 0.845
79.998 8.498 -355.790 1.054
20.044 89.991 -344.613 0.927
-77.311 -12.463 -475.906 0.953
40.231 -22.806 -465.490 0.966
32.733 68.426 -438.532 1.073
-56.983 -39.639 -404.966 0.992
-23.608 -14.216 -381.422 0.848
-6.132 87.578 -359.544 0.976
64.345 52.204 -387.037 1.102
-95.257 -8.321 -314.222 1.005
-60.948 13.188 -345.349 0.930
-49.706 -16.202 -466.556 1.138
-94.058 35.401 -435.399 0.900
-14.156 -47.557 -381.317 0.915
-22.371 -85.625 -389.621 0.950
90.780 7.372 -451.920 1.027
87.725 -7.492 -443.514 0.864
-93.000 -92.658 -317.494 0.955
33.312 -23.767 -493.436 1.077
68.319 90.702 -431.641 0.960
86.868 -11.597 -330.381 1.088
75.293 -89.194 -354.823 0.895
84.742 59.697 -490.153 0.881
96.887 -37.053 -366.860 0.907
-95.297 82.606 -457.866 0.880
85.499 97.460 -350.087 1.024
86.259 -66.605 -392.097 0.933
-41.891 -39.939 -331.058 1.225
-63.222 97.628 -379.988 1.044
9.079 17.763 -471.507 0.943
-50.816 63.644 -352.391 0.803
42.495 83.965 -317.135 1.154
9.399 31.748 -422.194 1.065
48.785 -67.593 -474.463 1.225
60.430 10.539 -310.696 0.833
-46.119 -81.577 -493.968 0.991
31.386 99.326 -341.231 1.001
0.357 44.422 -400.963 0.935
84.804 70.078 -364.340 1.029
90.930 99.275 -429.355 0.945
93.174 -67.218 -492.394 1.046
-3.570 -92.327 -336.053 0.981
-77.864 -53.881 -483.500 1.031
1.270 -95.031 -411.947 0.965
-66.151 -38.135 -314.371 1.111
76.932 -72.738 -397.046 0.956
17.925 -64.398 -486.250 0.865
73.647 39.535 -455.965 0.966
8.888 39.346 -478.672 0.753
10.161 -73.099 -306.611 0.966
-79.638 -18.794 -351.575 0.959
-77.435 82.939 -434.970 1.072
93.970 92.545 -341.191 0.861
-39.525 -21.711 -336.248 0.980
97.914 57.006 -379.856 0.952
-67.799 -6.785 -427.261 0.881
82.528 -33.185 -355.349 0.993
-53.725 -52.135 -447.700 1.173
-54.687 -68.250 -467.377 1.085
5.248 -11.057 -388.450 1.060
13.595 -93.267 -336.408 1.092
-73.330 77.618 -405.859 0.883
13.679 61.298 -485.302 0.872
-73.112 33.974 -386.992 0.997
46.551 -41.474 -392.684 1.000
66.763 92.649 -497.250 1.133
-97.870 -87.841 -441.781 0.999
92.284 77.251 -330.987 1.115
1.842 82.562 -477.873 1.054
18.647 39.028 -444.191 1.125
-69.150 3.393 -482.218 0.964
75.800 -85.841 -303.181 0.938
87.134 2.197 -428.201 1.097
81.648 91.861 -364.836 0.914
38.712 -85.847 -352.888 0.938
-45.742 37.629 -437.114 0.880
-64.040 80.781 -420.044 0.919
18.331 5.516 -469.590 1.031
-7.105 -54.805 -450.334 0.927
-42.709 92.944 -313.820 1.041
-70.511 36.126 -418.821 1.064
-1.005 -47.785 -372.996 0.923
-99.394 59.607 -403.775 1.067
-34.424 -40.506 -341.211 0.864
5.025 -27.870 -380.188 0.985
-67.859 94.951 -353.982 1.046
42.138 -96.521 -370.826 1.061
49.520 -75.398 -409.403 0.977
-30.241 71.601 -428.784 1.013
-46.884 -64.364 -475.783 0.950
36.794 25.036 -300.225 0.940
-16.227 -94.450 -466.568 1.006
27.787 -18.175 -481.909 1.018
35.237 5.948 -358.553 0.990
18.418 -54.122 -455.734 0.974
11.003 19.657 -476.605 0.974
0.153 -78.505 -436.031 0.974
-38.592 -28.630 -466.338 1.048
40.064 57.960 -473.208 0.916
43.395 -92.308 -383.070 0.953
98.699 -7.483 -388.237 0.854
-39.564 19.070 -391.178 0.949
-84.715 -0.458 -478.915 1.141
-55.561 27.066 -385.534 1.125
19.852 -84.686 -425.143 0.897
-4.927 -83.803 -479.664 0.878
50.591 -15.969 -375.247 1.110
-55.177 -36.835 -381.659 0.997
5.665 75.470 -347.207 0.744
-87.297 -43.475 -385.452 0.993
-3.905 99.216 -379.516 0.985
19.639 -96.820 -448.488 0.892
-40.803 50.390 -433.055 0.956
61.097 62.581 -325.910 1.101
42.299 -20.881 -378.060 1.132
22.019 -71.880 -446.148 1.093
-66.655 -1.697 -494.196 0.996
73.607 51.755 -414.181 0.876
33.806 -1.564 -395.754 0.969
-82.756 27.778 -469.359 1.069
37.062 -44.509 -317.762 1.012
-69.978 11.188 -382.006 1.114
24.855 53.782 -428.667 1.060
-30.550 50.436 -331.563 0.996
63.105 -13.565 -437.202 0.878
-28.878 -2.589 -376.575 0.921
41.270 -53.737 -415.486 1.089
-21.192 5.997 -371.205 1.021
-48.144 85.253 -354.234 0.995
-82.400 -58.341 -307.114 1.037
72.806 15.354 -390.624 1.010
-8.467 90.060 -470.071 0.948
7.709 -83.397 -454.844 0.966
-91.781 47.825 -411.114 0.865
-65.713 15.937 -305.890 1.079
19.689 53.714 -356.082 0.864
-77.340 -2.033 -322.901 0.917
28.949 -91.556 -380.235 1.044
19.122 -68.040 -436.809 0.898
-37.907 89.404 -439.276 0.959
16.761 0.966 -326.544 0.904
84.070 95.246 -401.690 0.919
-2.150 -45.352 -309.765 1.042
76.597 31.270 -398.889 0.983
33.451 -53.959 -369.562 0.873
39.196 51.584 -440.712 0.875
-40.274 -77.735 -374.891 0.875
85.785 -11.325 -431.938 0.969
-65.629 -37.694 -420.021 0.867
46.271 53.579 -317.491 0.987
-78.654 49.450 -307.954 0.849
51.647 -34.723 -353.033 1.026
54.773 35.775 -453.278 0.936
3.057 -21.442 -439.151 1.236
-87.958 6.980 -366.827 1.051
79.041 69.615 -418.704 1.046
74.808 -21.935 -397.784 0.871
-76.088 48.471 -484.720 1.037
44.103 52.242 -483.369 1.093
-23.539 -57.424 -454.161 0.920
-25.350 71.956 -305.901 0.934
56.799 -94.019 -370.851 0.910
-74.941 -14.074 -466.272 1.043
-44.512 -61.839 -443.276 0.911
-65.547 34.481 -479.663 0.856
10.628 -87.089 -381.408 1.089
-62.472 65.210 -362.348 1.063
36.204 21.222 -354.490 0.804
-80.901 -24.811 -321.655 0.904
-76.527 10.658 -458.602 0.925
-48.426 83.368 -451.400 1.089
82.440 -58.295 -350.440 1.030
-45.210 -59.189 -397.578 0.869
-52.026 -34.431 -409.925 1.061
47.091 -40.735 -328.155 0.985
-64.496 65.009 -499.053 0.813
2.638 -50.919 -328.183 0.965
-88.435 27.175 -330.951 1.030
-11.098 39.686 -471.818 0.939
4.983 -38.090 -399.109 1.147
-21.188 -73.237 -420.987 1.111
-64.324 70.398 -443.380 0.943
96.301 61.411 -384.102 1.034
94.301 -18.058 -400.553 0.904
-23.902 -91.864 -341.521 1.048
-42.293 -69.467 -439.671 1.079
-95.257 27.716 -477.521 0.949
35.304 -74.794 -351.109 0.973
58.024 49.495 -418.263 0.981
-29.473 36.685 -443.337 0.939
26.794 -30.035 -414.990 0.965
59.545 5.891 -357.210 0.973
44.891 -13.213 -412.984 1.073
38.733 14.743 -311.309 0.942
-9.142 -90.812 -443.592 1.014
-49.744 -41.931 -389.368 1.046
-17.488 15.440 -317.030 1.110
-64.651 -6.654 -378.799 0.936
-21.280 88.116 -300.873 1.008
-48.684 26.316 -387.493 0.974
11.536 23.450 -473.969 0.944
0.464 -49.289 -382.339 1.028
8.516 60.436 -438.546 0.993
-83.628 -67.075 -382.602 1.138
22.906 33.924 -471.959 0.962
38.642 37.853 -434.690 0.988
-77.601 -13.048 -377.575 0.980
-77.870 -52.445 -335.951 1.104
69.476 -48.018 -371.903 0.979
-83.540 91.415 -478.201 0.937
-42.261 24.557 -496.481 1.114
97.412 -4.616 -331.576 1.063
31.248 62.671 -303.122 1.052
37.592 -61.364 -448.103 0.997
-40.093 -75.936 -377.530 0.914
65.640 81.503 -473.088 1.052
-80.679 -28.236 -306.277 0.992
70.472 13.921 -331.184 1.009
-42.721 -80.549 -484.353 1.092
5.020 21.172 -440.660 1.015
-96.236 -46.897 -410.308 0.904
44.202 35.731 -331.850 0.932
-97.010 -40.216 -401.105 1.072
-28.704 25.770 -434.501 0.988
-91.807 74.667 -302.393 1.083
-49.828 -75.072 -381.681 0.964
-87.792 67.172 -429.505 1.024
-14.661 5.657 -357.225 1.002
-28.165 69.611 -313.698 0.997
64.996 12.454 -416.365 0.908
5.994 -4.252 -456.984 0.885
63.868 8.513 -424.590 1.127
-41.872 51.357 -374.369 0.826
20.402 83.321 -311.505 1.034
92.239 -2.806 -414.509 0.952
42.281 -32.609 -369.072 1.004
39.323 -76.527 -458.224 1.059
64.151 -14.159 -303.875 1.012
7.819 94.174 -478.450 1.022
85.850 -12.745 -318.893 0.992
4.260 26.390 -327.773 1.038
42.532 78.637 -416.971 1.026
-62.302 7.407 -444.124 1.047
69.834 -13.240 -459.228 1.036
24.195 -42.690 -382.435 1.037
-37.133 -87.948 -483.922 0.999
22.215 18.766 -474.343 0.924
9.982 86.063 -475.438 0.959
98.315 -18.705 -417.486 0.673
-23.758 39.757 -428.176 0.853
23.457 -29.284 -325.495 1.169
-94.263 93.591 -301.194 0.982
64.152 74.959 -413.166 1.115
-15.125 13.601 -344.983 0.897
99.462 82.695 -438.237 1.055
-94.168 38.851 -316.441 0.930
19.023 71.964 -314.674 0.940
65.445 -59.306 -363.383 1.152
-40.750 37.527 -449.109 0.972
-35.038 -66.127 -457.617 0.893
-53.799 -73.941 -442.823 1.012
96.369 -87.207 -442.464 1.057
16.225 -86.546 -322.221 0.967
1.943 -7.137 -340.817 1.027
-29.617 59.941 -337.855 1.002
52.293 11.878 -360.903 0.858
39.837 -23.304 -349.981 0.989
-25.623 -55.012 -377.227 1.078
92.061 41.254 -418.700 0.899
95.228 -11.840 -497.669 1.231
-32.705 -17.424 -467.537 1.143
-21.585 74.453 -434.142 0.951
67.833 -71.988 -332.072 1.119
-0.471 -56.870 -415.712 1.089
58.986 -35.208 -373.404 1.033
73.432 -68.360 -489.158 0.890
-60.723 -74.058 -452.636 1.093
75.936 -75.501 -369.362 1.060
25.803 4.961 -349.376 1.029
-98.437 -90.554 -493.633 1.061
54.215 -33.038 -451.192 1.038
75.980 37.993 -451.341 1.082
97.420 90.318 -327.089 0.979
-23.688 -45.955 -315.418 0.938
0.983 -78.867 -309.963 0.960
36.344 42.639 -328.551 0.904
86.685 -60.078 -439.421 0.985
-58.967 0.041 -375.643 1.136
7.675 -17.504 -497.000 0.953
37.501 3.788 -355.918 0.943
61.959 65.673 -399.657 1.063
44.856 -62.772 -405.151 0.910
51.359 -32.222 -439.555 1.061
-48.468 66.310 -386.443 0.891
-11.003 23.941 -386.030 1.047
83.385 77.430 -475.224 0.943
12.267 93.834 -418.046 1.104
-53.945 93.926 -372.365 1.033
62.606 49.772 -410.383 1.052
8.626 -89.850 -453.844 1.049
-94.996 12.719 -335.643 0.964
56.187 76.504 -366.692 1.051
-28.014 -84.118 -359.456 1.069
-18.382 15.318 -348.092 0.913
59.827 -45.102 -380.539 0.822
56.282 -78.896 -477.515 1.061
75.477 80.883 -457.078 0.964
60.532 -75.783 -338.853 1.164
-81.200 43.891 -432.830 1.036
49.279 -15.486 -444.625 1.043
-55.060 33.867 -323.998 1.144
44.274 99.698 -311.874 1.014
78.076 32.296 -358.041 1.131
-6.697 49.185 -395.903 1.187
-83.976 -85.309 -388.531 0.997
-41.258 27.602 -340.655 1.031
68.140 59.062 -367.885 0.995
-52.713 26.651 -353.471 1.022
80.176 44.067 -340.668 1.003
-53.865 34.604 -413.997 0.989
36.894 -82.514 -363.336 1.020
-89.718 0.414 -403.555 0.975
7.701 -8.760 -464.897 0.886
-50.257 -11.916 -324.014 1.139
21.473 -36.037 -481.388 0.989
-7.878 -27.641 -317.448 1.067
47.409 -12.888 -390.625 0.978
-75.238 -65.783 -493.991 0.845
38.064 -44.146 -483.328 0.972
85.921 73.065 -464.868 0.978
-22.936 40.811 -431.772 0.917
-69.574 1.863 -424.358 1.035
-48.687 -70.397 -454.009 1.098
-80.102 71.419 -441.564 1.166
-54.549 -70.847 -431.808 0.996
72.477 5.398 -427.230 0.956
15.507 45.598 -303.053 0.963
43.792 25.964 -472.319 1.051
-56.135 55.812 -479.771 0.903
-84.858 31.160 -433.096 0.979
-32.081 -61.641 -332.912 1.090
27.336 57.558 -333.870 1.051
44.424 34.139 -444.266 0.988
19.831 -13.212 -474.600 0.909
30.415 -2.777 -386.923 0.891
-20.466 -10.628 -330.054 1.078
86.144 40.040 -483.714 1.012
75.320 -87.369 -335.907 1.003
55.675 -67.066 -327.825 1.043
-65.511 6.460 -475.691 1.042
10.350 -39.071 -413.186 1.143
84.630 -65.937 -366.102 0.989
51.697 7.934 -403.141 1.096
2.489 -16.489 -326.993 0.926
-56.795 16.270 -320.800 1.221
-38.666 -26.425 -481.080 0.802
-4.387 -9.240 -354.813 1.123
21.564 -34.194 -338.517 0.981
-97.730 52.068 -452.062 0.906
-5.655 75.052 -482.230 0.894
-19.905 -81.146 -409.571 1.148
16.621 -70.881 -468.862 0.770
86.100 47.839 -494.298 0.963
-46.206 2.642 -346.965 1.016
-22.578 -98.715 -371.764 0.877
-30.258 48.132 -494.870 0.928
25.756 68.988 -440.247 0.921
95.881 9.504 -461.276 0.903
36.624 81.454 -416.860 1.090
75.084 -2.157 -444.683 1.074
66.213 -25.045 -415.337 0.965
-50.956 50.182 -351.704 0.856
-24.539 1.104 -440.357 0.883
-30.641 -68.730 -397.920 0.973
-31.567 24.363 -415.050 1.000
92.828 -72.555 -483.721 1.168
34.354 -50.322 -341.463 0.926
98.130 4.957 -370.515 1.010
-16.227 -78.592 -481.456 1.072
35.621 -9.676 -351.693 1.156
31.848 -76.069 -420.125 1.050
0.791 -48.477 -404.020 0.883
-38.043 -72.845 -459.687 1.039
-98.801 -99.929 -324.363 0.998
-65.460 -38.616 -443.141 0.834
50.151 18.981 -435.877 0.997
-31.229 9.075 -433.604 1.132
39.467 16.643 -479.202 1.006
54.925 -86.825 -443.865 0.912
-21.000 -68.438 -461.113 1.078
-81.705 -65.890 -391.052 0.809
98.200 -93.937 -317.056 1.022
-48.619 14.901 -401.801 0.861
58.038 -23.789 -393.773 0.933
62.263 45.192 -452.214 0.906
-55.001 75.547 -432.653 0.838
-37.130 17.554 -374.531 0.916
56.961 7.674 -444.273 0.961
-56.224 33.842 -324.769 1.038
-94.230 -48.631 -300.474 1.049
45.936 71.469 -477.512 1.012
37.496 97.163 -453.442 0.968
-95.431 60.807 -388.784 0.988
94.003 71.729 -486.253 0.920
-2.717 71.495 -428.236 0.984
56.412 -68.306 -300.245 0.997
-25.809 -45.928 -450.073 1.063
36.415 41.613 -379.004 1.087
-95.623 -24.081 -490.790 1.017
-10.103 8.407 -384.719 1.105
-81.891 86.443 -314.189 1.006
-50.286 68.364 -425.879 1.064
80.300 44.331 -324.061 1.092
-51.133 -70.490 -383.078 1.016
29.310 4.527 -362.228 0.998
-86.147 2.310 -464.978 0.997
-57.437 -37.433 -372.004 1.141
-34.673 -23.009 -305.601 1.209
75.511 -75.441 -439.074 1.193
59.744 -52.785 -374.869 0.984
-99.468 -72.775 -365.898 0.937
23.961 -97.126 -445.468 1.106
-21.923 33.867 -356.822 0.946
-21.949 -31.228 -335.671 1.035
-18.498 -92.259 -410.545 1.058
87.108 57.811 -331.854 0.807
-80.412 -6.351 -365.169 0.989
82.193 -42.758 -443.746 1.040
-25.282 29.779 -446.445 1.028
74.586 46.356 -304.002 1.007
-55.633 -61.199 -463.563 1.101
-43.797 9.899 -396.777 0.934
-77.509 31.017 -454.147 1.156
-18.340 -46.239 -463.828 1.145
-53.759 56.628 -485.770 1.023
61.441 -15.384 -496.487 0.926
-56.020 -78.592 -412.138 0.953
-80.423 -36.378 -460.188 0.906
-6.939 -63.554 -311.843 1.048
57.233 58.414 -352.925 1.025
97.329 27.803 -344.383 1.086
58.526 95.580 -458.175 0.966
-3.264 68.988 -338.814 1.018
-44.746 -28.629 -372.849 0.908
-3.739 51.919 -377.420 1.030
41.834 -41.404 -433.900 0.989
7.812 87.059 -402.037 1.080
66.839 -13.622 -424.059 1.144
-24.961 -37.326 -378.224 0.993
-99.081 -55.059 -351.077 0.866
99.248 40.121 -434.508 1.140
6.479 67.008 -328.291 0.957
-73.886 -52.246 -404.990 1.017
-99.371 89.505 -474.851 1.165
-62.730 45.222 -408.015 1.012
25.758 -12.922 -439.565 1.004
67.979 -40.088 -404.505 1.062
-72.091 59.805 -440.231 1.119
76.421 90.741 -455.074 1.014
-43.361 86.327 -340.759 1.202
96.859 92.879 -348.479 0.821
-92.643 -30.596 -424.766 1.032
30.189 -34.245 -342.971 1.082
57.580 -27.446 -375.126 1.075
30.039 -50.215 -316.631 1.125
40.099 96.808 -444.259 1.020
9.283 -38.854 -333.224 1.154
-26.618 55.382 -417.990 0.927
47.534 -74.724 -477.451 1.054
85.143 -30.301 -367.788 0.970
56.468 67.509 -414.455 0.987
95.104 -3.034 -394.127 0.876
15.606 99.416 -397.876 1.007
-48.999 -41.536 -464.518 0.987
64.611 -16.494 -419.833 1.199
26.195 86.053 -406.652 0.991
63.595 -42.706 -496.047 0.983
-60.286 56.161 -350.450 0.817
-14.156 71.805 -458.804 1.043
42.140 30.053 -458.746 0.923
94.910 83.583 -463.279 0.962
15.245 -32.831 -477.498 0.980
22.469 -77.882 -346.997 0.932
-14.306 -21.144 -460.755 1.034
3.177 84.800 -393.530 1.034
14.400 65.970 -417.705 1.130
33.146 -91.142 -373.207 1.040
59.627 55.079 -383.960 0.859
81.900 65.231 -377.457 0.949
64.923 64.164 -497.707 0.981
-19.899 -54.436 -309.233 1.107
-53.462 -38.436 -494.983 1.087
65.511 -93.629 -469.170 1.086
37.941 -2.861 -360.526 0.969
-8.760 97.816 -414.592 1.054
-50.063 -0.773 -447.738 0.895
-76.506 18.701 -420.035 0.847
-16.580 29.573 -489.449 0.872
9.811 95.570 -458.390 1.087
-19.384 96.652 -340.025 0.977
-16.184 52.396 -354.902 1.082
53.513 -14.617 -341.510 0.844
46.087 -55.681 -469.598 0.913
-56.150 60.331 -379.085 1.116
76.810 -71.321 -428.313 1.011
-58.234 42.108 -442.228 0.983
15.097 5.638 -358.606 1.042
-29.068 38.673 -331.406 0.964
-67.421 12.486 -488.717 1.121
-65.787 44.050 -380.906 0.822
3.215 8.456 -312.381 1.039
49.629 -30.560 -434.579 0.910
74.189 35.334 -368.655 1.293
87.243 -48.685 -301.523 1.043
-33.220 12.097 -473.323 1.111
-14.428 91.635 -436.726 0.929
24.189 -99.712 -370.055 0.959
71.077 59.620 -373.916 1.088
46.188 29.595 -436.122 0.955
-89.941 37.763 -452.915 0.879
47.879 -93.298 -416.485 1.028
90.021 -47.568 -378.180 1.226
58.314 75.166 -427.059 0.961
-13.237 -68.769 -452.723 1.010
47.500 -70.794 -453.781 1.029
89.990 -49.106 -374.636 1.092
66.381 -1.918 -335.115 0.981
16.698 22.284 -442.237 0.861
-35.572 40.828 -480.660 1.077
45.029 63.716 -336.218 0.990
47.908 -22.799 -333.756 0.871
84.240 -46.699 -371.277 1.133
-81.504 -7.639 -378.717 1.112
-60.305 67.706 -366.797 1.136
74.877 94.934 -472.420 0.833
-58.922 -58.483 -497.298 1.068
-3.746 32.301 -370.312 1.082
69.031 -75.454 -424.759 0.977
91.346 -56.489 -488.604 1.043
52.204 2.147 -390.548 1.032
10.865 62.060 -322.528 0.885
51.469 41.778 -378.811 1.075
26.986 59.441 -489.681 0.940
26.051 98.890 -495.025 1.031
54.951 -59.111 -435.382 0.983
40.000 -72.241 -458.104 1.046
-61.229 14.836 -311.362 0.950
-51.120 4.688 -339.790 0.917
17.089 56.894 -347.549 0.958
-23.676 87.821 -470.796 1.005
-79.642 73.543 -321.467 1.184
-2.876 -27.156 -344.830 1.044
37.888 -10.073 -333.313 1.123
30.580 30.657 -457.647 0.988
-19.190 -68.025 -428.037 0.933
24.001 22.949 -460.231 0.931
4.000 -59.875 -436.276 0.888
42.656 6.353 -343.958 1.042
18.266 75.583 -480.317 1.203
-82.412 -18.585 -408.026 1.123
-54.510 16.532 -491.586 1.020
-88.379 88.172 -345.559 0.902
72.592 59.434 -333.905 0.943
10.022 -40.789 -400.105 0.984
-19.896 40.134 -324.983 0.775
-34.684 -80.256 -433.842 0.965
-89.494 63.075 -365.055 0.922
5.004 -16.630 -380.781 1.034
-57.455 27.424 -422.482 1.083
7.825 -39.218 -353.935 1.130
-82.479 -42.355 -439.304 0.834
39.320 -52.118 -475.777 1.134
89.510 -38.158 -319.124 0.892
-46.666 -83.226 -410.916 0.956
26.560 62.191 -389.124 1.225
36.377 -49.540 -470.213 0.884
99.823 50.706 -487.898 0.947
10.586 2.431 -406.788 0.950
4.766 -20.550 -346.307 1.085
30.360 26.487 -385.380 1.061
34.140 -22.629 -392.558 0.913
-87.704 -53.280 -335.566 1.031
62.386 68.558 -440.863 1.042
50.318 65.173 -338.958 1.209
-8.875 64.763 -455.594 0.972
-89.417 79.929 -300.909 1.016
73.279 -49.554 -424.365 1.087
37.350 42.050 -433.673 0.842
31.425 -64.505 -489.409 1.049
-78.072 85.615 -301.621 1.094
-24.601 51.964 -445.932 1.152
83.207 -62.215 -483.762 0.822
-47.359 -46.321 -458.945 0.904
60.589 14.702 -411.882 0.876
-88.182 -47.342 -396.476 0.969
-7.986 93.012 -342.648 1.101
61.870 72.026 -304.071 0.855
93.985 66.122 -387.333 0.868
-14.436 -55.905 -495.904 1.065
-3.847 -7.264 -424.374 0.961
82.883 -28.332 -309.233 1.013
-91.252 50.335 -331.038 0.785
-84.303 -65.733 -449.357 1.119
58.070 94.223 -319.938 1.036
51.432 -75.207 -450.378 1.061
96.869 -96.450 -353.676 1.001
60.503 83.384 -480.367 1.117
76.614 76.822 -388.956 0.942
70.820 -0.585 -445.167 1.060
72.354 83.844 -445.611 1.036
11.850 71.120 -339.969 1.080
-45.468 77.336 -423.666 1.015
85.892 -29.681 -453.658 1.159
-43.335 15.433 -489.698 1.004
46.066 62.830 -421.865 0.849
50.097 -23.957 -339.159 0.937
97.376 62.573 -393.473 1.145
21.609 55.479 -482.643 0.880
1.648 -75.126 -409.742 0.949
87.300 -9.107 -494.374 1.009
81.286 15.690 -309.108 0.800
-8.831 -52.540 -398.065 1.018
-93.089 -33.882 -475.323 1.148
-85.893 17.145 -480.898 1.052
-9.709 12.137 -415.317 0.894
39.738 -98.680 -327.448 0.910
49.339 47.114 -477.157 1.053
-81.432 94.616 -470.802 0.970
16.181 4.433 -428.381 1.013
-86.687 -28.959 -452.971 0.557
-88.537 60.069 -351.298 0.892
95.930 -12.751 -334.954 0.855
48.332 -30.941 -346.534 0.936
88.544 -0.272 -316.174 0.812
-79.897 -91.470 -335.418 1.030
10.685 2.889 -312.221 1.152
39.788 -8.640 -321.362 0.843
-63.081 -50.454 -478.651 0.974
-61.187 99.010 -324.680 0.994
-78.006 94.839 -332.847 0.964
3.709 -23.518 -420.751 1.036
-38.274 -36.079 -347.274 0.833
5.048 40.565 -375.308 0.928
19.782 -24.206 -444.840 0.939
21.571 76.889 -345.536 1.060
73.352 30.454 -405.483 0.916
-83.436 -84.697 -493.145 1.119
78.740 -31.731 -422.361 1.106
-87.627 15.216 -414.329 0.837
-64.892 27.299 -371.148 0.857
42.905 19.065 -365.299 1.010
92.944 -48.708 -331.821 0.873
-64.366 73.419 -446.643 0.828
27.514 41.580 -417.564 1.000
-69.060 96.092 -323.020 0.923
-29.845 -66.705 -310.257 1.055
-56.649 -32.356 -479.325 1.026
22.389 49.206 -413.418 1.001
-40.520 -85.883 -341.709 0.903
17.391 61.382 -318.477 0.977
51.825 -31.162 -331.802 1.093
-97.960 -83.949 -369.401 1.070
-97.723 -57.779 -454.172 1.028
69.127 -35.143 -345.525 1.115
6.161 27.473 -309.596 0.982
-62.324 -77.377 -436.752 0.956
-0.291 71.719 -413.818 0.883
-44.146 93.795 -349.767 0.842
23.321 44.638 -333.672 0.988
-24.678 -25.892 -492.798 1.210
7.739 -75.761 -421.012 1.161
90.379 -97.239 -477.432 1.070
-96.352 9.855 -306.722 0.945
-9.542 -61.573 -311.896 1.045
-17.489 -56.846 -394.970 1.052
31.856 7.405 -355.517 1.042
-6.314 79.929 -329.627 1.070
-6.312 40.027 -386.245 0.834
-15.271 -44.852 -336.654 1.062
-63.572 -61.999 -363.564 1.145
87.049 -75.207 -323.466 0.847
15.028 96.058 -447.029 1.019
40.428 -6.567 -474.984 0.952
83.646 -48.054 -430.575 0.979
66.346 -66.453 -434.645 1.019
64.628 -89.466 -493.327 0.903
-45.240 47.198 -322.816 1.086
83.790 90.359 -320.638 0.914
-91.294 -39.020 -462.280 0.928
-54.998 63.127 -489.457 1.056
85.845 -93.249 -405.593 1.145
-78.896 8.917 -300.491 1.037
-29.861 98.035 -418.157 0.953
-48.722 -34.492 -308.830 1.199
-10.824 32.407 -382.828 0.976
-87.769 -62.655 -465.729 1.235
89.622 -27.893 -466.782 1.032
32.222 37.927 -337.307 0.946
-85.537 -4.002 -486.192 0.929
41.256 29.337 -470.300 0.914
20.698 -82.221 -431.435 0.880
40.754 -15.965 -452.670 0.984
20.381 -8.168 -493.817 0.981
33.826 85.976 -496.227 0.926
39.856 -81.091 -394.490 1.063
57.459 -84.709 -317.785 1.191
-35.270 -25.770 -322.721 0.883
-59.369 29.628 -416.406 1.133
34.869 87.191 -352.072 1.007
80.995 96.726 -416.443 0.935
15.408 69.423 -453.850 1.035
-84.511 -62.026 -378.411 0.966
80.008 10.406 -409.042 1.120
-30.771 26.551 -357.752 0.887
-12.793 -88.891 -471.395 1.047
-32.523 41.061 -349.875 1.043
85.417 -3.144 -416.959 0.920
3.636 47.859 -399.538 0.961
99.970 -86.543 -420.594 1.061
32.650 -8.808 -394.347 1.063
21.122 51.004 -410.107 1.092
85.950 -19.901 -367.960 1.015
-41.238 81.583 -479.522 1.088
64.807 58.147 -422.588 1.162
15.188 -70.943 -353.862 0.853
-59.988 -58.319 -465.465 1.028
2.782 94.757 -458.606 0.930
-25.952 40.498 -305.601 1.232
-9.149 37.860 -474.192 0.937
-86.511 -43.412 -392.904 0.931
-20.114 38.811 -327.904 1.021
81.029 -51.119 -342.648 0.885
27.892 -81.792 -327.846 1.069
-64.859 -83.088 -454.948 0.994
31.681 97.550 -312.192 0.963
-29.991 14.847 -330.419 1.092
-8.496 -76.725 -489.597 1.039
-23.027 -59.296 -432.504 0.985
1.730 99.002 -310.654 1.100
18.779 -84.592 -339.461 1.079
-12.306 7.593 -447.825 1.059
99.693 -66.168 -338.975 0.977
-7.163 95.231 -383.190 1.010
-51.138 -77.209 -409.654 1.021
-28.880 -78.070 -312.453 1.158
16.440 -6.539 -392.589 1.190
44.285 12.676 -341.988 0.959
-60.951 23.151 -377.793 1.011
-92.454 82.700 -391.781 1.145
14.465 -16.453 -369.868 1.108
-10.704 71.136 -349.996 0.913
-2.721 -2.209 -435.321 1.005
94.694 -93.984 -303.148 1.028
-8.336 88.378 -496.775 1.054
13.775 -84.917 -499.299 0.898
76.842 -14.746 -310.128 0.920
73.150 81.139 -472.072 0.984
-22.755 -34.614 -390.297 0.919
6.896 -48.062 -465.818 0.925
-80.976 -30.785 -430.911 1.013
99.226 58.274 -301.197 0.934
-15.632 -60.043 -350.590 1.067
61.258 44.735 -407.660 1.004
-61.805 52.935 -490.828 1.039
19.090 -41.257 -405.262 0.928
82.860 -73.779 -494.847 1.084
-57.413 79.306 -333.579 1.177
-83.102 -39.497 -493.222 0.975
-9.683 4.932 -322.610 1.052
27.967 24.584 -388.833 1.130
-23.096 -35.681 -356.474 1.053
-12.479 59.286 -346.152 0.934
61.964 89.176 -312.759 1.003
20.850 51.693 -425.021 1.093
-87.794 32.588 -429.164 0.888
18.786 -62.337 -380.838 0.880
77.917 56.876 -466.159 1.158
-92.763 82.919 -493.121 1.096
-88.628 55.678 -488.593 1.057
35.555 45.855 -431.216 1.094
-36.696 21.552 -484.798 0.936
-67.436 81.964 -332.600 0.994
7.846 6.270 -444.651 0.947
-3.300 -15.388 -416.803 1.010
1.618 89.350 -403.844 1.036
54.454 -66.218 -300.971 0.945
89.184 46.121 -330.718 1.016
-95.652 93.628 -456.110 1.104
85.665 32.346 -414.389 1.042
95.564 -21.742 -387.266 1.041
93.048 -8.304 -368.970 1.002
71.534 42.697 -497.598 1.134
93.742 -46.398 -363.542 1.032
79.991 -84.743 -455.147 0.970
90.213 -20.737 -390.871 0.965
43.508 -30.376 -466.009 0.947
39.665 -13.254 -480.441 1.148
-77.111 -65.799 -336.306 0.810
78.058 7.625 -476.356 1.034
-96.332 -33.872 -453.923 1.022
-54.304 -65.076 -323.788 0.905
-26.477 77.028 -471.056 0.774
63.278 71.139 -302.664 0.831
-54.802 73.758 -490.415 1.004
-39.874 -40.998 -397.936 1.056
-24.302 -73.579 -414.350 0.894
56.440 67.071 -483.175 1.014
78.972 33.874 -399.837 0.847
-78.349 -40.821 -313.160 0.951
-90.533 -67.357 -394.420 1.049
-43.884 -57.333 -418.907 1.024
-87.393 -42.366 -484.990 0.935
-72.689 62.145 -426.862 0.968
94.808 -80.052 -330.303 0.851
-74.836 -60.184 -442.831 0.991
-3.768 -38.593 -391.051 0.938
12.234 -79.202 -448.907 0.980
-38.077 49.795 -450.179 1.149
