92.268 33.958 -387.073 1.122
57.095 -4.219 -312.033 0.977
22.953 38.337 -363.660 1.014
-4.787 24.747 -398.266 0.961
99.448 -41.557 -431.751 1.118
65.082 -70.158 -380.965 1.118
11.723 36.629 -321.360 1.210
85.442 -72.576 -344.560 1.035
-66.393 -79.677 -376.771 0.950
97.626 -63.154 -430.079 1.121
78.946 -89.332 -482.020 0.984
-82.431 -16.854 -349.348 1.093
-62.920 -62.071 -344.370 0.996
-44.202 -20.657 -321.210 1.447
-83.019 29.741 -435.010 1.053
-77.978 54.062 -368.070 0.916
-78.780 71.233 -391.036 1.058
59.017 87.448 -440.247 1.045
20.640 -94.284 -457.468 0.768
72.926 -19.896 -466.860 1.069
-26.565 17.141 -486.523 0.892
2.757 61.498 -332.962 0.968
72.156 96.578 -454.144 1.005
55.277 4.070 -345.742 1.053
91.980 -48.446 -441.899 1.030
89.722 8.915 -489.505 1.111
-36.152 -91.171 -429.270 1.059
-77.538 86.265 -440.669 1.064
-79.624 -27.101 -432.029 1.024
98.533 24.874 -327.179 0.970
-10.544 87.774 -487.571 0.951
20.637 15.712 -403.955 1.030
-5.991 -93.790 -462.826 0.991
-96.459 -94.724 -443.011 0.992
-33.768 10.388 -332.623 1.011
88.295 -87.342 -329.431 1.005
88.382 78.832 -388.048 1.085
35.701 -15.696 -333.610 0.890
51.019 7.094 -357.475 1.042
17.695 89.866 -498.870 0.882
4.286 69.943 -423.898 0.968
3.114 -24.784 -346.370 1.039
71.645 -1.099 -465.601 1.003
-91.076 67.538 -406.822 0.921
-16.975 -4.445 -451.411 1.017
43.312 17.701 -308.411 1.167
12.994 -28.114 -389.730 1.094
-6.721 65.839 -386.407 1.015
0.576 21.223 -426.458 1.008
84.350 -62.355 -340.392 1.139
53.272 25.550 -340.626 1.109
68.376 -67.553 -404.426 0.963
86.352 29.563 -321.907 1.171
-3.864 58.134 -343.571 0.821
-35.735 -82.752 -466.019 0.996
-51.254 41.533 -334.828 0.932
60.412 -22.104 -474.512 1.124
33.676 40.871 -460.509 1.005
-51.465 33.860 -378.755 1.030
29.803 -93.654 -385.378 1.067
8.971 -16.354 -428.243 0.978
41.426 2.884 -394.907 1.036
-62.411 -34.076 -410.545 1.051
64.836 50.044 -342.861 0.929
41.949 -75.870 -415.146 0.896
-1.025 85.179 -412.879 1.001
-11.606 -42.453 -462.985 1.044
-5.828 -48.082 -355.709 1.134
18.919 -73.068 -309.840 0.908
99.580 25.263 -412.602 0.975
-12.871 83.437 -307.870 0.987
-25.531 11.668 -350.038 1.124
17.197 72.489 -348.699 1.001
56.613 42.113 -313.420 1.056
-73.898 68.447 -453.319 1.008
20.288 5.118 -386.052 1.074
73.086 -26.746 -484.665 0.908
50.964 34.092 -385.992 0.985
-79.521 38.501 -395.861 1.085
39.129 57.640 -472.885 0.998
-9.566 55.755 -404.079 0.775
59.428 -63.997 -401.133 1.039
-83.316 64.618 -458.769 0.765
53.322 -38.170 -396.683 0.845
-57.266 -56.294 -338.486 1.028
-1.395 -92.539 -376.640 0.898
78.480 11.421 -486.666 0.978
-72.235 87.414 -408.291 1.132
81.964 -53.498 -382.979 1.156
-6.274 81.072 -338.640 0.934
-75.448 52.626 -339.436 0.949
28.130 -52.482 -324.372 1.002
28.673 -24.094 -369.322 1.226
36.579 84.008 -479.450 0.939
46.014 -53.841 -398.108 1.009
67.484 4.365 -380.043 0.833
7.609 22.534 -310.204 1.067
77.798 -16.112 -492.307 0.889
-8.944 -51.476 -478.114 1.139
-51.122 47.106 -446.545 0.965
-76.213 98.422 -498.606 1.012
7.658 8.636 -300.543 1.050
-36.042 28.827 -391.506 0.854
16.777 -86.515 -362.839 0.944
67.914 72.785 -474.176 1.149
-54.785 34.627 -383.684 1.015
21.759 -44.423 -376.257 1.165
-31.148 62.753 -468.332 0.980
-57.235 81.480 -390.553 1.040
-22.920 -4.089 -462.040 0.925
-26.528 -13.934 -437.007 0.835
-78.995 66.276 -393.069 1.065
-3.705 4.823 -450.018 1.054
-12.817 -72.861 -351.253 1.182
70.670 -88.496 -409.644 1.039
-42.704 -63.275 -370.818 0.853
-38.372 41.837 -384.677 1.097
-60.370 46.700 -469.690 0.950
51.332 -99.053 -373.303 1.056
37.720 90.292 -447.739 1.020
12.925 84.741 -381.774 1.090
58.910 91.080 -451.591 1.037
-14.461 -35.275 -476.062 1.078
-39.386 43.929 -479.724 0.999
-61.816 -88.301 -301.567 1.088
56.268 46.852 -350.129 0.817
-14.380 -81.141 -473.154 0.900
61.280 97.981 -328.634 0.983
-52.138 -96.260 -464.070 0.848
-43.102 61.116 -441.523 1.066
-28.801 -64.186 -333.262 0.978
-82.708 92.334 -360.006 1.064
30.138 -78.164 -440.889 1.040
11.040 -50.760 -476.270 0.875
-45.062 14.173 -425.533 0.955
58.980 5.074 -467.038 1.213
-68.028 -14.856 -467.706 0.971
-27.920 -96.446 -308.795 1.139
88.859 45.716 -466.614 0.874
-68.979 84.334 -491.205 1.082
85.898 -19.714 -334.650 1.111
-3.188 18.891 -363.203 0.982
-22.332 -94.552 -431.326 0.975
-43.146 1.361 -346.681 0.979
-75.715 -11.485 -433.366 0.948
-18.261 -92.946 -303.441 1.170
-33.419 -45.442 -443.987 0.928
-62.728 52.953 -345.591 0.930
-6.126 -73.468 -334.286 1.008
15.901 -12.934 -389.137 1.070
-66.227 96.350 -389.900 1.055
39.450 -46.449 -429.082 1.126
-72.675 -12.646 -394.443 1.179
48.252 -97.079 -366.296 1.027
-15.953 27.778 -366.141 0.934
46.730 -92.343 -329.220 0.985
74.701 -67.410 -319.679 0.973
-19.341 53.356 -340.146 1.011
-74.419 52.436 -431.502 1.056
7.496 47.922 -329.279 1.016
-90.098 -45.337 -331.266 0.982
21.573 44.871 -462.708 0.930
89.772 84.990 -368.209 1.063
49.685 -85.300 -334.907 0.830
-86.748 16.060 -379.043 0.944
84.421 -21.129 -348.190 1.051
72.544 65.466 -348.181 1.043
22.102 -89.280 -389.737 0.973
-37.898 40.105 -347.602 1.018
-43.352 -50.987 -374.776 1.003
-37.703 88.390 -391.944 1.115
49.259 35.224 -310.318 0.913
-26.078 -93.172 -375.690 1.071
-19.143 39.105 -324.655 1.110
-28.426 -27.628 -419.970 1.118
-66.579 83.428 -318.596 0.734
-14.959 -88.913 -387.289 0.914
-30.845 -57.283 -441.985 0.834
-98.166 24.147 -447.973 0.953
-49.416 78.486 -376.381 0.996
-31.542 -2.359 -305.577 0.895
-39.487 -37.407 -498.433 1.005
2.992 51.533 -414.915 1.042
-50.697 72.479 -300.830 0.893
-22.929 95.048 -451.382 0.974
-48.066 -22.645 -454.473 1.006
-42.890 -78.488 -366.308 1.042
13.312 -4.489 -339.095 0.840
-59.689 28.784 -330.986 0.959
36.397 36.544 -431.305 0.998
-0.881 -80.236 -470.460 0.968
-46.037 16.411 -385.162 0.849
-26.082 59.621 -361.289 0.999
95.716 -0.942 -462.205 0.824
-69.875 -91.791 -462.449 1.053
29.686 -86.993 -354.736 1.135
27.719 48.783 -377.140 0.986
68.529 21.782 -417.867 0.950
75.790 -44.842 -448.921 0.965
15.090 4.468 -340.772 1.010
13.836 80.555 -456.214 0.920
-88.095 -99.003 -349.746 1.127
95.561 -36.547 -341.589 1.011
-74.932 9.488 -414.297 1.102
-66.389 72.504 -465.862 0.841
-18.122 -24.653 -460.580 1.057
-55.463 27.551 -330.943 0.975
-82.347 63.212 -370.008 0.998
28.499 -54.017 -450.285 1.225
91.718 8.365 -310.675 1.093
64.367 27.924 -312.202 0.784
94.131 -31.926 -323.750 0.933
82.845 -96.822 -424.183 1.061
6.358 53.857 -473.969 0.880
-50.651 -59.498 -336.669 0.940
-17.338 -64.352 -386.538 0.964
-95.050 92.518 -396.696 0.949
-83.520 -57.524 -314.584 1.052
-82.101 88.519 -470.350 0.856
-65.274 -77.932 -355.236 1.123
-91.430 -99.032 -406.569 1.088
77.672 -61.033 -311.716 1.029
69.326 -50.780 -445.566 1.009
20.671 -2.878 -453.740 1.076
-41.257 79.724 -383.056 0.984
3.172 -78.465 -356.275 1.051
51.930 -7.312 -322.311 0.887
3.706 -70.875 -345.365 1.138
45.466 57.239 -327.845 1.053
-37.491 74.768 -373.807 0.834
-19.654 41.632 -427.670 1.044
-63.659 89.980 -462.212 0.986
38.059 -0.326 -404.856 0.891
-28.078 -22.146 -439.101 1.133
40.334 83.285 -398.900 1.032
-61.970 -52.180 -390.763 1.188
-8.905 -43.850 -338.079 0.927
-28.218 -93.745 -374.039 1.199
47.171 72.874 -306.093 1.037
57.142 -89.240 -388.778 1.064
76.468 97.947 -363.823 1.071
-63.210 -53.632 -496.093 0.922
-12.800 -12.527 -439.221 1.033
-70.044 -39.497 -458.377 1.056
39.809 98.379 -446.220 0.879
96.605 -10.141 -465.565 0.909
-9.148 7.946 -393.871 1.091
23.591 -9.505 -321.225 1.064
24.151 28.023 -305.346 1.013
-22.166 -22.390 -421.099 0.980
-78.779 -57.128 -470.107 0.835
-74.488 -94.128 -390.176 0.998
-88.534 -90.379 -404.412 0.911
-28.342 16.168 -301.688 1.028
29.599 37.785 -354.518 0.960
-35.054 -81.238 -348.935 0.930
-19.965 -31.189 -475.774 1.009
-40.212 62.063 -321.665 0.911
-94.610 -93.023 -305.034 0.907
-49.857 -9.199 -343.154 0.897
71.142 65.353 -341.807 0.958
41.417 -17.841 -331.933 1.090
-53.555 6.203 -396.556 1.058
-47.345 9.680 -359.851 0.776
-24.933 -72.478 -464.575 0.878
54.776 46.178 -310.036 0.740
0.208 35.845 -362.303 1.079
25.766 -92.377 -327.090 0.938
-84.204 -38.150 -384.864 1.058
-26.655 -73.345 -470.735 0.981
2.042 -31.003 -418.906 1.111
47.721 83.559 -426.473 1.138
61.089 0.646 -433.107 1.003
-47.693 -36.273 -379.603 1.013
-79.906 -33.821 -452.827 0.999
84.768 -63.949 -434.538 0.899
-24.359 27.074 -461.565 1.079
-57.883 69.163 -321.123 1.134
-33.955 21.850 -314.406 0.880
23.453 94.503 -403.412 0.980
-48.819 -59.981 -351.201 0.944
-73.064 81.976 -352.215 1.124
-99.113 -33.266 -405.756 0.981
37.966 85.378 -343.420 1.027
-68.638 20.983 -379.265 1.034
36.851 27.677 -358.827 1.183
-35.791 -93.854 -499.670 0.870
-29.670 -10.967 -340.462 0.993
46.188 -84.625 -332.188 0.912
-91.076 77.895 -440.896 1.100
-40.171 44.593 -460.526 1.012
-76.742 20.014 -426.881 0.978
-41.512 60.391 -386.791 1.195
-85.112 -30.013 -470.691 0.965
-19.921 -54.757 -335.103 0.952
-7.323 19.850 -479.973 1.014
81.826 -18.463 -434.235 0.902
-74.480 27.521 -437.752 0.992
76.821 -67.816 -351.338 1.146
92.934 -64.774 -444.667 0.919
-11.155 46.672 -492.489 0.974
-63.575 95.479 -462.442 0.810
86.487 -26.527 -457.327 0.947
77.622 0.447 -396.661 0.936
66.938 -92.335 -485.715 0.947
-46.172 -75.649 -380.638 0.876
71.649 -58.967 -420.467 0.913
84.409 -42.041 -373.636 0.811
20.834 23.453 -480.340 0.951
53.292 90.233 -378.445 0.887
49.862 -97.113 -300.774 1.182
-83.668 -26.044 -325.042 0.966
-62.673 -59.425 -433.998 0.974
69.113 -79.353 -334.597 0.933
-60.275 -23.981 -456.753 1.049
65.062 41.355 -467.497 0.808
85.033 -3.407 -371.083 0.684
-55.973 -34.076 -312.307 0.859
-59.247 42.303 -428.415 1.002
-14.290 38.521 -307.612 1.114
66.640 -15.899 -426.034 0.975
-13.375 97.295 -458.500 0.875
-38.120 -13.080 -361.642 1.168
53.267 84.919 -498.690 0.921
92.331 -49.616 -469.868 0.862
33.769 98.185 -473.739 0.811
-45.030 19.794 -305.692 1.074
41.199 -99.230 -437.664 0.858
-40.414 -52.739 -345.434 1.079
51.720 -74.376 -468.543 1.018
42.082 -8.144 -360.648 1.044
-65.619 -4.431 -404.216 0.927
32.869 71.637 -375.634 1.288
-78.216 8.429 -468.808 0.973
-29.004 9.380 -397.422 0.978
11.980 -3.463 -380.692 1.041
61.378 49.680 -359.231 1.145
-35.730 47.227 -305.347 1.131
79.552 -58.022 -300.183 1.234
90.440 -32.379 -384.282 1.095
-40.620 -36.690 -418.730 0.760
-24.240 -47.290 -353.317 1.043
-74.696 80.636 -420.751 0.933
-94.306 35.294 -455.374 1.090
-34.871 3.018 -358.063 1.018
-14.288 39.073 -426.171 0.817
4.278 90.502 -347.717 0.987
-19.829 59.070 -418.626 1.047
10.968 20.019 -457.305 0.919
-34.490 -95.463 -365.258 0.979
65.533 -86.107 -304.022 1.006
-29.223 11.507 -406.722 1.017
15.885 83.897 -346.154 1.027
67.764 -69.060 -441.667 1.094
-81.954 44.555 -351.911 0.907
-5.496 -9.595 -311.254 1.079
21.082 31.280 -355.751 1.065
-96.322 52.170 -466.003 0.994
-47.423 92.795 -332.011 1.054
-85.190 -41.704 -307.108 0.975
68.945 37.024 -351.534 0.976
79.263 -31.995 -441.012 0.909
-1.899 -49.773 -307.734 1.117
48.228 2.222 -330.247 0.902
78.387 90.809 -476.124 0.934
-40.572 18.640 -407.780 0.955
55.723 -33.910 -328.372 0.941
23.174 -8.631 -478.022 1.050
88.470 53.721 -419.664 1.007
96.504 25.486 -474.590 1.116
-7.931 -87.881 -411.844 1.037
-25.216 -9.960 -381.071 0.866
-6.406 -2.197 -303.007 1.005
-67.056 58.244 -471.956 1.020
24.420 42.247 -494.321 0.922
-97.930 86.221 -490.809 1.157
-21.931 32.526 -391.432 1.078
-12.638 -71.901 -477.338 0.864
-38.617 -98.187 -340.605 1.031
-11.315 79.710 -434.818 0.938
39.284 87.678 -441.068 0.875
-33.482 -73.593 -369.532 1.018
60.274 61.290 -360.748 0.959
57.510 -19.402 -418.680 1.151
-42.683 98.752 -478.386 0.915
-0.981 -97.055 -320.870 0.884
52.364 -32.709 -327.568 0.973
-6.313 -39.973 -444.644 0.898
82.613 -17.144 -370.320 0.868
-90.223 -6.668 -462.103 0.930
2.067 -22.068 -316.275 0.840
-50.247 -76.028 -460.270 0.871
9.784 22.564 -328.946 1.067
-29.332 -24.652 -363.932 1.042
-48.758 -13.193 -342.386 0.963
-0.534 -78.882 -309.957 1.011
95.428 -1.565 -371.326 0.990
96.122 -65.520 -418.404 0.966
-61.004 63.232 -411.118 0.889
70.815 16.416 -459.526 1.145
13.231 85.324 -372.594 1.107
-37.460 -11.489 -304.926 0.948
84.321 -55.901 -488.409 0.952
7.088 -24.768 -423.068 0.831
-38.854 83.526 -300.240 0.928
48.987 18.740 -389.632 1.135
-35.778 59.518 -335.732 0.888
-35.448 -6.953 -419.799 1.080
-53.104 81.608 -320.356 1.038
97.077 -53.584 -444.321 1.182
93.663 -9.634 -320.487 1.161
-30.944 -43.009 -309.725 0.909
-24.012 9.603 -374.295 0.950
-68.464 -78.453 -496.467 1.299
-58.854 -33.652 -440.727 1.085
-10.611 86.518 -373.306 0.821
62.929 -58.651 -372.639 0.970
98.361 77.007 -491.137 1.112
74.635 6.736 -459.994 1.030
-39.704 40.917 -439.199 0.829
23.070 59.297 -347.362 0.833
-28.199 38.454 -412.678 0.821
18.807 -34.152 -482.649 0.899
25.157 -36.566 -326.722 1.082
-26.494 -55.238 -414.834 0.979
-50.353 -83.909 -494.525 1.104
-99.158 32.934 -471.459 1.029
-95.622 89.367 -480.887 1.089
74.709 60.039 -433.957 1.133
-19.015 -52.012 -357.540 0.912
-2.575 -62.547 -416.167 0.976
93.201 49.320 -492.760 0.905
-63.735 43.590 -436.319 1.118
29.905 -83.849 -318.901 1.135
44.664 71.238 -492.107 0.994
77.871 93.986 -318.080 0.905
17.093 10.010 -365.543 1.108
33.570 -34.397 -385.004 0.934
31.586 30.015 -428.265 1.029
71.031 88.802 -313.638 0.953
21.654 -12.264 -387.368 0.935
-82.186 -14.650 -416.333 0.817
19.483 37.699 -403.315 1.021
-64.527 47.277 -362.872 0.954
67.807 66.393 -417.458 0.914
-47.857 46.565 -444.313 0.995
-31.777 81.791 -444.240 1.148
21.585 67.182 -413.923 1.101
-43.468 -92.293 -344.259 0.954
-54.324 8.881 -363.659 1.002
21.190 33.331 -304.352 1.016
36.608 72.064 -340.305 1.054
-46.584 -3.930 -474.890 0.958
-70.950 -63.011 -499.921 1.019
-13.358 -47.362 -442.933 0.815
57.516 68.283 -385.402 0.870
-50.107 -31.540 -440.962 1.092
-46.513 54.515 -391.141 0.924
68.624 -46.888 -300.595 0.952
-26.201 61.134 -315.472 0.975
55.204 75.860 -461.879 0.926
92.322 12.496 -318.225 1.071
-84.315 30.293 -321.120 1.005
50.714 -3.356 -396.005 1.048
-65.230 -10.551 -424.701 0.943
50.252 -97.905 -307.733 0.941
74.791 7.821 -399.378 0.944
84.493 -49.140 -475.908 0.997
47.369 9.131 -438.183 0.888
-33.479 31.431 -433.488 0.936
20.830 -40.351 -391.875 0.873
-22.746 -78.505 -462.837 0.940
-42.356 0.332 -302.468 0.931
-56.142 -45.444 -499.026 0.833
-7.943 33.412 -331.543 0.964
-10.132 34.253 -422.957 0.963
94.346 -77.230 -381.925 0.789
99.414 -45.842 -379.666 0.883
64.657 65.246 -421.338 1.039
67.894 -64.372 -463.185 0.796
4.581 -28.321 -407.751 1.021
93.573 -52.921 -497.883 1.048
-89.520 -70.293 -318.421 1.152
98.193 50.201 -439.703 1.055
36.480 -24.893 -327.809 1.054
-80.652 65.333 -366.924 1.088
-8.788 -91.658 -342.365 1.041
-2.300 -3.573 -306.523 1.007
-86.654 -9.092 -301.640 1.094
-35.876 47.030 -376.195 1.026
-10.008 -90.862 -385.904 0.979
-81.670 8.361 -377.762 1.090
-91.509 -68.199 -493.489 1.056
6.993 -90.720 -484.703 0.971
21.500 70.138 -398.742 0.969
-68.830 -90.452 -468.136 1.037
-99.902 -49.504 -485.948 0.874
-54.033 86.742 -316.607 1.044
86.383 -89.634 -343.188 0.989
5.656 48.346 -376.460 1.074
18.968 -84.952 -407.785 0.991
-46.030 -16.104 -434.789 0.963
-68.424 4.902 -464.851 0.976
60.582 25.138 -356.184 0.994
-11.606 75.860 -303.721 0.950
-3.985 -37.578 -403.088 1.133
-15.296 -78.923 -334.763 1.009
87.902 -67.284 -484.666 1.081
-41.057 40.793 -487.175 0.974
-67.318 -29.125 -325.633 1.090
-51.444 13.583 -426.867 0.978
-89.014 78.643 -358.928 1.006
-33.014 71.052 -464.929 1.111
34.617 -81.718 -496.417 0.946
-79.136 77.604 -435.620 1.076
6.281 -84.044 -493.087 1.060
-80.737 -12.257 -360.918 1.030
50.186 67.235 -404.799 0.955
58.214 36.782 -460.866 1.065
-47.064 92.382 -411.408 1.065
-74.956 45.437 -327.848 1.095
7.755 -62.094 -432.520 1.126
-24.792 -44.011 -418.322 0.988
-28.119 -70.235 -455.877 0.905
4.311 40.527 -321.589 0.823
88.528 -14.911 -376.467 1.051
15.592 8.985 -341.922 0.996
-11.414 -55.379 -470.287 1.196
94.203 57.166 -427.235 0.907
-73.651 58.252 -339.340 0.939
88.495 -18.629 -363.849 1.109
43.521 -38.898 -309.794 0.905
13.527 21.065 -404.064 0.901
-8.988 25.504 -348.561 0.992
85.437 -51.354 -304.517 0.948
89.099 3.051 -380.123 1.157
-29.899 57.481 -398.563 0.992
67.419 85.842 -362.176 1.007
-10.226 -5.744 -488.059 1.073
-24.884 -35.256 -391.943 0.877
98.292 -23.534 -393.137 1.005
17.784 -33.626 -313.580 0.934
-89.968 97.941 -384.341 1.164
96.302 81.031 -421.304 0.977
-3.708 18.796 -395.567 0.960
22.240 -98.477 -474.429 1.070
-55.991 35.336 -464.967 1.030
-33.819 36.741 -467.331 0.895
29.168 -85.675 -397.742 1.072
-9.027 31.996 -363.793 0.886
23.241 24.745 -365.214 0.984
76.707 -2.674 -301.167 1.117
-83.712 -54.211 -441.607 0.960
-74.772 42.581 -451.327 0.980
-50.075 -25.393 -436.422 0.790
-5.422 96.008 -470.125 1.059
25.623 -21.930 -499.568 0.958
-35.723 -36.542 -456.764 1.126
83.404 42.066 -327.844 0.960
19.078 -23.708 -354.319 1.309
-95.773 72.334 -325.356 0.939
60.694 -82.718 -360.976 0.919
-70.823 8.109 -437.699 1.115
45.139 10.178 -478.522 0.840
0.297 52.455 -488.357 0.944
74.460 21.232 -490.729 1.051
85.314 92.323 -467.454 0.858
0.319 -59.187 -318.369 1.087
-30.080 -66.512 -308.451 1.033
16.903 13.739 -329.812 1.078
-92.158 -44.955 -341.244 0.997
92.166 -37.649 -380.703 0.882
90.336 -78.431 -492.168 0.887
-76.940 -12.368 -343.035 1.107
-62.469 51.106 -460.028 1.023
-25.331 90.421 -396.026 0.960
96.593 -1.152 -436.583 0.966
92.919 -16.513 -374.999 0.863
84.750 -46.102 -332.702 0.961
-89.277 49.160 -487.414 1.014
17.009 25.036 -386.548 0.909
51.405 -6.564 -358.926 0.946
-17.141 -74.225 -496.484 0.967
98.133 -17.694 -436.693 0.901
33.486 72.812 -482.821 0.936
3.087 31.379 -304.613 1.053
79.488 12.423 -310.101 0.981
-37.506 13.672 -476.399 0.942
-70.398 13.881 -458.545 1.002
-19.020 -42.051 -340.288 0.995
35.993 15.222 -405.431 0.912
85.007 9.796 -496.343 1.123
69.065 41.902 -347.339 1.171
-50.415 68.424 -433.694 1.134
-77.811 -90.709 -495.113 1.044
-94.592 13.511 -359.441 0.904
74.039 -12.261 -320.515 1.108
72.461 -82.294 -377.620 1.125
-46.095 -83.395 -347.761 0.993
-4.876 -47.881 -497.982 1.125
-3.281 -96.779 -458.784 1.171
-34.825 -67.321 -389.969 0.851
-98.187 -92.394 -309.335 0.978
29.215 56.819 -381.253 0.841
-95.007 -99.598 -316.238 1.097
40.217 76.533 -463.606 0.851
38.566 -18.537 -336.282 1.114
-74.842 45.529 -458.245 0.912
42.639 62.142 -312.384 1.160
-63.029 77.565 -367.295 1.092
36.392 -29.637 -352.476 0.957
-59.739 -14.337 -366.027 0.951
92.297 -80.146 -385.078 0.801
-45.636 -64.243 -343.377 0.903
-83.146 -50.622 -348.487 1.044
71.259 -51.534 -478.488 0.963
-61.059 95.874 -439.716 1.034
-80.215 11.962 -331.411 1.081
-3.160 10.292 -335.748 1.048
91.034 -21.777 -441.591 1.123
-13.486 -96.442 -426.621 1.104
-32.501 -14.752 -387.800 1.105
-8.955 -74.578 -393.843 1.083
-9.959 69.550 -312.426 1.001
-78.707 41.423 -472.486 0.940
97.940 -51.818 -344.054 0.931
-56.005 -63.617 -334.841 1.048
-59.210 -14.095 -367.065 1.068
-18.467 -48.775 -325.032 1.074
27.432 -11.726 -385.662 1.103
11.340 -71.219 -338.344 1.095
-31.891 63.281 -431.066 0.871
-49.045 88.015 -414.433 1.009
14.852 -17.576 -365.335 0.864
-20.798 77.778 -324.956 1.070
-90.072 3.885 -390.484 0.747
74.221 -18.013 -335.093 0.985
55.569 7.044 -367.110 1.130
60.099 -62.196 -308.915 1.002
64.089 -26.836 -368.820 0.975
86.701 -51.360 -336.492 0.959
9.843 -59.533 -446.306 0.813
-48.725 -79.054 -304.445 0.992
-63.200 76.114 -390.838 1.008
-29.383 69.162 -356.822 0.860
45.239 -59.901 -451.375 0.978
92.744 -87.964 -322.733 0.974
46.145 -83.447 -351.767 1.246
-12.361 -86.940 -386.955 1.056
49.677 72.144 -377.722 1.118
20.131 42.189 -369.873 1.051
-23.099 -13.557 -321.879 1.071
23.787 -23.560 -377.157 1.032
-85.912 2.257 -389.182 0.892
-84.988 47.324 -459.789 1.144
-11.505 -51.381 -345.434 1.125
84.237 -87.230 -336.860 1.010
-87.899 57.388 -476.346 1.052
68.052 78.512 -454.951 0.784
-34.151 -17.667 -377.561 1.016
66.971 5.726 -439.749 1.102
83.145 -16.179 -412.449 0.931
22.649 48.802 -396.550 0.963
-53.715 -22.737 -305.858 1.088
-8.769 -97.912 -465.713 1.102
92.239 54.769 -467.248 0.940
-19.276 -50.426 -333.859 0.977
-91.498 83.993 -311.357 1.115
31.862 3.816 -376.519 1.007
63.102 -65.655 -347.207 1.187
89.888 42.534 -473.147 0.823
-79.796 -63.922 -455.651 0.945
-28.656 42.868 -371.253 1.097
98.563 12.113 -410.489 1.044
55.453 -16.928 -486.183 1.032
-53.606 27.708 -451.596 1.127
-4.764 32.971 -440.693 1.000
-33.168 -28.007 -459.850 0.880
30.141 -95.637 -314.523 0.910
-54.479 20.119 -385.386 1.011
19.069 56.150 -425.595 0.791
12.181 -79.271 -373.174 0.977
-6.946 49.776 -378.658 1.109
98.214 -1.432 -410.129 1.034
-71.679 -33.092 -366.323 0.900
-52.832 -41.381 -333.616 1.188
1.968 5.462 -351.957 1.011
2.046 64.037 -356.955 1.152
-87.979 20.130 -354.704 0.925
-19.689 9.634 -415.941 1.140
-1.542 -97.517 -455.300 1.015
-18.875 84.035 -372.303 0.971
96.770 -75.672 -423.039 0.948
32.169 28.243 -499.060 0.987
-65.974 11.373 -392.350 0.994
-88.085 -65.075 -358.434 1.178
55.806 -90.683 -484.999 0.937
10.708 51.764 -373.224 1.003
-16.999 -21.314 -323.301 0.927
-32.173 -45.795 -378.555 1.070
16.671 75.241 -465.309 0.976
2.620 91.125 -363.892 0.907
33.497 16.616 -353.458 1.248
-73.320 -46.975 -322.097 1.164
27.570 -13.607 -495.592 0.901
-0.903 70.015 -402.581 1.044
-89.208 -69.724 -452.680 0.990
40.640 90.517 -380.713 1.043
-1.645 -76.909 -361.666 1.016
59.947 14.297 -473.462 1.107
81.455 25.249 -382.876 0.946
16.361 48.758 -475.669 1.097
30.211 3.306 -434.855 1.079
-5.299 -62.045 -421.238 0.977
-15.152 -60.338 -490.885 0.959
7.094 -4.497 -355.209 1.187
17.483 -57.244 -434.076 1.023
-74.374 13.652 -480.890 1.235
-11.427 40.181 -430.100 1.041
5.700 -32.789 -482.537 1.128
80.561 -54.128 -461.657 0.950
-33.577 23.526 -372.857 1.023
-60.672 -19.256 -475.935 1.207
13.485 56.862 -398.371 0.962
-30.502 67.354 -316.984 1.156
30.774 62.274 -331.703 0.928
-17.576 33.238 -455.877 1.148
-28.083 -35.635 -381.666 0.911
60.109 14.304 -425.879 1.119
-73.060 -80.704 -392.589 0.979
13.340 68.835 -459.128 0.961
12.429 -64.374 -367.227 1.122
99.675 89.677 -333.881 1.049
89.600 42.739 -409.040 1.020
-75.020 78.302 -314.284 0.947
-22.791 30.369 -325.168 1.025
50.468 89.423 -475.570 1.120
-86.329 -62.002 -401.813 0.903
53.492 47.489 -351.664 0.975
88.940 44.758 -375.054 0.987
40.276 30.034 -470.871 0.917
-4.303 -31.753 -470.717 0.985
18.466 -37.772 -303.657 1.002
75.061 -31.653 -367.027 0.894
35.465 33.498 -313.923 1.071
-9.545 32.707 -485.395 0.972
-29.630 56.991 -377.075 0.806
18.060 -91.866 -385.559 0.992
-76.919 -29.198 -445.167 0.984
82.360 -73.423 -434.045 1.025
19.633 -72.158 -305.860 0.832
27.808 -97.488 -359.330 0.932
94.832 -46.306 -374.992 0.708
25.095 82.500 -392.878 0.993
-23.140 -75.541 -314.821 1.021
-5.942 -95.128 -382.727 0.939
-25.657 33.107 -364.327 1.127
-45.758 -28.092 -312.436 1.030
1.256 38.512 -389.398 1.076
-66.356 33.699 -493.555 1.270
-84.090 16.135 -337.455 0.998
-65.523 -2.458 -452.431 0.944
-17.171 71.117 -326.207 0.846
14.145 -72.108 -435.067 1.040
-68.862 62.855 -334.216 1.016
74.551 83.339 -352.984 0.868
53.733 -94.474 -385.740 0.896
-59.929 -27.119 -326.712 0.986
45.730 30.165 -471.194 1.045
53.261 -61.032 -320.488 1.086
97.544 7.352 -411.862 0.961
10.019 33.942 -344.034 0.964
-93.595 -63.895 -410.395 1.047
0.645 44.245 -346.079 0.903
-8.191 47.784 -474.275 1.133
-96.182 72.315 -339.192 1.119
-93.375 -98.585 -392.743 1.109
64.025 -96.180 -335.032 0.924
-5.041 77.869 -362.122 1.116
-14.334 -28.570 -390.199 1.017
-35.361 97.026 -301.725 0.947
-24.789 -19.513 -460.333 1.042
58.812 73.390 -467.751 0.971
-80.980 -86.302 -394.223 0.932
82.207 9.153 -425.224 1.115
37.896 -55.679 -357.243 0.924
-27.750 -72.525 -480.507 1.039
80.883 -29.122 -309.002 1.139
47.882 53.428 -336.535 0.857
88.536 -51.322 -438.380 1.028
99.319 -61.160 -437.518 1.159
-7.877 8.810 -343.328 1.047
33.152 -86.583 -324.633 1.042
-20.114 -88.167 -481.228 0.946
57.915 -37.187 -434.899 0.869
-76.021 -39.673 -473.325 0.888
32.064 13.211 -343.046 1.282
-30.138 -25.172 -486.946 0.931
-98.727 -86.795 -494.240 1.040
15.697 85.531 -462.319 0.838
-64.702 -96.981 -434.494 0.898
-86.619 53.538 -421.078 1.055
59.455 -93.009 -424.053 1.042
-97.581 96.352 -499.158 1.023
48.701 -63.991 -401.766 0.915
-92.397 95.654 -373.341 0.843
-33.107 74.237 -465.828 0.929
-8.505 -59.806 -498.798 1.323
-98.026 -71.465 -496.172 1.077
95.723 83.042 -386.528 0.935
7.298 32.936 -338.790 1.115
80.943 -30.269 -359.671 1.035
86.005 -61.603 -359.830 0.937
-91.234 -69.063 -362.899 0.909
-27.488 88.218 -488.389 0.957
-79.999 80.666 -491.106 0.918
33.138 48.800 -368.197 1.012
-95.149 -66.195 -318.678 0.870
-55.587 27.125 -370.524 0.941
92.036 -94.767 -493.907 1.106
93.468 -46.037 -417.497 1.124
10.545 -21.213 -479.601 0.869
-48.308 80.785 -455.779 1.175
-42.770 -27.335 -343.941 0.990
-38.560 -26.387 -397.984 0.882
-48.597 93.941 -466.466 1.121
-57.807 -50.254 -316.618 0.944
81.516 49.526 -310.282 1.005
-45.719 -47.473 -365.110 1.087
-93.200 47.680 -381.991 1.113
22.415 12.483 -405.776 0.915
13.963 77.003 -380.722 1.139
-51.702 -35.301 -353.986 1.073
-85.169 2.173 -386.460 1.089
-79.248 0.443 -316.822 0.799
49.299 -21.388 -456.287 1.069
97.241 37.706 -479.161 0.852
-6.752 -47.193 -309.276 1.084
69.046 -22.144 -387.108 1.074
54.236 -23.226 -314.153 0.993
-53.967 73.893 -479.479 1.008
-47.010 25.271 -306.871 1.137
88.348 28.017 -338.010 1.037
66.466 -46.348 -375.514 0.903
43.117 -65.946 -410.291 0.890
54.924 41.712 -462.426 1.045
1.603 -18.431 -426.374 0.999
-90.432 35.284 -305.426 0.833
-48.887 -58.155 -386.744 1.147
17.129 -92.726 -373.155 1.107
-98.211 -48.031 -410.563 1.000
72.246 -65.651 -481.744 1.024
48.011 54.076 -463.814 0.944
68.517 -10.559 -473.920 0.899
31.192 48.876 -461.308 1.013
-26.358 -60.621 -405.624 1.127
-27.416 5.300 -376.660 0.852
77.950 76.766 -306.645 0.884
10.009 -71.271 -446.088 1.042
89.362 -26.100 -384.596 0.946
23.614 2.041 -384.189 1.169
69.065 -57.891 -491.089 1.065
83.461 44.536 -430.631 0.962
-33.297 -81.114 -446.363 0.838
27.806 -86.186 -477.557 1.038
-29.816 76.756 -330.635 1.060
-17.530 62.951 -411.133 0.991
-15.095 -77.165 -322.932 0.889
-10.256 66.269 -466.451 0.986
7.627 -37.432 -378.023 0.935
56.071 75.779 -301.950 1.108
-47.083 45.005 -441.268 1.062
-8.482 -34.066 -381.688 1.073
86.851 17.487 -315.226 1.087
40.483 69.640 -312.806 1.011
76.083 -43.550 -464.555 1.101
-76.978 52.549 -485.930 1.098
36.104 -79.744 -322.430 1.055
1.995 -28.220 -395.430 1.060
25.682 62.680 -464.109 1.176
-82.807 91.723 -495.719 1.093
63.146 -53.254 -350.405 0.918
28.439 -88.769 -438.954 1.065
-48.826 -24.134 -350.555 0.935
58.699 -95.737 -307.756 1.069
7.979 37.570 -356.680 1.080
50.229 -54.962 -349.238 1.005
89.265 82.486 -308.712 0.810
68.713 62.072 -472.638 0.900
61.600 -82.859 -427.985 1.022
-58.424 -50.007 -475.974 0.956
4.309 12.093 -447.880 1.066
56.583 8.469 -395.658 0.994
-4.955 -7.029 -456.569 1.124
6.089 4.036 -489.443 1.155
-86.248 -51.478 -386.443 0.970
52.183 -96.969 -497.960 1.023
89.599 15.410 -312.004 1.102
90.776 -84.139 -445.830 0.960
-16.087 62.916 -407.236 0.941
90.261 8.811 -303.538 1.030
11.359 -95.972 -449.723 1.048
85.475 94.526 -432.055 0.840
-5.136 81.139 -312.101 0.941
59.576 21.366 -403.316 0.945
-69.754 66.581 -389.478 1.036
38.887 68.571 -482.937 0.745
-81.986 40.410 -388.815 0.980
-7.256 76.564 -368.294 0.914
87.122 67.795 -389.497 1.053
56.186 27.392 -439.582 0.968
-61.723 -67.316 -329.883 1.173
-7.127 31.000 -351.248 0.953
79.305 -67.801 -410.002 0.991
-92.851 45.130 -410.755 0.821
71.315 90.777 -397.809 0.882
85.440 -73.595 -456.771 0.821
-6.638 50.547 -485.347 1.008
36.286 33.269 -384.600 1.077
21.605 73.215 -309.567 0.958
61.713 -73.752 -449.931 0.881
-73.100 83.873 -360.052 0.909
-19.426 -92.451 -435.202 1.049
56.665 -98.523 -441.088 1.210
-25.673 -58.135 -318.260 1.133
66.653 79.659 -395.132 1.099
79.623 -51.492 -358.190 0.905
-2.902 -51.863 -478.191 0.930
39.628 -46.175 -416.650 0.982
-23.057 -4.379 -390.606 1.097
11.932 86.071 -440.083 1.042
-56.920 81.162 -393.491 1.193
-2.061 -77.911 -471.157 0.976
-78.692 90.369 -492.147 1.140
23.300 11.851 -461.916 0.864
-58.195 74.564 -345.242 0.806
-44.626 10.995 -301.241 0.904
-0.438 -73.007 -303.405 1.050
1.749 83.475 -305.784 0.895
92.957 7.490 -334.596 0.970
-24.936 60.771 -431.320 0.930
-28.600 19.181 -367.928 1.028
-85.693 -52.331 -321.903 0.956
23.879 64.670 -300.720 1.082
88.143 79.397 -386.083 0.922
-18.961 -55.052 -306.134 1.053
-32.578 -72.593 -357.946 1.179
-29.408 -47.620 -476.604 1.011
-80.327 67.433 -447.259 1.102
4.758 11.335 -301.866 0.856
76.818 -64.056 -445.335 0.909
-26.977 -63.620 -386.361 0.919
42.403 87.762 -497.500 1.076
83.956 -49.968 -412.985 0.921
50.001 7.912 -405.514 1.076
-14.049 60.428 -304.469 0.801
-83.826 34.364 -320.749 1.088
48.162 -92.723 -430.436 1.148
-43.764 55.135 -478.821 0.907
-37.824 -51.908 -337.239 0.964
-69.266 -61.221 -449.640 0.973
-84.027 21.070 -433.438 1.082
-21.850 -96.889 -364.928 1.019
-61.364 -24.033 -461.201 1.030
35.041 -51.868 -386.307 1.034
-43.669 -74.301 -415.603 0.985
86.454 17.207 -456.737 0.881
59.720 13.436 -405.658 0.912
-29.453 -58.867 -405.852 0.885
-16.632 69.712 -484.728 1.003
-79.914 -40.802 -391.862 0.716
52.121 -13.749 -337.742 0.952
-31.167 43.681 -319.038 0.864
-56.330 -0.603 -455.640 0.995
45.342 68.248 -385.323 1.024
-38.952 79.813 -398.294 1.154
-6.233 12.338 -361.592 1.061
6.973 -35.948 -346.201 0.893
-13.592 -41.129 -419.051 0.869
17.848 83.765 -480.911 1.208
81.958 -67.976 -333.693 0.878
46.280 -57.811 -345.442 0.922
55.227 -57.241 -374.482 1.139
48.051 73.425 -409.819 0.946
-41.675 65.208 -311.957 1.031
49.859 43.505 -332.165 1.033
-86.141 -72.867 -416.144 0.894
-42.308 -76.945 -391.352 1.220
-84.214 47.922 -469.029 0.973
93.419 -71.405 -437.199 1.057
-53.176 54.411 -382.534 0.881
-25.116 95.219 -332.797 1.014
-84.044 -80.808 -483.862 1.080
97.698 -58.810 -326.136 0.895
-60.543 -22.035 -300.762 0.831
-79.144 59.621 -442.994 0.981
97.875 43.265 -372.291 0.939
-52.084 -46.363 -334.802 0.825
4.299 19.547 -320.490 0.959
-0.155 16.072 -421.506 0.938
