38.848 51.689 -348.852 0.903
67.393 -86.170 -454.754 0.852
-91.935 13.646 -411.872 0.877
50.694 -59.135 -471.997 1.028
-29.240 97.941 -357.596 1.135
5.937 73.627 -403.711 1.097
-72.437 -32.614 -381.507 0.851
89.688 -42.764 -397.383 1.066
-35.289 13.482 -356.359 0.891
68.018 -16.591 -331.052 1.071
-97.946 11.409 -354.086 1.014
-43.815 -10.961 -495.709 1.055
-54.425 -96.940 -340.624 1.128
13.260 -24.419 -397.614 1.058
-43.488 -15.680 -357.071 0.923
-77.961 -91.755 -378.116 1.100
61.438 -50.989 -323.171 1.037
32.582 74.176 -414.102 0.947
32.647 85.649 -415.108 1.074
-57.546 91.111 -377.579 0.996
14.563 80.473 -456.794 1.051
27.872 -41.839 -336.836 1.012
-10.408 17.845 -392.402 0.996
62.558 75.701 -366.636 1.101
-63.624 -70.539 -463.407 1.089
-52.847 23.660 -403.863 0.952
-72.730 72.409 -392.738 0.862
62.710 -15.271 -454.228 0.890
47.521 50.725 -364.983 0.963
-58.640 -35.730 -330.741 0.967
42.285 -87.314 -440.156 0.817
57.007 4.309 -333.946 1.101
89.739 43.865 -364.231 1.032
-57.281 98.262 -417.922 0.899
98.150 -86.888 -300.007 0.807
-9.824 86.021 -424.455 0.818
-45.140 1.119 -492.127 1.037
55.722 -6.218 -309.323 1.052
-41.005 87.252 -471.273 1.021
14.228 3.962 -459.242 1.114
53.970 23.796 -380.718 0.957
13.585 82.513 -357.060 1.036
-69.992 27.029 -402.457 1.016
-55.070 91.546 -438.342 1.089
-8.812 -38.980 -378.863 0.947
-47.702 10.737 -364.534 1.178
55.227 55.289 -473.833 1.025
-32.912 -57.286 -453.312 0.960
81.362 76.721 -316.912 0.912
94.036 -42.767 -324.523 0.835
-75.150 86.161 -445.088 1.075
61.702 -55.418 -318.203 0.983
71.446 52.273 -411.299 0.863
75.971 11.280 -481.539 0.903
-74.198 -88.117 -424.857 0.966
-7.033 -4.142 -428.600 1.020
45.083 15.395 -349.759 0.933
55.378 -91.491 -441.422 1.013
6.034 -15.219 -470.574 0.820
-18.932 59.730 -318.217 1.070
-70.844 -22.823 -490.585 1.124
-30.487 93.480 -346.871 0.898
17.344 -92.302 -413.683 0.932
-18.168 -88.373 -453.968 1.156
33.287 82.237 -447.912 1.103
-26.464 32.722 -304.603 1.207
-38.556 20.490 -429.542 0.913
-48.917 98.384 -303.221 1.121
29.316 -81.026 -453.011 1.081
-64.374 40.445 -404.655 1.160
-23.368 93.186 -425.837 1.028
67.173 -5.576 -468.827 0.937
-17.158 -0.938 -372.147 1.037
-96.405 7.338 -349.168 1.021
32.375 -57.578 -362.633 1.117
97.709 36.428 -491.352 0.868
83.497 -73.003 -355.193 1.010
48.717 0.807 -413.864 0.949
-19.811 -79.420 -452.025 1.014
73.883 -24.519 -469.022 1.032
-59.542 71.298 -436.692 0.908
52.031 -87.252 -405.847 0.864
55.864 -22.005 -333.819 1.009
71.687 -11.646 -451.741 0.987
77.767 -10.106 -491.942 1.088
-60.166 32.843 -402.863 0.965
12.499 62.906 -397.903 0.737
-3.314 -3.395 -360.321 0.882
-13.338 -91.920 -428.943 0.962
66.163 23.528 -300.321 1.161
25.485 -81.412 -376.414 1.066
-45.139 70.508 -412.404 0.868
90.144 -22.717 -385.381 1.006
86.877 5.427 -400.275 1.075
-80.093 6.598 -372.192 0.803
-19.259 -7.367 -497.880 0.792
-50.671 -1.762 -346.008 1.220
3.092 -97.798 -462.602 1.045
49.249 0.321 -388.281 0.875
80.779 7.025 -463.079 1.034
44.070 73.395 -316.797 0.981
-5.138 23.862 -458.493 0.957
6.434 0.599 -379.120 1.186
11.229 -80.493 -326.731 1.014
84.719 -3.188 -304.675 0.997
-39.507 68.258 -454.770 0.880
27.232 -61.664 -329.005 0.858
35.685 -3.021 -358.365 0.821
-71.362 -17.833 -423.821 0.890
-2.822 27.819 -361.032 0.973
6.627 -38.364 -306.476 1.023
63.243 -45.997 -361.569 0.945
-1.518 -32.365 -344.664 1.000
-17.849 -77.514 -331.014 1.039
80.307 96.433 -323.355 0.937
-8.281 28.684 -409.459 0.952
1.437 -70.719 -311.970 1.171
-41.356 83.624 -332.648 0.857
-25.357 -97.996 -488.091 1.098
-85.561 -53.487 -429.803 1.065
56.117 60.753 -441.860 1.141
81.440 54.290 -459.692 0.899
88.157 28.489 -411.997 1.124
89.039 94.988 -412.367 1.086
-66.378 22.960 -308.955 0.834
40.290 -34.218 -440.723 0.896
20.401 -83.383 -406.866 1.160
93.848 25.814 -370.367 1.130
36.346 49.580 -492.252 1.146
2.128 -76.181 -377.620 1.174
94.438 65.561 -368.994 1.034
-53.943 -83.192 -388.479 1.054
-73.905 -66.655 -390.537 0.928
13.533 -43.606 -466.249 0.980
-86.259 58.485 -415.801 0.927
-67.114 -86.320 -433.694 0.926
2.911 70.454 -384.193 0.860
25.786 -43.688 -487.219 0.865
43.631 58.622 -439.231 0.964
8.119 -73.162 -476.219 1.038
84.830 15.216 -435.437 0.959
-23.484 -24.507 -382.253 0.963
73.063 -89.779 -386.319 0.929
-38.616 -92.750 -352.842 0.825
60.787 -59.889 -432.637 0.985
-13.304 12.933 -449.809 0.787
-75.756 -88.170 -362.358 0.880
-22.242 -58.061 -454.149 1.092
-15.515 52.236 -418.957 0.946
15.098 -47.593 -484.133 0.882
82.000 1.234 -417.566 0.993
-42.387 52.006 -411.617 0.871
89.341 -13.849 -474.780 1.158
13.666 87.077 -340.453 1.015
7.109 69.705 -369.959 0.816
-99.377 -39.195 -300.932 0.961
-39.584 -36.854 -394.002 1.084
-15.311 -88.597 -325.361 1.228
93.178 -24.167 -415.942 1.004
-13.360 26.565 -468.398 0.958
2.695 -8.582 -347.746 1.003
7.526 54.017 -349.679 1.044
10.638 -39.994 -395.063 1.064
49.287 89.946 -481.414 0.868
-38.233 -25.421 -408.502 1.024
11.495 -62.507 -323.431 0.932
-50.120 -66.867 -395.666 1.114
29.257 -33.940 -356.320 0.919
-48.863 -63.784 -361.231 1.133
-88.537 49.353 -439.930 0.956
-7.378 71.111 -362.658 1.239
-90.633 1.886 -468.905 0.978
-90.114 9.682 -430.850 1.001
22.102 75.034 -456.702 0.937
-45.192 -56.573 -448.215 1.144
-63.724 -41.747 -317.205 1.012
60.744 -78.474 -320.957 1.181
3.698 -20.255 -478.376 1.107
24.957 71.211 -335.381 0.970
38.980 58.235 -478.092 1.015
-60.101 46.671 -344.780 0.987
26.633 23.543 -370.099 0.920
-32.521 69.338 -420.795 1.009
-66.238 72.558 -468.501 0.793
30.794 87.424 -330.376 1.052
2.391 89.338 -300.086 1.075
93.196 -55.099 -427.581 0.855
-86.281 -87.655 -454.754 1.153
1.379 76.118 -348.875 0.946
2.871 -35.011 -454.446 1.028
41.778 82.711 -474.450 0.918
71.774 -98.070 -317.493 0.949
72.952 40.403 -363.768 1.021
-10.736 -93.001 -432.260 0.974
67.336 -48.875 -304.927 1.085
23.226 -19.329 -474.762 0.869
33.478 29.164 -319.474 1.055
14.235 -11.760 -447.069 0.956
95.850 82.559 -408.330 0.968
3.132 44.432 -337.267 0.921
-26.570 37.606 -495.305 0.990
44.685 -35.626 -486.938 1.014
-62.044 -30.147 -408.494 0.945
75.164 -73.115 -496.959 0.942
-11.818 -20.620 -392.795 1.196
0.254 6.314 -391.321 0.939
-79.535 23.796 -369.379 0.879
37.408 1.719 -442.045 0.929
-8.610 -36.751 -441.417 1.059
-11.989 7.591 -497.528 1.026
-58.969 52.397 -417.598 0.882
-2.951 -94.429 -475.350 0.945
17.682 -78.179 -412.923 1.015
-62.467 -52.773 -377.913 0.934
-94.803 77.216 -427.351 1.050
72.537 25.912 -371.707 1.058
75.681 -51.764 -342.069 1.038
-40.402 80.979 -347.122 0.935
-88.903 40.413 -406.138 1.072
35.217 21.119 -358.015 0.816
-32.697 -33.046 -339.198 1.011
15.311 50.183 -359.336 0.796
-66.857 49.974 -463.726 1.057
-98.711 -78.866 -314.287 1.045
-74.058 -97.595 -371.667 0.936
-90.397 29.333 -489.366 0.843
8.155 59.262 -305.129 1.029
-19.150 52.527 -369.234 0.966
76.693 27.517 -342.891 0.922
71.151 29.736 -311.561 0.917
33.044 60.758 -412.372 1.020
-20.615 69.965 -408.484 0.957
58.931 69.779 -457.461 1.040
71.012 -18.025 -347.167 1.085
59.939 45.093 -364.948 1.108
13.172 21.606 -465.751 0.872
-91.271 -92.971 -346.240 1.020
-16.392 92.708 -442.516 0.880
-28.600 17.189 -476.295 1.097
-92.530 92.644 -491.996 0.895
35.503 92.489 -300.960 0.842
9.390 38.939 -342.750 1.057
-84.279 99.813 -412.472 0.843
-17.856 63.837 -349.184 0.824
-32.201 -37.346 -335.228 0.887
-77.176 12.087 -328.848 1.120
98.042 64.474 -429.898 0.978
-42.957 -72.961 -382.542 1.152
-22.584 -80.850 -435.855 0.954
40.289 -79.875 -497.438 0.894
-55.762 17.317 -423.655 1.151
71.994 -86.838 -318.797 0.978
-54.605 -39.233 -341.218 0.985
-8.718 -17.560 -463.298 1.062
-99.306 -45.309 -366.863 1.097
36.386 -66.771 -438.639 1.094
74.858 66.981 -372.125 0.969
63.630 46.865 -368.552 0.820
-21.559 -62.803 -336.813 1.175
-62.369 91.171 -353.422 1.120
69.671 7.270 -383.802 1.057
32.122 13.907 -467.362 1.002
60.859 81.416 -446.804 0.781
88.432 52.961 -390.553 0.958
58.505 30.492 -333.807 0.837
-21.024 95.143 -451.931 1.048
77.544 65.000 -300.976 1.092
74.822 79.001 -356.986 0.973
66.592 23.180 -377.828 0.816
54.684 47.948 -374.113 0.911
-89.533 -42.047 -459.930 1.304
56.431 26.071 -333.428 0.953
-86.485 91.952 -421.761 1.092
35.657 81.509 -411.272 1.068
26.469 12.355 -434.990 0.838
-44.969 -67.050 -377.804 1.182
-11.411 -62.574 -492.140 0.914
-88.212 32.868 -382.342 0.861
-58.614 -73.650 -344.676 0.894
3.699 -98.429 -386.067 0.977
-88.107 22.811 -437.092 0.968
40.327 10.582 -492.342 0.940
78.118 93.123 -320.410 1.065
91.976 9.733 -334.483 1.028
12.981 -33.882 -498.740 0.887
58.289 -54.004 -468.196 0.980
-90.249 -24.563 -449.401 1.169
90.468 -89.785 -365.493 1.116
43.457 -9.599 -353.400 1.003
-80.906 16.010 -462.185 0.759
-83.016 25.479 -387.562 0.803
-96.328 96.188 -495.796 0.874
-57.906 -58.996 -364.810 0.944
-95.903 -71.340 -480.892 1.137
-45.887 -60.514 -416.483 1.132
36.084 -36.973 -327.199 0.704
95.047 -88.486 -395.722 0.837
-26.642 62.841 -401.936 0.950
-23.984 -70.186 -389.363 0.809
64.064 69.412 -366.444 1.099
34.397 61.290 -375.120 1.055
78.675 -67.529 -304.888 0.880
56.744 65.946 -357.230 0.921
28.904 71.901 -406.902 1.002
-63.950 60.553 -343.392 1.168
-0.458 87.538 -316.866 1.043
11.640 8.733 -412.418 1.134
-78.190 24.247 -352.685 1.020
45.255 -75.672 -353.004 1.172
-23.902 32.299 -406.711 1.050
22.169 -34.783 -486.025 1.054
-64.761 -30.719 -375.743 0.972
-55.376 -79.628 -381.002 0.902
91.786 -34.382 -407.318 0.970
6.630 69.754 -440.785 0.924
-52.136 6.164 -439.321 0.858
5.927 -59.431 -480.329 1.180
55.708 -99.994 -400.821 0.917
85.536 -84.598 -419.283 1.042
60.654 -94.220 -418.754 1.182
69.588 -99.157 -420.267 1.067
32.311 95.909 -318.473 0.950
-27.851 -54.682 -354.681 1.026
9.095 -8.715 -312.119 1.058
-77.510 -33.352 -391.734 1.041
12.368 45.740 -354.047 1.079
87.119 52.188 -334.888 1.115
8.833 -60.625 -458.791 1.032
26.072 75.444 -357.064 0.944
39.291 -55.738 -366.000 1.099
-40.794 71.164 -430.722 0.951
85.902 61.811 -470.988 0.924
-58.912 97.230 -318.549 1.029
-39.071 -61.196 -302.019 1.071
-53.637 15.946 -350.309 0.863
-14.470 71.776 -442.416 0.971
17.334 75.546 -476.873 0.885
-44.779 51.904 -310.888 0.942
66.707 -84.949 -329.955 1.138
65.335 -8.848 -452.738 1.027
-3.542 -7.551 -359.358 0.962
-3.566 -37.357 -473.539 0.945
-39.127 -68.244 -366.752 1.106
-29.765 91.058 -353.112 1.135
90.956 15.696 -302.454 0.996
-10.671 48.769 -358.722 0.935
38.742 -93.184 -486.769 0.851
83.772 -3.356 -426.575 0.944
-91.607 77.423 -315.079 0.942
9.614 -95.532 -484.751 1.079
93.037 -87.017 -432.802 1.006
-24.029 34.212 -485.057 1.013
-35.157 2.147 -393.058 1.106
-84.607 7.246 -414.388 0.951
-82.647 -37.400 -354.513 0.975
-48.703 -98.155 -461.419 0.943
-17.559 35.389 -498.129 1.057
-51.036 -15.349 -322.201 0.963
-64.918 27.515 -423.675 0.837
-11.056 -31.203 -407.120 1.114
38.630 -32.419 -390.508 1.140
-30.907 -20.774 -455.868 1.003
44.351 25.913 -400.839 0.975
79.396 95.760 -317.743 0.902
24.829 -66.457 -343.264 0.940
-10.497 -71.444 -461.543 1.062
-21.994 -22.259 -364.943 0.977
45.515 -45.687 -407.868 1.093
-49.115 -5.843 -401.198 1.023
-95.465 -82.147 -347.918 0.954
49.265 74.157 -488.307 1.127
51.256 4.440 -386.143 1.003
-86.991 -62.133 -413.198 1.027
69.842 94.616 -311.771 0.899
-29.597 -93.821 -406.090 0.997
-24.322 -12.059 -396.496 0.907
-90.157 -96.511 -396.701 1.223
-66.858 -22.149 -476.735 1.149
99.946 3.659 -328.906 1.193
-39.000 -88.065 -480.096 1.142
-74.892 -32.177 -301.233 0.981
70.631 59.013 -350.734 1.160
-26.785 -68.780 -344.870 1.086
81.137 -11.934 -352.944 0.953
26.374 -17.838 -497.849 1.005
59.137 -32.943 -402.718 1.083
-9.216 -28.110 -460.792 0.969
-98.122 77.793 -454.208 1.065
-50.329 -30.687 -390.685 1.093
-8.587 33.338 -323.789 1.239
-49.845 84.546 -306.538 0.999
55.032 18.256 -442.132 1.046
11.560 73.792 -481.728 1.047
10.996 -95.535 -433.124 0.907
-91.498 9.053 -313.924 0.906
-71.450 -40.380 -306.228 0.946
21.905 -37.969 -445.552 1.079
21.974 40.718 -408.737 0.912
32.914 48.184 -391.708 1.150
13.192 89.588 -357.245 0.961
-97.569 12.392 -409.460 1.031
-57.241 43.992 -473.902 1.019
45.673 -28.563 -377.690 1.199
-90.199 37.662 -422.279 0.968
44.535 57.310 -347.494 1.029
49.954 19.938 -464.507 1.116
-88.953 -81.417 -450.179 1.029
-35.217 -47.427 -314.178 1.193
67.532 2.329 -391.108 0.883
19.959 -82.078 -483.935 1.058
-40.240 84.230 -480.681 0.981
-25.877 -95.698 -312.065 0.962
84.647 -25.225 -417.822 0.858
74.552 52.288 -399.221 0.905
-38.149 55.098 -366.601 1.050
29.457 38.015 -405.356 1.209
16.030 17.748 -416.898 1.030
25.963 -20.463 -488.550 1.114
-91.455 87.338 -429.949 0.917
-69.697 -43.158 -385.402 1.119
-37.946 -45.247 -420.806 1.071
46.443 25.486 -421.190 1.017
-91.677 80.769 -404.741 1.003
-92.380 -30.214 -453.295 1.108
31.499 88.427 -475.818 1.078
83.521 48.891 -388.750 1.001
-2.155 -10.341 -414.871 0.973
88.310 -55.580 -469.775 1.054
-20.829 -20.740 -498.029 1.021
-90.841 50.054 -450.128 0.927
5.243 -20.593 -409.035 1.023
-99.427 60.049 -428.810 0.885
-61.012 -85.609 -429.836 1.097
82.410 57.712 -345.073 1.256
-31.127 -74.434 -410.466 0.976
-39.903 60.279 -473.524 1.049
44.528 -44.558 -358.965 0.987
-19.695 -12.969 -495.507 1.199
9.240 41.825 -460.866 0.987
84.036 91.767 -311.794 1.080
49.558 86.291 -399.067 0.903
-31.331 42.001 -488.806 0.860
0.390 3.572 -333.503 0.930
89.543 86.793 -405.188 0.843
-11.209 34.798 -352.165 0.993
-20.991 -94.988 -439.273 1.131
-96.788 91.288 -397.333 1.027
64.991 -26.364 -476.449 1.085
60.099 -83.792 -423.376 1.053
-26.130 -37.595 -497.821 0.962
-80.066 13.697 -366.032 1.132
83.411 -84.499 -438.379 1.030
3.224 33.353 -477.710 1.011
-64.090 -89.186 -302.111 0.948
93.490 66.499 -424.332 0.840
-48.790 -57.281 -489.677 1.045
-49.454 60.844 -397.463 0.940
-31.969 -54.529 -347.026 0.920
49.687 -93.202 -376.361 0.912
60.933 -49.860 -369.801 0.999
8.312 68.229 -372.086 0.951
98.228 -97.597 -333.376 0.993
-90.783 71.780 -487.833 1.010
53.059 -39.407 -301.371 1.085
-21.278 83.549 -376.955 0.945
63.297 -24.831 -425.838 0.826
58.206 66.465 -492.621 1.096
61.257 -50.924 -322.312 0.889
-71.378 -4.393 -445.885 0.932
-71.363 21.638 -363.606 0.838
57.037 60.352 -473.141 1.117
-45.673 47.749 -485.541 1.057
41.605 -47.691 -404.894 0.924
91.417 64.844 -304.347 1.103
77.520 -60.915 -343.500 0.869
81.282 21.302 -338.811 0.926
94.221 16.306 -485.451 0.802
-15.123 -28.548 -376.798 0.966
42.992 -94.016 -424.384 0.997
17.685 -5.299 -491.992 0.979
75.433 6.573 -487.006 1.023
-36.892 51.639 -443.833 0.972
97.905 -89.761 -300.641 0.910
-70.335 66.387 -436.043 1.094
68.987 -65.603 -499.740 0.966
16.485 35.114 -316.282 1.096
64.798 83.575 -402.707 1.116
-82.861 -23.790 -432.839 1.130
55.323 -2.133 -490.945 0.858
-23.965 -63.525 -347.031 1.059
4.181 82.992 -390.747 0.878
97.609 -13.278 -376.793 0.882
-64.255 88.284 -377.078 0.965
-66.722 -0.511 -385.963 1.108
-60.278 -23.948 -496.246 1.058
-4.545 -25.484 -364.147 1.033
-40.106 70.814 -376.679 0.992
-31.479 -9.443 -427.485 0.964
93.370 -92.032 -498.291 1.046
-9.414 -9.599 -366.932 0.950
-82.389 -30.951 -404.413 0.919
-73.923 -8.197 -432.500 1.029
-92.230 46.555 -311.583 1.021
16.896 53.865 -499.368 1.245
-72.708 29.852 -474.111 0.971
17.679 -97.462 -441.180 0.970
93.895 69.061 -341.565 1.020
7.657 54.519 -349.633 0.998
-20.361 2.265 -448.361 0.967
4.840 -21.584 -445.529 0.927
-18.927 -96.925 -398.606 0.641
19.142 93.907 -435.715 1.052
-38.368 1.988 -421.605 1.164
-83.411 73.886 -352.475 0.921
36.483 -5.670 -300.420 0.915
-60.310 -22.975 -351.648 0.988
42.431 -36.561 -445.483 1.050
14.220 -17.440 -336.849 0.905
9.140 60.278 -464.948 1.098
45.122 -57.772 -474.037 1.091
71.361 51.019 -337.842 1.210
-6.432 20.149 -307.122 1.113
-47.094 -54.494 -460.680 0.904
35.162 -77.446 -459.838 0.935
-45.179 -48.561 -313.517 0.830
26.487 -7.867 -445.792 1.099
-95.528 58.262 -488.334 0.989
-48.525 44.013 -445.133 1.149
1.371 95.364 -333.810 1.087
-88.943 -53.649 -398.632 0.970
14.623 -80.118 -386.113 1.161
-29.778 -97.437 -433.685 0.946
83.707 -47.072 -441.813 0.999
9.143 62.920 -498.812 1.108
94.746 22.743 -390.852 0.923
-19.708 2.919 -403.550 0.865
-13.282 -39.954 -480.010 0.989
-83.971 -6.465 -340.420 0.908
7.733 19.508 -444.552 0.867
34.713 81.117 -438.030 0.997
47.977 -42.332 -480.149 0.875
-36.384 33.628 -459.731 0.732
-19.075 -24.160 -303.569 0.915
-98.752 39.295 -320.641 1.083
15.702 8.628 -364.727 0.955
15.972 99.011 -379.190 0.828
-57.769 -67.704 -342.598 0.872
-66.118 -51.719 -324.832 0.924
59.461 93.887 -351.681 1.060
-42.843 -42.027 -444.931 1.107
9.914 13.520 -415.084 1.071
96.750 14.963 -358.186 1.075
4.773 52.998 -371.754 0.948
14.745 99.587 -498.106 1.094
-50.183 89.378 -474.413 0.797
56.872 70.972 -454.864 0.993
-36.405 -98.733 -354.299 0.943
-65.949 -5.148 -490.392 1.155
91.464 74.115 -354.095 0.961
21.366 -68.669 -419.552 1.096
-2.924 -95.632 -459.908 1.212
93.526 13.321 -363.680 0.957
94.552 94.007 -379.975 1.054
91.974 -20.862 -323.125 0.899
64.389 24.568 -443.108 1.153
28.122 36.070 -411.522 1.107
4.872 -48.372 -407.457 0.880
-9.572 91.798 -352.403 0.978
-2.019 46.391 -338.521 1.056
-7.778 -10.269 -417.153 0.969
96.361 84.529 -350.689 1.037
-19.146 27.332 -396.653 1.003
-65.580 -22.728 -484.546 1.023
-81.387 99.921 -321.614 0.988
22.780 -88.098 -369.242 0.993
-18.747 -59.287 -410.612 1.061
89.403 -85.494 -393.315 0.854
-4.855 -66.438 -498.224 1.262
-26.142 -33.204 -394.586 0.959
-45.117 28.268 -399.278 1.003
-22.507 -31.271 -424.103 0.981
-50.870 31.626 -471.845 1.185
49.244 3.789 -429.520 1.011
-24.515 9.806 -353.576 0.758
64.966 -33.841 -307.267 1.023
-53.111 86.986 -461.877 0.961
12.838 83.402 -353.994 0.829
98.218 -82.671 -337.406 1.003
-16.830 17.472 -471.631 1.202
-38.083 91.357 -465.993 0.999
14.438 28.756 -333.263 1.010
-27.572 93.742 -382.354 1.034
-19.970 -90.741 -461.473 0.956
-19.539 19.090 -424.024 0.976
52.046 73.531 -414.155 1.085
-99.884 -30.434 -497.745 1.000
-42.109 -74.871 -400.667 0.715
78.832 31.859 -411.612 1.016
-33.826 -20.205 -403.870 1.099
-56.468 31.627 -463.962 1.009
-81.282 -31.117 -305.218 0.967
38.158 -10.552 -320.374 1.045
-17.884 59.079 -444.649 0.902
85.435 96.486 -407.990 1.255
90.532 -4.988 -331.947 1.016
-75.419 93.875 -473.843 1.035
44.979 -23.697 -360.939 0.922
89.213 -14.703 -359.455 0.895
-4.068 51.137 -396.539 0.933
52.528 -33.040 -344.341 1.128
49.616 -95.557 -330.805 0.940
91.869 88.140 -483.317 1.000
-24.958 29.766 -369.003 1.129
95.186 -85.581 -465.955 1.037
-90.054 44.986 -401.280 0.962
-67.055 -66.929 -309.148 0.945
-68.911 -23.874 -372.856 1.184
-58.159 -23.623 -371.298 0.982
62.356 -27.437 -470.432 1.146
-76.546 -56.396 -462.897 1.150
36.086 97.730 -325.462 0.930
-21.109 -32.878 -396.345 0.885
77.129 98.401 -343.513 0.992
-56.186 3.515 -457.815 1.116
-53.470 90.512 -423.607 0.903
93.768 4.869 -345.449 1.092
22.724 1.367 -453.822 0.975
-28.886 81.844 -301.517 1.085
1.926 41.261 -490.898 0.981
59.189 -53.135 -436.719 1.061
-94.590 80.847 -465.299 1.099
-46.039 -24.965 -341.407 1.033
-54.495 39.957 -343.340 0.946
-3.415 -57.691 -425.519 1.007
-59.150 -64.700 -320.788 1.087
62.508 -38.075 -342.462 0.880
54.289 -18.673 -321.590 0.984
23.487 -43.330 -444.274 0.856
73.256 82.704 -414.083 0.974
-83.948 -86.764 -420.980 0.940
-37.471 52.771 -434.331 1.006
-20.011 -44.180 -367.821 0.831
68.498 -52.491 -476.941 1.167
13.812 32.791 -370.044 0.978
-70.561 -15.265 -407.737 1.027
-69.621 -91.948 -412.321 1.126
30.120 -46.364 -462.562 0.896
98.116 -8.868 -347.905 1.089
84.576 53.598 -322.659 1.226
38.775 92.794 -498.148 1.166
60.273 56.254 -364.493 1.018
-89.924 -49.586 -439.705 0.991
-44.417 93.503 -420.917 1.155
-80.037 13.097 -471.541 1.085
-10.121 98.045 -431.238 0.986
94.589 -60.899 -364.712 0.984
-49.940 25.830 -419.465 1.097
51.093 -41.705 -442.338 0.962
28.067 -73.745 -361.530 0.981
80.764 -6.441 -330.356 0.923
92.137 -11.361 -477.999 1.125
-19.856 97.069 -355.212 1.013
-74.645 53.384 -425.540 0.900
23.426 76.434 -375.707 0.991
-78.540 56.501 -379.780 0.887
-70.456 86.647 -497.039 1.051
-2.437 -98.991 -483.753 1.002
14.400 -48.010 -488.629 0.900
-71.054 -79.714 -446.045 1.117
-47.113 -56.778 -459.348 1.081
56.251 87.685 -452.437 0.928
-10.955 16.060 -456.211 1.058
-64.256 61.403 -436.051 1.119
11.046 22.634 -313.205 1.185
-75.160 -85.232 -339.279 1.005
71.787 -83.049 -483.287 0.908
26.404 -85.673 -387.517 1.051
34.358 -52.875 -387.757 1.024
-99.001 -27.464 -343.627 0.944
-60.376 -74.678 -448.341 1.206
92.599 11.495 -388.761 1.149
-3.533 41.612 -454.028 1.018
-32.234 -30.302 -470.703 0.841
57.574 -10.833 -329.971 1.194
-42.862 3.859 -338.607 0.969
60.912 11.776 -320.017 1.219
-20.835 -3.855 -487.868 0.948
-43.941 -64.267 -408.837 1.005
-38.134 -68.823 -392.650 0.952
-0.262 59.971 -469.039 0.981
-0.116 23.879 -361.648 1.084
54.680 -22.243 -478.595 0.833
4.179 -3.451 -373.437 0.962
-98.789 81.099 -423.977 0.976
-89.138 72.173 -302.288 1.034
-84.487 14.584 -454.564 0.915
-95.399 70.865 -429.695 0.986
53.139 45.200 -336.168 0.922
-72.374 44.185 -333.670 1.116
-79.295 -37.527 -363.161 1.002
-12.587 9.803 -322.836 0.971
80.193 -79.632 -380.564 0.977
-62.347 63.227 -481.107 1.096
55.721 56.446 -445.713 1.162
-90.119 -14.189 -338.236 1.046
50.524 76.711 -435.639 1.062
98.795 81.476 -334.022 1.150
-49.933 11.129 -396.382 1.125
-18.532 -0.888 -345.065 1.083
34.666 15.069 -361.660 0.954
-1.186 -53.652 -472.265 0.942
95.198 -43.224 -481.951 0.996
35.760 -40.171 -484.455 1.044
22.642 1.476 -469.550 0.736
71.007 -35.022 -365.643 1.017
-1.310 61.019 -424.508 1.038
-0.011 -2.582 -482.530 0.981
54.094 86.322 -329.973 1.077
98.550 -27.757 -429.991 0.947
-31.909 45.046 -347.236 1.076
83.778 -56.930 -384.855 0.940
-81.083 37.027 -408.976 0.869
52.661 26.334 -456.169 0.911
-53.646 -98.346 -317.479 0.889
36.379 -53.920 -323.968 0.975
56.168 -24.287 -445.599 1.099
62.246 22.410 -327.777 1.138
83.128 -43.070 -408.425 0.958
17.621 74.483 -489.354 0.925
50.247 31.668 -447.147 1.108
79.580 35.619 -436.719 0.940
15.106 60.012 -348.840 0.897
-6.674 -2.257 -433.776 0.991
81.261 -54.371 -374.695 0.837
11.533 -48.298 -302.257 1.076
-54.009 48.141 -450.248 1.103
0.399 16.867 -424.163 1.144
43.429 -11.149 -468.066 0.844
23.800 -74.909 -347.997 1.059
11.554 17.244 -385.251 1.009
-18.543 -82.247 -390.041 1.048
45.764 -70.069 -406.099 0.952
32.599 60.519 -371.806 0.911
-56.794 18.637 -394.598 0.923
30.600 70.512 -361.791 0.920
-8.507 49.598 -333.034 0.950
42.498 18.797 -469.396 0.982
-87.412 62.529 -376.396 0.943
-20.947 61.429 -463.970 1.114
35.686 48.828 -497.145 1.110
-63.711 -47.858 -384.287 0.908
-42.361 -29.899 -364.109 0.908
-87.205 -86.791 -451.483 0.947
-42.509 -51.377 -384.845 0.727
75.548 -31.916 -423.656 1.160
25.649 31.486 -334.872 0.897
-30.639 -29.521 -481.253 0.992
-74.139 85.305 -447.681 0.840
26.399 -75.896 -433.572 1.064
-3.872 -94.242 -366.455 1.029
-95.817 -39.765 -450.023 1.092
-74.989 88.501 -394.419 0.960
-77.940 99.180 -330.777 1.011
34.878 57.290 -414.076 1.041
29.081 19.518 -306.758 1.158
-89.718 93.659 -416.969 0.730
-48.374 -69.069 -435.469 0.903
24.919 -98.663 -455.842 1.008
77.416 76.719 -425.318 1.232
-46.696 -36.751 -347.349 1.013
9.752 33.438 -420.965 1.041
2.739 28.485 -447.063 1.021
0.482 -45.774 -406.283 0.938
-79.466 18.374 -495.351 1.121
-37.811 3.376 -374.079 1.063
96.122 4.327 -447.207 1.019
45.640 15.428 -388.178 0.746
-95.506 51.466 -412.752 0.977
50.714 13.301 -325.647 0.928
71.387 44.755 -374.215 0.982
66.505 -61.600 -446.076 0.885
-6.998 0.365 -413.040 0.853
71.832 -34.520 -368.301 1.052
41.941 -49.019 -417.328 1.090
-90.833 -33.303 -449.848 0.858
-27.603 92.613 -493.457 1.179
59.511 88.567 -422.389 0.876
-44.536 -40.480 -495.167 0.961
-67.279 -89.416 -353.891 0.931
44.916 11.855 -395.844 1.047
57.901 99.294 -381.369 0.960
-16.846 67.945 -313.838 0.980
-78.494 21.758 -307.195 0.836
-55.570 29.936 -320.018 1.081
-91.393 -94.404 -394.901 0.993
21.201 42.934 -397.263 0.844
1.393 42.791 -443.307 0.865
-50.524 -98.859 -490.471 1.078
-82.111 -98.163 -342.653 0.731
-80.051 93.369 -356.674 0.939
-71.922 -82.294 -343.039 0.949
81.750 -44.781 -391.851 0.776
-66.336 -41.848 -417.698 1.007
-77.010 61.280 -366.111 1.001
-92.818 -8.953 -419.079 0.825
45.741 -64.842 -493.609 0.979
-78.678 -75.726 -366.371 0.963
-45.078 53.230 -384.842 0.887
-6.668 -86.639 -484.403 0.923
-85.151 -21.749 -495.194 1.009
23.834 -13.467 -311.909 0.987
-27.485 -27.438 -381.362 1.153
-83.827 5.478 -455.422 0.881
99.754 2.872 -413.522 0.909
18.904 -98.404 -479.617 1.067
-35.544 -32.988 -343.763 1.020
-36.308 17.256 -402.897 1.130
63.348 -37.389 -481.980 0.981
-23.003 51.876 -386.904 0.899
-72.424 9.516 -383.951 1.001
-99.222 -8.172 -355.340 0.905
87.177 21.293 -413.673 0.916
-59.737 -52.957 -405.669 1.119
8.578 -69.558 -338.821 1.018
-38.963 -10.655 -428.642 1.223
-28.840 80.216 -484.342 0.901
84.053 97.210 -487.404 0.951
41.839 -49.803 -413.504 1.007
-28.083 75.171 -460.332 0.899
1.953 -7.190 -358.569 0.846
-47.115 -41.171 -366.614 0.959
4.743 88.322 -461.178 0.918
-57.274 -30.718 -339.703 0.986
27.297 52.056 -492.093 0.851
94.992 -76.044 -477.749 1.126
46.032 -0.958 -349.415 0.951
72.541 45.496 -452.240 1.134
-46.006 36.246 -419.290 1.041
-6.446 -84.858 -457.681 1.123
-82.424 -41.114 -425.116 0.946
99.962 76.382 -440.476 1.014
-32.804 -80.835 -424.128 1.101
76.762 -73.719 -323.066 1.146
14.765 16.581 -322.963 1.153
60.831 -46.674 -337.266 1.055
-89.643 -18.666 -435.307 0.923
80.722 -83.220 -342.565 0.935
-84.314 56.195 -358.085 1.026
-7.046 -30.173 -331.066 0.962
-68.255 -81.917 -366.623 1.057
81.584 43.888 -376.484 1.014
-7.109 -24.204 -307.997 0.974
17.546 49.958 -376.874 0.948
-37.210 -64.796 -311.266 0.913
62.167 -14.631 -426.372 1.044
-56.761 78.981 -317.905 1.037
-6.556 -86.372 -354.881 1.046
-40.452 -89.395 -305.611 0.973
42.835 89.990 -476.155 0.959
-8.192 -48.416 -448.965 1.176
0.723 -24.047 -323.199 0.970
-4.786 -47.559 -464.858 0.924
-37.626 -13.013 -340.099 1.018
-66.415 -1.039 -425.100 0.965
-11.194 67.689 -499.029 1.064
93.445 -1.256 -329.165 0.859
4.583 -70.051 -474.980 0.824
-43.402 -46.090 -484.920 0.955
37.798 -14.602 -472.711 0.958
-61.935 -9.608 -340.327 1.127
33.760 -90.777 -346.781 0.968
59.779 60.918 -496.584 0.963
-81.128 -94.254 -404.479 1.069
-16.479 66.923 -495.003 1.013
41.606 51.675 -395.330 1.173
75.703 40.593 -310.101 0.992
-95.042 -96.630 -456.181 0.957
-56.768 -4.651 -439.348 0.946
65.046 -60.671 -490.418 0.933
-51.001 -17.389 -463.590 0.920
64.838 -15.509 -334.681 1.076
-52.627 -74.832 -419.088 1.093
-97.478 11.851 -361.007 1.018
27.703 -45.187 -460.952 1.001
16.274 -65.573 -492.710 1.002
-20.678 -39.873 -467.628 0.987
6.047 -68.287 -461.133 1.017
-49.987 26.791 -457.257 0.737
-98.493 -57.329 -428.311 0.889
67.512 42.144 -489.668 1.060
-30.290 13.228 -489.807 0.998
-89.000 40.651 -458.887 0.957
-97.394 -41.064 -481.125 0.739
65.412 60.994 -376.062 0.884
71.777 71.410 -476.461 1.028
43.823 15.410 -418.403 0.953
-11.870 71.251 -396.403 1.173
-35.503 93.857 -456.548 1.016
41.196 36.049 -314.615 1.000
60.710 55.748 -468.239 1.089
-41.690 29.293 -306.002 0.947
87.834 86.134 -305.967 0.954
22.313 -94.665 -441.846 1.093
1.177 -50.642 -482.473 1.061
50.835 -14.304 -423.475 1.111
58.992 -12.668 -475.916 0.984
-36.087 79.311 -324.148 0.961
84.763 -30.595 -378.212 0.957
-4.127 58.634 -483.222 0.865
-12.549 83.329 -326.831 1.105
-2.436 25.600 -421.370 1.113
88.230 8.386 -332.562 1.095
-89.579 -13.872 -305.654 0.925
-25.734 72.366 -421.123 0.931
-38.488 44.631 -328.783 1.268
-73.554 -27.606 -370.184 1.060
77.624 67.124 -361.701 1.098
-54.886 -59.188 -341.338 0.934
-79.809 -60.924 -461.135 0.988
-69.140 4.218 -495.111 1.010
51.486 -82.907 -342.647 0.925
-65.179 -53.228 -384.729 0.906
-0.192 14.275 -455.203 1.116
5.325 91.408 -427.167 0.902
-81.959 -12.685 -336.223 1.011
-87.418 -75.956 -371.583 0.991
36.717 -40.729 -409.270 0.927
92.715 84.186 -487.387 1.262
-78.510 -92.183 -347.225 1.080
21.238 -29.245 -437.997 1.000
-28.906 -72.389 -395.580 0.897
69.527 31.187 -425.998 0.985
-52.103 4.497 -453.891 0.910
-34.569 97.560 -483.694 1.008
-9.757 -26.761 -411.985 0.976
4.502 90.179 -492.653 1.242
-36.551 -25.902 -332.783 0.868
45.701 -41.648 -332.396 0.859
72.759 5.834 -430.448 1.025
60.097 -74.532 -452.764 0.949
35.998 55.612 -410.137 1.004
75.715 97.348 -414.512 0.936
-68.693 -20.380 -418.549 0.987
-61.198 40.757 -463.779 1.020
41.531 47.862 -358.859 0.869
-51.429 -22.208 -348.177 0.965
-86.905 -45.887 -493.214 1.070
8.857 -1.764 -352.749 0.895
-38.492 11.106 -471.396 0.909
35.462 45.021 -472.321 1.095
-72.511 -72.328 -489.486 1.029
15.307 77.343 -400.508 0.906
-36.435 10.675 -328.994 1.201
-47.299 26.913 -429.521 1.148
-55.217 -96.243 -439.861 0.786
-97.586 -44.930 -413.491 1.036
-12.240 98.610 -367.069 0.923
-35.143 -25.038 -426.276 1.133
-25.786 -31.101 -320.704 0.962
8.049 -93.514 -494.813 0.908
-91.766 82.342 -386.042 0.983
-37.553 16.903 -489.261 0.914
-71.169 -2.523 -473.338 0.878
0.947 -12.814 -334.359 1.095
-92.210 -96.687 -480.393 0.907
-15.562 54.414 -351.861 0.963
87.575 57.304 -312.341 0.854
-33.741 -10.371 -399.029 0.900
60.671 -2.896 -382.240 1.073
-93.853 8.104 -342.244 0.887
43.238 -2.833 -448.715 0.852
51.989 -55.509 -349.165 0.989
65.427 22.255 -395.235 1.035
-0.553 -4.456 -396.870 1.246
3.923 0.052 -301.206 0.942
-93.984 -44.937 -372.350 1.016
-58.989 95.580 -322.997 1.162
79.929 -82.728 -457.209 0.984
47.097 57.812 -323.680 1.038
38.540 50.573 -417.515 0.960
63.650 -4.276 -435.384 1.056
8.101 -39.837 -362.613 1.143
-59.530 16.875 -392.313 1.110
32.795 -18.656 -392.262 1.004
-40.909 83.638 -322.806 1.036
62.956 91.392 -337.436 0.926
73.318 19.329 -479.655 1.073
-10.665 -32.269 -438.098 0.869
-82.443 31.386 -423.578 1.019
-99.643 84.323 -499.540 1.171
-84.067 1.901 -336.258 0.943
88.270 11.275 -398.902 1.129
55.235 -62.534 -366.111 0.998
13.601 -1.951 -302.304 1.007
63.463 32.361 -308.307 1.003
-28.775 98.400 -308.827 0.987
-70.921 54.312 -356.453 1.158
31.924 -41.195 -319.948 0.987
-49.643 75.201 -403.548 0.965
8.830 23.717 -322.020 0.779
