50.300 -94.970 -422.863 0.978
34.243 -14.892 -367.267 1.094
43.118 -68.895 -332.932 0.849
21.942 77.744 -328.089 0.922
41.571 -17.413 -343.736 1.097
-12.875 -58.197 -493.801 0.889
71.978 48.702 -418.717 0.993
-47.413 -29.660 -399.289 0.916
42.885 29.995 -413.337 0.952
-13.350 75.393 -417.317 1.182
23.952 -82.014 -443.289 0.923
-63.290 -3.031 -492.581 0.907
-27.918 30.080 -384.606 1.040
-34.536 97.705 -336.906 1.236
64.751 -38.138 -497.819 1.003
-17.883 -61.972 -374.753 0.869
-32.624 -96.818 -383.954 1.022
-24.275 82.682 -380.722 0.939
-49.107 -77.238 -459.641 1.001
42.019 87.369 -392.940 1.075
72.035 -86.720 -318.098 0.955
42.349 -57.923 -411.646 1.112
-9.231 89.933 -416.721 1.030
-0.566 -68.044 -469.315 1.010
73.794 16.800 -418.384 0.934
-66.610 66.518 -346.939 1.003
-43.430 49.780 -391.231 0.948
-84.717 -10.394 -403.817 0.870
45.917 -60.601 -467.799 1.001
-31.363 -80.103 -404.764 1.013
7.437 -81.549 -474.475 1.080
21.379 -75.066 -378.535 1.060
-83.870 35.682 -442.397 0.989
-40.232 -75.995 -476.108 1.114
28.325 61.332 -401.213 0.908
65.975 -43.402 -383.671 1.139
-29.143 52.710 -387.674 1.235
17.285 45.425 -322.800 1.052
-73.194 81.882 -393.162 0.923
-41.723 36.946 -431.284 0.929
-19.476 -39.396 -451.577 0.922
29.901 21.714 -381.960 1.229
-17.790 5.567 -333.672 0.958
78.462 89.432 -401.180 0.945
-85.793 -15.036 -456.352 0.851
-91.469 86.293 -373.068 0.915
-65.772 -25.963 -326.589 0.892
-30.757 46.537 -323.512 1.020
83.004 85.845 -337.079 0.964
-28.148 -29.294 -390.947 1.053
-77.440 -15.928 -346.037 0.929
-55.190 -69.737 -398.391 0.975
48.676 46.361 -449.467 1.031
25.008 28.517 -384.503 0.931
-87.167 -31.900 -448.584 1.043
97.492 16.095 -307.858 1.049
-53.445 -81.556 -347.567 0.908
-88.105 -20.561 -356.341 0.804
25.986 50.116 -376.110 1.037
36.435 20.922 -434.800 1.019
-45.642 74.504 -442.032 0.994
98.608 -50.793 -475.156 0.900
-51.864 31.972 -410.101 0.984
57.405 82.580 -446.566 0.800
-13.194 -58.437 -336.650 0.861
-91.697 82.375 -385.599 0.954
-44.751 -63.961 -439.350 0.895
-74.395 -94.266 -429.599 0.929
-27.858 -12.689 -406.883 1.062
90.195 12.796 -431.583 1.087
36.672 -27.781 -445.817 0.872
35.446 64.260 -490.620 0.911
-4.415 -85.909 -351.985 0.960
-97.417 -90.681 -414.481 1.020
74.781 37.068 -464.316 1.061
14.828 27.375 -366.456 0.864
26.478 -30.586 -360.492 0.900
6.879 63.694 -334.093 1.155
65.098 15.439 -326.792 0.918
-86.051 -12.800 -385.324 0.983
46.629 86.119 -426.383 0.924
-7.801 17.843 -499.271 0.898
-66.322 -9.747 -483.390 1.111
39.531 -48.657 -404.167 0.909
9.475 59.085 -315.996 0.966
-72.409 -33.170 -418.155 0.953
76.983 62.100 -410.179 0.982
95.493 -74.130 -409.858 1.054
49.553 -40.313 -397.743 0.947
50.567 62.060 -367.112 1.042
91.354 -20.397 -332.292 1.128
-74.136 -0.340 -393.108 0.950
-43.602 58.538 -386.323 0.871
90.952 19.628 -451.907 0.889
-91.421 -49.620 -370.831 0.875
60.838 13.295 -338.915 1.066
88.746 39.411 -352.376 1.062
84.772 24.828 -444.536 1.141
42.270 -44.378 -379.907 1.097
-51.037 19.813 -416.285 1.182
-37.148 -75.933 -459.003 0.981
-61.251 -18.753 -306.125 0.955
9.082 49.213 -390.790 1.018
-88.748 -8.749 -427.257 1.127
84.184 98.455 -323.313 1.054
47.585 73.645 -356.068 1.054
51.484 60.162 -358.998 1.013
-94.425 92.726 -396.743 1.029
-7.328 10.690 -481.531 1.187
91.328 56.359 -446.453 1.028
-23.300 93.889 -441.348 1.008
-47.884 -84.358 -363.011 1.215
53.504 16.973 -489.032 0.901
-39.546 13.187 -312.614 1.011
20.025 -96.508 -473.663 1.118
26.715 88.154 -452.978 1.067
76.335 -33.333 -343.521 1.006
-68.637 77.275 -422.894 1.076
-76.196 30.002 -356.422 0.869
91.589 41.823 -330.337 0.883
83.976 27.362 -336.995 0.829
-39.152 65.761 -336.437 1.007
34.159 -43.129 -492.011 1.007
46.713 -67.259 -493.981 0.949
-11.128 -60.208 -356.161 1.025
24.859 -66.538 -319.732 0.975
70.242 85.146 -415.530 0.999
16.395 57.952 -431.087 0.951
94.547 59.359 -382.057 0.863
-80.177 4.162 -380.071 0.968
48.202 59.524 -341.427 1.010
-89.516 -56.707 -437.400 0.961
-75.718 -47.657 -315.483 0.986
-74.265 5.631 -472.786 0.769
-49.112 95.173 -489.679 1.082
-62.216 -94.648 -422.935 1.043
82.175 22.042 -369.369 1.026
79.362 32.483 -443.629 1.123
-85.558 -33.354 -391.297 1.057
41.969 -11.042 -360.329 0.853
90.583 -15.200 -303.065 0.866
-15.495 -11.648 -425.787 1.035
-4.466 -45.674 -395.302 1.029
-54.384 30.571 -481.437 1.222
-10.140 -47.561 -404.026 0.990
-50.622 76.858 -414.392 1.099
-66.440 53.468 -471.119 0.969
-43.151 -64.304 -334.969 0.971
-27.073 19.612 -374.274 1.132
-37.861 -65.532 -466.710 1.052
3.780 -56.851 -459.275 1.086
-4.643 -51.920 -392.265 1.005
2.801 -12.958 -476.857 0.949
-67.598 -28.204 -410.011 0.975
66.009 -61.280 -410.183 0.795
91.697 -1.747 -360.372 0.978
-23.084 82.089 -335.469 0.878
20.271 -34.041 -462.988 1.103
-61.244 56.889 -444.217 1.024
-49.200 3.313 -456.239 1.011
58.876 89.751 -341.762 1.051
52.687 29.755 -413.985 0.927
90.343 72.422 -373.073 0.994
12.565 37.548 -343.589 0.792
31.523 -49.829 -435.387 0.997
70.442 -32.128 -394.175 1.208
-1.849 -89.164 -388.321 0.979
-17.967 -22.011 -481.465 0.978
-30.309 -30.586 -404.316 0.963
59.654 -36.685 -412.934 1.017
-61.701 -51.584 -360.419 0.893
34.198 30.481 -317.244 1.131
-73.870 -6.552 -339.950 1.030
46.220 65.529 -484.842 1.040
-8.389 79.251 -332.558 1.071
-51.432 -17.096 -431.470 0.995
-8.301 70.688 -425.476 0.988
35.354 24.726 -328.804 0.785
-52.897 24.676 -382.584 0.914
72.381 65.889 -392.270 0.895
9.002 -94.737 -342.963 1.084
88.565 -35.317 -338.710 0.916
-35.791 1.280 -317.462 1.033
49.622 4.706 -336.351 0.869
-14.121 54.449 -360.766 1.044
13.142 -20.241 -315.775 1.062
37.466 -32.074 -349.376 0.878
30.889 42.537 -481.893 0.906
-10.257 -84.911 -465.765 0.853
31.781 88.511 -413.044 0.944
-99.641 -60.478 -418.113 1.090
48.082 -36.308 -322.435 0.954
81.019 59.694 -383.785 0.808
35.442 30.973 -475.143 0.920
-85.452 -52.982 -403.475 0.985
-72.325 9.574 -373.347 1.047
95.985 26.476 -451.123 0.984
-91.060 47.556 -422.471 1.177
-35.687 -74.029 -421.177 1.107
-57.173 50.313 -328.303 1.027
15.585 27.173 -419.620 1.093
-41.456 -80.968 -322.011 0.978
59.273 32.801 -304.134 0.900
-19.654 -70.515 -331.535 1.150
51.559 -8.396 -361.347 1.023
1.219 46.683 -464.728 1.093
-52.156 10.026 -328.742 0.965
-41.057 -93.729 -314.699 0.963
98.440 81.107 -417.444 0.916
91.496 45.815 -436.843 0.990
-94.100 90.785 -462.219 0.997
-54.061 96.136 -463.611 0.956
-16.565 81.788 -490.405 0.898
-62.341 -12.647 -335.069 0.957
49.388 8.909 -418.780 0.977
-39.126 48.086 -490.177 0.885
-4.851 31.844 -408.263 0.768
-91.434 -21.019 -440.844 0.898
85.356 -34.803 -437.315 1.087
-86.028 69.086 -362.351 1.044
21.417 -2.051 -360.218 1.016
-32.193 2.330 -332.328 0.951
62.865 -90.186 -345.432 0.844
-33.798 12.985 -491.977 1.071
-44.206 -97.507 -460.430 1.062
50.698 -43.469 -359.038 0.912
-21.913 29.633 -366.116 0.959
70.337 22.493 -463.407 1.085
-2.858 75.734 -411.088 1.116
28.987 28.911 -384.418 1.184
-72.259 56.548 -434.494 1.071
21.475 14.792 -307.062 1.110
44.040 -47.995 -408.516 1.100
-36.312 -27.848 -443.657 0.855
97.884 -92.722 -332.907 0.837
-53.242 66.390 -455.034 1.076
10.113 -12.786 -452.591 0.982
9.865 76.354 -481.742 1.002
38.618 -61.775 -460.956 1.226
45.229 -73.000 -337.235 1.052
40.324 -54.300 -454.956 1.138
-34.207 -57.192 -352.856 1.095
-7.735 11.744 -397.999 1.081
44.280 61.191 -302.017 1.000
44.754 -97.940 -366.322 0.920
45.688 89.814 -402.486 0.916
-28.262 54.575 -323.003 1.012
98.821 -86.566 -477.504 0.983
62.827 -37.514 -453.936 0.970
-85.840 -20.532 -454.824 0.973
10.552 59.310 -331.206 1.107
-28.898 67.375 -332.903 1.043
-89.639 57.517 -360.364 1.056
25.484 96.866 -457.413 1.017
21.847 -12.352 -444.702 1.243
45.909 -9.273 -463.260 0.888
-48.398 36.714 -473.074 1.095
4.761 -47.389 -377.805 0.931
-22.744 -3.774 -495.110 0.971
37.788 86.614 -311.214 0.881
-4.365 -25.873 -396.775 0.949
98.573 84.327 -404.970 0.966
-69.141 71.123 -393.599 0.931
2.587 -26.056 -477.288 1.082
-14.539 -82.761 -379.772 1.109
-55.762 18.009 -420.417 0.983
82.349 62.441 -321.856 1.038
82.271 94.477 -467.004 0.924
-36.169 -54.608 -479.134 1.102
1.232 -34.161 -349.134 1.122
-40.065 -94.191 -432.535 1.079
73.080 16.679 -485.004 1.041
91.176 -61.067 -422.810 0.905
59.416 -48.559 -332.861 1.090
-46.275 -83.693 -367.248 1.171
68.509 95.827 -391.531 0.964
-31.464 -60.675 -387.822 0.977
45.518 76.166 -438.333 0.981
-41.566 -72.877 -482.843 0.965
-93.783 -3.999 -306.329 0.796
-55.554 -25.859 -362.941 0.977
-58.599 5.774 -483.689 1.117
86.007 -81.619 -300.423 0.937
-25.727 -61.963 -303.655 0.802
-5.166 -9.499 -322.765 1.051
-86.995 66.855 -470.740 1.149
-51.723 84.600 -330.498 0.968
-23.113 4.275 -492.707 1.112
46.558 -73.252 -486.231 0.881
86.497 87.016 -323.313 1.041
15.850 -92.255 -367.687 0.830
-35.370 23.430 -371.718 1.202
23.096 -73.020 -419.243 0.969
47.702 -50.785 -415.079 0.923
-60.514 82.226 -426.518 1.257
8.044 -24.629 -380.008 0.969
71.001 66.382 -401.648 1.016
-90.943 45.315 -468.877 1.107
-52.911 50.100 -413.673 0.962
7.888 46.726 -369.128 1.027
-63.504 1.347 -447.094 1.191
-0.144 1.714 -419.272 0.855
3.636 59.490 -435.346 1.107
-15.700 15.385 -400.283 1.065
-17.959 -7.230 -459.343 1.034
-85.991 -15.309 -367.989 1.069
1.353 55.273 -361.208 1.028
58.652 45.737 -315.080 1.061
38.343 -94.257 -372.876 1.007
-72.575 23.318 -336.661 1.070
12.091 -2.443 -351.000 1.066
-1.512 -79.208 -414.780 0.906
-85.615 47.761 -379.411 0.849
53.105 93.899 -343.360 1.004
-95.086 95.638 -443.174 0.837
-84.054 16.219 -317.494 1.090
67.245 33.336 -336.949 0.976
82.757 52.375 -471.010 0.992
-13.150 -94.631 -444.091 0.987
-64.534 -92.827 -326.310 1.052
-4.132 35.879 -374.095 1.001
-88.366 -13.193 -485.294 0.911
-8.415 -15.423 -334.495 1.039
76.868 -81.122 -432.467 1.010
69.611 35.050 -307.835 1.056
29.747 64.398 -483.437 1.043
-72.670 -72.469 -313.772 0.973
98.729 -49.064 -352.011 0.842
33.789 94.482 -482.447 0.963
-58.406 -70.057 -440.180 1.106
-7.900 -33.310 -438.583 1.120
69.122 -57.294 -328.863 1.096
-93.870 15.653 -302.779 0.864
79.330 -56.139 -396.436 1.122
-1.601 -36.601 -444.188 0.895
78.920 -53.103 -369.774 1.041
93.515 -97.900 -473.338 0.798
81.745 -54.030 -376.013 1.038
-12.243 -62.406 -413.221 1.061
67.651 -85.997 -361.190 0.839
83.472 67.244 -416.336 0.704
-85.545 -59.223 -491.297 1.002
-57.649 -44.701 -441.903 0.886
22.833 -3.844 -317.143 1.094
56.435 -20.423 -311.320 1.127
60.377 -9.059 -456.825 1.093
-82.946 80.842 -459.282 1.085
-15.239 -19.670 -452.947 1.089
-61.773 3.897 -481.473 0.794
20.113 23.139 -449.890 1.075
22.619 -30.968 -390.934 1.018
-34.326 62.414 -402.104 1.080
-34.007 -7.734 -459.658 1.011
44.312 0.029 -323.186 1.168
31.436 -65.732 -396.709 1.036
19.955 0.404 -475.021 1.060
-11.632 71.676 -406.775 1.035
13.368 57.030 -404.295 0.997
42.101 -88.574 -498.540 1.006
90.256 -45.105 -312.149 0.765
-64.130 -77.700 -384.692 0.936
-46.549 -7.367 -375.715 1.127
25.017 -25.177 -474.030 0.935
25.938 38.388 -300.488 0.953
78.022 89.608 -312.611 0.901
95.791 98.279 -438.721 1.120
-82.814 -89.952 -312.052 1.216
21.389 -53.135 -344.029 1.055
98.936 9.975 -490.283 0.947
50.580 -38.829 -356.867 1.073
66.196 24.772 -488.301 0.895
89.612 -19.013 -345.175 0.991
42.714 95.613 -337.997 0.930
86.910 -77.461 -370.713 1.129
-58.626 19.480 -426.320 0.961
2.145 10.177 -478.655 0.923
78.960 -23.900 -491.562 1.104
79.973 -85.779 -466.190 1.104
62.350 59.982 -372.452 0.831
-92.817 -11.620 -440.166 0.933
-1.612 25.440 -491.236 0.944
84.468 23.263 -455.958 0.904
-71.595 94.929 -395.983 0.940
-17.926 84.855 -482.913 0.981
66.797 -72.919 -460.659 1.075
-43.995 -37.268 -421.184 1.132
-35.938 -50.645 -408.861 1.005
-46.841 82.024 -409.779 1.093
-14.620 -95.364 -372.445 1.069
92.936 66.737 -499.994 1.014
64.891 -81.865 -374.037 1.007
-37.316 -22.175 -480.303 0.991
-4.935 -45.244 -352.102 0.970
28.104 23.080 -331.531 0.936
-55.521 -66.718 -327.465 1.132
80.554 -83.069 -474.708 1.038
17.538 -81.630 -443.768 1.031
-70.193 -12.736 -378.927 1.078
-14.630 59.509 -329.809 1.027
-86.851 66.327 -329.547 0.913
72.739 91.323 -404.323 1.143
53.069 -23.367 -408.368 0.890
-66.688 34.573 -339.204 1.003
-72.397 -44.726 -365.370 1.083
-84.997 -23.605 -471.813 0.990
-8.141 -75.558 -342.061 1.082
-40.435 79.992 -485.188 1.141
45.605 81.236 -388.715 0.940
-11.095 79.131 -442.033 0.789
87.270 54.853 -468.682 1.141
33.178 81.187 -350.621 0.937
-60.049 24.469 -425.746 1.001
52.163 36.548 -417.327 1.076
48.014 46.704 -305.164 1.162
95.616 -49.061 -316.412 0.955
-16.318 93.451 -450.463 1.170
61.897 68.541 -494.069 0.987
-22.516 81.136 -322.261 0.977
74.548 -70.186 -426.019 1.131
-59.342 -57.582 -422.553 1.032
17.623 73.016 -389.335 1.043
75.739 -55.731 -333.087 1.047
79.321 -64.694 -459.289 0.887
4.102 56.581 -321.849 0.925
-22.354 38.441 -338.522 1.006
-54.734 15.873 -434.860 1.119
-24.394 -41.849 -490.323 0.978
-13.633 -76.906 -484.049 0.789
-82.736 43.284 -461.213 0.968
-9.254 21.154 -419.699 1.122
-65.420 55.654 -381.424 1.065
21.812 45.744 -329.653 0.961
-87.771 -74.415 -360.081 1.018
49.599 47.373 -381.699 0.972
98.214 29.160 -409.835 1.032
85.198 61.089 -457.218 1.226
-30.905 21.727 -368.443 1.031
74.771 -38.664 -426.549 1.032
-92.701 3.904 -445.088 0.934
3.010 -17.855 -307.294 0.880
-74.656 -4.665 -370.981 1.051
-3.784 97.837 -474.811 1.115
63.537 -92.849 -494.842 1.003
-70.613 97.678 -342.750 0.951
-75.082 86.353 -419.526 0.999
99.888 -44.939 -441.408 0.883
91.163 60.380 -394.723 0.774
23.973 -61.625 -487.341 0.963
14.275 -18.650 -387.444 0.860
-14.648 31.613 -472.847 0.722
-49.037 88.871 -472.798 1.121
1.855 -72.989 -488.066 1.268
43.067 -28.167 -495.219 0.939
62.040 38.925 -355.735 1.061
-55.886 -55.621 -364.852 1.026
-95.379 -49.798 -455.563 1.023
93.822 45.967 -321.406 1.194
52.226 -21.506 -349.401 0.768
3.093 75.446 -477.097 0.961
60.069 63.674 -345.858 0.972
-87.071 33.140 -364.715 0.929
77.551 -56.829 -390.843 0.969
92.632 10.741 -343.076 1.147
-41.365 6.567 -318.919 1.098
-59.068 99.129 -434.177 0.910
80.053 -8.574 -353.266 1.016
-43.002 -49.857 -368.301 0.934
35.270 -62.444 -390.231 1.142
70.686 83.330 -340.261 0.919
-0.081 -21.609 -443.111 0.941
34.227 -87.822 -310.476 1.143
42.831 -65.386 -405.714 0.914
-86.877 -39.670 -365.853 1.070
-80.131 57.740 -315.889 0.918
64.177 -42.572 -437.219 0.938
74.145 -89.910 -396.882 0.978
73.008 -8.934 -373.283 1.005
-83.466 16.255 -482.808 0.844
-3.943 36.999 -447.141 1.065
-94.723 -87.825 -326.458 0.985
-20.729 63.971 -374.385 0.963
90.988 -17.554 -495.974 0.969
-10.101 29.520 -323.227 1.160
-59.826 -11.033 -413.518 0.996
-65.237 84.242 -462.539 0.930
-58.947 23.508 -338.666 1.046
-73.364 -43.765 -391.684 0.956
-84.634 -36.939 -355.604 0.929
93.187 13.689 -326.763 1.069
85.885 52.237 -330.500 0.853
-61.016 84.684 -462.526 1.067
-88.304 -22.747 -470.928 0.963
83.684 -97.261 -398.044 0.952
42.179 59.470 -428.401 1.041
-40.108 29.712 -404.227 1.061
-22.269 6.935 -459.116 0.858
-5.423 69.571 -469.788 0.957
-25.906 -77.626 -311.916 1.076
-53.074 -5.519 -401.686 1.165
-19.389 -90.917 -389.045 1.122
84.243 -93.686 -363.039 1.229
-18.253 -86.253 -338.670 1.128
58.067 53.916 -383.197 0.904
20.637 -46.292 -497.979 1.105
-62.948 -9.173 -465.258 1.007
24.238 -27.943 -356.656 0.894
-92.972 -95.580 -348.174 0.925
-10.261 -14.139 -437.597 0.895
60.896 -25.677 -409.236 0.873
74.597 -40.910 -347.440 1.084
-47.568 -91.482 -469.591 1.011
-75.666 38.508 -402.348 0.992
-26.439 30.330 -474.231 1.079
-36.028 21.068 -338.694 0.911
29.214 99.933 -346.811 0.899
77.004 -84.762 -372.775 0.957
-37.422 -3.539 -385.450 0.877
-99.395 -64.200 -417.900 0.858
-93.750 0.403 -413.755 0.940
53.288 11.834 -303.937 1.228
8.395 -28.322 -426.815 0.961
23.581 -40.687 -322.862 0.890
24.065 43.091 -405.526 0.992
85.702 -69.988 -438.095 0.837
92.949 61.523 -311.618 1.037
-23.098 29.656 -437.996 0.893
79.808 14.747 -405.554 0.952
-55.139 76.057 -386.402 0.842
-55.004 70.110 -478.362 1.027
17.871 -43.678 -390.112 1.037
86.581 66.477 -373.719 1.172
6.496 99.898 -388.051 1.020
94.967 -54.154 -391.431 1.027
-66.648 97.876 -373.005 1.099
-51.525 -88.836 -337.569 0.821
-80.018 -92.217 -383.371 0.902
-19.186 53.850 -308.960 1.080
-73.509 5.151 -411.988 0.899
-11.346 12.476 -407.600 0.916
-46.453 -5.675 -436.382 0.964
-91.184 -59.486 -483.031 0.781
16.671 -74.965 -391.832 0.869
35.408 -13.687 -348.370 1.074
-95.817 49.615 -342.897 0.967
52.516 -69.171 -354.080 0.887
-32.798 -81.872 -362.798 1.130
-8.006 -26.993 -307.553 1.080
94.872 58.086 -333.890 1.010
51.835 84.909 -495.166 1.085
54.628 31.153 -373.860 1.108
-92.653 -60.423 -338.948 1.117
-16.047 7.001 -446.894 0.981
98.608 46.600 -314.277 0.909
-74.460 -60.362 -414.156 0.910
-9.781 -38.261 -389.523 1.167
-40.658 91.402 -309.055 1.078
14.275 51.290 -336.569 1.000
-82.369 49.829 -425.324 1.033
-58.453 -39.324 -380.407 1.135
-85.225 -98.475 -301.815 0.977
-66.643 70.615 -303.504 1.040
-21.525 44.270 -442.714 1.053
-81.860 -94.394 -420.365 1.022
-31.163 -89.533 -334.716 1.008
-59.269 52.067 -437.197 0.876
93.172 6.859 -353.669 1.016
-46.311 -97.451 -454.018 0.972
67.955 -23.519 -438.287 1.013
-51.023 15.793 -302.623 1.107
-77.166 28.485 -426.703 0.892
6.247 21.344 -424.282 0.768
57.590 -14.943 -465.938 0.985
39.853 -26.304 -489.421 0.920
19.225 -43.258 -480.584 1.040
79.804 30.018 -383.858 1.030
8.949 20.093 -483.109 0.958
18.401 86.335 -351.464 0.931
-46.895 -91.598 -353.799 0.957
-4.985 24.083 -496.857 0.786
48.297 -9.097 -333.447 0.901
28.006 -20.179 -377.225 0.981
77.171 -79.243 -478.493 0.879
-19.262 40.745 -317.742 0.795
-51.721 -1.866 -399.918 0.986
-30.449 95.778 -430.861 0.895
-13.802 89.581 -316.295 0.924
16.661 36.874 -371.143 1.119
-82.969 -51.404 -429.456 0.976
-55.872 83.996 -395.752 0.959
74.873 29.177 -354.586 1.055
-98.437 39.837 -447.522 1.019
-73.140 12.901 -335.764 0.945
-19.530 -84.683 -364.067 0.845
62.776 -20.116 -479.959 1.062
75.507 -85.689 -301.818 1.023
34.980 86.230 -367.040 1.021
-17.464 37.174 -376.959 1.029
14.436 37.569 -391.290 0.822
4.781 -50.560 -489.317 0.958
48.028 96.762 -354.185 1.007
-50.713 85.037 -346.377 1.130
-51.743 -47.882 -498.606 0.963
-14.324 -5.478 -416.146 1.115
-60.199 -50.148 -408.239 0.986
20.290 34.119 -391.545 1.117
48.014 75.613 -489.155 0.942
-12.716 65.680 -348.661 1.061
31.948 -80.764 -471.012 0.997
64.486 23.971 -395.155 0.977
47.360 30.006 -460.426 0.963
15.888 46.931 -415.704 0.993
26.077 -84.220 -413.594 0.968
-73.145 67.645 -325.302 1.064
42.182 -23.101 -325.968 0.975
-52.497 77.824 -486.416 1.038
-38.762 -0.831 -448.238 1.115
21.087 -43.535 -313.677 0.862
50.003 -69.620 -392.023 0.890
43.220 -31.271 -361.190 1.118
87.431 -12.030 -412.304 0.934
95.895 34.857 -428.200 0.947
-83.891 91.956 -322.349 0.975
57.370 -81.105 -351.583 1.020
-5.747 -56.174 -355.705 1.027
66.492 94.548 -335.878 0.938
40.838 93.189 -400.531 0.921
-75.776 11.449 -336.375 0.964
11.831 -61.665 -439.278 0.897
-50.637 56.154 -490.733 0.945
21.920 96.663 -433.928 0.913
-77.044 7.082 -393.929 0.990
-34.932 61.336 -350.997 1.039
-43.695 -58.550 -406.404 0.970
64.082 19.208 -315.187 1.135
65.885 -60.622 -444.813 0.779
-33.061 -79.058 -380.001 1.043
35.626 8.583 -476.487 0.957
-71.060 15.458 -469.921 1.104
-54.469 -56.360 -430.000 1.024
26.892 -82.732 -316.246 1.018
-42.939 89.977 -317.382 0.823
-33.152 -48.961 -384.670 1.073
26.560 61.002 -382.137 1.015
-48.795 31.941 -416.620 0.912
-61.455 -94.882 -348.465 1.031
31.423 43.049 -428.667 0.908
63.664 33.604 -382.428 0.838
25.145 -8.968 -408.490 0.929
54.027 20.802 -384.428 0.857
-17.203 -50.965 -351.826 1.001
21.288 -39.175 -391.863 0.947
-16.576 85.318 -476.633 0.960
58.395 -85.398 -467.742 0.996
58.095 -88.250 -305.599 1.062
90.986 2.691 -315.371 1.122
-86.152 -64.703 -308.775 0.814
95.175 10.830 -397.845 0.965
78.927 10.007 -313.865 1.080
65.695 4.171 -371.717 1.045
-61.656 -53.784 -313.839 0.975
97.904 91.545 -412.149 0.964
-10.959 -20.080 -437.489 0.997
41.681 -16.466 -495.508 0.973
-26.159 49.922 -480.780 1.102
91.360 7.138 -431.038 1.057
-9.403 -85.078 -392.879 0.753
51.391 -74.485 -390.622 0.915
-21.789 20.988 -338.169 0.976
-11.953 67.666 -345.377 0.912
-76.299 -70.039 -309.110 1.057
37.117 -21.925 -450.025 1.203
37.526 78.555 -475.124 1.244
-39.264 91.394 -330.180 1.145
48.779 -79.433 -315.357 0.917
-65.281 69.298 -319.381 1.069
-38.064 -56.495 -420.226 1.018
-67.521 72.659 -439.988 1.103
-43.024 46.176 -387.884 0.982
28.617 64.209 -361.680 1.018
36.856 -65.154 -423.560 0.966
31.117 23.135 -434.037 1.091
-1.919 -11.652 -368.830 0.847
26.070 -88.689 -429.362 1.030
-15.338 -36.095 -406.666 1.072
93.168 52.671 -480.711 1.076
0.522 44.895 -368.140 1.050
3.977 -69.933 -478.812 0.992
25.678 -11.980 -381.349 0.886
-50.617 30.640 -449.889 1.238
86.647 -68.325 -450.045 0.935
-85.822 26.838 -462.528 1.194
-35.110 -99.690 -481.124 1.030
-4.824 -26.494 -462.397 0.993
55.034 -57.012 -357.109 0.974
-28.934 -7.273 -408.823 1.033
-56.686 35.292 -408.406 1.146
4.785 15.382 -387.429 0.934
-67.178 -22.852 -488.783 0.920
90.504 -30.703 -470.464 1.044
-50.572 -54.204 -475.186 1.011
20.325 -8.635 -471.206 0.932
-71.858 24.348 -324.951 1.000
-67.546 -66.025 -463.334 0.988
-51.914 -23.414 -307.147 1.162
12.852 58.455 -424.704 0.881
74.553 61.268 -405.674 1.075
49.339 47.163 -471.149 1.030
87.337 -46.148 -375.344 0.958
-5.607 78.481 -330.072 1.000
86.209 -88.322 -305.057 1.139
20.518 -15.677 -354.740 1.146
-55.338 -7.596 -471.346 0.922
0.989 -15.628 -492.590 1.028
14.473 21.050 -477.332 1.054
-53.702 74.282 -330.580 1.249
48.609 24.697 -409.369 1.135
39.752 95.520 -408.804 0.866
40.048 65.811 -473.940 0.905
-36.909 -31.074 -492.944 1.186
88.258 -37.852 -347.976 0.941
-11.599 15.638 -341.470 1.056
-13.309 95.471 -388.988 0.908
0.392 -84.905 -342.020 0.901
98.844 67.654 -467.477 0.978
81.369 57.200 -471.464 0.983
75.623 -98.893 -474.386 1.052
-66.734 55.512 -371.823 1.159
-58.722 78.191 -378.733 1.065
-17.821 93.876 -493.666 0.915
-53.637 89.105 -342.284 0.996
-30.532 -73.992 -378.693 0.877
-53.556 -24.292 -436.018 0.828
-92.408 -15.737 -428.597 0.992
44.966 -90.911 -369.266 0.800
-82.069 90.515 -340.443 0.930
98.410 -0.075 -387.456 0.942
-19.621 -85.179 -483.210 0.902
63.243 60.198 -306.369 0.989
-0.425 -91.287 -494.173 0.880
-37.893 -1.154 -308.319 0.910
-26.749 17.344 -305.255 1.101
89.292 -71.190 -301.395 1.114
-70.289 -77.721 -499.619 0.956
-67.512 94.146 -302.627 0.874
-52.058 23.105 -335.987 1.001
-30.971 8.365 -383.712 1.063
98.430 98.398 -478.165 0.911
74.434 -99.539 -461.620 1.108
-15.291 58.593 -450.319 1.158
30.271 -45.551 -488.217 0.984
-56.176 -47.905 -381.605 1.109
-4.016 0.310 -356.806 0.918
93.406 -84.476 -324.480 1.118
2.298 -13.308 -413.460 1.015
-91.071 -21.859 -362.542 1.115
18.185 88.306 -369.240 1.099
88.685 -95.277 -492.290 1.002
-78.918 23.032 -491.546 0.899
-57.456 -0.977 -454.052 0.980
-96.736 96.979 -343.638 1.024
-79.449 -84.247 -485.516 0.933
-33.893 2.691 -478.891 1.132
14.509 -84.770 -439.703 0.968
-95.689 -73.267 -347.788 1.055
-34.195 -91.353 -329.638 0.942
30.394 -77.362 -488.510 0.832
8.120 85.592 -335.434 0.938
-13.786 -69.476 -434.467 1.079
-85.835 89.826 -374.914 1.041
-51.141 -35.705 -431.627 0.810
44.168 64.988 -445.962 0.854
28.191 76.658 -303.820 1.022
-79.431 -55.123 -407.542 0.911
23.821 -71.613 -476.371 1.014
10.035 1.551 -421.323 1.035
78.611 -72.537 -311.395 1.129
78.084 29.914 -466.637 1.030
50.289 71.231 -334.069 1.051
19.446 -20.411 -452.833 1.008
43.615 -21.266 -416.325 0.939
-89.348 -71.137 -492.872 0.961
99.377 50.177 -302.209 1.119
-5.605 -23.947 -315.423 0.927
-61.795 61.181 -350.080 1.105
7.033 -19.802 -320.620 0.922
-42.864 -28.115 -414.802 0.905
-57.870 95.489 -392.359 1.099
-29.093 -74.427 -491.886 1.012
-21.237 66.093 -416.937 0.859
16.330 -4.202 -324.021 1.112
-34.772 94.986 -365.325 1.039
-40.741 -30.293 -482.360 1.004
-35.413 -18.992 -342.425 0.969
81.309 -91.101 -381.230 0.992
-29.823 70.153 -428.384 1.075
-35.668 -86.208 -480.258 1.059
89.223 59.780 -306.169 1.012
-42.038 -22.691 -326.001 1.129
-47.862 -65.499 -412.935 0.973
29.956 9.748 -481.396 1.168
-64.642 -97.301 -464.366 0.980
-51.222 -0.732 -425.430 0.986
65.165 58.679 -308.903 0.965
-11.424 -27.143 -301.144 1.145
-62.534 14.531 -435.158 1.113
-78.134 45.213 -415.296 0.975
-32.550 -77.606 -471.721 0.982
7.412 6.303 -300.715 1.250
-20.300 64.736 -495.400 0.970
-89.861 -34.648 -336.824 0.927
-72.652 -46.614 -474.417 0.963
55.190 -19.717 -335.002 1.075
-9.594 26.456 -477.446 1.015
-27.400 20.744 -375.473 1.286
70.539 -26.117 -395.490 0.993
-77.526 -28.808 -418.638 0.881
85.186 -70.097 -430.937 0.987
-93.477 -55.503 -378.509 0.850
-55.463 68.667 -399.270 1.041
53.207 43.817 -496.722 1.009
-97.377 -71.613 -368.114 0.974
7.016 17.007 -374.957 1.065
-92.289 89.484 -454.005 0.800
52.623 98.570 -304.474 0.859
73.152 30.658 -409.358 1.058
65.789 -94.123 -302.099 0.907
17.861 37.226 -329.389 0.908
31.401 13.335 -354.645 0.932
-80.463 97.217 -460.484 0.937
-32.200 -73.706 -406.339 1.066
-60.301 83.312 -319.999 0.937
16.487 -40.538 -496.983 1.115
-11.952 -7.069 -333.239 0.886
-49.969 -26.470 -313.901 1.061
0.112 46.109 -320.603 0.987
-53.472 -66.911 -439.407 1.005
-4.252 31.844 -473.691 1.101
-17.094 -15.755 -332.025 1.084
59.547 -41.029 -448.713 0.708
-69.424 -52.640 -481.206 1.005
-29.272 -3.413 -472.369 1.114
62.394 -23.146 -362.072 0.954
-91.560 -62.679 -341.590 1.030
-44.679 -73.041 -389.924 1.063
-11.992 -77.750 -346.173 0.992
38.345 74.851 -455.386 0.970
-31.361 64.643 -486.593 1.133
-95.091 -85.633 -319.682 0.984
82.822 93.214 -353.605 0.956
83.644 12.644 -436.160 0.849
69.950 49.802 -453.114 1.030
-29.539 10.792 -492.606 1.052
-68.615 33.219 -371.264 1.035
12.302 36.426 -398.363 0.865
-69.475 -22.290 -488.367 0.958
-74.113 1.196 -492.549 1.085
59.969 -41.057 -345.418 1.089
-42.202 7.517 -371.754 1.020
18.875 52.617 -306.872 1.021
-42.032 -5.049 -346.613 1.041
-75.813 -66.464 -445.345 1.113
-3.540 -11.670 -448.832 1.003
88.354 -18.461 -456.503 1.056
-12.132 -12.134 -381.865 1.109
23.897 -38.867 -302.229 1.059
20.015 -12.224 -387.919 0.954
-97.288 58.317 -485.495 0.909
-42.605 -95.774 -336.786 1.028
-21.454 21.560 -362.637 0.788
1.143 -22.167 -407.677 0.933
33.141 80.369 -313.911 1.142
94.276 -39.496 -454.230 1.048
86.779 -56.524 -458.058 0.964
-51.452 36.233 -308.797 1.038
-0.705 -44.897 -468.001 0.949
3.425 84.409 -491.469 0.982
-45.621 -67.302 -475.791 0.949
-2.092 48.090 -469.773 1.067
-85.139 60.763 -476.963 1.193
87.511 -30.606 -391.315 0.972
-82.406 -70.134 -481.601 0.927
-54.129 -60.540 -321.833 0.926
-55.414 -78.361 -472.293 1.000
35.567 -7.575 -346.092 1.028
12.980 9.443 -306.699 0.855
-1.602 -28.115 -365.039 1.110
-56.203 50.569 -359.112 1.148
43.777 -76.607 -318.427 0.874
80.668 44.336 -402.025 0.991
67.018 4.100 -311.551 1.102
89.854 -81.177 -315.019 1.074
58.812 -19.023 -326.362 1.304
-5.626 64.435 -416.322 0.881
94.528 86.299 -342.248 1.242
-58.446 66.410 -306.234 1.254
-31.908 60.445 -440.403 0.947
92.883 46.921 -437.568 1.182
3.689 26.678 -308.921 0.849
-16.914 22.368 -487.389 1.224
-59.534 -5.672 -379.930 1.060
-50.203 82.129 -490.832 0.981
28.521 49.323 -409.888 1.060
38.054 1.909 -314.957 1.121
-14.318 46.915 -452.421 1.036
58.953 -3.525 -374.949 1.007
33.420 46.490 -449.329 0.821
87.888 99.150 -441.320 0.948
10.732 -51.742 -409.390 1.167
-12.438 30.247 -406.551 1.004
74.991 64.897 -428.318 1.065
54.252 53.337 -337.955 0.782
-90.389 -51.126 -498.142 0.975
-63.063 -59.220 -394.780 1.121
-84.961 85.369 -340.133 1.131
-74.834 17.319 -312.160 0.955
-98.823 0.614 -383.028 0.937
25.402 20.391 -461.532 0.989
44.559 -0.200 -376.703 0.841
-66.142 -83.516 -472.401 1.156
5.665 93.836 -473.476 0.871
-37.960 81.548 -453.477 1.128
-21.407 -29.269 -498.000 0.857
56.770 95.406 -422.921 1.072
-16.998 -2.991 -353.569 0.968
35.927 96.801 -379.460 1.060
-74.364 -74.073 -440.150 1.097
-11.384 22.907 -467.489 0.994
93.578 57.965 -478.830 0.957
-31.408 52.586 -320.678 0.922
44.377 -9.642 -333.495 0.974
72.013 34.890 -432.500 1.084
-85.228 -82.404 -421.229 1.054
-77.681 -62.424 -301.998 1.041
36.822 -60.581 -321.432 1.056
-87.935 13.887 -422.614 0.989
-74.396 26.203 -309.507 0.965
-73.419 -10.766 -327.432 1.047
-97.071 -12.819 -351.444 0.983
-21.136 -74.014 -430.427 0.896
33.057 -61.045 -351.795 1.021
17.944 99.304 -333.389 1.070
-25.204 69.292 -396.170 0.894
5.909 79.304 -474.794 0.838
70.448 -39.981 -485.034 0.939
85.903 23.017 -477.915 0.966
1.933 17.958 -436.667 1.047
-10.445 70.148 -482.731 0.885
-45.394 92.567 -301.211 0.878
34.033 -79.140 -380.597 1.031
66.272 84.075 -467.050 0.908
-96.370 -8.245 -428.162 1.130
80.986 21.506 -364.777 1.125
39.630 -85.547 -440.632 0.880
78.415 -68.659 -333.340 1.008
-20.035 43.385 -327.476 1.161
-19.326 36.371 -466.484 1.141
-80.741 98.956 -474.455 1.178
-28.164 -93.929 -333.827 1.106
18.883 72.088 -382.341 0.886
23.089 -64.467 -368.463 1.103
-91.818 -43.996 -489.807 0.936
57.904 28.949 -467.834 0.801
-70.564 -29.835 -341.110 1.070
-40.286 -15.501 -325.212 0.881
99.830 21.924 -482.659 0.958
11.734 -18.031 -436.157 1.081
-40.446 -33.964 -452.273 1.040
79.465 -0.037 -441.438 1.005
-57.222 92.253 -393.317 0.915
10.230 75.886 -426.095 0.872
-79.687 -89.403 -322.436 1.011
-59.114 95.759 -446.347 0.967
-6.437 65.832 -315.285 1.114
80.182 33.854 -419.707 1.141
28.210 39.430 -361.426 1.005
87.648 -7.920 -367.837 0.980
49.674 -9.981 -364.609 1.048
56.278 29.281 -363.885 0.967
-91.707 -13.586 -316.436 1.033
-19.666 -30.144 -326.750 1.090
90.128 16.422 -471.462 1.104
0.810 -2.177 -352.454 1.040
32.727 -6.625 -325.434 0.894
32.036 -13.973 -477.059 0.942
81.603 -8.837 -364.885 1.088
-32.472 25.305 -439.440 1.092
-71.028 61.109 -447.425 1.033
13.098 -27.503 -434.909 0.896
88.419 -10.043 -387.412 1.138
-1.322 57.364 -302.457 1.101
-3.071 -50.696 -456.270 1.047
93.696 -16.813 -321.955 1.100
26.772 59.522 -364.618 0.958
44.148 -42.369 -438.883 1.055
84.811 -7.598 -445.403 1.026
50.975 -48.333 -319.481 1.151
19.905 47.557 -393.231 1.126
-23.223 94.802 -484.752 1.026
-23.484 64.933 -446.167 0.888
91.664 -66.472 -375.276 1.019
