-48.888 10.722 -328.080 1.151
-8.404 -22.516 -426.304 1.056
97.065 39.030 -409.377 1.116
82.723 -9.717 -477.067 0.805
-52.861 -85.333 -371.970 0.935
-51.864 -72.173 -339.808 0.958
78.876 61.118 -425.198 0.937
-85.259 -52.521 -443.052 0.946
58.653 55.626 -443.901 1.178
-51.236 66.244 -331.451 1.076
-24.408 -54.304 -387.579 0.953
54.456 71.511 -374.388 0.869
19.378 33.978 -378.622 0.992
15.900 63.224 -377.726 1.055
25.000 57.541 -466.375 1.035
-36.402 63.848 -398.845 1.135
69.663 10.877 -306.952 0.982
-97.172 76.445 -481.435 1.067
73.239 81.085 -368.188 1.044
53.791 38.733 -336.368 0.953
-29.695 39.108 -435.576 0.958
26.155 -15.140 -325.468 1.044
-37.733 37.291 -410.691 0.926
-82.180 -1.312 -359.880 0.969
83.353 32.682 -397.608 0.891
54.728 17.793 -337.168 0.871
-99.989 -96.687 -495.853 1.328
-4.673 -24.940 -452.486 0.768
44.151 40.771 -390.698 1.064
44.341 -54.725 -477.028 0.908
86.533 43.236 -452.938 1.110
-34.241 47.181 -340.494 1.056
-61.124 -40.861 -317.583 1.215
29.516 41.384 -467.303 1.089
99.490 35.275 -331.247 1.000
-51.838 42.023 -468.058 0.877
14.363 5.366 -380.614 1.035
38.056 -81.831 -370.842 0.909
-92.206 -77.958 -482.352 0.777
96.127 -16.474 -454.762 0.985
12.092 -45.485 -438.120 1.039
-44.329 5.565 -439.405 0.902
-77.993 78.192 -312.022 0.906
-34.529 31.419 -341.007 1.140
-18.003 -94.342 -409.279 1.046
48.107 -29.857 -328.928 0.911
-11.734 -97.407 -401.028 1.070
-11.810 -90.580 -421.839 1.199
81.529 16.415 -422.732 1.028
98.064 -19.712 -351.286 0.877
72.365 90.788 -437.085 1.146
-30.701 65.621 -391.728 0.941
15.660 92.909 -384.960 1.022
66.652 -38.040 -361.372 0.874
-81.472 48.380 -494.253 0.983
11.741 -29.899 -493.494 0.992
20.636 -88.721 -329.047 1.168
-45.164 -54.179 -307.635 1.072
-52.913 81.223 -360.710 0.917
40.641 51.537 -374.661 0.913
14.155 54.586 -391.197 1.157
50.828 -54.492 -496.168 0.725
94.748 -11.961 -392.420 1.142
-31.697 69.333 -308.123 0.947
-36.573 -2.696 -345.511 0.900
-19.420 -59.431 -349.798 1.097
94.884 58.225 -398.444 1.033
-12.569 -79.383 -427.342 0.976
-27.229 -31.513 -324.828 1.075
14.572 30.777 -408.962 0.765
16.919 -87.088 -354.175 0.897
-87.471 -55.230 -398.429 0.973
8.905 -68.472 -308.885 0.903
-81.684 -11.031 -479.469 1.100
-42.536 -36.040 -370.328 0.903
-74.963 15.581 -468.921 0.977
-18.122 28.336 -373.389 1.108
-3.928 -29.641 -394.595 0.857
20.825 35.437 -400.869 1.048
89.769 77.199 -439.225 0.950
12.333 -7.026 -461.858 0.865
-10.944 5.996 -479.830 0.960
28.885 6.861 -368.212 1.107
-2.817 85.995 -489.046 0.995
42.656 -52.014 -382.421 0.932
13.514 10.319 -381.921 1.155
-84.972 -54.889 -492.006 1.002
-64.255 9.114 -469.168 1.097
8.369 2.507 -445.783 1.064
15.082 -39.498 -377.784 0.848
6.709 -5.852 -400.289 0.957
5.609 -5.474 -412.908 1.005
-87.088 88.473 -366.768 0.855
-41.143 89.136 -405.885 1.095
64.978 67.380 -379.248 0.956
-91.974 -59.236 -449.500 0.916
-6.963 40.788 -390.682 0.825
68.319 -15.839 -402.243 0.908
80.703 74.605 -396.382 1.083
74.931 -19.207 -469.634 0.886
-73.401 51.238 -374.217 1.029
-9.221 15.354 -496.281 1.123
72.456 -94.809 -319.493 0.983
-54.384 -74.994 -307.549 1.023
1.838 30.824 -372.329 1.285
59.970 -73.204 -399.267 1.030
4.753 -43.679 -341.743 0.927
-54.102 -71.261 -389.359 1.090
-3.046 79.268 -339.051 1.140
-7.179 -16.057 -484.108 0.951
-93.350 -91.802 -393.473 0.980
50.419 2.839 -473.341 0.934
43.944 -71.011 -310.043 1.221
-32.854 -37.154 -480.819 1.129
-49.316 75.767 -331.430 1.027
9.891 -20.856 -413.260 1.166
42.066 59.930 -357.374 1.044
45.985 -85.853 -342.349 1.052
26.196 46.884 -312.967 0.971
-7.014 68.738 -494.250 0.946
-74.651 -42.394 -349.822 1.198
49.392 18.972 -459.462 1.055
-24.169 -35.362 -360.111 1.019
-48.360 28.058 -319.374 1.174
16.966 -91.585 -495.484 0.911
99.119 -18.853 -490.362 0.825
-7.752 -90.283 -418.910 1.026
-54.347 -67.161 -312.928 0.924
7.018 49.663 -373.366 0.899
-50.912 -58.277 -499.921 1.090
32.746 73.277 -484.770 0.933
3.504 3.230 -350.398 1.005
-8.880 65.650 -407.352 0.959
-62.435 98.653 -404.277 0.827
40.161 -69.722 -482.931 1.062
-61.557 -39.577 -496.399 1.125
-27.701 -70.180 -321.118 1.085
39.458 88.848 -441.877 0.878
-77.016 61.531 -386.654 0.987
23.229 91.379 -477.458 1.070
20.100 30.417 -462.068 0.991
83.730 -62.965 -334.778 1.144
36.720 21.555 -473.074 1.063
78.951 49.376 -356.060 0.982
-73.271 54.313 -417.561 1.006
-48.831 -67.256 -374.749 0.988
-78.501 58.835 -314.999 0.824
45.886 56.537 -346.724 1.184
60.828 79.353 -366.142 1.086
99.024 -30.769 -300.530 0.995
12.926 50.694 -356.066 1.139
93.631 -9.541 -307.427 1.102
66.247 7.933 -310.741 1.162
66.839 1.186 -312.578 1.110
37.861 -81.730 -444.756 1.060
-86.199 57.794 -325.588 0.940
40.666 -60.765 -411.672 1.021
-64.602 -3.964 -314.627 0.996
95.448 50.491 -445.955 0.986
61.363 -27.809 -435.668 1.037
14.399 30.043 -456.010 1.002
-68.110 -36.491 -374.073 1.152
-25.608 -11.405 -390.102 1.049
-46.246 48.504 -311.575 1.192
-37.196 -22.605 -370.235 0.905
-12.328 -35.389 -438.705 0.907
-35.445 -95.347 -306.248 0.933
51.241 -94.821 -489.451 1.004
49.155 -84.194 -441.935 1.064
55.010 18.806 -380.477 1.003
96.851 19.849 -336.858 1.075
-73.872 -60.726 -466.430 0.961
-71.114 22.573 -306.668 1.116
33.180 -72.020 -410.308 0.915
4.588 -70.456 -351.268 0.913
91.744 96.798 -498.622 0.977
-89.048 -13.795 -303.431 0.972
-26.035 -5.260 -355.431 1.038
61.330 -85.297 -385.218 1.288
-34.450 -29.110 -354.983 0.984
40.599 -10.931 -313.943 1.119
2.890 37.979 -488.424 1.152
-16.449 50.090 -377.787 0.885
-17.428 -96.940 -321.704 1.157
36.816 -82.408 -398.586 1.032
-30.867 70.150 -418.526 0.977
-7.287 -30.793 -473.655 1.046
-70.334 56.641 -396.359 0.994
94.105 36.109 -399.354 1.063
-94.825 -79.880 -315.767 0.900
-20.343 -0.156 -492.113 0.951
82.970 -79.116 -354.623 1.115
76.603 40.325 -482.804 0.989
-43.781 -17.672 -443.660 0.967
30.755 33.841 -486.991 1.166
8.557 -13.649 -450.689 1.020
70.849 85.102 -416.115 1.147
-53.113 44.457 -355.912 1.181
84.678 53.841 -350.785 0.938
29.543 -77.052 -405.957 1.045
-39.516 -84.637 -391.212 1.145
96.769 -73.466 -357.339 1.255
96.481 -40.289 -402.374 1.045
64.868 74.861 -365.599 1.134
32.557 55.898 -371.544 0.921
-28.726 -90.141 -368.228 0.963
51.034 -23.078 -466.471 0.895
-77.856 -10.116 -371.328 1.056
-11.474 68.971 -406.568 0.863
94.910 -27.992 -418.386 1.003
53.416 -62.574 -402.532 0.978
74.403 16.211 -364.409 0.967
-6.375 77.132 -343.319 0.875
-40.611 6.722 -330.859 1.009
14.648 74.425 -410.397 0.983
45.444 64.217 -316.663 1.144
7.452 9.513 -325.953 0.966
4.377 -67.716 -494.020 0.886
-83.158 54.452 -301.759 0.835
-28.610 17.445 -365.620 0.727
-75.965 -4.820 -350.207 0.999
-81.777 90.030 -356.884 0.912
58.024 1.445 -300.001 0.967
-51.912 -70.386 -451.468 1.103
-68.422 12.701 -494.142 0.943
90.382 -80.297 -487.315 1.048
76.043 77.146 -442.299 0.926
-16.698 33.150 -421.470 0.951
-60.837 -31.030 -331.014 1.021
-88.171 -82.605 -322.323 0.946
46.474 62.986 -412.588 1.086
-38.851 32.313 -473.753 1.052
-95.678 24.930 -340.602 1.051
29.091 28.268 -435.762 1.141
-38.842 -99.169 -370.592 1.152
49.646 15.826 -343.184 0.924
-34.709 -2.182 -341.452 0.935
56.622 88.149 -368.552 0.949
-39.776 78.545 -485.903 0.827
75.132 99.089 -346.817 0.995
21.911 85.971 -425.627 1.009
71.081 7.449 -363.059 0.821
12.731 -37.721 -470.062 0.974
82.847 -28.522 -464.142 0.969
13.190 13.615 -334.969 1.053
69.732 74.410 -302.076 0.913
-28.394 59.118 -338.877 0.944
-25.658 51.016 -414.607 1.010
1.446 55.402 -317.305 0.989
94.420 7.391 -410.149 0.877
88.662 -46.088 -326.119 0.917
-10.082 -29.887 -310.638 1.034
-68.786 -88.525 -491.307 0.731
-25.589 27.304 -426.652 0.999
20.072 -62.906 -380.850 1.010
-50.391 -43.847 -391.331 0.924
-30.903 -37.952 -300.076 1.039
7.433 -50.772 -404.880 1.031
66.894 31.470 -325.257 1.003
-83.017 71.034 -483.741 1.145
1.800 -49.322 -343.160 0.692
54.906 30.504 -471.039 0.949
11.150 49.698 -407.936 1.152
98.626 -89.621 -486.331 0.887
56.836 78.279 -385.776 1.036
72.565 -79.716 -398.032 0.948
73.436 -41.524 -469.658 1.120
8.366 -92.661 -319.019 1.132
6.388 95.700 -467.138 1.095
-49.184 -21.166 -412.050 0.875
84.513 -90.701 -331.731 1.045
-20.443 -22.735 -392.854 1.023
52.076 73.059 -359.211 0.988
46.307 -49.936 -455.812 0.974
18.852 -8.354 -346.435 1.092
26.767 -39.255 -461.390 0.908
-36.913 -1.619 -389.646 0.895
-32.276 -82.393 -305.555 1.015
-50.425 76.085 -349.605 0.784
-2.539 74.154 -383.648 1.051
0.269 -11.900 -477.288 0.963
-7.824 -88.559 -474.865 1.051
-67.401 -58.671 -441.413 0.792
76.236 4.368 -445.082 0.849
76.093 28.132 -425.411 1.069
-5.863 57.210 -479.898 1.119
-10.908 77.183 -471.301 1.018
-96.688 -38.669 -471.515 0.960
5.134 94.933 -327.362 1.054
41.290 46.577 -428.059 0.990
73.790 -23.782 -302.724 1.021
-55.412 59.836 -333.022 0.896
-6.271 -36.643 -466.240 0.857
-87.639 89.156 -400.329 1.132
-88.994 30.130 -414.560 1.021
28.077 -45.447 -323.780 0.944
33.988 -34.224 -489.388 0.887
-72.542 75.854 -399.486 1.136
45.534 89.800 -347.388 0.960
41.916 58.044 -342.410 0.712
-14.283 58.005 -480.812 0.965
-7.395 38.129 -317.880 1.072
28.968 -6.976 -325.026 0.813
33.660 -32.719 -331.104 0.953
-71.432 -84.890 -431.912 1.058
14.343 -51.156 -341.420 0.815
34.858 48.259 -468.748 1.162
-48.581 72.366 -383.238 1.087
62.768 -10.483 -402.026 0.848
41.850 -67.760 -368.059 1.033
-47.149 93.988 -443.922 1.049
-13.582 18.214 -320.679 0.957
82.842 17.922 -333.696 1.087
88.802 -27.305 -423.517 0.912
18.934 -79.150 -329.237 0.963
23.402 -36.560 -309.850 1.221
-43.096 -95.926 -455.165 1.192
31.347 -34.699 -457.919 1.024
-28.164 -15.830 -339.869 1.139
-43.543 -82.923 -456.360 0.897
-18.460 44.282 -472.541 1.159
-22.318 58.489 -472.916 0.986
-24.525 -76.274 -388.425 1.040
-1.456 -90.419 -370.476 1.082
93.774 20.168 -390.354 1.093
-83.068 15.120 -420.279 1.047
71.751 -82.174 -441.497 0.910
87.990 -15.059 -451.319 1.008
72.646 32.353 -422.931 1.007
88.122 -54.932 -307.911 0.975
48.754 28.785 -429.629 0.991
39.147 -11.604 -472.216 0.834
-30.825 -54.655 -426.966 1.065
48.355 -46.204 -314.399 1.078
65.832 32.366 -326.975 0.983
48.461 49.121 -375.485 0.869
-40.500 78.718 -387.975 0.789
37.886 30.891 -404.608 0.987
-72.779 8.456 -418.674 0.865
16.836 -69.785 -398.899 0.956
61.035 51.545 -446.255 0.901
35.350 4.914 -302.539 0.831
81.664 -8.972 -338.917 0.891
-46.060 98.693 -453.658 1.144
-73.125 -77.973 -475.606 0.960
62.910 -62.076 -362.931 1.075
-71.984 -46.201 -382.356 0.847
6.345 80.186 -495.280 1.007
-15.180 60.449 -392.651 1.088
-96.697 -3.256 -443.451 1.025
-44.788 81.004 -495.691 0.946
-87.630 -46.616 -366.431 0.849
-33.024 43.317 -401.154 0.977
-18.412 -64.492 -329.492 0.923
-13.183 -28.835 -469.149 1.080
48.657 77.597 -480.150 0.911
97.943 69.131 -382.081 1.096
-13.795 -79.530 -413.568 1.000
-45.076 81.475 -489.354 0.874
-22.548 -21.578 -379.841 1.023
27.698 5.667 -418.732 1.194
-59.300 -67.867 -353.058 0.879
-50.511 57.534 -388.233 0.903
69.008 1.425 -391.644 1.003
-32.347 -99.275 -418.275 0.935
-88.830 52.793 -323.089 0.945
-1.144 61.652 -477.531 0.914
44.341 -26.178 -419.494 0.989
-8.915 -5.312 -372.423 1.167
-43.207 -39.884 -476.236 0.881
-60.385 -54.505 -385.021 1.095
46.324 16.245 -416.810 1.011
40.503 -24.092 -395.917 1.104
-80.720 -21.832 -382.925 0.973
-28.929 -48.774 -464.005 0.998
-84.963 93.383 -387.263 1.273
18.562 45.623 -357.401 1.003
40.654 -33.676 -429.809 0.885
51.737 72.270 -405.442 0.854
-33.847 -45.609 -373.925 0.915
39.074 71.389 -373.473 1.000
65.154 -30.705 -338.918 1.067
-60.383 98.725 -404.045 0.940
-8.542 -71.578 -414.631 0.940
40.836 0.882 -487.836 1.102
42.563 40.204 -407.656 1.082
72.225 -46.617 -363.804 0.942
-26.616 71.629 -362.011 0.996
-58.828 3.415 -341.353 1.246
31.783 -28.933 -448.195 1.033
-66.433 -92.446 -399.659 0.879
-32.981 47.444 -447.502 1.016
-10.363 62.835 -349.387 0.923
13.087 0.959 -413.075 0.918
32.297 40.712 -487.800 1.026
-71.010 -8.027 -398.220 0.888
97.579 80.041 -499.361 1.264
62.960 30.612 -303.207 1.048
23.209 7.185 -440.648 0.908
40.337 -12.430 -426.841 0.818
48.579 -64.723 -430.679 0.942
-10.673 37.596 -386.222 0.867
99.963 11.291 -390.064 1.017
-42.143 -29.102 -367.872 1.133
78.019 -57.383 -456.550 0.987
-84.178 15.148 -424.920 1.051
-82.975 -66.841 -363.662 0.981
-41.426 36.228 -333.508 0.873
-76.806 -53.087 -394.031 0.962
90.771 8.208 -337.755 0.887
-20.129 -39.439 -328.139 1.000
63.480 77.830 -388.462 1.175
65.891 81.633 -469.721 1.070
-54.917 6.835 -468.170 1.014
-34.301 37.714 -322.339 1.127
11.838 90.891 -305.359 0.954
-36.181 -56.463 -484.440 0.975
-52.228 2.803 -491.118 0.679
17.094 -87.043 -351.548 1.084
-31.466 91.915 -481.793 1.113
-27.906 -46.872 -444.900 1.126
40.076 24.146 -404.411 1.147
-82.225 68.617 -484.898 0.923
29.543 20.777 -472.558 1.064
35.502 12.602 -371.494 0.965
-83.401 51.835 -479.928 0.997
-82.644 -31.805 -344.295 1.066
61.235 -26.553 -306.938 0.973
-38.675 -89.356 -474.474 0.988
50.298 4.467 -338.521 0.928
71.008 -39.828 -451.320 0.855
-23.781 -94.694 -451.645 0.748
-40.619 -22.883 -338.028 1.129
84.154 85.492 -441.677 1.037
85.754 -25.879 -333.932 0.884
-81.566 -1.859 -381.836 1.014
-82.094 89.696 -389.552 0.923
66.672 -32.140 -328.760 0.995
-23.359 10.704 -320.214 0.816
86.897 -90.529 -336.770 1.046
30.865 -3.839 -469.994 1.106
83.507 -10.234 -467.235 1.035
-35.195 -55.016 -350.210 0.962
86.502 -88.696 -388.814 0.974
54.593 68.978 -322.091 1.062
77.782 57.368 -430.117 0.963
20.274 29.623 -345.041 0.905
16.127 -43.439 -404.213 0.915
99.271 -65.401 -360.626 0.955
-56.109 45.995 -494.155 0.908
-78.729 90.986 -460.979 0.907
13.564 15.667 -334.126 1.199
58.586 72.997 -392.793 1.147
71.382 -24.484 -327.011 0.911
86.330 62.689 -466.214 1.109
98.187 6.589 -329.532 0.969
-99.500 19.770 -397.221 0.990
-91.874 -66.187 -331.941 0.993
6.631 -89.811 -459.453 0.937
28.265 21.971 -302.485 1.246
5.075 -91.412 -333.482 1.055
24.665 -82.471 -459.887 1.006
-96.091 10.739 -384.523 1.120
-15.576 -7.224 -458.394 1.057
1.164 -1.973 -356.948 0.853
-19.806 -16.803 -377.426 1.088
-10.716 -81.850 -302.556 1.226
34.616 49.533 -436.606 0.902
24.904 41.703 -345.124 1.080
75.774 3.754 -441.506 1.000
-51.322 -30.971 -416.137 0.987
78.676 68.547 -367.201 0.849
-11.130 47.648 -313.151 0.786
54.124 -0.204 -387.555 1.047
-24.666 -70.265 -349.078 1.119
66.783 -95.110 -374.164 0.897
-68.781 -72.029 -482.761 0.956
37.429 -1.941 -493.799 1.070
40.137 90.015 -428.789 1.018
83.891 28.374 -389.300 1.083
-30.294 43.447 -460.927 1.133
-12.132 -97.140 -357.930 0.993
-29.134 12.128 -421.196 0.935
55.980 13.868 -465.869 1.039
51.081 -26.161 -359.465 0.981
-40.101 60.000 -448.769 1.048
-65.870 87.698 -341.914 1.018
-64.696 64.330 -413.183 0.982
64.511 70.928 -443.376 1.182
-92.304 6.008 -375.204 1.185
84.978 24.369 -354.636 1.054
0.349 50.064 -409.944 1.052
-1.200 -42.048 -492.994 0.998
-79.295 94.448 -450.444 1.003
99.605 79.507 -410.863 1.007
-49.050 -60.359 -350.564 1.071
0.205 43.145 -458.219 0.869
46.285 13.037 -483.712 1.198
-55.451 84.698 -467.353 1.071
32.232 -79.950 -461.851 0.907
-69.195 37.013 -478.501 1.197
74.796 97.166 -354.064 0.917
33.982 -63.154 -484.420 1.220
63.860 -17.381 -481.729 0.984
92.089 -55.169 -343.505 0.976
-74.113 -16.896 -477.285 1.007
-68.637 75.765 -409.176 1.096
6.612 52.176 -369.750 1.204
-4.367 24.599 -473.519 0.961
-37.335 63.942 -449.160 0.819
-77.382 65.624 -480.748 1.004
43.064 -73.396 -347.078 1.007
43.299 -6.568 -425.749 1.001
38.529 96.722 -433.722 1.101
-74.901 2.485 -397.088 0.956
-49.062 -96.358 -407.216 1.120
-73.376 84.474 -369.996 1.047
-85.855 -64.942 -441.023 1.021
41.166 61.003 -357.981 1.029
72.730 3.095 -432.509 0.958
29.387 29.230 -476.224 0.962
-4.775 -76.834 -306.259 0.945
-19.251 -22.571 -430.746 1.008
-83.400 -93.399 -458.559 0.963
-9.740 -15.395 -364.195 1.232
84.848 45.270 -487.477 1.001
56.056 30.029 -388.941 0.976
24.094 38.989 -316.035 1.119
57.999 -87.388 -455.871 1.170
-35.179 1.706 -407.046 1.076
-35.356 -90.517 -442.394 0.962
-38.353 -52.393 -371.232 0.880
-98.642 64.208 -336.004 1.174
51.231 22.090 -376.712 0.944
21.022 -75.746 -375.300 0.902
23.003 10.988 -362.913 0.999
-15.506 34.830 -474.109 1.091
-53.831 62.070 -462.755 0.970
57.395 -46.096 -329.866 1.176
-86.351 -50.704 -493.675 1.077
-71.656 74.331 -336.771 0.918
-30.497 44.673 -389.606 1.023
-15.680 -20.253 -362.061 0.996
9.029 0.525 -494.600 1.153
56.788 -97.102 -434.371 1.141
30.830 82.843 -361.698 1.056
-21.583 -32.842 -363.437 1.070
-85.975 16.198 -482.339 0.932
56.549 -39.407 -415.637 1.080
-51.047 32.691 -358.897 1.124
-70.067 16.059 -437.941 0.987
-15.156 -63.718 -409.910 1.098
7.881 2.391 -453.819 1.019
-67.540 54.703 -328.160 0.901
-64.223 -2.438 -353.928 0.846
-82.306 -12.018 -355.053 0.906
-90.156 -78.029 -407.332 0.975
-55.833 20.558 -498.148 1.012
-90.324 86.571 -498.084 0.892
-69.166 -71.679 -496.846 1.038
88.952 -82.366 -333.060 0.915
-34.479 -70.902 -335.262 1.211
-40.622 -27.499 -421.768 0.918
-16.339 48.866 -443.425 0.950
40.863 55.232 -339.349 0.999
-9.357 85.625 -444.607 0.934
-70.360 9.527 -483.033 1.064
-41.210 33.273 -306.214 0.734
-0.885 1.020 -485.698 1.049
-14.193 14.248 -315.181 1.041
16.856 -26.379 -461.659 1.063
93.289 92.367 -348.239 0.936
65.193 -48.182 -419.828 1.060
-97.633 -28.653 -350.285 1.045
84.627 -58.833 -494.140 0.961
-54.105 -31.095 -330.665 1.269
21.456 -1.075 -387.983 0.863
-98.551 33.628 -323.471 0.933
74.774 91.512 -412.102 1.004
-10.083 -62.796 -436.460 0.918
91.708 -22.850 -457.133 0.931
98.137 -58.656 -365.678 0.834
-60.193 -85.425 -449.323 0.875
-21.528 68.368 -317.939 1.042
-88.850 39.433 -468.128 1.133
89.022 65.459 -316.914 1.083
-24.795 -59.570 -314.698 0.869
-36.874 -26.441 -490.122 1.079
35.214 -36.251 -344.396 1.031
50.534 21.470 -402.074 1.078
97.765 -39.845 -479.815 0.904
34.119 -64.137 -437.780 0.984
-98.606 57.809 -436.947 1.026
-25.449 -48.758 -479.546 0.983
-77.688 -63.285 -358.807 0.787
-67.283 -29.044 -384.671 1.002
4.777 -99.205 -474.397 1.043
-61.482 -46.202 -360.860 0.973
-9.003 59.838 -354.854 1.087
-97.118 -3.956 -365.275 0.968
-51.047 73.932 -447.297 1.118
19.782 89.813 -462.137 0.790
3.058 63.017 -341.936 0.916
-73.331 -80.099 -319.517 0.998
-50.220 26.344 -349.106 0.941
49.099 84.212 -441.191 0.968
83.038 79.915 -455.104 1.064
-18.364 78.449 -407.939 1.050
-76.228 -51.615 -488.982 1.023
0.292 8.581 -315.884 0.819
-98.231 46.634 -343.168 0.979
59.286 -16.199 -485.830 0.963
88.003 61.917 -446.445 0.837
-32.938 -60.310 -301.621 0.997
40.706 17.184 -352.652 0.902
43.206 -31.970 -385.398 1.028
5.591 30.277 -421.725 0.969
-61.408 -6.503 -334.775 0.990
53.280 -26.835 -447.294 0.902
37.650 69.559 -333.364 0.926
-19.726 63.084 -452.175 1.035
-74.666 -23.975 -371.520 0.934
6.266 65.401 -472.122 1.153
-89.722 -12.966 -314.639 1.138
-29.815 68.038 -479.448 1.011
-99.417 -71.981 -401.529 0.877
21.628 81.818 -307.254 1.203
-81.336 -74.726 -473.662 1.000
-87.010 -44.792 -424.568 0.976
-85.009 87.454 -440.435 0.731
-79.264 -63.597 -314.688 1.208
-69.252 -62.818 -407.060 1.141
50.543 30.380 -462.963 1.044
79.257 9.499 -418.320 1.153
23.588 34.721 -308.170 1.066
-46.772 72.943 -490.843 1.097
96.940 67.251 -486.171 0.943
68.579 99.844 -479.094 0.871
-16.918 -27.913 -413.843 0.986
-77.305 14.577 -476.936 0.877
-48.118 35.293 -453.651 0.913
-57.342 -79.381 -460.200 1.031
51.619 -16.511 -408.626 0.846
-21.321 8.861 -394.311 1.010
49.672 19.397 -431.710 1.284
-22.848 91.314 -363.482 0.894
77.591 9.587 -342.725 0.957
-6.725 -74.557 -357.014 1.032
-61.802 -26.026 -311.992 1.068
-25.888 -15.985 -352.295 1.130
11.521 63.552 -412.038 1.006
-10.558 44.341 -467.532 0.973
-12.907 -30.668 -418.689 0.916
87.707 -2.603 -497.205 1.067
-64.350 90.455 -351.074 0.954
91.011 69.027 -431.557 0.970
75.374 10.313 -309.215 0.915
79.711 -21.746 -453.870 1.248
-45.946 96.508 -447.353 1.021
72.466 61.156 -359.749 1.182
64.723 58.438 -439.006 0.908
85.451 33.245 -393.638 0.932
91.443 -79.839 -499.635 1.051
93.807 91.810 -435.924 1.036
-29.655 72.076 -425.358 1.024
8.225 -41.660 -345.635 1.117
-6.079 -97.083 -487.620 1.058
-42.358 53.460 -473.351 0.908
26.006 3.067 -489.075 0.877
94.290 -34.064 -379.152 0.999
-35.656 37.518 -333.723 1.036
-93.957 -60.082 -443.812 1.064
-20.931 93.094 -486.839 1.187
-54.320 -28.186 -356.233 0.926
29.117 86.071 -496.946 1.023
22.654 -50.233 -379.997 0.884
31.131 -49.388 -470.589 0.997
9.035 73.624 -485.874 1.127
98.843 34.621 -422.102 0.937
-48.434 59.120 -345.109 0.999
-67.196 20.040 -358.296 1.062
-75.721 14.854 -492.948 0.877
86.318 80.834 -422.406 1.243
-47.344 -29.275 -489.856 0.811
-66.786 -25.033 -456.292 1.074
97.406 25.610 -367.508 1.049
1.886 -8.556 -373.448 1.093
88.445 81.149 -386.886 1.094
-36.669 -79.676 -441.887 0.934
-24.438 -3.137 -429.130 0.955
46.794 -90.639 -324.892 0.846
33.446 93.819 -429.886 1.058
68.652 -97.477 -496.064 0.977
98.489 70.237 -421.516 0.931
58.715 53.173 -426.887 0.989
51.754 -81.978 -314.583 0.953
13.275 -81.687 -445.701 0.844
18.883 -79.811 -377.925 1.090
93.404 88.358 -376.825 1.004
-98.062 -98.670 -497.837 0.923
-33.424 -14.589 -465.613 0.778
16.714 -14.729 -409.109 1.062
-4.131 -91.792 -417.553 0.838
93.651 2.982 -457.869 1.101
89.573 -22.962 -493.620 0.951
-15.028 18.163 -443.833 0.846
42.102 -69.034 -397.713 1.003
91.697 45.008 -478.043 0.917
-11.533 34.157 -424.917 1.090
-69.140 41.702 -471.028 1.125
45.834 -40.952 -322.738 0.984
-17.408 -41.886 -442.031 1.165
-15.224 70.161 -314.605 1.172
-87.763 -93.542 -496.799 1.040
60.422 -99.211 -395.756 1.019
4.448 -58.788 -460.295 0.975
-68.577 54.440 -316.772 0.975
-75.488 32.612 -479.331 0.971
25.557 70.463 -481.098 1.054
71.291 -43.595 -383.266 1.167
-94.049 -79.032 -300.010 1.029
-63.571 -62.391 -436.073 1.001
48.388 -13.678 -303.338 1.042
-47.076 13.722 -312.532 1.051
66.376 25.595 -434.717 0.926
59.485 -65.817 -420.266 0.924
41.227 -71.459 -312.083 1.029
-26.277 -71.268 -321.080 0.894
68.696 19.337 -347.290 0.938
70.989 -57.555 -367.732 1.073
87.190 61.777 -453.853 1.029
-14.688 91.531 -419.779 1.021
-61.262 -96.920 -305.304 1.035
-31.763 -13.332 -408.838 0.919
81.168 -43.405 -405.800 1.094
94.302 -18.527 -403.015 0.874
-82.230 -25.756 -404.459 0.985
37.826 64.166 -445.942 1.052
-14.816 84.493 -482.400 0.892
35.454 71.796 -474.314 0.975
-22.619 -52.300 -410.271 0.973
-4.845 -61.372 -486.976 0.990
63.029 -46.565 -493.673 1.135
59.443 38.467 -407.103 1.029
-81.429 73.690 -363.917 0.827
-53.652 -73.986 -430.151 1.153
-34.561 -31.619 -309.864 1.077
-30.647 11.995 -315.498 0.922
-95.695 78.257 -389.905 0.852
28.735 11.945 -479.222 0.840
-10.740 -99.060 -448.455 1.068
86.867 -24.962 -433.498 1.120
42.280 -85.379 -315.754 1.099
-68.040 -35.510 -371.908 0.897
-89.468 -33.065 -481.467 0.876
-53.119 -81.724 -487.135 0.833
-82.090 53.292 -417.515 0.998
98.627 8.297 -470.176 0.917
74.179 -94.153 -488.767 1.086
53.767 -95.651 -403.776 1.153
-10.416 -12.454 -316.957 0.862
-8.114 89.702 -455.567 1.066
-74.694 33.617 -432.788 1.064
63.724 -54.347 -303.894 0.868
52.926 41.461 -489.816 1.087
33.228 68.727 -483.965 0.935
-45.008 32.858 -450.467 1.217
-12.672 66.855 -415.722 1.228
-52.765 -85.903 -375.716 1.017
-20.345 61.733 -354.258 1.001
70.558 61.031 -356.174 1.085
-66.225 -73.692 -383.715 0.873
65.264 9.792 -350.930 1.006
-15.396 46.605 -436.190 0.765
33.488 17.037 -307.713 0.944
3.969 58.045 -482.928 1.109
-99.265 -25.426 -440.866 0.954
4.024 4.691 -450.174 1.002
-88.802 -8.069 -369.143 0.986
98.383 15.918 -337.589 1.001
43.090 -77.789 -462.422 1.074
27.649 -86.860 -421.871 1.173
91.223 34.994 -478.393 0.950
72.629 -13.374 -346.730 1.110
2.744 70.088 -326.793 0.990
-42.727 5.374 -471.198 1.128
10.965 -98.470 -458.908 0.889
-56.786 -64.987 -452.687 0.748
86.388 89.938 -478.797 1.000
75.863 -60.688 -404.781 1.070
15.632 35.071 -439.906 0.864
-60.593 -76.038 -384.995 1.081
-72.832 -82.784 -355.100 1.116
-79.826 -33.973 -319.352 0.920
-93.372 -77.913 -351.409 0.979
-72.182 36.905 -476.615 1.173
-60.491 -29.246 -463.451 0.910
-54.755 -26.246 -450.299 1.025
91.765 64.474 -367.920 1.090
-35.259 -20.373 -451.196 0.869
-55.678 12.745 -413.086 0.885
-63.291 5.534 -312.298 0.933
44.130 21.184 -308.542 0.771
10.747 -41.282 -309.158 0.971
32.462 -68.404 -398.455 1.137
-5.525 -58.874 -428.816 0.890
-30.888 -33.943 -305.674 0.923
-11.041 56.926 -496.491 0.922
-95.776 -1.413 -301.587 1.002
-13.013 43.264 -466.454 1.177
22.850 -39.862 -462.143 0.971
27.845 -46.562 -348.846 1.120
47.480 -0.893 -449.323 1.006
-74.820 20.294 -335.651 0.857
-49.246 -81.033 -478.171 1.116
54.101 26.397 -333.370 1.046
-73.043 97.472 -499.184 0.892
16.845 -3.499 -372.452 1.004
-1.256 38.902 -432.204 1.130
80.300 -21.425 -322.325 0.834
87.898 94.588 -432.474 1.126
-12.489 -1.605 -397.132 1.135
-88.612 -41.897 -382.863 0.897
-61.062 51.565 -465.963 0.910
32.920 71.073 -472.338 0.956
-47.744 -57.008 -353.465 0.921
45.355 75.674 -429.180 1.038
-15.576 -4.470 -421.176 0.972
7.376 55.161 -375.120 1.029
87.894 35.179 -441.360 0.901
76.415 -53.961 -398.455 1.018
-27.233 4.466 -415.229 0.785
-33.038 -62.987 -330.685 0.934
-15.290 1.039 -300.159 0.970
-75.613 56.706 -374.101 0.988
45.474 77.753 -483.841 1.013
43.634 -55.217 -369.434 1.015
66.935 -4.436 -371.095 1.114
47.751 26.346 -414.437 1.031
57.802 53.099 -460.914 0.967
-95.117 -43.216 -468.332 1.156
-53.764 3.200 -430.445 0.903
-35.712 -23.448 -412.064 0.977
84.922 42.252 -351.116 1.115
19.627 70.535 -484.327 1.054
40.994 12.680 -375.322 1.120
-40.157 -10.325 -359.600 0.945
4.977 -3.412 -425.697 0.955
33.037 25.312 -424.945 1.022
-32.011 -21.735 -348.002 0.815
-17.404 88.381 -486.005 1.079
-93.542 -16.102 -376.614 1.003
69.577 -65.410 -305.306 1.049
-39.655 -62.826 -377.648 1.118
41.219 -67.396 -345.202 0.992
45.865 -70.869 -412.260 0.987
-7.895 42.652 -324.395 0.995
-89.636 99.492 -419.454 1.073
50.493 21.649 -393.775 1.042
-57.656 75.471 -319.928 1.141
-1.524 24.001 -416.624 0.814
72.047 -22.178 -360.517 1.067
20.750 13.542 -400.426 1.094
-4.617 -76.992 -331.203 1.093
64.684 -41.397 -457.280 1.100
43.265 -56.237 -326.587 1.031
77.758 38.621 -350.341 1.345
-17.699 -17.157 -412.400 1.043
-77.629 32.942 -484.918 0.964
33.604 15.673 -311.663 0.994
47.677 -34.046 -409.804 0.854
-4.107 -19.802 -360.872 1.009
-19.274 38.905 -326.938 1.030
82.115 16.957 -476.642 1.055
-6.842 -11.154 -469.059 1.043
-22.387 -42.081 -346.676 1.018
-92.578 20.002 -360.077 0.915
-39.749 -95.391 -335.767 0.981
-80.320 -32.928 -429.186 1.010
54.731 84.835 -420.040 1.048
-35.207 95.861 -388.605 0.983
98.442 -54.189 -484.419 0.901
74.166 13.484 -495.524 0.799
-45.220 21.963 -455.460 0.957
-88.803 97.368 -328.521 1.363
-72.174 9.371 -408.997 0.967
87.740 -8.697 -408.782 0.681
-41.660 81.727 -372.838 0.857
-95.644 77.230 -458.223 1.017
-15.643 -1.233 -305.296 1.144
-23.918 10.449 -406.476 0.956
-0.754 71.570 -359.338 0.876
-13.560 -44.416 -354.211 1.020
-8.400 18.744 -429.605 1.067
-48.432 36.370 -416.753 0.979
20.467 27.177 -313.725 1.011
-92.089 -82.422 -404.435 0.977
40.915 -10.286 -475.377 1.093
-35.143 96.425 -312.247 1.016
-40.231 84.571 -346.781 1.030
-17.389 -77.232 -498.591 0.960
-39.823 -79.416 -431.997 0.990
93.446 37.383 -314.378 0.981
43.538 -18.035 -456.315 1.137
21.522 38.882 -454.324 0.962
55.580 50.577 -403.106 1.032
-7.047 83.010 -309.354 1.063
-83.446 -19.417 -451.499 0.868
-34.875 -15.752 -374.225 1.147
26.753 -86.123 -413.701 1.034
-87.285 8.524 -323.574 0.849
19.149 34.084 -449.320 1.116
-21.557 -0.390 -370.370 1.195
40.434 32.813 -486.895 1.134
-70.108 -12.028 -328.420 0.945
-95.681 89.630 -446.243 0.808
-11.440 25.563 -478.181 1.086
23.961 -83.696 -345.349 1.137
86.208 96.850 -380.820 0.993
-97.996 0.554 -487.794 0.920
95.317 -56.196 -361.938 0.897
62.609 -53.109 -321.148 1.115
-20.600 59.520 -390.340 1.130
-36.197 -47.410 -379.115 1.086
66.733 83.420 -411.963 0.936
-50.551 68.074 -439.725 0.870
67.509 46.434 -340.157 0.939
36.201 -74.109 -345.617 0.711
-44.589 30.676 -473.061 1.070
-10.009 12.630 -466.901 0.965
-18.860 -70.128 -309.950 0.933
89.000 88.099 -425.800 1.023
8.768 49.866 -319.267 1.040
81.699 -97.874 -498.491 0.968
-54.227 80.388 -369.834 1.159
79.988 -99.490 -314.895 1.209
-10.689 70.400 -319.026 0.945
-47.190 -28.264 -431.735 1.114
65.276 -9.603 -366.992 0.780
-0.183 37.404 -336.913 0.992
-3.048 53.087 -469.820 1.039
-16.746 97.577 -378.247 1.121
-29.858 23.982 -379.689 0.921
58.338 96.043 -372.947 1.060
-67.429 -51.392 -384.770 1.063
67.026 -27.250 -424.583 1.148
82.031 29.019 -359.711 0.891
55.127 91.025 -446.738 0.798
-70.030 -49.485 -337.081 0.956
-23.765 -66.128 -392.490 1.103
28.045 -95.077 -478.305 1.046
-68.057 65.878 -495.202 1.074
44.326 -65.530 -390.193 1.161
-38.078 3.886 -461.886 0.959
98.651 32.461 -340.396 1.034
-12.388 -95.481 -331.456 1.089
90.315 57.257 -448.495 1.050
18.082 -12.121 -430.570 1.040
-44.535 -80.532 -495.374 0.983
84.984 60.621 -359.959 0.965
-46.384 38.187 -425.056 0.970
84.681 -40.869 -426.348 1.140
38.007 -64.086 -415.304 1.094
-67.062 -40.480 -373.348 0.939
-63.359 15.956 -366.529 0.817
-35.909 -25.140 -462.202 1.055
94.049 -17.901 -354.265 0.809
40.484 61.958 -427.827 0.860
-7.564 -61.897 -312.051 0.911
76.632 9.460 -367.308 1.037
9.563 -99.292 -429.901 1.101
-30.658 47.818 -411.660 1.059
-83.257 -18.799 -402.725 1.037
-96.967 -54.161 -347.017 0.992
39.015 40.867 -467.623 0.846
1.677 -18.651 -479.235 0.957
46.713 44.708 -334.050 1.069
-5.947 15.609 -383.371 1.076
63.334 -67.741 -462.420 1.062
-89.967 3.078 -472.740 0.954
96.961 -86.776 -374.676 0.794
-51.684 68.045 -300.860 0.962
-36.971 12.764 -382.153 0.967
-13.742 56.782 -417.825 0.874
75.859 -78.801 -337.956 0.972
49.036 -20.749 -459.403 0.838
24.047 85.587 -387.978 0.883
9.823 83.956 -341.650 1.048
25.076 -90.325 -349.252 0.992
-89.991 -66.390 -472.835 1.071
-4.300 79.753 -417.095 1.020
17.032 -49.303 -305.907 0.953
-86.933 -10.687 -378.639 0.967
-76.640 99.486 -326.743 0.861
46.645 -60.164 -429.619 0.784
87.880 52.886 -431.409 0.994
-54.979 54.042 -305.934 0.909
-88.703 -63.227 -440.811 1.125
91.915 -54.484 -484.302 1.014
-38.125 2.840 -424.899 1.083
