-94.833 55.025 -402.256 1.038
75.140 -20.421 -337.073 0.849
45.250 -83.814 -407.080 1.150
-30.891 -59.936 -450.100 1.006
-17.073 22.518 -398.510 0.930
37.716 -46.991 -301.187 1.063
27.844 -48.343 -390.438 0.927
-65.437 84.314 -471.236 0.857
71.458 -20.764 -496.876 0.958
74.428 0.259 -377.933 0.887
44.553 37.028 -341.219 0.942
-40.911 6.735 -472.359 1.093
-46.235 93.089 -474.145 0.775
-76.960 -51.547 -394.351 0.868
96.865 -63.443 -470.714 0.989
5.794 52.659 -481.643 0.888
-72.356 14.233 -383.131 0.892
-90.425 62.461 -395.813 0.704
12.436 78.616 -407.797 0.937
-19.490 -45.394 -360.012 0.902
79.118 -95.544 -357.962 1.049
30.765 -31.078 -459.971 0.862
-18.963 7.165 -454.223 1.075
44.680 68.004 -317.147 0.953
-45.955 -26.855 -322.493 1.011
-95.830 -23.483 -425.034 0.905
-42.408 15.064 -390.546 1.005
97.683 42.098 -459.749 0.996
-67.927 -81.620 -339.104 1.108
45.705 55.387 -449.194 0.952
-65.370 -66.005 -319.740 1.129
-72.817 65.168 -410.259 1.138
-21.939 0.769 -362.782 0.876
30.165 -72.890 -446.923 0.972
50.920 76.015 -465.616 1.051
3.959 28.265 -320.936 0.865
-68.271 -59.098 -434.215 1.063
6.616 50.430 -431.882 1.069
-8.685 -44.819 -386.246 1.106
47.435 41.245 -362.551 1.062
83.950 -38.414 -459.817 0.994
87.807 -89.620 -330.339 1.266
-24.065 84.466 -490.973 1.023
25.153 -1.061 -423.603 1.003
-79.979 -99.756 -377.259 0.940
71.686 12.431 -376.068 1.230
39.687 40.208 -319.880 1.101
-70.860 -8.643 -339.020 0.932
27.729 -61.607 -407.293 1.048
-58.767 83.668 -384.022 1.213
-41.515 -82.763 -345.302 1.037
79.202 90.743 -434.462 1.020
-10.818 -48.266 -388.674 1.020
-86.416 -74.103 -391.037 1.175
-54.577 39.339 -373.588 0.930
35.138 -83.928 -462.554 1.153
36.880 -62.676 -418.535 1.051
-39.663 5.993 -480.913 1.049
-50.237 17.841 -402.125 0.874
-72.274 -69.188 -395.672 1.007
5.872 -50.601 -324.824 0.961
30.077 18.812 -436.389 0.874
-35.158 -47.867 -456.466 0.886
-41.831 -89.733 -323.252 1.026
94.287 34.616 -342.095 0.944
-17.299 72.699 -310.592 0.978
-37.567 17.621 -354.455 1.008
81.848 -26.130 -330.834 1.071
-24.363 -87.815 -315.065 1.081
23.720 38.430 -304.934 0.939
44.736 -48.376 -397.125 0.855
-62.476 -76.462 -385.052 1.124
62.580 11.493 -490.061 1.008
92.116 65.810 -371.366 0.843
29.172 -19.281 -420.924 0.861
-20.057 -98.146 -492.396 0.961
-92.471 47.893 -462.272 0.907
-68.228 -22.375 -339.369 0.955
52.542 -96.073 -341.795 0.951
34.618 74.825 -358.833 0.886
23.763 -39.407 -403.890 1.062
-97.278 45.013 -306.350 1.131
59.841 37.929 -354.288 0.987
-83.738 86.373 -317.900 0.979
85.204 24.058 -354.735 0.960
52.910 -81.588 -387.801 0.802
-96.459 -89.712 -495.732 1.120
-1.875 -8.883 -396.107 0.876
25.189 -50.906 -390.144 1.261
99.888 9.708 -470.334 0.977
99.662 46.485 -304.666 0.989
86.160 -71.547 -302.472 0.836
-22.008 92.790 -443.686 1.139
97.674 35.833 -491.002 1.091
5.211 -27.157 -494.635 0.961
-8.539 -98.492 -489.449 1.027
11.440 -26.681 -466.840 1.049
-86.741 -85.287 -341.775 0.954
-31.119 -59.519 -432.354 0.963
-99.962 23.111 -368.628 1.204
-50.709 17.431 -359.211 1.132
73.140 94.941 -373.645 0.892
-60.445 84.876 -432.100 1.000
-14.231 80.722 -470.410 0.954
-73.131 7.702 -332.358 0.976
35.618 92.779 -434.312 1.101
32.040 96.361 -418.564 1.064
-60.641 -54.655 -486.788 0.854
22.882 23.130 -422.657 1.001
69.392 9.364 -493.281 1.032
71.183 -11.825 -440.704 1.051
-34.129 87.364 -336.090 1.029
-15.676 -2.103 -478.513 0.838
97.799 -99.728 -490.740 0.904
62.531 -99.902 -352.115 0.975
-45.007 57.720 -401.475 0.988
22.250 -94.818 -473.230 0.889
-56.241 -58.620 -391.012 0.968
40.928 50.799 -345.315 0.972
2.365 17.984 -341.368 1.134
-29.146 -51.503 -381.206 0.887
-93.863 37.778 -327.932 1.270
45.042 79.902 -344.592 0.954
-94.583 89.311 -471.944 1.069
-55.817 -96.410 -361.107 1.050
-47.988 28.348 -470.919 1.085
-89.470 -51.506 -328.629 1.038
15.504 -0.594 -328.238 1.099
90.792 -49.922 -437.867 0.934
-51.422 62.078 -475.472 1.061
25.124 50.248 -308.888 0.995
-53.675 -50.374 -436.947 0.885
94.576 -33.428 -304.809 0.960
-70.857 -85.492 -336.348 0.730
-74.437 9.926 -336.800 0.976
-47.084 29.303 -329.294 0.945
-46.354 77.275 -414.354 0.997
-21.692 49.659 -466.793 0.989
-65.288 -50.026 -396.504 1.223
-66.033 40.378 -489.007 1.095
97.879 32.357 -473.011 0.924
-39.230 4.627 -302.797 1.064
-31.548 -19.232 -448.256 0.891
-99.190 34.736 -497.140 0.959
6.503 59.210 -304.993 0.943
22.450 -21.232 -482.477 1.119
54.518 -80.665 -486.030 1.038
84.739 -86.102 -451.578 1.218
-10.736 18.928 -446.147 0.926
-77.023 -66.772 -489.574 1.214
-23.883 64.025 -425.587 0.695
58.407 -22.510 -419.575 1.028
-30.862 94.542 -301.606 1.266
33.904 11.527 -433.046 0.903
85.649 61.290 -462.503 1.052
95.755 93.006 -383.598 0.977
-7.437 85.620 -436.784 1.106
57.256 -40.875 -498.354 0.928
-22.533 60.012 -414.216 0.855
-45.760 -81.619 -407.949 1.158
51.615 -0.165 -384.920 1.134
12.598 3.053 -492.048 0.875
24.110 -80.598 -393.739 0.831
-78.151 -76.341 -305.862 1.284
-69.803 -8.819 -369.179 1.011
8.395 -11.339 -377.139 1.007
-96.381 -76.982 -367.251 1.085
-20.908 15.163 -312.951 0.995
-57.633 -18.767 -413.655 1.055
31.258 39.394 -410.182 0.925
42.992 40.893 -392.904 0.999
70.613 -68.687 -322.692 1.133
-27.338 52.046 -437.067 1.043
-84.805 75.368 -432.089 1.028
41.390 -36.346 -418.941 1.097
79.479 1.468 -480.812 1.040
18.262 75.325 -455.831 0.979
66.945 89.729 -330.116 1.050
-67.225 -68.407 -326.005 1.125
63.085 87.420 -451.224 1.008
-71.500 82.022 -341.154 0.923
-87.670 20.874 -310.108 0.942
-72.323 -20.495 -486.992 1.128
-82.120 -61.178 -458.837 0.873
-93.416 11.382 -400.613 0.979
20.241 -47.020 -345.815 1.057
40.802 -75.435 -480.434 1.042
-49.890 23.968 -326.378 1.128
-80.622 2.275 -483.706 0.952
-92.350 -50.094 -439.250 1.097
63.195 65.263 -434.274 1.013
5.720 -73.245 -361.176 1.071
55.131 -51.114 -424.961 0.949
-8.437 -54.606 -453.361 0.991
12.944 -87.454 -372.457 1.088
-5.323 -69.768 -413.600 0.758
68.434 -1.552 -310.907 1.329
-48.830 -73.196 -491.264 1.082
-52.483 -42.835 -405.173 1.073
-3.974 46.170 -352.116 0.865
-31.237 -82.308 -416.759 1.030
-88.335 -60.726 -320.940 1.091
41.892 4.926 -468.581 0.934
-52.561 67.256 -344.785 1.114
-0.916 -65.308 -332.069 0.855
-74.910 -5.694 -383.425 0.942
30.555 81.909 -350.858 1.022
58.191 71.716 -485.019 1.023
-96.538 -68.555 -312.485 0.985
-83.870 -31.192 -481.287 0.929
-85.574 78.722 -490.300 1.038
-25.238 97.019 -308.281 0.940
78.753 -82.931 -373.526 0.977
-70.411 12.059 -399.666 0.984
-98.309 90.313 -367.901 1.076
86.669 97.612 -456.480 0.950
-17.924 -66.788 -331.745 0.994
89.415 -80.523 -423.573 0.949
18.006 63.782 -443.456 1.055
80.371 -8.388 -333.247 1.029
86.552 -87.070 -393.924 1.025
-53.771 74.571 -323.204 0.927
4.539 76.942 -400.162 0.995
-74.511 29.623 -431.136 0.819
68.627 -67.737 -415.047 0.950
28.233 -17.987 -381.049 1.026
-68.482 -86.907 -484.596 0.974
20.733 -79.279 -499.085 1.039
63.832 65.004 -396.931 1.057
-8.986 -16.318 -328.932 1.000
-90.227 -62.139 -437.975 0.878
-68.247 14.029 -365.600 1.109
98.290 86.555 -353.275 0.940
-39.492 -37.320 -313.795 1.193
-72.270 -77.911 -315.723 1.032
1.415 -48.223 -342.566 1.215
83.285 -94.061 -455.389 1.042
-81.457 67.469 -478.848 1.029
42.706 65.000 -387.602 1.008
-8.865 13.512 -392.516 0.856
10.546 -36.896 -349.334 0.898
-22.690 -2.196 -346.452 1.011
83.822 -27.956 -352.761 0.944
10.799 12.388 -479.036 1.080
48.260 -13.410 -315.079 0.912
-40.337 -0.389 -331.051 0.989
40.962 94.202 -302.369 1.184
-92.398 -17.558 -371.943 1.125
-51.653 -96.114 -382.848 0.931
15.039 67.993 -336.366 1.015
-30.299 84.339 -485.162 0.944
74.304 24.883 -326.107 1.061
73.678 -11.867 -398.276 1.059
9.379 -79.366 -451.148 0.898
57.203 -26.411 -344.850 1.064
9.037 18.964 -410.162 1.132
83.857 38.758 -376.916 0.996
21.617 42.826 -400.122 0.968
-75.137 31.228 -442.516 0.923
18.766 20.142 -419.679 0.925
50.540 -96.302 -340.761 0.944
-29.197 49.121 -430.375 1.125
-39.890 -83.441 -315.934 1.197
5.128 -71.137 -448.678 1.063
8.162 44.346 -389.563 0.978
-18.842 43.814 -482.913 1.037
11.896 81.392 -463.412 0.932
23.544 36.873 -442.656 1.001
49.273 10.441 -374.936 1.033
18.577 78.449 -387.071 1.038
83.661 -78.848 -401.236 0.835
-56.812 -93.210 -363.957 0.977
77.504 -56.867 -345.885 1.281
66.724 99.572 -353.139 0.968
-46.097 -78.966 -347.620 0.934
38.818 -38.870 -386.643 0.931
17.114 -86.410 -350.174 1.070
78.746 75.102 -319.359 1.026
18.671 -59.021 -360.802 0.893
1.877 -25.432 -355.060 1.084
69.255 31.587 -449.291 1.000
18.727 -2.432 -352.598 1.077
-24.397 62.975 -407.569 0.831
79.474 -91.012 -449.510 1.001
92.035 89.050 -492.122 0.915
2.692 -21.968 -334.215 1.015
81.331 22.949 -354.918 1.141
5.503 -60.236 -311.522 1.030
-60.426 53.122 -407.177 1.126
-50.661 -40.972 -401.768 1.056
86.003 94.095 -432.131 1.086
25.666 -81.435 -335.619 0.960
17.312 6.333 -495.143 0.989
-58.723 -28.349 -376.994 0.794
86.595 66.216 -362.398 0.904
-77.145 60.005 -384.843 1.070
71.261 -78.207 -386.826 0.977
12.385 72.789 -443.129 1.070
-16.825 47.739 -476.686 0.911
-76.759 -28.314 -357.767 0.924
98.484 90.434 -321.995 1.126
-60.630 40.231 -429.715 0.931
98.382 42.832 -360.728 0.944
21.676 42.165 -404.597 0.956
39.034 74.457 -369.566 1.161
-61.852 -10.522 -370.113 1.066
-34.839 -1.539 -302.862 0.925
-76.616 -27.595 -477.488 1.064
-35.156 74.000 -498.121 0.974
-80.544 -16.084 -384.935 0.931
-92.062 -68.963 -441.638 0.864
-99.285 -56.487 -351.719 0.997
19.674 79.226 -342.773 1.008
42.899 22.949 -334.468 1.007
-52.234 -4.495 -446.749 1.092
28.169 13.362 -458.951 0.940
-89.890 -14.961 -370.739 1.012
1.840 -62.968 -497.881 0.974
34.003 -27.424 -417.546 0.985
-89.303 25.737 -371.266 0.979
63.230 64.187 -390.508 1.073
25.161 9.322 -357.405 1.271
-4.735 -79.379 -331.913 0.988
-94.635 -19.328 -382.231 1.027
81.038 35.944 -342.765 0.809
-57.880 20.508 -358.185 1.002
-65.868 55.075 -453.149 0.958
-33.371 88.890 -472.188 0.969
75.548 91.783 -326.760 0.926
-0.408 -5.835 -398.137 0.830
89.910 7.757 -487.001 0.973
27.025 -35.923 -309.301 0.956
-31.182 73.207 -382.697 1.002
28.159 20.373 -399.678 0.963
76.342 65.787 -492.582 0.858
85.605 -90.700 -467.551 1.064
-28.334 64.522 -488.002 1.037
62.261 87.831 -483.320 0.988
44.378 -22.116 -414.293 1.022
-97.506 -86.477 -386.350 1.022
40.476 6.897 -493.207 1.078
-22.561 -31.301 -457.621 1.039
-55.365 76.143 -370.324 0.915
16.051 -71.771 -434.259 1.012
-11.613 -25.380 -465.426 0.995
22.261 -65.578 -454.360 0.869
17.339 -37.797 -334.349 0.849
46.687 67.087 -450.165 0.835
-13.231 -9.346 -448.720 1.182
-16.006 60.562 -491.831 1.125
-8.867 -17.372 -341.475 0.894
-89.421 60.210 -357.175 0.905
-83.593 93.403 -434.044 1.008
3.710 -99.794 -377.081 1.050
-56.484 49.887 -328.656 1.195
11.158 53.396 -374.917 0.971
-37.781 6.633 -444.007 0.979
84.139 69.043 -407.611 0.951
0.913 -62.429 -383.350 1.060
35.935 40.338 -347.455 1.168
-77.459 38.810 -478.137 0.952
-78.063 14.943 -464.431 1.108
-49.398 32.897 -435.788 0.947
-91.577 24.250 -321.330 0.937
27.865 -27.849 -333.435 1.064
8.646 88.123 -392.995 1.071
-63.903 15.343 -374.923 0.806
43.303 -10.767 -383.578 1.083
-47.916 -29.378 -311.511 0.911
-60.703 -59.422 -440.357 0.776
94.749 -76.005 -430.013 1.112
-54.882 54.035 -424.934 1.104
-87.880 -87.057 -310.222 0.949
-56.649 -35.792 -328.454 1.003
-71.274 41.967 -369.134 1.034
40.091 -15.370 -324.162 0.936
46.444 -11.542 -342.995 0.940
-61.015 -40.351 -464.412 1.064
13.430 55.483 -439.240 1.107
-18.091 11.347 -493.972 0.791
29.610 -66.331 -445.109 0.941
26.282 -27.610 -455.225 0.958
-14.344 -20.193 -401.771 1.106
-92.609 -94.886 -364.177 1.104
-95.376 -39.234 -306.815 0.984
8.966 83.230 -376.487 0.930
-9.103 12.760 -419.810 1.121
-60.358 38.393 -354.454 0.981
67.487 13.921 -444.463 0.989
-72.362 -90.520 -355.017 0.924
-58.439 -62.458 -385.142 1.025
-84.512 -64.559 -395.474 0.919
-83.061 82.303 -342.976 0.830
72.032 60.997 -498.275 0.855
-74.805 -23.263 -441.756 0.980
-48.745 -62.116 -350.809 0.899
49.008 -22.918 -458.267 1.102
-92.562 -14.114 -334.089 0.814
16.803 68.397 -389.531 1.099
-98.532 -52.964 -340.116 0.927
-12.802 -3.585 -425.875 1.027
72.074 -83.662 -450.580 1.195
47.725 -91.163 -497.939 0.952
-14.261 -19.855 -468.078 0.754
92.013 -65.724 -446.843 0.959
-45.531 -61.044 -474.002 0.935
87.569 67.181 -477.127 0.993
-20.605 87.402 -325.690 1.128
56.081 -10.075 -316.699 1.039
-25.882 38.337 -395.251 1.099
-18.285 35.734 -307.558 0.918
79.128 -32.379 -480.370 0.984
-96.781 -89.952 -312.081 0.781
-52.104 -29.794 -464.882 0.924
36.508 -83.451 -316.255 1.064
-59.490 -65.555 -445.962 0.953
56.139 -79.512 -364.460 1.085
-52.404 79.096 -431.486 0.712
-34.481 23.128 -347.616 0.994
61.415 43.640 -383.292 1.060
-70.273 7.026 -403.156 0.915
39.540 -86.750 -306.817 0.911
11.933 -47.730 -402.125 1.022
-45.231 86.210 -330.820 0.821
9.063 82.939 -453.874 1.043
-15.940 26.486 -366.226 0.991
75.347 -49.173 -385.601 0.822
63.658 -95.218 -382.054 0.872
-32.830 -95.264 -327.021 0.995
30.783 -93.662 -373.223 1.045
58.389 83.884 -311.202 0.910
7.661 -20.553 -472.374 0.918
28.339 99.692 -495.494 0.850
-0.027 -89.510 -422.537 1.111
-97.076 47.820 -365.194 1.013
-15.307 -56.974 -458.052 0.996
61.318 -12.946 -394.046 0.986
-62.768 -31.005 -326.032 1.062
21.468 32.283 -331.980 1.021
-10.411 33.153 -474.805 1.157
76.920 83.217 -496.112 0.795
66.914 49.201 -383.265 1.105
0.562 -13.364 -422.245 0.960
54.542 -95.055 -343.405 1.053
18.597 82.260 -367.667 1.005
29.508 -75.619 -339.463 0.839
67.940 -46.465 -359.184 1.051
-23.722 -39.686 -440.797 1.009
19.294 -63.797 -329.264 1.026
33.731 53.778 -494.792 0.836
-14.761 42.347 -484.839 0.951
20.833 84.492 -353.529 1.161
-32.407 7.995 -403.354 1.103
86.306 12.071 -334.087 0.939
76.968 -86.805 -385.941 1.172
71.275 99.393 -351.350 1.138
-66.201 -45.798 -348.305 1.083
-68.153 -2.353 -396.420 1.074
-94.738 -86.561 -405.548 0.757
-51.166 -77.316 -453.689 1.032
-80.215 95.032 -335.743 1.116
-74.362 -79.665 -438.223 0.929
-5.547 -61.698 -481.736 1.016
-64.704 63.385 -493.583 0.909
56.291 -53.255 -373.193 1.069
-14.338 -43.111 -344.126 0.845
15.780 46.308 -424.767 0.941
-9.044 31.859 -431.713 0.992
-81.121 12.278 -446.357 0.968
-13.387 -39.762 -481.308 0.888
5.985 -54.229 -467.582 0.952
-95.067 -90.831 -311.885 0.989
60.497 -67.400 -313.663 1.077
42.785 -53.127 -391.328 1.055
-21.065 69.327 -390.849 0.942
0.810 -30.167 -447.588 0.961
-84.000 85.245 -439.108 1.048
-74.958 -20.651 -478.121 0.987
-68.435 46.904 -372.803 0.910
68.834 -58.479 -420.879 0.997
55.974 -4.180 -422.770 0.919
-43.723 54.458 -464.558 1.011
86.394 67.094 -417.851 0.859
61.381 99.439 -308.155 1.120
31.998 -76.217 -321.969 0.922
-81.089 -8.897 -302.282 1.045
20.728 24.527 -498.203 1.003
-91.366 -95.786 -376.210 1.157
69.695 13.793 -354.071 1.083
56.925 -14.644 -368.378 0.787
-36.017 -81.053 -454.111 1.099
64.722 49.476 -338.917 0.845
15.923 -6.538 -404.791 0.929
53.573 -72.769 -322.718 1.099
61.102 25.821 -476.723 1.117
-56.629 85.314 -420.402 0.995
-52.988 -59.965 -392.693 1.027
51.126 79.750 -379.484 1.167
-56.474 -70.969 -462.906 0.879
-13.488 -57.692 -441.422 1.100
-57.916 -50.443 -386.735 0.990
25.736 -88.895 -440.294 1.086
11.482 41.952 -429.791 1.135
35.573 -24.603 -394.786 0.906
-88.254 -68.348 -397.316 1.140
-86.181 -56.751 -348.233 1.081
-17.327 -5.952 -345.029 0.883
18.862 50.359 -319.623 1.043
-39.989 11.528 -354.662 1.039
-38.074 37.487 -464.872 1.016
-57.212 22.504 -384.324 1.112
77.506 84.732 -358.980 1.144
75.062 -88.786 -325.628 1.082
73.003 -27.594 -420.967 1.090
-2.716 -72.837 -348.695 0.999
79.551 -18.677 -364.341 1.097
7.312 99.489 -447.466 0.937
-66.931 52.362 -382.796 1.008
61.141 -0.905 -479.878 1.143
-93.458 -33.823 -423.746 0.955
-41.121 -92.074 -442.031 0.912
7.258 -75.217 -357.161 0.978
-20.530 -28.405 -447.650 0.878
94.705 -71.621 -393.151 1.135
0.467 -18.651 -483.630 0.961
-82.555 -90.873 -429.119 1.137
55.993 -87.495 -387.714 1.122
97.985 -55.125 -350.320 1.135
-75.598 97.612 -335.471 1.048
15.195 -19.205 -496.879 1.020
12.672 33.546 -398.511 1.027
73.262 25.012 -381.214 1.086
-16.553 1.822 -390.844 0.884
93.209 58.755 -357.366 1.004
16.256 -62.707 -458.235 0.985
-90.457 -55.115 -489.953 0.996
-8.453 -99.462 -498.629 1.063
75.969 2.530 -443.256 0.919
-21.679 -13.583 -344.227 0.936
-9.928 40.704 -484.142 1.189
21.467 -94.106 -438.166 0.757
29.098 8.544 -349.654 0.985
-9.715 -75.335 -432.302 0.859
82.750 27.473 -482.810 1.032
-48.656 -86.375 -300.077 1.090
-78.637 5.985 -369.808 1.118
48.046 90.060 -499.317 1.092
21.905 8.539 -330.138 1.139
-22.059 -88.498 -342.644 0.967
-86.782 -98.285 -370.697 1.095
-23.096 87.505 -446.019 0.980
-13.475 63.597 -448.601 1.095
-64.890 -87.046 -481.424 1.036
-67.563 43.989 -339.689 1.137
76.169 -31.632 -458.002 0.916
65.574 -51.693 -359.438 1.143
-87.378 -6.605 -448.722 0.987
66.903 -74.503 -324.217 0.968
-71.213 43.525 -312.869 0.933
-27.162 35.238 -372.767 1.054
-64.163 -67.654 -415.163 1.118
39.654 -70.837 -425.087 0.942
43.417 6.655 -382.057 0.859
-62.480 73.292 -455.093 0.964
-12.442 43.933 -348.455 1.038
-87.169 -37.467 -315.310 1.033
-94.918 -0.116 -444.769 1.092
28.328 3.818 -476.818 1.199
-90.774 55.640 -305.058 0.884
-85.660 32.053 -415.938 1.034
28.368 25.836 -363.688 1.010
-83.139 60.934 -497.723 1.059
-63.344 98.028 -446.494 1.088
71.398 -78.243 -428.238 1.026
98.243 -30.569 -465.791 0.957
-80.859 29.687 -343.978 0.973
-72.379 55.328 -454.270 0.879
88.896 59.918 -303.932 0.853
-23.102 -75.858 -352.702 0.925
39.888 14.526 -424.517 1.107
8.808 19.362 -409.309 1.108
70.667 13.470 -478.024 1.066
-87.761 10.256 -347.919 1.096
59.590 5.835 -394.685 0.941
94.934 21.068 -350.084 1.250
-31.002 54.982 -498.163 1.184
-79.761 74.744 -487.548 1.011
-37.015 -80.498 -315.400 1.209
-55.379 5.324 -458.839 1.027
-44.654 -83.141 -348.799 0.960
-81.062 -79.829 -497.584 0.943
-24.194 -61.305 -389.242 1.008
-1.359 30.382 -418.396 0.920
-50.893 -93.711 -320.098 0.987
-23.020 -95.065 -435.713 1.024
37.259 4.911 -462.002 1.075
-59.693 95.982 -472.027 1.029
96.482 -25.971 -430.275 0.997
77.828 21.866 -457.137 1.106
-82.465 30.136 -458.146 0.911
18.473 89.011 -302.732 1.014
15.510 92.943 -404.634 0.810
99.554 97.941 -413.867 1.088
33.389 42.880 -309.934 0.961
-51.015 61.858 -356.966 0.984
9.376 73.834 -380.115 0.972
-15.391 79.422 -347.675 1.057
82.781 79.710 -409.193 0.818
-58.137 -52.291 -391.631 0.882
14.927 38.874 -345.056 1.042
-95.916 66.927 -485.578 1.165
64.184 -53.602 -468.488 1.035
-41.677 60.545 -379.491 0.947
-92.897 4.015 -430.907 1.069
-92.741 -47.837 -323.586 0.921
91.347 -88.691 -436.487 1.089
-90.322 32.481 -428.673 1.003
-51.175 -30.855 -438.101 1.060
-6.137 47.674 -370.123 0.923
-30.737 30.981 -449.437 0.892
-22.406 49.618 -466.278 0.895
-76.793 34.792 -412.587 0.970
-8.217 -18.108 -321.689 1.135
-47.611 55.789 -332.347 0.965
-92.310 65.728 -387.885 1.016
-3.982 17.013 -374.863 0.859
-7.024 -60.776 -444.205 1.107
-92.366 -36.931 -484.375 1.004
88.972 -4.225 -447.831 1.045
-11.845 -52.628 -342.781 1.166
46.710 85.700 -340.615 0.823
-90.068 89.040 -416.230 1.080
76.720 -53.000 -481.899 0.996
-72.813 88.016 -419.946 0.907
-33.547 99.203 -347.311 1.097
41.826 -51.195 -318.919 1.151
63.408 43.213 -484.573 0.873
-84.504 95.802 -308.463 0.978
25.534 87.909 -421.428 1.079
-74.705 27.874 -472.350 1.059
5.616 -29.702 -351.104 1.016
-22.455 -9.882 -493.521 0.851
4.414 15.046 -371.596 1.040
-24.984 79.988 -471.299 0.945
-44.905 -67.670 -433.274 0.964
87.737 -91.214 -458.792 1.004
64.043 91.101 -443.456 0.940
38.004 49.895 -370.051 0.996
-7.851 49.798 -326.474 1.161
61.720 -11.796 -452.903 1.012
85.437 19.946 -430.413 0.905
79.562 -64.436 -304.283 1.079
-82.831 -55.968 -341.225 1.066
-29.621 1.823 -370.613 0.874
92.797 -67.157 -420.207 1.252
-19.009 -94.777 -324.083 1.199
84.885 39.335 -467.707 0.967
41.943 -37.333 -398.634 0.922
10.483 36.976 -372.847 1.160
-75.541 -59.089 -400.824 0.925
-34.928 29.762 -381.920 0.852
-63.219 84.249 -314.343 0.767
97.048 -99.686 -308.878 1.053
90.301 -43.553 -464.178 1.059
59.444 -59.134 -416.404 0.859
48.062 94.242 -481.012 1.019
-87.873 -12.266 -314.969 1.012
-56.396 -49.061 -477.438 1.024
75.229 -40.738 -446.660 1.117
-74.296 68.479 -333.249 1.105
-86.415 78.143 -433.199 0.924
94.846 -55.768 -378.815 1.072
-73.640 22.761 -497.166 0.988
69.241 21.935 -357.050 0.884
56.111 -60.676 -450.554 0.992
29.383 16.032 -402.826 1.072
28.966 1.178 -322.707 0.963
-60.955 -15.367 -496.303 0.992
-27.675 -67.253 -345.615 1.114
64.035 -48.485 -435.688 0.889
-97.131 6.402 -415.700 1.240
-28.962 -54.610 -379.105 0.956
54.655 96.728 -372.975 1.072
59.774 -51.046 -324.336 1.009
-48.722 -61.673 -420.449 0.983
-25.770 -54.160 -465.452 0.960
-21.392 -11.076 -383.651 1.008
60.938 -36.801 -453.510 1.073
-34.819 -0.258 -346.703 0.892
25.183 36.421 -494.075 1.144
86.089 -62.109 -472.326 0.984
-80.991 96.946 -487.512 1.134
38.636 73.959 -391.571 1.008
34.080 23.447 -397.251 0.975
-97.103 -82.541 -484.627 0.855
48.736 47.323 -403.826 0.984
40.111 -36.402 -472.958 0.943
-40.897 70.529 -343.783 0.880
-56.625 -51.490 -450.903 1.047
34.713 -2.330 -402.867 1.060
-34.702 99.437 -310.522 0.873
17.976 -98.913 -326.495 0.890
50.183 -9.194 -424.707 1.078
-56.779 27.375 -490.122 0.922
58.185 -32.403 -381.200 0.784
-33.833 46.551 -335.392 1.053
57.569 -34.896 -480.442 1.087
-85.845 82.038 -406.057 1.001
-27.118 1.937 -486.579 0.969
-92.200 -1.804 -498.844 0.940
-38.064 -99.083 -420.560 0.863
-39.520 -83.616 -359.077 1.121
31.687 -25.930 -363.751 1.069
-4.493 -83.984 -490.402 0.895
-14.306 74.553 -478.385 0.734
95.346 71.322 -478.513 1.032
-17.848 -49.488 -479.209 0.952
-70.484 11.343 -485.524 0.936
12.728 -97.359 -478.670 1.022
8.759 -62.989 -477.904 1.086
56.878 -95.046 -343.840 0.967
-86.101 -87.663 -434.500 1.010
-20.584 -97.517 -335.869 1.048
55.962 85.854 -332.844 1.307
-23.758 73.015 -377.099 0.930
-55.322 -32.325 -482.112 1.046
83.329 5.456 -421.004 0.909
-80.670 -7.541 -308.986 1.008
94.009 -8.532 -437.867 0.950
-97.281 -57.804 -352.339 1.051
69.888 -33.423 -300.199 1.072
-48.969 72.758 -354.346 1.004
-26.538 -39.336 -397.159 1.048
-45.696 38.015 -486.764 0.900
-1.132 -21.074 -404.729 1.144
-79.676 37.598 -455.145 1.069
-71.965 4.726 -451.974 1.025
76.306 82.441 -302.159 1.089
2.020 78.032 -455.078 1.079
-84.677 0.886 -366.890 1.009
-18.260 72.525 -315.153 0.993
-28.361 -31.504 -454.312 0.889
10.467 -72.243 -499.222 0.943
-32.674 75.564 -343.972 1.001
-80.787 59.030 -377.188 0.783
27.777 46.917 -335.255 1.175
-67.894 -16.821 -418.902 1.008
50.157 19.366 -487.870 1.005
43.638 88.647 -338.986 1.063
52.414 -36.501 -312.545 0.873
62.109 24.283 -439.324 0.996
-5.787 17.268 -400.736 0.957
18.920 -3.961 -370.682 0.875
56.147 57.185 -427.495 0.920
38.019 79.876 -337.637 1.075
-48.635 -92.888 -480.317 0.966
-27.450 -14.382 -439.421 0.980
39.288 29.443 -353.324 0.897
-69.871 -6.677 -466.110 1.197
-44.168 -13.087 -304.543 1.008
-38.829 -45.923 -363.806 0.823
54.976 -7.841 -335.059 1.027
26.150 -65.690 -354.107 0.996
-61.270 -54.891 -427.511 1.186
48.049 96.118 -497.815 1.051
-11.014 -98.289 -371.443 0.994
-3.640 82.224 -356.596 1.137
-10.732 24.400 -412.638 0.889
39.321 -50.906 -433.227 0.968
-58.121 -3.532 -437.084 1.050
72.631 74.008 -498.862 1.046
-65.564 -41.952 -375.080 1.011
16.898 -51.071 -461.494 1.060
-76.733 85.804 -392.966 1.065
-44.752 38.028 -441.156 1.034
21.579 -37.669 -302.446 1.123
-59.782 75.973 -320.187 0.988
-43.781 -15.278 -475.981 1.074
86.963 -16.751 -471.829 0.957
28.483 25.603 -359.827 1.166
-7.540 -12.210 -389.776 0.965
32.973 -30.776 -398.748 1.151
-66.823 -31.795 -469.151 0.998
21.660 54.589 -402.772 0.866
-42.321 56.497 -445.995 0.933
79.546 -24.331 -365.100 0.866
37.455 -9.917 -430.125 1.129
-74.046 -28.819 -321.696 1.055
-86.591 -64.965 -383.631 0.847
26.168 88.143 -405.808 1.091
11.551 -8.465 -305.738 0.936
-64.359 72.469 -341.254 0.948
4.098 26.720 -420.089 1.085
84.901 96.694 -452.204 1.061
-72.256 -70.900 -445.364 1.170
44.672 -70.340 -379.456 1.017
-15.092 -41.356 -483.662 1.022
-44.753 -98.279 -334.282 0.907
-11.886 54.983 -306.003 0.902
94.548 35.160 -360.337 0.939
-62.330 -16.290 -459.562 0.859
99.598 74.228 -339.330 1.089
-22.503 94.036 -458.483 0.873
73.436 -18.404 -384.486 0.897
83.563 57.778 -458.818 0.936
-37.657 -99.963 -401.926 1.113
-87.518 -96.848 -304.735 1.002
94.050 -85.940 -351.987 0.861
-42.494 -40.982 -307.644 1.009
50.923 -9.985 -341.618 1.145
90.787 -61.050 -316.635 1.086
96.502 -3.931 -342.573 1.056
32.187 38.650 -371.227 0.977
-62.550 61.443 -347.750 0.917
59.675 -94.647 -382.516 1.022
-11.800 -56.327 -325.876 0.842
-85.809 44.430 -304.178 0.968
69.503 -8.274 -409.436 0.956
-9.518 -47.378 -345.767 0.866
-56.881 -4.756 -398.346 0.905
61.107 29.700 -355.479 1.020
-86.537 22.091 -448.256 1.098
5.066 42.268 -447.674 1.009
70.931 -94.294 -401.738 1.052
-95.288 -53.925 -359.487 0.864
-38.184 -54.831 -305.201 0.921
-48.001 -73.079 -431.294 0.921
-22.964 87.774 -475.669 1.066
-35.427 -85.639 -301.953 1.043
69.622 -6.024 -344.312 0.960
-78.839 63.971 -308.667 0.938
-51.082 37.367 -395.211 1.128
-20.707 33.891 -442.314 1.118
-36.570 -31.576 -325.930 0.881
-62.922 -47.283 -430.213 1.095
60.807 60.418 -421.204 0.977
-31.806 13.293 -312.017 1.066
-92.239 -60.375 -419.223 1.046
-26.924 56.305 -421.124 0.927
-80.019 39.715 -349.828 1.195
30.650 -25.118 -436.137 1.042
25.736 -5.010 -378.357 1.036
38.340 4.669 -328.224 0.952
-59.352 -91.448 -444.060 1.015
34.287 -58.900 -378.904 0.998
51.937 50.028 -357.296 1.021
-30.699 65.519 -406.744 1.006
-97.681 64.667 -426.487 0.945
2.896 71.856 -423.289 0.797
26.368 -35.057 -433.611 0.817
53.549 55.292 -380.813 1.051
-73.805 55.958 -322.791 1.041
21.860 -95.233 -432.891 0.937
-75.400 41.936 -322.137 1.112
-21.653 68.545 -456.719 0.946
-23.050 51.321 -395.524 0.852
-30.335 -67.457 -496.821 0.874
-95.870 64.865 -495.985 0.896
-14.397 -3.690 -437.530 0.794
-2.545 -43.949 -465.697 1.127
52.066 -2.280 -374.950 1.097
-61.233 72.261 -483.921 0.958
74.556 59.625 -342.900 0.940
16.896 22.221 -469.945 0.922
48.213 -94.486 -368.996 1.128
87.870 49.485 -389.772 0.992
-95.601 52.261 -426.703 0.939
8.741 27.716 -462.037 0.982
88.893 41.424 -343.629 1.003
71.002 33.229 -325.704 1.018
-40.243 -30.746 -460.816 0.804
74.122 -88.946 -453.268 1.035
15.746 26.802 -481.008 1.066
-68.554 19.812 -425.061 1.160
48.985 9.440 -429.567 1.005
12.046 -17.756 -447.130 0.997
83.110 -83.257 -373.692 1.052
30.303 99.914 -451.678 1.000
79.582 25.747 -450.437 1.012
45.868 -17.766 -412.004 0.914
22.125 77.872 -444.130 1.075
28.456 -8.086 -437.476 0.900
52.461 67.011 -304.937 1.074
49.338 58.631 -403.844 1.030
-87.462 2.665 -383.053 1.019
22.396 -37.399 -379.937 0.911
-17.659 21.751 -454.516 0.976
-48.595 35.412 -495.977 0.995
40.210 -99.755 -432.062 1.118
53.056 29.977 -349.061 1.006
83.834 5.120 -497.328 0.999
-39.804 14.692 -420.988 1.084
-22.175 68.362 -419.849 0.982
-65.237 76.380 -497.694 0.935
55.595 46.795 -492.323 1.054
10.264 -19.671 -448.827 1.069
-3.732 -30.167 -487.630 1.030
-53.238 65.269 -360.793 1.201
13.101 83.098 -472.906 1.019
-95.040 11.762 -423.544 0.846
-38.019 -39.028 -497.452 1.011
19.176 51.974 -396.776 0.986
46.797 55.094 -410.819 1.034
96.428 68.647 -402.854 1.169
64.255 38.654 -443.837 0.974
39.726 -8.692 -357.608 0.851
-51.988 99.544 -365.226 1.066
45.801 -84.483 -382.761 0.773
-19.270 -40.201 -406.711 0.998
-53.427 -99.417 -394.516 1.108
44.929 -13.316 -357.387 1.052
-73.537 80.978 -366.734 0.925
-37.542 22.887 -487.885 0.964
66.544 -39.949 -415.250 0.984
-41.715 -19.797 -324.262 0.931
-4.594 -15.005 -474.620 1.018
-57.380 48.421 -493.990 1.038
0.378 48.100 -334.194 0.969
-1.578 -11.573 -315.353 0.919
31.378 58.219 -387.692 1.025
12.160 91.359 -399.888 1.110
11.977 68.999 -396.831 1.040
39.639 28.443 -319.360 0.966
-60.702 32.335 -368.939 0.994
98.527 58.368 -383.340 0.952
96.605 -54.383 -413.860 0.873
-33.398 -43.813 -391.192 0.915
-44.386 -91.167 -471.294 0.830
80.627 75.069 -343.317 1.039
6.739 74.409 -357.729 0.962
-82.035 21.457 -441.163 1.058
-82.902 46.149 -484.749 0.925
93.057 -30.340 -398.741 0.892
-18.834 6.791 -328.099 1.000
-66.850 -31.623 -394.272 1.081
-52.714 -45.596 -405.486 0.895
12.863 99.601 -382.921 0.865
82.218 62.747 -454.239 0.904
-45.376 -20.728 -460.170 1.108
24.814 74.682 -463.695 1.063
-56.736 -92.284 -432.839 1.039
-83.508 12.554 -304.518 1.060
89.414 39.593 -481.063 1.234
-78.004 67.431 -483.964 1.145
-30.744 41.287 -479.275 1.101
26.462 -25.491 -334.691 0.857
-81.888 47.115 -419.545 0.845
-22.160 -34.358 -499.799 0.915
32.369 84.891 -319.983 1.029
-61.080 -25.882 -410.533 1.042
54.712 50.624 -309.656 1.021
-62.076 5.915 -488.502 1.037
84.206 -18.004 -468.004 1.181
-79.619 77.118 -352.028 0.902
-66.763 82.720 -403.533 0.864
-5.202 -78.586 -385.474 0.950
-59.241 -68.572 -491.687 1.001
35.451 -6.358 -324.276 1.054
-2.838 28.189 -383.679 0.943
72.298 -69.443 -457.781 1.105
-67.393 -48.057 -485.397 0.907
-93.925 40.021 -427.818 1.106
35.655 -65.726 -484.396 1.085
-70.455 -94.489 -447.067 0.814
50.174 28.307 -485.938 0.834
-7.998 29.777 -337.171 0.920
-22.366 29.386 -400.956 0.930
-55.219 63.802 -376.734 1.057
-38.188 -93.644 -474.529 1.129
-29.967 -83.587 -413.946 1.028
76.057 47.673 -402.930 1.034
70.146 59.164 -353.423 0.888
94.733 17.950 -306.839 1.092
41.455 -34.381 -430.593 0.973
-64.940 68.531 -413.231 0.873
2.924 -44.390 -316.257 1.017
-31.475 -70.975 -482.391 1.031
-76.458 49.347 -498.568 1.150
73.994 -35.683 -392.589 1.057
63.305 -94.768 -458.197 0.951
75.602 17.099 -346.476 1.056
-1.486 -80.572 -412.300 0.851
-13.386 80.825 -371.936 1.117
82.993 21.431 -483.916 0.768
7.610 -18.200 -477.009 0.798
-66.688 -21.082 -345.917 1.017
-84.419 -52.081 -389.370 0.928
-37.737 97.587 -311.787 0.885
-90.317 4.004 -343.986 0.889
-56.001 -65.795 -349.541 1.102
78.646 -97.669 -406.880 0.957
51.341 -1.068 -466.594 1.049
-68.411 83.644 -425.044 0.978
45.431 76.768 -382.899 0.895
30.457 -42.116 -451.843 1.075
-61.443 25.602 -476.213 1.113
14.200 -52.087 -477.647 0.896
84.087 16.068 -394.314 1.139
21.132 -80.973 -412.455 1.052
30.259 -73.241 -423.892 1.047
