5.550 -92.629 -375.759 0.970
72.880 18.821 -456.409 0.980
8.787 -40.499 -319.047 0.990
76.077 87.138 -330.340 1.099
-96.934 -98.922 -396.093 0.916
-97.750 -99.684 -499.800 0.989
96.478 43.837 -472.863 0.862
34.186 63.472 -316.896 1.008
-50.315 26.903 -483.648 1.074
53.950 -71.705 -334.711 1.131
86.830 -98.928 -383.524 0.756
-12.432 75.162 -308.952 0.966
41.317 -28.129 -355.287 1.040
-25.582 70.256 -341.547 0.925
32.640 10.080 -473.639 1.075
75.043 -15.045 -486.448 1.023
-93.868 57.499 -370.253 1.051
68.575 -51.767 -412.711 0.854
-17.496 49.302 -311.097 0.976
-5.400 2.353 -468.448 1.144
-45.797 -80.596 -476.873 1.178
97.336 12.937 -354.969 1.006
-72.208 -19.907 -351.753 1.013
-7.077 -99.116 -309.087 1.033
-57.898 98.688 -300.491 0.978
-24.770 -23.959 -413.741 0.944
-14.676 -51.979 -377.784 0.888
80.380 80.174 -439.929 1.031
13.097 -9.953 -324.971 0.949
-72.812 76.798 -370.808 1.153
47.681 59.809 -490.738 0.971
85.799 94.966 -301.830 0.917
-7.901 22.535 -498.163 0.863
-18.378 -47.230 -459.026 1.228
16.929 97.310 -442.465 1.142
64.727 27.359 -463.348 0.983
53.478 11.213 -445.802 0.861
-98.686 74.644 -404.315 0.887
-94.405 65.873 -486.543 0.985
-52.493 -22.914 -487.123 1.105
6.886 -5.093 -323.463 1.009
-69.841 44.719 -333.274 0.939
75.678 46.753 -325.589 1.072
-26.190 48.142 -452.137 0.995
-55.149 9.236 -320.271 1.126
-51.170 8.523 -488.853 0.949
-69.335 -26.872 -439.135 1.010
-69.516 84.643 -421.107 1.027
48.851 -88.574 -476.895 0.962
-34.181 10.978 -373.380 1.078
-46.368 -56.171 -444.216 0.881
-29.628 -65.240 -420.036 1.006
99.278 -43.840 -425.887 0.927
-43.020 -50.852 -476.917 1.187
7.487 -27.941 -420.644 1.101
-63.622 -58.782 -441.738 0.897
67.832 13.610 -388.208 0.965
34.935 83.111 -408.742 0.985
24.919 -6.986 -481.931 0.828
-23.164 38.103 -398.540 0.864
-24.615 -10.190 -308.552 0.937
35.193 -86.759 -498.487 1.014
10.669 12.826 -384.251 1.168
-95.578 66.154 -442.014 1.025
-87.183 45.949 -353.197 1.047
89.432 19.837 -396.028 0.970
76.355 -97.110 -414.434 0.898
56.987 -22.166 -450.541 0.876
42.741 -52.395 -444.696 0.984
41.623 -38.315 -459.905 1.195
-24.321 41.524 -340.051 0.926
-47.902 17.968 -419.700 0.924
-58.186 -3.192 -313.258 0.887
-38.541 -83.007 -373.805 0.988
1.908 21.902 -473.489 1.004
-88.558 -93.964 -370.464 0.939
79.282 7.835 -406.216 1.137
12.864 -7.778 -360.065 0.946
16.752 -19.282 -350.287 0.923
-82.479 0.942 -387.818 1.121
-82.838 -36.820 -309.597 1.172
89.944 78.717 -475.160 1.045
-3.564 96.950 -439.540 1.268
-87.765 -75.404 -318.118 0.973
-21.417 -22.728 -408.560 1.062
42.788 8.969 -478.881 0.874
-62.629 -85.478 -312.533 1.029
32.154 -11.464 -312.693 1.032
-11.129 -73.906 -490.665 0.919
-85.747 89.697 -339.955 0.892
-21.414 -74.541 -351.120 0.808
51.554 37.506 -320.845 1.089
-14.495 56.605 -470.995 0.911
-95.880 34.409 -316.518 0.832
99.712 39.758 -334.391 1.044
97.559 13.007 -380.066 1.015
34.078 79.436 -485.959 1.081
83.891 -20.860 -313.437 1.126
-56.712 95.149 -308.254 0.866
-26.283 96.701 -420.621 1.159
-6.952 -15.775 -402.011 0.758
-80.318 -58.655 -407.593 0.945
-23.992 -71.727 -451.825 0.981
-8.291 -30.860 -421.326 1.115
-70.158 -90.792 -427.667 1.185
91.819 23.297 -478.180 0.864
-5.333 27.937 -489.026 0.938
-50.880 31.560 -399.839 0.981
-60.113 20.723 -462.434 1.027
-25.317 54.124 -462.915 1.234
-5.820 45.510 -385.218 0.994
-15.813 97.216 -429.171 0.981
25.764 83.784 -318.212 1.010
-15.964 63.440 -320.469 1.135
-12.293 -11.647 -437.071 1.040
16.733 34.231 -318.386 0.886
-13.320 91.234 -494.910 1.059
-52.853 -12.014 -450.030 0.942
-56.403 68.572 -306.965 0.873
29.263 -46.640 -494.508 0.823
-33.471 -67.360 -349.399 0.952
30.042 -46.942 -377.796 0.981
-55.697 -2.368 -430.578 0.960
0.595 -17.052 -447.266 1.032
59.223 -81.647 -439.981 1.259
-32.496 -84.228 -484.096 1.031
-13.557 2.444 -458.920 1.065
-51.414 -89.342 -417.852 0.931
-3.818 -61.969 -363.297 1.198
66.359 50.741 -369.661 1.041
93.219 72.671 -315.808 1.060
-62.424 41.319 -390.652 0.872
-87.454 -38.636 -378.576 0.917
-68.518 -7.293 -458.523 0.828
-11.531 -36.813 -413.640 1.205
-41.966 77.525 -319.706 0.984
90.441 6.117 -357.362 1.028
70.506 -16.254 -384.962 1.117
79.057 -87.256 -361.666 1.073
-38.342 70.688 -462.125 0.781
-72.622 97.270 -429.066 0.976
-83.405 -84.889 -438.387 1.088
52.438 -6.638 -437.709 0.973
99.174 -73.401 -321.848 1.024
-84.302 65.452 -367.382 0.972
10.087 -10.941 -412.546 0.869
16.848 16.463 -489.603 0.950
-95.212 -48.171 -499.594 1.005
41.533 -85.212 -399.597 0.911
16.316 -11.935 -359.690 0.958
82.778 -14.655 -483.181 1.005
-37.523 -88.271 -339.903 1.023
-86.476 23.478 -395.020 0.794
-12.166 89.711 -365.039 0.992
56.479 48.486 -488.393 0.988
50.732 -54.012 -323.874 0.840
46.159 -32.531 -350.143 0.949
98.835 -17.674 -375.663 1.182
0.805 -84.796 -358.563 1.007
-89.609 -49.408 -316.110 0.917
13.584 -95.331 -460.082 1.019
39.898 81.841 -402.783 1.067
93.188 -67.959 -446.485 0.916
-71.618 35.482 -311.042 0.968
24.483 92.277 -471.204 1.031
56.061 -4.966 -309.911 0.963
-57.235 79.247 -316.147 0.950
-63.795 71.434 -389.398 0.786
-94.164 34.429 -304.592 1.070
8.217 47.345 -477.039 0.987
-13.240 -76.308 -408.738 0.958
91.633 21.539 -327.409 0.877
19.240 -61.781 -498.498 0.944
-49.833 11.542 -314.741 0.922
19.483 -26.187 -355.618 0.885
48.005 -84.561 -307.177 1.028
-84.743 42.996 -378.582 0.906
-8.242 -20.383 -392.278 0.855
-90.863 -36.227 -434.340 1.111
52.922 54.726 -305.161 0.991
-76.671 74.754 -468.851 1.018
76.282 -66.806 -354.899 1.098
32.904 -67.904 -495.729 1.048
-3.557 87.678 -357.223 0.990
-73.223 -28.322 -483.275 1.055
0.019 79.234 -398.160 1.126
84.861 -60.615 -488.649 0.892
57.005 27.174 -404.560 0.922
-35.294 -6.083 -409.542 1.181
74.122 43.131 -344.851 1.057
40.518 -4.249 -379.067 1.048
30.195 -67.872 -444.046 0.923
-24.071 -72.349 -328.003 0.878
85.267 44.666 -491.390 1.086
-68.891 96.917 -481.578 1.035
-55.522 -91.960 -377.490 1.044
-58.203 42.416 -470.479 0.910
69.025 92.489 -348.816 1.183
-31.672 -58.637 -321.759 0.951
39.567 52.994 -383.343 1.036
-94.104 -99.798 -451.979 1.068
43.007 -34.357 -419.305 1.074
-24.534 32.870 -454.348 1.026
-17.420 -31.335 -497.291 1.046
18.300 -43.363 -346.823 1.140
-44.519 28.309 -341.700 0.992
12.608 -99.746 -360.115 0.991
-7.394 83.224 -392.534 0.907
-19.204 78.594 -382.599 0.995
9.497 84.870 -462.997 0.861
-34.242 -33.158 -345.526 1.046
64.291 99.742 -453.288 1.141
8.243 72.445 -400.792 1.027
31.908 -73.046 -385.523 1.043
55.095 52.696 -320.374 0.943
78.766 10.144 -490.978 0.985
-87.196 -37.424 -455.091 1.213
62.528 -97.269 -472.978 1.160
7.307 -96.036 -334.620 0.990
34.540 -33.570 -416.153 0.929
-69.341 5.523 -441.133 1.038
20.133 30.412 -366.220 0.996
29.540 -42.298 -435.761 0.992
-10.107 82.423 -468.345 1.009
-96.676 66.869 -344.307 0.867
-42.705 -52.589 -440.760 1.044
65.973 -31.337 -398.594 1.045
18.125 78.919 -473.900 1.083
-25.362 -60.993 -353.819 1.081
65.948 -96.557 -422.120 1.302
79.816 -46.974 -482.268 0.850
-39.660 97.592 -301.691 1.069
23.476 12.784 -443.390 1.081
-75.221 -16.784 -393.455 1.129
-2.140 -98.959 -485.935 1.130
-82.030 88.257 -371.245 1.073
30.198 8.753 -436.118 0.882
-30.646 87.211 -395.613 0.974
73.156 -13.788 -308.070 1.054
53.127 27.803 -366.820 0.909
-22.276 4.221 -321.359 0.834
32.542 -81.985 -395.063 1.018
59.822 14.116 -446.108 1.051
-60.981 -14.293 -346.220 0.897
73.830 58.563 -336.894 0.997
-91.928 -33.033 -464.609 1.088
-63.316 53.642 -375.986 0.979
-68.990 -58.473 -499.949 0.856
-72.711 98.560 -391.973 0.988
45.812 96.853 -477.069 1.197
23.669 69.949 -481.037 1.063
2.201 38.487 -412.722 1.049
-36.937 32.393 -463.183 0.979
-84.270 -68.667 -419.678 1.070
52.195 -90.572 -496.326 0.802
54.731 -38.045 -462.902 0.956
-74.142 -92.990 -380.580 1.126
-5.185 -46.632 -483.021 0.925
13.793 70.716 -310.799 1.088
30.046 -71.880 -402.708 1.057
-88.225 67.714 -411.039 1.139
-14.447 20.579 -439.843 0.886
64.896 13.992 -384.141 0.977
60.560 -68.663 -310.909 1.072
66.353 48.323 -415.137 1.051
-13.035 83.800 -357.035 1.124
-1.861 -46.614 -347.713 0.929
-36.585 -66.325 -426.021 0.813
20.299 95.119 -407.555 1.183
33.530 -69.179 -461.429 0.840
-5.209 69.462 -366.507 0.945
-85.475 -16.504 -431.344 1.003
17.792 -53.431 -401.509 0.975
-11.368 -55.527 -312.081 1.005
85.841 92.776 -474.666 0.983
-95.420 -50.439 -463.876 0.980
-47.571 80.756 -413.033 1.082
-36.914 87.091 -320.005 0.940
12.370 7.424 -309.188 0.758
-87.361 -68.394 -307.337 1.134
-5.946 -53.017 -393.196 1.057
-52.078 9.115 -351.308 0.774
16.289 68.395 -370.357 1.044
-28.664 -15.163 -319.046 0.851
-86.170 -11.179 -479.646 1.047
-88.220 44.312 -427.566 1.042
64.904 89.366 -361.380 0.795
-26.576 51.111 -442.243 1.022
87.636 34.708 -327.312 0.913
-62.042 88.949 -475.377 1.034
-31.523 73.939 -369.141 1.034
-25.324 92.258 -426.036 0.906
-93.186 42.827 -346.678 0.997
-14.616 -65.919 -326.906 1.070
-16.315 -28.532 -452.147 1.158
-99.250 -85.168 -380.181 1.028
-37.190 -16.222 -376.819 0.875
67.319 -98.233 -336.783 1.151
-58.952 -5.986 -489.367 1.007
46.726 -46.961 -443.642 1.184
-20.200 20.336 -486.858 0.964
34.090 82.812 -365.338 0.972
37.099 35.828 -352.773 0.904
41.093 -35.351 -444.958 1.039
70.099 18.685 -453.470 1.132
-81.773 17.574 -327.243 1.089
7.922 -34.014 -388.421 1.045
99.720 -12.628 -402.303 0.832
-20.175 67.987 -484.104 0.825
-42.015 33.607 -336.622 0.965
75.815 32.245 -334.002 1.130
-63.620 -64.889 -491.321 0.803
53.907 -79.219 -407.480 0.956
-35.375 83.585 -385.817 1.032
85.717 -2.726 -437.491 0.971
6.464 97.412 -367.051 0.990
-26.708 -18.870 -489.230 0.989
-82.748 78.462 -333.338 0.935
83.186 1.509 -336.945 1.081
-50.235 -27.785 -317.608 0.807
11.279 61.277 -478.162 1.127
-77.707 -42.607 -403.263 0.899
53.563 -83.337 -365.513 1.181
77.062 10.634 -483.896 0.939
57.890 -79.604 -366.923 1.056
-87.755 41.611 -396.269 0.996
10.637 48.627 -421.786 0.961
1.110 -88.098 -304.337 0.746
-43.902 93.609 -418.295 0.963
46.065 -6.487 -419.395 1.064
83.022 -35.487 -484.585 1.066
-94.537 16.035 -355.218 1.017
49.719 -77.587 -355.846 0.976
1.664 3.667 -454.626 1.034
-25.829 -93.571 -328.837 1.027
52.944 1.002 -302.244 1.153
59.014 -43.878 -317.558 0.902
-46.671 67.799 -381.020 0.812
-54.311 -90.628 -419.211 0.973
16.905 -99.210 -364.544 0.944
65.237 58.374 -373.712 0.880
-49.558 -80.869 -387.099 1.124
-97.954 2.321 -390.793 1.045
-15.255 25.225 -493.543 1.096
-89.846 -59.189 -327.937 1.089
0.347 18.257 -475.829 1.182
13.552 80.991 -324.325 0.865
-38.133 -35.883 -453.718 1.154
52.564 -35.502 -463.913 1.105
53.382 73.677 -470.733 1.191
-36.376 -25.941 -492.324 1.047
0.762 -92.807 -309.700 1.199
-21.971 -12.162 -444.955 1.092
-57.514 2.167 -307.430 0.902
24.543 50.434 -488.847 1.067
52.113 9.892 -342.962 1.009
78.159 33.566 -387.186 1.085
91.128 93.656 -387.636 0.825
37.050 -38.640 -461.261 0.991
-60.895 58.532 -360.285 1.112
52.931 22.631 -481.528 1.027
-42.021 -74.410 -313.025 0.947
21.498 6.140 -324.819 1.053
79.156 -39.718 -496.128 1.043
-41.087 -39.456 -343.139 0.987
-66.560 92.257 -378.646 0.928
-72.731 99.372 -485.771 1.062
-30.613 67.719 -316.263 1.103
-71.524 -50.558 -340.613 0.973
46.811 -21.562 -317.863 1.007
-15.366 -14.262 -491.745 0.950
-67.090 66.057 -471.700 0.985
-86.582 -57.251 -444.152 1.177
43.282 86.946 -450.553 0.988
2.650 2.141 -464.664 0.990
77.929 45.882 -407.454 1.033
-51.967 -56.034 -390.192 1.065
-35.374 25.585 -488.573 0.894
64.554 -10.927 -337.952 0.978
78.803 21.681 -438.094 0.962
-26.992 -87.839 -383.967 0.849
83.041 63.533 -349.331 1.064
-48.849 38.600 -430.640 0.961
81.826 55.900 -378.528 1.015
-47.051 51.779 -370.675 0.972
-24.057 -74.265 -399.848 1.020
-37.671 77.546 -342.825 1.027
79.539 -73.588 -411.510 0.914
74.885 -94.278 -352.860 0.993
21.092 63.376 -383.476 0.968
39.714 98.946 -332.093 1.161
-29.344 -68.026 -421.901 0.849
39.594 2.576 -317.775 0.935
-50.099 71.157 -390.371 0.913
-32.487 -31.411 -426.500 1.116
40.652 27.270 -436.824 1.149
89.306 32.937 -324.783 1.176
-53.594 65.998 -378.800 0.983
33.333 -54.777 -368.785 1.003
26.395 34.077 -344.937 0.889
-77.470 -60.983 -321.679 0.955
20.654 -16.429 -307.751 1.057
53.879 -95.970 -492.066 1.111
-30.649 40.679 -384.820 1.011
51.175 -22.656 -321.660 0.835
-68.469 62.557 -492.645 0.904
8.498 -89.888 -480.175 0.861
-99.314 -41.661 -498.082 0.970
-10.545 34.530 -424.113 1.113
-47.865 -7.940 -342.625 0.907
81.938 -10.741 -317.261 0.962
-15.235 41.402 -424.277 0.921
86.864 54.997 -444.321 0.984
17.734 -11.578 -361.357 1.202
63.395 60.400 -387.700 1.006
41.087 79.466 -348.678 1.037
-8.962 -69.465 -427.066 1.040
9.613 18.984 -308.903 1.140
-20.990 -57.346 -306.640 1.038
19.453 -6.198 -366.413 0.991
-68.433 -93.304 -325.620 1.134
52.614 83.573 -457.192 1.183
-75.333 -50.732 -452.332 1.172
84.815 -10.140 -417.560 1.040
-4.542 86.695 -422.094 0.963
-47.907 28.012 -445.636 1.068
-19.643 -2.374 -428.009 1.153
1.906 -18.762 -437.893 0.941
-49.127 47.053 -459.623 0.940
66.795 58.805 -497.285 0.974
-0.562 -53.684 -407.751 0.971
-86.453 -47.356 -344.808 0.998
-1.030 -83.573 -364.146 0.935
40.439 -27.519 -443.536 0.971
48.885 39.829 -478.540 0.811
9.799 35.568 -364.434 1.008
-15.916 43.411 -415.758 1.101
-2.478 28.612 -485.788 1.027
-39.926 53.165 -403.501 1.087
-53.581 -73.002 -488.054 1.060
36.766 -77.182 -396.020 1.128
85.561 -2.272 -340.169 0.829
-43.475 -44.548 -438.058 1.048
-2.229 -14.176 -388.176 0.997
2.979 18.017 -478.022 1.026
65.717 87.047 -325.367 1.097
61.341 -20.877 -411.706 1.038
15.428 -68.044 -494.267 0.975
-31.551 -35.078 -417.876 1.052
4.435 3.933 -329.585 1.242
3.382 91.358 -327.504 1.039
63.301 48.704 -412.281 1.076
77.648 96.383 -369.199 1.101
95.351 28.323 -449.728 1.026
-77.639 -8.076 -463.552 1.008
-27.886 95.451 -491.265 1.067
73.862 32.510 -394.563 0.986
35.175 65.126 -313.506 1.171
54.088 -24.568 -354.336 0.854
-73.629 76.572 -433.003 1.283
-96.161 99.868 -410.787 0.894
42.920 81.871 -333.634 1.159
-9.158 51.645 -339.560 1.250
1.534 -95.378 -485.126 0.770
-54.228 2.731 -345.993 1.010
27.852 -51.889 -355.257 1.064
-30.752 90.920 -371.465 1.003
-23.533 -69.561 -443.594 1.033
75.660 -14.446 -313.067 1.006
-23.366 -28.532 -479.802 1.070
-60.867 -68.078 -331.710 0.974
91.962 -96.238 -355.643 0.941
-17.416 -16.588 -440.650 1.056
-56.766 -88.009 -454.457 0.977
-57.335 -68.176 -462.743 1.210
-32.247 -32.129 -416.998 1.175
78.314 -89.981 -401.369 1.012
32.243 92.729 -303.036 1.057
74.618 -88.861 -371.557 0.975
46.513 -11.548 -418.555 0.897
25.320 -72.668 -447.811 0.992
-47.740 31.121 -324.429 0.984
29.430 61.271 -470.026 0.939
-30.492 82.463 -459.417 0.958
14.496 75.681 -373.714 1.060
-22.193 -57.705 -314.957 1.100
97.136 40.377 -301.544 0.967
-69.095 96.933 -401.704 1.063
-60.105 -63.216 -474.120 0.944
-24.190 92.145 -322.990 0.946
-48.914 86.570 -373.292 0.995
-22.006 -27.735 -382.213 0.972
-0.869 -41.549 -446.078 1.053
41.588 66.600 -311.472 1.158
53.890 -5.570 -446.259 1.045
43.474 -25.087 -354.968 1.016
28.867 10.303 -311.145 1.148
-8.991 89.516 -492.188 0.855
11.066 -93.510 -408.521 1.094
11.580 90.949 -486.647 0.945
-20.990 -63.488 -461.888 0.849
-94.047 -40.207 -344.364 0.875
-18.326 -85.915 -377.657 1.002
-64.045 95.050 -470.632 1.004
15.474 -8.736 -364.076 1.228
-7.888 52.912 -320.290 1.023
-70.734 46.980 -357.088 0.884
-78.332 92.943 -349.886 0.751
-76.260 -67.818 -344.994 0.910
-44.842 68.295 -346.870 0.884
5.509 74.827 -369.411 0.873
-75.314 -62.246 -493.337 0.913
-60.340 66.119 -499.042 0.899
27.627 2.949 -345.521 1.069
50.264 -79.453 -331.620 1.040
24.993 93.440 -380.470 1.096
-44.967 18.784 -355.532 0.883
-16.221 -17.716 -380.257 1.230
-55.053 58.075 -332.233 0.974
3.411 53.308 -390.284 0.916
6.099 74.312 -355.436 0.978
58.341 23.860 -374.656 0.928
-81.903 20.457 -330.802 1.052
55.845 62.438 -493.810 1.020
85.544 47.677 -446.336 1.043
34.712 50.744 -349.416 1.010
-88.598 -60.397 -467.996 0.897
-37.596 -93.455 -429.997 1.006
85.636 -76.983 -377.184 1.178
-3.260 -10.714 -343.381 0.938
78.275 -74.474 -399.972 0.947
-0.074 83.536 -462.758 1.042
90.548 -79.293 -498.697 0.884
-76.096 58.977 -468.651 1.015
34.328 -27.870 -355.922 1.037
-26.476 -87.703 -480.053 0.963
-99.191 58.899 -488.577 0.833
-5.781 95.208 -406.069 0.890
-67.912 -0.144 -497.354 0.894
21.259 -37.966 -483.573 0.890
67.801 37.395 -433.018 1.078
-71.402 24.277 -400.585 0.902
2.517 -79.341 -394.473 1.081
-16.013 -82.529 -408.215 1.058
-78.525 66.508 -388.951 0.909
32.765 -20.605 -405.246 1.102
-15.540 -9.795 -402.142 0.875
50.336 42.866 -442.150 1.001
-3.846 78.305 -311.375 0.899
-80.698 63.798 -452.857 1.115
23.662 50.652 -423.726 0.901
62.726 83.393 -418.166 1.076
-80.594 79.965 -395.560 0.977
13.783 -91.948 -353.639 0.919
-98.272 31.567 -414.073 0.886
-4.939 -6.427 -437.241 1.110
87.201 58.660 -355.423 0.900
94.879 97.660 -360.274 1.099
88.927 -86.152 -463.841 0.903
-2.396 9.534 -414.002 0.945
90.491 -60.754 -344.810 0.949
8.717 -78.639 -468.719 0.931
96.285 -90.933 -354.286 0.904
20.453 3.256 -351.257 0.945
21.202 30.784 -361.741 1.152
-78.861 62.772 -367.159 1.080
-22.246 -47.449 -465.807 1.105
-70.596 34.075 -423.877 0.939
96.986 27.006 -375.468 1.070
15.951 -69.428 -428.073 0.993
-52.072 -11.464 -405.040 1.031
-54.212 -14.440 -313.551 0.852
-57.420 39.707 -326.309 0.813
-62.370 68.783 -468.808 1.136
88.044 -89.364 -446.461 0.922
72.036 70.259 -421.562 1.181
-59.502 55.794 -317.832 1.149
-65.301 13.265 -374.499 1.112
-36.454 17.546 -317.632 1.105
-33.865 80.255 -375.085 0.974
-35.575 62.282 -475.055 0.929
68.734 50.606 -429.229 0.762
23.450 -37.650 -496.981 1.010
48.471 -26.148 -338.603 0.997
26.189 81.740 -463.056 1.048
-78.791 -25.481 -352.771 0.978
18.152 8.685 -478.947 0.717
37.825 22.133 -433.424 1.161
-67.750 -87.834 -437.039 0.975
-0.223 72.440 -481.504 1.047
-96.819 98.101 -405.703 0.963
-68.601 -52.350 -453.930 1.113
72.337 -27.984 -381.993 1.057
-27.595 -67.664 -403.994 0.971
22.721 82.782 -349.537 1.133
-25.951 -73.407 -372.008 1.060
-1.762 -36.926 -425.933 0.972
-13.624 98.333 -424.875 1.070
-56.356 56.132 -447.808 1.046
90.328 45.853 -425.420 0.880
33.674 69.949 -389.506 1.010
70.130 47.406 -423.463 0.974
95.550 -2.184 -496.660 1.016
-59.994 -90.346 -361.016 1.091
85.946 -67.013 -467.630 0.897
-46.007 0.679 -465.856 1.019
46.671 -7.948 -494.563 1.043
67.442 -77.516 -416.823 0.776
-5.429 -78.476 -418.445 1.144
-6.402 18.513 -376.318 1.041
29.669 -42.286 -342.797 1.035
-39.198 59.397 -306.790 0.986
-65.642 -97.824 -472.214 0.998
-9.247 29.565 -419.124 1.068
63.372 -48.828 -369.830 0.999
-71.402 55.302 -460.161 1.016
41.948 19.459 -350.503 1.216
-73.067 21.596 -487.262 1.187
94.124 -46.890 -486.583 0.897
46.397 -35.155 -355.816 0.932
24.919 65.388 -438.180 0.961
-41.212 -46.146 -362.693 0.995
-74.277 84.951 -428.255 0.971
56.099 -56.268 -450.701 1.001
53.218 44.343 -493.696 1.046
86.450 -44.563 -352.665 0.890
61.647 25.448 -439.440 0.858
27.193 -85.783 -389.870 0.983
-75.571 -39.477 -364.224 1.088
-73.297 10.954 -471.288 0.965
-99.979 25.742 -364.546 1.056
45.907 -42.202 -399.174 1.003
-1.881 17.688 -465.611 1.108
-94.921 -24.979 -310.760 1.099
-14.707 -71.936 -330.203 1.047
-44.947 -3.458 -374.532 0.880
-65.580 -84.618 -408.862 1.145
24.079 66.731 -309.639 0.991
-15.512 -34.359 -325.315 1.075
13.151 76.897 -337.941 1.001
-93.875 -19.552 -466.256 1.214
-20.914 -64.849 -384.609 0.838
53.462 -97.003 -459.235 0.917
-54.147 -61.459 -421.937 1.011
-44.986 86.946 -442.814 1.040
-65.420 -3.361 -437.793 0.844
-73.023 -17.911 -365.979 1.086
83.783 -11.632 -379.666 1.022
-57.123 19.538 -379.950 1.063
89.710 84.711 -307.365 0.821
-5.552 39.122 -337.582 1.108
67.672 -13.859 -366.038 0.941
-86.636 -39.295 -322.230 1.168
-33.463 -51.284 -476.138 0.984
1.882 -47.337 -451.445 0.849
-68.089 -35.351 -356.792 0.869
-40.635 -70.543 -458.689 1.103
50.667 -15.955 -492.440 1.220
-53.867 -59.422 -350.743 1.059
72.586 -18.016 -477.144 1.095
67.904 36.473 -382.702 0.892
72.326 -24.364 -329.611 0.912
67.802 67.616 -317.442 1.152
-25.761 33.750 -466.879 0.969
-15.812 98.327 -371.988 1.160
-27.282 -56.587 -329.784 1.035
-68.960 99.807 -376.398 1.112
-15.839 88.613 -367.134 1.023
31.299 50.230 -423.627 1.001
51.350 26.249 -322.568 0.949
76.200 54.779 -470.199 1.141
68.504 53.544 -427.116 1.002
56.019 -35.592 -394.685 0.944
63.562 53.765 -379.818 1.048
57.058 -77.957 -428.812 0.912
-6.633 15.716 -400.499 0.981
27.581 -93.552 -406.873 1.236
-60.743 -2.884 -300.420 1.018
42.049 17.752 -367.682 1.050
-59.850 -77.581 -413.396 1.109
42.220 -98.864 -436.086 0.856
-75.920 65.108 -460.552 0.948
-98.014 62.066 -326.171 1.087
-82.201 -41.098 -396.932 1.124
-61.887 -43.610 -393.292 0.815
-37.681 -90.732 -443.363 0.937
95.897 -31.336 -372.024 1.018
-1.084 74.656 -425.686 0.788
55.866 -94.265 -330.265 1.064
50.284 80.534 -374.905 0.783
-2.027 50.182 -468.965 1.053
-27.891 44.018 -473.614 1.014
54.394 -18.477 -441.317 0.893
16.412 89.522 -482.994 0.820
-15.922 42.262 -363.433 0.921
-85.742 -37.991 -354.015 0.990
95.063 53.047 -400.356 1.039
-86.365 -39.085 -446.627 1.002
-95.610 37.424 -416.034 0.919
76.623 59.683 -340.191 1.048
-33.409 -99.535 -492.724 0.994
17.259 38.931 -474.461 1.250
32.034 -46.674 -430.213 0.946
-55.159 68.683 -440.326 1.044
98.916 47.546 -340.639 0.963
30.685 -39.889 -323.413 0.932
-92.751 81.978 -362.017 1.004
85.008 -48.107 -321.705 1.067
-55.325 -96.115 -301.167 0.850
-91.584 12.438 -474.464 0.971
48.972 42.725 -302.935 1.053
-13.759 -59.835 -415.859 0.957
-4.069 -43.316 -394.022 1.113
47.803 32.162 -396.240 0.993
-59.835 85.887 -357.834 0.757
-55.777 96.083 -468.425 1.024
13.184 -23.884 -345.878 1.135
48.189 -36.496 -322.229 1.118
-14.564 -39.106 -461.386 1.018
-8.845 -57.542 -378.069 1.010
3.051 -54.234 -384.439 1.050
11.318 -77.435 -307.327 0.962
-21.866 -73.215 -467.977 0.971
-86.182 49.757 -352.151 1.062
12.981 58.783 -401.542 0.990
15.771 -65.461 -402.389 0.829
-18.454 25.233 -317.218 1.024
-81.659 36.296 -388.706 0.817
-63.282 -24.451 -413.923 0.971
-61.965 -29.468 -323.034 1.141
-82.491 -28.030 -497.867 0.781
-2.996 61.136 -396.620 1.023
49.373 -61.953 -323.567 1.143
84.360 -22.748 -436.578 1.141
-19.547 -54.820 -362.065 0.972
-51.974 -10.775 -441.195 0.970
18.386 -27.066 -349.744 1.001
-29.193 -57.312 -430.586 0.994
-38.681 -59.462 -354.532 0.935
9.905 87.563 -409.226 1.242
-98.040 -47.179 -340.855 1.049
-98.629 15.690 -323.733 1.108
-77.508 -69.073 -378.539 0.878
-27.339 -95.494 -468.872 0.966
94.261 -96.154 -343.514 1.063
73.136 -11.373 -480.640 0.869
-46.008 30.104 -377.814 1.107
-75.412 61.770 -481.358 1.101
60.458 -30.950 -307.651 1.259
-29.278 -53.201 -347.289 0.877
-37.545 -93.330 -433.517 0.931
4.447 -39.849 -403.236 0.897
64.507 94.337 -438.315 1.074
-49.027 71.896 -405.636 0.953
40.262 47.722 -334.660 0.990
-11.966 22.927 -300.436 0.897
-85.081 94.460 -437.694 0.786
34.428 -36.974 -345.254 1.167
84.315 -66.018 -319.817 1.043
67.162 -28.318 -484.509 0.946
-22.630 -89.031 -429.550 0.959
37.760 -4.435 -468.844 1.076
9.729 78.909 -401.218 0.927
-49.040 -94.490 -324.600 0.906
48.881 79.884 -408.556 1.107
3.759 50.268 -427.878 1.069
23.049 77.561 -384.904 1.065
56.924 -72.631 -432.715 1.167
-45.942 23.386 -300.606 1.177
83.322 -11.686 -390.900 0.820
-91.084 -49.136 -416.600 0.966
-58.619 -76.954 -395.826 1.222
-87.262 94.262 -311.106 1.045
-14.712 42.990 -382.253 1.215
26.370 -95.741 -370.445 1.048
-60.543 0.246 -481.579 0.887
4.849 84.868 -354.394 1.066
51.841 39.196 -410.989 0.935
-41.896 -78.493 -319.948 0.846
-36.370 -45.429 -441.558 0.893
45.131 -74.991 -412.174 0.981
-23.872 -69.351 -442.767 1.003
87.691 -54.241 -395.669 1.075
-26.785 24.495 -458.000 0.881
-80.755 12.192 -418.571 1.037
8.578 54.904 -362.872 1.038
-3.347 82.366 -386.269 0.790
47.978 75.403 -303.474 1.097
-17.862 -40.387 -333.965 0.835
-47.004 92.742 -427.878 1.021
13.000 6.301 -406.769 1.142
31.756 43.318 -319.192 0.813
-18.647 80.386 -460.873 1.039
68.878 -1.902 -341.053 0.875
2.493 -95.658 -453.627 1.103
-10.682 78.249 -487.222 1.038
-96.378 -19.124 -404.286 0.824
44.321 37.970 -344.702 0.927
-60.193 94.577 -405.399 1.012
49.409 -71.575 -387.927 0.958
-34.774 -21.748 -371.080 0.983
2.231 -23.725 -307.290 0.827
55.810 84.713 -387.871 0.918
-20.535 -33.749 -469.215 1.054
-57.288 57.028 -476.718 1.106
-78.064 -37.480 -336.625 1.092
83.794 15.566 -338.230 1.002
41.940 55.985 -488.180 0.887
71.485 -15.694 -309.948 0.941
32.682 90.640 -456.941 1.030
6.665 79.202 -466.760 1.037
-99.487 -1.019 -305.506 0.868
-28.481 84.148 -499.209 0.814
67.588 58.810 -444.878 1.079
96.779 -81.844 -476.461 0.769
-14.597 56.865 -418.256 1.030
4.835 -3.597 -325.503 1.131
19.307 95.134 -384.427 1.269
34.495 62.895 -346.771 1.060
-63.934 -86.599 -396.796 0.993
25.051 -68.210 -482.160 1.060
77.077 -95.221 -413.512 0.986
-93.503 49.023 -481.778 1.023
69.802 21.989 -385.799 0.969
51.093 -62.514 -445.807 1.072
75.430 73.019 -428.673 0.961
5.571 -89.880 -308.384 1.049
-47.650 -48.354 -314.830 0.941
37.747 14.477 -470.811 0.874
88.663 -27.471 -437.245 1.184
-37.480 -24.950 -363.613 0.910
74.215 29.662 -483.315 0.880
25.674 -15.379 -313.351 1.050
-40.068 -59.125 -443.524 0.909
50.374 45.658 -444.360 1.034
-0.657 57.436 -360.914 0.897
49.249 0.418 -344.898 0.990
27.916 -25.491 -412.327 1.029
-29.174 44.645 -453.425 0.952
-91.934 -27.252 -305.024 1.026
19.974 13.573 -311.450 1.165
13.861 -73.972 -385.353 0.876
-95.596 34.942 -441.527 1.023
-13.022 56.243 -318.404 1.001
-65.027 -44.307 -408.512 0.939
-63.864 -37.437 -375.014 0.915
40.431 -17.170 -443.102 0.734
58.047 38.058 -315.801 1.053
-19.698 47.963 -469.364 1.079
21.656 93.192 -367.522 1.049
-86.985 -58.183 -458.432 1.005
-40.679 29.788 -473.377 1.199
75.165 -10.482 -417.262 1.091
24.292 -37.565 -378.077 1.059
-79.725 32.965 -387.689 1.012
-19.179 -93.074 -456.257 1.010
-10.052 -66.845 -464.663 0.778
-9.473 50.151 -369.640 1.100
-21.485 51.067 -457.532 1.104
9.021 -69.688 -303.298 0.986
76.799 -13.038 -366.461 1.020
-73.280 -66.568 -496.202 0.865
84.119 -37.149 -331.301 1.085
75.527 14.445 -344.456 0.955
-41.488 -12.359 -365.180 0.919
-34.325 -60.624 -481.640 0.890
-64.065 29.186 -341.274 0.938
-70.517 -87.029 -340.243 1.125
-43.324 89.767 -374.408 1.051
75.195 38.072 -395.379 1.064
58.147 -57.197 -439.173 0.923
-75.448 -93.189 -480.970 1.056
-38.886 20.243 -314.515 0.973
-45.195 -29.212 -469.535 1.047
9.061 13.033 -445.377 0.979
-27.374 32.810 -499.276 1.190
-29.686 -51.988 -316.409 0.809
-58.324 -83.638 -300.957 1.050
-0.087 90.786 -425.565 0.972
1.373 -28.850 -422.514 1.014
63.047 -7.289 -482.953 0.914
77.164 68.577 -475.212 1.072
13.841 -68.633 -447.599 0.970
-56.078 82.652 -304.001 0.898
23.315 63.029 -353.888 1.085
-0.558 16.846 -344.474 1.073
-99.358 79.163 -373.325 1.036
-23.410 -68.658 -363.560 0.917
-46.011 11.021 -436.171 0.881
-85.562 48.206 -453.580 1.020
10.881 85.191 -488.338 1.058
29.381 46.424 -493.923 0.986
-37.592 -62.921 -460.230 0.948
0.198 22.798 -310.592 1.032
96.472 56.590 -316.330 0.873
80.692 -89.916 -330.273 1.013
-99.399 43.466 -336.475 0.996
-88.178 14.389 -415.089 1.070
-66.031 -27.810 -426.117 0.969
-86.334 12.805 -365.233 1.146
-15.700 43.664 -397.394 0.917
-9.006 -55.092 -473.464 0.881
-10.730 31.638 -346.039 1.050
-11.045 -10.740 -392.085 1.031
-42.114 -8.909 -336.832 1.017
53.708 -30.076 -386.756 1.093
-95.598 -25.835 -471.902 1.158
-49.766 47.320 -335.304 0.967
-20.473 -92.211 -341.076 0.829
-88.590 84.509 -410.444 1.039
-51.780 -63.964 -326.005 0.832
54.056 53.340 -377.738 0.926
12.073 21.582 -444.225 1.026
-99.085 79.735 -394.340 0.938
-8.075 -51.892 -369.911 1.127
74.087 20.989 -430.159 0.926
80.675 -79.018 -322.856 1.052
51.861 -58.050 -400.632 0.904
-73.952 91.739 -336.121 0.863
-80.830 71.396 -340.452 1.115
-96.741 -97.463 -390.673 1.008
11.037 -49.857 -435.889 0.888
-85.299 -87.935 -406.086 1.048
73.525 -9.428 -388.642 1.137
-91.451 -72.488 -323.431 0.964
-58.956 -14.399 -325.870 0.900
-14.569 31.274 -412.409 0.919
42.456 28.018 -444.057 1.022
-85.008 -78.000 -388.040 0.933
-16.303 9.832 -314.763 0.913
-60.636 77.810 -326.708 1.194
-13.661 23.232 -435.997 0.907
-10.740 -17.835 -367.384 0.883
-3.540 -2.836 -457.858 0.986
21.537 -93.980 -400.555 0.988
92.473 78.314 -352.765 1.045
-89.824 25.223 -475.695 0.969
-85.511 -33.699 -476.211 0.876
-75.658 92.149 -305.825 1.059
7.463 1.276 -474.087 1.238
-52.334 54.502 -407.189 1.020
-45.448 -86.925 -329.582 0.889
-72.876 25.003 -389.560 0.985
64.193 58.859 -338.507 1.000
-46.003 7.119 -389.522 0.992
79.311 78.341 -304.785 1.067
33.324 43.607 -493.408 0.934
42.786 63.227 -390.674 1.085
-82.378 -71.967 -386.140 1.125
16.406 -93.781 -401.124 0.987
92.705 -65.858 -457.246 0.996
26.152 -38.863 -373.306 1.010
-11.633 17.240 -341.946 1.142
39.677 62.599 -305.092 0.904
-99.415 22.728 -402.494 0.958
-74.167 -29.455 -396.145 0.934
26.780 -28.793 -394.848 0.902
19.125 21.082 -433.225 1.258
69.477 98.079 -406.404 0.885
-77.091 6.114 -381.592 1.095
-51.785 -96.360 -441.041 0.969
77.484 -63.685 -413.142 0.965
-47.539 -62.561 -406.323 1.014
-70.557 -17.401 -378.547 0.996
-34.511 26.116 -361.684 0.800
-42.798 46.844 -472.151 0.920
95.474 81.534 -413.963 0.950
-50.523 -57.195 -371.179 1.034
72.419 91.199 -398.752 0.863
-89.215 56.921 -433.405 0.944
96.895 5.601 -397.623 1.007
-98.448 -95.285 -365.184 1.093
-7.290 51.153 -457.501 1.056
38.540 8.202 -448.744 0.925
21.554 74.671 -497.934 0.805
-60.336 46.077 -357.449 0.875
44.622 -0.451 -380.087 0.900
60.731 -93.311 -498.161 0.997
-49.921 -10.124 -339.871 1.082
50.704 -24.601 -474.762 0.834
-23.817 -22.999 -400.269 0.979
-14.116 -94.972 -355.351 1.120
-51.729 25.724 -380.070 0.845
-38.234 30.324 -465.095 0.937
-59.160 -33.237 -309.739 1.032
-84.691 52.776 -388.763 1.018
-64.782 93.413 -455.150 1.112
10.715 19.162 -307.761 1.284
99.980 -25.060 -476.400 1.065
27.824 -43.732 -458.953 0.869
46.125 44.386 -427.429 0.923
-17.643 -70.454 -357.791 1.105
-9.902 87.462 -320.216 1.154
65.554 19.346 -440.492 0.887
-31.016 -25.394 -472.311 1.214
-98.049 -11.405 -314.977 1.058
-34.235 26.640 -484.920 1.029
-7.459 -5.163 -420.978 1.181
-48.797 -50.373 -449.681 1.130
-84.520 -24.092 -453.159 0.993
