-23.959 -3.689 -404.955 1.043
94.170 32.533 -486.518 1.126
-98.235 -11.975 -454.452 0.934
-32.694 57.407 -346.378 0.981
-31.215 -92.413 -444.097 1.067
38.388 91.616 -470.476 1.135
78.412 69.183 -483.927 0.876
-81.828 -55.768 -467.066 1.165
64.599 4.421 -466.402 1.080
-19.500 92.720 -310.660 1.188
-46.909 57.068 -471.707 0.937
72.913 -57.561 -320.968 1.028
-4.064 88.199 -316.985 0.875
-29.628 -66.626 -380.923 0.879
3.603 -37.254 -476.241 0.930
-13.880 -75.926 -358.164 1.170
7.951 -60.927 -432.844 0.874
75.374 -40.624 -432.902 1.036
-98.314 -48.203 -488.722 0.967
-4.763 0.618 -381.571 1.254
37.698 99.973 -339.712 1.103
75.191 -21.202 -383.823 0.918
54.221 -21.242 -433.231 1.092
-25.904 77.948 -335.357 0.935
-30.120 48.518 -329.879 0.915
-19.059 -3.532 -468.052 0.904
-2.323 50.026 -377.131 1.174
-23.281 53.398 -347.225 0.929
23.873 -88.520 -355.193 1.021
-87.507 -58.241 -361.288 1.033
38.641 28.425 -409.687 1.086
37.431 36.415 -337.347 0.919
-44.241 -11.538 -459.416 0.857
-26.487 -57.133 -359.073 1.063
-27.242 81.981 -324.831 0.877
11.090 67.388 -391.133 1.018
-60.035 47.003 -443.310 0.934
-15.154 61.451 -349.720 1.181
-48.673 -73.707 -467.174 0.968
-55.459 94.795 -408.979 0.994
-7.865 53.394 -495.399 1.014
-28.275 -21.821 -453.919 1.090
-25.700 -57.034 -489.145 1.100
50.227 14.424 -314.008 0.930
75.738 -82.137 -314.253 0.825
-68.972 -27.874 -398.648 1.031
-1.472 -9.043 -323.876 1.069
33.377 63.582 -326.416 1.067
18.036 -9.594 -377.081 0.951
64.312 -18.652 -433.401 1.210
81.430 -89.559 -314.370 1.149
-42.735 34.319 -464.817 0.916
78.794 97.591 -310.983 1.071
-69.889 -25.463 -315.615 0.909
79.484 33.477 -442.220 1.074
66.607 87.384 -392.411 1.161
-68.636 -8.683 -382.177 1.056
55.060 -60.434 -373.165 0.897
-51.776 -37.512 -301.560 0.942
93.595 75.372 -315.192 0.825
-72.530 -53.400 -385.492 0.953
-57.930 98.427 -476.173 0.839
-1.167 73.669 -349.918 0.986
-20.365 -76.473 -413.812 0.951
-48.487 54.955 -383.108 0.911
13.048 44.155 -420.181 1.049
32.294 -95.287 -404.794 0.914
-60.898 -79.520 -401.658 0.922
-13.038 -42.750 -323.810 0.995
34.088 9.861 -495.900 1.046
-27.369 72.626 -376.684 1.022
53.063 -84.868 -469.477 1.155
-10.025 -54.424 -429.736 1.000
49.392 20.724 -496.126 0.999
-25.204 -61.396 -385.351 1.008
87.333 67.436 -416.467 1.192
26.949 -75.642 -313.366 0.885
-86.228 48.711 -309.621 1.018
62.463 66.889 -336.721 0.982
-6.178 -95.629 -444.340 1.082
-90.116 50.937 -307.958 0.994
-15.113 21.952 -336.034 0.963
4.346 -91.846 -303.614 1.006
-5.924 -43.107 -327.281 1.045
-97.862 -35.652 -355.412 1.036
-53.142 6.881 -424.597 0.874
34.811 96.735 -392.045 0.948
73.591 -71.293 -412.237 0.958
-93.575 44.181 -354.266 1.078
-59.687 3.991 -424.369 0.931
80.378 75.168 -316.925 0.975
2.683 -14.096 -491.670 1.072
79.566 -98.453 -374.030 1.042
-6.907 88.071 -346.564 0.957
-91.685 -23.760 -445.615 1.157
38.056 -66.618 -499.474 1.098
91.561 -39.594 -487.242 1.042
48.425 34.931 -392.772 1.025
-11.762 -21.651 -322.127 1.079
21.764 77.182 -479.748 1.049
-44.342 -39.169 -399.071 1.242
93.966 58.597 -410.797 0.931
23.599 13.483 -339.459 1.029
51.375 -9.947 -388.846 1.204
-30.038 81.683 -314.460 1.182
-71.533 -75.732 -376.188 1.082
-44.850 -34.684 -487.288 0.811
90.506 81.765 -386.794 0.905
-35.108 80.229 -458.218 0.970
-9.553 40.886 -406.353 1.105
-10.168 -76.883 -466.415 0.946
84.491 83.302 -420.722 1.162
-91.117 21.057 -355.247 1.003
61.613 -74.961 -374.564 0.844
81.308 -54.442 -439.225 0.921
-21.442 -83.494 -457.801 0.996
-49.019 -6.758 -377.510 1.020
93.743 49.449 -309.626 0.928
71.964 1.679 -353.313 0.935
-32.826 -58.137 -325.968 1.048
68.991 17.695 -306.147 1.125
30.670 -88.090 -415.127 1.001
-20.443 -9.029 -478.323 1.017
49.220 66.607 -383.154 0.951
40.746 70.523 -345.975 0.948
27.177 -21.100 -487.362 0.990
23.467 -80.638 -472.528 1.068
-55.225 42.290 -317.290 1.117
53.079 46.434 -465.340 0.804
-38.628 -88.329 -439.599 0.946
-25.221 -8.067 -319.301 0.937
-23.733 56.927 -429.321 0.990
97.670 81.684 -487.815 0.985
-93.005 -42.635 -378.933 0.966
-41.992 13.663 -449.854 0.832
-36.497 46.116 -424.844 0.908
28.232 13.076 -400.131 0.968
-12.286 51.295 -351.018 0.738
-58.240 -19.622 -409.057 0.931
-29.444 30.613 -409.635 0.905
-14.824 22.066 -461.522 1.027
-10.146 82.913 -345.697 1.128
-57.537 -2.617 -351.499 1.125
-59.479 59.294 -399.642 0.976
-62.298 10.849 -355.778 0.882
16.880 -63.673 -494.529 1.023
-65.088 -43.843 -329.904 1.036
-50.405 10.316 -422.383 0.967
39.098 71.063 -487.657 0.952
24.118 -97.762 -485.424 1.026
67.706 -92.716 -358.233 1.029
19.029 50.095 -363.948 1.051
58.301 82.887 -447.813 0.969
-54.894 23.353 -475.870 0.801
-60.332 -86.496 -489.269 1.078
50.531 2.169 -427.525 0.986
-92.434 55.060 -441.877 1.131
49.007 -67.082 -489.902 0.899
94.463 -49.999 -499.520 1.118
-93.883 34.309 -433.851 0.883
70.021 -17.119 -329.358 1.080
-44.612 98.939 -321.117 0.977
27.227 80.274 -330.928 1.015
85.671 46.261 -469.250 0.755
-47.412 77.247 -480.083 1.183
-98.270 -14.735 -400.403 1.113
-23.762 -3.250 -437.617 0.998
-91.856 -87.073 -425.264 1.060
88.568 -62.168 -454.947 1.044
43.446 -64.321 -417.758 1.122
50.757 -60.363 -338.374 1.072
-53.354 93.775 -379.913 0.965
-29.624 -54.305 -388.188 0.932
-12.894 90.094 -436.337 1.162
34.829 -16.423 -359.074 1.000
32.178 22.100 -335.884 0.953
-25.303 -18.183 -417.097 1.066
-8.874 52.396 -452.282 0.981
-64.078 83.382 -333.960 0.990
-74.179 19.117 -454.716 0.920
-90.290 64.141 -366.709 0.895
91.000 72.080 -358.455 1.013
-80.660 -70.588 -377.622 1.082
-96.309 -41.401 -420.550 0.939
52.394 -85.628 -422.687 0.944
-66.286 99.931 -474.564 0.920
-13.094 -60.502 -430.647 0.867
20.296 90.823 -449.992 0.921
-1.614 -17.069 -495.565 0.949
98.408 78.194 -466.471 0.878
-91.806 44.440 -427.372 0.959
-78.384 -17.871 -407.678 1.085
96.548 75.072 -489.892 0.977
57.939 -20.100 -410.710 0.794
80.590 27.735 -322.088 1.007
0.502 -21.090 -435.651 1.151
-69.819 70.697 -492.285 1.028
17.828 84.047 -484.910 1.260
92.840 29.115 -357.299 0.903
30.107 -95.925 -466.381 1.108
87.346 43.734 -397.343 0.871
-38.717 -29.559 -367.505 1.018
-87.748 79.741 -399.296 0.962
-5.340 0.545 -457.323 0.912
-32.471 -78.370 -488.573 0.991
-15.912 0.851 -422.023 0.969
-13.206 -22.993 -490.407 0.843
78.914 94.105 -339.660 1.087
-31.927 76.401 -442.944 0.980
-42.149 63.935 -439.275 0.932
89.239 89.637 -351.678 1.094
-46.667 -49.211 -389.315 1.102
25.687 36.387 -384.206 1.109
30.619 38.286 -499.775 0.916
-7.149 -76.998 -365.040 0.883
20.128 70.818 -332.395 0.942
-49.560 -81.668 -403.471 0.905
73.074 -28.924 -310.658 1.033
49.153 77.853 -386.061 1.076
71.743 -23.645 -490.108 1.073
94.833 -34.385 -427.965 0.957
29.532 -28.049 -434.221 0.974
-40.041 66.730 -467.652 1.076
8.073 -92.283 -419.073 1.079
-13.503 42.363 -389.375 1.081
-87.238 -60.354 -307.634 0.946
-39.282 -85.107 -467.930 0.944
21.081 10.759 -369.297 1.015
82.935 -19.430 -354.090 0.932
60.411 5.859 -434.045 0.999
62.235 15.995 -494.421 1.066
86.961 -11.289 -349.836 1.007
-31.674 -29.421 -338.011 0.898
96.660 -23.430 -387.416 0.785
-92.084 13.298 -454.947 1.026
-14.232 35.527 -315.862 1.060
-43.720 53.643 -452.799 0.985
1.457 -74.138 -394.461 1.025
-16.612 73.420 -464.182 0.842
-20.783 -50.847 -376.593 1.049
-98.080 13.031 -327.286 0.958
16.660 -51.105 -497.235 1.011
-27.719 2.652 -390.931 0.881
-70.917 3.076 -335.342 1.012
91.043 46.206 -457.316 1.007
-60.986 -20.175 -452.910 0.796
-4.010 26.092 -425.842 0.848
48.990 -43.863 -328.772 1.064
72.041 6.108 -345.495 0.826
-99.838 -60.838 -301.119 1.234
89.578 -35.202 -448.533 0.985
-11.190 -58.429 -422.157 0.922
-53.020 65.366 -463.251 1.064
45.727 80.714 -304.665 0.949
-83.446 -89.548 -387.183 0.888
36.719 -89.601 -484.739 1.027
-68.760 -43.297 -448.348 0.954
3.247 74.480 -384.644 0.813
3.056 14.145 -387.074 0.959
94.156 96.323 -443.360 1.095
-24.283 -43.958 -356.344 1.042
98.399 53.450 -411.316 0.858
18.393 65.270 -357.817 0.900
-55.318 -91.839 -329.897 0.896
-75.849 45.231 -343.369 0.955
-10.886 -6.553 -352.253 1.012
-5.789 -58.132 -455.953 0.993
-10.279 46.472 -350.802 0.970
-29.496 44.501 -407.608 1.077
0.916 -58.781 -455.653 1.105
-4.336 -84.151 -427.487 1.003
-3.011 -36.601 -448.406 1.031
-94.363 4.709 -401.207 1.055
86.468 -25.694 -419.957 1.128
45.698 -90.500 -454.952 1.061
-55.568 5.973 -464.557 1.044
-8.486 -62.473 -443.188 0.888
-3.649 65.691 -485.474 0.964
47.496 87.443 -307.517 1.021
-53.933 4.725 -477.333 1.086
53.976 -19.832 -427.895 0.948
71.883 -78.714 -427.309 0.894
-47.190 -67.755 -337.551 1.096
59.057 88.206 -351.632 1.129
14.117 57.471 -444.494 0.873
38.204 -71.994 -379.997 0.950
10.029 -6.753 -391.135 1.207
-32.372 37.237 -333.314 0.944
47.099 90.095 -386.133 1.033
84.153 -0.183 -352.316 1.074
-1.208 44.662 -315.521 1.048
91.342 -82.961 -442.778 1.048
-61.640 37.270 -440.636 1.066
55.544 92.391 -401.305 0.916
-85.868 56.205 -446.639 1.197
-65.105 27.627 -420.992 1.116
-17.132 46.727 -468.046 1.146
85.782 -45.849 -421.312 0.949
19.037 -90.415 -401.623 1.127
90.988 8.024 -327.068 0.987
69.279 -72.015 -316.199 1.123
-94.360 -57.174 -307.389 0.936
64.424 -51.258 -359.424 1.112
65.924 54.013 -335.681 0.870
-5.871 -10.504 -425.353 1.012
-27.937 -78.117 -405.614 0.960
16.779 -68.157 -394.135 0.791
-86.331 -49.056 -457.972 1.023
3.352 -39.179 -319.036 1.057
-94.004 -22.765 -430.359 0.899
54.390 -35.870 -437.129 0.788
84.523 -31.767 -429.727 0.909
96.757 6.105 -311.953 0.976
-51.024 84.134 -356.879 1.137
-18.474 -65.292 -485.125 0.892
-75.883 55.753 -476.052 1.027
-20.930 -49.179 -311.789 1.171
44.806 -24.911 -474.336 0.818
-75.410 -58.582 -381.912 1.068
91.978 -79.712 -462.228 0.963
15.744 -18.875 -363.415 0.905
2.481 -59.894 -320.575 1.043
-66.322 -95.829 -403.299 1.054
21.169 -0.146 -307.321 0.880
99.085 -93.725 -427.543 0.944
62.239 34.810 -417.785 0.958
46.480 93.912 -354.355 1.013
-61.322 8.803 -438.046 0.904
36.972 55.214 -459.028 0.934
34.639 53.814 -377.352 1.146
-82.368 7.038 -455.624 0.795
51.287 -84.602 -408.810 0.990
-42.382 -22.848 -479.093 1.091
-93.166 -99.121 -363.183 0.970
97.822 -18.981 -379.979 1.020
58.923 56.329 -409.905 1.095
-77.734 92.432 -326.398 1.097
-47.683 1.582 -374.005 0.784
-25.239 -67.463 -478.219 0.881
39.156 -41.971 -398.823 0.832
-58.182 -79.741 -381.131 1.092
43.145 -55.433 -496.023 1.041
-36.324 -47.835 -356.166 0.875
48.697 -34.932 -353.211 0.938
-50.357 -89.867 -359.240 1.133
32.751 99.029 -318.765 0.998
-31.336 20.828 -470.398 0.745
-2.221 -30.712 -334.606 1.012
-13.122 -61.670 -347.188 0.953
-86.524 94.753 -367.421 0.702
5.489 58.906 -363.582 1.045
48.989 -76.420 -426.730 1.045
52.880 68.945 -363.949 1.151
-74.622 -16.615 -386.518 1.129
-12.958 85.769 -327.982 1.041
-56.708 19.027 -464.957 0.996
20.548 68.465 -375.257 0.864
11.188 22.014 -303.467 0.887
-41.026 71.904 -443.813 0.930
46.837 14.552 -388.694 1.048
-67.717 10.185 -499.265 1.060
-53.183 -61.515 -374.348 1.033
-40.602 -76.065 -352.368 0.992
-90.801 -73.679 -369.114 1.080
-71.402 -94.932 -326.991 0.922
77.530 9.070 -476.671 1.138
80.487 38.706 -373.122 0.890
-89.953 -53.081 -346.398 0.869
41.765 88.998 -427.737 0.926
76.753 -56.435 -403.349 0.980
-32.381 -53.523 -462.062 0.882
-60.505 26.184 -425.628 0.993
29.459 -49.393 -338.762 1.157
33.333 -99.999 -454.321 1.006
99.569 71.082 -433.908 0.833
-76.169 -59.688 -322.358 1.060
11.417 96.587 -348.506 1.070
-69.744 -11.904 -482.990 1.260
10.352 71.085 -419.781 0.909
-90.001 -51.648 -497.752 1.052
-7.031 -61.941 -349.764 1.016
34.914 54.267 -412.587 0.964
-62.345 -18.813 -456.508 1.082
24.308 -79.897 -499.923 0.956
32.479 46.459 -450.183 1.000
13.655 -75.358 -362.457 1.114
-91.293 -77.339 -450.433 1.003
-68.339 -14.109 -359.070 1.115
82.638 83.647 -498.387 0.842
-18.249 95.547 -448.773 1.070
82.320 -36.245 -496.205 0.912
51.160 -56.457 -354.647 0.826
-28.277 34.513 -306.497 0.913
81.344 97.826 -335.389 1.040
-9.288 -71.726 -457.893 1.111
-77.428 -28.411 -401.696 0.897
19.374 -97.536 -431.997 0.915
-88.845 -49.238 -467.658 0.943
-41.962 25.910 -344.756 0.941
-16.413 -63.345 -476.962 1.120
-85.577 13.180 -442.307 0.814
33.259 -21.738 -381.148 1.108
-51.706 57.510 -400.459 1.142
-88.549 -63.050 -365.224 0.957
-32.382 -33.608 -483.934 1.098
3.881 -48.280 -404.051 1.039
40.764 -94.120 -365.381 0.898
-27.245 20.056 -498.725 0.789
12.901 90.399 -313.124 0.847
-33.152 -43.908 -357.721 1.007
-45.885 -58.311 -498.658 0.895
57.807 -94.727 -411.842 1.110
-52.045 -16.827 -358.175 1.024
-50.153 44.275 -352.811 1.101
-55.160 -54.333 -378.624 1.105
-74.634 53.835 -313.997 1.083
-83.200 33.974 -471.602 0.858
2.471 89.051 -492.164 0.924
81.321 -62.139 -334.595 0.862
48.957 -20.052 -422.632 0.783
-71.803 29.228 -493.730 1.026
-94.653 67.694 -354.842 1.142
43.932 -13.397 -494.710 0.979
-94.201 -49.721 -470.455 0.859
-4.789 68.279 -372.548 1.031
1.211 45.891 -478.994 0.850
75.159 -45.347 -346.221 0.919
-26.741 -23.370 -313.923 0.977
-29.246 47.635 -406.943 1.026
24.310 2.730 -358.918 1.219
76.302 -27.895 -312.878 0.852
73.672 96.660 -478.360 0.931
-75.984 -68.448 -488.797 0.928
-43.891 47.277 -442.709 0.928
87.070 93.809 -486.441 1.062
79.332 67.440 -387.907 0.930
46.302 -3.205 -352.241 1.205
35.431 22.928 -376.591 0.907
91.356 18.581 -425.682 1.062
65.286 -58.235 -388.247 1.160
13.426 76.200 -318.539 1.099
33.287 -78.812 -332.767 0.853
14.387 -97.100 -430.697 1.101
-6.659 33.541 -483.180 1.117
95.134 -64.374 -399.458 1.072
-63.113 72.304 -426.813 1.082
11.504 -95.408 -394.682 0.859
-45.641 -43.092 -407.423 0.884
-13.815 -32.134 -457.013 1.027
-78.568 0.137 -433.240 0.808
17.833 11.721 -334.053 1.065
64.878 -92.972 -320.107 0.902
83.857 19.106 -428.409 0.843
34.791 86.796 -306.074 1.063
-46.471 -13.041 -486.754 0.844
-32.514 11.671 -399.739 1.002
18.802 70.076 -472.528 1.000
38.323 -92.479 -419.534 1.135
22.369 72.092 -301.446 0.899
-47.981 94.793 -481.563 0.860
65.646 36.426 -475.893 0.988
-41.988 -43.249 -308.266 0.892
67.229 -91.029 -401.946 0.808
-30.249 -55.752 -359.320 1.120
-14.312 56.075 -485.881 1.097
-15.812 -16.853 -448.715 0.982
98.736 94.434 -465.429 0.972
-25.877 31.062 -302.644 0.890
-41.341 -6.877 -336.533 0.977
69.378 71.782 -371.963 1.010
-50.225 -61.097 -324.047 1.058
6.145 48.673 -492.406 0.883
-44.490 99.227 -367.711 0.996
98.720 12.062 -431.065 0.944
72.059 4.411 -323.033 1.083
-12.668 2.961 -315.781 0.929
15.075 -85.317 -414.583 1.004
53.500 -53.060 -417.628 1.132
35.750 18.228 -346.414 0.962
-72.019 -68.198 -434.715 1.007
14.380 -29.729 -305.406 0.810
-97.364 -16.743 -437.010 1.029
99.642 -33.024 -477.126 1.135
22.419 94.208 -344.351 1.156
-54.658 2.057 -405.463 0.904
-58.662 -5.843 -357.104 0.898
13.580 -23.370 -361.983 0.820
92.866 -46.471 -300.644 0.814
-39.783 -1.641 -440.315 0.915
44.088 -22.597 -413.127 0.825
-83.366 10.858 -438.209 0.970
6.430 -12.076 -482.836 1.059
75.489 51.103 -419.406 0.966
40.845 55.057 -388.877 1.002
-80.797 67.241 -444.026 0.998
22.015 -19.265 -328.202 0.908
41.874 -64.480 -327.698 1.034
-42.191 -38.988 -410.838 0.945
-42.476 89.069 -314.686 0.945
70.072 -82.430 -412.382 1.128
-32.539 86.130 -474.462 0.853
22.283 40.490 -343.901 1.011
75.486 46.067 -387.353 1.001
1.454 -55.755 -417.402 0.853
5.340 -78.983 -325.108 0.934
-61.680 -88.113 -378.737 0.989
67.893 8.618 -437.182 0.958
53.619 85.887 -386.252 0.896
23.593 -32.741 -327.365 1.039
-22.172 -39.708 -324.789 1.007
-46.052 10.473 -405.995 0.997
8.306 -21.067 -353.986 1.053
46.570 40.422 -309.091 1.128
13.159 -85.130 -454.891 0.862
-60.679 -31.732 -362.954 1.255
8.359 99.921 -380.777 1.142
-0.787 74.654 -369.604 0.776
47.332 -23.894 -388.744 1.129
54.699 21.417 -445.973 0.913
31.939 45.251 -379.439 0.980
62.033 56.524 -309.696 0.820
35.047 38.142 -317.263 0.975
-13.326 28.295 -354.798 1.147
91.767 -86.063 -449.348 0.939
21.464 64.700 -358.751 0.831
-21.313 40.529 -436.202 0.981
-54.986 -92.160 -358.715 1.032
17.220 -54.099 -444.891 1.029
75.416 89.090 -358.111 1.072
-33.940 70.100 -484.516 0.734
-34.073 -32.344 -482.642 0.989
-64.857 3.934 -318.672 0.956
-76.014 -53.461 -412.740 1.096
33.889 -29.496 -474.052 0.993
-18.571 87.059 -321.122 1.011
65.346 -16.852 -488.167 0.890
-38.766 -89.715 -406.009 0.886
72.806 -16.778 -397.461 0.961
62.926 -18.034 -422.647 1.213
-21.221 27.649 -369.407 1.098
81.195 14.002 -326.047 0.918
-66.744 70.746 -429.503 0.990
-81.336 92.610 -333.057 0.939
-25.155 -51.719 -390.821 1.108
6.317 5.246 -481.992 0.988
39.487 97.981 -423.502 0.950
33.673 64.890 -442.575 1.091
93.341 -90.732 -346.323 1.083
36.393 32.148 -381.030 0.981
17.985 89.132 -486.205 0.881
17.091 18.471 -331.226 0.910
-33.596 53.392 -312.221 0.687
70.331 -28.408 -325.620 1.034
-87.067 34.088 -354.633 1.185
29.060 73.276 -382.561 0.881
12.891 70.670 -469.825 0.960
62.275 -83.213 -314.674 1.058
34.640 -25.608 -463.439 0.900
1.306 77.793 -472.643 0.929
-90.475 -66.152 -360.108 1.051
69.435 -12.222 -302.207 0.882
34.667 -80.079 -341.104 0.961
19.007 65.899 -378.078 1.048
33.673 29.682 -481.766 0.981
-23.477 25.691 -322.335 0.881
-32.160 -20.195 -410.246 1.115
-78.711 62.166 -416.163 1.002
-59.051 -38.152 -475.566 0.832
-22.677 -8.149 -494.393 1.103
85.885 51.375 -357.144 0.982
-9.827 -46.790 -493.937 1.129
25.983 19.048 -394.420 0.845
-82.903 8.893 -414.207 0.913
-37.514 -68.274 -313.832 0.955
-65.489 -91.782 -499.249 0.932
-81.968 38.314 -350.372 0.939
3.235 5.370 -450.955 1.001
41.556 95.956 -314.341 0.892
-34.501 70.302 -370.238 1.007
55.755 16.754 -482.136 0.875
3.703 67.243 -485.298 1.011
73.686 11.091 -423.860 0.982
5.542 6.504 -418.044 1.060
-44.913 -50.864 -440.862 0.961
-30.478 10.703 -475.419 0.929
-11.179 57.966 -450.048 1.041
76.030 25.327 -481.509 0.909
70.862 13.691 -317.456 0.921
-52.008 94.762 -309.883 0.976
61.807 -83.186 -480.544 1.152
-7.905 43.112 -335.986 0.920
83.311 67.561 -489.865 1.078
-69.569 -33.896 -498.755 0.787
53.486 -85.499 -482.721 1.088
-29.516 47.225 -446.569 0.943
-34.806 -99.725 -344.015 0.983
-58.696 -32.301 -444.418 0.977
-74.146 -16.736 -316.993 0.925
51.746 -42.329 -373.542 1.102
37.436 -55.352 -415.014 1.028
-8.782 -71.626 -301.224 1.076
19.241 -6.753 -390.695 0.896
-47.303 -6.867 -373.188 1.027
-74.672 -73.082 -314.686 1.061
13.378 85.246 -441.605 1.086
-72.352 -67.314 -307.120 0.816
-43.159 93.068 -401.705 0.875
76.530 50.014 -311.491 1.020
-84.442 40.527 -479.938 0.895
-31.857 53.519 -472.065 0.987
43.223 52.231 -451.573 0.966
68.706 -26.597 -351.755 1.039
-91.973 -8.027 -312.612 1.004
-32.340 6.522 -435.606 0.897
-84.583 -29.775 -443.373 0.955
97.929 64.476 -362.279 0.874
39.125 41.221 -341.497 1.048
22.273 45.024 -334.944 0.960
36.519 -10.628 -389.177 1.002
72.178 20.909 -306.869 0.976
54.382 90.581 -306.248 1.028
-94.918 67.322 -476.047 0.866
-34.940 54.212 -391.848 0.875
-34.236 22.950 -384.221 1.044
96.564 2.782 -492.554 0.988
-84.969 -73.941 -395.875 0.955
1.314 80.264 -429.613 1.036
-66.163 84.804 -303.353 0.974
-6.783 30.075 -318.826 1.016
50.097 -47.743 -331.940 0.858
-66.788 -83.546 -333.942 1.069
63.092 -41.669 -358.187 1.008
93.373 -94.200 -346.696 0.920
-2.638 -61.586 -360.330 0.999
-92.959 -17.115 -465.227 0.866
-10.200 -1.785 -406.559 1.125
-28.875 -53.175 -436.525 1.102
16.547 -75.065 -311.466 1.160
-17.543 -11.242 -349.777 1.026
70.620 -51.329 -403.739 1.088
82.093 61.571 -354.686 0.952
-35.103 -1.509 -374.798 1.112
-63.185 42.808 -384.547 0.987
40.794 87.155 -484.010 1.020
30.041 64.085 -383.740 0.875
-11.877 74.083 -486.763 1.032
-60.070 56.725 -419.033 1.025
-62.848 -33.639 -306.656 1.006
85.307 28.574 -458.086 0.970
-36.551 81.512 -356.815 0.844
68.051 0.662 -442.443 0.989
45.657 71.972 -350.085 0.962
95.397 -93.145 -315.669 0.980
98.222 -13.593 -417.024 1.031
99.192 -68.589 -463.041 0.980
24.306 77.827 -399.760 1.026
-9.539 -75.218 -469.975 0.920
74.305 -82.414 -440.737 1.098
24.050 -53.043 -366.614 1.064
32.362 -6.339 -429.903 1.041
-85.051 58.307 -306.193 1.112
-75.430 -24.833 -371.938 1.071
-62.058 -11.684 -464.326 1.155
-88.869 27.535 -481.387 1.140
61.698 5.458 -434.120 0.873
-10.545 -18.892 -472.593 0.827
59.419 24.057 -420.211 0.860
-53.583 -23.391 -498.713 0.903
28.112 41.413 -457.871 0.959
45.229 -98.986 -366.358 0.940
19.484 -84.474 -419.920 1.077
-1.914 -68.117 -390.203 1.047
-97.068 53.076 -494.926 1.022
46.496 -36.423 -441.388 0.969
38.540 -60.171 -382.394 1.146
-38.944 65.349 -373.849 0.786
76.604 72.233 -376.598 1.124
24.274 68.484 -305.707 0.977
-24.394 66.944 -354.638 0.987
19.837 94.345 -312.694 0.846
-74.040 -87.333 -303.990 0.892
-40.977 89.901 -357.679 1.160
70.434 -13.668 -360.352 1.076
-43.612 -14.646 -454.624 0.958
-38.077 -14.105 -392.078 0.768
54.717 -94.080 -316.495 0.999
-31.627 77.573 -310.443 1.147
-12.478 95.792 -417.302 1.027
-90.586 20.578 -311.459 0.862
21.700 95.571 -366.041 1.117
60.640 -27.002 -306.604 1.120
-96.158 80.119 -399.677 0.783
16.346 55.358 -398.816 1.051
-54.265 -97.891 -458.428 0.955
72.113 -64.556 -467.740 0.988
51.434 26.876 -425.949 0.899
-1.674 -48.462 -460.233 0.988
-33.865 -25.553 -319.637 0.869
-40.478 -55.461 -435.590 1.030
-59.385 48.245 -492.929 0.952
-88.701 -58.709 -415.906 0.928
-68.367 -5.897 -397.135 0.871
-51.309 -39.554 -404.090 0.891
6.996 73.817 -474.937 0.924
-5.397 -45.070 -389.151 1.268
99.346 26.908 -459.641 0.925
16.423 -97.742 -411.834 0.963
45.851 1.580 -450.471 1.025
-77.078 42.904 -453.575 0.993
70.095 -59.250 -371.292 1.053
-9.262 89.930 -444.701 0.871
56.125 -7.763 -464.853 1.010
91.670 -83.732 -443.338 0.854
57.447 44.412 -376.342 0.955
-45.349 55.442 -338.748 0.984
-36.050 -37.761 -453.225 0.774
99.901 -51.569 -436.771 1.152
36.673 -63.221 -319.118 0.799
-56.225 21.825 -330.448 0.986
73.173 -44.420 -442.132 1.071
92.727 56.711 -309.077 1.072
-58.926 62.544 -412.021 0.920
79.562 -45.264 -493.026 1.110
-49.258 78.150 -335.675 0.978
-30.946 7.970 -392.176 1.055
41.468 21.254 -469.820 0.974
-38.503 -47.155 -414.363 1.101
49.738 42.539 -396.154 0.990
-97.634 -71.014 -348.130 0.863
-22.785 -3.742 -321.407 0.931
84.945 -39.891 -365.153 1.150
-17.346 89.184 -341.874 1.023
37.013 14.799 -457.255 0.816
57.645 -9.181 -326.329 1.153
78.090 -16.620 -415.958 1.114
80.402 4.542 -485.567 1.041
85.666 2.377 -468.650 0.954
12.649 -10.635 -381.083 0.956
41.607 -20.659 -314.258 0.887
-41.718 -0.890 -302.979 1.029
-85.238 -89.131 -306.395 1.009
-13.834 -79.117 -343.197 1.000
60.809 11.104 -405.294 1.110
-34.553 9.130 -415.522 0.996
90.993 45.189 -417.291 0.809
-6.488 8.263 -492.501 1.035
96.064 -77.029 -382.680 0.952
26.778 81.728 -329.945 1.041
97.071 -36.789 -423.361 0.809
-25.322 33.315 -301.322 0.864
13.884 -89.404 -452.653 0.997
-46.271 21.272 -338.351 1.012
97.772 -10.724 -336.615 1.019
69.514 7.986 -362.290 0.940
17.439 77.335 -305.517 0.955
-53.467 35.085 -439.929 0.946
49.768 -86.906 -462.890 1.058
-33.581 -62.036 -497.575 0.983
-67.235 -5.909 -360.679 1.065
-90.505 -60.536 -491.457 0.849
-3.448 -48.715 -498.336 1.065
-22.972 -34.147 -496.558 1.110
-20.006 -23.428 -398.918 1.139
3.423 19.554 -343.672 1.171
56.952 -8.384 -388.653 1.188
-3.008 -38.597 -441.065 1.121
-63.201 18.067 -374.888 1.142
-2.217 50.786 -490.276 0.931
39.856 77.189 -304.726 0.909
24.170 9.946 -408.066 0.943
64.952 -71.332 -393.242 1.026
78.107 80.924 -448.107 0.971
-14.107 28.093 -389.164 1.131
-12.920 -55.881 -392.599 0.999
17.675 -48.921 -374.403 0.947
-71.357 -51.969 -384.986 1.123
-4.003 -99.646 -373.611 0.979
15.622 -70.105 -359.611 1.048
-95.427 -20.245 -365.521 1.033
32.071 51.264 -343.487 0.800
-3.804 77.095 -337.092 1.077
-41.810 38.372 -473.290 1.118
-65.924 -27.429 -420.710 1.031
-48.977 94.331 -413.028 1.065
63.803 -32.626 -398.629 0.967
-46.291 -84.721 -390.846 0.881
70.458 7.040 -448.650 1.020
21.499 60.627 -433.726 0.945
-5.999 9.973 -308.474 1.073
-20.712 -33.284 -340.787 0.932
43.012 -36.855 -439.728 1.020
22.321 52.107 -465.785 0.877
94.296 -43.512 -304.255 1.038
83.262 51.524 -367.155 1.063
53.010 -13.292 -324.436 1.006
22.597 -73.308 -471.580 1.066
-42.583 50.480 -400.952 1.062
-40.896 -1.789 -389.547 0.873
69.649 19.865 -384.045 1.016
5.003 95.561 -459.809 0.901
35.949 66.247 -438.701 1.038
-28.657 37.598 -378.505 1.153
56.609 40.378 -456.173 1.030
5.292 14.937 -318.006 1.108
-38.516 -16.119 -386.285 0.937
-70.534 90.915 -486.548 1.019
-45.255 -54.061 -323.043 0.864
-95.344 44.677 -364.785 1.043
98.829 -9.715 -446.564 1.073
-98.632 58.108 -446.315 1.056
21.438 -16.340 -380.699 1.088
-26.327 -71.324 -454.494 0.819
91.038 -74.744 -488.937 1.070
-48.844 -10.377 -311.784 1.021
84.241 -93.322 -372.749 1.106
-89.501 -96.754 -386.358 0.983
34.361 -80.522 -432.612 1.089
52.118 -74.261 -490.159 1.037
-85.267 74.803 -475.621 1.045
62.359 -94.254 -378.184 0.825
-84.776 98.481 -433.344 1.149
-99.950 59.007 -492.448 0.942
-71.937 -46.813 -324.624 1.162
-55.493 98.967 -465.256 1.029
-1.031 -3.454 -350.252 1.058
95.654 96.512 -382.938 1.140
70.377 52.490 -433.767 0.975
3.365 -63.854 -413.432 1.003
-1.467 64.439 -483.972 0.902
46.357 -42.511 -464.330 0.970
77.828 -24.281 -426.806 0.973
-82.371 82.445 -479.518 0.932
64.010 -75.797 -350.784 1.056
-88.088 56.024 -344.970 0.967
72.564 -22.644 -406.531 1.049
-0.550 8.193 -372.760 0.849
70.873 -24.815 -487.718 1.011
67.122 77.412 -395.240 0.981
-6.281 -24.967 -389.648 0.998
-89.046 -60.664 -420.614 0.977
86.459 22.138 -439.831 0.835
41.739 19.196 -465.950 1.021
-52.347 -88.835 -308.456 0.849
-45.485 -3.141 -471.595 0.931
-45.697 -48.376 -451.405 0.993
92.996 98.210 -371.410 0.997
40.904 17.059 -326.195 1.047
-75.719 -72.713 -465.286 0.961
20.957 68.057 -401.764 1.183
29.796 -1.764 -429.501 1.119
-92.882 -58.624 -463.908 1.121
-14.914 -55.132 -459.747 1.049
-62.030 91.684 -456.341 1.024
2.485 71.510 -315.179 1.172
41.143 -66.808 -485.420 0.883
-43.869 75.270 -390.251 1.087
-99.218 71.697 -372.008 0.987
-71.396 -64.557 -335.188 1.233
-17.276 23.887 -417.272 0.936
-48.015 85.417 -367.005 0.912
-81.328 -80.443 -421.657 1.192
-88.120 90.347 -318.690 0.983
0.125 -27.785 -385.094 1.229
5.451 -39.421 -487.786 0.883
99.786 39.779 -358.236 1.020
29.469 96.199 -432.474 0.941
97.741 42.737 -424.566 0.896
-15.700 21.643 -310.834 1.079
43.938 -18.359 -393.796 0.941
-23.274 -91.471 -430.374 1.098
-89.967 -60.887 -419.860 1.064
99.362 -41.631 -459.420 1.073
48.010 -58.542 -329.910 1.067
-82.903 19.599 -490.934 0.871
-88.882 62.074 -411.974 0.897
-26.626 -83.536 -453.690 0.969
-3.520 -77.623 -477.906 1.034
72.169 -41.104 -456.574 0.848
-96.876 -7.028 -438.356 1.046
7.840 -14.610 -333.006 1.143
-55.004 22.817 -413.124 1.079
59.744 42.977 -495.846 0.883
-74.915 70.292 -323.220 1.060
39.114 -66.116 -424.846 0.974
-34.687 14.107 -499.522 0.905
28.499 27.558 -459.279 0.960
22.942 -50.416 -419.421 1.000
-7.976 -70.299 -355.883 0.934
-79.462 -7.124 -423.268 0.977
-98.135 -10.383 -486.811 0.967
85.772 62.482 -352.079 1.020
86.117 51.963 -365.182 0.876
-27.478 -74.956 -324.073 1.034
-29.033 38.526 -401.872 1.011
-15.560 -99.585 -392.580 1.026
-69.184 -81.093 -346.100 1.044
93.185 -37.932 -359.276 0.996
5.030 94.870 -337.042 0.819
-94.230 -17.828 -370.691 1.092
71.824 -81.841 -451.851 0.984
-99.770 -89.878 -391.462 0.802
11.515 -14.097 -366.553 0.962
-55.001 44.979 -336.366 0.961
-78.537 32.550 -465.475 0.910
-41.918 87.741 -346.255 0.957
30.686 -63.996 -429.016 0.933
90.987 33.591 -376.789 0.907
-62.349 64.423 -347.594 1.074
-42.603 99.675 -354.905 1.019
87.593 -34.821 -317.004 0.965
-21.099 -2.294 -452.470 0.988
-27.371 -24.128 -372.580 0.986
84.110 27.056 -449.206 1.066
18.119 -84.715 -460.281 0.914
64.439 -88.024 -489.750 0.975
-87.522 18.214 -451.621 1.019
-51.044 48.187 -484.227 1.028
-29.611 58.312 -406.329 1.017
-96.815 -38.643 -320.827 1.118
-8.909 32.026 -444.379 1.055
-62.262 59.602 -494.608 1.016
61.364 -51.118 -484.822 0.959
34.540 -83.067 -363.555 0.924
66.908 -30.515 -451.832 0.994
36.898 34.262 -473.594 0.757
17.592 -56.835 -343.697 1.143
58.707 48.258 -323.740 0.804
16.490 -8.670 -464.607 0.980
-47.437 -51.393 -437.322 0.955
-85.617 -34.879 -458.151 1.164
-64.454 -4.709 -457.706 1.058
3.822 16.224 -319.407 0.934
58.513 -96.559 -303.164 0.989
-70.277 71.179 -399.417 0.897
43.553 57.708 -360.071 0.913
60.945 88.696 -387.204 0.932
-28.198 37.842 -490.083 0.895
-9.981 20.470 -370.952 0.868
83.124 -41.562 -324.688 1.117
44.999 -83.145 -334.650 0.870
15.080 83.121 -415.061 0.930
-86.435 24.487 -443.795 0.949
45.570 34.090 -401.052 0.944
91.349 -23.735 -329.960 1.020
15.726 57.032 -456.850 1.104
72.120 39.821 -453.141 1.071
56.270 -66.468 -420.930 1.016
99.765 85.022 -317.975 1.033
48.441 -31.557 -472.839 1.007
71.153 36.757 -352.194 0.932
75.106 81.084 -368.851 1.108
45.585 55.188 -474.294 1.077
-17.494 11.022 -436.987 1.065
-76.776 -58.961 -328.377 0.994
25.387 32.342 -414.149 0.926
-57.705 66.413 -470.689 0.984
-54.662 50.589 -482.092 0.966
95.533 95.734 -310.319 1.171
-16.691 63.983 -399.182 0.840
17.855 87.474 -330.557 1.107
37.124 -52.801 -311.227 0.979
-62.248 75.649 -337.630 1.052
-24.841 1.231 -404.290 0.879
69.625 64.200 -375.580 0.954
36.106 52.142 -450.200 0.996
-51.307 9.066 -456.384 1.054
-22.298 -22.144 -418.383 1.024
-6.365 25.354 -379.708 1.054
-86.986 67.538 -381.230 1.022
-18.811 -15.334 -495.321 1.081
-92.478 -15.817 -447.991 0.864
-18.078 -70.161 -364.110 0.883
-73.636 65.775 -388.665 0.849
74.372 6.112 -360.188 1.037
-45.054 -47.330 -325.286 1.036
68.432 -16.246 -359.059 0.983
-19.470 65.832 -431.453 1.033
-13.171 -5.161 -342.099 1.056
-5.423 -29.991 -426.007 0.955
0.548 38.202 -467.986 1.047
-85.709 70.377 -336.448 1.023
-86.945 -48.775 -496.165 1.108
-92.918 -97.203 -447.173 1.019
96.913 50.226 -457.859 0.839
40.905 6.503 -361.794 0.905
50.516 -26.714 -352.468 0.859
7.143 -43.457 -432.030 1.087
95.357 86.684 -428.057 0.808
-33.073 -43.903 -470.169 0.972
7.942 6.239 -387.592 1.060
-7.881 52.151 -497.032 1.028
85.326 53.024 -388.634 1.069
-40.341 39.053 -382.501 0.938
-54.115 70.443 -429.567 1.059
9.348 80.847 -431.495 1.073
25.064 -70.268 -455.189 0.877
55.212 87.822 -362.869 0.858
27.434 -98.155 -462.662 0.803
-16.274 -21.581 -314.049 1.059
88.089 -16.328 -373.492 1.018
