-52.128 31.901 -364.000 0.875
-29.460 76.497 -484.270 1.162
-69.885 -53.212 -323.490 0.960
-30.495 -14.394 -490.579 1.015
-49.498 74.280 -376.149 1.049
87.038 -66.384 -335.261 1.100
-39.036 78.389 -426.508 1.115
76.214 -59.720 -327.028 1.035
-75.733 18.308 -377.574 1.115
71.555 58.641 -453.435 1.007
-6.908 39.057 -375.480 1.125
-83.670 -25.378 -441.188 0.915
85.991 65.958 -436.680 1.072
90.475 70.836 -391.343 0.996
-44.841 86.780 -497.771 0.942
97.776 -90.884 -340.788 1.147
-11.979 91.429 -402.390 1.076
-26.206 -99.688 -480.143 1.099
10.610 -68.064 -376.390 1.095
-90.142 -74.250 -467.437 1.028
29.184 -39.330 -317.892 0.973
72.217 -82.139 -478.182 0.871
-39.194 18.977 -365.168 0.923
71.280 -77.608 -300.295 1.029
26.867 -57.484 -358.861 1.054
-8.829 33.371 -318.984 0.946
4.632 20.799 -363.105 0.959
97.924 -63.406 -394.997 1.000
91.478 -54.419 -459.729 0.999
-68.567 -84.771 -370.482 0.903
-64.890 -33.110 -397.306 1.029
21.926 98.853 -430.812 1.122
-73.198 42.387 -335.178 1.038
-22.920 -21.493 -398.469 1.285
68.160 67.650 -335.829 0.967
-93.151 -49.984 -468.994 1.059
36.298 42.103 -365.934 0.961
-65.544 77.885 -464.643 0.910
-27.166 -65.244 -341.958 1.145
55.989 32.368 -452.047 0.877
99.834 -34.865 -494.794 0.939
-72.567 37.926 -399.672 1.179
86.222 -96.766 -331.519 0.855
86.771 47.949 -420.400 1.014
25.307 -55.973 -369.262 1.108
-4.234 10.469 -384.408 0.832
83.206 34.705 -417.796 0.965
-19.342 78.529 -385.348 1.194
-55.478 65.308 -464.943 0.902
-53.703 -50.974 -364.735 0.823
-27.725 18.107 -370.876 1.008
-9.159 -10.897 -434.797 1.003
-11.731 70.262 -377.110 1.090
22.088 51.092 -436.677 0.885
61.731 -53.273 -419.145 0.942
95.813 51.428 -336.577 0.861
91.384 -90.455 -444.578 1.077
-57.136 42.959 -491.348 0.982
55.650 46.244 -464.464 0.908
-83.634 80.644 -455.954 1.055
-65.856 -91.664 -451.670 1.038
-49.721 -31.431 -394.832 1.157
23.060 81.360 -300.304 1.032
-58.418 -52.253 -300.410 0.983
31.674 75.141 -308.658 0.685
-30.216 0.217 -358.371 1.091
43.529 -57.373 -334.088 0.919
85.011 88.019 -301.663 0.922
70.294 2.402 -427.753 0.913
-68.549 52.688 -331.047 0.897
12.927 -7.484 -407.219 0.904
-30.240 28.920 -407.184 1.241
19.951 -98.799 -438.611 0.822
26.758 -90.045 -362.119 0.860
-99.069 70.753 -469.557 1.182
-79.238 52.290 -495.082 1.000
13.633 -29.703 -393.537 1.128
60.033 32.228 -442.946 0.976
16.839 59.088 -434.080 1.118
-4.473 -16.927 -434.196 1.085
-71.859 35.068 -390.567 1.013
21.814 -52.017 -399.371 1.080
-57.447 -52.592 -364.964 1.107
98.167 25.849 -410.258 0.800
-20.725 -33.657 -492.441 1.035
25.712 -84.496 -457.184 0.918
-37.260 93.549 -486.982 0.982
96.178 -75.886 -400.922 1.033
-77.824 -35.837 -348.920 0.801
50.123 -60.197 -326.864 0.970
-92.163 -26.010 -325.489 0.994
56.148 89.953 -398.568 1.038
-8.361 13.653 -370.278 1.031
64.702 70.703 -336.392 0.859
-11.936 -37.759 -453.049 1.028
-12.152 -78.413 -306.480 1.143
65.578 -73.579 -478.457 1.021
-49.825 -10.410 -410.478 0.952
21.203 27.469 -495.391 0.845
47.553 23.415 -449.962 1.068
-90.064 -44.996 -310.072 1.094
-4.643 43.959 -346.995 1.170
-50.654 84.807 -308.475 1.013
73.046 -16.488 -338.617 1.105
-95.645 56.896 -411.165 1.049
-98.347 39.540 -490.783 0.921
-15.808 -24.860 -417.318 1.003
77.627 -96.676 -412.134 1.041
34.758 -51.520 -359.119 1.114
-79.210 -38.125 -320.625 1.000
-67.576 28.427 -379.830 1.116
-12.550 99.953 -487.120 0.916
59.544 4.097 -368.798 1.106
30.127 65.740 -404.470 0.703
0.101 -92.692 -390.545 0.999
-44.010 -3.415 -457.163 1.022
-55.588 16.833 -379.979 1.086
91.606 29.987 -386.950 0.955
10.883 81.884 -322.923 1.057
63.110 -83.367 -355.897 1.080
-11.706 26.920 -339.748 1.025
-20.331 -9.244 -442.806 0.997
-24.817 53.919 -311.415 1.082
12.222 -19.797 -401.339 1.002
47.875 82.462 -413.604 0.896
-84.158 48.082 -457.964 0.965
74.354 72.733 -362.900 0.991
6.530 -46.097 -380.505 0.999
-38.584 8.130 -352.535 1.037
44.319 56.205 -359.667 1.062
5.122 98.564 -406.834 0.912
-24.159 -75.150 -467.257 1.032
-48.038 24.568 -308.813 1.117
-85.833 85.169 -499.873 0.978
-40.618 2.508 -326.389 1.017
40.233 99.152 -446.645 0.880
45.173 -24.974 -379.663 0.921
49.528 10.943 -434.972 1.207
-93.767 -73.233 -327.508 0.944
-2.558 -88.529 -323.099 1.154
67.596 29.956 -441.630 1.006
-33.040 -70.128 -439.549 1.106
-52.240 -18.598 -413.699 1.039
55.327 51.981 -326.915 0.844
-28.310 22.585 -339.915 0.962
-17.143 -41.290 -445.436 0.898
-49.973 -48.916 -326.798 0.896
14.147 -34.158 -419.241 0.971
-25.384 75.046 -307.453 1.077
-52.359 56.311 -372.747 0.795
-33.554 -7.611 -323.329 0.966
5.671 23.034 -355.061 0.989
-90.345 -89.002 -438.575 1.158
47.628 76.671 -420.762 0.928
-16.529 78.636 -491.938 0.820
70.030 -26.954 -359.510 0.983
39.246 -62.442 -323.395 1.059
-93.984 -21.789 -309.120 0.851
-15.771 17.723 -307.429 0.951
-23.486 40.057 -419.278 1.010
61.833 23.369 -462.710 1.002
-73.979 33.393 -334.464 1.026
83.287 9.178 -422.718 0.824
0.045 28.591 -446.632 1.092
80.348 -21.798 -437.252 1.126
-52.691 71.153 -404.314 0.986
-50.960 34.684 -472.659 1.078
92.583 27.523 -399.511 1.083
-38.083 66.608 -383.528 0.995
-23.329 71.614 -399.712 1.020
42.349 44.688 -311.455 1.063
75.193 54.103 -319.634 1.011
46.774 -24.525 -413.986 0.851
-34.258 -9.878 -426.457 0.929
-40.206 -74.252 -493.587 0.943
7.623 -52.307 -373.020 0.893
72.891 -0.157 -370.185 0.813
64.273 95.936 -394.943 1.073
69.419 -46.395 -307.225 0.954
59.534 -16.723 -489.837 0.981
10.042 -67.831 -492.208 0.957
-0.573 9.377 -455.809 1.135
-50.698 9.567 -315.465 1.106
-90.853 -56.358 -313.189 1.016
50.264 -26.105 -400.999 0.897
-63.234 17.286 -332.843 0.965
-90.549 2.084 -463.957 0.907
-13.245 74.133 -480.894 1.087
56.050 -41.797 -476.135 1.185
92.046 27.354 -407.611 1.126
-65.644 37.755 -382.400 1.277
-36.816 -62.993 -484.989 0.938
20.320 89.255 -494.708 0.963
56.387 82.568 -464.844 1.260
72.984 -59.629 -309.724 0.810
97.318 -1.125 -348.511 0.944
39.079 20.812 -403.857 1.032
-51.143 26.529 -347.537 0.850
-16.221 41.176 -486.844 1.040
-1.401 25.583 -332.437 1.063
34.396 -2.429 -459.127 0.973
-41.110 -80.851 -315.251 1.264
78.050 -27.981 -381.232 1.100
-28.759 66.792 -486.486 0.995
93.655 10.386 -335.884 0.835
95.174 -97.532 -408.621 0.967
-3.759 87.040 -378.187 0.900
4.075 40.790 -480.220 0.962
-88.958 8.772 -444.646 0.840
5.986 -56.464 -478.378 1.057
49.083 -64.517 -308.404 1.029
-99.524 10.959 -422.412 1.005
-33.108 92.907 -374.793 0.935
62.335 13.119 -446.085 1.082
-63.807 -32.813 -401.135 1.261
-81.782 -13.223 -413.323 0.925
65.311 -35.597 -321.209 1.132
-46.723 -18.639 -351.130 0.949
-12.051 66.497 -334.394 0.983
36.757 -18.808 -396.431 0.968
96.753 -80.648 -310.154 0.996
-99.485 70.378 -355.628 1.149
-20.344 0.313 -424.579 1.091
-85.302 92.096 -448.329 1.054
-42.517 -3.353 -448.798 0.820
66.390 -2.593 -330.181 0.835
24.354 -69.484 -366.206 0.951
26.090 11.642 -444.742 0.776
55.829 37.469 -323.431 0.926
-62.939 78.002 -370.811 1.015
39.331 73.854 -425.559 1.103
49.410 13.230 -353.803 0.950
-96.971 -33.775 -303.625 0.863
28.459 -45.453 -490.123 1.002
59.720 -46.033 -395.739 0.985
15.146 98.537 -490.971 1.122
-4.056 84.975 -389.153 1.028
63.741 37.214 -356.026 1.014
29.275 58.397 -439.212 0.969
16.662 33.806 -327.969 0.783
-8.550 -18.087 -325.402 0.979
-76.781 77.594 -483.968 1.085
85.875 -31.999 -317.440 0.960
-15.235 -98.392 -390.093 1.026
-97.974 86.012 -329.386 1.036
-21.008 -25.592 -360.155 1.111
5.640 -18.817 -492.574 0.868
-61.733 -22.119 -496.916 1.032
-60.771 94.570 -426.431 0.957
1.846 -84.549 -380.539 0.988
-2.153 -94.229 -397.503 0.980
-76.002 -14.070 -465.468 0.931
-39.564 49.061 -390.987 1.191
-91.445 87.094 -480.504 0.940
70.577 -92.898 -472.555 0.843
-31.927 -45.860 -453.317 0.936
51.856 85.347 -456.932 0.998
48.788 -69.950 -331.687 0.921
64.137 -71.114 -426.068 0.854
48.758 32.044 -383.456 1.010
89.822 -59.504 -303.075 1.032
40.303 65.011 -366.039 1.067
-66.300 -48.971 -338.028 0.971
64.324 -72.713 -327.488 1.058
-56.701 -39.687 -353.180 1.163
-98.306 -21.188 -393.545 0.976
-89.332 5.853 -387.338 1.101
-85.498 9.339 -457.872 1.074
45.818 -81.490 -461.588 1.033
-69.549 -37.527 -356.279 0.858
44.653 61.579 -492.955 0.909
-15.669 71.495 -495.171 0.990
-9.950 45.077 -389.723 0.918
-87.329 59.391 -496.202 0.961
95.660 60.584 -356.248 1.031
78.633 -42.013 -450.827 1.044
34.924 -70.059 -424.628 1.063
-92.337 22.715 -310.154 0.862
34.861 -76.091 -365.828 0.964
-22.324 -62.182 -350.202 1.049
-61.472 -22.695 -364.581 0.841
97.186 34.845 -304.303 1.192
-18.060 -2.016 -429.434 1.013
29.710 -67.877 -305.522 1.010
98.533 57.088 -492.643 0.929
-84.063 -11.942 -323.080 0.960
75.238 33.431 -346.352 0.983
79.979 4.494 -421.859 0.891
83.183 82.242 -443.579 0.968
95.843 14.315 -415.546 0.938
-58.581 55.593 -404.064 1.158
65.968 -6.980 -436.410 1.031
-22.092 60.197 -476.994 0.804
-41.452 -79.588 -378.389 0.856
-55.510 83.523 -306.018 1.118
66.882 28.200 -463.971 1.217
83.288 -74.818 -378.343 1.012
8.467 40.129 -385.739 0.989
-48.417 21.613 -362.746 0.928
-27.997 73.239 -406.006 0.780
-15.939 -36.115 -468.307 0.980
15.510 59.247 -442.219 0.907
17.346 22.675 -489.222 0.979
17.756 -73.171 -395.684 0.975
82.687 7.549 -349.369 0.880
-37.759 -4.116 -404.235 0.841
-66.853 86.813 -469.382 0.969
-36.486 46.197 -314.686 0.921
-76.194 46.583 -315.272 0.979
-1.785 -60.747 -302.573 0.995
62.289 76.000 -422.746 1.036
6.767 56.478 -388.047 1.109
-0.484 43.654 -316.129 0.899
78.193 -57.904 -302.009 0.984
65.904 -51.641 -485.688 0.884
-17.219 -82.580 -385.502 0.858
-54.552 72.480 -375.850 0.943
58.699 -57.718 -488.700 0.974
17.353 51.724 -355.881 1.049
42.968 6.457 -336.102 1.204
-70.994 6.238 -455.625 1.017
-77.505 80.845 -342.191 1.069
-49.708 -65.736 -480.958 0.950
-94.501 -64.786 -361.611 1.012
-64.263 4.313 -469.901 1.134
60.519 -19.911 -300.233 1.100
43.621 -28.822 -466.658 0.983
-27.823 72.865 -481.152 0.841
10.930 -35.361 -376.128 0.944
72.072 -67.590 -391.014 1.008
15.293 -59.627 -373.133 1.021
-31.942 -56.703 -398.747 0.978
-26.394 5.611 -370.719 0.992
-74.690 83.958 -332.623 0.985
48.595 -75.228 -417.318 0.940
-50.149 23.073 -465.842 0.889
96.631 -36.556 -364.114 0.982
-15.088 -52.938 -432.296 1.125
51.683 -17.490 -392.443 1.162
2.649 70.452 -390.656 1.105
85.445 13.339 -475.961 1.028
-20.326 51.868 -314.204 0.979
16.382 -68.185 -488.750 1.029
-90.401 75.946 -379.229 0.984
95.802 32.207 -426.392 1.203
20.172 -21.390 -318.697 1.051
-49.022 69.048 -408.004 1.183
59.306 53.954 -479.885 0.921
1.728 -48.957 -365.105 0.960
-99.544 1.774 -414.700 0.934
-83.313 -9.009 -452.774 1.085
-9.543 -64.661 -462.068 0.941
8.105 56.743 -452.448 0.973
-43.237 91.999 -421.320 1.023
-17.046 -61.323 -485.777 0.978
-28.116 -29.216 -362.487 0.905
76.859 -66.993 -361.440 0.945
-25.183 -64.532 -327.276 1.051
-40.941 -71.140 -393.049 1.235
-30.483 -92.087 -473.630 0.935
-71.446 -7.670 -322.235 1.079
-12.621 -7.308 -399.840 0.987
36.773 91.541 -327.596 1.023
-51.261 -14.642 -425.182 1.110
94.086 -67.027 -442.506 1.207
35.794 -93.398 -495.147 1.096
12.630 63.707 -421.177 1.070
73.674 19.350 -457.944 0.934
48.834 -89.170 -390.929 1.023
-29.495 -81.763 -371.311 0.948
4.363 70.386 -336.471 0.911
16.548 -76.348 -438.243 0.960
64.735 -86.930 -436.846 0.846
25.115 90.298 -456.129 1.099
31.350 57.486 -307.017 1.111
68.778 -95.868 -301.379 0.819
66.390 58.025 -484.794 0.946
99.394 45.163 -418.596 0.915
87.904 -80.689 -445.247 0.986
-82.157 73.318 -384.848 1.015
-85.560 -87.271 -463.266 0.831
38.216 -16.917 -488.377 0.958
-16.868 -94.031 -429.679 0.905
11.708 -87.707 -469.158 0.968
-1.057 -6.219 -302.240 1.009
-41.171 73.985 -470.890 0.886
-18.239 -97.344 -398.835 1.054
-2.703 -29.653 -338.197 0.921
46.316 -19.664 -379.658 1.022
10.584 -86.888 -374.258 1.073
7.015 -20.646 -444.707 0.918
82.148 72.974 -313.614 1.062
-74.139 -90.548 -402.627 0.777
-22.243 -71.016 -407.114 1.051
13.823 -98.520 -447.297 0.883
-46.421 -33.603 -466.967 0.953
-98.762 83.772 -450.193 1.144
-91.250 -61.598 -323.541 1.092
-55.050 19.910 -321.191 0.928
-13.834 -19.540 -354.105 0.880
22.438 71.919 -446.843 0.956
-45.619 36.973 -405.916 0.928
-32.853 81.330 -411.655 0.944
58.748 62.343 -345.963 0.984
-55.219 65.949 -342.716 0.946
43.230 23.564 -355.972 1.099
-52.124 -89.960 -492.135 1.044
-94.043 -41.763 -411.377 1.158
10.803 -38.930 -389.413 1.097
-75.778 16.749 -493.344 0.955
-8.776 60.218 -382.404 1.087
-69.027 -26.257 -401.518 1.134
-7.321 -6.001 -472.180 1.119
29.522 -87.903 -333.239 0.899
33.636 -39.656 -340.999 1.115
20.400 -57.805 -393.137 1.049
21.706 17.365 -485.834 1.087
-96.317 96.436 -348.321 1.016
-28.351 56.757 -465.828 1.012
-15.647 -88.703 -357.627 0.791
48.590 -62.004 -403.913 0.976
-80.762 -34.303 -316.907 1.162
98.471 -16.352 -425.585 1.085
-66.902 -3.471 -384.734 0.647
75.474 47.129 -339.863 0.911
-23.784 25.459 -351.725 0.960
52.356 36.178 -404.955 1.128
-90.889 0.208 -326.828 1.114
50.540 -38.219 -464.203 0.911
49.854 -44.507 -414.196 0.823
-91.846 68.531 -387.317 1.145
96.137 -40.790 -390.993 0.980
-72.231 9.378 -361.532 0.993
27.149 -37.794 -464.478 0.893
30.571 -78.265 -368.335 1.087
-27.963 -3.581 -351.625 1.066
40.794 9.925 -388.626 1.106
75.348 43.905 -498.710 0.998
55.480 91.766 -397.524 1.136
62.050 -86.978 -324.897 0.955
-68.275 56.733 -491.183 0.940
-64.713 45.270 -482.211 1.010
-38.891 85.494 -322.077 0.936
-73.343 48.465 -432.352 1.228
-7.596 84.158 -347.021 1.047
-98.364 -94.902 -404.269 0.971
-87.058 -40.632 -317.329 0.899
-45.243 -17.411 -464.020 1.255
76.383 -96.228 -328.847 1.099
-13.266 -38.779 -329.464 0.898
8.372 43.254 -382.569 0.946
-84.578 -77.088 -474.887 0.911
-95.799 10.990 -302.677 0.910
88.034 -23.955 -394.504 1.055
-47.931 40.515 -380.026 1.092
-55.702 83.839 -366.952 0.843
29.117 17.553 -373.774 1.046
-36.712 22.437 -384.159 1.009
3.673 23.595 -311.297 0.958
-59.188 -91.086 -450.575 1.040
10.468 60.324 -316.028 0.993
-12.890 94.025 -399.883 0.867
71.156 -50.437 -405.232 1.057
-12.782 -10.719 -411.184 1.035
56.169 37.923 -375.440 0.729
96.709 -95.731 -496.169 1.108
77.181 -75.987 -418.108 0.925
-25.700 -6.603 -477.852 0.876
-2.457 27.969 -373.008 1.124
17.081 -52.360 -402.062 0.887
-58.943 -61.069 -355.972 1.052
-51.318 62.286 -478.260 0.960
79.162 35.210 -420.590 1.036
-43.695 -58.983 -398.723 0.797
39.407 19.491 -341.445 0.978
-69.947 -8.626 -358.224 1.148
-9.278 70.081 -350.434 0.902
76.842 -55.593 -477.281 1.045
-53.145 -20.870 -445.949 1.155
-73.687 91.018 -313.645 0.840
16.592 -74.528 -476.687 0.850
-62.748 -62.880 -467.263 0.939
24.615 -59.898 -422.067 0.953
29.095 92.568 -371.051 0.868
-79.894 82.628 -429.031 0.845
-50.647 -14.842 -494.901 0.953
-87.435 -70.663 -333.235 1.093
-84.471 96.694 -435.062 1.018
-48.685 -40.301 -410.751 0.940
-78.898 47.101 -475.734 1.088
-14.736 -31.920 -312.282 0.969
48.792 20.708 -489.402 0.939
-68.862 -61.230 -347.370 0.984
23.232 -48.760 -401.145 1.201
91.668 32.168 -421.433 0.835
-52.904 52.592 -453.617 1.055
25.114 55.543 -468.163 1.083
0.171 -42.503 -402.581 1.084
-5.162 -44.173 -452.672 0.996
-35.171 -67.235 -386.223 1.062
36.084 -86.096 -428.634 0.940
-88.843 -45.529 -350.728 0.989
-15.049 -4.089 -469.917 0.940
-75.214 -65.280 -457.184 1.058
20.899 76.089 -442.288 1.104
-25.490 41.699 -396.417 1.077
67.243 -13.949 -428.746 1.032
52.008 57.884 -439.126 0.842
70.512 20.229 -498.510 0.969
-31.198 -60.081 -498.643 1.059
-25.738 58.511 -371.285 1.143
68.815 77.468 -495.941 0.884
12.991 -74.619 -405.813 0.982
65.181 35.953 -405.310 0.881
75.313 83.803 -456.459 1.189
-92.560 -47.496 -485.861 1.199
-13.872 -65.680 -495.412 1.018
-89.603 -66.834 -423.441 1.017
30.778 65.083 -311.887 0.800
90.138 89.111 -343.448 0.924
-83.152 -52.944 -428.313 1.047
-12.208 -88.766 -357.947 1.052
-57.510 -4.734 -456.811 1.097
-13.787 -41.873 -346.474 1.008
14.480 -83.400 -364.492 0.939
-42.593 52.116 -445.900 1.016
-13.913 -52.274 -396.557 1.052
-12.930 43.140 -429.515 1.025
-75.020 2.275 -407.411 0.706
-55.725 -84.825 -336.160 0.978
67.923 22.795 -304.267 1.055
85.822 92.159 -491.073 0.987
28.665 -42.622 -430.887 1.081
-3.706 -71.098 -417.365 1.056
-78.060 57.816 -400.711 0.867
53.593 77.800 -362.044 0.894
-38.500 -95.137 -385.193 0.998
-57.565 31.424 -339.021 0.873
-21.684 -32.985 -471.346 0.968
41.309 90.522 -486.891 1.229
80.305 28.477 -416.130 1.000
-53.691 -89.304 -418.256 0.820
76.987 -17.228 -413.750 0.947
0.316 39.543 -388.507 1.006
61.478 39.375 -474.775 1.014
84.164 -38.922 -363.489 0.900
-79.324 -10.375 -481.486 0.849
5.690 45.373 -410.061 1.161
-40.588 34.651 -332.734 0.736
-34.939 -91.004 -431.529 1.127
-33.033 10.252 -463.567 0.975
76.390 -4.816 -310.899 0.989
-17.060 -49.757 -494.052 0.962
31.168 83.402 -499.952 0.814
-86.701 68.392 -387.573 1.074
-92.048 -2.546 -341.571 1.025
-18.401 85.505 -410.380 1.015
84.904 68.273 -421.802 0.913
-76.652 13.640 -354.493 0.996
-58.516 -68.154 -319.518 0.860
-52.098 -21.072 -456.938 0.978
-10.079 98.611 -360.766 0.906
7.589 -38.265 -315.324 1.113
18.435 -21.665 -384.189 1.002
22.939 86.866 -370.909 1.112
-98.249 -58.490 -434.393 1.096
-71.416 35.510 -375.353 0.931
-50.304 88.501 -305.852 0.776
85.478 -47.751 -489.845 1.042
62.414 -96.017 -475.764 1.111
-9.356 99.218 -448.832 0.937
7.718 12.343 -458.275 0.873
32.416 45.321 -383.436 0.923
-6.263 40.007 -320.063 1.097
-1.494 -83.727 -484.352 1.002
37.378 40.213 -368.838 0.868
-89.638 59.025 -491.544 1.080
-3.699 -89.012 -481.660 1.068
57.192 -34.682 -460.094 1.029
-59.727 39.213 -339.325 0.879
97.290 -14.341 -402.792 1.065
49.067 -60.082 -414.125 0.969
-76.150 -29.218 -338.596 1.133
-75.745 -24.730 -413.081 0.959
-26.223 -95.637 -422.252 0.939
-33.322 4.617 -390.345 0.947
62.818 -7.641 -366.050 1.196
13.548 8.979 -355.640 1.159
-67.087 65.806 -361.392 0.839
-84.498 9.356 -461.208 0.857
14.678 81.056 -395.676 0.880
75.451 68.220 -300.601 0.821
-84.763 74.492 -333.769 0.914
53.260 -97.285 -312.137 1.220
-64.774 32.240 -408.362 0.844
-52.758 93.208 -412.610 1.050
11.836 -42.400 -411.830 1.197
-10.486 -22.543 -324.262 0.850
58.630 12.302 -472.582 0.924
-88.166 84.847 -477.653 1.088
5.015 -52.123 -367.171 1.096
-72.318 -32.760 -391.371 1.020
-31.514 -97.204 -375.974 1.043
-94.028 66.422 -430.606 1.154
52.046 -55.227 -318.068 1.178
-64.135 4.643 -353.633 0.999
-61.673 -10.024 -354.234 0.975
74.176 41.452 -391.424 1.092
29.854 -24.559 -437.989 1.146
85.301 -4.410 -420.580 0.937
47.124 2.262 -425.249 0.984
-12.596 -17.846 -357.708 1.001
-37.691 -93.643 -448.761 0.998
75.357 81.758 -364.885 1.065
55.766 -85.101 -355.114 1.153
-48.971 -24.063 -315.185 1.058
-20.248 -25.093 -384.894 0.887
36.825 93.216 -376.653 0.806
-45.116 -54.246 -319.839 1.092
67.071 -25.545 -364.785 0.890
83.542 -80.698 -373.280 0.971
58.192 87.169 -486.029 0.933
77.105 -82.009 -367.702 1.153
-39.649 31.772 -439.270 0.886
62.179 6.577 -300.056 0.921
40.555 -26.433 -304.185 0.919
90.424 73.103 -355.782 0.983
97.231 -4.558 -327.574 0.903
-16.604 86.334 -437.135 0.963
-65.589 44.671 -397.271 1.003
-83.726 44.878 -406.891 0.772
-37.939 -68.801 -331.195 1.010
62.015 53.779 -467.842 0.867
-13.580 31.373 -344.433 1.074
6.138 -2.714 -345.833 1.304
-84.481 90.512 -350.095 1.139
95.594 68.148 -492.829 0.804
-59.533 39.309 -476.313 0.814
77.618 -85.462 -382.132 1.015
51.241 -50.847 -394.587 1.118
88.510 58.961 -385.179 0.889
14.128 80.245 -350.561 0.912
-30.500 27.228 -465.846 0.906
12.708 -17.355 -498.558 1.065
-4.858 -40.380 -444.800 1.125
68.283 -57.817 -383.131 0.922
-46.054 -2.263 -423.297 0.919
8.112 -63.662 -489.314 1.215
95.744 -57.216 -435.861 1.029
-60.663 -39.588 -301.956 1.060
-44.370 -35.906 -481.790 1.030
58.660 83.719 -446.299 0.963
61.638 -35.204 -482.894 1.053
-14.744 29.384 -374.907 0.892
60.069 -14.812 -360.482 1.122
53.243 -25.664 -418.197 1.009
-63.161 44.263 -498.034 0.991
-9.704 98.088 -455.925 1.020
2.047 -14.627 -477.289 0.973
27.882 45.298 -479.500 1.038
13.737 -79.758 -426.523 0.969
2.662 15.304 -469.347 1.094
-64.892 0.704 -361.402 0.969
95.112 80.802 -494.255 1.014
60.637 -1.222 -361.120 1.082
17.278 -14.744 -475.436 0.897
29.802 -60.284 -388.267 0.966
74.542 -90.394 -365.048 0.907
36.607 12.296 -313.795 1.080
84.588 6.993 -428.335 1.064
6.510 50.987 -477.018 0.968
71.330 -35.509 -353.036 1.048
50.436 -19.547 -453.552 1.088
-0.743 -0.409 -497.663 1.056
-35.538 97.505 -474.136 1.047
90.803 49.514 -422.541 0.877
85.652 -24.468 -396.799 0.862
86.805 -40.353 -341.175 1.076
9.760 86.416 -310.044 1.022
39.511 34.426 -422.732 1.191
66.789 3.742 -362.187 0.973
-83.861 -67.231 -416.393 0.840
84.848 99.158 -435.988 0.965
-48.182 -42.072 -332.519 1.034
-94.488 -80.397 -330.003 1.001
67.574 48.838 -416.870 1.097
10.697 73.891 -345.090 0.902
-13.218 78.862 -366.389 0.954
-61.934 -99.568 -401.132 0.903
94.769 56.048 -472.020 0.930
-31.174 -1.817 -418.735 0.857
-43.370 99.172 -378.315 1.038
8.488 -57.546 -342.701 1.002
-22.709 53.272 -462.223 1.048
-68.801 -11.466 -354.474 1.108
-21.970 -40.538 -364.779 1.030
73.997 67.499 -467.941 1.124
9.448 90.600 -347.666 1.161
52.063 62.497 -414.880 1.011
80.553 -29.616 -393.689 1.162
28.638 68.629 -496.074 0.856
-73.860 40.141 -497.614 0.915
-61.509 10.325 -402.611 0.735
88.803 -65.776 -350.123 1.052
60.648 -23.467 -390.553 0.958
-36.834 5.227 -420.529 0.863
-57.057 7.829 -476.899 1.018
19.985 88.237 -341.810 0.876
-26.097 84.292 -468.114 0.904
2.626 5.013 -389.554 0.987
-88.815 -36.745 -325.576 0.860
37.278 1.716 -391.258 1.121
18.962 -67.496 -381.095 1.174
19.670 15.733 -484.994 0.988
95.273 -20.271 -365.090 0.958
-77.313 -36.855 -453.444 1.311
8.326 84.986 -451.257 0.992
-49.770 20.695 -349.421 1.039
-11.849 -43.049 -407.554 0.844
-81.374 55.448 -366.297 0.888
-71.739 -23.625 -390.923 1.095
52.696 9.560 -364.321 1.068
-89.777 23.841 -327.971 1.102
-87.818 5.813 -380.206 0.979
51.598 80.270 -496.355 1.072
-28.724 -94.494 -440.687 0.871
25.060 49.454 -397.231 0.920
-93.653 59.861 -369.474 0.919
-30.940 15.934 -441.920 1.001
79.492 -40.357 -362.218 1.032
-34.200 -89.205 -333.993 1.004
-86.033 40.882 -467.574 0.876
-34.242 -68.788 -425.333 0.920
62.533 86.890 -344.716 1.049
98.327 63.638 -421.706 0.972
4.199 29.773 -348.266 1.063
8.810 30.750 -365.824 1.214
60.944 -20.611 -460.600 1.157
60.038 66.768 -352.153 1.090
-68.336 -51.754 -437.344 0.940
-34.584 -66.534 -442.103 1.027
-90.639 -96.546 -400.699 1.108
-0.831 52.206 -497.250 1.033
-72.562 20.182 -318.347 0.938
-37.803 -76.234 -466.559 0.988
93.782 82.198 -469.147 1.068
24.473 11.865 -399.487 1.127
-95.008 9.510 -474.468 1.130
76.810 22.250 -388.806 1.077
-36.875 -84.336 -472.665 0.865
-22.655 -44.343 -316.350 0.973
-77.350 -99.518 -491.600 0.817
-28.975 -51.908 -345.293 0.978
91.230 44.078 -390.591 1.049
18.728 33.247 -368.743 0.950
-70.953 9.147 -343.616 1.013
-42.077 -96.799 -405.828 1.208
26.654 4.583 -392.568 0.854
-23.962 25.624 -388.052 1.113
-36.326 -2.217 -398.034 1.111
-77.366 89.320 -415.230 1.051
27.736 -19.978 -486.964 1.046
-50.902 -45.607 -492.774 0.855
58.859 4.329 -412.040 0.906
-46.707 -95.037 -447.365 0.946
32.220 -42.473 -488.067 0.981
65.669 55.530 -326.092 1.019
-19.213 54.782 -395.472 0.899
-32.282 -18.591 -376.331 0.830
-73.331 67.304 -317.147 1.012
-23.035 -68.779 -445.315 1.209
61.487 -52.503 -426.637 1.094
-95.820 34.790 -419.437 1.037
-77.001 14.857 -469.889 1.001
75.431 53.140 -460.221 1.037
91.593 -76.786 -434.908 1.251
11.850 78.660 -372.079 0.944
-41.323 67.748 -307.456 1.091
84.757 33.777 -331.668 0.850
-41.994 -56.782 -346.181 1.027
-8.865 22.728 -474.716 0.852
-68.549 91.438 -400.223 0.902
81.602 -10.951 -489.381 1.045
-32.683 -39.289 -363.718 0.923
-91.729 17.446 -383.723 0.846
5.321 2.342 -459.875 1.102
-60.480 91.834 -407.421 1.025
-20.736 -4.054 -395.247 0.944
-61.783 70.382 -472.252 0.981
8.927 98.590 -434.242 0.936
-6.792 90.323 -358.914 1.015
-28.361 34.042 -362.886 0.999
-66.734 -45.013 -325.095 1.149
-54.429 50.778 -349.855 1.022
-51.533 50.000 -328.147 1.138
94.016 37.882 -320.256 0.883
-58.139 47.534 -387.249 0.924
-89.686 -59.512 -348.065 0.945
-57.150 -67.701 -451.147 1.056
-99.758 -75.633 -387.520 0.920
-69.845 -58.200 -386.765 1.071
-62.091 87.750 -462.450 1.201
-60.921 -90.363 -493.587 0.961
-25.246 -60.808 -349.963 1.122
84.447 -8.164 -415.355 0.962
31.348 -13.952 -366.223 1.103
-53.430 -64.756 -495.069 1.013
72.691 -92.826 -393.189 1.059
-11.310 54.952 -473.773 0.962
85.981 -18.000 -422.575 1.029
32.197 -26.848 -479.487 0.817
58.734 81.861 -418.198 0.981
89.497 35.368 -429.685 0.829
-17.640 48.119 -419.981 1.046
-36.936 56.852 -395.644 1.126
53.216 10.311 -358.486 1.083
84.219 34.185 -326.737 1.149
-88.979 -85.882 -309.028 1.080
97.639 90.241 -450.119 0.939
36.443 12.830 -477.792 1.056
-80.175 -55.701 -307.843 1.078
-33.498 -96.940 -456.735 0.994
-78.670 -32.533 -392.188 0.933
-95.097 -30.037 -474.673 0.862
52.591 -4.033 -486.577 1.064
-5.568 20.889 -346.419 1.082
-27.801 67.231 -347.336 1.004
-98.965 -46.891 -360.198 0.949
10.882 43.544 -494.236 0.813
-49.322 44.116 -350.062 0.989
32.894 -6.675 -389.091 1.157
-72.100 11.624 -306.174 0.874
23.281 22.334 -385.989 0.833
22.787 41.857 -422.488 0.865
27.648 99.978 -300.736 1.150
-46.200 -7.406 -382.345 0.926
74.839 55.792 -482.188 0.872
-37.744 -45.101 -318.403 0.787
18.527 -32.873 -435.784 1.027
-89.815 9.983 -487.182 0.990
-54.085 6.424 -444.540 1.053
-57.076 -95.250 -322.649 0.892
0.712 -46.246 -345.779 0.909
94.909 64.519 -458.769 1.073
66.360 -43.727 -465.084 0.761
-20.920 -34.532 -365.954 0.873
38.953 46.661 -432.501 1.046
72.367 86.265 -302.602 1.020
-31.538 -30.270 -319.680 0.835
57.130 -16.164 -311.647 0.891
37.314 61.641 -397.132 1.135
92.315 36.591 -303.743 0.920
-69.757 79.025 -466.054 0.852
64.074 -44.023 -371.349 1.034
-1.739 91.365 -477.491 1.075
18.076 6.036 -465.159 0.946
74.674 65.994 -337.341 0.944
-98.359 11.997 -300.720 0.962
75.630 -82.523 -340.351 0.918
48.041 -62.356 -318.757 0.914
16.549 -77.351 -467.825 0.746
22.819 57.816 -406.349 1.298
3.993 0.711 -326.534 1.000
-36.174 -50.887 -435.293 1.223
-60.840 6.695 -346.933 1.002
-45.108 4.737 -445.892 0.934
-22.709 97.510 -368.391 1.079
58.086 86.567 -389.253 0.847
-48.309 52.497 -327.253 0.896
54.999 58.069 -378.442 0.827
-51.831 62.093 -330.456 0.930
21.160 66.201 -395.668 1.013
25.720 89.638 -406.974 0.890
76.439 -12.826 -396.769 1.037
-7.829 -47.517 -423.317 1.163
-81.142 85.489 -442.954 1.012
-57.341 69.188 -452.742 0.989
-79.557 -12.907 -349.941 1.069
11.899 95.634 -314.362 0.985
-67.140 85.544 -396.010 0.818
1.600 -62.361 -463.848 0.908
-93.061 -82.776 -426.849 0.998
52.038 -33.945 -334.940 0.927
2.663 20.976 -453.276 0.926
37.285 -43.636 -377.073 0.967
-23.730 43.725 -472.435 1.042
-93.731 62.670 -372.231 0.923
53.646 87.585 -422.160 1.067
1.415 0.410 -455.440 0.778
-7.888 -4.892 -360.437 1.040
41.445 34.334 -467.504 0.995
-58.816 88.443 -461.645 1.087
91.445 -87.137 -470.247 1.020
59.594 -11.452 -457.532 1.074
46.842 -73.671 -335.834 1.039
63.856 50.749 -419.027 0.945
77.731 24.076 -392.919 1.180
27.821 -66.445 -345.169 1.233
47.340 82.871 -496.429 0.869
-32.166 50.237 -312.310 1.039
-22.181 66.124 -354.121 0.982
90.617 85.665 -404.495 1.012
37.993 86.673 -492.058 1.033
94.812 70.547 -425.002 0.914
35.760 -7.164 -491.413 1.146
-78.994 70.945 -362.011 1.002
67.707 -76.925 -475.932 1.155
-59.239 -73.911 -411.813 0.966
80.488 -43.250 -456.344 1.109
-80.130 14.179 -316.896 0.941
-61.221 59.789 -376.155 1.029
-31.376 -77.805 -464.980 1.034
-74.269 28.787 -392.610 0.927
2.719 95.584 -436.950 0.965
43.009 -43.392 -481.208 1.066
-37.618 52.261 -348.660 0.973
96.330 9.977 -409.516 1.099
-4.482 89.964 -325.727 1.019
-76.190 -71.918 -392.805 0.805
-10.945 99.378 -466.222 0.953
-35.934 94.694 -448.967 0.954
78.132 -8.609 -493.016 1.114
-1.954 26.122 -488.832 0.887
-40.880 -65.076 -486.596 1.148
68.085 -73.659 -477.725 0.927
7.709 97.350 -304.416 1.159
-50.286 6.140 -365.548 0.979
24.913 -38.369 -407.891 1.011
90.699 59.015 -409.875 1.011
92.662 66.307 -437.804 1.056
-77.095 42.310 -454.164 0.849
-15.897 -80.783 -352.705 0.875
21.772 66.630 -356.161 0.971
-29.199 4.232 -421.721 1.066
26.592 24.149 -442.034 1.071
24.821 21.541 -315.209 0.903
-58.970 -16.189 -343.793 1.090
-76.992 37.490 -354.562 0.860
24.843 44.271 -305.584 0.949
-57.581 -58.195 -321.275 1.091
-33.497 -13.927 -442.439 1.004
-31.540 17.686 -416.809 0.835
66.799 74.752 -308.393 1.006
5.765 72.408 -497.165 0.892
8.466 -92.042 -345.253 1.105
54.567 95.967 -337.045 0.920
67.164 -44.324 -424.504 1.142
71.389 67.483 -320.445 1.084
-93.604 -1.129 -392.706 1.046
-91.771 99.627 -422.477 1.117
51.594 -40.038 -345.173 0.920
75.393 -94.765 -499.663 0.990
20.497 49.260 -415.997 1.079
-91.871 -12.107 -385.382 1.070
79.813 -31.352 -408.837 0.884
35.594 -8.969 -400.072 1.096
56.617 66.759 -307.252 1.010
-23.818 30.806 -378.821 1.107
22.970 -51.745 -344.295 0.967
53.295 48.674 -388.840 1.042
28.985 22.102 -480.709 1.078
27.477 -88.380 -301.323 0.876
-22.900 -39.157 -478.901 0.861
-40.087 -6.234 -389.753 1.153
-68.815 -68.319 -314.407 1.004
-87.073 -93.173 -313.707 0.917
-35.199 -63.020 -465.783 0.895
12.718 66.875 -475.042 1.051
72.833 56.977 -439.609 1.084
3.211 39.895 -415.686 1.194
91.088 41.250 -480.830 0.851
4.212 2.402 -469.292 0.824
53.896 -29.516 -376.474 0.958
-54.120 1.511 -475.173 0.992
-22.392 1.957 -346.507 0.876
-7.162 14.097 -461.818 0.921
-35.620 20.920 -435.804 1.131
75.245 86.388 -472.523 0.822
87.606 23.831 -341.257 1.006
37.002 -65.753 -464.221 0.886
88.486 72.637 -379.087 1.075
-17.174 87.700 -349.820 1.096
46.458 -8.646 -304.502 1.023
-59.142 -49.408 -407.215 0.911
-24.510 -85.308 -434.870 0.969
-49.505 22.998 -368.536 0.980
-4.160 -89.955 -474.480 0.855
55.447 -41.648 -340.204 0.943
17.531 -95.091 -317.969 1.023
-78.561 55.152 -388.847 0.870
12.191 36.183 -458.075 0.963
16.351 -86.438 -331.147 1.052
-90.255 88.840 -370.474 0.896
-54.120 19.163 -330.025 1.012
76.585 -56.376 -317.877 1.089
70.265 -33.575 -333.228 0.978
-1.239 -39.314 -423.021 0.908
-99.069 63.352 -478.558 0.861
34.627 -42.463 -303.560 1.018
-99.048 26.057 -336.469 1.002
65.491 68.455 -314.896 1.084
-59.690 78.545 -448.029 1.095
-4.742 17.426 -335.675 0.964
-97.582 62.937 -310.144 0.904
-95.727 -17.216 -413.860 1.004
55.956 22.718 -413.737 0.838
43.003 -15.587 -300.862 1.016
58.514 69.365 -385.914 1.090
-18.731 5.008 -450.937 0.937
-73.939 81.483 -476.868 0.820
-24.638 -45.408 -492.401 1.145
-63.654 -23.597 -468.526 0.985
72.706 -87.238 -433.273 1.006
44.240 -73.356 -477.743 0.906
-8.884 -3.024 -301.793 0.989
94.676 -12.621 -443.018 0.976
-72.612 99.321 -487.777 0.995
-57.405 -94.863 -416.871 0.980
-11.095 -34.740 -391.830 1.002
-95.073 96.530 -428.735 1.177
-52.757 92.481 -421.135 1.050
44.511 53.031 -395.920 1.061
67.445 71.539 -348.891 0.972
72.268 -13.001 -358.516 0.994
41.036 -73.028 -350.135 1.068
-67.858 -31.151 -464.677 0.869
67.590 -70.209 -405.312 1.109
-71.269 -73.534 -465.308 1.029
29.939 -89.348 -335.035 1.002
-75.443 98.795 -313.508 1.023
-65.022 -57.587 -323.773 1.062
3.029 9.815 -433.364 1.136
-58.997 -92.653 -362.378 1.103
-59.970 44.524 -434.045 1.091
-42.126 45.220 -448.557 1.152
73.935 -13.706 -456.188 0.923
-50.600 2.950 -381.249 1.057
-24.825 -56.362 -365.217 0.983
-6.381 -23.126 -382.771 1.159
-11.613 1.349 -434.213 0.985
41.992 -74.722 -341.232 1.076
70.935 -85.746 -410.830 1.097
-9.347 43.289 -325.553 1.079
-76.414 85.305 -486.201 0.793
-51.300 88.140 -385.330 0.989
-43.856 92.263 -400.203 0.873
93.493 48.736 -413.467 1.021
-5.002 -96.196 -462.311 0.815
-82.481 -62.120 -363.365 1.171
89.212 -73.511 -492.447 0.769
-38.106 1.224 -375.122 0.858
96.005 -8.554 -341.400 1.027
-30.258 -60.312 -420.312 0.925
88.949 80.791 -417.019 1.066
-21.252 -35.166 -425.060 0.996
93.482 40.399 -338.628 1.070
70.074 37.277 -420.371 1.019
81.298 21.989 -498.081 0.799
47.095 -9.625 -408.219 0.991
31.620 -87.913 -487.618 1.010
2.671 -42.682 -490.801 1.065
25.295 -53.493 -317.563 1.008
2.036 35.023 -399.173 0.896
-68.834 10.918 -477.555 1.073
45.676 -10.676 -415.731 1.005
4.776 96.500 -398.906 1.071
3.243 63.882 -313.585 0.994
-90.242 35.454 -460.371 1.024
-68.542 -82.539 -333.822 1.057
-23.724 95.297 -375.460 0.903
-96.379 -29.833 -444.460 1.070
73.706 -76.538 -304.438 0.919
-19.604 -74.671 -438.674 1.077
-44.354 72.088 -420.482 1.002
28.273 -61.149 -366.020 1.118
75.922 89.447 -369.278 1.060
29.518 -51.389 -325.847 0.992
-5.637 38.876 -316.148 0.962
-78.698 -3.876 -326.038 0.989
58.481 54.537 -446.988 1.130
-51.500 66.819 -478.748 0.780
-8.031 -87.311 -487.822 0.857
-3.867 84.991 -426.526 1.227
65.148 -20.639 -407.871 1.046
-45.092 -20.332 -472.333 0.939
68.924 61.575 -364.040 1.044
-57.739 -33.986 -443.486 0.957
-89.875 63.933 -496.808 0.846
95.633 -0.187 -340.213 1.055
12.086 40.661 -368.806 0.912
81.665 64.524 -323.681 1.001
5.533 58.334 -466.381 0.907
-33.368 20.077 -365.315 1.075
31.971 -69.523 -383.632 1.142
-81.669 26.167 -421.687 1.121
11.330 2.195 -327.531 0.936
29.917 58.031 -457.986 0.928
18.473 37.548 -484.974 0.962
-1.516 94.618 -473.936 0.995
65.412 65.918 -450.138 1.066
-64.110 -23.473 -446.547 0.880
-66.356 -56.957 -451.973 0.856
86.398 14.297 -446.187 1.120
-78.090 -24.901 -473.699 0.923
-15.839 -53.218 -318.286 0.930
-46.738 88.204 -404.473 1.102
-45.384 -95.024 -464.685 0.922
-4.305 23.831 -373.362 1.076
91.822 89.221 -316.380 0.879
62.047 24.615 -475.025 0.817
-48.006 -70.252 -462.419 0.767
-53.330 -91.950 -431.739 1.207
-52.941 92.481 -486.184 1.032
5.101 99.034 -482.824 1.155
-85.873 -69.068 -329.042 0.971
-19.653 4.348 -482.740 1.135
10.037 75.129 -493.630 0.773
-88.822 86.252 -380.242 1.089
-19.618 -13.843 -466.154 0.816
-45.642 -8.320 -380.808 1.082
-30.814 52.696 -401.686 1.079
53.884 14.522 -461.445 0.889
-71.584 -96.157 -418.176 1.229
-52.265 5.192 -490.265 1.287
-23.546 -48.812 -317.185 1.141
2.201 69.532 -342.619 1.006
27.026 10.772 -419.035 1.085
17.843 49.167 -321.466 0.943
-37.215 40.661 -304.995 0.983
81.702 -96.689 -379.835 0.932
44.985 79.645 -483.286 1.056
57.452 62.683 -463.218 1.141
31.660 1.998 -329.609 1.193
-8.082 26.719 -372.038 0.996
14.674 30.368 -414.956 0.979
19.003 1.301 -477.050 1.019
-48.059 -37.883 -337.312 0.990
4.739 -79.011 -337.996 0.875
93.531 84.790 -468.206 0.919
-34.089 8.488 -433.755 1.089
-17.645 61.623 -477.572 0.972
-4.863 10.740 -461.585 0.964
54.391 74.041 -441.093 1.129
-41.401 -84.142 -410.452 0.988
82.672 11.593 -350.873 0.884
-17.767 -27.540 -408.540 1.068
-10.898 17.612 -465.473 1.082
-31.005 99.977 -480.028 0.975
16.615 -52.204 -394.009 1.031
-5.428 23.673 -389.743 0.901
-91.800 -7.619 -416.352 1.369
95.855 42.239 -354.706 1.091
-0.167 -16.821 -335.814 1.134
15.002 -89.114 -322.760 0.989
51.779 24.706 -322.915 1.103
64.174 42.050 -301.417 1.155
-26.575 81.005 -345.641 0.946
-97.242 -60.443 -338.497 1.060
16.657 89.533 -449.478 0.896
33.001 98.115 -417.905 1.007
58.555 63.281 -413.569 1.122
-58.424 5.044 -447.081 1.035
5.418 70.748 -301.442 1.070
-56.027 43.298 -449.804 1.160
-65.778 6.095 -499.757 1.077
22.443 -15.658 -422.298 0.914
28.930 19.571 -476.109 1.061
81.747 10.216 -427.077 1.039
-83.052 5.803 -309.317 0.948
99.101 -85.537 -386.294 0.792
-24.284 -5.289 -377.207 0.940
-18.925 -89.845 -446.320 1.027
-55.365 -45.972 -478.584 1.131
-0.774 -53.072 -376.737 0.914
-51.199 19.553 -450.047 1.009
85.543 70.020 -465.283 0.876
-33.781 59.666 -461.748 1.188
-14.003 78.197 -478.057 1.039
98.030 40.262 -431.093 0.848
63.269 62.103 -438.002 0.851
45.391 -39.294 -475.996 1.193
71.966 -42.561 -332.586 0.879
-88.210 -69.176 -321.777 1.043
89.726 13.875 -499.277 1.201
45.705 0.849 -482.918 1.051
77.534 17.045 -307.649 0.884
-29.256 -43.199 -485.646 1.111
-6.862 71.073 -498.961 1.138
-64.284 -48.092 -359.478 0.893
22.453 -59.960 -442.149 1.113
38.954 -30.768 -308.510 0.769
70.654 83.543 -468.064 1.039
68.071 -84.657 -305.025 1.084
58.675 -64.426 -351.345 1.020
-87.479 -35.497 -355.635 0.966
-24.807 75.433 -475.654 1.248
-61.220 34.342 -430.489 1.013
-87.200 58.286 -430.633 0.898
-39.528 -34.645 -480.657 1.003
28.199 -30.870 -498.888 0.916
95.314 36.128 -461.916 1.065
-18.515 -62.523 -448.877 1.084
34.243 26.073 -449.546 0.849
-89.896 2.837 -395.251 1.103
86.595 86.960 -487.566 1.072
-7.301 37.124 -339.276 0.998
-90.442 79.573 -442.319 0.893
-87.810 53.614 -407.673 1.009
-41.306 29.397 -417.169 1.022
97.940 -11.043 -489.044 1.162
-4.244 73.236 -459.805 1.042
-23.936 22.138 -357.106 0.910
44.012 29.949 -454.418 1.058
49.440 77.310 -353.255 0.894
45.695 -94.786 -437.524 0.897
-32.913 89.283 -468.007 1.037
-10.232 3.180 -342.391 1.201
42.648 -52.892 -433.231 1.183
54.676 -80.500 -460.126 1.137
-22.730 1.426 -392.069 1.119
39.443 1.011 -331.452 0.949
8.065 -71.207 -332.260 1.008
82.192 69.076 -352.239 0.883
-66.847 19.308 -315.019 1.036
61.697 0.842 -497.514 0.879
12.497 45.131 -433.384 0.849
-84.572 40.217 -352.733 0.879
91.270 -32.876 -419.795 0.955
79.896 -59.244 -465.419 0.949
93.208 -74.347 -310.110 0.914
37.053 -10.360 -489.759 0.901
-21.343 -86.637 -370.318 1.119
66.538 -64.609 -303.243 1.015
55.231 86.134 -305.935 1.101
93.289 45.290 -341.568 1.246
21.900 -22.241 -365.109 1.044
52.282 -7.688 -421.018 1.021
-39.056 98.489 -426.732 1.041
-87.016 -74.541 -414.665 1.120
28.901 20.918 -389.501 0.924
-32.667 4.017 -434.839 1.041
17.191 85.041 -361.329 1.118
-99.053 38.503 -421.579 0.890
-16.089 -77.027 -329.603 1.079
-84.548 78.254 -369.244 0.921
-26.417 3.037 -436.434 0.950
-1.577 36.317 -444.490 0.887
-4.223 57.691 -341.319 0.954
-52.229 -7.299 -312.278 0.977
55.474 71.065 -378.394 0.935
-82.203 -3.292 -354.159 1.054
95.036 19.935 -441.740 0.970
-59.834 95.275 -383.079 0.996
-47.346 -30.369 -443.635 1.019
76.597 -70.999 -401.927 1.062
83.340 90.105 -413.541 0.937
-56.801 -62.318 -375.818 0.838
3.370 -65.799 -383.898 1.089
-64.461 26.231 -425.947 1.180
51.095 85.749 -308.953 0.995
38.404 37.754 -318.372 0.970
-82.563 81.458 -430.818 1.081
51.428 -51.053 -488.772 1.087
93.140 75.588 -447.585 1.007
-82.268 -43.460 -427.783 1.079
95.813 27.520 -450.473 0.904
17.813 -57.890 -313.750 1.033
-10.245 28.505 -370.680 1.062
-85.365 -79.891 -439.110 0.982
98.533 67.572 -440.077 0.995
-56.691 13.964 -309.663 0.899
42.163 38.786 -302.277 1.046
54.832 93.509 -449.048 1.071
33.848 3.394 -407.650 0.831
-16.328 -39.688 -405.128 0.967
-30.192 75.635 -484.325 1.104
64.366 -46.322 -400.722 0.848
-21.767 40.432 -320.903 1.064
38.058 -96.169 -319.503 0.914
-85.613 67.269 -360.411 0.991
-28.948 -9.109 -391.487 1.023
3.242 -57.224 -470.030 0.993
34.120 -74.302 -452.892 1.191
-51.510 -76.569 -371.776 1.118
-83.615 45.452 -317.014 0.953
-48.999 -95.372 -439.953 1.067
68.970 80.174 -415.239 1.072
21.564 82.955 -337.401 0.993
28.032 49.002 -488.061 0.921
-58.279 -62.110 -498.789 0.977
88.909 89.012 -301.660 1.069
32.035 13.632 -417.842 1.090
65.276 -50.459 -458.462 1.006
-44.509 -56.068 -400.330 0.897
44.134 -18.034 -491.058 0.844
-68.979 27.447 -342.528 1.031
30.246 66.848 -419.844 1.109
-37.197 28.995 -330.603 0.951
96.003 73.427 -385.653 1.051
-78.579 -39.216 -446.867 1.155
-7.794 -73.249 -497.322 0.925
92.662 -36.498 -334.966 1.101
-18.730 73.014 -493.504 0.993
48.592 51.792 -375.112 0.874
-2.534 -75.561 -495.021 0.845
-84.730 -55.276 -334.091 1.057
-48.880 -52.257 -482.443 0.979
-66.324 84.862 -478.543 1.070
-62.592 96.769 -454.683 0.992
-12.846 -18.116 -372.491 0.904
-52.237 1.969 -386.354 0.943
-70.936 -35.850 -343.549 1.018
-95.636 -14.591 -313.797 0.975
21.596 59.622 -391.959 0.903
78.056 78.245 -369.832 0.973
29.180 32.569 -345.845 0.876
-74.623 -7.974 -372.169 0.935
-78.645 -61.704 -414.484 0.979
-71.050 -68.332 -394.689 1.044
8.677 -95.394 -404.218 1.042
-60.860 -84.499 -370.038 1.022
20.632 -14.045 -498.922 0.976
-17.520 -57.100 -489.512 0.880
87.230 -27.514 -307.997 1.122
-6.038 -38.936 -465.479 0.955
-28.247 30.291 -356.502 1.099
-23.143 60.597 -356.030 1.174
-10.620 34.034 -459.527 0.928
-51.472 25.292 -348.539 1.074
-79.168 -44.804 -426.379 0.887
-75.090 -92.074 -442.116 1.132
66.114 16.432 -331.271 0.825
56.326 -2.679 -365.211 1.074
-60.035 -68.852 -416.638 1.005
-32.366 -21.802 -495.223 1.012
0.140 -98.705 -454.083 0.963
-86.152 96.216 -459.818 1.015
17.048 -15.652 -459.445 1.027
-44.032 -15.314 -443.310 1.073
-16.825 -33.020 -390.902 1.135
-98.693 83.045 -491.364 1.028
97.062 -56.039 -426.063 1.012
-64.222 28.275 -333.569 0.937
-86.472 90.209 -393.626 0.977
39.045 -15.429 -443.201 0.940
-69.794 78.309 -396.449 1.005
-51.723 6.125 -494.135 0.973
74.330 -84.432 -437.273 1.027
20.334 -26.459 -337.858 1.033
75.505 82.079 -359.073 1.015
14.573 -75.222 -496.311 0.912
93.162 20.964 -410.663 0.778
-1.075 -51.919 -459.603 0.853
-39.129 -70.150 -387.391 0.966
-40.909 51.220 -450.377 1.061
91.189 71.116 -429.426 0.975
-39.844 24.677 -328.576 0.981
-46.920 59.714 -423.771 0.883
86.345 42.202 -301.088 1.114
-38.057 56.447 -303.208 1.019
98.713 -6.431 -360.682 0.881
46.759 -18.852 -430.244 0.883
-37.238 -3.220 -396.129 0.945
37.763 37.507 -328.972 1.021
-11.558 -28.538 -426.421 0.882
41.720 -49.422 -400.423 1.068
-63.792 88.421 -300.388 1.005
-30.153 59.489 -335.952 0.929
-20.973 34.801 -462.690 0.955
3.868 29.670 -387.759 0.970
-55.552 11.511 -452.056 1.108
95.342 88.384 -443.061 1.056
3.410 76.383 -467.999 1.024
-37.868 66.244 -302.491 0.930
10.114 46.853 -381.909 0.855
-94.919 -73.200 -348.906 1.167
-85.250 53.634 -365.789 0.995
72.236 72.748 -380.266 1.065
-93.634 88.947 -466.319 0.964
47.583 33.275 -464.900 1.023
-5.615 -58.223 -460.082 0.949
-57.365 -25.447 -466.425 0.932
-65.943 -73.589 -474.261 1.009
-33.685 46.899 -473.494 0.941
50.964 47.278 -344.302 0.995
95.386 27.330 -403.043 0.916
-81.634 -94.012 -342.825 1.023
64.888 86.054 -335.165 0.898
56.993 72.665 -359.769 0.915
3.938 -31.025 -407.654 1.108
78.560 -30.284 -343.376 0.961
90.006 -57.719 -305.584 1.109
12.234 67.682 -469.112 0.963
66.766 -56.901 -412.189 1.022
69.056 46.596 -384.761 1.062
62.226 -36.927 -436.224 1.133
2.876 -96.469 -337.054 0.977
59.030 71.858 -312.611 0.956
-33.017 74.983 -334.898 1.071
-82.354 -36.861 -413.003 0.897
79.177 12.733 -344.331 1.004
72.592 38.904 -436.695 0.865
12.610 38.980 -497.063 0.894
-47.796 64.304 -482.123 0.879
10.204 -29.023 -467.951 0.993
-12.788 -64.407 -470.769 1.059
73.186 15.853 -357.131 1.203
7.711 -4.727 -365.374 1.010
-78.329 42.257 -493.349 1.063
2.302 76.173 -335.938 0.950
17.418 -36.936 -407.004 0.934
1.185 51.528 -487.914 1.066
15.597 -94.999 -366.681 0.966
44.027 -80.264 -368.197 1.037
-54.559 -69.260 -437.175 1.099
88.464 15.420 -430.431 1.030
-72.766 -82.221 -474.049 0.971
-63.910 55.130 -305.270 1.094
-53.938 72.833 -442.226 0.995
64.992 -70.350 -482.609 0.895
82.011 46.972 -318.750 0.986
40.870 -9.845 -460.431 0.997
49.128 4.715 -363.546 0.812
-82.663 47.865 -458.781 1.040
84.866 42.933 -368.203 0.991
53.728 -7.315 -381.548 1.023
-86.439 -37.570 -312.894 1.089
77.274 -34.212 -483.559 1.084
-63.517 -83.401 -403.202 0.885
-32.451 -89.747 -377.431 1.065
-7.851 72.052 -493.037 0.938
-44.242 -53.800 -476.509 0.996
-74.358 -69.389 -401.334 0.960
35.455 33.399 -455.991 0.836
10.411 11.069 -349.520 1.056
40.061 -27.425 -401.130 1.013
54.002 -26.411 -385.803 0.986
54.914 -79.312 -327.609 0.939
54.173 12.095 -463.081 1.280
79.932 58.356 -458.458 1.042
70.162 -60.185 -483.833 1.139
99.712 79.676 -304.254 1.082
46.538 -26.474 -380.599 0.991
-44.130 -26.976 -314.340 1.068
-69.857 -80.921 -494.620 0.855
77.439 40.376 -469.792 1.081
1.199 26.930 -467.201 1.071
-44.045 38.267 -495.849 1.052
30.552 -77.040 -343.023 1.024
-30.488 45.226 -416.793 0.834
-72.770 29.697 -417.137 0.988
-57.399 -72.822 -434.440 1.050
15.369 60.795 -462.319 0.952
-63.197 -75.202 -401.650 1.086
-82.418 -22.734 -408.816 1.056
-94.807 52.378 -450.669 0.991
-2.736 55.905 -472.479 1.049
95.655 16.935 -485.257 1.006
42.003 35.498 -460.881 0.996
-32.402 -72.481 -394.318 0.972
-34.794 89.141 -310.406 0.983
-75.410 69.708 -441.074 0.960
89.645 -20.893 -315.107 1.022
-66.470 88.595 -436.079 0.890
70.583 90.738 -442.710 1.046
-18.861 -97.855 -442.625 0.905
-95.176 34.104 -410.852 0.984
-35.122 35.502 -417.074 0.854
-50.190 -78.437 -431.333 0.916
-93.467 -24.437 -450.731 0.989
33.330 47.067 -464.697 0.957
20.405 -78.715 -350.503 1.026
-19.533 58.527 -419.703 1.167
-22.294 96.837 -452.761 1.014
45.025 58.502 -402.110 0.886
19.127 -25.576 -450.162 1.016
-89.457 57.891 -470.380 1.089
-64.214 -30.680 -350.853 0.989
-0.088 -35.938 -430.035 0.967
67.202 37.459 -454.988 0.928
-78.431 -15.105 -302.861 1.254
-10.854 -99.153 -490.005 1.007
-30.802 78.332 -335.822 0.824
-9.153 -84.091 -400.744 0.819
59.385 -28.999 -441.699 0.995
14.661 -3.299 -492.067 0.919
83.691 -4.735 -484.762 1.094
-10.474 -40.128 -357.419 0.970
30.561 36.658 -311.442 0.964
-32.294 -91.216 -318.983 0.769
75.673 -38.355 -411.918 0.940
51.124 -77.750 -479.813 1.005
-4.086 -83.317 -428.213 1.067
31.204 -22.737 -392.926 1.127
38.131 28.086 -372.547 0.817
31.904 21.038 -442.168 1.058
35.573 -64.987 -369.103 1.149
-24.257 -11.081 -449.444 1.057
94.250 -74.133 -410.721 0.976
-6.359 83.406 -323.043 0.959
-49.873 -79.603 -379.366 0.915
-21.262 -96.002 -384.262 1.018
-94.966 -58.577 -361.439 0.715
74.076 33.382 -485.550 0.961
55.899 12.371 -388.331 0.952
-33.603 28.954 -376.888 1.073
-48.709 -87.564 -486.262 1.040
4.753 75.249 -456.354 0.959
-3.792 -38.853 -376.566 1.050
-33.827 76.175 -314.551 0.945
18.403 -70.736 -488.158 1.002
63.733 -70.935 -465.313 0.922
64.153 -62.343 -366.597 1.071
-65.058 -38.576 -440.906 1.117
31.223 15.736 -410.684 1.007
12.671 -9.530 -358.267 0.797
-94.394 68.598 -342.176 1.016
75.451 -35.790 -392.447 0.787
-47.566 76.830 -406.926 0.790
62.130 -39.442 -330.599 0.961
26.910 72.175 -461.406 0.949
-55.367 40.559 -375.615 0.896
38.571 56.156 -491.164 0.884
42.412 21.786 -386.698 1.036
-76.233 34.818 -343.139 1.053
-51.213 -53.596 -395.834 0.992
-75.698 37.030 -300.127 0.973
-9.496 67.879 -422.435 1.025
87.561 70.870 -367.412 1.098
-44.551 92.688 -344.811 0.968
94.267 63.357 -349.353 0.958
98.199 -55.938 -469.138 0.880
40.671 55.862 -334.959 1.125
-71.013 -76.315 -341.856 1.138
-61.697 -36.590 -446.237 1.213
93.494 7.561 -412.336 1.080
-17.163 -41.943 -410.856 1.028
-44.333 28.531 -380.532 1.038
43.963 -42.450 -440.124 1.168
-15.363 17.976 -433.989 0.930
-25.398 69.343 -448.369 1.118
71.849 -7.858 -376.844 1.055
-4.124 40.692 -494.321 1.361
70.315 -29.468 -447.507 1.030
-39.541 28.515 -469.984 0.880
-42.242 -69.037 -455.698 1.039
-37.010 -49.343 -436.600 1.001
74.455 9.047 -496.198 0.771
99.233 -25.786 -387.572 1.126
96.716 86.580 -301.272 0.858
62.328 -30.749 -321.388 0.995
39.677 33.438 -320.861 1.241
4.100 -60.145 -445.699 0.994
-96.079 -65.400 -379.985 1.097
71.141 29.203 -307.148 0.970
61.515 82.033 -453.137 1.191
-29.175 22.338 -422.015 1.023
24.690 -99.142 -411.223 1.216
-75.106 36.193 -495.404 0.869
14.140 -58.407 -479.069 1.019
-73.326 30.308 -391.890 0.960
85.951 -8.880 -306.175 1.077
-57.259 64.828 -388.421 1.065
46.586 22.714 -488.310 0.888
-61.762 78.820 -306.747 1.119
-99.694 79.669 -301.742 1.039
41.450 -79.151 -309.685 0.977
-91.909 -34.491 -481.586 0.802
-74.680 -36.992 -380.153 1.090
-91.303 -41.671 -404.759 0.889
-29.058 -90.134 -330.396 0.889
-59.983 -82.023 -330.104 0.862
-41.317 -90.080 -444.932 1.131
48.275 -75.283 -388.326 0.888
-57.973 21.540 -456.511 0.974
8.631 9.346 -413.036 0.861
-93.805 40.155 -385.831 1.157
-13.331 -97.043 -385.823 0.873
73.612 31.116 -340.088 1.037
-55.195 -81.847 -489.576 1.068
92.912 80.203 -463.911 0.804
27.502 37.944 -382.245 0.973
-93.255 56.709 -442.385 0.902
-89.717 53.725 -308.539 1.266
67.621 -45.649 -417.886 0.997
-48.338 19.122 -414.774 0.992
32.229 86.303 -318.215 1.067
-43.445 31.485 -321.270 0.910
31.342 -42.737 -301.594 0.996
54.848 50.536 -379.231 1.087
82.428 -22.029 -323.871 1.108
40.796 -3.915 -370.750 1.009
64.563 -20.091 -322.676 0.960
99.164 86.278 -323.556 0.983
90.624 -23.838 -498.005 1.000
86.804 4.465 -385.373 1.186
-4.530 -8.813 -331.357 0.960
17.291 56.186 -484.738 1.017
17.791 -72.803 -496.289 1.159
-71.608 1.301 -408.073 0.979
37.385 33.528 -337.704 1.007
27.215 -18.405 -403.442 1.018
15.025 -19.934 -372.182 0.838
7.624 -70.465 -459.969 1.018
41.596 -15.112 -307.640 0.948
-35.214 62.696 -396.018 1.051
-45.211 31.987 -305.285 0.891
31.387 12.948 -324.824 0.992
66.501 19.052 -397.477 0.881
92.444 -53.331 -370.686 0.982
21.661 -3.995 -463.602 1.133
-67.470 21.230 -487.249 1.028
34.550 -73.258 -385.210 0.943
-27.562 78.108 -368.480 0.873
-43.174 23.049 -313.961 1.201
38.709 60.720 -443.492 0.897
-20.344 -76.135 -365.781 1.090
92.358 -89.505 -470.933 0.962
31.251 -22.094 -489.462 1.015
-53.952 19.881 -324.530 1.030
-37.974 48.802 -397.062 0.893
70.107 73.671 -343.733 0.889
26.250 16.648 -360.822 1.042
-52.566 -39.869 -316.320 1.082
-97.552 -69.569 -463.483 1.067
-94.586 -79.907 -413.824 1.008
-60.565 88.369 -414.838 0.930
31.660 -70.816 -403.679 1.094
20.413 -87.361 -322.092 0.962
-16.662 67.574 -321.519 0.885
-86.070 -41.148 -449.013 0.956
53.735 67.995 -375.241 0.849
-99.603 28.359 -315.842 0.980
46.061 24.301 -391.864 0.950
-35.753 19.663 -371.822 0.920
-30.085 -28.900 -481.944 1.043
-0.616 -72.779 -336.844 0.951
-48.874 45.573 -398.955 0.974
-88.055 20.474 -376.509 0.865
30.867 -7.446 -360.067 1.008
16.163 74.460 -303.804 0.814
-3.428 -89.831 -323.902 1.007
-41.455 -84.951 -397.475 1.056
59.728 71.788 -333.768 1.148
-67.747 -98.762 -317.960 1.068
46.870 74.873 -400.324 1.047
20.546 -15.626 -472.694 1.120
22.955 41.493 -344.102 1.182
-1.604 41.842 -337.986 1.044
-62.056 -75.830 -495.286 1.070
-95.673 97.319 -427.623 0.917
88.201 86.631 -350.923 0.982
92.393 5.226 -345.096 1.047
3.715 -40.052 -453.479 0.987
13.599 -48.356 -395.006 0.964
69.159 -56.856 -344.423 1.005
-73.131 -53.699 -405.420 1.079
-3.182 4.483 -429.870 0.918
92.343 -9.171 -433.523 1.184
-80.219 24.889 -439.035 0.944
-30.403 -83.261 -438.672 0.881
-61.070 -15.458 -300.278 1.106
99.847 -0.471 -306.391 0.894
-34.132 34.580 -424.796 0.986
-9.946 -96.190 -430.699 1.104
-60.811 45.707 -369.052 0.947
53.122 55.844 -317.973 0.915
7.603 -65.862 -426.068 1.059
-65.817 -75.977 -387.294 1.028
32.821 24.939 -410.164 0.941
-85.772 -91.614 -435.513 1.097
-1.456 -17.624 -447.290 0.835
-40.166 57.329 -309.266 0.900
51.998 77.298 -487.913 1.038
-12.165 70.658 -471.791 0.877
-52.807 -12.263 -412.280 1.063
6.007 -16.831 -451.397 0.787
-27.274 -1.300 -400.987 1.087
-92.176 91.876 -315.821 0.867
-59.642 -50.957 -391.019 1.071
-15.706 92.679 -437.870 0.943
3.000 82.956 -342.705 0.880
-53.610 -77.172 -388.647 1.097
-41.551 -78.661 -491.272 1.259
-27.987 -32.834 -428.639 0.928
59.729 -77.440 -400.058 0.959
-97.476 10.004 -433.089 1.206
97.520 91.149 -381.228 0.852
-14.497 7.039 -447.116 1.057
40.428 53.235 -404.905 0.896
43.051 28.687 -411.588 1.133
-56.967 -1.413 -418.174 0.894
72.053 -42.123 -384.758 0.971
-46.259 32.756 -371.894 1.008
-69.678 -35.315 -428.129 1.140
49.120 39.504 -315.153 1.137
-80.903 -89.721 -370.413 1.012
-50.140 84.979 -486.684 0.919
-90.609 65.989 -428.121 1.150
41.936 -1.087 -412.171 0.913
-20.503 5.170 -471.501 0.971
-88.143 27.357 -411.038 0.974
-79.200 70.709 -445.708 1.060
-87.984 44.904 -373.595 0.942
93.572 2.561 -413.173 1.108
-91.521 59.841 -334.319 0.955
82.226 -65.806 -468.769 1.053
85.252 16.535 -423.164 1.028
24.733 57.468 -411.209 1.117
28.272 -42.022 -491.829 1.108
-99.219 -50.474 -359.689 0.989
10.026 45.112 -402.001 1.002
74.508 -11.768 -396.191 1.082
-7.142 -46.250 -439.424 0.755
-37.883 7.454 -361.366 1.248
54.466 65.425 -475.880 1.142
-33.318 -21.491 -493.335 0.902
80.615 -44.980 -377.969 1.129
-30.128 71.365 -328.627 0.847
42.306 -35.197 -404.994 0.888
-66.872 -52.708 -435.393 1.044
-78.396 96.935 -466.848 0.988
-33.386 -86.657 -356.402 1.076
-69.206 -91.987 -396.839 0.852
41.931 53.255 -346.637 0.997
-52.171 77.816 -454.927 0.817
71.226 -20.568 -447.890 0.989
-65.397 40.216 -434.265 0.935
-1.691 55.027 -477.827 0.834
-81.778 23.396 -341.259 0.898
-48.286 47.511 -433.448 0.972
-11.144 -10.158 -408.863 1.040
-69.731 33.865 -483.494 0.957
87.603 -7.709 -331.507 1.148
59.434 -44.950 -456.472 0.863
71.439 74.511 -308.682 1.028
-74.527 34.114 -391.064 0.843
-11.881 -38.809 -491.764 0.996
-59.958 88.457 -317.931 0.918
-71.991 -73.780 -446.222 1.136
-74.381 15.399 -494.048 0.911
44.018 -70.624 -437.894 1.043
67.672 -38.263 -328.857 0.877
-22.850 -42.818 -365.544 1.197
2.241 -50.054 -366.256 0.910
-51.959 33.514 -391.164 1.011
92.316 85.205 -475.501 0.941
-75.038 56.351 -352.014 0.998
-33.313 12.916 -434.043 0.971
-37.386 9.358 -395.296 0.999
41.513 -63.881 -445.147 1.153
-42.270 -5.252 -488.580 0.986
-88.938 -55.225 -479.769 0.980
94.075 -65.638 -417.690 1.064
26.338 74.183 -347.783 1.048
19.915 11.591 -341.525 0.901
-28.030 71.415 -395.510 1.212
-98.093 -12.714 -401.984 1.043
12.399 -9.890 -490.254 1.247
-37.279 11.898 -382.310 1.041
-61.430 89.071 -367.277 0.924
-94.072 7.159 -496.931 1.061
-93.825 87.781 -346.922 0.956
-41.212 -86.973 -423.635 1.054
-90.199 -92.699 -382.670 0.928
-68.146 91.284 -372.571 0.912
15.156 -57.478 -388.025 1.042
-78.276 64.896 -365.180 0.801
-27.713 88.349 -480.796 1.017
66.302 -13.180 -318.742 1.010
63.251 92.604 -344.166 1.046
-5.843 35.629 -499.871 0.881
-14.867 9.934 -451.866 1.002
83.962 -33.772 -331.750 1.170
70.788 70.052 -358.755 1.138
11.904 38.078 -310.384 0.966
5.062 -91.621 -380.947 1.065
68.453 30.730 -497.321 0.956
31.065 39.177 -307.921 0.778
31.020 -74.034 -469.972 1.064
-89.260 -44.017 -449.870 0.918
35.961 91.093 -353.669 0.927
-47.881 -77.956 -386.828 1.125
22.294 32.709 -468.396 1.097
-29.565 98.058 -303.148 0.974
-46.734 29.503 -377.809 1.109
86.588 -8.657 -424.152 1.001
28.477 -49.076 -446.226 1.044
99.533 86.633 -409.008 0.906
-27.388 20.836 -418.091 1.169
50.320 60.597 -379.406 1.144
47.279 -50.981 -406.721 0.984
-34.976 -82.953 -350.838 0.938
-4.455 -36.422 -314.628 0.934
-74.237 18.743 -446.205 0.983
-59.197 -70.500 -366.368 0.874
26.379 -7.609 -460.101 0.910
-71.671 45.838 -324.610 0.895
-14.888 -36.288 -464.246 0.871
-3.260 27.089 -314.266 0.928
-29.900 46.744 -479.335 0.943
76.732 23.385 -428.552 0.930
8.342 -77.585 -301.983 0.885
-45.132 -46.438 -353.160 0.895
27.046 71.737 -445.584 0.929
-59.150 -44.231 -403.576 0.889
-73.373 36.436 -403.145 1.002
-84.867 78.460 -305.081 1.216
-38.385 -43.332 -441.526 1.125
38.362 6.625 -317.192 0.898
37.841 76.285 -455.256 1.156
-5.059 -73.964 -375.188 1.051
-50.629 -95.627 -430.500 1.149
94.203 62.524 -496.072 1.053
80.917 -56.497 -406.115 1.012
9.549 -7.562 -310.842 1.032
-82.838 50.567 -447.493 0.978
-33.524 88.391 -367.609 1.003
33.963 -23.638 -429.867 1.167
-54.092 -13.038 -353.793 0.955
-2.401 -43.141 -382.828 0.922
-8.605 -86.373 -336.391 0.879
-7.751 -98.864 -402.026 0.986
16.894 -7.786 -488.968 0.983
-58.137 37.310 -323.040 1.023
82.360 33.831 -306.799 0.983
-98.371 -69.899 -497.943 1.216
26.346 57.708 -330.996 1.012
23.307 -87.694 -479.320 0.938
28.222 52.192 -335.072 0.788
-8.810 35.507 -329.429 0.846
-91.261 82.981 -454.602 1.063
9.571 -0.928 -419.087 1.042
6.204 -78.363 -421.318 0.884
35.032 84.420 -445.692 1.089
-86.488 76.888 -499.105 0.969
44.626 80.747 -377.916 1.111
-65.691 86.651 -474.573 1.117
80.077 25.782 -454.799 0.913
78.706 -27.241 -393.662 0.965
-15.607 49.669 -492.025 1.122
-2.846 -92.281 -352.769 1.004
29.362 85.909 -350.910 1.040
-9.446 68.532 -330.713 1.111
-41.007 71.265 -434.491 0.898
-50.197 -98.955 -461.843 0.969
-98.350 -0.719 -403.828 0.931
92.468 -24.690 -463.818 1.088
66.932 -5.669 -476.850 1.058
-90.392 -32.229 -355.457 1.199
-41.191 38.602 -460.584 0.885
25.261 38.486 -443.430 0.943
-82.620 12.040 -341.228 1.079
2.254 -62.093 -450.478 0.854
-46.764 79.645 -397.824 1.067
-97.884 -39.838 -479.787 1.182
78.500 -29.515 -487.176 0.860
77.383 2.620 -400.030 0.920
-70.888 35.379 -493.450 1.153
-13.027 -17.243 -438.357 1.178
30.567 -38.952 -365.775 0.846
23.282 81.197 -329.990 1.072
-78.802 -56.252 -409.200 1.052
-63.285 33.727 -422.991 1.002
-25.668 -20.442 -486.310 1.054
50.643 84.904 -471.593 0.892
19.925 78.380 -367.052 0.886
-44.357 66.508 -322.548 1.000
32.866 -66.968 -311.021 0.941
63.980 17.143 -329.661 0.880
11.238 -96.213 -366.636 1.066
-54.997 -54.984 -463.116 1.108
-37.504 -29.419 -372.817 0.985
95.620 -32.849 -341.740 1.047
13.892 41.264 -420.586 0.953
-79.643 -49.632 -382.743 0.889
-41.298 -63.071 -327.877 0.983
-9.976 -24.232 -309.852 0.853
15.502 28.251 -491.103 0.841
-1.222 -41.823 -395.858 1.060
-22.929 75.755 -365.774 0.987
19.925 -41.436 -344.228 1.024
-20.414 -67.810 -470.122 1.178
38.560 60.703 -493.906 0.691
77.030 -6.169 -399.908 1.103
-69.952 -90.128 -325.967 0.976
-48.168 75.379 -498.741 1.011
-17.413 -67.415 -425.258 0.893
14.963 22.899 -325.423 0.870
-38.672 -46.771 -405.957 1.000
-29.578 15.236 -402.726 0.990
-50.403 -55.907 -445.861 1.156
72.578 40.605 -408.042 1.072
-77.060 43.235 -495.445 0.896
6.642 19.663 -439.294 0.905
94.938 4.757 -317.707 1.055
-74.884 -71.813 -467.981 0.942
-10.702 1.704 -492.558 0.996
-75.853 24.446 -470.921 0.961
-5.210 65.234 -347.388 1.185
-27.140 -79.123 -404.361 0.992
-30.457 -92.976 -404.311 0.956
55.715 2.476 -389.025 1.130
-78.320 31.484 -332.979 1.008
-50.044 -84.399 -474.165 0.966
11.589 73.686 -461.450 0.754
99.069 -37.549 -325.375 0.770
62.236 43.714 -407.975 1.118
-85.652 80.563 -498.606 0.944
58.407 56.549 -366.517 1.030
94.999 -91.274 -394.239 1.036
-39.357 -98.994 -496.442 0.975
58.695 84.176 -436.945 0.957
11.210 91.149 -454.477 0.976
-78.110 -9.862 -385.829 0.928
32.004 32.383 -491.541 0.908
32.451 22.772 -419.668 1.002
48.715 -12.642 -489.161 1.053
-62.379 -31.660 -343.936 1.126
1.554 -22.715 -331.220 0.741
-79.428 93.686 -437.968 1.245
76.221 54.421 -367.407 1.024
-96.144 63.722 -419.513 1.014
-93.045 39.961 -481.782 0.872
-69.072 64.316 -378.649 1.145
36.885 -6.974 -451.913 0.983
-60.375 64.101 -366.717 1.106
-99.746 39.313 -323.658 0.875
-48.948 55.950 -476.126 0.913
-82.668 35.722 -433.056 0.924
81.919 96.820 -448.683 1.033
99.723 -49.236 -454.308 0.993
-9.802 54.181 -321.439 1.159
13.939 2.215 -322.195 1.136
10.279 -60.237 -423.929 0.954
-55.750 48.804 -325.877 1.040
-71.217 49.412 -420.287 0.971
68.412 -42.917 -335.412 1.097
-47.392 88.745 -463.594 0.997
24.755 27.997 -368.453 0.963
-62.778 -34.773 -375.297 0.871
51.023 -1.101 -403.607 1.031
72.408 3.113 -350.759 1.044
90.668 -17.735 -320.282 0.875
-18.437 70.026 -345.214 0.972
56.505 23.773 -380.293 1.013
-58.138 -78.216 -349.441 1.008
-56.807 -74.637 -348.799 1.004
88.758 -90.500 -369.426 1.206
-96.627 -63.440 -411.922 1.342
2.692 83.564 -480.449 1.038
44.673 63.441 -314.792 1.099
72.422 -15.916 -449.679 0.951
82.814 93.070 -413.042 0.915
-23.838 94.268 -498.878 0.985
99.118 40.328 -300.020 1.027
58.264 31.148 -403.699 1.002
-9.978 -87.846 -458.847 0.852
-50.770 54.384 -305.715 0.968
-35.746 4.764 -378.024 1.105
-74.707 -31.871 -393.050 0.989
-40.470 -34.277 -361.234 1.071
-70.714 -63.285 -306.330 1.021
-49.833 -36.481 -433.671 0.887
71.096 99.155 -471.106 1.058
-51.266 40.845 -499.815 0.959
50.064 77.796 -394.839 0.963
-20.067 -60.900 -352.692 0.958
-7.950 56.318 -309.933 0.881
-29.799 -21.883 -341.928 0.980
38.511 -55.602 -333.588 0.846
51.260 -3.878 -370.072 0.950
-84.713 -86.886 -421.185 0.928
83.974 70.132 -317.523 1.075
73.159 -49.832 -422.626 0.753
-59.667 -48.192 -311.466 0.809
82.002 -16.109 -487.795 1.195
5.568 69.310 -402.001 0.983
-4.525 -17.941 -433.462 0.932
44.826 77.537 -499.940 1.117
-18.219 -23.232 -423.537 1.116
6.197 4.559 -485.527 0.914
-21.568 -6.427 -366.787 1.159
-35.180 -90.951 -451.483 1.055
21.549 -13.376 -497.752 1.033
41.121 -74.596 -476.468 0.884
-33.016 -11.067 -362.191 1.168
-34.624 57.785 -493.545 1.052
-76.498 97.377 -494.471 0.940
-5.047 -71.662 -327.183 0.889
-17.026 40.064 -396.695 1.071
65.859 4.834 -383.828 1.213
18.633 91.145 -367.928 0.935
-15.186 -27.555 -446.028 0.985
54.600 40.534 -351.478 0.890
-1.458 35.132 -433.827 1.077
42.463 -20.527 -485.733 0.940
47.304 -7.623 -400.875 0.865
50.280 -24.161 -339.380 1.054
78.331 -72.323 -434.509 1.115
