53.326 -26.577 -323.929 0.944
6.259 -33.696 -466.536 0.997
56.417 18.463 -461.473 1.072
92.366 19.982 -431.410 1.091
-3.320 -37.690 -370.260 1.166
-5.713 -23.082 -396.343 0.994
-29.741 68.033 -366.300 0.974
-17.732 88.101 -310.662 1.044
22.152 -40.909 -418.793 0.796
37.861 93.171 -363.658 0.941
47.695 -94.330 -359.894 0.960
-72.366 -40.071 -310.449 1.076
58.641 -37.449 -429.376 0.997
5.953 -4.425 -306.900 0.900
-66.075 16.202 -376.933 1.097
4.547 -63.096 -424.102 0.975
-70.146 48.697 -483.616 1.007
-82.158 -29.300 -374.651 0.952
-31.848 5.468 -465.022 1.018
43.147 -14.014 -309.082 0.940
77.507 71.756 -490.483 1.050
4.810 36.723 -300.903 1.069
15.188 80.764 -461.595 0.879
24.091 -95.506 -396.342 0.971
50.164 -5.090 -374.797 0.896
62.836 7.969 -341.146 1.031
91.325 -90.387 -455.252 0.946
29.108 -6.854 -347.405 1.102
-91.020 -22.628 -357.674 1.002
56.128 -9.099 -385.725 0.902
-4.406 37.559 -483.973 1.033
94.280 93.821 -462.500 0.951
-89.313 5.211 -358.812 1.200
60.828 98.132 -306.841 0.856
66.522 94.990 -366.751 0.959
-9.643 -93.550 -428.592 0.959
-81.990 40.925 -413.400 0.904
18.150 -91.472 -489.596 0.966
-80.390 80.393 -389.785 0.883
-30.256 -63.201 -317.531 0.904
68.798 -6.239 -495.851 0.881
12.719 -31.779 -492.762 1.059
-28.174 66.503 -309.325 1.104
18.198 51.180 -384.777 1.002
-50.192 27.191 -401.715 0.958
0.831 -16.236 -402.046 1.042
-25.100 -0.930 -437.567 0.960
84.826 -32.379 -466.665 0.954
66.877 62.981 -300.141 0.876
61.364 14.619 -497.893 1.081
32.184 -20.208 -422.729 1.022
95.429 -25.135 -484.668 0.944
-36.050 -84.009 -391.059 0.869
46.054 36.529 -427.968 1.012
10.770 7.855 -412.720 0.981
-51.264 95.981 -304.940 1.030
-20.958 38.795 -306.401 1.041
-62.125 -87.339 -416.687 1.094
39.860 74.047 -377.472 1.109
63.360 -10.302 -398.433 0.758
-83.145 -84.424 -469.822 1.123
19.095 -37.934 -414.765 0.979
-26.422 41.638 -496.616 1.119
42.064 -65.715 -456.098 1.081
91.875 -75.497 -321.762 1.146
-35.860 -94.982 -476.935 0.782
34.523 82.591 -317.700 0.906
-4.857 -61.895 -419.154 1.225
62.386 19.743 -308.580 0.829
43.609 96.458 -386.343 1.002
36.059 -91.230 -438.306 1.076
38.022 19.933 -475.766 1.122
13.662 2.189 -455.798 1.076
50.339 51.122 -339.449 0.956
28.673 -33.238 -328.140 0.900
74.154 -37.295 -437.459 0.830
-53.746 -43.328 -488.593 1.002
40.337 1.696 -334.383 1.093
24.772 -2.185 -355.111 1.156
32.374 38.922 -358.536 0.985
-26.347 -11.033 -491.940 1.151
-91.451 13.271 -419.386 0.975
-33.934 43.161 -336.878 1.062
-50.006 -41.848 -434.903 0.957
25.867 45.671 -349.224 0.927
-92.188 -32.746 -435.427 0.942
-66.293 54.472 -393.916 1.065
95.789 -28.630 -377.838 0.878
15.740 -67.983 -332.460 0.851
83.572 87.549 -339.702 1.095
54.054 65.588 -382.235 1.136
57.339 2.345 -466.757 1.025
-88.600 22.017 -409.601 0.940
-22.932 96.315 -467.026 1.074
-61.054 0.743 -311.430 1.106
94.786 -80.459 -456.784 1.171
67.306 -35.870 -373.750 0.880
-11.762 -67.319 -376.624 0.951
95.005 75.251 -319.244 0.892
45.570 13.750 -417.199 1.017
-39.054 -57.783 -370.859 1.117
18.588 30.552 -498.019 1.078
-53.345 -91.596 -315.600 1.127
-28.422 -99.185 -411.501 0.893
-19.222 87.170 -492.876 1.019
26.736 65.040 -388.948 0.976
-34.565 -9.741 -351.384 0.999
-52.591 -34.312 -316.029 1.008
79.486 -86.808 -461.474 1.150
53.322 -37.135 -425.216 1.036
72.350 -13.123 -305.991 0.958
7.496 11.493 -317.436 0.923
-3.898 32.454 -434.244 1.104
74.949 -43.360 -398.363 1.123
-53.160 -98.798 -369.026 0.884
44.660 -20.830 -465.067 1.131
96.076 -33.322 -431.049 0.921
57.173 96.625 -443.962 1.020
-18.409 -39.968 -334.737 0.852
95.754 -91.425 -499.576 1.152
-21.522 9.233 -417.571 1.202
-11.085 -20.311 -465.054 0.954
-64.567 48.374 -426.023 0.919
1.156 40.040 -483.086 0.885
74.449 52.614 -318.016 1.039
31.845 33.424 -410.763 1.009
-22.954 83.917 -445.201 1.056
-77.317 27.461 -326.003 1.104
38.079 -16.320 -347.167 0.894
-42.976 76.466 -360.812 0.959
-25.671 -75.914 -469.154 0.950
-82.015 -83.060 -484.473 1.158
89.806 -62.668 -470.066 1.149
75.787 70.718 -471.127 0.885
56.163 38.747 -332.690 0.925
-35.300 -75.769 -498.511 0.919
11.500 -11.771 -431.371 0.948
-57.193 -40.649 -432.549 1.072
-62.607 76.523 -305.558 0.948
69.224 -43.864 -358.820 1.108
32.129 -50.267 -323.320 0.912
46.602 79.106 -442.832 0.944
95.179 58.593 -386.965 0.985
24.752 87.923 -449.503 0.974
-37.635 61.094 -414.434 0.885
-15.487 86.239 -341.456 1.155
-97.907 45.413 -462.349 1.143
-19.975 -23.722 -429.654 1.054
-64.310 -94.172 -395.587 1.052
31.752 69.022 -411.277 0.872
-76.993 28.128 -309.548 1.026
-51.619 94.219 -484.331 0.909
42.297 -49.163 -376.354 0.912
92.441 -8.203 -405.019 0.752
-15.942 -96.492 -341.404 0.888
-40.747 12.390 -392.020 0.908
-98.249 54.177 -479.585 0.902
44.702 -28.651 -419.500 1.078
42.784 51.648 -392.131 0.854
-9.754 -53.068 -484.026 1.089
-36.541 91.344 -338.879 0.976
54.687 -64.890 -301.399 0.913
-53.033 72.019 -415.340 1.036
23.284 79.173 -343.648 1.009
-35.955 69.154 -434.249 0.904
1.089 33.252 -364.960 1.026
-12.932 -30.800 -406.209 0.905
43.256 30.592 -304.792 1.012
-82.185 84.542 -443.514 1.063
-53.067 53.795 -409.427 1.043
0.061 53.203 -481.614 1.012
-73.444 -11.260 -432.477 1.287
60.175 -66.773 -351.276 1.098
92.292 -31.443 -366.982 1.103
-72.430 -94.940 -346.171 1.058
63.617 -5.912 -470.105 0.874
60.984 31.394 -426.493 1.028
13.991 30.415 -359.554 0.965
19.231 -82.685 -499.039 1.001
76.299 35.697 -390.802 0.740
-54.857 97.785 -437.662 0.964
4.102 -17.705 -375.851 1.024
-19.579 -91.564 -351.354 1.119
-91.302 -60.655 -300.830 0.961
59.348 -75.244 -443.768 0.957
-26.357 83.733 -386.485 0.800
-28.999 98.153 -384.902 0.932
-21.742 -16.087 -396.197 0.972
41.964 35.939 -409.638 0.908
15.620 -7.930 -367.765 0.971
-97.142 -74.158 -463.078 0.905
81.638 -86.374 -403.823 1.056
-53.247 91.324 -395.535 1.149
37.513 11.897 -422.074 1.223
81.027 -26.634 -398.129 1.116
45.578 -45.655 -355.158 1.135
41.060 30.861 -498.837 0.939
-40.042 -56.183 -420.078 0.953
-64.176 51.279 -427.580 0.975
99.268 -3.515 -446.244 0.989
44.333 42.971 -465.794 1.060
45.538 79.040 -439.017 1.064
62.242 -3.616 -344.113 0.939
48.448 14.337 -392.131 0.980
23.227 43.749 -360.608 0.789
58.245 -53.059 -447.735 1.148
26.771 70.599 -432.800 0.870
39.523 -28.110 -398.659 1.033
-93.076 97.677 -361.379 0.899
74.945 87.584 -352.675 1.001
43.187 39.805 -421.091 0.986
98.254 58.275 -401.146 1.059
-24.820 62.784 -350.441 0.987
55.141 88.854 -411.701 0.979
67.448 -57.318 -367.160 0.939
-65.662 73.241 -433.314 0.848
75.896 88.731 -346.985 0.900
54.451 -12.294 -460.643 1.188
63.451 44.001 -485.152 0.963
-31.329 27.467 -353.598 0.883
-35.463 71.644 -370.654 1.046
69.101 41.206 -443.430 1.050
-31.957 -14.547 -491.635 1.024
72.603 -33.764 -330.451 1.040
-75.256 3.102 -394.065 0.962
-21.133 -18.097 -341.129 1.176
45.844 74.167 -382.721 0.902
-33.712 40.226 -454.184 1.021
-85.973 -85.564 -336.362 1.000
99.641 75.648 -385.300 1.055
-12.141 77.460 -445.764 1.081
2.965 -59.030 -378.177 0.959
-10.206 53.445 -329.766 1.196
-11.616 94.862 -419.334 0.977
-23.222 -96.781 -368.772 1.025
-19.481 -43.510 -431.871 0.994
41.606 -65.695 -315.089 0.894
-81.454 82.955 -436.732 1.043
-5.553 -0.427 -409.232 0.814
41.134 -23.537 -468.653 1.030
-38.214 -46.589 -400.100 0.996
91.156 10.423 -478.878 0.654
58.562 17.464 -363.416 0.905
-89.555 37.637 -466.834 0.925
-82.638 71.215 -362.433 1.044
-38.430 -73.267 -346.493 1.083
-11.528 34.268 -430.106 0.969
-93.077 -54.256 -364.870 0.893
58.321 -30.897 -416.103 0.945
-8.093 -30.697 -391.177 0.939
-67.457 64.645 -306.392 0.917
77.980 86.954 -355.503 1.012
-42.721 60.171 -379.773 1.084
61.638 19.173 -379.982 0.929
-73.692 81.076 -489.616 1.063
-59.797 -25.255 -474.109 0.849
21.900 77.811 -447.088 0.965
79.531 3.584 -406.554 1.151
-6.659 80.612 -407.841 0.929
48.203 29.723 -420.633 0.949
5.589 -95.810 -430.123 1.061
-65.691 -77.417 -436.801 1.044
-16.818 36.428 -430.996 0.931
6.589 31.304 -302.305 1.096
-75.321 65.904 -386.759 0.891
-38.072 -94.476 -362.225 1.084
54.682 -51.851 -494.476 0.932
52.006 46.664 -341.137 1.037
95.102 83.021 -387.511 0.845
66.000 14.357 -384.268 0.899
8.344 -63.019 -340.543 1.111
73.371 33.757 -477.052 0.966
21.349 -72.216 -420.883 1.144
33.992 6.185 -322.630 1.044
-94.780 -57.671 -488.245 1.094
57.587 58.150 -461.602 0.843
4.733 70.794 -371.930 0.824
92.821 6.821 -350.003 0.879
-98.232 82.840 -419.444 1.153
37.765 -25.463 -402.160 0.877
12.477 -83.095 -445.024 0.837
37.152 -0.999 -390.445 0.922
-30.409 15.425 -346.703 0.998
91.562 18.821 -365.707 1.089
73.875 61.876 -492.969 1.012
-65.599 20.191 -464.991 1.101
38.788 -59.258 -416.893 1.115
4.335 83.229 -405.385 0.966
66.815 46.235 -311.958 1.061
-26.192 95.043 -317.613 0.989
-26.413 -41.691 -362.666 0.909
-45.347 77.252 -302.040 1.212
2.588 29.389 -475.677 1.083
-23.903 -11.905 -349.689 0.950
-71.230 -13.533 -305.918 0.806
26.129 57.624 -408.841 0.865
-69.287 -18.854 -463.512 0.890
-81.525 97.275 -495.027 0.818
57.313 -86.710 -451.564 0.901
-14.500 -89.848 -336.260 0.975
23.220 -75.629 -453.393 0.967
87.515 -15.825 -349.597 0.878
-15.136 0.991 -454.194 0.933
-83.419 15.279 -348.635 1.085
76.810 43.808 -394.039 1.034
-32.822 -13.485 -452.435 0.747
-37.018 17.814 -485.986 0.904
-76.736 14.620 -374.725 0.955
97.887 -59.657 -310.497 0.945
-73.362 92.821 -355.302 1.022
29.523 -0.115 -317.757 0.866
31.583 97.622 -377.054 1.034
-8.578 -61.506 -482.683 0.828
-39.564 -38.629 -369.270 0.929
65.518 -80.589 -329.798 1.096
15.830 -11.698 -416.380 0.860
-64.245 73.341 -487.749 1.135
-49.489 -50.187 -419.712 1.020
40.410 -32.310 -336.559 0.881
93.900 -73.848 -489.324 0.902
13.228 -71.200 -407.532 1.053
43.865 -24.108 -469.791 1.064
63.529 -18.249 -487.171 1.191
27.800 -83.701 -473.554 1.095
-42.917 -45.418 -488.072 0.983
-61.273 -19.756 -312.833 1.073
67.690 -81.205 -440.277 1.157
83.680 -24.586 -470.026 1.076
30.497 -20.661 -407.693 1.166
65.721 23.854 -374.475 0.945
95.678 33.354 -492.519 1.108
-38.134 -27.794 -375.949 1.075
-78.888 -40.417 -423.749 1.104
-88.105 77.318 -330.409 0.787
98.163 -59.572 -477.546 0.994
15.325 76.662 -401.717 1.203
-66.842 7.154 -496.738 1.055
60.243 -48.123 -455.687 0.955
-56.021 57.159 -458.252 0.986
-54.105 95.512 -304.944 1.141
-84.362 -88.536 -437.294 0.997
-91.534 67.980 -357.407 0.881
17.320 90.094 -330.222 1.050
91.784 96.757 -465.634 1.083
86.261 -11.273 -309.268 1.081
-4.623 -89.227 -308.711 0.904
-79.450 -13.839 -377.513 0.875
66.531 -47.164 -493.392 0.989
73.032 -71.274 -318.517 0.829
-24.750 -64.181 -391.396 0.981
-64.364 -2.157 -361.603 0.986
68.743 16.557 -389.023 0.966
71.638 79.080 -355.618 0.911
-47.147 -69.878 -353.998 0.861
14.686 -43.031 -315.987 0.985
98.834 87.047 -362.769 0.969
-97.671 48.251 -407.733 1.102
-85.983 43.189 -497.580 1.106
-29.792 80.011 -445.619 1.039
-4.279 25.317 -404.385 0.977
-35.497 -55.835 -378.777 1.092
-77.825 -20.184 -446.515 0.872
93.170 -5.461 -429.878 0.959
-5.473 69.961 -351.730 0.951
13.523 3.876 -375.939 0.987
69.410 52.292 -347.417 1.026
-82.932 22.911 -475.395 0.989
29.019 77.040 -363.613 1.003
-56.491 29.109 -338.775 1.055
69.760 -42.638 -411.426 1.045
48.765 -99.521 -485.988 0.948
7.121 -69.297 -466.981 1.023
-18.940 90.913 -443.976 0.946
94.493 -53.070 -440.345 1.090
-66.668 33.533 -311.297 0.907
-70.812 8.135 -300.017 1.085
90.323 42.164 -369.233 0.932
-74.031 -79.441 -498.517 0.863
61.884 -60.931 -448.303 1.040
-12.479 -43.908 -300.394 0.868
-8.118 -76.021 -337.336 1.077
-52.914 29.402 -474.814 0.938
55.437 -87.424 -331.663 1.018
85.567 -84.759 -494.743 1.111
-22.642 24.517 -344.271 1.079
36.359 26.919 -468.434 0.923
18.212 82.521 -400.439 1.050
17.721 -61.086 -415.755 0.849
74.208 12.677 -377.582 0.857
-13.768 -75.936 -324.608 0.920
82.909 -41.588 -455.499 0.863
-15.291 12.087 -431.122 0.943
27.892 43.068 -442.642 0.941
95.670 57.447 -380.377 1.002
-72.132 11.344 -304.255 0.819
53.239 -71.928 -369.628 0.954
-87.627 -27.237 -312.000 1.048
25.046 77.926 -407.726 0.816
45.313 -36.063 -455.872 0.989
-15.773 -53.330 -362.502 0.886
-45.640 22.025 -477.453 0.908
1.340 38.317 -486.201 1.074
-32.350 88.078 -413.012 1.035
64.630 -4.774 -361.163 0.774
-79.876 68.988 -349.775 1.011
6.155 -77.766 -452.654 0.877
61.809 -88.250 -440.701 1.117
54.285 -16.365 -457.854 0.984
50.413 38.787 -332.294 1.019
-13.634 77.300 -379.198 0.845
-0.815 81.998 -418.545 1.016
38.578 95.562 -420.821 1.147
90.329 -41.130 -300.381 1.072
-11.218 -79.584 -461.180 1.191
-70.050 8.805 -314.155 1.082
-43.022 -19.629 -403.300 1.143
58.021 64.414 -416.354 0.951
-77.018 -40.322 -414.914 1.043
9.162 95.090 -368.313 1.142
-88.875 94.775 -367.211 1.012
-90.992 66.041 -370.636 0.956
0.133 -19.599 -466.374 1.031
-66.144 8.309 -499.193 1.003
67.309 67.653 -322.191 1.004
-42.971 80.623 -338.989 0.977
19.829 -57.814 -440.441 0.955
-41.016 41.384 -342.953 0.993
-26.050 -94.808 -331.237 1.071
47.480 82.176 -446.653 1.125
56.148 -89.650 -480.146 1.034
95.346 59.933 -482.123 0.882
-97.549 6.131 -322.319 0.802
-51.064 -6.217 -371.406 0.705
-39.487 84.140 -484.130 1.020
-58.523 -57.479 -326.876 1.015
29.303 -36.381 -345.269 0.809
-84.270 -77.409 -322.929 0.890
-63.736 5.466 -434.690 1.149
3.924 -46.839 -390.941 0.826
-72.192 -95.488 -469.921 1.047
-61.618 89.460 -382.998 0.862
91.926 -25.386 -311.387 0.911
7.177 -69.350 -354.776 0.969
56.272 45.553 -437.452 1.005
33.528 -90.479 -339.019 1.105
3.292 16.548 -367.437 0.804
30.456 43.723 -427.921 1.014
-38.087 -26.032 -371.123 0.941
-96.636 50.264 -367.123 0.980
-1.570 -34.789 -371.861 0.903
19.277 48.926 -443.977 0.857
-86.034 -85.017 -304.134 0.954
88.630 12.373 -423.883 0.902
-10.800 54.943 -462.445 0.724
90.138 -60.707 -355.222 0.968
95.912 81.670 -377.128 0.883
-5.168 62.478 -390.986 0.999
-25.507 7.270 -429.500 0.940
-58.863 -68.664 -329.500 1.067
71.926 -31.048 -313.641 0.992
77.361 26.917 -485.322 1.058
52.399 -41.138 -345.253 0.845
-96.462 52.191 -412.611 1.015
92.256 14.898 -375.779 0.967
72.886 21.126 -363.372 1.017
-95.929 -86.542 -345.107 1.026
-48.745 -88.885 -487.873 1.062
-43.886 -66.528 -355.589 1.130
-10.308 12.749 -472.541 1.003
84.920 -19.579 -330.066 0.991
-50.187 -27.257 -425.031 1.089
-56.625 71.793 -301.591 1.082
-49.384 -44.693 -468.100 0.968
-64.301 32.760 -408.754 1.136
-21.283 52.950 -479.607 1.081
49.137 -75.191 -337.400 1.014
-96.774 30.231 -446.469 0.945
-29.361 -50.481 -494.571 0.917
1.776 -10.015 -408.553 1.129
89.925 74.480 -459.811 0.964
8.262 67.111 -449.585 1.002
34.859 56.586 -411.222 0.946
-83.676 42.903 -439.846 0.905
-14.561 50.846 -445.783 0.859
9.008 67.250 -355.307 0.908
66.845 -53.451 -385.871 1.055
81.974 15.199 -351.894 1.063
-94.871 -5.069 -361.964 0.958
59.607 -17.494 -373.685 0.879
-25.904 -89.648 -340.796 0.954
66.725 -70.755 -370.558 0.950
14.138 -78.198 -454.229 1.054
87.171 -45.551 -424.248 0.982
-78.992 91.508 -341.995 1.019
-54.832 -70.488 -326.273 0.891
87.287 95.441 -413.111 0.889
75.375 94.105 -327.416 1.080
60.705 -30.017 -447.159 0.901
-27.469 94.404 -350.928 0.832
95.675 13.669 -418.727 1.207
23.602 52.204 -400.044 0.895
-48.163 78.588 -356.121 1.133
-7.778 -54.656 -479.929 0.989
5.841 79.826 -375.190 1.046
65.309 -59.719 -309.698 0.884
-80.515 -75.916 -380.270 0.734
-20.512 -73.774 -318.765 1.028
-25.873 -5.955 -360.859 1.021
60.023 -20.081 -469.221 0.735
58.676 -98.949 -422.260 1.025
-44.251 -34.980 -320.216 0.912
-11.314 50.041 -422.122 0.890
29.632 18.766 -372.229 0.952
22.462 -73.330 -481.442 0.930
-60.625 57.794 -491.297 0.876
58.347 -9.076 -407.971 1.017
43.996 5.004 -344.864 1.048
-42.076 5.486 -350.259 1.115
-94.643 28.741 -445.707 1.026
54.645 8.812 -439.050 1.036
-84.259 11.960 -439.894 0.790
-45.830 36.300 -393.885 1.149
20.441 15.737 -442.128 0.985
36.799 59.405 -323.302 1.002
23.005 -85.723 -403.550 0.916
63.240 55.023 -339.268 1.022
75.607 -54.260 -499.658 0.883
-88.049 9.091 -372.169 1.060
5.116 95.504 -327.488 1.061
42.273 25.621 -405.128 1.132
-56.830 -1.336 -369.623 1.044
90.806 -44.573 -428.878 1.010
32.216 81.292 -402.650 1.058
61.713 -44.679 -367.898 1.163
-52.744 44.189 -409.097 0.959
43.200 -35.990 -337.491 0.828
85.825 32.602 -351.219 1.057
-90.378 -95.183 -304.040 0.929
76.490 4.288 -428.906 1.056
0.891 3.274 -386.788 0.885
2.296 38.064 -394.897 0.954
-24.731 -54.356 -329.180 0.967
24.032 -5.905 -489.369 1.110
-97.983 91.220 -354.073 1.008
8.431 28.097 -488.227 1.042
6.855 66.362 -354.476 1.192
64.990 8.433 -336.077 0.964
-15.014 20.547 -364.209 0.975
71.211 53.333 -314.629 1.025
64.860 60.205 -301.863 0.869
-76.613 3.248 -466.426 0.984
52.212 14.535 -363.104 1.067
-47.436 -21.439 -322.264 1.022
65.378 25.504 -462.196 1.109
-62.717 87.794 -462.250 1.076
-27.764 -75.985 -395.562 1.072
88.728 -54.675 -449.719 1.055
35.248 12.795 -345.167 0.994
-82.736 87.866 -359.831 1.131
-14.307 27.120 -397.658 0.916
17.960 -16.940 -367.554 0.846
24.009 12.661 -351.716 0.962
18.877 19.701 -369.832 0.922
-37.156 -71.407 -315.157 0.912
36.611 -81.891 -348.642 1.126
-47.812 57.143 -341.604 0.766
-12.488 -17.397 -370.597 0.952
-6.922 -89.748 -411.792 1.152
87.558 97.933 -304.357 1.050
-40.111 40.578 -376.005 1.063
-53.052 -33.617 -479.895 0.814
-55.199 40.544 -445.339 0.909
-42.426 39.974 -493.736 0.805
82.020 -64.324 -327.531 0.823
-42.391 -41.559 -470.508 1.044
92.942 -21.170 -456.398 1.034
-15.437 71.969 -440.788 1.028
58.608 81.686 -424.184 1.085
-96.480 11.207 -348.104 0.966
20.442 2.237 -300.488 0.987
24.669 16.027 -419.795 1.081
-32.580 -45.004 -311.802 0.949
-63.397 46.235 -367.263 1.029
88.485 57.536 -403.533 0.841
-36.326 -74.170 -385.462 0.913
-30.707 -83.891 -404.283 0.900
-40.963 6.789 -354.809 0.904
1.773 99.417 -403.979 0.895
-22.022 -72.664 -461.978 0.970
-92.679 28.350 -327.020 0.953
73.311 91.371 -491.303 1.001
91.549 21.095 -483.987 0.746
84.303 93.044 -345.558 1.021
78.239 -61.908 -464.709 0.892
29.071 -46.407 -307.480 1.141
44.482 -53.302 -385.220 0.900
-99.419 -91.603 -425.049 0.860
13.776 -44.536 -485.734 0.963
-60.063 98.310 -357.462 1.053
-30.440 86.102 -363.635 1.103
59.458 45.510 -332.006 0.929
88.082 -80.802 -469.004 0.969
34.154 29.870 -460.884 1.244
53.849 -79.657 -334.748 0.797
-80.543 2.359 -492.374 0.993
-80.575 37.012 -477.319 1.045
83.817 86.354 -351.954 1.049
-93.825 36.442 -489.659 0.975
81.390 56.158 -329.750 1.087
-80.796 -36.022 -318.933 1.227
-56.982 -84.658 -435.590 0.943
-7.469 -69.673 -491.911 0.934
-64.727 -52.042 -425.656 0.899
84.802 -60.103 -313.346 1.021
-4.941 -2.517 -480.494 0.880
-30.422 -41.212 -441.834 0.827
-20.177 -63.449 -322.023 0.933
12.134 33.640 -305.126 1.099
-86.680 90.194 -304.362 1.115
-29.396 99.001 -379.689 0.795
-94.435 -23.202 -363.846 0.965
-72.135 -40.055 -419.986 1.140
6.975 -56.820 -337.167 1.134
75.601 62.320 -488.259 1.066
-98.986 -75.965 -397.948 1.071
-54.081 -53.199 -315.096 1.048
-56.099 22.460 -456.991 1.102
11.887 92.199 -425.639 0.969
-31.088 8.614 -355.396 0.865
-32.328 27.989 -383.640 0.963
-28.335 -42.606 -342.917 1.041
-39.901 -21.235 -332.944 0.879
-9.114 -22.379 -360.289 0.967
38.068 -45.651 -423.711 0.931
91.125 15.899 -329.995 0.977
-45.009 46.369 -457.894 1.029
-37.681 -23.143 -457.485 0.956
22.275 -36.419 -448.151 1.062
-15.334 14.744 -356.922 0.966
98.612 -45.245 -314.154 0.979
-41.133 97.297 -482.514 1.108
21.031 -49.036 -324.273 1.034
-27.466 31.093 -368.078 1.093
31.809 -5.940 -412.076 0.860
36.343 -52.465 -337.534 1.116
96.442 -44.667 -307.003 0.881
98.405 -6.214 -321.967 0.899
-46.821 -24.534 -489.298 0.961
36.300 63.896 -347.690 0.961
40.872 -80.742 -443.410 0.955
34.405 69.322 -407.164 0.949
46.265 -50.492 -444.967 0.989
-67.834 72.249 -352.959 1.228
30.653 74.862 -379.761 0.995
-95.776 83.019 -478.849 0.908
54.255 59.716 -411.352 0.987
81.042 19.641 -399.683 0.939
23.659 -21.130 -439.434 1.106
-17.357 -7.540 -333.647 0.920
-35.087 -27.582 -457.080 1.115
-30.182 26.979 -484.215 0.918
73.383 99.629 -362.505 0.902
83.589 -0.760 -447.403 1.054
-54.005 -83.689 -425.995 0.972
95.032 12.059 -349.847 1.074
38.412 71.862 -349.717 0.910
67.660 48.701 -357.286 0.896
25.546 7.134 -397.976 0.972
78.163 59.273 -312.664 1.033
34.199 -5.176 -342.278 1.041
-96.278 87.772 -377.337 1.021
71.788 -90.288 -411.119 0.969
76.240 -96.580 -451.322 1.169
86.913 38.491 -318.581 1.044
92.171 -32.526 -380.720 1.024
-24.961 -51.247 -382.486 0.813
-28.186 68.485 -304.507 0.851
-91.081 36.643 -315.362 0.910
-40.400 -99.166 -320.324 1.095
-22.147 -2.995 -457.817 0.872
-13.157 -85.161 -423.425 1.023
-36.073 15.438 -410.987 1.078
-63.057 24.896 -499.653 0.888
82.822 -26.200 -455.676 1.018
-65.263 -75.755 -433.109 0.935
-88.028 -63.474 -477.274 0.982
-11.270 -67.780 -375.211 1.148
-49.754 88.663 -303.574 0.853
-40.120 -17.217 -369.962 0.884
-71.974 0.456 -402.713 0.904
87.490 22.512 -404.524 0.991
-54.474 2.980 -402.281 0.916
-6.403 -0.298 -477.051 0.928
-12.601 23.044 -414.545 0.919
-0.331 79.721 -451.314 0.985
-89.672 39.835 -308.216 0.963
24.475 -24.239 -355.645 0.940
15.268 -60.935 -406.820 1.148
-27.182 -89.054 -345.195 1.101
92.452 -3.660 -423.137 1.053
56.943 -48.835 -469.717 1.060
-0.402 77.216 -409.111 1.036
10.311 -36.513 -361.543 0.895
-65.049 32.001 -443.827 0.956
-59.492 36.462 -432.020 0.777
46.956 21.226 -309.827 1.003
74.094 61.297 -315.205 0.977
-1.620 -73.484 -317.777 1.071
-49.603 55.142 -382.286 0.979
66.893 43.816 -364.856 1.127
-4.958 4.449 -367.907 1.248
38.432 65.372 -323.528 1.086
72.604 18.532 -335.666 0.889
-88.539 68.538 -432.193 1.032
-4.952 -96.110 -389.444 0.865
-47.857 -92.906 -472.964 1.086
-94.341 12.088 -491.619 1.040
47.958 23.918 -461.463 0.996
-48.231 78.024 -473.154 1.019
-70.069 81.548 -482.787 0.982
13.226 -32.527 -488.970 1.011
84.902 3.511 -472.800 1.030
-7.551 75.291 -382.339 0.877
-50.173 21.298 -331.795 1.162
21.169 -83.896 -468.930 0.936
35.278 11.480 -386.091 0.965
-70.857 40.797 -388.324 1.021
86.235 -82.615 -349.302 0.890
86.786 43.051 -378.505 1.073
-39.008 -91.411 -336.441 1.138
64.981 -27.642 -452.735 1.225
-90.476 -8.257 -348.424 0.891
-87.294 -84.046 -308.928 0.848
-17.542 -89.951 -367.587 1.157
59.208 -83.732 -348.819 0.908
80.539 -92.966 -410.018 0.982
-68.196 2.245 -474.869 1.114
-59.943 62.047 -480.501 1.000
55.226 49.811 -365.117 1.047
50.846 50.955 -394.693 0.786
7.850 -27.047 -303.265 1.005
15.034 32.498 -318.544 0.931
-67.310 -2.196 -393.504 1.127
-93.623 70.297 -485.417 0.998
-50.618 -75.850 -447.915 0.939
-45.667 18.253 -337.649 1.101
-50.943 -9.741 -321.510 1.006
95.973 98.749 -330.208 0.978
-88.778 15.292 -337.831 1.014
-75.014 1.048 -371.285 1.057
-91.226 13.906 -467.103 0.899
60.103 -45.939 -465.147 0.961
-94.774 -54.545 -485.982 0.974
-39.392 -22.880 -448.801 1.068
-16.465 71.791 -444.477 0.967
28.668 58.340 -468.766 1.104
62.605 13.800 -369.415 1.058
-54.442 28.050 -355.686 0.997
-59.883 -28.308 -466.789 0.832
75.608 43.848 -329.996 0.877
-44.537 -56.339 -379.715 0.899
94.256 48.215 -413.884 0.960
54.622 7.396 -464.155 1.005
90.703 -99.317 -477.300 0.838
47.507 -59.599 -453.425 1.022
45.834 -60.974 -452.523 0.954
-16.531 -26.016 -328.331 1.022
-52.828 2.039 -350.359 1.012
74.189 -82.195 -397.408 1.047
67.659 -94.738 -308.832 0.891
17.493 76.134 -364.439 0.870
-82.397 -77.601 -440.457 0.889
-69.126 -39.712 -474.609 1.069
97.469 67.040 -408.203 1.147
75.139 -93.167 -406.756 1.014
80.202 -1.708 -415.514 1.137
-94.946 86.589 -442.339 0.892
40.350 88.893 -470.408 0.978
1.331 -84.017 -423.398 1.021
-50.979 82.225 -430.906 1.053
-19.442 -94.288 -484.312 0.911
-30.826 15.837 -345.937 1.090
-23.829 47.583 -479.226 0.972
-39.645 -67.590 -379.561 1.053
96.464 -64.442 -306.255 1.033
18.667 18.319 -483.795 0.943
-81.466 52.086 -475.166 0.983
58.223 -46.575 -484.962 1.065
29.723 -73.406 -301.284 0.988
-26.793 -21.054 -490.147 1.008
66.625 -17.909 -335.757 0.932
-35.012 -86.531 -357.533 0.988
-62.984 20.147 -372.381 1.104
-79.499 86.023 -455.782 1.031
-57.543 43.744 -388.488 1.029
0.748 74.929 -311.801 0.931
44.230 96.625 -464.519 1.120
-48.877 -23.093 -396.075 0.960
-81.498 -93.431 -454.441 0.904
-5.985 71.498 -441.181 0.942
74.786 46.735 -350.113 1.152
94.800 18.949 -481.827 1.039
-22.533 -25.064 -385.056 1.086
45.347 -73.562 -485.673 1.047
-61.533 63.915 -360.504 0.911
33.618 74.378 -367.165 1.059
66.074 -12.061 -341.849 0.951
-55.611 -94.782 -324.401 1.055
-67.711 55.135 -465.433 1.045
-3.258 -25.145 -477.308 0.881
-11.351 -37.991 -366.526 1.000
89.111 60.454 -435.051 0.811
-31.521 -90.967 -490.673 0.902
77.683 5.558 -313.819 0.968
74.417 -42.549 -373.031 0.998
-5.622 -2.649 -338.780 1.031
-25.761 -40.626 -414.208 1.157
-20.813 83.732 -426.444 0.927
9.598 5.720 -384.175 1.036
-3.834 -67.983 -412.000 1.011
-69.723 -65.991 -481.933 0.903
75.105 41.089 -366.819 0.886
-98.692 27.554 -430.805 1.106
78.167 50.845 -334.157 1.033
-91.394 26.108 -414.694 0.973
-20.330 -62.427 -365.484 0.853
-38.089 86.518 -435.259 0.927
0.709 73.618 -435.968 1.027
74.919 78.109 -457.398 1.080
-21.490 53.610 -452.993 1.054
-39.136 -45.334 -465.643 0.940
-57.034 -64.048 -395.557 1.109
-85.709 -85.198 -366.355 1.060
-62.523 18.380 -300.249 0.791
-36.546 -70.343 -451.625 1.131
37.468 98.986 -323.319 0.981
-23.878 -77.994 -353.219 0.962
-90.877 -9.381 -493.597 1.124
-45.698 -41.164 -408.664 1.130
-93.211 4.919 -484.705 0.902
-22.182 7.109 -464.888 1.024
0.482 -91.995 -462.716 0.858
-25.384 95.835 -462.583 0.959
68.302 42.049 -378.773 0.907
79.588 -45.301 -394.320 1.110
60.043 -51.962 -422.478 1.135
54.333 -1.220 -358.183 0.946
-6.936 72.037 -339.929 0.965
-38.840 -12.777 -322.922 1.128
11.130 -63.715 -426.695 1.280
-23.896 57.211 -457.573 1.068
50.891 -68.138 -328.226 1.030
-10.827 -88.621 -360.086 1.037
-73.088 37.684 -397.061 1.033
-46.362 43.052 -400.841 0.889
-89.603 31.272 -450.010 0.954
97.424 -71.573 -399.491 0.908
9.218 -54.244 -452.324 1.071
22.448 92.368 -498.741 0.944
14.174 -45.582 -443.654 1.027
-54.654 22.750 -426.370 1.057
-17.148 -26.872 -326.133 1.040
50.474 16.893 -428.871 0.951
96.714 -37.199 -327.608 1.124
52.934 -95.896 -396.108 1.193
-57.689 46.522 -320.708 1.097
-15.648 -35.892 -379.990 1.039
-54.699 -88.058 -455.650 0.945
-61.158 43.105 -437.396 0.979
-22.480 -30.423 -417.215 0.963
-39.873 70.791 -414.213 0.921
38.136 -16.226 -401.829 1.021
39.031 52.499 -318.925 0.743
-7.625 -37.152 -454.283 1.065
-60.055 -74.379 -410.067 1.048
-11.321 -28.944 -303.569 0.994
27.623 36.560 -449.738 0.967
-42.800 -89.058 -482.430 0.867
-47.892 -64.086 -418.293 1.069
-5.338 11.048 -452.640 0.775
-78.927 38.007 -445.176 1.006
-64.838 20.755 -411.926 0.950
1.610 56.917 -354.629 0.946
-32.628 -71.094 -402.856 0.931
66.152 -27.816 -479.173 1.012
26.107 58.572 -479.813 0.913
-53.206 -42.337 -322.970 0.957
88.329 91.129 -330.944 1.199
-45.932 -2.609 -354.079 0.989
96.744 -2.677 -487.136 0.963
-74.512 -9.413 -330.210 1.035
76.694 -0.392 -494.857 1.249
93.486 78.530 -463.233 0.920
-61.530 -36.828 -496.470 1.093
85.488 70.002 -461.738 1.099
-65.863 -35.875 -489.007 0.831
33.067 33.744 -388.301 0.772
-14.109 73.020 -390.873 1.034
67.533 5.549 -346.879 1.093
2.895 -12.924 -495.666 0.993
-82.043 51.786 -341.664 1.064
84.705 -69.207 -452.874 1.106
-9.404 -76.927 -433.306 1.042
-19.935 6.333 -389.863 1.076
63.299 85.227 -463.401 0.918
93.356 39.610 -407.822 0.819
-59.197 35.875 -435.018 1.038
-55.366 -10.673 -488.770 0.837
-84.931 84.534 -301.443 1.247
-34.472 5.263 -324.891 1.040
-65.314 54.561 -384.514 1.121
11.584 -55.109 -411.205 1.065
31.984 -63.897 -333.511 1.009
16.297 -39.682 -390.885 0.972
-96.291 74.200 -319.781 1.022
-82.340 5.438 -413.924 0.914
-13.973 -26.186 -304.296 1.127
-18.643 18.887 -470.809 1.150
37.170 55.632 -416.959 1.162
34.016 -1.042 -420.134 1.014
28.466 -27.804 -345.224 1.154
-19.608 -35.525 -463.374 0.932
-42.336 -93.887 -350.767 1.114
-61.230 81.875 -358.354 1.104
-8.806 -20.643 -410.801 1.123
-33.534 63.763 -367.848 0.842
-35.263 -96.653 -408.281 1.231
-83.466 63.607 -372.904 1.057
55.899 -94.323 -400.412 0.968
-82.195 30.614 -327.041 1.009
12.266 -71.168 -396.506 1.115
-96.834 -65.242 -490.193 0.930
0.153 -15.283 -433.497 0.943
-58.533 53.297 -384.938 0.977
-43.841 82.681 -372.538 0.988
97.971 -68.490 -315.337 1.237
64.816 -47.048 -464.906 1.086
-76.646 43.712 -462.913 0.955
-25.367 -93.634 -428.493 1.065
-92.493 82.050 -444.278 1.080
-94.935 -91.642 -316.959 1.249
59.060 -9.414 -333.710 1.126
-86.616 54.467 -323.091 0.943
-11.331 52.726 -370.901 1.021
-69.290 -12.962 -302.153 0.857
-80.514 -55.418 -344.369 1.173
29.085 -9.409 -450.655 0.974
20.856 -59.208 -352.973 0.800
-71.480 34.523 -420.004 1.120
-18.760 36.533 -363.343 1.210
-24.985 -11.422 -490.186 1.157
-76.826 81.193 -498.156 1.049
-98.636 78.419 -422.871 0.819
-95.514 -10.044 -444.995 1.031
-67.941 49.174 -416.320 0.986
-66.826 76.750 -396.454 0.893
-49.791 8.698 -401.556 0.932
-16.867 -50.675 -302.972 0.998
66.230 38.045 -476.634 1.223
-96.810 -82.416 -409.777 1.027
-90.588 -25.130 -331.012 1.066
-27.289 -97.683 -341.694 0.993
96.747 67.393 -317.826 0.857
53.543 -32.639 -328.817 1.091
50.422 62.946 -369.147 1.112
81.586 -73.298 -326.033 0.905
4.395 -3.826 -479.292 1.016
19.509 -1.863 -386.177 0.936
-55.178 -74.973 -461.284 0.884
43.004 -84.679 -496.760 1.036
-3.204 18.999 -427.445 1.016
31.827 96.350 -480.524 0.790
42.856 -72.053 -408.406 0.883
-92.972 -49.148 -385.633 0.985
52.170 58.204 -351.172 1.021
-16.622 33.688 -477.696 0.964
-85.055 -13.479 -324.338 1.223
41.910 -11.795 -415.894 1.035
-27.475 -26.188 -451.417 0.964
38.531 -65.336 -301.997 0.941
1.021 -34.465 -317.496 0.988
-26.436 -17.792 -344.761 0.837
39.863 -99.114 -401.966 0.898
67.920 99.838 -486.871 0.890
44.029 99.132 -485.828 0.938
88.500 -42.005 -471.877 0.907
-77.202 -7.211 -417.942 1.129
-20.652 -40.737 -397.922 1.125
77.812 70.784 -460.634 1.120
44.095 10.217 -449.552 0.988
-98.390 34.850 -469.410 0.977
98.533 62.174 -465.460 1.269
-5.945 58.213 -481.526 1.050
-83.642 82.184 -493.572 0.964
2.702 -46.755 -453.519 0.827
28.409 -72.082 -424.616 0.974
61.481 -42.393 -361.764 1.058
-22.676 -23.216 -424.597 0.854
26.066 -63.452 -472.882 1.079
70.150 -32.389 -496.317 1.138
14.169 -46.865 -441.214 0.939
26.768 -25.265 -477.706 1.020
93.618 -75.730 -442.678 1.211
8.276 -36.895 -401.426 1.059
-5.267 59.610 -378.512 1.109
-18.863 -78.995 -480.491 1.109
9.125 -54.148 -412.064 1.015
-11.890 -98.127 -332.360 0.962
85.223 -31.561 -445.363 1.108
92.350 -16.053 -344.827 1.074
77.913 91.384 -413.880 0.948
62.461 -1.332 -338.642 1.065
16.178 47.798 -344.996 0.940
-34.327 26.981 -466.332 0.920
-38.906 95.366 -300.058 1.012
-27.796 -70.635 -438.594 1.055
69.353 13.793 -486.990 1.112
-35.400 -26.603 -366.152 1.165
47.808 86.968 -348.041 1.122
93.236 -79.663 -393.944 0.827
76.614 -93.794 -403.974 1.056
61.989 7.636 -372.198 1.058
-77.487 71.385 -333.408 1.028
-18.923 4.360 -334.285 0.962
-78.089 46.451 -484.367 0.774
-35.728 52.460 -346.423 0.993
68.382 22.614 -463.610 0.969
42.196 71.926 -466.019 0.975
2.484 64.333 -455.353 0.898
-54.795 18.544 -438.290 0.981
21.428 16.703 -398.907 0.912
-68.143 -0.464 -458.398 1.178
-55.764 -63.138 -346.712 0.993
80.702 86.635 -342.190 1.031
31.772 -96.805 -368.964 0.889
8.532 6.250 -498.480 1.109
-83.801 -18.212 -444.027 1.011
-25.719 0.882 -358.605 1.129
16.565 93.406 -366.274 1.030
79.732 -73.515 -409.094 0.923
-19.499 88.626 -456.993 1.193
15.507 -10.538 -465.230 1.025
81.450 -18.331 -450.172 1.060
67.853 -72.444 -454.963 0.887
-0.153 83.662 -355.700 1.120
27.056 -42.166 -388.868 0.956
-78.521 -25.987 -306.392 0.889
-46.853 65.171 -448.306 0.992
-81.900 63.227 -392.426 1.087
3.441 -14.155 -412.918 1.033
99.113 48.276 -308.578 0.975
-70.461 37.846 -334.277 1.118
-5.446 -62.151 -465.888 0.924
-92.350 -51.379 -499.432 0.905
85.248 -23.805 -414.887 1.081
-91.120 -27.678 -340.036 0.961
22.857 -43.168 -337.940 1.059
64.677 60.803 -466.219 1.024
-51.486 -61.847 -467.233 0.992
-89.688 90.394 -302.125 1.038
41.268 -92.334 -481.578 1.022
-30.534 -41.593 -472.109 1.099
53.605 6.892 -329.949 0.948
39.742 -57.185 -346.040 0.847
87.709 38.452 -314.151 0.952
-32.572 95.564 -403.573 1.198
16.932 24.522 -446.431 1.028
53.241 99.299 -408.937 1.040
43.954 -2.771 -388.659 0.975
-17.876 29.618 -436.341 0.928
59.451 29.158 -408.176 1.044
-73.277 10.514 -384.971 1.021
-31.459 -49.214 -325.806 1.084
25.407 40.515 -477.759 0.939
4.657 42.591 -430.798 0.941
34.255 -70.148 -394.378 1.027
-65.681 49.601 -414.116 0.913
19.841 -17.078 -481.785 1.245
-8.329 75.106 -311.978 1.069
-19.747 73.702 -465.586 1.003
28.119 69.381 -415.471 0.866
-95.904 -52.571 -451.913 0.836
-61.732 14.339 -386.663 0.764
73.843 -44.952 -314.876 1.041
-86.525 45.401 -380.432 1.037
-73.031 98.061 -453.826 0.960
-14.313 -77.562 -333.177 0.905
-86.835 -89.010 -315.012 1.007
1.814 7.960 -418.117 0.892
94.064 22.506 -409.671 1.108
10.548 -29.955 -311.016 1.051
2.620 -39.580 -405.888 0.924
-18.644 -41.125 -465.789 0.849
7.756 19.019 -344.333 0.926
17.459 95.321 -455.665 0.983
-48.646 -11.303 -360.871 0.866
-3.817 55.211 -404.355 1.071
83.445 -10.933 -379.685 1.023
-85.705 97.039 -344.572 1.064
-49.649 7.411 -467.019 0.949
86.927 66.116 -384.279 0.988
14.693 2.133 -402.861 0.861
-47.176 30.371 -458.856 1.052
-74.348 -36.725 -397.698 0.992
-4.646 -28.009 -378.744 1.048
82.133 63.169 -329.402 0.991
91.135 16.989 -320.754 0.984
-35.108 30.589 -430.461 1.262
59.992 -36.546 -331.469 0.962
-90.219 66.541 -333.327 1.019
55.741 -70.113 -486.655 1.019
-84.644 -7.211 -400.240 0.932
19.021 44.597 -300.700 1.073
-17.273 -98.705 -423.978 0.978
26.094 72.912 -418.386 0.877
37.725 -2.805 -316.628 1.022
88.794 66.299 -381.248 1.038
-29.152 -91.057 -336.027 0.982
39.116 -5.045 -383.861 1.223
95.729 -37.321 -344.473 0.757
-83.628 -47.202 -337.355 0.980
-90.900 0.547 -376.114 1.159
-86.059 -84.602 -460.855 1.099
98.427 14.662 -491.304 0.985
30.810 -34.805 -420.291 1.124
10.995 56.165 -346.216 1.148
24.421 -97.310 -495.502 0.973
-23.447 -71.012 -365.859 1.073
-15.589 13.878 -448.495 0.945
63.091 45.757 -499.113 1.040
97.392 2.006 -431.385 1.009
-63.616 37.345 -411.329 0.922
-53.668 -69.943 -425.010 0.885
63.447 -75.371 -373.187 0.995
-99.566 -6.551 -326.710 0.782
7.821 66.442 -384.444 1.042
-72.446 65.864 -374.280 0.970
15.531 74.153 -408.433 1.044
72.358 7.757 -358.739 1.035
-21.592 90.075 -339.898 0.916
-84.000 19.432 -384.838 0.861
24.047 -34.382 -432.909 1.045
22.694 79.390 -365.805 0.894
75.048 -15.747 -323.739 1.165
80.547 39.591 -410.791 1.110
-48.987 48.350 -405.160 0.930
-20.171 40.322 -347.548 0.949
-92.908 50.673 -455.214 0.981
-16.233 58.002 -400.374 1.060
80.997 46.153 -427.223 0.982
-92.510 73.251 -459.972 0.987
36.149 53.250 -361.303 0.962
-79.610 7.014 -377.472 1.101
-78.740 -71.293 -318.950 1.111
98.646 -49.213 -459.273 1.218
81.583 67.756 -419.553 1.088
-36.592 -77.051 -478.637 1.138
-86.821 -92.945 -309.843 1.022
4.781 53.430 -376.160 0.986
35.244 -22.277 -373.532 1.199
76.364 83.519 -494.453 1.086
40.879 41.050 -369.290 1.039
-5.425 -25.992 -365.831 0.977
64.644 -42.064 -402.525 0.735
-41.516 89.163 -420.006 1.086
-76.644 38.795 -414.216 0.786
18.499 -6.716 -336.192 1.206
58.212 23.961 -331.283 1.169
51.485 -60.097 -413.001 1.101
47.839 56.023 -429.475 0.918
-24.412 -12.351 -436.384 1.015
98.002 98.173 -462.110 1.098
44.121 -88.184 -312.812 0.950
47.886 73.554 -454.994 1.100
-91.046 2.396 -469.286 1.083
39.868 97.792 -372.561 1.081
-46.226 -67.323 -434.079 0.898
94.922 28.597 -443.097 0.915
21.291 12.641 -354.675 0.921
-51.118 64.062 -455.851 1.102
4.637 -23.606 -459.042 0.969
-13.828 63.374 -341.109 0.901
-35.300 79.149 -326.299 1.103
-55.809 -10.913 -352.363 1.045
83.724 -84.026 -467.750 0.898
70.100 40.577 -310.407 0.968
-60.940 -92.736 -305.500 0.997
-83.277 -2.739 -305.651 1.087
-1.489 -72.380 -308.693 1.181
56.744 56.256 -436.411 0.826
16.785 3.078 -426.162 0.931
17.461 69.395 -391.248 1.045
18.732 22.170 -306.483 1.001
-31.961 25.514 -404.093 0.925
-59.287 92.062 -302.724 1.084
-22.147 -57.430 -437.282 0.998
-92.089 45.007 -383.550 0.957
-35.691 38.601 -446.292 0.890
-2.338 -86.180 -405.975 0.893
-76.302 90.182 -437.889 0.935
67.693 -11.403 -373.270 1.021
82.989 16.776 -417.611 0.900
-59.933 -87.731 -483.087 0.979
-66.156 -71.658 -370.703 1.124
-58.362 40.937 -422.608 1.054
51.833 21.110 -491.730 1.035
87.395 -40.345 -342.764 1.094
4.434 -66.374 -406.821 0.905
60.461 -66.736 -386.803 1.082
41.523 57.315 -440.993 0.999
-52.359 -56.440 -468.945 0.745
-27.405 -72.943 -427.137 1.104
5.712 -90.412 -364.991 0.993
-69.050 62.320 -464.645 0.991
37.277 -40.379 -465.467 1.148
85.231 98.572 -336.033 1.082
-8.509 64.133 -425.797 0.862
-93.755 -70.702 -408.813 0.962
36.830 75.573 -411.768 0.916
84.215 69.933 -450.692 1.237
-55.432 -5.569 -420.986 0.960
-81.090 -83.426 -439.526 1.051
-91.662 64.575 -395.102 0.981
-75.594 32.341 -389.018 1.048
83.194 87.539 -343.416 0.970
14.987 69.413 -319.423 0.969
-30.646 55.567 -333.919 1.007
64.278 -95.593 -370.883 1.030
85.910 28.227 -424.619 0.986
60.535 -3.964 -413.467 1.012
65.259 -84.410 -314.743 1.093
55.711 70.341 -376.049 0.965
-83.312 -75.572 -451.335 1.006
27.076 -50.713 -408.681 1.095
-11.465 22.313 -390.805 0.905
23.564 72.848 -381.736 0.899
-21.969 83.415 -386.284 0.908
-80.306 74.759 -449.471 0.964
75.413 -93.636 -306.046 1.039
32.784 83.202 -390.886 1.048
-46.052 -79.656 -485.457 0.985
-13.018 12.863 -499.680 0.986
-95.526 61.507 -357.311 1.064
21.221 -67.059 -441.265 0.817
43.659 33.269 -416.992 0.967
99.878 62.974 -345.011 1.031
19.711 96.001 -339.269 0.915
-76.452 -40.234 -411.337 1.042
37.127 -54.516 -465.260 1.042
40.018 35.237 -300.906 0.983
7.107 -45.564 -496.891 0.981
97.695 -38.228 -349.170 1.137
-44.701 -67.343 -350.449 1.010
91.938 71.830 -414.094 1.163
48.594 -14.714 -433.370 0.942
-56.222 89.164 -401.584 0.985
32.944 -4.370 -336.624 0.929
-58.371 70.471 -450.417 1.243
10.868 35.319 -377.536 0.967
76.862 -50.100 -332.304 1.195
-4.794 -35.072 -351.670 0.861
3.725 46.210 -383.984 0.915
67.910 68.730 -398.998 0.955
-41.307 76.947 -472.158 1.048
58.592 14.071 -318.835 0.986
71.713 -81.021 -362.279 0.892
18.536 95.744 -330.102 0.999
10.786 -23.520 -417.608 0.988
49.776 -69.290 -361.901 1.158
66.531 -62.361 -302.166 0.896
-92.926 91.391 -459.225 1.051
87.616 12.172 -498.504 0.971
-72.469 -80.078 -453.270 0.973
40.194 31.791 -378.646 1.048
-77.523 7.626 -474.393 0.889
-31.671 -90.567 -446.591 1.142
8.730 64.699 -450.601 1.099
98.411 34.842 -454.214 0.913
29.117 -3.219 -416.961 1.034
-8.064 8.325 -494.371 0.900
-36.731 13.440 -493.863 0.914
67.147 -98.451 -400.827 1.046
-83.069 44.205 -473.043 0.902
-36.533 -83.933 -371.710 1.001
-59.156 42.936 -488.073 1.169
3.385 -19.218 -359.916 1.026
76.935 84.493 -346.721 1.119
-70.186 -48.339 -349.462 0.960
11.872 78.799 -417.179 0.880
-56.361 -87.151 -319.776 1.161
-38.575 -77.277 -329.668 1.112
18.606 -57.543 -398.720 0.946
40.015 57.455 -310.189 1.058
11.395 -17.302 -349.942 0.851
5.999 36.717 -438.465 0.984
61.421 -25.603 -402.778 0.925
-53.202 -72.765 -497.439 1.128
-90.032 -48.654 -405.200 1.134
-14.458 96.009 -428.313 1.104
35.485 14.793 -491.375 0.958
38.017 21.855 -362.658 1.168
-22.592 -6.087 -491.193 1.062
-88.654 -14.293 -490.837 0.819
63.202 -96.185 -475.228 1.027
17.468 -2.499 -372.738 1.011
89.680 34.815 -300.885 0.952
-13.990 37.733 -433.394 0.865
-16.743 -91.773 -330.303 1.191
5.824 37.436 -457.739 1.091
-1.499 -82.309 -380.232 0.787
-80.436 96.769 -327.806 1.140
23.755 -95.427 -395.312 1.186
98.868 -88.455 -365.028 1.054
-55.317 13.966 -342.058 0.979
64.672 -52.764 -441.252 0.955
-21.166 -87.448 -314.423 1.074
58.847 83.822 -393.686 0.864
15.925 70.109 -317.166 1.160
-23.260 -18.979 -435.371 1.110
-99.329 38.667 -439.760 0.795
-85.970 -16.394 -371.812 0.966
2.408 52.203 -300.006 1.080
-29.111 71.531 -399.590 1.121
-62.283 36.592 -315.360 1.084
83.356 -30.931 -484.461 0.850
10.635 76.083 -340.859 1.027
-15.822 43.746 -322.343 1.018
-23.818 41.589 -475.734 0.888
65.998 85.778 -419.851 0.980
29.963 26.586 -377.711 1.010
5.105 -16.819 -486.004 1.080
6.376 -46.009 -382.680 1.053
92.364 18.847 -366.778 1.229
59.813 73.456 -310.393 1.052
-84.500 -34.141 -402.569 1.026
96.521 -80.439 -364.209 1.122
-52.121 -24.209 -363.938 0.859
63.392 9.663 -478.470 0.908
56.702 27.879 -494.634 0.806
55.221 64.959 -411.972 0.841
-95.491 -50.793 -358.901 0.770
64.583 -82.334 -307.227 0.917
59.212 72.554 -363.097 1.076
36.805 44.481 -381.136 1.007
-19.877 29.312 -396.003 1.043
-88.479 -14.961 -302.087 1.031
82.180 89.014 -445.118 0.932
-41.572 -19.179 -484.392 0.960
-4.527 22.694 -354.602 1.004
-2.365 -89.367 -365.679 1.157
31.374 -62.100 -457.924 0.973
75.954 -0.908 -370.111 0.906
-0.830 90.171 -300.278 1.117
-33.792 18.453 -301.235 1.086
87.753 1.086 -357.417 1.137
-16.787 1.856 -456.019 1.162
83.307 32.388 -326.913 0.878
-47.492 -40.490 -357.725 1.133
-52.604 -69.377 -480.895 1.068
-42.606 -22.386 -419.354 1.074
90.825 -94.563 -322.781 1.017
10.898 29.218 -431.508 1.073
-36.962 28.711 -417.975 0.898
-18.373 31.917 -374.350 0.817
46.654 -16.319 -357.616 0.886
37.593 4.399 -402.319 1.144
-95.263 -85.508 -317.432 1.110
-13.001 40.270 -474.493 1.125
99.034 -93.530 -497.746 0.909
-70.106 34.946 -421.452 1.096
-94.729 90.381 -354.932 1.020
-91.870 50.208 -468.230 1.053
13.306 1.123 -436.800 1.085
74.862 21.098 -357.077 1.048
-18.578 -71.421 -498.647 1.169
-68.105 7.925 -363.742 1.020
-19.693 16.369 -438.057 1.021
13.270 88.559 -451.143 1.045
-77.970 -36.792 -474.832 1.019
-71.459 72.050 -363.451 0.940
71.018 17.906 -444.127 1.055
15.455 46.959 -377.207 0.941
-49.986 42.294 -446.822 0.948
32.316 -78.317 -411.089 1.009
7.808 49.562 -439.046 0.850
44.543 -62.497 -311.016 0.892
-93.343 1.435 -354.026 1.001
27.683 23.321 -339.474 0.865
30.099 84.215 -474.621 0.875
-83.575 27.159 -394.496 0.982
-63.777 -31.268 -457.604 1.086
-91.505 -98.500 -400.811 1.057
47.754 45.374 -345.688 1.062
-51.287 -91.282 -366.980 1.172
-57.159 99.947 -402.596 1.128
80.329 90.807 -473.439 0.797
-83.610 21.724 -430.504 1.021
-77.420 62.119 -497.583 1.014
94.152 -76.400 -338.011 0.959
-60.027 -40.209 -490.627 0.888
91.235 -6.598 -499.359 1.133
7.221 -76.547 -496.874 0.984
63.641 16.802 -353.500 1.095
67.820 -70.363 -484.067 0.975
-50.877 -32.077 -371.362 0.911
-18.078 61.067 -484.199 1.138
16.059 19.783 -335.669 0.759
-62.113 -34.207 -347.702 0.835
-4.949 43.525 -452.810 0.938
16.469 -52.963 -331.099 0.924
-0.139 65.561 -342.910 1.036
-1.078 38.015 -432.875 0.830
61.769 -73.117 -363.693 1.120
11.174 61.404 -394.703 0.920
-49.767 77.188 -376.603 1.084
7.956 -35.202 -305.025 0.967
-42.367 -82.812 -414.721 0.984
94.905 -51.401 -341.659 0.986
-52.420 -82.588 -416.300 0.995
5.960 9.928 -337.159 1.166
46.705 35.368 -352.893 0.882
39.223 90.968 -493.660 1.082
69.950 -74.911 -356.098 1.121
-74.641 68.339 -475.974 1.096
13.789 67.775 -435.859 1.068
27.958 40.386 -482.088 1.177
-57.843 60.353 -438.922 1.036
23.245 -60.135 -364.650 1.026
-83.117 -49.136 -391.300 1.032
18.500 39.997 -352.071 0.989
-49.822 97.910 -352.800 0.943
-60.552 81.887 -449.124 1.077
2.736 -34.289 -492.895 0.848
60.659 61.327 -333.679 0.894
-71.431 42.250 -441.616 0.996
-49.432 -3.350 -432.602 0.944
90.983 14.455 -434.554 1.062
62.630 60.499 -362.533 0.936
72.139 -42.949 -325.555 0.817
92.889 96.310 -452.656 1.137
70.592 -63.705 -450.678 0.947
69.110 -58.744 -481.612 0.912
-37.353 -39.492 -386.451 1.045
28.048 -48.789 -430.002 1.002
88.576 67.371 -396.844 0.919
40.877 82.569 -353.749 0.835
-92.802 -87.774 -392.293 0.978
-54.572 -49.050 -310.463 0.946
-51.652 66.133 -357.419 1.008
-8.729 80.915 -304.052 0.835
-56.299 -25.675 -329.554 1.135
-70.786 97.196 -327.069 0.935
-92.949 21.055 -337.879 1.051
-93.233 47.127 -419.878 0.934
32.739 -48.459 -350.331 1.105
-58.084 -82.118 -410.205 1.004
78.975 -78.976 -348.781 0.995
71.084 38.019 -435.318 0.944
-89.993 -96.867 -382.696 0.975
-36.502 -19.244 -335.827 1.206
25.586 -60.841 -442.525 0.922
-90.091 77.034 -305.185 0.888
-54.459 37.371 -414.001 1.126
-7.171 29.063 -436.540 1.217
98.518 -74.467 -362.678 1.156
6.905 99.508 -440.075 0.976
80.382 -75.259 -316.487 0.899
6.125 16.792 -372.213 1.148
-20.996 61.203 -462.156 1.130
47.984 -39.924 -484.908 1.155
91.532 -67.074 -381.488 0.878
37.099 -96.318 -445.952 1.011
45.284 -82.417 -335.538 0.937
-15.124 76.819 -461.559 0.921
1.419 33.169 -300.948 0.833
51.313 -78.150 -300.967 0.968
36.967 48.076 -383.488 0.881
47.647 16.679 -467.385 0.920
93.037 -36.277 -437.102 0.983
-84.298 79.901 -364.612 1.043
58.976 89.931 -431.225 1.055
42.776 -28.050 -436.222 1.121
-14.628 -78.067 -349.681 1.030
-28.425 56.105 -328.201 1.028
83.106 -54.812 -384.327 1.077
-46.319 -1.178 -407.559 1.021
-40.977 98.820 -389.455 1.105
-92.588 -29.767 -364.174 0.902
57.332 -78.741 -437.349 0.931
67.457 -78.479 -369.428 1.086
-37.836 -91.270 -313.052 1.094
-21.504 56.483 -372.050 0.994
52.540 -32.349 -479.161 0.906
-72.380 -68.536 -447.481 1.061
96.832 -52.241 -462.021 0.887
34.708 -28.528 -305.161 1.073
78.024 -53.739 -366.690 1.060
-86.574 -86.518 -405.504 0.938
6.881 88.032 -439.504 1.006
-2.880 54.133 -395.393 0.972
58.318 82.593 -407.420 1.078
91.783 -45.265 -310.189 0.903
-22.335 -84.274 -306.595 0.969
-85.980 -58.645 -446.539 0.962
-87.058 94.530 -306.572 0.992
-62.735 -60.087 -388.711 1.094
-66.842 -54.103 -308.357 0.990
-20.458 32.762 -316.975 0.998
98.411 -20.716 -487.092 1.047
-64.031 -59.265 -379.378 1.068
10.234 98.335 -374.940 0.959
36.588 39.586 -487.907 1.003
83.658 -58.024 -333.759 0.819
-21.071 -65.064 -344.381 0.903
42.854 -82.061 -496.430 1.082
-1.423 -41.602 -395.178 0.956
99.892 36.624 -318.686 1.040
11.524 -26.217 -461.707 1.052
-2.547 -41.464 -425.613 0.867
-37.501 -92.109 -318.436 1.188
-60.491 84.072 -488.855 0.844
-52.665 24.495 -402.419 1.089
22.949 -42.050 -326.482 0.904
-61.962 89.043 -418.174 0.978
-95.886 75.030 -331.644 0.988
74.853 60.790 -339.622 0.918
39.966 -59.660 -316.972 1.096
-13.690 -32.748 -430.408 1.164
96.567 -66.561 -350.100 0.954
74.962 63.762 -328.837 1.016
0.873 27.045 -372.545 0.960
-26.658 50.909 -387.342 0.817
31.300 -28.754 -339.333 1.168
-21.387 -28.838 -380.396 0.918
74.779 -63.397 -301.854 1.203
32.670 25.496 -491.886 0.958
87.471 68.095 -469.538 0.837
-64.714 83.164 -395.184 1.027
5.432 1.162 -456.108 1.203
-57.478 39.842 -395.180 0.966
59.100 -54.901 -384.252 0.812
46.888 -87.701 -485.487 0.994
-93.857 63.874 -345.301 1.014
-33.421 61.549 -491.125 1.131
81.764 -47.165 -397.516 0.975
40.398 -1.329 -321.862 1.049
-14.665 94.599 -324.713 1.025
23.406 2.163 -372.554 0.886
47.178 -33.543 -300.640 1.100
-88.580 -26.535 -407.647 1.008
-77.546 34.929 -450.939 0.967
24.979 24.524 -317.752 0.971
-70.661 -0.440 -303.823 1.005
-3.429 -67.010 -395.576 1.009
77.871 80.416 -440.879 1.010
-37.431 -89.954 -346.124 1.016
-27.275 80.900 -425.580 1.007
12.606 66.692 -452.733 0.884
9.534 -65.564 -377.232 1.021
-87.236 -17.616 -493.482 0.990
12.219 85.054 -315.451 0.867
-52.230 59.448 -300.124 0.928
-9.024 -79.635 -333.110 1.025
62.976 -0.884 -487.289 1.067
26.991 -32.078 -443.409 1.014
-33.883 -10.815 -349.382 0.927
-69.283 81.624 -494.155 1.173
94.065 -27.214 -327.461 0.878
8.675 -84.176 -328.274 1.094
98.516 66.498 -343.744 0.990
10.404 89.846 -407.206 1.126
70.147 33.428 -377.461 0.830
6.022 20.034 -451.248 1.021
-52.708 -82.208 -434.379 0.973
63.166 -77.083 -357.559 1.075
-82.479 67.423 -429.290 0.984
21.566 -53.586 -307.658 1.180
69.816 72.112 -497.538 1.039
37.092 -82.845 -351.088 1.072
-2.959 86.185 -450.511 0.977
96.766 83.839 -395.965 1.172
-31.479 -33.596 -332.318 0.856
-88.648 -98.145 -453.130 0.883
-29.156 89.560 -450.541 0.985
-36.443 -61.653 -382.154 1.039
89.864 46.212 -311.364 0.874
11.508 -52.724 -302.594 0.871
50.925 27.008 -486.705 1.001
-22.074 -27.920 -320.478 1.118
9.911 -78.006 -373.010 1.046
85.734 41.975 -345.831 0.799
-40.911 -82.521 -477.611 0.959
-72.904 -66.440 -329.950 0.961
-26.765 1.857 -420.833 1.034
-52.130 -54.364 -393.293 0.788
11.899 62.519 -370.033 0.902
-91.726 -79.813 -489.755 1.025
46.880 -39.992 -466.834 1.111
33.383 10.685 -396.332 0.920
60.545 99.218 -474.751 1.016
-49.453 -35.227 -379.236 1.031
91.450 32.628 -455.892 1.005
43.018 -46.550 -377.084 1.113
55.380 -17.257 -428.335 1.134
-5.942 -87.522 -369.186 1.029
-97.671 88.974 -484.840 1.090
32.994 -90.721 -333.823 1.032
10.913 -34.106 -341.043 1.028
-41.002 9.836 -471.854 1.165
-67.593 37.749 -451.686 1.004
6.649 82.937 -331.406 0.837
-9.596 20.212 -394.414 0.961
-81.418 -78.238 -491.507 0.998
-66.652 21.546 -318.034 1.068
-54.282 13.714 -311.253 0.947
-95.618 42.255 -420.519 0.975
58.477 -54.846 -432.001 1.086
-12.074 65.689 -478.475 1.020
36.252 -27.618 -453.580 0.914
45.048 13.872 -423.174 0.891
19.167 38.622 -460.034 1.068
-14.103 16.160 -354.032 1.103
-90.100 -43.438 -301.538 0.809
-71.510 -44.953 -371.375 0.947
-10.726 -12.866 -318.317 1.041
-23.604 -59.056 -396.359 1.063
51.084 -22.668 -379.785 0.923
-15.786 -50.431 -395.627 0.829
-10.690 -43.409 -377.098 0.805
46.330 43.642 -468.808 0.937
63.142 30.090 -313.011 0.958
-60.714 -89.314 -303.150 0.925
-71.527 -39.958 -476.943 1.004
50.740 35.860 -444.610 0.990
-48.750 91.331 -490.706 1.010
-92.952 98.718 -453.208 0.938
-32.252 0.371 -391.277 1.077
-6.542 84.098 -407.052 0.896
95.398 -59.473 -356.790 1.024
12.934 31.816 -384.733 1.241
-26.635 -5.101 -353.277 1.146
-75.548 -7.464 -343.194 0.846
-8.063 -60.185 -471.542 1.064
39.067 -83.872 -332.320 0.797
94.781 8.093 -335.246 0.991
61.074 -71.868 -453.185 1.177
40.112 37.839 -410.599 1.117
8.716 93.559 -323.735 1.011
53.502 90.875 -443.168 0.780
84.389 77.329 -379.855 1.028
83.684 35.482 -382.673 0.951
22.260 7.572 -473.721 0.988
-34.196 18.763 -379.499 0.978
-74.236 85.184 -409.795 0.964
-36.113 3.183 -323.145 0.921
-52.169 22.615 -328.592 1.018
2.726 -97.317 -454.114 0.992
-6.006 -6.084 -432.380 0.925
-1.146 -94.910 -319.666 0.898
-14.292 21.959 -488.210 0.888
71.603 46.940 -328.195 0.954
-3.873 -19.919 -496.818 1.040
-63.494 31.208 -459.303 1.174
84.928 37.878 -466.191 1.141
-32.015 15.192 -498.068 1.152
29.272 -20.656 -392.679 0.941
82.681 -62.627 -401.807 1.117
-86.735 -65.914 -333.559 1.028
69.773 -6.816 -408.261 1.068
29.378 -76.709 -347.751 1.066
71.770 13.521 -309.847 1.033
29.397 -82.167 -499.691 1.071
-77.232 -84.586 -325.638 0.873
-66.587 90.737 -330.909 1.011
80.182 -69.681 -484.898 1.271
-4.427 -3.202 -353.707 0.905
12.771 30.176 -425.707 0.994
-80.468 68.401 -464.694 0.900
-11.280 -45.226 -407.693 0.953
-38.432 42.308 -319.434 1.199
94.754 -60.889 -441.204 1.022
0.438 -22.247 -452.920 0.935
-81.903 -24.632 -440.793 0.894
36.424 55.146 -482.122 0.864
-1.174 98.017 -301.261 1.179
-18.959 -20.670 -401.708 0.885
-15.506 -44.804 -444.303 0.997
90.090 -99.464 -472.021 1.062
0.363 -63.505 -458.618 1.069
-52.205 17.191 -371.349 0.872
-43.143 -2.964 -346.570 1.093
0.553 14.137 -430.924 0.824
-98.446 -30.951 -363.818 0.900
-48.989 64.676 -463.702 1.206
58.358 -12.551 -387.118 0.994
-95.860 -30.900 -349.265 0.804
14.754 0.719 -396.987 0.911
-90.549 49.668 -417.650 0.877
46.995 -0.782 -364.488 1.132
-42.673 84.868 -386.934 1.058
-93.642 -75.723 -376.259 1.033
-23.396 -26.939 -380.666 1.081
19.537 27.857 -331.407 1.082
68.223 -80.146 -404.552 1.080
-40.763 -65.730 -460.976 1.049
-5.785 1.068 -340.161 1.121
22.589 -70.210 -432.517 0.979
16.232 -92.216 -344.146 0.945
-6.048 26.750 -340.497 1.062
80.505 12.003 -373.309 0.937
-24.789 64.318 -432.025 1.067
-88.158 -94.796 -490.701 1.092
20.693 11.209 -386.018 0.845
24.338 54.247 -474.441 0.927
-92.510 68.532 -438.152 1.028
35.136 22.037 -374.856 0.999
13.765 45.618 -487.795 0.974
-8.180 46.637 -458.470 1.036
63.158 -47.332 -375.069 1.011
55.629 -84.016 -369.894 0.992
-4.990 -17.970 -431.470 1.088
-93.811 42.100 -339.219 0.865
85.358 98.000 -449.197 1.136
77.737 35.433 -402.039 1.099
60.052 -14.465 -462.447 0.811
14.141 89.417 -396.154 0.839
80.723 -6.984 -462.841 0.911
69.028 -92.606 -304.888 1.199
-88.811 -74.604 -315.802 1.009
1.134 11.495 -455.422 1.058
-64.218 -3.286 -382.315 1.070
-57.655 -3.917 -303.987 1.062
42.496 83.423 -398.890 0.970
27.539 31.878 -373.612 0.919
5.172 -90.932 -450.021 1.024
-81.818 1.866 -398.371 0.811
43.069 3.920 -324.586 1.063
-47.094 5.886 -407.376 0.926
89.450 -55.149 -452.232 0.977
7.649 -22.101 -496.088 1.032
-1.387 61.880 -371.917 1.038
-12.820 20.955 -355.643 1.004
81.499 81.923 -417.880 0.824
29.981 33.739 -463.021 1.067
-33.691 68.917 -360.127 1.143
10.443 97.605 -458.626 0.970
99.949 -68.077 -374.535 1.007
34.719 24.007 -488.030 0.855
-75.821 -40.760 -497.274 1.019
-86.608 -49.267 -470.774 0.983
-21.149 33.654 -408.416 1.035
97.859 49.283 -305.157 1.032
66.767 5.799 -488.352 1.025
-67.852 49.181 -480.652 0.893
-42.751 51.079 -337.566 1.003
67.450 -42.595 -418.087 1.059
97.629 75.364 -382.666 1.078
33.526 -7.908 -396.927 0.999
86.633 -49.890 -460.592 0.937
90.316 -17.330 -483.187 1.112
47.210 -81.984 -354.681 1.119
-14.884 77.685 -374.757 1.065
-85.281 77.811 -451.731 0.922
-63.512 29.609 -343.428 0.874
-35.000 21.660 -346.941 0.927
75.579 70.100 -416.838 0.960
-93.762 -34.652 -497.295 1.132
54.517 76.948 -445.933 0.883
-21.326 89.800 -462.159 0.973
51.803 -67.472 -352.060 0.997
81.223 -50.280 -392.648 1.072
85.119 28.546 -364.619 1.060
63.113 -70.879 -376.478 1.215
3.337 -82.489 -422.932 1.104
-97.972 -61.122 -362.854 1.170
14.026 -79.165 -476.328 1.013
-61.786 -90.646 -307.003 1.035
3.802 -8.270 -314.769 0.930
-4.158 -29.283 -301.122 1.011
59.233 23.078 -471.484 0.930
58.570 32.899 -468.759 0.973
47.156 -77.377 -301.227 1.043
16.349 90.785 -402.858 1.212
33.506 -83.723 -398.271 0.861
-45.326 1.219 -479.726 0.870
-38.947 -51.270 -368.835 0.992
73.577 -84.734 -486.337 1.007
92.672 70.127 -314.737 1.120
2.408 -85.864 -481.476 0.927
35.971 -61.473 -355.533 0.927
16.197 50.027 -401.498 1.041
-39.095 4.031 -489.083 0.900
59.992 -6.533 -345.092 1.029
63.589 79.783 -370.509 1.159
0.240 52.092 -399.532 1.083
-53.966 32.796 -301.782 1.282
-9.577 -23.055 -341.340 0.877
68.499 -36.507 -392.666 0.990
-53.814 79.049 -369.171 1.138
75.084 -62.520 -462.250 1.132
-23.495 -46.425 -434.014 0.918
-20.645 62.108 -493.565 1.171
-16.270 -76.879 -317.100 1.077
22.821 42.229 -470.292 0.885
56.376 -45.140 -318.276 1.190
-22.149 42.232 -369.006 0.958
-89.149 -0.639 -477.008 1.115
-12.341 -98.620 -463.332 0.978
-45.618 69.317 -424.847 1.054
-68.295 34.336 -302.606 0.948
-40.526 -64.323 -309.240 0.984
-15.552 41.257 -343.470 0.931
-73.709 -25.676 -406.110 1.123
-26.579 -79.880 -368.985 1.017
-30.022 -12.332 -408.452 1.006
-91.657 38.173 -465.001 0.956
82.664 -57.399 -323.088 0.982
-8.528 67.215 -409.860 1.048
-53.818 -54.307 -455.424 1.111
-74.979 0.747 -331.777 0.895
63.617 -11.067 -497.175 0.895
92.502 -59.984 -303.293 1.004
-41.524 -65.489 -402.788 0.896
-6.530 21.031 -433.695 0.907
-59.522 13.183 -440.111 1.157
24.553 39.215 -352.409 1.169
23.746 65.624 -348.434 1.150
-6.165 50.666 -441.780 0.922
-65.954 -15.135 -316.713 1.044
16.026 60.224 -387.288 0.981
-97.644 19.229 -356.849 1.063
-4.850 -52.422 -327.399 1.068
-94.811 -99.302 -386.776 1.044
-6.950 9.353 -445.310 0.964
-19.215 56.200 -312.923 1.062
-54.370 83.936 -397.095 1.045
85.948 -40.008 -343.633 1.108
59.947 23.263 -429.469 1.103
-59.345 73.344 -354.526 0.988
80.330 33.463 -357.878 0.946
71.995 -38.666 -397.265 1.028
-77.060 68.148 -384.544 1.001
34.622 -99.740 -378.369 1.011
39.042 30.603 -384.290 0.971
-21.867 -45.435 -466.686 0.982
80.056 28.409 -375.840 1.048
66.685 -12.954 -349.527 0.864
5.515 19.633 -361.715 0.975
61.324 77.865 -384.089 1.018
47.981 -62.338 -396.011 0.924
33.043 67.824 -379.067 1.013
88.827 -93.361 -379.043 1.061
-73.423 33.329 -367.639 0.975
-8.753 78.497 -485.506 1.019
-39.136 -91.350 -357.745 0.999
-70.041 15.013 -339.320 1.000
-73.878 -77.357 -309.600 1.079
-52.054 67.974 -438.607 0.952
82.801 -12.060 -402.852 0.870
33.966 57.347 -373.385 0.911
53.870 39.515 -344.598 0.842
-39.656 -56.826 -362.509 1.184
3.028 -80.341 -475.386 1.215
94.549 86.366 -427.411 1.049
-87.233 63.465 -436.439 1.181
-60.812 61.833 -474.619 1.208
-89.693 -51.814 -440.462 1.024
16.720 45.925 -360.424 1.051
19.806 -56.129 -464.860 1.075
-44.917 -93.307 -316.340 0.948
47.737 -10.889 -462.792 0.994
-84.420 62.861 -316.172 1.153
-77.177 56.050 -347.741 1.099
-40.971 -66.313 -357.315 0.907
1.691 60.724 -315.329 1.026
5.839 -9.914 -310.359 0.917
-46.553 -58.214 -460.411 1.052
-66.492 -95.408 -484.177 1.052
-22.462 -91.292 -417.374 1.002
-96.857 68.300 -416.137 0.987
-84.838 -56.492 -309.044 1.088
-86.117 94.320 -396.126 0.888
-2.527 -38.742 -479.760 1.046
-87.925 -53.351 -327.622 0.998
88.812 -41.007 -377.173 0.954
-98.668 -48.107 -305.421 1.084
51.796 91.479 -325.192 1.050
-74.036 18.916 -327.471 1.003
-28.017 -44.483 -498.983 1.096
89.982 -55.597 -472.867 0.831
20.017 -3.839 -315.448 1.006
-23.964 78.457 -352.946 0.984
-13.367 32.625 -469.568 0.991
-69.622 -66.492 -362.812 1.174
-21.386 62.228 -401.178 0.939
60.111 5.860 -407.051 0.945
-77.358 -93.788 -416.643 0.859
-5.703 -2.766 -324.832 0.997
99.684 72.483 -389.863 0.977
87.323 -28.709 -422.453 0.956
-49.796 -87.305 -331.435 1.071
-68.759 30.555 -312.702 1.158
50.844 64.235 -417.738 0.971
34.697 6.175 -303.332 0.992
85.157 -90.828 -339.607 0.882
59.361 -26.373 -447.659 1.185
1.852 -80.802 -423.712 0.896
-57.196 -13.333 -385.571 0.905
47.254 84.207 -416.346 0.935
-6.646 94.992 -387.444 1.008
8.917 43.949 -356.518 0.949
62.087 -43.783 -446.445 0.904
14.682 -13.523 -354.465 1.121
67.179 -82.421 -306.827 1.077
-40.122 -19.855 -458.432 1.026
-68.829 86.413 -341.627 1.081
-74.907 60.365 -309.349 1.272
-92.742 -0.381 -463.911 1.039
34.782 -56.228 -487.933 1.051
-99.020 45.977 -409.152 1.051
89.083 -75.113 -366.853 0.909
2.830 -45.569 -418.160 1.053
-65.790 -93.397 -473.086 1.155
-34.321 4.318 -327.073 0.963
55.827 -79.555 -410.359 1.034
-49.325 -10.783 -452.777 1.094
-29.482 13.562 -433.042 0.900
-62.955 -70.712 -482.315 1.103
18.969 89.657 -433.444 0.985
44.038 12.325 -447.233 1.045
-74.182 -49.934 -401.033 1.048
-35.221 -27.135 -311.794 1.143
18.044 70.909 -301.482 1.291
-79.481 80.065 -369.597 0.994
-76.602 -87.205 -497.965 0.933
-94.514 -64.643 -457.998 0.951
51.640 59.077 -395.987 0.900
89.948 -71.873 -335.225 1.027
-77.638 -50.109 -386.768 0.869
-42.389 20.328 -396.283 0.992
60.579 73.621 -343.082 1.114
-40.580 86.492 -349.452 0.938
-34.046 -71.981 -370.692 0.986
-16.295 34.424 -455.437 1.009
-51.176 -97.618 -451.917 0.914
57.742 -23.328 -368.317 0.950
68.360 -49.898 -301.547 0.868
43.527 64.483 -490.819 0.962
38.514 -15.624 -401.143 0.949
-21.937 -95.259 -483.340 1.151
-48.664 -49.164 -320.520 1.090
-62.282 -93.864 -300.437 0.784
63.514 27.837 -418.935 1.133
-25.192 58.702 -320.000 1.057
-12.706 -27.196 -331.103 0.728
35.269 -4.235 -470.094 0.911
54.255 31.535 -376.593 1.228
64.893 -22.271 -403.971 0.965
87.740 49.706 -387.291 1.121
58.992 69.891 -444.142 0.909
56.897 -19.635 -449.218 1.074
69.264 60.590 -480.701 0.723
-15.759 51.479 -428.465 1.138
4.529 77.049 -415.191 0.935
-40.088 -84.431 -377.909 0.913
-15.311 34.381 -395.593 0.936
86.283 -44.521 -386.091 0.889
-41.188 72.105 -368.890 0.849
-81.175 -80.840 -473.814 0.935
87.228 4.869 -407.802 0.813
-42.430 -18.685 -450.100 1.017
57.108 74.018 -466.209 1.044
78.193 66.265 -430.103 0.962
79.329 64.123 -477.388 0.992
-43.315 -91.198 -343.162 1.110
13.635 -45.426 -444.982 0.971
-19.805 -36.467 -485.280 0.968
-63.918 20.104 -310.545 0.895
47.049 -40.539 -367.710 0.929
-75.312 77.697 -394.251 1.273
-84.703 7.812 -465.078 0.993
-46.065 89.237 -301.521 0.948
-27.414 -65.089 -416.566 1.121
79.743 -77.799 -455.197 1.035
43.036 -56.949 -444.997 0.952
-31.009 58.627 -464.651 1.055
79.109 99.708 -455.335 0.887
-36.913 57.371 -440.246 1.109
-38.068 92.589 -439.416 1.003
74.342 -96.133 -435.807 0.994
9.871 -12.019 -465.836 1.040
-15.169 17.800 -427.445 1.088
88.411 65.580 -375.833 1.013
-77.812 -41.266 -328.326 0.897
-76.684 4.290 -342.809 1.019
76.030 -87.671 -480.595 0.900
10.897 34.393 -476.953 0.951
32.909 -16.408 -464.645 0.985
33.734 40.235 -446.436 0.910
20.923 21.776 -422.809 0.953
