-58.533 96.203 -366.297 1.107
-75.984 21.145 -414.840 0.986
43.359 -97.129 -444.803 0.987
-46.656 66.976 -412.074 1.123
-38.287 -53.823 -312.791 1.026
-89.908 -96.262 -341.556 1.043
-7.141 33.703 -495.996 0.971
25.478 -48.705 -352.050 1.003
-45.152 49.274 -444.643 1.050
-56.077 -79.100 -469.397 1.135
-0.233 -71.142 -349.083 0.734
89.465 -34.978 -334.649 0.928
-56.778 -99.847 -311.398 0.870
-84.459 29.619 -497.339 1.005
-7.761 -17.800 -494.250 0.946
-99.036 10.218 -454.101 1.123
-39.282 23.743 -421.988 1.131
-59.678 -74.862 -414.363 1.071
-41.338 68.802 -352.275 0.986
-26.748 60.066 -466.507 1.130
42.364 39.575 -335.432 0.899
36.602 -5.989 -497.524 1.175
-5.425 57.476 -326.209 0.959
-68.764 35.071 -461.985 0.994
50.984 -22.178 -377.494 0.999
75.237 -56.450 -399.534 1.061
-18.003 10.857 -340.481 1.136
-54.398 28.186 -323.277 1.028
-34.456 -99.932 -425.956 0.938
-33.170 -18.757 -405.513 1.080
-32.287 35.143 -383.643 1.113
17.921 -77.348 -423.047 1.021
-65.269 52.282 -359.107 0.955
44.486 70.077 -396.606 1.043
35.365 57.167 -469.121 0.924
98.631 -17.761 -416.546 0.953
-43.269 -83.960 -464.013 0.913
-13.573 15.670 -404.235 1.000
-15.061 -56.126 -402.617 0.822
44.216 -25.210 -436.747 0.947
86.389 -30.591 -424.095 0.876
62.476 -62.372 -308.832 0.956
40.234 51.553 -386.771 0.971
-77.272 35.317 -366.865 1.034
-18.951 45.865 -359.594 0.941
-6.912 -64.858 -369.860 0.958
26.011 13.014 -450.932 0.961
56.631 17.528 -466.837 0.970
-43.223 -46.365 -495.575 1.066
26.398 9.140 -341.272 0.985
-98.241 -43.143 -439.390 0.960
44.639 72.660 -363.354 1.091
-10.911 65.231 -322.777 1.150
-14.108 77.079 -480.085 0.966
83.764 78.870 -479.578 1.100
-52.561 -5.703 -432.516 0.947
-49.268 51.162 -326.705 0.933
32.055 35.919 -350.787 1.065
70.102 94.362 -497.155 1.057
-54.786 -23.927 -381.872 1.053
-39.045 46.621 -447.781 1.073
-37.075 -29.908 -317.851 0.985
71.650 67.063 -465.475 1.041
54.630 58.941 -318.102 0.969
-37.080 -95.675 -387.272 1.053
-25.114 44.413 -496.397 1.011
65.203 -27.740 -365.895 1.047
57.903 -4.502 -424.206 0.956
-83.631 34.502 -412.427 0.916
-51.504 22.312 -351.152 1.020
3.782 -73.355 -484.655 1.114
-20.906 -11.945 -357.561 1.124
-52.296 -52.901 -324.240 1.061
60.982 84.645 -444.190 0.899
-27.908 -0.535 -420.728 1.018
-71.155 36.452 -437.288 1.107
-72.968 61.033 -448.616 0.986
-38.559 15.506 -302.297 0.997
-50.867 -74.241 -360.891 0.961
54.657 -58.072 -337.072 0.922
-37.078 31.746 -304.774 1.265
71.597 -55.863 -353.696 0.978
7.246 -94.451 -358.322 0.874
34.040 -25.133 -397.374 0.844
71.102 -96.172 -443.328 1.049
29.825 10.742 -309.835 1.119
41.154 -35.469 -415.599 1.005
52.483 -74.505 -327.123 0.884
54.333 37.349 -474.573 0.980
-68.445 -88.679 -493.800 1.157
48.055 -62.897 -441.945 1.064
-26.555 -92.602 -356.420 1.069
-69.962 66.857 -365.929 0.913
-25.216 10.539 -492.642 1.163
-86.806 77.820 -383.421 0.856
54.072 -49.963 -360.777 1.107
93.582 90.006 -303.491 1.096
86.581 52.628 -473.135 0.872
14.937 65.295 -435.325 0.897
-6.143 81.848 -401.480 1.011
-43.125 92.171 -372.507 1.094
-90.284 16.726 -468.975 1.053
-71.168 58.895 -398.964 1.183
43.637 -60.171 -367.642 0.794
-51.577 36.655 -426.302 1.121
55.392 28.223 -470.312 1.060
62.743 -77.656 -404.830 0.979
-62.015 73.695 -404.743 0.944
44.794 32.343 -457.804 1.010
82.216 96.662 -441.883 1.166
45.034 36.169 -384.298 0.996
-18.616 59.309 -307.268 0.975
-38.838 37.273 -383.261 1.000
47.375 75.835 -312.594 0.908
84.485 9.418 -402.215 1.070
7.741 65.802 -476.425 0.999
-70.758 -2.619 -401.963 0.970
-43.299 50.724 -377.175 1.042
-14.395 -61.052 -489.012 0.910
5.650 54.132 -430.826 1.110
41.719 49.675 -454.993 1.023
-57.272 -83.938 -432.416 1.055
72.612 87.137 -331.339 0.991
56.126 -86.296 -486.227 0.688
40.842 4.490 -389.076 0.949
21.002 -99.827 -385.531 0.907
50.249 -32.292 -380.330 0.953
-45.529 44.858 -394.154 1.054
54.395 42.249 -371.422 0.985
54.633 95.541 -379.768 1.076
57.877 33.193 -456.207 1.107
46.968 99.455 -377.059 0.870
69.613 -27.259 -405.070 0.895
-16.020 64.937 -357.597 1.017
75.454 -97.886 -432.576 1.080
-89.971 41.947 -428.524 1.118
19.308 -87.087 -400.785 1.177
92.865 31.065 -424.463 1.194
28.481 -78.074 -457.593 1.014
71.740 29.589 -447.285 0.833
-60.382 54.036 -454.871 0.973
97.803 66.559 -466.448 1.072
-67.187 43.549 -402.229 1.068
-32.884 60.283 -422.963 1.026
27.585 75.916 -477.288 0.870
75.034 86.837 -377.316 1.143
26.265 12.436 -435.199 0.908
-26.367 25.429 -326.895 0.863
-80.023 89.769 -311.940 1.143
-44.460 -98.456 -491.760 1.073
2.559 -63.474 -401.840 0.863
-86.493 -5.559 -396.729 0.994
-94.656 44.216 -495.105 0.922
53.701 92.760 -386.945 0.924
37.037 -31.915 -406.210 0.898
89.817 -52.047 -384.095 1.039
-78.767 -79.343 -385.172 0.962
-40.810 -24.388 -401.358 0.835
-42.377 72.579 -364.586 1.043
-40.218 -84.525 -361.055 0.907
17.419 -90.280 -343.186 1.111
35.688 -82.702 -445.699 0.978
-9.398 -36.933 -341.270 0.850
32.585 89.771 -337.764 0.815
26.653 -25.001 -321.211 0.962
71.160 -67.571 -395.697 0.853
-46.287 -34.775 -457.511 0.907
-43.810 49.168 -358.708 0.924
-9.189 -96.463 -428.013 0.961
-95.161 10.619 -336.806 1.048
75.162 -39.546 -466.816 1.143
-59.367 -65.294 -333.359 1.000
17.923 53.629 -352.821 0.994
-90.981 80.679 -466.956 1.028
-48.127 -16.687 -473.929 1.024
57.228 74.251 -425.817 0.991
-0.645 -67.080 -399.306 1.188
-93.426 -32.930 -409.543 1.161
-85.850 -11.197 -431.513 0.957
45.521 -6.120 -308.030 0.801
21.661 -42.279 -364.948 0.985
-18.590 -40.950 -460.073 1.153
-18.603 56.311 -398.504 0.960
-70.631 14.109 -355.522 0.849
-93.199 33.796 -341.115 1.036
-41.126 -70.080 -406.017 1.214
68.729 30.665 -426.229 1.074
62.129 98.328 -367.142 1.018
11.505 89.651 -388.386 0.975
57.460 77.061 -390.249 0.957
93.249 93.715 -425.924 1.006
56.138 -71.178 -322.586 1.101
79.335 90.267 -391.148 1.057
-50.329 65.403 -451.207 0.882
80.070 -46.588 -391.595 1.183
-76.021 -40.034 -478.648 1.212
-50.955 23.182 -446.440 1.007
89.237 -79.132 -353.113 0.853
-30.546 2.807 -498.025 0.900
84.385 48.604 -318.216 0.828
