22.353 5.890 -437.040 0.919
-95.945 64.358 -484.499 0.982
30.309 77.266 -444.556 1.021
-3.593 -8.045 -356.408 1.105
71.899 -24.211 -395.710 1.076
-42.991 -98.818 -407.975 1.140
-76.031 -96.060 -399.436 1.092
76.502 -3.538 -375.443 0.983
-18.776 31.947 -399.424 1.111
99.381 8.991 -357.557 1.040
-92.678 -26.268 -415.568 0.901
75.341 97.992 -379.893 0.951
-1.266 -76.470 -329.120 1.035
88.706 5.918 -427.822 0.990
-40.261 -67.823 -304.119 1.030
18.216 30.660 -451.777 0.983
93.778 12.639 -363.063 1.094
-61.104 52.932 -431.103 0.946
59.923 -39.809 -394.031 1.005
-36.729 -21.637 -497.109 0.887
65.067 -29.709 -353.662 1.171
7.050 93.216 -339.101 1.060
81.303 -88.545 -489.230 1.055
76.535 68.765 -361.810 1.006
-94.256 -92.260 -453.890 1.093
77.763 12.829 -305.869 0.939
-45.329 82.510 -342.004 1.012
-53.268 79.675 -389.065 1.031
-69.692 21.341 -310.852 0.961
-29.835 -81.027 -466.731 1.013
-86.062 92.224 -393.586 0.963
66.263 -65.551 -402.259 1.006
-18.980 -22.212 -315.317 0.927
-31.240 -93.577 -496.866 0.742
96.020 1.783 -362.446 1.047
67.247 -68.474 -348.233 1.103
95.704 60.456 -499.843 0.822
30.496 -40.216 -463.493 0.942
95.480 10.344 -445.953 0.964
-99.487 57.405 -474.749 0.952
-63.622 -0.719 -375.536 0.998
-87.165 38.361 -342.589 0.926
14.115 83.043 -334.186 0.906
58.497 -95.980 -393.182 0.850
34.298 -11.055 -409.403 1.050
-75.616 -46.240 -364.053 0.961
-40.939 19.086 -364.879 1.170
56.763 -34.224 -459.352 1.000
54.179 -40.734 -487.194 1.036
21.994 74.737 -379.113 0.831
11.402 -37.715 -413.288 1.134
-72.903 -86.191 -401.447 0.846
26.914 80.395 -305.030 1.057
-79.435 -70.188 -413.449 0.836
-65.108 51.915 -392.812 1.053
-32.630 -79.504 -385.727 0.999
-39.178 -58.808 -364.464 1.063
46.722 -54.158 -480.352 1.104
-42.171 79.635 -340.225 1.119
-73.670 -78.425 -434.837 0.976
82.214 44.388 -439.945 0.946
46.057 11.480 -335.576 0.962
-68.283 86.456 -415.987 1.097
-99.517 83.105 -421.504 0.964
-1.826 82.444 -448.451 1.087
58.035 -78.896 -345.741 1.047
0.701 -71.843 -373.573 0.900
2.192 22.290 -436.059 1.041
-78.764 -16.227 -338.043 0.816
52.651 11.266 -350.147 0.991
56.861 -78.919 -368.743 1.107
74.137 34.946 -355.228 0.987
-19.297 97.335 -420.795 1.103
18.036 -26.318 -301.221 1.237
-82.208 19.955 -438.913 1.097
-72.317 -21.373 -431.868 0.942
40.878 -41.259 -450.672 1.086
80.721 80.548 -338.084 0.944
40.571 72.816 -416.143 0.824
44.792 11.811 -420.760 0.970
44.345 53.849 -340.092 1.033
-88.077 85.948 -432.807 0.978
87.658 57.886 -460.452 0.853
97.335 -59.798 -484.579 0.932
-20.392 -55.869 -400.099 1.037
11.649 58.253 -484.882 0.995
21.303 -98.245 -459.472 1.130
-38.333 -80.694 -434.207 0.801
-29.962 21.058 -415.583 1.033
-53.497 -35.585 -382.981 0.759
-61.226 -98.873 -468.676 1.182
24.872 85.878 -486.628 0.960
11.993 44.727 -439.948 0.997
62.775 -82.702 -491.209 1.021
-44.290 99.878 -344.737 0.632
-80.437 -19.571 -368.010 0.935
41.153 -98.105 -402.138 1.204
38.569 -89.548 -492.964 1.006
48.455 2.567 -373.398 0.934
-35.602 -10.357 -317.191 1.026
61.727 -11.726 -370.331 1.134
25.688 60.032 -489.762 1.227
26.876 27.182 -317.529 1.044
-67.553 -41.300 -460.708 0.971
-72.809 -27.732 -339.370 1.045
-55.422 -65.624 -394.269 0.992
-81.592 93.303 -353.845 1.041
-99.164 93.261 -390.840 1.002
-22.469 -16.727 -344.147 0.975
78.741 -86.103 -347.385 1.162
43.460 -70.550 -435.240 0.832
31.636 -65.491 -498.899 0.890
-0.734 37.289 -361.549 0.986
-93.150 4.937 -443.066 0.981
19.040 -51.867 -371.554 0.994
-78.710 35.431 -302.923 0.995
-21.998 -6.131 -472.216 1.144
85.703 96.875 -463.121 0.913
18.845 -46.910 -422.674 1.036
-65.830 20.431 -411.080 1.092
54.244 65.704 -474.892 0.903
22.173 73.784 -335.704 1.063
36.598 15.395 -370.053 1.089
-8.110 -15.963 -352.258 0.950
3.814 69.604 -302.577 1.067
-86.884 -46.551 -392.747 0.691
-69.163 27.703 -330.285 1.132
89.843 91.102 -321.181 0.979
-8.640 -9.969 -486.539 0.790
36.248 83.060 -452.358 0.896
14.505 64.968 -369.998 1.002
-56.060 -25.447 -467.131 0.929
-10.094 97.220 -342.098 1.024
-65.948 3.223 -367.398 1.158
78.958 54.503 -487.001 1.089
79.705 44.728 -396.761 1.105
-67.972 -10.646 -332.522 1.112
20.908 93.444 -379.298 0.916
-81.406 17.059 -453.867 0.916
-74.130 -40.879 -302.332 0.925
-73.640 -63.291 -366.438 1.059
36.296 -86.478 -475.226 1.172
-22.280 89.067 -363.665 1.109
-85.628 30.120 -485.895 1.044
93.932 19.306 -443.314 1.129
29.668 55.167 -428.284 0.903
54.013 46.254 -450.958 0.975
-1.737 -82.046 -320.079 0.933
56.971 94.531 -483.134 0.941
-60.503 -46.261 -406.402 1.041
98.642 14.846 -470.874 0.999
73.120 -32.657 -421.895 0.872
-77.422 81.397 -449.953 1.040
69.756 6.867 -466.607 1.033
17.945 32.181 -489.252 1.169
-54.320 84.875 -426.516 1.068
87.297 -96.503 -301.073 1.023
80.143 -77.261 -471.278 0.943
87.626 -55.160 -322.601 0.977
85.279 53.104 -378.195 0.927
-75.149 28.832 -480.122 0.899
-76.025 -16.047 -354.089 0.771
8.657 43.331 -426.456 1.018
14.205 -90.019 -460.657 1.043
-73.870 69.390 -448.587 1.183
-3.565 52.177 -363.811 1.123
-97.950 -29.618 -496.522 0.933
36.217 36.556 -380.576 0.956
-79.289 -95.681 -423.459 1.064
51.499 16.449 -476.129 0.789
76.383 -6.117 -320.138 1.036
-71.109 -3.676 -438.036 1.056
39.641 32.132 -307.299 0.929
-99.218 87.760 -329.582 1.091
83.515 -75.868 -432.534 1.073
-64.725 6.668 -401.625 1.016
-38.577 7.635 -490.438 0.992
80.347 92.965 -323.265 1.005
-94.760 57.721 -332.015 1.190
66.913 -44.532 -496.196 1.062
62.189 51.824 -440.078 1.001
58.723 -20.489 -325.500 1.185
-93.678 80.278 -385.602 1.073
-38.053 -67.271 -415.593 0.945
10.798 -3.888 -446.327 0.959
-65.729 -81.116 -469.598 0.968
19.002 41.388 -415.319 0.992
-38.785 36.388 -425.460 0.948
-23.677 69.937 -316.478 1.006
-40.590 51.426 -422.056 1.167
-8.804 -96.289 -463.791 0.920
63.151 -79.814 -473.689 0.977
-40.173 -89.793 -367.361 0.978
-8.181 -89.943 -329.095 1.162
-26.077 -0.247 -438.267 1.112
90.409 -44.834 -425.889 0.899
-46.997 -35.027 -445.678 1.150
-98.451 -44.681 -420.872 0.936
16.301 41.027 -355.290 1.000
-98.433 44.181 -445.550 0.985
