63.996 99.570 -314.052 1.116
97.635 -11.012 -434.967 0.888
-14.422 49.463 -348.701 0.955
27.042 -85.714 -419.282 1.047
4.751 -19.998 -482.844 1.126
-65.854 -12.278 -424.107 0.919
-37.787 -78.833 -415.689 1.003
-53.080 59.240 -470.843 1.102
70.348 88.532 -450.417 0.951
-80.896 -59.981 -409.194 1.106
-90.998 -21.366 -470.083 1.031
-82.717 72.852 -336.265 1.053
-25.887 -76.733 -306.568 1.071
-48.227 -53.713 -488.504 1.150
-16.623 99.094 -379.349 1.029
89.601 -71.108 -467.105 0.898
-88.507 -63.148 -460.855 1.012
83.972 98.924 -486.849 1.172
-42.181 -11.296 -428.156 0.980
26.746 -7.659 -451.888 0.781
-20.406 45.259 -488.436 1.025
57.065 69.601 -432.627 1.182
63.821 52.974 -379.634 1.013
42.342 -83.065 -497.857 1.034
6.096 -75.721 -447.332 0.978
93.619 -52.463 -428.973 0.868
57.868 11.290 -367.721 1.109
-23.620 52.732 -485.408 1.120
-29.037 -53.028 -364.993 0.928
-93.615 -14.668 -405.752 0.956
-18.855 -41.594 -382.181 1.133
89.535 -70.661 -394.720 1.028
61.446 -64.800 -455.858 0.898
-49.848 -44.228 -394.987 1.239
-28.342 -17.596 -350.857 0.882
97.675 -65.125 -339.766 1.100
-18.397 -82.243 -476.772 1.183
84.097 -70.578 -468.948 0.966
-67.351 7.137 -302.563 0.884
44.372 85.841 -393.128 1.131
11.386 2.204 -392.902 1.042
-83.591 -49.038 -422.643 1.086
-31.572 27.932 -499.145 1.125
-60.659 -24.151 -362.716 1.141
73.819 5.408 -367.426 0.972
-32.773 17.532 -479.047 1.013
-67.720 78.226 -420.216 1.044
74.854 39.804 -325.441 0.804
1.804 73.051 -492.584 1.061
51.960 -59.770 -387.287 0.888
-26.585 -25.187 -359.611 0.799
-92.328 91.266 -446.210 0.847
38.487 58.978 -302.885 0.923
-6.296 34.968 -412.381 0.997
-68.065 -14.511 -307.892 0.952
-67.133 -23.909 -386.464 0.846
-35.055 58.488 -476.495 1.037
-66.459 -13.123 -375.809 1.043
-22.826 25.974 -419.661 1.088
69.055 -30.548 -369.251 0.990
54.457 -55.746 -463.232 1.052
-88.626 5.890 -442.597 0.987
63.343 99.960 -438.860 0.860
-30.494 23.023 -420.116 1.018
12.365 66.092 -450.451 0.974
-3.190 37.221 -393.213 1.069
84.996 54.596 -458.821 1.137
7.996 82.578 -449.537 1.039
47.030 -96.850 -411.971 0.897
-32.141 -7.317 -476.136 1.166
-1.576 18.129 -353.571 1.080
20.236 -33.742 -397.897 0.939
-52.707 -37.853 -431.518 0.872
94.266 53.734 -353.969 0.985
87.948 33.263 -456.905 0.797
54.616 -99.441 -470.545 0.885
87.133 -53.174 -367.720 0.913
-16.443 -78.581 -467.128 0.869
-26.801 -62.467 -495.240 1.006
13.726 10.172 -454.946 0.856
-47.525 -95.469 -422.135 1.034
58.322 -67.659 -413.210 0.797
84.448 -51.255 -484.733 1.017
-6.991 -99.582 -481.779 1.138
-81.005 -64.861 -434.154 0.937
-27.076 52.062 -433.913 1.167
81.860 26.464 -351.776 0.938
40.920 -7.956 -303.587 1.075
-4.016 -54.143 -418.230 1.147
62.882 -89.389 -395.747 1.279
-5.612 -90.732 -491.741 0.977
24.015 -55.687 -391.446 1.035
-73.177 17.689 -376.773 0.868
50.596 -14.015 -497.032 0.896
-48.844 39.004 -388.684 1.140
-17.200 33.703 -487.008 1.131
84.334 -7.452 -493.548 1.151
96.116 -6.682 -458.077 1.077
71.948 99.983 -413.052 0.953
-2.166 -51.227 -390.911 1.193
-33.906 43.343 -300.955 1.106
-6.185 -47.279 -399.595 1.089
45.983 -86.121 -354.979 0.892
-68.916 -7.369 -443.030 1.132
-88.850 -94.283 -399.956 0.980
-37.027 57.754 -493.286 0.840
53.160 93.045 -367.332 1.026
82.693 47.263 -330.423 1.130
-58.328 29.460 -403.863 0.870
-37.304 -50.194 -379.393 0.908
66.983 -67.118 -329.405 0.920
13.464 9.647 -403.993 0.872
41.043 37.531 -442.719 1.018
61.976 -71.146 -342.530 1.043
-6.907 -23.431 -469.318 1.062
-85.828 29.602 -327.508 0.929
94.519 -44.473 -386.003 1.297
-9.254 -68.625 -475.014 0.950
-98.984 -24.274 -437.890 0.918
-48.045 25.098 -396.536 0.886
-38.154 -31.844 -320.773 1.042
52.098 55.429 -342.859 1.042
38.943 -31.592 -453.572 1.053
-78.064 77.553 -376.486 0.793
-21.449 29.250 -488.696 0.907
75.100 -99.850 -332.797 1.021
23.562 0.720 -346.813 0.937
36.959 -1.203 -374.483 1.008
54.024 22.970 -375.392 1.178
-98.531 13.620 -323.171 0.971
56.183 29.477 -378.348 1.063
65.647 -47.167 -360.913 1.084
-69.651 -75.806 -450.684 1.105
83.591 -67.991 -308.282 0.908
-35.893 24.455 -472.041 0.928
77.396 14.183 -371.721 0.982
-89.223 33.294 -440.039 1.049
29.685 -55.998 -354.044 0.996
-85.996 70.590 -383.636 1.174
-25.919 -18.693 -395.592 1.193
92.227 -22.972 -363.869 1.105
-44.867 70.046 -401.081 1.052
-62.019 15.084 -434.878 1.195
-70.709 47.192 -430.426 1.072
-13.656 20.936 -464.297 1.023
-81.634 80.640 -410.874 0.867
-69.960 -68.984 -374.261 0.916
-1.758 -86.094 -363.480 1.030
32.164 -76.640 -353.583 1.063
-37.061 84.211 -448.737 0.959
3.798 13.665 -484.374 0.926
29.597 55.990 -465.877 0.965
65.704 -56.402 -341.347 1.023
26.341 -27.954 -330.350 0.828
56.212 50.869 -459.501 0.936
41.718 55.470 -480.980 0.971
91.937 -66.362 -444.160 0.638
-35.720 11.332 -323.121 1.150
28.784 88.387 -338.025 0.999
6.080 37.361 -486.924 0.766
46.423 -17.294 -387.468 0.939
-94.733 44.602 -481.515 0.985
21.634 66.352 -432.479 1.063
96.265 34.913 -321.360 0.753
73.443 47.524 -347.100 0.900
-65.367 -99.260 -470.327 0.979
56.533 16.031 -474.931 0.924
21.417 -76.738 -347.068 0.956
-9.240 74.676 -449.206 1.197
-12.876 -36.279 -353.547 1.033
-58.639 -62.624 -325.399 0.920
53.936 81.299 -415.526 0.920
-37.836 -37.913 -439.250 1.117
-73.955 -65.108 -341.924 1.090
-68.165 -5.875 -442.140 0.889
-23.207 -27.504 -308.996 1.131
96.185 75.041 -496.691 1.049
66.276 -45.433 -380.697 0.910
40.469 -54.845 -451.417 0.890
-58.161 -52.197 -428.043 0.909
88.690 36.849 -391.598 0.930
63.551 -65.626 -385.064 1.012
31.153 53.498 -454.457 0.919
-72.947 13.050 -411.581 1.081
-11.210 -98.054 -462.981 0.878
24.942 -14.840 -350.478 1.123
17.339 -60.007 -350.592 1.076
39.263 53.628 -351.082 0.986
17.415 -54.670 -499.591 1.032
-9.203 89.296 -481.612 1.040
41.145 14.201 -443.131 1.033
-51.835 27.134 -339.583 1.078
59.305 -14.137 -379.629 1.129
51.914 6.480 -486.205 1.039
90.262 71.625 -325.155 0.943
50.669 50.921 -435.592 1.092
-24.362 -29.475 -382.543 0.969
-40.761 55.555 -341.373 1.017
-66.561 93.138 -354.881 0.926
-2.766 58.364 -304.224 1.010
