0.443 -97.036 -319.089 1.042
-79.680 73.830 -426.391 0.876
-72.645 38.109 -490.779 0.978
46.592 -81.663 -337.134 1.127
-13.505 59.787 -467.945 0.895
-42.034 -93.370 -351.634 1.227
-60.865 -16.170 -406.622 0.960
64.209 45.973 -494.035 0.791
28.991 -51.749 -469.112 0.874
-34.875 45.377 -354.027 0.911
-4.832 -58.466 -383.150 0.990
-57.001 14.063 -303.539 0.865
60.873 42.867 -359.042 0.973
55.132 -36.236 -387.685 1.014
-10.834 -58.226 -467.237 0.950
-62.077 56.017 -359.482 0.929
13.983 24.411 -498.396 0.941
-37.957 40.910 -336.993 1.058
1.489 70.148 -344.885 0.999
70.003 -18.012 -353.196 1.030
-61.361 -70.999 -351.377 1.182
23.312 29.190 -440.473 0.973
48.403 -87.863 -435.813 1.019
-68.150 38.003 -429.975 0.927
-52.419 -78.942 -344.055 1.100
-36.581 -78.748 -393.571 0.950
98.118 -70.104 -484.821 1.150
33.341 8.914 -366.149 0.964
81.225 -72.530 -357.833 1.017
2.529 -67.307 -328.510 1.083
19.301 88.549 -321.928 0.933
64.999 84.017 -345.633 0.839
60.271 78.031 -491.723 0.918
16.747 51.016 -337.277 1.189
-46.924 42.600 -421.486 1.091
-89.484 29.679 -483.492 0.986
-23.383 95.333 -459.285 1.177
74.922 63.426 -382.916 0.841
17.851 -15.989 -436.171 0.813
-83.582 -95.535 -359.973 1.070
77.288 78.547 -471.648 0.883
-51.798 -64.732 -314.640 0.914
43.583 44.884 -399.173 1.030
-73.029 -72.531 -328.308 0.902
-30.967 -0.411 -362.080 0.945
-48.136 -0.070 -307.481 1.011
64.305 42.023 -352.059 0.922
30.334 -69.999 -381.303 0.934
-90.118 -94.968 -301.877 0.931
-0.651 -68.095 -433.791 1.188
-88.930 52.192 -457.533 0.917
28.631 33.188 -313.111 1.098
25.077 24.530 -336.829 1.093
-16.635 87.295 -316.691 1.090
89.580 73.982 -480.825 1.081
85.664 81.979 -491.221 0.897
55.487 59.757 -419.818 0.847
62.165 73.102 -358.523 0.979
43.746 -77.630 -410.207 1.055
-32.614 -76.568 -360.173 1.161
2.565 -34.902 -322.135 1.248
79.463 -37.049 -361.729 1.007
-64.833 4.097 -302.210 1.066
-52.241 18.206 -321.345 1.015
-20.344 -93.082 -396.599 1.074
-27.600 -52.762 -439.413 0.831
56.689 -8.387 -319.511 1.130
-8.523 -86.565 -314.126 0.954
89.840 25.291 -358.551 0.930
-55.060 54.184 -318.454 1.028
7.345 69.895 -443.427 0.805
-51.225 -80.131 -446.343 1.092
-18.957 -19.762 -485.994 0.680
-25.070 33.940 -432.738 1.132
58.650 -50.476 -362.732 1.038
61.624 25.012 -415.384 1.063
34.300 81.816 -455.087 1.114
-9.300 -16.816 -424.364 1.059
97.180 -89.212 -432.686 1.173
-19.695 -41.059 -486.744 1.041
56.885 6.689 -347.196 1.019
-73.141 30.604 -446.553 0.902
-9.873 -48.942 -362.273 0.916
-46.339 8.408 -362.746 0.978
91.008 -15.062 -357.263 0.950
87.014 40.047 -341.700 1.094
-2.810 -98.567 -475.000 0.921
-28.922 -33.686 -484.756 1.049
-42.356 20.500 -324.605 0.918
27.555 56.375 -352.225 1.128
68.634 57.273 -429.448 1.017
-29.100 50.632 -433.432 1.279
-10.711 -57.707 -302.142 0.985
-67.826 -82.290 -382.987 1.050
-62.161 -22.575 -348.400 0.851
74.535 11.097 -497.768 1.027
38.621 64.685 -388.376 1.042
-31.485 92.847 -338.458 0.908
24.788 39.297 -479.577 1.043
-94.181 -26.066 -422.660 0.983
7.192 22.208 -470.156 0.927
-22.250 -80.000 -368.984 1.118
-22.107 41.995 -382.122 1.167
-26.191 45.849 -319.981 1.000
-37.039 -37.168 -327.226 0.991
53.657 -53.263 -476.267 0.939
-9.124 -22.642 -345.839 1.060
74.620 -25.138 -371.141 1.006
-15.281 -96.466 -358.295 0.908
-14.975 12.994 -362.281 0.995
-58.123 60.590 -407.473 0.842
-24.184 -91.997 -429.476 0.895
92.027 -8.338 -341.597 0.968
-0.424 38.609 -426.392 1.013
-25.608 -97.445 -440.723 1.103
-88.718 56.633 -354.406 1.097
91.094 -44.624 -397.899 0.850
-55.041 57.100 -392.018 0.951
99.239 57.317 -455.336 1.150
5.619 -24.625 -355.671 0.970
96.468 13.703 -401.284 0.933
82.646 -17.020 -496.808 0.906
25.332 -28.504 -348.126 1.010
71.861 -12.083 -351.420 0.876
-25.933 -67.923 -495.107 1.049
-98.722 23.848 -465.458 1.091
37.039 -37.115 -392.809 0.961
26.595 -37.619 -379.579 1.213
-87.127 43.163 -454.934 0.842
4.339 -59.542 -318.162 0.957
-82.171 -20.954 -390.977 1.156
-76.534 -93.022 -412.475 0.998
-82.033 -91.352 -459.200 0.916
-39.790 -23.593 -453.090 0.918
-52.673 2.779 -419.977 0.922
80.128 47.544 -339.892 0.788
-18.296 -31.205 -498.076 0.984
84.773 -48.479 -431.978 1.100
13.415 -8.040 -408.709 1.110
45.414 -24.989 -431.641 0.908
-34.807 -55.266 -423.037 1.025
-83.046 16.257 -373.153 1.181
-84.512 79.787 -324.441 1.143
-51.970 57.982 -355.044 1.007
-27.366 -18.685 -383.412 0.818
32.469 -49.961 -425.430 0.899
30.299 -34.406 -495.369 0.929
-87.750 47.560 -304.920 0.887
-12.226 -79.814 -300.665 0.965
7.773 85.313 -399.058 0.990
58.553 39.923 -426.571 0.973
-57.041 -94.508 -425.102 0.844
-21.065 7.177 -312.167 1.024
-33.880 64.337 -461.494 0.856
-5.698 44.065 -349.932 0.974
29.359 55.050 -338.890 0.914
43.300 87.084 -378.043 1.024
-35.915 28.378 -442.584 1.016
70.990 17.028 -313.114 1.057
-12.069 -29.149 -372.714 0.902
33.767 33.056 -490.974 1.056
-67.864 -21.785 -383.367 1.031
37.865 -13.158 -349.907 1.047
30.783 18.830 -458.984 0.915
85.646 80.748 -300.957 1.266
60.682 34.025 -302.583 0.839
-81.613 19.559 -309.338 1.029
-21.933 -29.387 -472.744 1.067
53.360 89.104 -402.918 1.121
83.135 -55.398 -369.747 1.045
-34.663 49.628 -473.279 1.138
-57.159 77.494 -388.920 1.078
-17.961 81.734 -381.803 1.242
73.108 -47.108 -326.410 0.974
96.010 -27.397 -408.543 1.026
-39.230 69.925 -486.788 1.039
23.976 -11.193 -316.772 1.005
61.968 -26.573 -321.734 0.980
-43.524 0.206 -481.017 1.146
-18.218 -96.304 -389.515 1.207
95.310 -82.329 -317.265 1.024
-10.869 42.776 -455.918 1.037
15.867 68.730 -346.227 0.909
-64.376 -59.121 -372.353 1.018
-23.787 -81.933 -310.597 1.004
-11.732 12.269 -402.978 1.025
27.377 55.157 -434.704 1.091
60.940 51.980 -404.227 0.977
-23.488 31.816 -349.500 0.877
94.774 12.277 -386.968 0.911
-69.465 0.624 -359.973 0.845
5.417 -88.038 -347.645 1.074
99.969 -21.997 -347.768 1.016
-37.057 56.364 -467.634 1.028
-1.988 64.038 -371.202 1.081
-60.882 13.711 -472.293 0.935
-74.543 -91.237 -454.325 1.110
-20.134 -71.897 -461.973 1.245
-16.664 -89.778 -360.172 0.928
-7.951 -1.801 -466.870 1.097
