80.685 -24.274 -355.317 0.921
-21.360 27.453 -392.125 0.918
-10.645 -67.905 -462.230 0.982
-27.585 92.405 -425.807 0.923
-99.459 -59.445 -364.912 0.998
-69.127 85.608 -441.989 1.097
-32.558 -93.090 -491.739 1.147
24.033 91.839 -322.172 0.942
-11.071 82.388 -447.081 0.949
-86.613 26.389 -420.944 0.854
-16.125 91.179 -431.968 0.881
49.285 79.545 -448.535 1.021
-75.637 -98.193 -319.547 1.190
-1.617 45.000 -373.058 0.899
-62.834 66.579 -314.138 0.980
-19.517 -45.162 -433.068 1.026
-27.474 32.628 -489.177 1.035
50.138 -86.806 -302.331 1.077
91.968 -74.421 -339.580 0.758
4.601 -92.888 -409.451 0.961
-94.302 2.547 -436.161 0.947
-90.783 -50.422 -353.933 1.302
27.159 -24.350 -411.580 0.907
49.173 84.177 -429.820 0.912
-12.374 86.943 -339.532 0.913
10.903 48.477 -307.339 0.992
-57.298 90.034 -361.374 0.952
-83.084 55.883 -498.142 1.097
-55.110 34.108 -483.186 0.986
25.830 -57.381 -476.475 1.088
-49.726 67.332 -424.070 0.954
-33.374 74.174 -446.688 0.956
56.251 29.092 -377.166 0.997
43.037 -78.514 -361.791 1.073
-21.203 50.020 -418.337 0.997
-93.103 -17.167 -437.141 1.021
79.336 -46.305 -333.859 0.997
-6.924 -98.769 -336.783 1.010
-54.300 24.177 -348.207 1.033
80.125 -26.402 -311.578 0.923
4.580 23.206 -313.896 0.862
62.044 14.496 -441.514 1.122
91.056 -53.857 -423.131 0.954
-27.053 -11.108 -488.148 1.017
-42.103 -11.481 -430.192 1.148
-79.319 -26.649 -491.754 1.041
89.730 8.030 -394.555 0.891
59.955 -88.258 -450.778 1.119
92.268 37.455 -370.599 0.958
-3.819 89.949 -345.169 0.627
-6.299 -63.000 -342.633 1.098
-39.568 31.755 -457.458 0.943
-55.316 -76.331 -424.378 0.803
-95.561 15.362 -433.116 1.131
-44.391 -6.676 -441.485 0.928
98.249 -28.161 -485.480 1.086
-73.724 -80.983 -410.199 0.885
-32.106 35.544 -351.161 0.909
-79.070 -76.745 -303.742 0.916
-17.375 98.727 -356.175 1.045
56.035 90.866 -358.466 1.043
-7.313 40.156 -441.822 1.024
-90.539 -41.874 -437.189 0.920
68.199 8.226 -380.618 1.050
-77.680 55.115 -428.030 0.977
3.947 -10.581 -371.472 1.127
65.672 41.787 -411.587 1.149
1.744 -22.206 -332.651 1.045
-18.970 19.664 -314.871 1.116
-24.578 -1.995 -314.321 0.775
-90.849 48.445 -371.053 1.032
83.064 86.594 -497.777 0.951
-73.330 -74.655 -489.193 1.028
10.950 -14.256 -359.229 1.203
50.191 -56.703 -487.526 0.822
76.210 -48.553 -489.516 0.970
-98.427 -24.508 -479.631 0.933
-69.996 48.239 -473.954 0.981
58.363 -1.814 -418.700 0.936
-51.026 -21.671 -478.404 0.879
-15.974 46.339 -365.895 0.866
25.244 21.834 -462.659 1.145
-14.362 51.535 -350.920 1.038
-50.869 -74.877 -420.297 0.861
-98.147 -62.429 -349.793 1.127
-26.472 -58.827 -437.514 0.989
9.741 57.447 -498.550 1.130
6.132 22.073 -373.173 1.025
48.134 96.438 -430.783 1.341
-85.749 -63.403 -325.655 1.017
65.476 30.923 -443.916 1.002
5.669 -99.177 -437.675 0.879
-62.050 -44.307 -422.411 0.922
-28.293 -85.358 -443.795 0.906
-33.119 0.732 -356.408 1.019
-23.446 -46.401 -380.109 0.846
-45.185 -37.543 -438.306 1.131
-29.507 0.727 -439.097 1.006
-11.977 88.083 -309.477 1.018
-82.653 -28.890 -469.605 0.935
40.441 -85.292 -389.353 0.904
-50.101 60.416 -378.290 1.053
-70.151 90.953 -415.938 0.897
-78.560 -64.149 -410.484 0.966
-81.481 -84.527 -343.678 1.072
-45.811 -68.974 -374.550 0.850
-83.116 56.946 -484.209 0.966
88.336 12.268 -451.800 0.986
78.924 34.462 -450.604 0.979
42.005 65.131 -385.649 1.059
76.900 54.635 -324.946 0.952
31.684 -69.952 -344.810 0.869
-72.600 -64.621 -461.619 1.105
94.372 87.841 -417.517 0.941
0.894 67.188 -385.183 0.945
-4.019 50.954 -445.910 0.949
-93.628 54.161 -452.140 0.853
13.894 -60.631 -482.935 1.062
23.818 -6.545 -399.875 0.976
-23.321 46.353 -335.187 0.962
-36.526 49.709 -429.456 1.094
-8.965 -4.353 -377.070 0.819
63.013 -64.707 -495.443 1.096
68.908 65.924 -490.712 0.973
-65.513 67.387 -362.545 1.174
-31.235 76.834 -479.322 1.074
50.189 -68.548 -339.104 1.019
-85.761 -75.474 -354.831 0.959
15.688 -26.501 -396.708 1.085
47.233 77.842 -318.626 0.925
-68.957 51.564 -387.762 1.149
-99.103 -93.893 -463.534 0.880
47.439 -34.741 -430.613 0.985
-39.645 -48.927 -413.125 0.935
56.321 -47.747 -400.077 1.025
-99.571 -65.042 -444.164 1.119
-72.946 60.661 -484.221 0.947
56.642 56.502 -484.570 1.008
43.788 -44.836 -314.514 1.133
-50.321 59.998 -304.253 1.077
92.503 47.648 -498.666 0.868
39.031 -57.413 -411.606 1.115
-5.828 -86.432 -389.726 1.071
52.291 3.589 -410.926 0.907
-39.289 -58.380 -458.561 0.893
-82.362 -95.247 -486.569 1.104
-0.018 -2.550 -333.439 0.955
-82.629 -74.641 -388.847 0.930
-42.392 31.197 -351.384 1.081
-94.582 66.903 -460.995 1.063
-85.097 -17.384 -305.140 0.965
43.988 42.940 -349.598 1.207
-11.804 -34.469 -379.914 1.094
-47.034 -57.153 -449.016 1.178
53.455 95.729 -447.849 0.873
-27.567 62.106 -484.675 1.069
25.038 56.454 -396.669 1.109
17.413 -71.899 -459.134 0.914
-45.912 81.965 -413.724 1.030
-43.311 4.154 -428.005 0.971
-57.924 -33.631 -492.788 1.099
-77.985 57.286 -343.229 0.854
-77.219 -32.752 -377.914 1.008
96.884 32.796 -412.420 0.988
-83.180 16.030 -464.737 1.053
82.525 -87.051 -381.227 0.966
-86.063 -12.989 -444.805 1.359
-34.469 93.081 -312.055 1.197
5.236 -21.791 -380.698 1.021
-32.622 34.869 -431.711 0.883
31.839 77.531 -419.221 0.839
-3.148 39.498 -465.646 1.247
67.308 25.243 -345.294 1.001
65.987 -26.814 -498.160 0.887
-52.552 75.233 -480.378 0.920
-55.248 -70.635 -389.986 0.929
97.773 85.428 -495.617 1.133
-4.740 -68.887 -499.557 1.106
27.974 32.589 -432.139 0.955
-0.088 -8.743 -434.592 1.001
39.644 71.653 -427.914 1.046
-36.487 20.435 -388.501 1.203
-77.138 24.128 -483.219 1.069
36.435 23.001 -301.569 1.174
14.555 95.163 -304.681 0.980
49.852 38.242 -425.186 1.181
95.046 25.221 -404.040 1.081
9.135 -79.743 -492.104 1.040
29.046 -66.484 -387.977 1.067
-83.585 33.860 -303.301 0.949
-57.121 68.817 -409.663 1.139
-83.794 -71.037 -321.734 1.128
78.237 -25.757 -421.900 1.104
47.986 -4.737 -362.018 0.921
-92.143 3.582 -458.373 1.016
-23.410 51.042 -360.900 0.977
-92.941 -45.771 -459.803 1.028
61.581 -84.152 -421.795 0.965
-2.116 70.133 -405.736 1.002
-33.041 34.244 -354.647 1.088
