-14.730 -65.402 -419.608 1.126
93.982 -16.327 -368.572 1.018
-86.014 -48.187 -489.824 1.104
-27.709 96.651 -354.591 0.868
2.568 -40.811 -477.120 1.011
-70.279 86.637 -491.594 1.094
13.477 83.040 -490.598 1.012
80.209 87.820 -412.437 0.920
-98.659 78.388 -308.666 0.863
-23.753 -91.979 -340.348 0.963
-79.958 -19.545 -323.969 0.905
-91.442 96.315 -318.049 1.052
-76.437 91.681 -419.725 0.954
-4.984 39.816 -377.417 1.017
-63.173 53.206 -341.216 0.880
21.909 -52.113 -406.487 0.892
-77.266 -99.634 -329.768 0.978
-94.395 56.107 -365.096 0.915
86.560 41.319 -457.380 1.046
-49.451 -3.321 -481.651 0.902
7.825 38.130 -421.521 0.737
40.161 -65.091 -391.536 1.197
84.921 35.256 -356.849 1.008
-82.609 -26.900 -467.228 1.078
30.621 25.121 -463.973 0.895
-0.154 -91.581 -404.156 1.099
97.365 77.862 -306.145 0.913
-40.463 2.425 -405.254 1.119
-86.187 -69.896 -316.143 1.078
95.473 -97.281 -451.742 1.130
72.278 -11.729 -317.564 1.013
-50.578 83.243 -345.908 0.882
-12.161 9.344 -375.574 0.906
-15.489 90.994 -471.273 1.027
-14.726 69.390 -313.614 1.068
55.251 -15.058 -324.197 0.814
97.480 -97.179 -437.627 1.233
-13.332 -90.176 -393.742 0.999
55.053 -27.467 -322.681 1.019
-32.998 -96.819 -495.544 1.051
80.770 -4.785 -365.936 0.792
-23.388 -96.148 -323.994 0.921
49.690 -1.316 -403.505 0.871
90.215 -33.286 -364.986 1.005
74.141 35.416 -449.955 1.012
33.996 55.335 -498.843 0.873
61.731 -46.145 -476.998 0.937
57.347 49.113 -365.453 0.883
17.098 93.151 -357.112 0.854
45.026 25.534 -341.518 0.979
-3.908 -91.708 -435.798 0.951
9.501 -31.052 -359.476 1.085
-57.926 -59.353 -311.831 1.028
-22.225 83.960 -411.702 1.073
-19.172 -69.244 -451.184 1.045
56.303 92.465 -307.820 0.889
58.722 -26.770 -365.835 0.859
-42.301 -37.137 -441.353 1.079
17.239 92.722 -494.351 1.081
10.833 -76.085 -470.948 0.743
58.677 10.322 -474.505 0.845
-77.866 -58.207 -379.038 0.952
-15.423 -31.817 -442.307 1.145
-17.664 -31.178 -497.853 0.951
-6.495 44.811 -311.052 0.937
32.661 2.744 -450.044 1.127
9.179 -50.250 -462.523 1.230
-80.630 77.310 -494.054 0.949
-55.565 10.727 -308.199 0.940
73.894 -94.920 -397.556 0.942
82.743 -31.670 -377.511 0.914
-33.654 28.750 -372.986 0.803
32.661 28.888 -306.219 0.991
7.193 75.902 -477.093 0.934
-18.321 -0.231 -365.655 1.086
-33.461 -39.257 -448.064 1.010
-83.832 -87.938 -315.644 1.189
-40.366 -88.397 -471.664 1.036
-9.120 -50.063 -371.941 0.786
-38.721 -38.215 -383.202 1.003
31.252 -81.230 -302.632 0.905
-27.199 -13.202 -492.943 1.086
82.813 -99.269 -309.765 1.132
90.569 -32.781 -309.723 0.918
37.764 39.892 -466.922 0.974
-46.756 -73.810 -403.644 1.079
24.938 31.058 -464.730 0.978
46.113 -67.096 -371.648 0.956
-29.040 22.969 -483.095 0.968
-5.008 -36.508 -447.105 1.008
-31.635 72.592 -499.890 1.106
-76.221 -84.858 -454.717 1.018
17.678 -80.338 -456.174 1.182
-88.633 32.606 -498.058 0.827
57.168 32.996 -314.466 0.905
21.109 33.250 -468.213 0.953
39.458 61.893 -342.497 1.067
72.904 -67.458 -390.286 1.083
57.754 -51.602 -312.555 0.958
14.408 12.072 -315.487 0.966
-95.993 73.207 -354.094 0.886
-44.670 4.748 -443.956 0.942
82.820 20.392 -414.276 0.838
64.951 -61.496 -396.151 1.105
-91.027 45.426 -359.482 1.211
57.916 12.196 -357.872 0.868
-62.972 -27.792 -341.961 0.936
-56.804 -73.731 -413.052 0.933
-26.019 99.960 -368.621 0.929
-6.650 -44.726 -341.129 0.952
-74.096 -64.233 -333.244 1.074
-76.679 70.732 -369.220 0.919
38.595 -30.867 -303.943 0.930
12.601 28.056 -474.259 1.088
-69.075 -80.534 -470.949 1.026
-39.450 -78.112 -408.905 1.214
-88.747 50.918 -305.970 1.107
54.612 -57.614 -357.128 0.943
40.541 -24.619 -480.205 0.945
45.566 -61.086 -348.041 0.814
63.789 -56.985 -381.399 1.154
18.547 31.256 -448.795 0.985
-48.789 -85.426 -466.382 0.991
-16.317 -4.620 -365.130 0.910
-35.414 92.751 -462.345 1.018
58.999 44.235 -412.253 1.095
35.773 -58.064 -381.137 0.963
96.373 -68.001 -326.549 1.039
40.095 -6.916 -417.062 0.829
-45.297 65.896 -363.002 1.046
85.917 66.988 -382.493 0.849
-91.427 -41.609 -426.243 1.034
-21.216 -10.017 -434.914 1.061
-14.857 47.443 -404.161 1.096
-98.595 -58.536 -310.336 0.961
38.275 -38.656 -340.834 1.041
-52.203 13.209 -419.754 1.246
-50.693 -60.398 -340.260 0.985
-68.186 -66.013 -304.388 0.991
25.690 -66.734 -491.616 1.234
73.535 64.978 -310.676 0.957
73.688 -9.872 -492.825 1.027
-11.188 83.962 -426.556 1.207
63.824 -1.819 -449.321 0.970
-31.907 -73.086 -326.337 1.020
-0.818 -51.181 -430.271 0.837
66.806 -28.982 -422.028 1.012
16.013 49.048 -469.550 0.981
47.981 -47.284 -313.373 1.198
-70.560 60.700 -355.102 0.954
8.908 79.102 -358.115 1.098
67.437 -51.382 -467.074 1.085
21.287 -25.674 -431.051 1.039
-44.365 84.978 -314.160 1.111
45.656 -83.787 -415.766 1.003
2.075 35.167 -338.340 0.896
38.881 -32.127 -426.131 1.028
61.314 -64.074 -394.646 0.806
-10.663 -11.972 -368.010 0.837
72.370 97.761 -300.360 1.131
-32.078 -27.470 -430.436 0.826
-5.336 -65.114 -392.232 1.120
10.914 57.970 -321.696 0.869
-95.260 75.629 -446.435 1.187
54.755 -64.606 -313.853 0.989
9.048 86.769 -424.293 1.263
-10.398 17.349 -342.273 1.024
69.279 23.482 -451.062 1.002
-76.115 -89.309 -486.170 1.011
-77.283 6.528 -342.264 1.121
10.151 43.139 -369.869 1.101
37.397 1.148 -318.510 1.086
50.619 -99.730 -349.080 0.937
-38.099 -12.413 -312.359 0.961
5.593 -55.530 -323.388 0.936
86.474 -76.570 -336.576 0.969
82.132 67.565 -309.114 0.999
67.294 -56.724 -441.952 1.190
-94.010 87.192 -426.759 0.959
16.436 -62.931 -455.867 0.987
-20.125 -69.952 -342.038 0.829
32.467 2.227 -309.239 1.017
-5.551 91.519 -426.938 1.093
26.963 -66.551 -378.856 0.915
15.607 39.148 -469.689 0.988
-93.221 -67.822 -430.871 0.868
19.632 -9.971 -454.505 1.236
12.382 -55.160 -381.645 0.973
-92.674 -60.045 -333.518 1.061
-6.071 -7.915 -409.522 0.920
55.266 91.871 -439.800 1.030
-35.046 36.291 -423.938 1.069
-55.119 -16.529 -467.454 0.969
-92.669 53.186 -475.254 1.204
-11.052 90.448 -323.743 1.083
50.865 3.665 -446.037 0.926
40.452 73.126 -323.321 1.143
-26.945 -81.534 -418.912 0.789
-88.236 57.793 -418.289 1.030
75.219 -25.689 -381.219 1.095
