-59.364 3.787 -462.991 1.002
89.758 62.604 -498.254 0.879
-14.146 58.443 -399.190 0.973
-71.334 49.113 -335.624 1.034
-65.526 -87.385 -499.623 1.174
51.586 76.893 -391.304 1.088
62.378 69.472 -344.170 0.994
-37.900 -52.063 -441.281 0.904
-65.272 -61.382 -357.182 1.123
89.452 -68.251 -328.153 1.107
94.669 -29.717 -485.889 0.857
17.956 97.619 -338.387 0.755
-69.881 -89.951 -440.680 1.038
22.265 -35.864 -487.833 0.874
-96.484 79.074 -470.161 0.899
-39.680 -66.058 -475.739 1.017
31.355 58.607 -369.409 1.006
57.920 20.126 -399.339 1.039
-83.397 46.535 -308.702 0.929
-40.809 -39.353 -317.490 1.084
-63.148 86.373 -441.647 1.061
69.805 65.825 -336.754 1.049
65.232 -32.766 -446.381 0.971
-64.049 52.329 -436.754 0.948
-40.104 40.818 -367.284 0.991
10.416 -36.143 -369.327 0.930
-80.557 -88.137 -336.936 1.170
4.763 -90.628 -424.925 1.028
66.355 -36.231 -460.547 0.963
9.487 89.776 -390.379 0.966
-88.947 -30.227 -304.370 1.163
61.754 -65.574 -485.703 0.699
67.898 11.572 -385.212 0.869
-72.994 94.218 -467.181 1.126
-18.826 33.853 -355.888 0.958
44.027 12.273 -465.215 1.083
43.356 6.699 -424.802 0.962
51.932 42.107 -486.762 1.214
-0.286 31.813 -405.525 1.159
37.750 60.963 -483.318 0.820
95.117 -5.963 -443.758 0.845
26.441 30.720 -315.300 1.097
13.031 -60.588 -482.093 1.027
13.015 -18.339 -485.497 0.984
-23.131 8.539 -343.921 0.938
-24.921 95.886 -446.695 0.937
27.981 54.976 -306.332 1.059
77.650 -2.749 -334.324 1.098
-32.676 60.078 -305.053 1.062
-31.231 -50.019 -407.444 0.969
-11.213 -63.166 -378.293 0.904
-78.998 -1.906 -467.951 0.900
92.894 -42.786 -451.455 0.973
-22.245 26.498 -498.194 1.161
33.997 -9.629 -446.941 1.125
-8.167 38.257 -311.634 0.926
38.000 -46.561 -438.138 0.924
-65.873 14.306 -437.215 1.060
85.490 -57.434 -363.075 1.009
64.430 29.842 -478.991 1.070
-58.376 1.508 -380.110 0.931
35.814 -2.204 -300.358 0.846
85.964 14.650 -357.521 0.882
65.612 34.237 -443.857 1.103
41.950 37.276 -489.947 1.055
40.084 12.150 -308.427 1.062
-76.161 63.520 -445.817 1.080
73.206 62.888 -373.236 1.012
91.849 -10.967 -460.591 0.904
-45.504 13.703 -408.827 0.978
49.034 -20.812 -423.935 1.104
-57.860 99.117 -463.414 0.916
-89.298 -14.157 -485.388 1.038
-83.373 61.922 -408.678 1.032
-15.192 -75.276 -469.148 1.090
-82.279 5.621 -366.222 1.041
-72.056 99.870 -337.782 0.991
-72.141 74.827 -400.428 1.025
-92.099 -62.934 -484.745 0.894
-19.630 83.557 -444.087 1.193
94.757 -95.825 -399.268 1.031
8.769 -94.370 -428.842 1.148
-46.967 -7.340 -374.923 1.005
-41.344 86.937 -374.572 1.164
70.768 38.017 -347.827 0.896
80.778 -50.673 -431.387 1.139
-69.410 -87.412 -411.022 0.905
35.613 -44.469 -384.391 1.047
56.572 76.835 -374.358 0.838
46.110 -86.601 -472.065 1.056
72.687 45.222 -306.430 1.115
4.946 9.819 -455.576 0.896
59.167 42.447 -419.756 1.141
98.202 -79.980 -309.281 0.910
-14.183 91.746 -356.981 0.957
21.555 59.282 -337.149 1.062
-58.260 -33.129 -347.916 0.853
2.793 -83.199 -491.690 1.075
-0.140 43.639 -436.358 1.124
69.968 -21.061 -485.680 1.086
14.531 75.072 -335.859 1.051
83.204 67.024 -396.282 1.049
-73.554 -30.888 -477.113 0.966
7.803 -19.699 -385.100 0.985
-81.969 54.647 -412.957 1.143
-15.650 60.029 -358.846 0.984
-20.279 -50.617 -413.776 1.054
97.445 75.221 -456.688 0.910
-14.725 -34.040 -336.234 0.984
-25.323 -98.126 -484.064 0.890
-45.876 -77.616 -326.376 0.954
96.495 -16.704 -321.194 0.969
-75.277 -22.355 -400.913 1.064
84.529 68.645 -424.586 0.930
28.593 31.171 -310.635 1.004
-2.547 5.984 -431.275 0.869
-54.254 -92.740 -347.136 0.951
-83.457 -25.321 -494.831 0.827
1.563 -21.481 -320.889 1.147
-71.488 9.519 -444.480 1.199
39.017 -31.878 -361.301 1.097
19.849 -43.575 -467.977 0.849
96.387 -67.715 -415.030 0.986
-69.995 -66.909 -348.119 0.850
-84.530 77.703 -364.504 1.114
19.400 95.263 -453.540 1.036
-7.341 -69.677 -472.458 1.008
38.307 -69.402 -337.448 1.010
-5.194 -5.303 -403.540 0.830
-9.489 -40.774 -433.504 0.945
61.836 87.694 -357.712 0.907
45.515 32.298 -396.056 1.104
-81.465 -9.896 -477.701 0.999
74.052 82.196 -347.003 0.881
-51.255 48.389 -446.180 0.946
7.678 -82.921 -447.497 1.107
-97.997 39.176 -307.796 1.088
-89.131 -83.295 -479.031 0.955
9.893 74.209 -462.457 0.898
-72.530 -13.157 -459.559 1.091
-96.915 -23.006 -432.423 0.943
46.994 55.913 -300.308 1.103
-7.934 42.465 -353.778 1.005
34.308 16.299 -417.180 1.037
44.716 -11.642 -461.509 0.918
-72.041 64.715 -316.536 1.055
94.054 82.617 -469.994 0.864
98.984 6.313 -340.492 0.980
9.826 -43.463 -405.540 0.897
-89.995 14.606 -366.400 1.171
22.880 -74.122 -411.361 0.962
85.894 18.016 -387.164 1.034
73.992 -9.945 -329.628 1.258
21.333 -58.922 -491.034 1.145
-1.721 30.589 -381.169 1.080
-44.993 40.665 -408.096 1.054
-26.945 -74.443 -461.836 1.132
-47.225 21.147 -491.553 1.102
-35.935 78.951 -487.660 0.809
-21.977 34.321 -335.917 0.937
-56.223 65.719 -476.644 0.909
-71.002 -23.469 -310.337 0.966
-56.712 -20.070 -441.043 0.863
22.399 -81.942 -419.942 0.931
84.243 -60.405 -380.952 0.932
15.568 72.663 -386.469 1.083
-2.083 -52.012 -344.381 0.963
65.557 77.414 -361.006 0.901
-85.717 -33.151 -454.579 0.904
-45.622 -57.745 -427.913 1.152
-21.604 -7.470 -377.589 1.228
13.917 0.756 -321.889 1.220
94.893 -91.989 -390.518 0.895
-54.882 -65.368 -410.097 1.048
-92.210 16.406 -486.710 0.981
84.911 -38.702 -385.594 1.184
11.239 -58.325 -449.304 0.878
31.771 71.041 -494.310 1.082
29.423 70.603 -309.493 1.009
-64.079 4.805 -484.406 1.040
-62.272 3.642 -475.755 1.024
89.982 24.139 -334.297 1.075
67.420 42.381 -363.201 1.029
50.286 41.645 -324.098 0.915
3.472 1.007 -475.889 1.164
34.472 50.747 -429.938 0.814
-43.949 -22.379 -386.036 0.986
5.758 68.312 -387.246 0.957
82.030 67.486 -338.790 1.060
-31.345 -81.575 -326.117 1.026
-77.797 96.788 -377.298 0.926
29.236 -4.670 -477.837 1.082
-71.561 69.303 -434.955 0.960
-68.300 -48.406 -331.792 1.004
15.743 64.436 -312.172 0.907
27.162 -39.775 -350.282 0.953
40.927 80.681 -315.266 0.942
46.953 57.100 -304.904 0.832
-2.223 51.297 -466.818 1.040
92.449 -43.605 -468.764 0.992
