-68.267 23.552 -481.244 1.108
-90.693 -54.695 -412.534 0.960
-99.601 86.075 -301.901 0.837
48.383 -92.622 -302.373 1.076
77.277 71.745 -492.280 0.918
-16.475 9.824 -468.094 1.040
48.162 43.977 -340.406 1.225
71.625 -68.698 -461.827 0.964
68.980 -15.580 -394.409 0.912
67.119 -1.690 -359.399 0.894
-67.161 -65.424 -302.349 1.060
-59.056 -1.863 -370.162 0.842
-35.668 1.600 -498.282 0.993
-68.966 -0.829 -372.567 0.935
23.192 -90.311 -317.345 0.995
-82.280 -1.408 -314.077 1.143
-30.112 -22.530 -407.048 1.146
-71.421 64.942 -339.963 0.840
73.826 52.060 -494.482 1.144
-93.718 -14.218 -386.969 0.791
-32.590 -19.234 -377.959 0.938
3.713 36.154 -460.461 1.045
93.497 46.445 -308.589 1.248
-54.784 97.043 -427.795 0.848
-23.545 -86.717 -493.679 1.035
11.982 -35.544 -422.221 0.952
-82.608 -61.957 -497.561 1.056
43.361 -90.937 -413.319 1.078
67.092 -65.616 -420.173 0.927
89.181 83.581 -415.337 1.069
-18.074 68.536 -391.787 1.200
-93.357 -15.668 -342.762 0.956
7.658 -75.860 -360.845 1.020
29.314 -70.300 -339.892 1.044
6.763 -79.736 -400.598 1.128
9.292 -88.554 -322.824 1.077
89.664 -52.698 -302.913 1.042
-75.946 75.711 -397.717 0.991
83.663 -36.711 -499.653 1.035
85.535 -91.646 -387.922 0.851
19.042 -46.713 -365.944 1.148
-28.458 -32.540 -472.928 1.091
78.135 -28.692 -386.244 1.006
87.703 -90.900 -431.739 1.020
-54.245 -55.754 -404.888 0.860
-64.583 99.082 -323.330 1.101
57.221 -80.273 -350.601 0.958
92.699 -58.262 -339.345 1.040
-47.603 -79.611 -382.928 0.955
72.561 -51.817 -487.170 0.981
57.297 -98.741 -485.881 1.034
69.493 99.746 -451.566 1.050
45.867 8.948 -332.901 1.134
96.946 -15.255 -425.709 0.940
66.720 5.635 -498.203 1.050
-68.943 -73.493 -353.452 1.062
-7.081 -48.814 -438.075 0.953
33.784 31.496 -313.744 1.227
64.457 -76.835 -425.801 0.959
-5.852 94.438 -335.978 1.007
-67.233 19.394 -444.520 0.894
21.186 -58.291 -466.100 0.910
54.813 -90.956 -414.093 0.841
-63.091 95.514 -432.551 0.981
-6.445 78.878 -372.814 0.798
36.233 75.158 -312.227 0.880
42.454 -38.477 -494.455 1.007
-43.308 33.887 -482.956 1.075
21.707 -90.852 -398.433 1.170
77.837 -51.043 -453.522 0.998
13.286 -92.138 -300.821 0.899
-47.917 -82.113 -407.636 1.148
11.429 -92.656 -452.293 0.939
-23.273 -98.168 -344.834 1.127
14.636 -23.665 -464.445 0.914
87.622 6.403 -354.283 0.975
-10.521 -97.986 -485.472 0.984
-21.732 -75.418 -392.896 0.936
78.209 -86.725 -346.860 0.920
-27.844 92.497 -481.445 0.856
53.928 -58.224 -411.124 0.911
-5.848 47.181 -306.415 1.067
-72.644 10.514 -352.921 0.965
-24.054 33.103 -497.883 0.992
50.271 21.699 -432.040 1.021
25.132 58.111 -499.013 0.707
75.131 -9.224 -419.299 0.919
14.579 -18.037 -474.693 1.113
12.029 -56.644 -411.768 1.058
-19.234 -98.465 -318.668 1.068
0.560 87.296 -457.901 0.979
83.481 -82.181 -392.951 0.979
-4.462 82.942 -315.757 1.010
-42.028 91.179 -407.287 1.030
-6.937 -1.097 -351.149 0.860
42.317 98.903 -426.058 0.977
-84.911 85.220 -423.453 0.995
-47.044 -92.503 -415.614 1.089
98.342 -8.160 -381.564 1.072
-24.938 -4.607 -405.240 1.051
-55.060 87.926 -484.239 1.135
-97.620 37.710 -426.709 1.008
68.186 10.102 -494.717 1.137
43.515 9.488 -317.546 1.016
-69.427 -18.402 -378.763 0.970
84.383 64.354 -326.262 0.818
78.268 39.046 -425.793 1.019
-16.543 7.102 -469.576 0.909
0.304 -50.800 -351.273 1.028
-4.836 32.895 -359.889 1.107
-34.804 72.261 -415.296 0.915
-86.492 71.056 -352.683 1.016
-0.982 -92.517 -497.540 1.017
56.097 45.892 -402.031 0.950
-79.767 98.422 -399.226 1.154
-63.091 -17.363 -407.011 0.959
64.338 80.170 -416.070 0.960
-26.704 69.934 -324.897 1.086
91.930 -61.427 -391.908 0.933
32.129 -5.014 -436.493 0.755
73.773 -84.232 -401.535 0.922
13.054 74.369 -311.129 1.212
-1.104 -63.581 -307.754 1.022
75.372 96.537 -440.267 0.987
-78.011 35.517 -311.267 1.162
0.324 -27.227 -360.006 1.023
41.398 16.210 -426.657 1.041
6.841 8.971 -495.401 0.776
98.429 -6.415 -338.393 1.024
-58.060 -65.204 -460.786 1.015
-46.646 -2.901 -419.883 1.008
27.988 -12.843 -333.812 0.990
95.706 -11.594 -497.841 1.190
-61.108 -43.912 -363.205 0.820
-92.653 -15.508 -321.779 1.131
80.658 -26.814 -492.342 0.968
62.228 52.521 -389.644 0.992
44.747 37.882 -361.467 1.082
-10.520 38.372 -386.627 0.942
-67.549 85.223 -453.831 1.032
26.979 -23.135 -409.701 1.042
18.840 -86.111 -498.153 1.152
-80.475 -22.677 -479.301 1.114
95.150 10.937 -417.346 0.899
71.318 -43.550 -480.878 1.054
-89.473 86.315 -428.158 0.803
26.955 47.867 -473.587 1.060
89.821 13.901 -427.162 1.100
-64.303 54.517 -317.251 0.839
-46.386 -35.886 -437.777 1.159
-95.135 86.020 -407.809 0.910
-81.414 -60.348 -356.614 1.057
63.878 -18.149 -320.311 0.908
-5.472 -54.304 -423.875 1.058
29.611 99.490 -475.455 1.207
54.823 21.611 -344.273 0.821
94.481 50.785 -397.238 1.047
62.941 -70.886 -336.235 1.151
-70.847 76.451 -402.676 0.983
-89.326 -38.394 -383.532 1.156
92.608 58.241 -369.087 1.092
42.396 72.309 -415.744 0.946
60.163 -0.078 -340.983 0.927
-23.599 -69.181 -306.128 1.106
-5.665 -48.197 -400.154 1.134
90.090 32.943 -471.952 1.076
-4.116 -68.418 -341.024 0.932
-12.590 -14.178 -498.105 1.022
-0.724 25.363 -437.174 1.082
31.048 -30.837 -484.803 0.922
-61.212 6.118 -475.282 0.993
11.393 -29.512 -462.293 0.909
87.317 -16.265 -440.668 0.964
-62.429 24.338 -493.864 1.102
14.615 -4.301 -391.283 1.058
68.411 -83.854 -473.440 0.914
-33.388 -68.180 -392.412 1.053
17.717 -96.409 -300.969 1.004
17.395 -28.897 -303.301 0.867
-30.927 8.463 -419.735 0.990
-18.408 54.656 -408.362 1.027
70.509 42.113 -417.310 1.004
79.030 83.894 -371.623 1.019
26.144 -33.496 -315.717 0.924
81.352 -16.136 -479.116 1.094
-29.758 -49.527 -482.050 0.868
64.338 68.958 -389.763 0.969
-32.466 -97.503 -386.025 1.063
41.064 -48.939 -433.483 0.894
28.360 -62.335 -393.081 0.997
-19.055 -84.362 -460.675 1.111
4.920 -89.221 -305.910 0.947
32.346 10.054 -441.283 1.076
94.216 29.113 -334.659 0.884
15.495 75.039 -486.404 0.953
-80.675 1.237 -390.696 1.073
64.719 -81.367 -384.784 1.040
69.744 -59.266 -300.219 0.865
-20.946 15.165 -379.718 0.698
76.889 -6.245 -458.085 1.032
