-89.241 31.914 -412.708 0.841
25.583 95.719 -480.376 1.129
-38.418 -49.366 -370.920 0.853
-82.213 -95.704 -496.177 1.059
85.231 51.620 -476.350 0.990
79.254 -18.299 -385.750 0.994
-54.599 76.586 -302.705 0.980
14.902 -45.535 -456.471 1.099
83.901 -32.125 -436.748 1.011
75.789 -96.966 -415.339 1.080
13.147 -43.644 -437.221 1.204
-32.196 -1.358 -338.884 1.003
-28.361 -32.393 -307.240 0.969
-78.564 7.913 -414.874 1.052
47.995 -29.832 -384.721 0.852
54.743 -78.666 -328.175 1.005
-37.992 -60.089 -408.967 0.944
-42.878 -42.150 -460.938 1.026
68.994 -88.448 -405.171 1.018
88.597 -22.652 -418.568 1.023
-24.134 -9.375 -480.556 1.238
47.234 1.771 -339.776 0.934
-23.178 61.410 -308.186 1.016
-5.504 -44.824 -338.710 0.923
-76.573 -28.453 -490.004 1.139
62.197 42.538 -378.731 1.030
50.356 4.650 -301.029 0.970
10.264 19.148 -427.415 1.178
-11.895 49.245 -317.105 0.997
-49.514 52.297 -450.528 0.989
35.067 2.152 -473.867 1.020
-61.659 -50.297 -407.903 1.065
15.290 -5.691 -355.552 0.910
47.312 -49.796 -327.221 1.062
9.717 -20.418 -301.396 1.182
28.014 3.804 -323.639 0.923
-3.867 5.889 -342.911 1.079
-46.462 -63.379 -357.410 0.771
-68.230 59.643 -467.121 0.956
-85.130 40.868 -471.093 1.195
-33.726 13.893 -356.750 0.956
-11.686 -70.518 -323.328 1.070
12.521 -56.711 -386.983 0.959
52.375 -95.052 -472.618 1.151
42.074 97.466 -322.126 1.076
-83.061 11.446 -459.307 1.018
-20.014 -71.969 -387.639 1.098
-51.779 -63.138 -321.373 0.992
32.029 94.989 -462.801 1.029
52.452 77.512 -423.317 0.984
46.031 -44.012 -440.090 0.930
-39.497 -33.346 -366.245 0.979
28.796 78.176 -434.551 0.947
46.609 99.713 -396.740 0.979
64.168 27.562 -326.637 0.931
40.324 49.904 -497.416 0.897
-24.199 72.376 -311.717 0.976
-42.201 12.369 -365.054 0.985
58.480 -59.384 -416.069 1.207
-62.374 -60.070 -424.931 1.134
79.946 -14.681 -377.338 0.878
7.641 36.002 -495.519 0.959
29.854 67.047 -458.892 1.077
79.828 72.093 -384.124 0.942
68.037 -94.147 -369.589 0.911
9.889 28.074 -373.748 0.868
-1.110 -23.314 -413.908 0.991
-30.874 83.641 -301.425 1.158
9.375 -14.363 -322.615 1.115
54.609 7.760 -312.337 1.093
-62.589 -82.559 -463.107 1.042
-47.814 4.503 -318.056 0.847
88.029 -0.486 -353.395 1.258
-84.537 -33.155 -431.607 0.952
83.167 69.113 -495.718 0.820
-19.404 67.870 -473.852 1.020
7.903 -30.140 -300.685 0.857
50.785 23.635 -324.364 0.866
-33.732 42.475 -313.659 1.135
-97.668 -51.098 -336.488 1.111
-67.812 -81.509 -426.409 0.952
97.649 80.207 -345.859 0.955
-15.491 88.914 -378.000 1.016
23.657 86.429 -448.184 0.974
90.855 12.428 -423.700 0.970
31.480 -83.092 -392.797 0.983
-61.396 -25.162 -468.276 1.001
-33.850 32.175 -464.282 0.925
0.930 12.005 -324.346 0.930
-25.749 -77.708 -348.666 0.937
21.779 -40.221 -411.990 1.001
61.791 3.261 -386.770 1.003
-25.828 -75.705 -341.295 0.882
-12.827 41.085 -375.768 0.876
-71.716 -67.485 -335.897 1.116
-72.727 81.160 -342.416 0.864
-94.408 47.200 -382.336 0.907
-26.253 83.345 -499.069 1.111
37.509 84.239 -330.559 1.163
58.554 -19.498 -477.440 1.053
63.883 -9.842 -454.323 1.114
-24.187 60.760 -434.484 1.059
23.907 -74.164 -474.441 1.079
-58.235 -23.691 -420.556 1.011
20.040 -98.345 -457.879 0.917
55.243 -39.804 -489.114 0.971
-48.771 -13.248 -404.335 1.154
-94.960 20.304 -483.466 1.071
39.902 58.098 -426.513 1.091
-75.442 -88.566 -432.446 1.116
-91.250 27.090 -497.356 0.954
96.243 -90.849 -493.287 0.936
-60.268 -48.042 -378.268 1.077
-8.117 -58.429 -402.797 0.906
-57.149 -36.200 -418.261 1.081
39.082 98.229 -495.261 0.887
-36.898 -1.417 -371.088 0.802
11.732 -78.189 -444.907 0.899
99.362 -95.903 -426.820 1.104
-86.300 -70.572 -315.623 0.965
7.559 -26.185 -361.043 0.963
39.733 43.257 -339.512 0.746
-3.817 -78.374 -454.568 1.142
-40.894 61.604 -380.071 0.979
-79.342 -65.459 -481.148 1.051
-22.788 14.439 -388.302 0.992
-67.945 -1.707 -347.145 1.045
21.546 -71.511 -331.126 0.907
-52.908 59.856 -399.614 1.085
12.594 -77.348 -342.824 1.007
83.839 -73.671 -330.415 1.074
50.771 -21.829 -373.215 0.763
6.660 -81.560 -442.237 0.866
50.542 8.192 -346.753 0.785
13.818 -52.981 -356.690 1.081
-68.624 -93.635 -428.619 1.073
-76.639 17.816 -421.819 1.038
48.922 -50.664 -409.369 0.951
60.432 -98.560 -396.186 0.975
-50.459 -66.030 -326.636 1.063
54.776 -19.503 -314.662 1.121
44.691 -24.328 -328.701 0.964
39.609 -70.449 -328.706 0.846
94.759 -49.515 -383.235 0.839
59.157 97.862 -484.014 0.839
-64.187 36.517 -409.412 0.897
-17.172 -56.411 -485.545 0.940
-96.002 -79.227 -454.902 1.048
91.640 37.523 -376.423 0.977
-26.137 -19.077 -309.083 0.976
91.853 -41.113 -354.021 1.009
-40.937 86.539 -484.534 0.992
-62.222 88.212 -303.268 0.993
13.139 43.349 -413.958 1.213
-94.617 7.064 -323.263 1.004
-54.089 55.863 -321.572 0.884
94.619 -9.968 -396.104 0.992
-86.097 -87.985 -474.159 1.018
-71.387 -5.222 -388.313 0.994
-4.189 26.869 -418.767 0.989
-66.548 70.979 -470.344 0.951
66.915 -99.225 -431.989 1.279
-60.211 -56.574 -467.238 0.931
96.481 1.125 -458.003 1.156
-35.077 -28.118 -440.964 0.862
30.024 -14.660 -492.615 1.093
25.533 -50.254 -460.738 0.768
-80.247 -37.617 -430.953 0.996
95.287 -17.999 -421.315 0.862
-72.563 -81.391 -308.051 1.085
-46.059 -56.902 -342.446 0.825
43.324 74.857 -474.630 1.028
-84.364 85.460 -471.500 1.037
-68.624 70.001 -303.621 0.906
0.823 5.212 -460.085 0.949
18.952 -3.777 -382.800 0.893
-2.515 84.978 -476.795 1.180
-82.598 88.265 -419.870 0.989
39.100 40.683 -444.632 0.970
-96.775 81.749 -484.286 1.364
2.175 1.189 -357.332 0.871
69.959 99.121 -303.820 0.927
51.080 -73.293 -375.712 0.998
43.843 -48.491 -382.624 1.030
26.639 -23.535 -320.525 1.033
-9.957 80.579 -470.330 0.893
-67.676 -9.750 -394.055 1.101
64.184 -17.819 -387.445 1.101
19.437 -38.794 -324.360 1.081
31.457 44.784 -314.215 0.999
3.362 48.868 -324.529 0.890
-91.204 63.610 -488.018 1.076
97.950 24.481 -400.028 1.043
-92.269 89.511 -401.866 1.005
91.789 -26.943 -416.160 1.070
-9.266 -64.125 -410.829 0.952
10.104 52.355 -487.557 1.137
70.438 -16.296 -445.444 1.119
94.084 -0.958 -306.798 1.076
43.595 -11.703 -485.820 1.070
