-48.947 -85.953 -414.514 1.181
48.291 -74.563 -475.323 1.124
37.287 -47.642 -320.847 1.152
-48.465 56.201 -468.505 0.843
3.436 82.585 -385.633 0.921
12.538 -1.304 -310.863 0.990
-98.720 14.155 -393.448 0.950
18.177 95.329 -495.335 0.824
97.743 85.868 -325.619 1.050
-26.234 -84.336 -434.831 1.268
77.985 -62.638 -419.431 0.912
87.897 17.442 -303.694 1.114
3.730 26.004 -312.750 0.804
27.972 97.866 -494.182 0.965
91.014 81.189 -457.125 0.985
84.619 -97.238 -455.538 1.183
94.886 54.382 -340.837 1.066
-16.376 -87.107 -357.364 1.029
-18.446 -0.830 -459.116 1.061
80.429 -13.348 -496.100 0.988
92.855 -26.124 -380.035 1.025
18.604 -11.951 -366.118 0.965
79.216 -4.807 -483.474 0.996
-87.553 -68.546 -305.643 0.912
40.411 1.851 -452.344 0.949
42.461 -88.760 -454.786 1.057
1.798 17.239 -365.013 0.825
84.973 -16.070 -420.655 1.056
-85.536 -42.995 -406.315 0.952
10.407 51.537 -418.364 1.101
59.358 -8.556 -333.027 0.953
92.294 20.130 -472.643 0.848
-25.941 80.564 -453.826 0.983
-87.520 49.719 -338.599 0.948
-92.451 -13.110 -499.863 1.016
94.445 -0.401 -489.225 0.694
58.590 70.563 -460.720 1.008
35.820 -10.561 -495.795 0.870
-60.302 17.677 -399.766 0.767
-2.602 -67.964 -401.380 0.961
-38.242 -5.714 -484.291 1.064
41.721 -49.049 -497.859 0.906
-40.402 -99.613 -417.589 1.110
99.363 -25.691 -337.937 1.027
64.119 -77.283 -301.695 1.062
-28.268 16.630 -327.368 1.171
14.250 17.077 -391.309 0.893
13.642 -14.672 -413.543 1.032
-22.123 2.764 -473.112 1.033
-38.945 -21.216 -418.087 0.920
27.135 95.324 -304.618 1.027
91.044 19.138 -387.122 1.019
52.315 15.246 -418.972 1.044
67.782 -26.113 -429.661 0.986
-53.751 29.125 -447.109 0.933
80.981 -1.823 -304.002 1.199
-99.083 92.901 -376.571 0.887
-22.211 52.885 -443.781 1.066
95.738 89.897 -305.771 1.037
-72.927 -5.575 -461.108 0.922
-49.859 -42.035 -423.286 0.990
-2.554 -8.828 -421.956 1.170
-15.646 -47.018 -456.424 0.993
82.982 78.978 -366.045 1.011
-71.001 -98.163 -422.703 1.035
2.434 -46.470 -315.054 1.006
-94.296 49.063 -306.479 1.146
20.447 -4.648 -491.062 0.926
-58.231 62.214 -422.721 1.131
71.666 -67.973 -461.256 1.084
-61.916 47.672 -406.041 1.072
41.431 -14.432 -396.925 1.072
4.214 -17.284 -366.398 0.986
-0.139 23.525 -333.486 1.183
-49.530 -35.354 -418.506 1.054
-68.849 10.845 -379.731 0.930
48.623 -57.409 -407.772 1.051
64.593 7.864 -459.721 0.995
-84.484 10.046 -472.053 1.021
24.781 60.899 -383.899 0.892
-24.320 32.693 -303.653 1.055
12.042 57.007 -468.698 1.115
-98.572 -1.071 -460.521 1.134
47.629 -64.694 -416.556 1.099
-40.554 -47.613 -359.444 0.990
97.624 91.757 -332.771 1.011
89.967 -36.250 -302.584 1.297
87.329 96.463 -356.795 0.923
97.673 -12.227 -435.863 1.104
-77.066 89.992 -385.168 1.139
5.502 54.310 -497.720 1.027
-10.136 96.285 -355.490 1.044
-26.130 95.724 -361.235 0.916
72.522 -92.505 -459.894 0.834
13.399 -26.451 -360.162 0.921
-70.897 18.156 -333.666 1.005
59.409 -64.052 -346.799 1.020
-13.623 -73.729 -462.191 1.193
21.047 10.668 -415.248 0.976
-70.250 56.817 -433.188 1.147
88.153 73.922 -419.150 1.041
61.041 -45.676 -346.905 0.882
66.872 94.405 -389.835 1.067
-33.177 98.855 -359.010 1.007
60.982 32.761 -405.619 1.106
79.008 -14.373 -345.094 1.044
45.302 84.137 -348.915 0.892
-47.885 49.113 -429.679 0.914
18.248 -78.502 -403.529 0.918
-2.559 -13.842 -353.974 0.971
50.375 -63.899 -421.907 1.066
-16.593 -94.942 -432.023 1.173
13.912 -74.629 -308.472 0.785
7.010 -82.153 -384.271 1.064
75.104 86.751 -439.032 1.028
3.564 18.676 -316.266 1.115
15.120 -94.788 -371.424 0.955
-38.408 -82.182 -306.205 0.871
35.550 -95.537 -311.649 0.731
-78.839 -39.679 -344.894 1.064
-54.903 -43.752 -440.863 1.030
-39.608 27.441 -346.006 0.944
-55.962 22.806 -303.057 1.075
-20.618 -67.608 -332.653 1.100
62.265 71.287 -381.282 0.844
-88.919 -3.638 -480.194 0.976
-18.148 -75.140 -341.029 1.080
-19.221 9.251 -430.562 1.076
37.806 -7.773 -436.518 0.863
54.575 -47.583 -430.549 0.965
60.664 75.171 -331.969 0.988
6.214 -82.926 -358.116 1.030
-82.808 13.905 -462.775 1.033
-25.886 36.224 -488.096 0.865
7.684 40.141 -386.921 1.130
42.193 -73.352 -445.451 0.953
-7.009 24.046 -392.031 1.066
57.623 -41.973 -498.777 1.062
-89.763 -60.200 -400.824 0.942
-49.245 -72.375 -493.952 0.884
-26.197 -36.435 -427.053 1.232
-21.309 -1.413 -371.514 0.860
88.321 -77.588 -315.919 1.096
-65.182 -35.553 -416.983 0.871
72.065 52.984 -370.244 0.950
-43.023 -74.378 -457.838 0.914
-32.048 -76.811 -485.733 0.940
36.965 -41.909 -422.456 1.070
19.733 -87.512 -362.753 0.977
-13.867 35.389 -337.283 0.891
-34.770 -2.998 -373.332 1.155
-11.052 -46.536 -359.800 1.049
-96.754 -72.010 -314.274 1.003
-75.624 35.643 -386.170 1.015
76.095 79.472 -342.319 0.807
-24.846 -90.651 -482.180 0.889
-96.040 -60.781 -490.436 1.016
-7.423 -85.566 -319.161 1.032
92.609 -18.598 -311.572 1.159
-94.545 -55.001 -419.007 0.910
72.171 -30.539 -427.487 0.886
-7.204 19.330 -360.395 1.034
79.924 92.459 -378.826 0.992
25.386 82.540 -415.556 0.939
18.963 0.108 -370.203 1.048
-45.002 61.047 -459.755 0.962
34.851 -63.165 -366.766 1.024
-14.005 85.675 -307.609 0.984
79.586 50.628 -499.152 0.968
24.718 -13.980 -309.616 0.904
93.417 96.529 -312.085 1.073
74.705 -77.209 -466.838 1.011
-28.274 -37.093 -426.048 1.133
68.995 -58.535 -302.839 0.966
77.383 68.847 -492.530 0.951
42.276 2.769 -469.545 0.970
68.952 -84.433 -456.022 0.972
48.538 -99.002 -378.179 0.895
89.904 23.470 -420.390 0.866
-3.209 -22.326 -329.131 1.024
-40.373 -16.734 -312.886 1.124
-78.565 -37.664 -361.454 1.061
66.349 -94.732 -486.035 0.879
23.532 -53.249 -374.026 0.987
98.985 -94.707 -300.281 0.951
9.751 18.372 -397.259 0.924
15.230 -62.518 -478.571 1.032
-54.486 83.772 -419.190 1.050
-89.936 71.393 -332.972 0.863
-8.931 -0.248 -380.738 0.886
-83.725 54.056 -357.254 1.234
-2.163 9.784 -321.120 1.116
-27.484 22.529 -497.316 1.084
-73.752 -27.532 -339.682 1.058
-8.173 -57.409 -474.132 1.023
13.552 28.131 -400.598 1.053
4.409 -80.770 -305.133 1.081
17.041 47.996 -358.336 1.013
20.183 82.383 -446.547 1.025
27.074 2.453 -471.876 0.817
