-22.220 -28.910 -449.219 0.941
-57.018 -3.712 -403.808 1.057
8.148 37.951 -322.672 0.906
-66.707 -80.280 -396.475 1.059
-69.630 -31.413 -319.777 1.100
-36.820 58.603 -321.320 0.974
28.194 80.774 -443.045 0.916
77.858 -81.709 -353.649 0.916
-64.642 -6.434 -475.738 1.137
30.125 -97.797 -410.049 0.976
21.376 -1.453 -352.001 0.883
-71.265 -83.858 -390.313 0.767
6.328 16.115 -314.339 1.054
79.407 -54.416 -312.355 1.034
-74.994 -6.617 -469.771 0.988
-52.488 71.060 -375.731 0.972
-87.360 48.718 -358.756 0.982
-76.186 24.151 -345.745 1.082
-20.500 10.482 -450.105 0.962
91.243 -39.871 -493.938 1.084
-77.414 29.414 -321.425 1.061
-87.621 25.272 -473.035 1.152
7.238 -40.481 -313.569 1.097
-80.250 82.353 -382.362 0.908
-3.350 58.673 -370.477 0.948
-15.450 0.980 -415.501 1.020
-62.387 -74.027 -445.958 0.760
-30.583 -88.656 -342.189 0.984
-32.069 27.897 -482.671 1.082
-80.478 -8.200 -344.181 1.025
-25.537 17.110 -366.773 1.067
-63.137 -45.742 -367.991 0.998
-79.455 5.946 -478.581 1.063
-1.544 -19.090 -463.402 1.026
81.560 12.686 -390.561 1.074
16.766 -91.814 -394.411 1.045
14.153 -30.687 -363.717 0.953
9.740 -89.734 -398.183 0.852
-3.841 9.506 -389.827 0.895
10.557 76.944 -315.427 0.959
-36.624 -11.127 -347.111 0.999
-79.667 60.143 -425.872 0.961
73.984 -30.730 -308.511 1.092
99.087 51.108 -486.564 1.007
3.892 81.338 -438.299 1.099
-40.587 -90.066 -440.875 1.038
2.013 7.075 -434.305 1.094
94.691 -44.040 -363.405 0.710
-79.507 -54.804 -489.110 1.107
46.879 -50.196 -429.266 1.116
82.445 46.864 -305.150 0.915
48.710 -71.320 -373.770 0.792
75.823 -77.116 -300.117 1.176
-39.364 59.937 -455.776 0.967
11.016 -3.931 -355.150 0.974
43.680 81.256 -347.878 0.855
-91.788 11.556 -338.590 0.987
-6.663 -34.702 -499.085 0.961
90.402 -8.933 -310.481 0.998
15.030 -75.584 -322.717 1.008
-63.578 -55.447 -325.509 1.035
70.390 -98.722 -384.554 0.903
-20.496 59.806 -314.088 0.800
65.482 15.937 -469.355 1.115
19.380 19.108 -442.041 1.043
-35.088 -19.881 -389.004 0.988
-89.502 36.069 -347.670 1.020
-75.256 -66.312 -489.381 1.008
-61.545 28.463 -303.463 1.086
60.369 -51.116 -390.251 1.174
-8.862 26.080 -434.544 1.030
-73.464 53.848 -462.231 1.010
-47.663 19.709 -348.335 1.026
-29.967 -17.649 -392.307 0.928
-14.647 -52.121 -371.746 0.917
69.502 28.043 -378.079 0.926
-10.847 -91.926 -305.806 1.154
-99.947 59.538 -358.235 1.114
-34.379 75.694 -426.647 0.843
4.706 61.749 -397.565 0.927
26.506 -99.692 -425.350 0.813
71.353 21.997 -366.451 0.986
-80.249 50.862 -487.579 0.956
-27.540 -87.422 -411.455 0.942
69.571 -8.611 -370.133 0.927
-34.658 58.481 -425.037 0.808
76.480 78.467 -441.582 1.111
-12.717 92.621 -320.111 1.102
60.990 -44.886 -415.591 1.110
-98.986 62.205 -446.451 1.093
2.592 90.807 -465.437 0.954
-69.159 -6.214 -354.474 0.930
39.018 46.810 -496.665 0.943
-6.971 26.044 -458.412 0.978
58.556 41.100 -417.614 0.979
98.851 -62.788 -406.889 1.270
-26.425 14.851 -385.924 0.997
99.363 20.953 -415.779 0.953
-50.081 -95.950 -386.719 0.862
33.781 -90.784 -312.046 0.841
60.170 -75.117 -329.805 1.085
-7.756 -81.455 -484.516 1.083
74.015 98.670 -371.144 0.894
76.869 86.398 -469.583 0.919
-25.999 41.373 -369.614 0.883
-75.927 -22.659 -363.373 0.980
73.616 -84.569 -351.676 1.096
92.641 -48.671 -420.522 0.964
-12.687 74.446 -450.750 0.972
75.371 15.514 -435.015 0.830
-51.192 -76.934 -420.959 1.224
-45.728 57.749 -324.137 1.114
80.597 85.065 -374.982 0.883
91.006 -57.760 -447.624 0.926
-88.238 85.640 -351.819 0.841
-41.697 21.365 -404.303 1.209
45.574 -9.850 -490.845 1.045
-38.240 -0.706 -332.905 1.047
-11.011 -42.522 -471.953 1.072
65.337 -74.890 -454.646 0.981
30.730 -35.785 -415.138 1.090
27.676 -68.822 -454.552 0.981
67.189 62.407 -452.435 0.935
24.385 -33.053 -352.731 1.014
98.926 -83.797 -427.748 1.077
9.717 21.217 -396.288 0.891
98.727 -56.024 -366.716 1.017
8.218 -54.636 -394.386 0.916
46.380 43.606 -417.979 0.954
-18.758 -48.997 -424.100 0.949
-8.057 -99.567 -443.908 0.951
-48.551 -4.522 -402.073 1.047
31.442 -52.607 -490.540 0.958
45.281 27.522 -438.311 1.013
0.208 3.782 -355.654 0.945
-50.091 -17.767 -352.493 0.801
60.771 -1.184 -404.867 1.087
52.685 25.489 -375.766 1.073
87.429 56.774 -424.680 0.984
28.076 -90.105 -324.430 0.796
-80.316 -78.236 -382.307 1.289
-48.653 -32.952 -366.023 1.054
44.875 -96.124 -433.173 1.052
35.477 43.696 -446.280 0.914
-54.467 68.980 -326.378 1.097
-86.887 30.375 -317.339 1.119
-65.541 -45.363 -425.573 1.023
84.712 21.043 -323.317 1.002
42.680 94.711 -371.128 1.134
-44.103 -58.954 -335.911 1.110
66.748 59.623 -343.766 0.929
95.190 29.399 -392.936 1.050
6.975 75.595 -462.490 1.161
-49.131 77.311 -412.276 1.042
78.699 -51.148 -307.131 1.083
-58.777 -8.445 -445.024 1.016
20.532 95.330 -469.707 1.074
-50.087 87.124 -343.625 1.015
-2.647 18.693 -403.750 0.896
-33.676 -35.592 -381.217 1.096
20.261 4.180 -466.094 0.976
43.936 -8.112 -316.513 0.997
74.197 -76.708 -402.898 0.900
64.644 -25.339 -450.843 1.049
-81.940 26.906 -393.659 0.980
80.521 20.270 -339.591 0.843
-89.539 21.002 -440.350 1.072
19.321 18.451 -434.592 1.048
40.209 -15.553 -420.047 1.209
-56.446 7.956 -441.438 0.820
53.761 60.413 -377.633 1.161
66.827 5.936 -469.460 1.121
1.830 19.966 -315.026 1.100
61.164 -78.000 -389.607 0.923
20.058 0.434 -348.157 0.844
-39.141 -79.458 -331.473 0.966
91.168 -71.821 -463.908 1.097
83.041 26.090 -373.923 1.041
95.485 -47.788 -395.959 1.160
-9.463 44.535 -314.490 1.008
-84.120 36.868 -477.359 1.079
44.584 -84.745 -351.840 1.179
97.769 89.894 -484.481 0.925
83.308 26.033 -368.609 0.876
7.029 -76.098 -476.216 0.952
37.966 31.142 -348.217 0.959
18.489 32.856 -472.888 0.996
-4.785 -76.468 -473.199 1.048
-19.446 91.472 -353.977 0.956
-4.798 21.018 -449.387 1.058
-78.387 -77.085 -414.332 1.016
-35.820 -42.828 -400.913 1.001
-53.121 89.876 -482.277 0.898
-54.756 -24.678 -371.510 0.950
29.690 14.388 -307.007 0.940
-93.968 85.911 -366.274 0.989
60.993 -9.179 -385.213 0.930
98.035 51.825 -466.159 0.914
99.079 22.124 -375.259 1.091
26.130 -72.046 -385.933 0.988
