84.471 -14.218 -374.602 1.022
48.164 -26.525 -394.092 1.010
-81.596 90.838 -393.590 1.099
29.631 30.545 -438.901 1.102
-1.330 -41.056 -361.337 0.934
-85.730 -23.845 -448.473 1.093
46.978 40.697 -377.952 1.109
42.291 -92.333 -478.304 0.854
-39.810 -13.869 -342.288 0.991
-83.836 -6.460 -395.302 1.060
72.041 -79.170 -331.237 0.917
-21.153 32.623 -308.773 1.183
-31.781 33.215 -324.028 1.126
27.261 -7.871 -348.344 0.940
-25.382 -75.540 -339.897 1.079
35.587 88.009 -449.701 0.990
24.552 -62.115 -316.290 0.861
62.318 62.794 -414.938 1.184
-31.904 -20.905 -422.761 1.049
-98.622 5.103 -427.031 1.220
-67.665 92.978 -335.160 1.147
13.243 58.983 -318.432 0.916
-51.905 12.575 -421.574 1.068
68.580 31.041 -431.072 1.005
-79.390 26.006 -346.610 0.918
-98.540 -5.033 -404.768 1.008
45.670 2.657 -344.834 1.150
-76.868 -52.316 -327.309 0.940
-56.091 44.680 -325.959 0.989
-72.488 -39.363 -480.078 1.085
-38.630 82.001 -484.592 0.925
55.806 27.911 -443.857 1.102
-8.369 35.350 -406.877 0.973
-57.729 -13.545 -418.191 1.002
-32.956 61.122 -355.846 1.082
22.501 57.942 -476.555 0.967
61.870 -98.996 -379.364 1.159
-86.946 -70.710 -372.965 0.910
3.011 52.863 -487.002 1.150
-9.732 79.969 -322.435 0.995
64.097 41.526 -334.244 0.940
-31.289 60.664 -396.819 1.009
66.763 -89.442 -362.912 0.743
45.061 59.820 -443.986 1.114
-35.220 33.713 -458.365 1.118
-29.470 78.787 -439.506 0.989
49.466 -62.040 -359.078 1.055
34.414 73.105 -341.628 0.910
80.916 19.821 -411.716 0.987
-44.056 -37.874 -395.092 1.090
59.802 80.924 -442.098 0.890
-94.419 44.381 -310.302 1.051
-30.498 -49.977 -495.480 0.961
-50.211 -36.275 -467.339 0.989
-26.397 -44.669 -483.878 0.983
37.771 60.670 -352.339 0.876
-96.039 9.863 -498.307 0.964
-26.190 47.176 -491.339 0.800
3.729 -23.267 -388.797 0.930
11.338 -38.287 -431.031 0.899
-26.709 -61.967 -438.008 1.068
-36.349 -46.968 -332.808 1.083
21.496 -69.128 -456.858 0.866
66.132 51.397 -317.137 0.890
-67.967 -56.682 -395.783 1.039
-74.301 38.005 -356.180 0.918
61.339 -12.436 -304.314 1.117
-26.876 -53.459 -379.106 0.812
58.306 98.225 -354.755 1.048
12.118 -75.815 -328.431 0.969
78.645 78.119 -397.981 1.068
54.131 19.718 -467.721 1.137
4.816 -58.053 -470.510 0.954
5.964 -11.560 -487.068 0.870
50.994 63.620 -440.894 1.184
55.689 -13.110 -491.694 1.075
23.152 26.333 -334.186 1.030
-73.522 -70.376 -349.660 1.071
7.345 83.799 -372.019 0.834
-73.873 21.967 -477.110 1.032
-47.191 30.128 -435.082 0.920
-8.133 68.969 -494.247 0.895
30.015 56.292 -477.884 0.867
-78.747 -32.580 -410.585 0.955
84.606 79.796 -428.303 0.911
23.472 10.039 -328.094 1.103
84.517 -53.414 -496.996 0.850
64.745 -88.359 -496.259 0.960
42.969 95.320 -386.896 0.957
-25.017 24.555 -341.986 0.956
-80.527 -73.181 -350.003 0.874
63.843 -7.358 -473.316 0.954
-27.371 -21.062 -310.167 0.958
61.990 -22.884 -440.451 1.034
-81.862 33.397 -320.065 0.914
63.026 41.845 -349.846 0.962
12.675 10.653 -358.510 1.103
-54.545 13.592 -343.742 0.943
49.167 -33.594 -315.014 1.005
95.986 79.938 -493.555 1.089
86.149 -92.352 -441.958 0.987
19.939 -30.633 -373.689 1.068
14.053 -53.502 -404.942 1.073
-70.695 -48.739 -469.811 0.864
73.141 34.494 -423.895 1.067
-96.148 98.915 -440.075 1.077
-68.665 21.277 -327.191 1.038
14.825 -98.690 -461.457 1.010
-93.059 -73.962 -333.277 1.373
80.829 -37.729 -371.605 1.037
-14.807 -96.081 -307.556 1.217
29.366 0.303 -428.928 0.949
-43.871 -99.184 -445.698 0.832
66.346 -69.153 -465.297 1.018
27.202 -57.726 -359.376 0.937
18.281 12.488 -492.619 0.906
-85.144 76.462 -323.512 1.011
-74.663 -40.280 -353.767 0.955
-22.319 64.912 -321.508 1.078
-86.893 -62.684 -337.190 1.215
93.980 -66.893 -485.015 1.057
41.346 39.932 -344.858 1.010
-7.207 -92.205 -488.459 0.693
0.197 52.528 -440.834 1.182
-2.616 -70.095 -416.744 0.976
-7.143 -11.309 -390.384 0.886
25.003 57.359 -484.415 0.920
-71.764 41.163 -425.324 0.869
24.555 -93.223 -365.554 0.917
-16.176 -88.061 -463.412 0.934
-56.354 -5.975 -465.705 1.057
-24.219 78.471 -318.567 0.994
-16.173 33.865 -305.165 1.057
12.812 56.832 -341.256 1.021
-24.198 27.655 -379.176 1.065
1.039 68.558 -359.916 1.035
-21.169 -50.821 -339.316 1.073
22.576 -51.721 -412.300 0.973
-63.916 90.816 -438.214 0.969
-34.970 48.825 -350.388 1.054
99.068 42.304 -424.428 0.943
98.106 20.316 -398.373 1.040
-82.792 5.230 -481.898 1.002
72.823 -64.742 -443.739 1.010
17.723 21.073 -432.942 1.068
-76.350 93.534 -457.465 1.008
-2.633 -25.275 -343.554 0.929
9.325 -68.350 -314.080 1.070
-27.120 -75.606 -452.239 1.044
47.168 -61.154 -475.452 0.911
-9.218 -9.436 -469.678 0.958
75.952 -55.908 -331.537 0.994
-47.601 -60.199 -471.954 1.105
80.084 -57.269 -429.298 1.030
-30.353 38.948 -430.175 1.088
3.564 -6.450 -396.498 1.045
98.633 -3.250 -459.271 0.927
93.156 -79.965 -392.616 1.058
47.530 -20.703 -406.531 0.954
-25.161 83.688 -495.776 0.992
-35.746 -74.870 -400.039 1.127
57.014 42.492 -470.204 0.914
-13.322 3.296 -335.898 0.950
73.220 -63.344 -451.278 1.219
32.156 31.592 -451.560 1.125
-68.062 39.301 -476.923 1.005
50.848 42.993 -441.984 1.044
55.613 14.238 -411.535 0.942
-54.544 -75.029 -333.538 0.847
69.481 69.064 -475.106 1.073
-49.668 -52.400 -472.159 0.901
98.817 -15.428 -371.695 1.086
91.399 -37.620 -457.591 1.016
-59.851 -95.281 -408.986 1.073
87.791 -19.468 -395.306 0.941
-46.260 -71.161 -360.059 1.093
80.218 40.646 -306.390 1.027
37.288 -77.133 -411.671 0.888
12.345 25.802 -413.928 0.989
-24.195 -80.943 -357.637 0.966
26.826 -36.198 -415.792 1.043
89.936 40.927 -303.142 1.124
-52.056 5.657 -464.152 1.117
18.442 77.101 -366.951 1.119
3.347 -67.195 -403.919 0.757
-38.408 -9.792 -443.653 1.056
57.748 61.535 -426.911 0.990
-92.530 28.922 -386.146 0.837
-62.989 -8.183 -417.922 1.008
11.736 49.120 -324.663 0.915
-46.222 5.680 -378.201 0.943
-87.686 2.910 -391.194 1.119
5.552 38.803 -326.606 1.089
65.639 -83.888 -372.036 0.913
-60.219 80.121 -404.119 0.980
50.333 -86.894 -487.178 0.846
89.554 -83.293 -378.230 1.145
9.594 37.274 -402.156 0.910
-91.350 92.871 -474.865 1.017
87.584 -49.908 -331.010 1.009
