79.013 4.422 -337.727 1.031
43.786 -64.497 -337.256 0.828
31.915 11.358 -378.698 0.879
7.252 94.738 -362.603 1.031
-43.403 15.851 -486.286 1.072
-63.500 28.751 -307.444 0.897
-99.528 -28.849 -467.965 1.064
35.570 -72.031 -424.624 1.103
52.952 -40.286 -351.344 1.079
88.067 -28.271 -303.761 0.959
78.237 -76.492 -425.220 1.148
-41.463 82.761 -474.539 0.940
32.636 69.383 -457.704 0.958
15.337 -15.398 -352.786 0.856
14.683 -84.974 -496.593 0.978
-63.218 -41.582 -334.278 0.952
-39.468 75.834 -469.187 0.959
83.115 -94.460 -307.852 0.978
85.814 46.719 -479.492 1.090
-32.410 -54.574 -307.550 1.022
25.914 -50.969 -399.935 1.067
37.853 -18.173 -473.650 0.840
-41.356 -92.288 -364.923 1.088
59.275 -43.163 -479.439 1.041
17.575 62.456 -418.365 1.062
-7.533 27.746 -463.895 1.056
97.994 44.717 -495.970 0.953
84.898 38.251 -301.837 1.065
77.477 -87.399 -417.344 0.980
90.524 86.965 -471.440 0.942
45.949 -26.896 -323.926 0.872
-34.482 -60.175 -383.139 1.078
-31.751 -45.135 -369.644 0.998
84.392 93.978 -493.581 0.892
31.850 -61.990 -394.485 1.095
-47.958 39.002 -439.279 1.085
-95.425 35.743 -488.466 1.172
39.441 28.361 -405.996 1.031
-62.418 -65.690 -359.425 1.035
88.904 -67.106 -454.377 1.046
59.955 41.569 -443.842 0.865
20.624 -86.335 -303.466 1.066
11.738 -74.617 -445.301 1.039
85.438 -73.422 -334.864 1.126
0.121 5.548 -491.542 0.847
25.073 71.682 -497.198 1.002
27.863 87.281 -444.154 0.858
21.922 53.013 -486.079 1.015
5.505 -25.145 -381.737 1.014
13.216 -63.839 -438.963 0.866
47.501 88.236 -325.066 0.885
0.211 -6.405 -337.849 0.980
34.928 -87.263 -445.199 1.004
96.635 97.316 -331.438 1.071
-60.021 -69.000 -484.190 0.959
-3.376 -38.550 -361.036 1.072
30.746 -47.581 -448.651 1.007
10.957 52.548 -322.429 0.996
-83.244 15.671 -440.415 1.044
-24.844 -79.725 -403.516 1.071
10.585 -82.669 -444.384 0.944
57.823 -12.891 -437.703 1.133
-12.258 -57.348 -438.757 0.912
-24.170 17.736 -351.035 1.097
38.285 61.662 -358.235 1.134
53.431 37.059 -304.539 1.078
35.915 85.890 -309.801 0.956
-10.039 66.488 -383.655 0.949
-82.720 -43.333 -484.672 0.956
-6.579 9.147 -495.301 1.037
69.809 -59.392 -394.293 1.003
95.854 -31.940 -331.141 1.073
55.664 96.140 -328.959 1.264
47.346 -96.879 -340.554 0.815
65.682 -54.749 -302.700 1.117
51.027 -19.499 -335.762 0.855
-78.781 -82.282 -451.681 1.060
-54.624 -45.160 -475.982 1.051
39.034 64.009 -335.693 0.878
68.821 59.080 -447.618 0.940
-69.580 94.700 -383.079 1.089
-4.321 76.570 -348.612 1.005
38.982 -27.007 -465.491 0.926
-78.064 -1.176 -340.580 1.007
66.853 94.945 -387.644 0.905
-73.848 -41.933 -320.023 1.068
-6.821 91.845 -359.499 0.946
-0.598 -76.604 -480.937 0.995
62.884 48.255 -486.621 0.874
-0.236 -14.052 -372.071 0.809
90.485 -66.680 -344.631 1.043
13.094 -54.030 -328.885 1.013
32.401 -23.524 -349.208 0.819
36.835 -34.427 -455.757 0.993
-19.247 -68.468 -316.922 0.943
67.556 -6.243 -393.181 0.940
27.832 31.530 -305.801 0.823
-20.348 90.904 -490.284 0.930
-38.359 48.717 -350.813 0.962
46.605 -78.875 -408.171 0.946
-94.210 -3.936 -363.534 1.021
-25.695 69.271 -438.245 1.184
-47.445 -58.678 -484.186 1.132
-13.411 -74.210 -431.161 0.973
29.439 80.397 -358.513 0.975
-25.293 4.604 -424.866 0.926
40.911 -12.096 -335.849 0.889
62.810 -71.565 -398.071 1.024
-91.851 91.017 -314.047 1.033
-62.659 -96.657 -490.933 1.006
18.594 -79.328 -494.059 0.969
15.755 -39.352 -457.031 0.901
-31.239 14.027 -421.279 1.088
-57.521 0.723 -495.318 1.118
73.856 -60.103 -464.992 1.108
6.271 24.415 -367.132 1.036
-15.820 -25.601 -497.022 1.040
79.622 20.989 -448.916 1.061
42.666 -82.784 -403.619 1.138
-31.859 -46.911 -446.212 1.096
85.059 90.964 -430.396 0.788
-4.746 14.037 -331.938 0.992
-7.778 89.311 -354.913 0.953
-72.899 93.194 -331.844 1.190
36.407 -14.807 -339.650 0.996
26.272 -37.680 -359.987 0.805
-98.421 35.865 -421.830 0.932
88.301 -52.940 -388.641 0.933
53.959 19.247 -428.783 1.103
-36.009 -15.247 -324.162 0.795
31.897 -15.982 -344.149 1.105
-86.970 50.334 -323.274 1.100
-77.601 66.022 -322.799 0.907
-29.547 34.445 -435.125 1.108
-74.384 -78.223 -319.246 1.246
-84.704 66.150 -318.429 1.132
61.276 87.367 -338.199 0.903
-3.208 26.427 -329.551 0.893
-50.142 32.748 -478.950 0.744
31.019 -60.490 -464.265 0.914
-37.317 72.157 -353.810 1.072
-9.952 -15.035 -312.081 0.948
7.318 -96.663 -455.243 1.053
47.111 41.341 -432.558 1.107
85.447 65.335 -309.057 0.994
-86.131 66.426 -490.721 0.970
9.888 -98.825 -349.046 1.108
96.811 -41.591 -351.031 0.948
40.486 -4.970 -373.111 1.035
-16.512 -1.128 -449.767 0.987
76.233 -66.179 -316.738 0.903
-96.091 -97.007 -429.841 1.117
15.816 86.850 -457.095 0.964
-57.336 -25.004 -481.355 0.955
-63.384 -36.179 -468.875 0.900
-25.486 -29.799 -365.174 0.989
86.184 -83.315 -447.182 1.174
41.087 94.165 -314.398 1.079
83.727 43.190 -429.888 1.147
99.307 -94.937 -345.884 0.930
56.635 58.098 -341.236 0.955
12.766 3.256 -316.384 0.865
18.245 27.210 -469.734 1.014
-9.212 -95.204 -460.557 1.059
-31.364 66.708 -319.756 0.920
87.598 39.567 -442.333 0.933
12.236 38.373 -400.955 0.971
85.221 94.209 -437.082 1.027
-93.526 38.039 -315.318 0.845
-46.085 72.518 -437.284 1.066
-44.254 -34.500 -429.680 1.066
-53.024 50.867 -492.346 0.897
-27.548 -74.754 -309.025 0.964
-87.138 69.723 -379.664 0.808
-99.138 36.168 -450.023 0.780
0.737 87.280 -466.775 1.079
-86.821 91.576 -398.313 1.161
88.791 77.354 -480.775 1.133
99.395 38.067 -359.004 1.196
95.652 -76.613 -306.259 0.751
-80.629 99.560 -377.458 1.145
78.007 56.289 -430.393 1.012
-87.704 -10.645 -373.789 1.070
95.841 77.254 -481.198 1.037
29.277 36.554 -310.656 1.060
83.663 -48.318 -412.143 0.993
55.103 -28.296 -471.207 0.956
39.066 -39.870 -346.379 1.001
69.903 27.714 -490.339 1.000
-20.426 -54.989 -390.653 0.803
-38.754 95.899 -394.476 1.088
4.070 -70.196 -429.949 1.002
85.417 1.929 -384.892 0.983
-19.528 99.864 -446.403 0.997
-82.779 -61.021 -341.436 1.092
15.263 33.601 -330.188 1.102
-24.888 54.380 -371.382 1.069
-62.434 41.735 -455.777 0.902
-53.187 49.169 -434.237 1.199
-57.267 -14.853 -411.370 1.071
