79.544 4.235 -482.819 1.108
-88.525 -7.505 -413.165 1.189
-85.195 68.625 -404.625 0.807
10.455 82.021 -310.397 0.918
54.301 -9.701 -464.193 1.158
16.606 25.725 -483.447 0.980
53.570 -85.249 -489.323 0.893
94.228 -61.551 -412.866 0.912
21.529 63.666 -472.772 1.182
15.626 -81.689 -425.971 1.040
-21.434 63.305 -437.127 1.002
-63.988 -66.996 -362.814 0.968
-74.765 16.947 -352.121 0.916
24.145 38.337 -402.095 0.982
-17.497 61.105 -497.646 1.121
-36.736 53.146 -476.649 0.890
-50.672 37.058 -389.166 1.062
-78.890 -64.977 -320.917 0.958
-48.124 -7.503 -320.219 1.032
71.022 56.204 -397.100 0.974
9.400 12.040 -316.976 1.086
90.025 -91.805 -481.371 1.071
55.036 -69.401 -399.992 1.119
71.670 -8.792 -401.690 0.988
-91.504 -89.361 -442.269 0.872
-31.363 -92.089 -463.805 1.054
-90.280 70.725 -399.770 1.100
84.607 42.437 -300.066 0.903
71.827 -23.702 -302.595 1.107
-62.843 -67.405 -434.085 1.015
-72.516 69.679 -414.615 0.943
-28.701 -72.269 -364.376 0.994
85.009 -34.181 -405.770 0.958
-24.205 -30.046 -469.189 0.939
62.643 -39.562 -400.154 0.914
39.213 -58.784 -404.040 0.989
83.116 -47.415 -323.234 0.977
-21.901 23.425 -487.824 1.030
91.261 77.798 -427.347 1.220
-78.529 85.639 -407.729 0.901
-47.915 8.501 -485.114 0.994
-85.464 -31.137 -301.628 1.058
-72.442 -74.057 -322.322 1.031
-41.672 84.264 -373.693 0.981
13.584 -61.068 -436.910 0.898
-15.512 -31.768 -451.715 0.942
55.953 -80.236 -464.464 1.114
75.517 -91.315 -424.588 1.020
38.594 6.875 -389.785 1.006
-50.977 99.297 -313.493 0.889
51.709 42.001 -309.366 1.005
-71.545 0.808 -433.533 1.080
-91.464 65.518 -411.611 1.012
84.037 54.297 -304.880 0.891
56.442 -11.295 -336.598 0.829
-50.278 4.387 -351.181 1.005
86.066 -24.144 -480.387 0.795
-40.091 -43.537 -461.069 0.982
48.261 -92.321 -451.551 0.975
17.905 -86.866 -348.250 1.231
39.932 4.723 -431.666 1.034
-8.633 24.230 -394.608 0.967
-15.033 82.404 -450.044 1.010
-80.845 38.169 -314.565 1.027
-49.492 -98.745 -339.174 1.033
4.000 25.597 -497.107 1.051
-81.669 -25.199 -451.814 1.129
33.647 -76.669 -400.705 1.003
51.932 -76.944 -395.441 0.847
35.324 -55.786 -488.098 0.913
-99.331 89.803 -471.351 0.960
91.483 -38.838 -486.214 0.989
-34.311 -80.035 -442.498 0.988
71.278 -67.424 -417.582 0.967
-46.293 -46.805 -351.859 0.996
43.251 1.514 -341.322 0.862
29.032 84.979 -336.944 1.148
-96.615 -47.964 -389.293 0.956
41.189 99.222 -348.772 1.001
50.922 -45.081 -329.228 0.777
12.181 46.272 -382.790 0.963
-68.345 88.725 -428.765 1.009
56.403 56.334 -458.223 1.131
55.000 -34.346 -495.404 0.851
-46.378 68.789 -308.103 1.147
73.859 89.144 -481.365 1.045
-63.302 -2.987 -388.267 1.021
41.473 39.026 -357.718 1.003
40.352 -75.323 -301.962 1.158
76.820 -86.810 -453.865 1.000
93.171 49.299 -342.717 1.002
-61.773 25.600 -331.128 0.953
77.358 28.248 -473.049 1.100
-60.897 -99.128 -389.509 1.025
87.282 57.504 -464.277 0.987
-76.073 32.248 -456.880 0.959
-64.360 -6.079 -371.679 1.054
96.306 -73.311 -443.201 1.115
63.289 -53.656 -418.185 1.059
-92.698 -95.264 -430.762 1.207
22.155 57.019 -372.854 1.125
-65.802 79.307 -470.435 0.826
23.638 -37.060 -423.878 1.004
46.539 9.654 -379.860 0.983
-73.784 98.156 -464.876 1.098
-31.038 61.093 -368.504 0.931
-34.214 19.085 -467.822 1.092
-52.396 9.560 -375.068 0.979
9.075 38.807 -347.187 0.953
-67.883 16.859 -490.471 1.210
-94.690 -68.261 -393.261 1.124
-51.062 14.169 -436.293 0.953
-99.592 -11.904 -367.957 0.767
40.822 -18.359 -487.284 0.920
40.921 -22.686 -444.810 1.099
-6.917 -85.169 -483.273 1.133
-4.989 51.870 -392.740 0.953
13.394 84.382 -485.340 1.064
-67.288 -33.103 -492.445 0.860
-9.159 -16.508 -493.634 0.980
61.401 -51.239 -429.422 1.085
75.691 -6.422 -462.994 0.896
-15.879 47.163 -308.199 0.965
-88.106 64.067 -375.255 0.728
-39.952 -3.061 -419.593 0.965
96.034 -84.349 -324.120 1.136
38.824 12.465 -363.394 1.085
35.358 -16.891 -352.521 0.932
0.902 43.031 -326.299 1.002
60.728 -48.915 -482.217 1.173
-75.394 78.431 -328.739 1.040
27.069 -45.035 -313.969 0.870
17.137 -40.106 -379.923 1.020
-60.073 -96.038 -332.910 0.910
45.650 -50.896 -380.049 1.050
-30.372 -83.059 -409.698 1.187
58.739 28.479 -300.703 1.051
12.737 6.806 -382.348 0.974
-11.468 -64.027 -371.854 1.083
-84.069 55.894 -375.524 1.053
83.898 -14.584 -405.801 0.991
-47.796 -78.344 -372.367 0.934
0.817 1.145 -331.228 1.035
-15.553 96.541 -428.862 0.842
-4.815 77.927 -478.621 1.019
93.042 21.520 -345.427 1.044
-51.678 66.634 -414.681 0.866
-69.717 12.558 -429.459 0.878
-41.366 -33.210 -387.235 1.151
-60.669 5.021 -415.334 0.820
-36.945 21.973 -339.915 1.084
-4.138 38.474 -492.540 0.890
36.339 1.145 -451.600 0.933
37.657 4.187 -418.316 0.990
-33.966 -72.277 -310.163 1.072
99.291 7.971 -319.876 1.276
-38.773 78.800 -370.676 0.919
72.049 -60.773 -437.500 0.932
-67.473 -50.439 -457.793 1.043
-41.080 37.577 -461.632 1.190
-36.992 97.001 -478.780 1.092
-81.463 7.517 -300.588 1.050
-74.056 -99.470 -339.894 0.936
14.204 -12.658 -450.182 0.891
-23.128 11.398 -453.690 0.964
-33.988 -36.619 -417.898 1.018
81.060 40.578 -484.116 0.982
-34.474 -35.415 -341.413 1.080
63.838 -5.886 -414.845 1.109
-90.079 -87.383 -499.559 0.825
14.098 27.682 -382.246 1.133
60.592 -66.721 -350.067 0.998
33.648 35.231 -486.222 0.967
-23.011 -50.232 -311.001 0.830
33.903 2.405 -435.399 0.996
-35.169 19.541 -476.994 1.173
-35.010 97.446 -302.714 0.991
67.935 -89.936 -432.610 0.888
65.696 -22.537 -440.086 0.913
-61.872 -34.549 -461.915 1.118
-23.238 88.180 -341.188 0.942
72.014 -22.810 -422.692 0.907
41.899 96.022 -314.431 0.881
-82.863 -0.329 -434.182 1.027
49.873 1.069 -468.530 0.998
46.241 -69.759 -452.526 1.026
-64.761 -72.403 -390.019 0.996
-56.885 84.659 -401.194 0.976
78.830 35.654 -341.988 1.010
-51.760 83.253 -400.879 0.684
-34.566 -10.952 -310.253 1.038
68.358 -10.395 -450.411 1.112
48.955 61.444 -468.108 1.009
-92.874 -51.957 -305.227 0.808
-52.982 69.555 -447.462 1.125
-57.015 -8.803 -496.816 1.163
22.243 5.766 -423.919 0.804
37.684 -18.116 -370.785 1.014
-21.752 -16.448 -487.783 0.896
35.423 -53.494 -305.753 0.989
