-87.956 11.155 -407.550 1.081
8.313 6.724 -421.802 0.943
-98.586 42.540 -332.775 0.991
68.644 41.874 -358.041 1.062
-85.188 -41.566 -429.272 0.955
8.153 32.416 -482.400 0.882
-14.271 -64.066 -364.108 1.101
64.532 -92.069 -483.062 0.955
80.448 -47.604 -494.185 1.065
-51.719 66.778 -462.574 0.990
-38.619 -57.573 -364.924 0.958
28.122 -94.484 -434.902 0.938
-12.733 30.322 -496.479 0.977
39.372 -90.813 -390.489 1.086
-45.949 69.205 -378.312 1.082
16.133 -71.548 -470.698 0.990
89.733 10.368 -438.225 0.986
-5.752 10.254 -341.722 0.998
-14.654 -99.989 -300.649 1.077
29.015 -35.013 -379.792 0.870
-80.231 -18.433 -458.448 0.932
-97.058 54.554 -358.383 1.029
-17.848 -95.463 -355.992 0.978
-68.046 94.372 -499.950 1.024
-31.885 -38.240 -407.422 0.945
-63.877 78.258 -380.806 1.020
-69.670 28.141 -362.808 1.122
-65.148 49.879 -362.537 0.900
76.415 -14.185 -304.235 1.112
-0.537 -93.015 -412.025 0.804
-10.853 4.159 -496.606 1.008
97.321 -90.631 -478.533 0.988
95.507 -20.962 -365.646 1.028
-78.645 -87.632 -323.074 1.027
58.886 -95.159 -453.677 1.032
85.319 69.037 -339.665 1.079
-30.315 -79.166 -386.561 0.994
37.706 -99.296 -489.967 0.851
-25.683 -21.144 -382.795 1.061
-0.734 -3.859 -476.148 1.064
8.814 21.462 -338.755 0.953
-60.293 16.821 -413.510 1.091
-41.906 31.059 -484.739 1.242
-23.024 65.511 -356.534 0.807
-31.693 -8.831 -321.100 1.112
92.697 -77.962 -414.993 0.959
58.037 -93.265 -477.872 0.858
-52.445 65.277 -492.208 1.036
-93.539 -30.281 -480.905 1.047
-67.831 22.610 -349.046 1.049
43.663 42.250 -355.047 1.011
-1.550 36.704 -315.299 0.978
67.806 -89.414 -320.886 0.939
6.074 66.214 -377.947 0.976
45.268 72.878 -474.650 0.927
-88.680 7.482 -354.837 1.100
26.396 -5.191 -461.990 0.977
-14.897 -41.040 -320.859 1.148
-91.650 52.564 -384.741 0.986
-1.258 84.705 -356.079 0.871
-91.698 84.396 -377.266 1.035
-22.880 -91.600 -460.307 0.963
60.605 3.519 -397.565 1.071
99.882 27.983 -373.998 1.088
-36.365 11.990 -314.751 0.932
-30.187 37.203 -454.273 1.034
39.644 92.615 -361.682 0.923
40.976 -90.948 -444.108 0.996
43.541 51.947 -449.075 1.092
-63.259 -8.597 -478.732 0.877
85.942 71.330 -434.799 1.095
5.412 46.328 -306.649 0.987
97.876 83.687 -456.333 1.065
91.640 97.562 -427.031 1.131
63.359 52.084 -312.313 0.963
90.031 -17.474 -344.419 1.097
-40.464 46.291 -311.574 1.091
90.920 23.563 -425.097 1.009
-34.012 11.750 -412.330 1.317
63.227 -5.191 -330.106 0.913
57.525 69.335 -366.935 1.030
19.893 -68.096 -397.573 1.248
28.877 86.898 -436.226 1.133
71.934 43.310 -314.657 1.042
-2.878 52.708 -409.951 0.766
68.138 46.857 -311.604 1.142
20.691 -55.300 -425.258 1.026
73.617 33.568 -384.284 1.002
-95.097 -92.081 -496.049 0.973
-56.461 -2.134 -311.625 1.023
-5.374 56.553 -353.756 0.840
-52.493 14.887 -302.490 1.221
22.570 88.931 -479.615 0.892
75.623 55.745 -497.544 0.935
27.272 -93.772 -435.807 1.157
61.716 60.684 -368.890 0.816
-43.903 7.607 -305.631 1.009
-65.006 4.946 -371.973 0.929
-71.559 22.627 -305.623 0.962
-17.335 -83.405 -480.251 1.108
80.807 98.284 -442.488 0.897
-5.679 53.754 -321.904 1.144
72.021 -39.718 -426.212 0.889
-37.653 19.746 -411.192 0.927
-27.690 -28.541 -427.892 0.889
50.119 16.023 -419.709 1.027
32.114 -9.585 -362.956 0.878
-40.605 -79.837 -367.761 0.999
48.955 22.735 -422.581 0.960
94.733 52.494 -410.340 1.138
-15.988 33.743 -422.172 1.047
61.136 -40.917 -317.290 0.921
-63.434 92.436 -496.596 1.200
-12.875 94.499 -339.200 1.081
95.201 -44.579 -404.652 1.141
-78.300 -59.955 -485.292 0.905
-31.043 26.464 -418.569 1.038
-85.962 35.096 -422.703 1.246
9.703 -28.561 -324.517 0.931
86.077 96.574 -451.296 0.909
-61.199 -41.886 -375.312 1.012
-83.429 23.049 -478.862 1.017
-62.956 -75.438 -459.695 1.036
-79.549 29.569 -314.566 1.049
84.674 -31.535 -367.553 0.995
-36.191 -31.926 -399.200 1.031
86.862 -95.788 -472.884 1.074
48.505 -23.902 -486.156 0.926
88.829 10.970 -413.641 1.085
-70.269 71.241 -485.071 1.285
82.806 -48.236 -389.041 1.014
92.516 6.132 -372.165 0.897
-88.658 -21.568 -321.679 1.184
98.140 -58.817 -429.516 1.056
41.428 -20.442 -329.098 0.938
-58.661 -75.567 -332.562 1.057
28.243 -25.698 -481.683 0.832
-75.192 -15.891 -456.003 0.969
-90.388 61.799 -484.970 1.059
-20.761 -34.586 -479.826 1.094
-36.393 81.017 -494.866 1.104
22.468 78.762 -442.617 0.946
-48.307 -0.929 -324.405 0.959
75.169 48.173 -496.405 0.918
-66.024 -6.003 -347.642 0.976
47.937 1.554 -349.835 1.027
58.546 23.223 -301.471 0.930
-82.076 -22.781 -368.145 0.985
-74.544 -89.833 -406.157 1.134
66.775 38.229 -391.085 0.845
76.073 16.321 -478.391 0.915
90.618 -14.211 -453.762 0.756
76.631 -97.891 -300.293 0.947
-1.027 -82.560 -412.882 0.987
11.574 -11.350 -391.483 1.009
-86.793 20.874 -326.504 0.835
57.047 -8.507 -424.461 1.086
51.284 -74.812 -390.406 1.043
-19.644 -14.322 -417.027 0.932
-97.396 72.398 -387.639 0.915
-12.497 -42.903 -431.934 1.134
-26.412 8.326 -340.850 1.040
91.551 -6.959 -332.997 1.112
66.457 75.011 -469.541 1.058
-97.629 -14.366 -425.546 1.010
-66.340 99.079 -363.586 1.029
-20.164 5.291 -341.834 1.124
-71.745 -24.349 -421.054 0.982
8.731 29.850 -324.618 0.999
38.553 -44.343 -456.233 0.885
-74.325 77.020 -483.012 1.121
50.562 -67.473 -454.506 1.002
-84.866 -64.783 -492.498 1.036
-46.890 -79.873 -471.022 1.041
-61.257 -74.425 -486.461 1.140
92.843 63.539 -408.576 0.871
68.752 -57.830 -452.737 1.045
-34.812 -64.149 -300.639 0.948
79.933 -64.471 -402.141 1.028
68.088 -26.236 -413.583 1.007
-69.425 66.792 -363.240 0.959
-4.307 30.699 -351.390 1.051
-10.244 87.488 -387.853 0.830
-84.974 82.512 -483.700 1.009
78.250 81.264 -387.222 1.030
-78.127 62.008 -322.979 1.061
-65.110 -52.221 -399.817 1.035
-69.675 -48.521 -304.165 1.006
-85.773 43.132 -488.431 1.151
-2.658 33.390 -307.344 1.002
95.705 99.148 -415.324 1.012
29.332 -39.912 -495.408 0.978
51.162 -15.154 -480.617 1.011
74.882 61.913 -340.911 0.932
50.486 92.503 -489.388 0.962
37.651 -50.119 -497.528 1.079
64.981 5.433 -384.149 1.058
38.661 86.268 -479.320 1.010
90.532 18.208 -476.919 1.065
92.565 -60.932 -476.635 0.918
