-23.266 -25.273 -433.196 0.915
-51.641 -85.307 -413.265 0.863
-81.829 44.040 -467.217 1.039
52.059 17.601 -482.724 1.020
-21.594 11.766 -441.759 1.045
3.562 48.366 -360.962 1.125
9.374 -23.118 -349.804 0.963
39.756 4.370 -300.617 1.222
-22.240 -68.029 -411.786 0.967
-30.614 77.830 -454.920 1.075
58.583 40.022 -493.469 0.928
-76.875 75.012 -452.241 0.901
-85.508 -88.487 -419.514 0.741
1.320 60.826 -471.144 0.950
13.190 86.562 -421.527 1.022
30.008 -72.630 -439.909 1.013
-74.895 19.106 -440.912 0.989
28.579 78.885 -399.949 1.023
28.291 -9.063 -339.822 1.134
-9.600 -68.424 -431.303 1.065
19.383 21.219 -450.167 0.951
-13.440 25.332 -444.127 1.012
-16.901 -93.577 -498.438 1.026
-67.842 -7.709 -323.772 1.007
87.989 -66.457 -313.210 1.002
80.622 30.019 -316.476 1.121
-63.323 -13.959 -348.485 0.929
79.441 -64.816 -305.356 1.042
12.066 -29.531 -358.630 0.980
-87.882 98.749 -467.179 1.005
-89.330 98.195 -487.484 0.920
97.766 -75.254 -453.260 1.000
-28.382 30.167 -343.197 0.974
-10.971 72.153 -401.728 0.986
-94.803 -20.845 -447.598 1.083
9.782 18.348 -374.537 0.966
97.074 -21.182 -491.053 0.703
-71.729 37.061 -495.283 1.141
-50.173 61.230 -316.023 1.076
75.382 6.714 -370.217 0.941
78.002 68.522 -398.669 0.958
21.020 47.585 -475.337 0.982
-97.817 8.281 -457.602 1.100
-83.771 83.889 -345.081 1.005
96.497 7.112 -466.101 0.978
-42.443 69.234 -440.812 1.052
-2.913 1.238 -498.432 1.005
93.353 -94.338 -406.501 0.782
53.614 -35.957 -413.337 0.967
-29.999 75.677 -397.407 0.998
-11.467 49.765 -486.877 1.030
-81.537 42.381 -490.701 0.806
-37.473 13.173 -319.866 1.061
32.473 -41.216 -415.527 1.186
20.689 -87.334 -485.847 0.998
43.787 -71.631 -335.570 1.060
86.231 90.796 -331.514 1.010
-75.057 61.519 -426.924 1.064
-40.213 -14.137 -407.609 0.946
16.200 -28.846 -470.045 1.262
3.378 27.010 -493.338 1.257
80.479 -48.742 -441.803 0.863
66.815 -45.144 -479.476 0.927
43.664 -89.736 -444.222 1.102
-47.324 95.032 -418.444 0.927
31.242 34.068 -352.329 0.866
47.259 0.406 -301.139 1.073
-23.760 21.271 -378.955 0.913
-92.043 -65.168 -327.515 1.138
27.354 74.990 -485.219 1.099
-21.208 -54.487 -410.146 1.019
-24.836 -27.661 -421.320 1.098
-34.994 43.376 -438.768 0.989
-63.653 -88.554 -387.723 0.927
32.346 85.472 -484.140 1.066
-59.857 75.403 -491.410 0.994
49.728 -98.917 -442.029 1.004
94.137 -84.274 -375.904 0.774
-98.660 31.039 -498.475 0.983
43.990 -18.445 -305.585 0.918
-67.161 77.944 -403.856 1.085
5.630 -59.337 -335.396 0.890
0.874 -90.813 -493.735 1.078
31.773 -85.265 -427.818 0.850
-99.530 -41.066 -334.273 0.999
65.615 -95.721 -336.125 0.874
-53.976 -82.546 -424.843 1.076
-2.001 -98.263 -349.151 1.169
1.421 -57.618 -364.209 0.992
69.110 10.759 -470.521 1.076
0.532 28.942 -409.486 1.014
21.322 4.543 -316.613 0.892
29.703 -96.128 -478.780 0.973
97.972 -52.699 -304.732 1.009
16.725 93.433 -391.903 1.021
90.567 -74.461 -318.799 0.889
42.904 -29.122 -400.454 0.955
43.483 -25.898 -372.337 1.000
-52.398 82.528 -373.209 1.170
-52.498 -38.503 -320.439 1.067
41.196 -21.325 -389.827 1.091
16.174 -60.101 -468.981 1.109
65.964 -17.081 -337.220 1.000
47.577 82.162 -453.777 1.022
53.252 51.191 -468.545 1.096
5.068 39.947 -460.229 0.899
98.339 -9.422 -435.234 1.108
81.753 66.097 -330.231 0.994
-69.140 69.764 -324.923 0.980
-20.793 -28.377 -308.101 0.973
90.003 27.219 -441.658 1.170
38.667 35.632 -459.251 1.072
-57.680 -98.574 -355.032 0.951
-80.652 -34.447 -380.416 1.010
14.265 -39.378 -349.858 0.943
-73.806 -46.801 -392.848 1.073
-50.322 -34.168 -371.898 1.156
17.355 -57.206 -455.975 0.952
-65.536 -52.361 -462.422 0.974
75.259 46.960 -443.129 0.933
57.510 -91.814 -420.611 0.935
95.256 -97.924 -304.601 0.852
36.921 8.112 -337.626 0.911
-1.192 29.368 -374.331 1.057
15.179 0.668 -412.898 1.080
69.226 -2.184 -485.041 1.042
-67.852 -98.291 -420.277 1.073
91.862 -71.813 -340.667 0.895
-85.847 -50.704 -484.130 1.124
-3.696 -0.031 -396.974 0.956
98.742 -60.787 -429.682 1.079
37.605 -72.657 -430.874 1.135
-80.436 87.828 -385.515 1.030
61.921 92.395 -424.362 0.929
92.495 -58.734 -497.666 0.936
-15.139 1.259 -389.023 0.951
-53.984 82.858 -349.420 0.952
-73.404 1.191 -328.346 0.982
7.419 61.416 -455.654 0.974
-98.032 32.057 -395.048 0.983
-34.476 -58.621 -440.238 1.147
-79.730 -85.991 -439.813 1.265
-57.747 93.867 -309.922 0.865
-70.832 -67.695 -359.054 1.085
94.172 -6.370 -307.371 1.001
14.639 23.543 -371.064 1.064
22.419 24.343 -443.896 0.749
48.739 98.902 -312.238 1.103
50.652 26.694 -361.621 0.894
42.479 10.749 -463.291 0.937
-39.863 -73.816 -406.316 0.823
-45.652 -29.119 -376.086 1.039
-74.331 81.193 -491.604 0.948
66.576 -89.921 -483.571 1.104
71.225 91.232 -405.917 1.121
18.941 85.884 -318.748 1.005
41.329 75.927 -379.792 0.934
6.866 -27.760 -389.815 1.056
53.689 -19.891 -434.438 0.917
-9.345 75.757 -467.179 1.054
-16.243 -17.983 -413.980 1.070
-27.858 71.573 -342.001 0.872
98.720 84.912 -324.250 0.967
-66.836 22.979 -424.247 1.157
-90.798 13.599 -398.793 1.015
39.613 28.158 -442.216 0.941
-12.031 -23.173 -499.642 0.983
-85.499 -79.651 -369.283 0.994
20.247 88.409 -423.521 1.020
31.421 -41.218 -354.488 1.074
94.098 -86.076 -430.679 0.928
31.982 -98.388 -388.153 1.066
-0.644 14.802 -432.485 0.867
10.931 -5.454 -348.831 0.978
-7.762 -87.390 -350.371 1.240
96.311 -85.226 -392.998 0.754
93.855 -24.006 -349.874 0.944
46.877 -57.748 -304.468 0.987
57.116 16.324 -321.864 0.998
-31.272 46.628 -366.555 0.944
-37.749 25.068 -486.632 0.937
-50.294 66.368 -427.320 0.940
-99.148 -8.787 -300.949 1.040
-23.883 -78.443 -446.269 0.946
26.466 -36.760 -444.143 0.901
30.495 44.247 -322.917 0.748
11.883 0.231 -356.103 1.212
99.396 -5.790 -485.117 0.971
-99.672 -98.597 -364.153 1.044
64.923 -92.647 -401.878 0.981
84.650 -65.216 -344.486 0.905
73.619 -69.259 -392.756 1.216
91.659 37.363 -359.892 1.114
-24.760 -21.321 -484.765 0.901
-59.281 67.274 -445.024 0.965
-5.418 49.434 -328.961 0.968
83.307 -8.726 -368.798 0.833
50.059 -72.718 -412.866 1.139
24.254 -84.806 -398.762 1.070
16.304 -40.528 -319.827 0.909
