877 303
545 522
429 247
903 588
270 784
493 349
985 710
1036 513
563 590
700 195
222 375
725 713
579 94
244 415
824 529
1019 117
1080 381
1011 412
285 487
296 846
1152 910
757 459
829 619
332 821
569 878
704 268
988 320
239 248
495 802
401 734
241 596
1003 565
488 506
679 810
476 925
595 324
748 695
295 105
943 129
411 444
543 249
415 810
480 637
644 120
331 259
951 424
594 284
818 845
1051 729
899 576
619 372
967 495
1004 640
287 853
662 667
582 410
710 263
497 509
375 384
572 404
540 15
764 630
899 617
528 469
932 478
541 796
1126 452
377 849
372 144
469 595
527 587
1056 531
1023 424
735 397
654 827
476 543
1023 600
761 789
209 563
177 648
914 836
220 690
671 501
239 985
836 129
831 746
1018 680
991 635
759 204
415 124
1001 493
312 939
388 122
1028 905
992 881
874 395
370 355
937 736
637 832
902 921
