555 602
229 628
917 697
642 206
551 233
297 555
691 556
317 438
148 414
435 491
613 681
356 115
549 171
200 252
497 189
822 473
618 364
718 321
667 915
1029 513
966 527
316 379
561 281
443 732
432 913
919 901
467 552
417 825
408 735
753 434
456 898
1062 320
861 486
786 556
543 56
958 847
684 852
687 522
336 162
1105 513
1004 798
788 598
971 391
996 825
443 291
815 285
936 90
253 700
624 167
617 251
416 120
290 144
1091 888
959 690
1128 814
675 894
1079 98
566 98
415 935
481 754
327 136
366 4
823 249
508 540
196 125
600 727
510 357
274 767
479 611
913 388
507 332
752 285
872 408
461 182
462 890
611 824
433 180
595 277
600 464
942 601
933 450
750 546
417 462
225 569
967 221
239 451
383 465
404 570
806 588
978 820
688 399
321 626
332 322
959 865
642 652
613 257
176 150
870 648
227 502
1038 862
