972 355
1017 970
211 579
136 962
512 346
428 905
722 886
430 192
342 422
960 795
581 236
381 255
270 210
362 858
825 690
760 774
917 343
1072 190
533 225
644 831
324 504
786 496
1002 166
673 449
1154 62
420 119
849 351
888 574
980 127
444 814
718 393
990 312
631 857
924 137
1025 912
1038 217
953 198
497 827
497 204
554 349
211 351
768 750
447 197
951 397
1023 274
259 271
445 340
1171 293
596 910
933 472
728 277
361 807
320 952
1041 935
541 143
345 498
435 701
886 107
977 441
349 896
1110 610
1107 1004
667 413
1045 608
152 690
249 866
477 662
471 836
466 582
405 518
545 382
1114 994
520 235
871 4
761 441
984 712
402 383
255 880
237 351
563 333
152 680
843 702
289 812
694 434
974 838
503 280
179 198
653 824
736 193
446 847
353 897
1067 818
803 804
506 397
1148 247
293 630
964 332
1120 428
504 469
516 161
