312 445
265 445
759 729
472 445
401 800
756 801
947 603
981 453
1029 744
480 123
455 618
486 301
597 495
1021 527
889 119
555 760
424 356
862 184
516 598
291 436
1031 520
684 132
698 172
618 573
174 527
781 530
702 483
801 538
447 445
1114 794
418 843
355 240
686 156
377 896
740 549
616 260
598 224
1152 898
1004 231
435 557
751 485
980 425
921 372
963 793
599 116
717 776
517 113
393 351
919 667
559 693
523 620
1032 81
458 653
268 576
412 528
350 347
865 491
266 495
484 620
935 929
735 466
631 572
589 305
329 560
585 886
708 828
668 503
808 165
225 802
583 207
595 425
277 187
875 343
152 744
592 320
624 339
410 1008
1135 810
986 454
763 279
899 518
800 109
1067 794
296 714
955 910
1038 588
1088 749
626 619
844 131
713 268
714 259
877 693
561 902
791 114
255 502
648 813
788 868
466 596
626 921
1023 600
