860 881
510 203
630 1013
517 419
256 682
395 842
320 794
641 280
907 742
180 473
148 217
1078 338
745 861
1052 663
693 703
591 721
593 690
972 367
324 338
618 744
899 868
711 653
421 208
675 255
852 683
565 901
703 664
299 219
729 695
958 678
483 275
911 898
768 360
839 104
552 700
782 700
396 634
527 659
229 396
796 715
726 682
290 525
310 690
652 414
299 88
710 576
810 915
645 78
856 530
785 761
324 371
544 203
146 250
414 260
594 873
1028 685
310 148
722 630
492 85
945 214
744 769
885 568
390 423
698 214
1041 34
821 614
942 369
1024 560
374 -9
889 692
981 108
469 205
725 737
203 -5
1143 43
400 127
521 51
990 411
644 304
517 854
762 849
399 891
877 795
714 951
1064 377
363 291
423 514
173 954
734 808
607 339
667 883
922 809
680 499
460 570
622 230
700 390
525 208
263 722
573 305
402 237
