593 239
906 136
986 280
1008 504
539 411
353 967
127 555
1055 513
563 234
479 452
360 324
440 862
641 561
935 690
961 349
521 176
531 730
903 126
1009 461
918 838
358 123
633 261
165 506
971 443
257 727
286 582
1067 713
673 583
424 814
629 925
631 728
859 466
1054 379
341 614
751 310
846 705
463 858
905 745
1108 489
447 867
742 253
414 134
1088 816
696 530
388 477
750 123
863 455
913 728
183 935
660 138
405 732
692 291
702 315
430 343
1045 170
706 487
250 279
228 324
585 206
365 915
241 690
873 549
333 214
757 121
314 778
342 309
780 741
340 868
637 662
748 969
433 453
131 182
382 103
557 389
833 547
1057 882
932 519
445 751
790 348
480 433
779 187
824 33
906 689
549 517
921 406
924 888
967 283
572 659
346 598
894 568
437 121
1080 448
938 784
557 388
825 568
901 255
935 814
459 225
711 393
920 615
