843 434
457 895
917 347
579 749
400 948
1100 76
275 161
796 489
341 666
721 123
923 129
764 589
1028 483
1007 154
1050 265
776 262
1040 300
787 703
320 529
469 778
705 728
526 378
989 771
634 841
672 269
411 278
837 490
848 294
361 756
217 318
518 402
769 490
540 332
836 854
388 806
988 856
670 611
928 462
639 462
867 56
595 573
1066 827
885 253
862 157
1029 438
363 575
496 197
945 105
905 636
350 830
605 674
1099 733
1033 697
836 270
255 254
354 287
238 623
970 871
1021 746
526 121
979 283
857 143
1006 129
815 252
427 315
545 665
454 780
693 687
333 321
674 174
754 917
653 336
807 654
446 26
370 589
1054 647
761 287
476 895
663 269
784 858
360 292
620 221
1017 472
575 327
260 484
1103 237
401 529
501 739
636 547
841 170
307 558
461 385
443 763
400 447
574 798
887 747
1078 183
299 497
877 246
477 724
