617 57
956 609
882 620
216 768
1018 553
905 796
315 832
601 431
226 243
355 888
944 659
998 900
600 385
1021 745
772 706
492 99
843 283
624 485
797 883
321 881
717 55
477 851
595 530
185 192
463 808
751 94
447 304
912 347
324 69
981 912
379 328
579 96
252 821
966 761
561 135
571 183
966 291
558 157
782 370
432 978
837 201
750 497
618 586
514 147
433 198
394 901
946 368
935 879
499 904
816 306
648 129
610 179
233 858
215 256
415 483
505 371
238 680
367 927
186 884
236 495
278 44
827 7
294 495
1024 301
896 914
270 533
746 277
276 637
217 452
641 532
1073 494
886 716
583 127
394 350
952 612
799 138
1101 955
715 1015
1098 188
462 477
557 790
463 850
413 533
860 484
827 643
1011 309
789 364
608 739
979 207
390 695
258 266
953 40
592 164
937 670
863 493
999 988
574 277
457 445
968 819
1016 62
