30.430 99.774 -382.461 1.270
-0.570 -54.550 -358.413 1.142
19.453 64.699 -309.015 0.848
87.144 -59.413 -429.359 1.016
-83.236 -44.144 -401.284 0.988
-98.713 -62.997 -437.766 0.820
31.605 49.206 -467.583 0.954
21.215 37.239 -388.389 0.969
71.460 80.678 -353.927 1.145
-90.198 41.178 -499.162 0.942
-69.372 -10.427 -370.320 1.136
82.285 6.037 -353.162 0.851
-3.020 58.601 -359.484 0.802
27.546 -27.533 -410.928 0.916
89.783 62.822 -366.686 0.978
-73.146 -63.633 -432.105 1.174
-66.075 -71.796 -409.850 0.963
23.233 -52.677 -305.617 1.017
-45.905 -64.925 -377.438 1.104
-59.198 62.308 -373.447 1.065
39.349 38.198 -323.389 1.016
39.311 3.378 -435.446 0.810
25.340 -34.954 -304.082 1.003
-77.172 83.488 -498.815 0.826
0.318 -81.809 -330.620 0.918
58.507 -93.192 -403.698 1.020
-25.632 -41.866 -496.975 1.085
99.160 24.173 -477.685 1.123
82.479 4.136 -412.079 1.079
-50.600 78.267 -495.687 1.021
-17.312 31.696 -486.760 1.070
92.107 -14.603 -493.894 0.884
-21.219 -30.237 -461.325 0.960
65.214 -63.149 -376.377 0.879
-67.384 -85.760 -426.405 1.031
-70.318 -54.920 -325.646 1.036
-60.784 58.237 -489.540 0.813
66.616 -66.779 -401.792 1.007
7.889 -48.967 -318.560 0.957
-56.995 14.405 -430.766 1.038
-91.216 53.654 -405.183 0.819
-20.273 -88.488 -479.860 1.127
-1.633 -75.992 -494.615 0.936
82.253 3.163 -308.254 0.792
-21.964 15.600 -383.872 0.943
64.888 90.279 -464.601 0.923
75.956 94.543 -485.979 1.016
13.198 -13.236 -343.175 1.052
55.616 -56.047 -366.268 0.993
-30.108 -19.515 -310.798 1.169
-68.287 31.136 -373.386 0.925
26.005 39.288 -422.404 1.095
35.503 -18.514 -486.291 1.085
-32.620 14.767 -381.748 0.926
27.921 -56.576 -459.938 1.005
60.307 -83.862 -473.685 1.075
-79.203 -29.835 -326.996 1.052
-50.134 -80.959 -391.586 1.057
97.370 -33.087 -490.222 0.946
69.915 -55.645 -353.930 0.982
-17.736 -41.045 -329.613 0.991
76.516 -85.737 -400.596 0.920
-27.990 -44.021 -396.959 1.096
-64.463 88.962 -436.179 0.893
-14.951 17.812 -436.193 1.059
78.462 40.807 -341.682 1.104
-71.587 11.721 -362.513 1.089
-8.725 -60.534 -389.025 0.917
14.010 -79.741 -327.333 0.868
90.991 8.011 -401.289 1.088
87.526 52.049 -397.261 1.130
-76.838 -38.642 -497.212 0.929
-15.589 48.698 -379.987 1.038
-78.124 -23.072 -440.863 1.060
66.016 69.696 -336.654 0.988
-36.230 13.951 -438.750 1.188
-85.374 -89.702 -450.941 0.892
-42.376 5.874 -407.120 0.999
63.735 -8.617 -426.364 1.018
-69.875 -15.707 -301.430 1.024
-88.420 91.012 -300.113 1.036
62.889 65.897 -444.776 1.148
39.994 37.587 -438.991 0.995
79.781 91.160 -441.414 0.919
96.116 58.673 -329.803 1.115
98.581 15.083 -464.549 1.016
-26.904 -37.063 -478.740 1.037
77.880 -57.648 -485.184 0.995
10.593 52.151 -487.102 1.056
-91.937 -2.920 -493.373 0.981
18.458 63.590 -306.483 1.091
-19.548 -91.974 -371.786 0.982
-22.765 81.530 -342.536 0.972
-80.106 -75.919 -439.087 0.985
-57.125 -22.277 -315.883 1.087
-53.115 -8.306 -495.859 1.045
-48.268 -52.733 -303.118 0.948
69.832 59.278 -448.800 1.072
14.383 -77.049 -331.018 0.752
53.006 -24.091 -338.717 0.894
-88.334 51.504 -429.407 1.033
13.223 -23.182 -331.782 0.940
-0.144 65.179 -386.798 0.853
15.769 -10.556 -465.031 1.109
-50.165 -12.495 -418.761 0.961
15.519 18.953 -498.393 1.146
-28.816 98.407 -376.958 1.035
-82.751 -10.854 -446.700 0.895
-47.890 60.159 -376.059 1.096
43.200 46.292 -434.448 0.933
30.032 -54.238 -476.515 0.988
81.567 50.134 -490.558 1.022
12.981 -57.406 -357.889 0.810
4.663 -14.733 -404.053 1.067
64.311 80.290 -465.717 1.126
-46.298 55.234 -473.755 1.146
-58.828 97.951 -412.984 1.149
-1.209 29.005 -441.230 0.894
-96.240 -80.258 -380.170 1.019
66.884 89.561 -398.486 1.024
14.713 -6.251 -343.825 1.019
-66.139 -45.960 -384.043 1.022
-88.034 27.707 -341.975 0.820
59.136 70.852 -452.710 1.016
60.576 15.206 -340.991 1.066
35.143 -91.798 -480.132 0.836
67.207 55.597 -439.095 1.027
-16.734 4.343 -414.546 1.053
90.078 -45.142 -388.812 0.947
-77.787 0.098 -410.469 0.985
-64.806 -40.928 -399.446 0.926
6.693 80.735 -426.318 1.106
85.443 -66.800 -316.518 0.964
68.332 92.991 -452.208 0.879
67.469 98.754 -402.244 0.995
-34.513 39.521 -364.187 0.930
29.187 -68.768 -430.693 0.782
-23.246 -49.347 -411.569 1.003
-71.515 -12.913 -437.014 1.097
28.266 69.079 -461.978 0.722
69.778 -93.154 -494.785 0.711
-42.649 -8.197 -491.579 1.013
-14.216 -38.456 -354.299 0.967
-7.590 -74.851 -310.900 1.080
7.639 15.323 -335.759 0.982
-46.250 6.362 -472.234 0.898
-3.326 -77.083 -485.825 0.816
-68.898 -54.597 -405.199 0.975
90.752 93.033 -409.092 1.280
-85.104 19.929 -458.454 1.053
-91.852 -71.507 -409.008 1.212
45.298 -9.572 -476.024 1.011
9.001 19.145 -341.828 1.213
-1.254 -81.684 -347.430 1.129
62.022 11.553 -479.944 1.166
84.060 22.067 -435.261 0.909
-95.007 96.090 -403.787 0.856
-79.190 33.113 -403.406 1.189
47.194 -68.339 -342.340 1.129
-92.790 80.280 -432.668 0.898
77.103 -0.941 -377.949 1.202
-41.545 -80.595 -374.813 0.871
-21.566 85.182 -408.550 1.029
-40.884 98.251 -300.377 0.954
-30.582 59.120 -418.750 0.997
73.368 13.700 -326.659 0.961
88.966 59.405 -403.720 0.850
87.031 80.382 -482.580 1.098
62.868 25.218 -369.065 1.019
42.110 55.278 -362.675 1.023
29.900 -52.217 -425.519 0.822
-65.600 34.187 -401.335 0.970
2.922 65.615 -440.639 1.264
96.556 86.072 -414.301 0.885
65.512 16.505 -366.755 1.000
78.400 -91.710 -367.215 1.013
-0.276 -41.327 -371.547 0.945
-54.512 -33.694 -348.663 1.106
-73.175 -10.614 -496.058 1.042
-81.883 -98.142 -425.807 0.883
41.615 -72.857 -466.424 0.982
-3.838 80.507 -476.021 1.170
46.154 53.586 -432.479 1.088
18.495 -17.459 -343.208 0.988
-99.335 -27.848 -490.939 1.033
-26.654 -29.201 -344.870 1.067
-91.011 -45.485 -490.311 1.053
-99.781 61.453 -437.711 1.233
81.557 31.316 -385.939 1.002
51.972 -53.207 -382.279 1.121
26.108 -98.989 -481.736 1.133
-0.062 6.851 -440.733 1.159
70.620 62.790 -355.608 1.083
92.361 53.802 -365.712 1.101
-42.446 56.894 -435.971 0.902
-72.452 -42.459 -435.642 1.069
57.541 8.271 -326.153 0.735
1.789 -36.664 -357.917 1.019
77.301 -94.161 -468.791 0.866
-56.088 -51.928 -433.413 1.167
-89.448 -24.946 -445.556 0.996
-32.464 -68.510 -307.133 0.892
84.615 -27.396 -481.391 1.159
36.353 -46.445 -360.650 1.054
26.222 -46.971 -479.959 1.226
26.701 58.868 -390.363 0.943
72.009 -20.480 -372.228 0.988
-3.650 -37.784 -384.108 0.945
80.480 -34.489 -379.371 1.024
-88.226 40.594 -449.468 1.170
-90.320 56.252 -473.070 0.996
-24.581 57.405 -347.513 1.007
61.164 57.107 -469.437 1.010
16.943 29.980 -331.580 0.928
-98.785 -86.671 -401.939 0.919
50.120 -99.089 -446.721 0.929
-80.370 -1.681 -449.751 1.106
50.676 60.896 -304.387 1.029
71.215 99.657 -307.284 1.058
-55.667 23.560 -313.796 1.018
88.912 -50.027 -399.434 0.739
-71.940 -83.204 -392.245 0.880
16.110 6.516 -373.076 1.050
84.936 -32.452 -425.712 1.006
60.545 5.204 -404.599 1.073
4.332 8.686 -358.466 1.008
-91.904 -7.234 -454.130 0.989
-65.077 68.989 -326.712 0.998
-0.102 -51.927 -372.128 0.953
-13.788 -49.061 -316.289 0.953
-94.568 -70.941 -359.361 0.920
10.529 46.211 -492.905 0.854
51.265 38.779 -320.582 0.942
-42.857 -66.680 -366.025 1.220
69.910 90.525 -386.205 0.895
65.812 -96.736 -422.593 0.908
89.078 58.328 -490.463 1.113
-91.938 -37.409 -382.173 1.027
-2.246 45.257 -421.622 0.966
-7.769 38.879 -449.412 0.877
-32.955 64.686 -447.216 1.121
17.286 -32.420 -393.808 0.998
-78.396 -10.913 -486.756 0.873
30.811 -64.813 -486.207 0.742
-63.430 41.911 -315.222 0.846
51.781 25.097 -420.789 0.993
-15.706 59.449 -447.323 0.955
8.926 -24.883 -450.209 1.059
-33.590 76.993 -366.948 1.058
66.439 3.516 -336.010 0.991
6.029 35.337 -421.220 0.896
-45.245 -91.408 -459.540 0.969
-12.409 -12.188 -324.762 1.036
83.193 7.929 -462.945 0.946
-72.594 -33.914 -358.430 0.956
-69.524 -10.747 -304.600 1.150
-85.222 -44.814 -433.809 1.057
-36.045 86.159 -499.494 1.116
75.696 43.585 -337.141 1.023
-2.953 83.529 -337.085 0.898
59.088 97.720 -403.471 1.114
-41.376 -99.028 -304.777 0.849
-9.696 -12.926 -376.086 1.052
88.410 -97.256 -352.508 1.096
89.172 28.135 -487.963 1.149
-32.258 87.814 -358.577 0.980
-29.808 -21.505 -473.121 1.137
-28.243 47.175 -483.201 1.089
-11.317 73.002 -414.559 1.077
-22.193 60.250 -352.706 1.097
52.180 71.997 -400.171 0.968
38.882 43.805 -413.732 0.921
-68.256 67.846 -323.811 1.048
-1.696 18.923 -449.102 1.051
40.065 -91.967 -310.707 0.925
4.973 -41.722 -421.829 1.020
8.804 -74.249 -378.371 0.908
51.679 -0.999 -363.594 0.952
-67.147 21.931 -387.277 1.096
7.208 15.930 -310.920 1.172
25.474 -91.413 -425.378 0.835
54.487 25.447 -382.655 0.827
91.124 6.888 -412.627 0.867
48.309 58.793 -406.349 0.963
-54.185 46.491 -483.756 0.862
-52.101 -62.285 -429.602 1.072
-14.127 98.148 -429.361 1.016
88.824 39.574 -379.038 0.912
-14.142 61.661 -354.074 1.089
-25.945 84.070 -368.566 1.064
-8.986 33.295 -427.218 0.776
16.221 46.279 -359.588 0.946
87.100 -79.596 -460.729 0.944
44.767 26.425 -390.830 0.957
-84.649 13.185 -408.941 0.938
-16.736 28.370 -304.429 1.074
64.042 42.341 -366.324 0.879
29.962 77.054 -435.426 1.057
-67.558 -51.592 -410.308 0.991
90.732 -16.348 -434.776 0.751
-7.171 -61.965 -318.700 0.938
-26.209 6.748 -426.234 1.019
6.769 -45.381 -427.547 0.989
-43.869 -19.768 -324.858 0.924
-38.444 -40.811 -451.970 1.104
88.839 81.980 -416.906 0.827
84.200 81.282 -324.220 1.093
24.774 -73.863 -493.970 0.907
-65.386 -51.418 -323.801 1.046
92.407 94.112 -479.060 0.998
-12.314 77.611 -432.965 0.978
-23.952 53.516 -301.223 1.298
47.109 41.962 -385.720 0.956
-37.401 -1.038 -316.750 0.980
-92.174 -95.741 -354.311 0.878
-19.763 -13.837 -413.173 1.002
47.890 60.784 -471.041 1.038
-37.152 30.340 -465.666 0.852
-32.183 93.222 -431.743 1.014
-82.518 89.354 -447.084 0.812
50.906 -43.715 -345.413 1.053
-61.686 60.476 -324.820 0.953
-52.501 -68.782 -317.900 0.960
-49.830 86.702 -349.464 0.973
45.385 -11.211 -499.801 0.925
-44.018 -64.084 -443.477 1.063
39.026 73.032 -432.421 1.008
-67.477 28.599 -475.173 1.041
67.777 54.545 -473.702 0.971
36.222 27.573 -443.002 1.060
50.284 -82.205 -464.054 0.882
-9.803 85.822 -313.784 0.843
71.444 79.004 -496.245 0.954
41.542 -14.478 -476.276 1.013
34.325 48.632 -338.355 1.027
-25.342 -40.973 -380.350 1.002
-16.223 -86.396 -342.553 1.066
62.685 -54.169 -365.000 1.042
-71.393 -55.304 -409.968 1.105
-95.223 -31.677 -491.094 0.993
90.264 -33.088 -417.206 0.838
-66.203 -1.471 -473.920 0.915
64.470 -14.411 -489.847 1.010
-92.829 -54.497 -333.774 1.186
-17.410 -61.714 -451.800 0.873
29.494 -62.476 -416.743 0.966
-84.455 -40.052 -436.989 0.977
4.740 41.429 -479.243 0.996
39.313 81.297 -381.389 1.250
-0.349 -33.931 -494.550 0.879
-53.593 78.015 -352.235 0.818
-73.810 -72.399 -484.734 1.031
-43.209 -68.594 -444.806 0.980
1.177 53.253 -361.293 0.909
-45.766 -17.014 -415.961 0.855
7.733 -69.875 -303.131 0.934
45.611 76.187 -453.785 0.981
12.991 -84.062 -370.939 0.912
-89.585 15.691 -400.187 1.168
-85.570 -64.691 -457.122 1.200
41.881 -24.082 -314.974 0.910
51.094 -56.845 -451.400 1.019
-66.793 3.229 -355.643 0.988
-56.786 -29.209 -434.157 1.068
94.194 -54.645 -423.545 1.021
13.288 9.189 -461.278 1.017
7.291 10.244 -334.627 1.016
-70.461 87.345 -367.594 0.947
-76.218 -56.983 -336.062 1.028
63.898 -29.077 -317.677 0.970
-90.450 -79.302 -320.109 1.017
25.744 66.359 -344.742 0.838
22.265 15.632 -413.862 0.815
-99.651 -72.392 -444.135 0.868
29.644 -64.353 -355.030 0.961
-4.752 -68.192 -387.050 1.100
-61.369 -80.028 -415.552 0.958
-4.870 51.967 -328.046 0.903
-2.471 91.447 -446.406 0.986
46.556 -47.458 -432.309 0.988
87.815 -43.440 -340.168 0.949
12.414 -39.649 -431.413 1.010
99.251 -25.581 -379.460 1.010
82.253 46.659 -337.100 0.989
-65.023 -48.888 -316.975 1.027
61.566 -63.117 -307.794 1.159
70.383 64.120 -397.893 1.251
67.557 31.623 -323.539 1.094
92.477 76.973 -364.571 0.999
94.625 -32.908 -463.699 0.886
-71.537 21.091 -321.649 0.782
88.119 92.803 -490.376 0.975
21.551 42.214 -378.028 1.045
-55.065 0.882 -333.172 1.029
-25.644 26.307 -344.295 1.043
84.164 -74.876 -334.968 1.023
-48.340 -10.992 -469.417 1.087
0.509 -3.808 -342.063 1.015
88.319 -24.328 -371.858 0.861
15.668 4.000 -388.323 0.995
-64.246 -5.952 -458.973 0.870
62.650 -41.802 -444.707 0.862
90.536 -50.953 -316.044 1.120
-71.335 -89.889 -427.257 0.887
63.555 84.191 -499.163 1.123
-25.394 -72.847 -495.489 1.046
-36.956 60.142 -409.008 1.073
58.312 -10.906 -300.003 1.003
75.473 -8.220 -306.791 0.721
-6.079 17.085 -442.461 0.669
-53.599 -76.020 -408.753 1.170
-55.075 66.917 -470.450 0.842
-41.758 -47.603 -470.906 0.921
22.735 -16.216 -436.407 1.052
88.115 91.996 -321.015 1.269
-24.391 -19.855 -385.629 0.866
65.552 86.917 -396.727 1.163
-64.975 -78.854 -436.446 0.887
55.659 -49.137 -315.560 1.005
-2.464 -80.917 -473.665 0.934
41.078 77.384 -310.884 0.680
-19.753 50.797 -396.871 1.026
10.441 -90.076 -307.609 0.950
65.993 -33.023 -305.321 0.994
23.946 23.519 -481.656 0.909
-56.916 -9.270 -382.139 0.947
26.363 -42.281 -388.491 0.949
97.238 7.404 -450.374 1.054
86.187 48.202 -333.769 1.086
58.191 -48.671 -445.361 1.039
88.136 -86.289 -404.479 0.839
52.390 18.917 -401.838 0.953
13.117 1.986 -494.934 1.024
37.258 24.906 -395.358 0.999
-19.877 -60.121 -307.236 0.940
-36.532 41.227 -311.723 1.016
-70.479 -65.673 -410.005 0.918
-37.030 -0.275 -494.749 0.865
-68.653 -99.514 -410.442 0.961
34.255 3.922 -431.353 1.069
-81.356 24.731 -422.318 0.949
-22.681 -53.742 -358.695 0.974
-48.614 71.126 -454.081 1.061
56.917 -93.405 -366.808 1.016
-33.960 18.262 -496.182 0.974
28.973 90.969 -350.964 1.089
-39.373 58.931 -461.621 1.107
23.601 -28.649 -353.354 1.018
-19.349 -61.151 -366.811 1.072
87.383 -0.416 -473.128 1.144
-94.540 -28.149 -312.937 1.046
12.257 -2.077 -435.856 1.045
-19.170 38.101 -482.377 0.958
-77.849 64.323 -401.906 0.965
-74.217 93.733 -302.045 0.920
-57.387 6.872 -437.674 1.127
-86.522 10.937 -462.480 1.093
12.689 96.884 -394.720 1.165
72.026 1.327 -378.355 0.833
-96.637 59.071 -366.639 1.006
47.270 44.505 -377.285 0.918
-60.304 66.763 -401.572 1.016
31.538 26.246 -417.580 1.005
29.075 27.738 -314.251 1.019
-64.870 -26.893 -460.319 1.116
36.133 -58.657 -411.673 0.889
0.927 24.169 -312.725 1.121
40.970 66.337 -460.093 1.002
45.815 46.810 -326.002 1.087
-40.920 32.044 -495.454 0.981
-20.039 -74.036 -388.193 0.968
68.276 -56.934 -434.734 1.199
-6.822 68.766 -418.195 0.881
79.140 54.807 -453.381 1.084
-91.569 86.173 -369.328 0.915
55.940 68.750 -449.958 0.980
52.747 89.652 -447.002 1.066
-39.543 -3.737 -367.235 1.155
-33.715 -7.451 -437.596 0.832
70.230 -74.256 -433.881 1.041
72.796 76.136 -423.536 1.063
-9.665 71.248 -411.666 1.134
0.432 -65.697 -418.447 0.932
-65.674 96.362 -391.665 0.950
-22.760 12.804 -313.372 0.860
-55.566 -64.653 -342.942 0.940
-64.871 91.695 -387.349 0.923
50.247 -88.315 -427.109 1.112
-85.059 -94.970 -492.601 1.172
-78.092 -85.269 -415.666 0.926
-8.723 13.204 -474.741 1.043
-16.225 51.341 -498.769 0.946
-74.474 -46.394 -312.977 0.839
99.777 60.188 -390.505 0.891
-99.203 -55.734 -460.788 0.961
52.865 12.287 -427.070 1.050
-76.924 -85.912 -326.196 0.911
-43.790 17.658 -392.041 1.116
-74.463 -81.554 -460.889 0.992
28.156 -80.533 -321.688 0.981
14.272 48.860 -480.646 1.003
-76.186 -76.696 -499.354 1.052
55.595 10.478 -482.768 0.922
29.324 -73.783 -448.809 0.952
-21.030 -47.713 -434.496 0.841
-65.771 -66.611 -336.800 0.895
-39.502 -62.097 -307.878 1.046
77.450 -18.935 -418.420 1.066
43.445 56.783 -355.854 1.035
-58.176 -83.921 -308.903 1.138
69.552 44.205 -455.660 0.951
-55.429 -12.726 -440.939 1.093
-72.506 61.831 -482.810 1.158
-92.401 87.989 -481.517 0.767
35.071 0.567 -408.383 1.013
42.840 23.597 -466.524 1.073
-50.331 11.595 -486.094 1.072
32.372 16.999 -483.052 0.974
16.264 7.842 -308.783 0.985
84.058 6.296 -458.376 0.979
-72.635 58.503 -472.685 0.818
-71.045 -41.290 -364.269 0.894
-36.700 -62.048 -340.111 0.980
-97.881 -62.716 -325.214 0.936
-42.555 -30.535 -375.856 0.924
87.720 66.095 -310.995 0.925
-85.275 -19.849 -313.125 0.981
54.256 16.670 -479.771 1.009
-38.409 -23.924 -325.500 0.969
-70.342 -60.629 -365.711 1.033
-63.442 -85.192 -305.619 1.147
-15.020 -2.119 -442.331 1.040
-25.660 74.165 -455.189 0.926
94.100 -30.294 -371.518 1.014
36.725 -64.489 -301.518 1.029
34.283 -33.322 -494.428 0.872
-24.553 35.771 -436.284 1.073
-93.158 85.959 -337.542 1.050
87.187 -40.515 -496.651 0.939
-4.747 -9.211 -359.809 0.785
86.104 31.006 -364.101 0.817
-38.091 -84.849 -497.160 1.004
-48.593 -44.710 -405.609 0.939
33.185 -58.443 -304.869 0.885
61.199 -31.092 -464.175 0.933
-77.248 -94.167 -391.547 1.001
-84.814 13.224 -334.136 1.120
24.436 88.824 -480.731 1.099
1.984 -86.172 -334.270 0.954
-14.338 46.721 -336.363 0.988
-13.568 -1.386 -355.097 1.008
-65.252 -13.436 -481.941 0.950
-98.173 68.900 -404.690 0.980
-62.840 36.670 -408.608 1.042
44.165 6.524 -467.260 1.140
-14.641 -29.692 -480.662 0.975
76.130 -82.232 -496.797 1.030
-57.483 12.955 -470.268 0.998
23.577 -53.041 -318.290 1.088
-24.562 -52.980 -402.231 1.057
68.754 -61.316 -415.148 0.939
26.072 -92.152 -438.217 1.039
-70.531 45.394 -424.634 0.981
70.238 3.793 -452.136 1.086
84.835 17.283 -382.558 0.848
52.737 19.919 -421.078 1.129
61.044 -86.290 -308.207 1.046
-65.187 -75.322 -397.978 0.922
-66.152 0.150 -464.464 0.991
-84.164 -55.485 -392.805 0.943
-12.159 22.884 -477.981 0.988
5.319 -50.204 -433.293 0.905
33.216 -34.516 -315.142 1.134
82.858 16.586 -466.158 0.975
-64.414 -14.065 -483.343 1.001
-88.517 -33.960 -463.652 0.833
41.593 -55.546 -376.333 1.051
-82.362 99.546 -332.373 1.045
55.725 46.647 -432.447 0.865
-98.705 -5.945 -412.182 1.132
-45.371 70.110 -479.520 0.935
-49.584 -80.429 -345.881 1.169
3.801 -39.987 -383.104 1.026
47.142 -75.864 -357.617 0.914
-65.283 16.143 -464.269 1.057
-31.493 -3.726 -350.762 0.972
8.952 1.388 -360.191 1.256
90.216 99.622 -352.333 1.030
-64.341 46.481 -412.526 0.979
-31.408 92.837 -313.275 0.920
-89.361 94.309 -355.573 1.130
58.734 -30.821 -457.319 0.961
52.717 -85.358 -366.438 1.121
20.543 -85.902 -381.697 0.993
9.575 -12.295 -466.280 0.996
-79.601 34.112 -486.587 0.885
8.953 47.336 -362.680 0.924
-30.072 -59.791 -323.864 1.024
-45.383 -80.006 -308.018 0.895
-76.218 -5.946 -395.983 0.996
-47.156 -50.897 -443.531 1.053
-82.568 35.057 -329.073 0.982
-26.220 -95.336 -478.286 1.138
67.487 88.590 -407.841 0.997
48.177 18.174 -481.025 0.948
22.922 42.704 -364.317 1.068
-28.148 1.428 -338.283 0.985
5.600 -53.729 -432.337 0.952
23.147 62.485 -331.745 0.933
-87.039 30.793 -495.883 1.126
-61.268 74.358 -390.943 0.958
21.707 3.287 -428.891 1.128
12.875 44.661 -406.633 1.082
56.435 37.883 -376.624 1.117
27.180 -90.309 -310.575 0.956
21.678 93.110 -381.196 0.797
38.315 78.119 -482.003 0.925
-19.254 91.032 -346.659 0.982
66.585 88.259 -356.793 1.148
-15.375 -56.509 -446.461 0.848
5.089 69.595 -433.731 0.876
70.108 59.140 -356.517 0.874
9.219 88.486 -360.628 1.015
81.417 -5.071 -332.877 0.907
-33.127 5.202 -413.692 1.045
-8.767 -15.034 -411.458 0.983
-27.017 26.287 -424.407 0.944
-98.835 -2.328 -459.516 1.111
-78.001 94.764 -331.176 1.098
71.334 -2.447 -319.452 0.922
0.264 -33.118 -487.490 0.875
-52.217 -24.084 -343.924 1.170
-52.766 -41.559 -463.525 1.082
50.037 80.927 -312.906 0.976
96.658 32.984 -363.527 1.083
-63.105 65.314 -309.787 0.973
-86.817 6.844 -326.205 0.984
83.553 -13.293 -307.834 1.107
57.476 26.235 -301.753 1.154
-40.259 -71.186 -387.599 0.938
-68.669 64.039 -308.920 1.111
-56.835 -19.768 -344.870 0.926
-4.368 -79.844 -496.404 1.121
20.704 23.699 -451.665 0.908
-55.843 -84.567 -423.966 1.101
3.524 44.281 -355.467 1.024
21.472 80.712 -312.340 1.067
-22.688 -52.838 -389.817 0.932
-67.557 82.781 -397.305 0.913
37.291 -9.230 -440.256 1.130
77.170 79.356 -487.997 0.918
-85.337 4.436 -345.766 1.003
-10.061 93.628 -425.282 1.016
83.367 -55.178 -332.092 1.218
-15.322 88.145 -354.773 0.939
-27.518 28.842 -381.223 1.004
-50.003 -88.308 -450.823 0.981
-99.507 -39.857 -317.186 1.121
7.145 44.375 -448.970 0.966
3.275 -99.957 -403.671 0.966
50.593 -21.958 -354.639 0.878
-17.911 -4.412 -349.313 0.992
12.269 -58.390 -401.361 1.036
57.391 -67.994 -388.609 1.195
20.387 58.730 -393.507 1.146
25.554 -7.948 -487.286 1.006
-87.789 55.178 -431.790 0.685
-2.275 -38.820 -443.288 0.844
69.186 -4.346 -417.216 0.944
28.760 49.111 -455.153 0.944
0.244 -82.351 -331.698 1.163
74.990 99.130 -398.764 1.028
-29.071 -19.890 -315.339 0.981
22.270 -33.939 -306.913 1.051
-56.280 14.520 -329.248 1.012
-4.911 -9.077 -446.846 1.082
24.789 96.074 -351.377 0.914
-21.932 3.184 -426.447 0.918
-71.047 55.896 -397.724 1.042
48.667 81.800 -462.931 0.858
22.779 -7.826 -328.004 1.010
-8.500 -35.985 -362.870 0.982
-87.527 46.777 -466.828 1.042
11.181 -82.381 -496.554 0.826
8.448 -62.780 -300.277 0.954
-75.796 -99.317 -410.623 1.064
37.780 45.067 -421.657 1.031
41.814 10.635 -483.198 1.017
-52.336 -12.616 -301.369 0.971
41.590 -63.173 -420.414 1.131
-22.745 -58.125 -441.749 0.807
58.448 -22.415 -357.702 1.124
-24.008 80.772 -428.417 0.964
-26.137 97.876 -319.327 0.981
30.559 89.953 -492.178 0.863
-35.596 56.799 -341.551 0.925
-63.890 -40.963 -467.758 0.945
25.850 45.333 -373.877 0.866
-29.103 -76.514 -480.610 0.980
63.223 -97.093 -401.809 0.789
83.452 -11.309 -498.427 0.961
-53.887 59.273 -343.089 1.081
-0.529 -73.416 -367.051 1.104
54.807 51.646 -448.686 1.103
90.119 85.525 -473.224 1.026
20.875 -56.512 -349.066 1.059
17.975 72.446 -380.190 1.195
-68.309 -84.712 -448.154 1.101
-94.281 -15.355 -492.982 0.865
-51.296 62.887 -307.427 1.033
9.203 -87.956 -468.507 0.877
81.844 5.486 -370.028 0.896
17.559 -78.220 -301.627 0.940
33.100 77.424 -370.303 0.901
83.646 -44.004 -348.702 1.030
-76.995 -65.756 -355.313 0.961
-53.495 32.329 -409.555 1.106
-58.069 -85.078 -480.979 0.932
16.471 -60.139 -388.429 1.023
-85.531 -50.898 -484.727 1.019
97.152 -12.045 -476.555 1.171
-84.834 24.746 -334.013 0.987
-18.932 43.541 -345.657 1.306
-79.862 -19.213 -474.895 0.899
48.966 -81.161 -386.720 1.030
79.728 -69.061 -479.403 0.788
55.011 67.812 -403.645 0.975
-16.172 -37.823 -444.129 0.934
-37.533 -5.219 -452.309 1.125
-94.495 -14.501 -301.492 0.924
12.196 3.584 -486.963 1.160
22.689 85.719 -366.495 0.865
-21.504 2.982 -433.686 0.896
-91.124 -75.566 -450.980 1.012
-83.524 -85.992 -468.853 1.073
0.080 -62.547 -449.686 0.894
55.702 -79.416 -447.653 1.039
-93.881 -69.836 -376.083 0.966
-45.545 -8.789 -394.381 0.923
-56.623 -20.277 -403.194 1.087
-16.851 59.294 -310.933 1.010
55.720 65.323 -312.805 0.934
30.050 -35.569 -403.032 1.148
-56.719 24.442 -420.290 0.841
-79.994 59.443 -306.547 0.905
-76.524 14.292 -373.629 1.112
-91.906 53.484 -383.426 1.173
-5.411 -45.620 -342.920 0.854
2.303 -99.135 -466.533 0.959
34.133 -9.993 -414.308 1.033
37.005 -48.295 -431.033 0.922
-22.165 -55.047 -343.627 1.001
88.401 -47.300 -365.980 1.033
31.505 7.246 -328.619 1.068
-1.746 94.138 -472.586 0.899
-68.120 83.244 -343.762 1.004
-73.185 -29.487 -402.465 1.160
-86.942 -33.568 -490.339 0.981
-20.741 -51.680 -465.099 1.103
89.297 -86.792 -406.081 1.068
-90.815 30.702 -312.067 1.143
-61.130 10.940 -445.152 0.990
-72.413 46.432 -324.044 0.943
35.655 39.608 -377.638 0.836
49.433 -60.047 -479.047 1.014
-48.830 -56.020 -348.187 1.009
-16.700 -79.621 -458.094 1.008
37.819 95.034 -327.972 0.952
-67.034 39.368 -487.583 0.892
-95.916 -59.259 -467.777 1.077
-21.134 -81.983 -379.620 0.825
16.164 4.489 -471.993 0.982
10.898 62.443 -428.003 0.987
-28.900 -0.663 -454.452 1.006
72.454 49.581 -397.705 1.016
63.021 -9.898 -453.718 0.905
-97.941 69.967 -470.848 1.030
53.407 -76.379 -426.966 0.953
-42.946 -20.710 -360.266 0.987
-52.437 -81.780 -398.852 1.159
-49.385 -93.265 -480.194 1.146
-49.960 61.156 -419.084 1.079
22.585 -83.511 -353.770 0.921
3.842 85.321 -380.539 0.997
-73.328 17.655 -431.251 1.112
-4.046 51.640 -399.545 1.058
20.680 44.313 -327.574 1.086
39.911 -89.276 -434.212 1.112
24.625 87.791 -403.328 1.132
80.885 52.270 -421.377 1.072
16.443 30.480 -327.892 1.152
-69.299 33.393 -317.021 0.867
-7.650 -9.345 -426.949 0.875
-94.098 -60.583 -404.190 0.680
-47.708 -4.258 -414.280 0.948
71.064 18.345 -478.059 1.196
18.535 -61.349 -354.394 1.089
76.123 -89.841 -332.797 0.867
-32.349 -53.553 -320.734 0.985
-67.987 -34.708 -433.985 0.887
99.660 81.856 -441.553 0.989
93.602 16.570 -488.082 0.827
-6.155 -25.826 -429.671 0.969
5.906 -52.167 -411.514 1.066
-52.574 12.096 -415.004 0.871
-58.259 77.667 -407.756 0.945
14.459 94.590 -387.479 1.101
17.029 -29.008 -314.367 0.911
-25.706 8.053 -424.985 1.219
-26.441 44.217 -483.371 0.880
91.632 78.590 -473.995 1.245
-11.016 3.024 -458.256 1.019
26.554 -95.060 -471.109 1.159
-18.065 48.205 -460.469 0.911
21.552 50.929 -430.843 0.884
89.907 -77.276 -341.894 0.831
-88.540 -76.725 -474.690 0.887
10.525 49.602 -485.601 0.906
-28.522 68.975 -421.271 1.042
-11.430 -97.484 -383.686 1.044
-36.431 -18.400 -339.135 0.988
69.701 37.087 -432.392 1.066
-33.042 -9.748 -499.105 0.893
-77.677 -51.062 -348.448 0.790
-75.292 47.124 -342.194 1.163
15.916 86.782 -489.744 0.890
-42.571 47.216 -498.275 0.917
29.665 -89.208 -450.946 1.047
-99.956 -66.908 -401.818 1.026
-76.708 -37.808 -486.990 1.075
-97.406 95.496 -457.044 1.030
-27.082 -41.430 -451.846 0.917
-28.930 28.218 -368.123 0.998
27.563 98.557 -312.030 0.778
-31.651 -44.036 -412.768 0.939
-42.237 12.165 -402.165 0.786
15.215 53.480 -394.518 1.041
30.747 22.116 -484.986 1.023
15.100 -31.355 -464.026 0.815
-2.339 -72.226 -385.435 1.193
-2.182 -63.766 -495.470 1.146
29.988 33.191 -367.430 1.146
83.120 -50.630 -475.867 1.016
30.428 -26.991 -308.781 0.805
-25.334 60.811 -300.045 1.029
43.780 0.971 -428.778 0.995
92.080 -77.685 -331.538 0.981
17.196 -93.830 -448.042 0.955
-74.580 -2.197 -403.967 0.866
69.079 10.977 -442.467 1.042
61.654 39.253 -338.086 1.031
83.382 -85.370 -461.665 0.929
-59.418 94.363 -450.789 1.013
-45.334 83.124 -316.695 1.062
57.819 -20.665 -374.637 0.916
33.616 49.604 -387.767 0.855
-1.132 17.945 -328.819 1.018
-76.652 -37.073 -391.440 1.043
76.334 2.352 -392.944 0.844
-99.656 -14.039 -467.291 1.110
23.610 64.257 -322.455 1.084
30.327 95.525 -484.245 0.853
-88.073 -96.243 -387.672 0.916
50.077 95.033 -337.097 1.070
-81.092 50.926 -393.043 0.864
73.808 44.214 -443.440 1.227
37.844 -43.947 -362.524 1.093
-96.505 9.038 -423.688 0.992
31.407 14.775 -413.112 1.008
-2.661 81.470 -391.166 1.053
3.785 92.925 -392.471 0.939
-29.553 45.023 -327.674 0.987
20.755 73.952 -402.589 0.935
-95.095 90.387 -383.488 1.136
65.392 18.583 -320.580 1.178
-67.123 -8.313 -482.774 0.701
-41.992 -53.943 -469.568 0.958
98.370 82.455 -429.073 0.993
-11.959 -11.832 -463.648 1.076
-9.390 -82.034 -360.858 0.836
-7.590 47.475 -487.375 1.037
23.990 32.776 -323.927 1.011
-99.799 57.620 -471.293 0.759
-33.175 -43.735 -498.246 1.064
7.186 -78.647 -342.677 0.978
8.076 7.094 -330.545 1.028
75.139 -24.858 -393.275 1.035
-51.541 5.850 -374.592 1.020
27.356 61.151 -458.023 0.916
90.470 -99.254 -310.220 0.819
-7.612 -68.232 -423.424 0.895
-74.812 -49.152 -303.150 1.022
-24.177 97.658 -389.021 0.991
7.816 19.129 -361.161 1.094
67.259 66.056 -308.437 1.064
-66.723 -24.625 -451.070 1.043
48.616 -92.506 -335.684 1.054
3.011 33.128 -394.064 0.953
-7.506 71.229 -445.791 1.142
-83.695 96.615 -461.784 0.919
29.663 -39.335 -403.195 0.987
97.258 -20.423 -432.634 0.926
-12.162 16.831 -421.879 0.978
-21.318 -71.454 -407.811 1.006
-15.842 -51.288 -355.632 1.091
38.344 -72.555 -391.755 1.092
-46.739 -9.850 -416.172 1.008
-75.895 45.184 -343.628 1.015
73.884 -26.101 -348.246 0.875
51.657 -35.091 -313.908 0.796
-3.141 21.325 -449.479 0.890
-68.221 -98.270 -320.286 0.995
-45.485 60.219 -459.677 1.048
-18.815 -59.755 -391.724 1.163
61.696 -85.786 -357.948 1.007
6.690 -11.583 -438.849 1.149
-42.526 82.575 -431.851 0.989
24.986 26.066 -486.402 0.931
-3.113 -75.546 -339.347 1.185
-3.424 45.648 -330.195 0.895
-38.898 65.635 -318.810 0.828
42.503 -30.270 -420.755 1.025
-85.983 84.900 -416.649 0.902
-8.832 95.435 -486.422 1.028
-41.281 2.110 -391.222 0.996
60.144 -51.360 -342.710 1.088
23.984 -71.538 -325.906 0.971
-38.914 -94.038 -319.957 1.084
80.014 81.017 -316.976 0.960
-86.370 -31.120 -379.500 0.973
-55.961 -7.305 -391.129 0.999
48.600 0.752 -376.551 0.892
-15.026 82.261 -484.311 0.826
48.673 31.862 -427.360 0.967
33.342 93.540 -394.314 1.052
-90.363 -99.319 -348.202 1.032
-19.407 -21.763 -324.988 1.056
70.846 -48.159 -346.247 1.019
-10.544 -69.351 -487.806 1.064
-6.609 21.801 -425.416 0.976
96.933 -30.223 -311.338 1.045
74.366 15.522 -483.659 1.008
16.745 -6.548 -484.927 1.005
30.468 7.370 -408.665 1.041
2.303 -74.130 -319.550 0.913
89.200 6.484 -331.165 0.937
26.304 -89.607 -391.639 0.959
95.618 40.767 -421.509 0.811
54.730 17.781 -419.924 1.150
-64.339 -97.565 -499.880 1.060
-21.343 62.411 -374.674 0.898
-35.658 -61.593 -383.087 1.067
36.666 -84.747 -436.591 1.072
-96.943 55.963 -360.953 0.957
-46.651 74.639 -431.959 1.095
79.127 -18.147 -325.754 0.853
-3.681 -27.687 -443.387 1.057
74.138 -81.526 -304.425 1.009
89.211 70.364 -401.851 0.949
-49.994 -93.885 -431.066 0.810
75.504 -65.238 -494.862 1.116
18.459 -57.329 -444.028 0.973
92.152 -39.966 -489.966 1.148
24.543 -68.801 -469.056 0.950
81.339 41.030 -327.300 0.977
-70.905 -84.220 -365.803 0.961
43.169 -81.674 -314.545 0.924
-93.680 66.938 -309.701 0.970
14.500 -60.700 -397.607 1.051
19.760 -50.375 -394.522 0.954
66.414 11.184 -361.379 0.958
-2.993 43.448 -446.501 1.081
83.264 -70.480 -372.147 1.045
40.697 41.126 -304.611 1.142
-16.777 82.961 -350.275 1.043
75.542 -42.994 -338.699 1.040
-64.946 -1.134 -439.864 1.104
96.581 26.457 -482.483 1.017
43.469 -80.383 -376.297 0.871
32.076 -47.722 -301.787 0.922
-47.147 -18.314 -409.890 0.885
-36.952 93.074 -449.511 0.966
-40.326 -89.889 -406.829 1.258
-7.579 -84.174 -345.822 0.958
44.550 -22.860 -335.762 1.035
-78.358 -55.990 -462.804 1.126
81.775 76.604 -405.176 0.994
-71.076 -41.183 -370.129 0.895
-69.996 -49.542 -388.818 0.986
28.368 59.008 -345.524 1.043
-47.344 67.714 -390.020 0.799
-70.027 -42.077 -347.634 1.222
-49.911 24.627 -494.111 0.974
-3.521 -76.576 -311.755 1.063
-43.863 -88.666 -399.401 0.984
-59.949 14.001 -453.616 0.871
8.305 -49.124 -322.157 1.022
-30.198 84.184 -353.411 0.906
8.877 4.409 -443.614 1.040
58.705 -12.576 -401.193 0.903
