-79.603 40.673 -301.344 0.968
-98.536 25.567 -426.060 1.145
-9.614 -38.800 -471.031 1.053
-72.129 -6.920 -350.153 1.090
55.645 48.565 -375.369 0.937
6.060 31.042 -366.502 0.894
-92.335 56.745 -388.483 0.969
-46.621 85.753 -402.372 0.910
39.841 -39.638 -368.955 0.904
-87.411 28.968 -460.053 0.948
-59.605 -23.774 -345.266 1.044
59.716 -96.488 -370.757 1.070
56.718 98.777 -446.490 1.043
-80.716 37.421 -329.215 1.153
20.678 54.817 -462.119 0.963
62.797 -14.429 -396.367 0.943
-84.420 -31.461 -315.134 0.953
16.370 24.867 -443.576 1.076
-94.551 -57.397 -414.433 0.836
-4.403 -40.477 -379.291 1.084
-60.513 -65.383 -429.240 0.984
-23.170 -8.140 -427.142 0.797
-34.458 87.765 -354.578 0.998
60.052 -30.737 -448.391 0.987
54.215 -72.526 -335.265 0.849
67.563 40.766 -377.030 1.081
65.868 59.159 -345.048 1.036
12.356 -27.545 -431.959 0.946
91.180 -0.886 -327.933 1.082
67.377 41.127 -455.594 0.978
56.678 87.176 -443.508 0.852
-57.290 3.603 -405.045 0.991
84.002 -78.484 -407.922 0.943
-63.921 -22.689 -423.165 1.023
3.600 -24.394 -463.159 1.038
-63.210 31.464 -442.491 1.271
-35.643 86.312 -310.833 1.019
21.565 32.076 -417.555 0.880
-51.903 -94.540 -336.725 0.951
-36.874 3.757 -426.389 0.992
5.749 -18.763 -336.657 0.787
-69.092 -69.335 -425.757 0.973
7.727 -11.634 -471.063 0.931
48.861 -3.810 -350.003 0.955
58.075 23.595 -354.890 1.093
99.607 -13.825 -332.479 1.062
82.172 -72.183 -488.343 0.934
90.047 -71.983 -379.144 1.026
-58.240 -33.310 -395.349 0.949
-25.968 -67.096 -470.273 0.919
-35.067 -48.393 -421.689 0.917
56.901 9.167 -319.921 0.879
-72.950 76.796 -478.539 0.854
-67.244 -33.721 -486.226 1.080
-67.067 27.339 -361.874 0.972
96.691 81.883 -350.331 0.759
-17.637 -6.618 -439.166 0.879
-38.546 -83.996 -386.047 1.056
82.148 12.645 -434.631 0.884
62.698 -23.103 -432.327 1.127
-17.189 74.258 -356.813 0.948
-33.063 66.965 -429.398 1.015
70.184 -58.797 -460.413 1.119
9.913 -22.783 -491.925 1.043
32.817 40.515 -321.029 1.008
80.177 74.052 -492.318 1.019
-36.786 -64.684 -301.083 1.146
68.410 84.098 -360.095 1.130
3.569 63.973 -444.229 0.947
-13.407 -56.944 -387.782 0.867
-73.680 70.049 -459.591 1.117
29.220 36.653 -476.344 1.034
93.356 -45.065 -483.533 0.991
4.758 -3.084 -416.504 0.925
95.287 -78.082 -482.506 0.975
42.424 81.172 -493.528 0.915
64.797 5.556 -427.924 0.723
-48.134 52.608 -362.214 1.001
85.853 -33.723 -361.173 1.129
-27.019 77.199 -303.279 0.960
7.221 98.599 -317.274 1.003
8.662 -94.083 -427.152 0.980
-81.438 -25.798 -437.146 1.019
65.492 -31.994 -490.227 1.008
-34.632 -54.365 -483.882 1.177
34.940 -46.033 -372.395 1.002
81.851 -50.957 -472.300 1.029
-89.055 -76.845 -360.220 0.923
-12.570 -27.154 -342.970 0.883
90.128 78.778 -422.930 1.084
-88.739 -28.312 -438.274 1.077
5.174 -45.819 -316.580 0.944
-87.656 93.000 -392.349 0.975
-91.278 -47.999 -306.686 1.046
-77.161 -31.521 -369.704 1.071
93.557 52.086 -376.039 1.105
-24.478 -4.431 -422.275 1.031
-75.735 -90.522 -394.432 1.029
-68.818 -52.443 -491.750 0.851
91.589 -24.965 -403.561 1.013
56.636 -32.500 -423.338 1.026
45.295 83.600 -318.524 0.819
16.082 -10.179 -477.043 1.042
1.498 65.394 -319.733 0.962
-64.832 -28.902 -443.447 1.080
62.052 10.144 -366.801 0.974
-80.029 15.920 -415.991 0.875
57.883 -15.353 -317.458 1.069
54.652 -73.326 -434.203 0.979
-25.989 -77.361 -420.355 0.856
73.417 -78.438 -391.566 1.079
84.616 44.729 -435.200 1.017
32.890 22.316 -376.669 1.081
-62.973 -27.685 -323.249 0.940
-45.677 31.324 -433.759 1.059
86.909 87.661 -434.734 0.911
-1.144 21.211 -499.925 0.994
-1.418 53.420 -353.536 0.928
-70.538 -84.136 -342.323 0.841
-93.667 -88.565 -338.451 1.151
56.341 90.045 -339.119 1.017
-64.813 55.738 -319.544 0.912
-40.405 3.639 -395.988 1.133
91.374 81.827 -372.010 0.848
19.004 11.677 -477.983 0.960
67.318 11.523 -385.038 0.942
-91.656 47.045 -485.681 1.178
-17.371 64.856 -403.606 0.953
-66.305 -31.607 -432.019 0.961
-29.109 32.560 -484.980 0.964
54.272 -85.527 -396.031 0.897
13.063 11.455 -385.679 0.868
51.315 -51.877 -468.956 0.931
-88.333 20.950 -325.537 0.865
38.298 34.052 -436.461 0.957
48.803 36.434 -494.416 0.973
-32.137 60.183 -461.999 0.993
-40.766 -3.915 -374.747 0.960
46.058 -31.593 -409.223 0.964
-80.567 -18.886 -406.372 1.122
-94.734 18.770 -470.145 0.918
-3.622 77.539 -461.194 0.896
57.602 -90.698 -301.080 1.006
-84.635 -75.798 -447.665 0.953
0.882 -80.424 -441.089 0.978
-40.212 -10.911 -377.872 1.018
24.395 -73.111 -321.281 1.101
-48.388 -83.179 -356.877 0.838
-0.295 -35.867 -358.334 1.219
-60.638 -14.051 -302.495 1.018
-61.654 8.840 -358.907 0.998
-77.914 38.211 -471.038 1.066
-39.385 67.704 -498.956 0.926
-6.825 91.222 -484.761 1.051
57.706 -14.772 -483.057 0.931
96.405 -4.012 -415.061 0.769
6.097 0.698 -478.658 0.990
50.628 76.907 -380.248 1.015
24.984 -57.107 -462.046 1.030
-22.076 95.982 -432.902 1.035
78.100 42.768 -440.372 0.919
-87.795 6.740 -412.481 0.875
92.087 -2.318 -455.427 1.034
-31.546 -51.052 -377.744 0.902
-77.651 41.002 -451.552 0.905
-80.826 34.271 -395.579 1.062
41.046 -99.604 -351.192 0.971
-10.667 28.906 -317.729 0.889
74.800 -96.730 -454.349 1.204
12.317 -43.210 -410.403 0.961
34.687 -22.613 -487.940 0.920
27.703 83.681 -389.017 1.147
66.950 54.666 -450.759 1.085
-24.296 -86.660 -466.921 1.135
-58.899 -90.002 -378.568 0.864
5.597 84.138 -347.928 1.219
76.891 55.167 -470.073 0.949
-44.681 32.877 -343.477 1.063
14.195 -46.691 -361.901 1.088
-11.584 -65.224 -337.506 1.141
48.244 0.005 -477.800 0.970
-55.989 2.448 -326.840 0.686
80.632 73.953 -398.520 0.905
4.492 -87.488 -363.955 0.982
-72.360 -10.924 -354.320 0.917
-56.469 65.192 -400.245 1.126
19.867 -3.757 -461.038 0.990
31.344 -70.576 -384.910 1.012
-84.284 46.649 -413.353 1.058
16.593 41.231 -484.663 0.992
0.107 30.371 -326.345 0.729
99.677 -45.247 -462.115 1.040
2.896 68.527 -444.293 1.008
-37.271 70.164 -472.326 1.036
-65.289 80.883 -435.430 1.038
88.938 -17.846 -420.940 1.138
70.906 25.575 -308.500 1.175
57.111 57.959 -317.948 1.080
-53.913 33.510 -333.484 1.008
-18.530 74.041 -459.834 0.860
-91.453 64.828 -486.702 0.996
18.833 -83.133 -412.721 1.040
-33.017 -4.881 -381.551 1.016
93.339 48.081 -344.078 0.929
32.096 -34.784 -406.831 1.181
20.252 85.425 -357.937 0.992
65.389 21.412 -405.100 0.848
-68.830 85.690 -421.730 1.019
-50.848 -88.312 -374.101 1.017
45.006 21.232 -394.887 1.133
39.813 -12.832 -477.101 1.028
49.417 -95.247 -367.145 0.845
45.126 -35.092 -319.304 1.131
-83.052 -26.071 -371.183 0.948
-47.576 -30.897 -308.713 1.032
-87.629 -75.132 -458.208 1.050
59.620 -41.862 -303.896 1.265
13.523 -42.119 -416.744 1.135
-90.089 -72.540 -444.462 1.059
-39.446 -80.984 -307.626 1.057
-58.708 -49.674 -447.626 0.855
5.751 -23.148 -336.781 0.883
48.534 7.348 -492.965 1.032
16.971 -40.510 -377.683 1.126
75.306 -13.690 -481.533 1.115
-82.221 19.396 -464.720 0.976
-45.247 99.646 -486.363 0.980
-64.552 -42.517 -334.436 0.956
60.152 64.708 -355.687 0.979
-98.418 35.085 -432.500 1.184
-6.135 51.104 -464.107 1.083
75.773 -41.506 -492.920 1.002
2.822 -15.644 -408.481 0.899
-51.689 -55.940 -355.571 0.951
-42.767 -35.292 -325.899 1.125
88.007 59.666 -410.730 1.040
97.547 -93.659 -325.871 0.930
-85.650 -97.484 -440.640 0.991
66.553 -76.903 -408.915 1.035
-61.342 -26.609 -439.685 1.134
43.038 -96.622 -434.316 1.034
-89.414 -89.987 -392.438 1.108
-9.430 93.965 -323.366 0.850
-48.676 -83.332 -410.889 1.101
65.586 47.992 -470.576 1.025
58.560 -21.377 -413.957 0.916
59.755 -64.316 -345.909 0.985
17.158 -0.561 -386.132 0.906
38.506 -83.690 -484.873 0.938
-68.716 74.889 -411.385 1.010
-6.958 -60.843 -370.255 0.887
87.632 -48.138 -455.213 0.942
-66.364 -44.191 -423.818 1.064
99.663 -43.868 -366.607 1.102
49.922 14.902 -354.105 0.971
-92.724 79.747 -391.408 1.118
8.020 67.039 -355.341 0.924
-79.866 -35.782 -327.746 0.904
77.397 -47.314 -312.615 0.962
-38.166 55.823 -355.683 1.028
75.267 77.256 -398.825 1.071
-64.266 -55.190 -389.032 1.032
-76.339 -66.868 -322.371 1.057
-44.545 -79.434 -323.623 0.868
30.739 59.923 -329.367 0.997
67.034 99.385 -346.374 0.959
89.132 -14.544 -404.477 0.864
-56.396 -75.132 -326.008 0.904
-94.829 56.366 -404.477 0.995
25.564 -1.672 -318.029 0.940
-35.340 -6.314 -312.426 1.175
-31.520 55.410 -377.448 1.096
36.583 -6.722 -412.842 1.023
83.495 46.809 -319.924 0.926
-74.677 -76.979 -374.544 1.039
-25.568 -89.924 -437.397 0.949
-90.169 93.878 -433.083 0.824
-37.233 -29.777 -348.421 1.107
-59.369 -90.267 -303.701 1.054
26.450 32.225 -408.523 0.979
-29.195 67.700 -330.609 1.057
94.536 -35.252 -324.850 0.913
-8.983 77.647 -480.265 0.742
-58.275 -40.479 -463.260 0.922
-26.976 -28.517 -350.556 0.852
94.043 -22.014 -367.346 1.130
-42.017 6.242 -357.248 1.064
-46.344 80.484 -394.764 1.134
16.441 42.337 -300.171 0.993
0.044 93.334 -344.166 0.866
42.349 45.082 -429.255 1.267
-1.853 -20.502 -497.258 0.837
-53.876 -95.830 -352.266 1.000
-43.628 52.279 -347.752 0.992
-33.487 -77.605 -307.687 1.030
-13.848 54.144 -408.827 0.924
86.725 52.334 -387.861 0.898
-49.429 -77.179 -413.459 1.028
-42.677 86.698 -373.625 1.017
26.577 -84.157 -390.091 1.097
59.151 63.895 -344.413 0.878
92.332 -19.597 -345.010 1.206
-47.423 30.264 -427.251 0.851
-67.180 -76.355 -380.849 0.969
34.962 -86.242 -415.194 1.064
-6.014 91.674 -402.488 1.004
95.867 81.355 -335.353 1.270
24.775 60.840 -476.562 0.978
16.980 -44.509 -497.692 1.115
98.295 -27.610 -419.780 1.001
-12.116 -98.505 -394.256 0.921
-25.398 -0.646 -488.051 1.043
-84.201 61.299 -345.447 1.022
43.432 -58.273 -486.463 0.801
-40.620 69.324 -394.299 0.973
-38.433 5.919 -347.428 0.861
-47.091 -31.317 -373.690 0.926
96.307 59.093 -366.694 0.937
-56.301 -45.141 -317.886 0.993
-34.274 85.120 -311.292 1.134
-90.634 34.886 -386.064 1.169
98.170 63.612 -426.784 0.933
-36.474 -81.508 -478.279 0.883
65.430 94.945 -364.943 1.035
-84.286 41.541 -377.302 0.911
-86.144 -77.602 -483.124 1.101
85.150 58.427 -488.622 1.056
92.593 92.002 -470.510 0.971
-79.471 98.180 -328.543 1.028
23.602 8.737 -376.229 1.034
-14.224 -6.598 -339.624 1.119
29.238 86.665 -429.768 1.070
-16.733 24.031 -432.126 1.235
-45.617 68.688 -371.331 0.977
11.682 -81.639 -380.147 0.883
-32.023 70.497 -499.281 1.126
-22.968 77.861 -426.922 1.029
-46.374 39.995 -452.537 1.044
7.925 -12.283 -407.240 0.893
37.090 -73.077 -313.780 0.938
43.557 -7.117 -318.704 1.078
-8.264 77.380 -310.409 0.887
-47.382 -99.511 -466.730 1.091
-11.476 51.870 -492.367 0.997
-82.269 -82.339 -343.241 1.059
-30.870 -92.363 -436.485 0.896
-13.377 45.447 -374.096 0.990
-33.351 69.574 -475.124 0.867
-6.653 86.026 -444.806 0.913
4.818 51.799 -344.767 0.832
-90.419 21.161 -457.198 1.083
25.199 95.789 -456.016 1.059
-35.763 64.334 -401.893 1.306
-83.936 -1.718 -384.065 0.967
-31.158 -76.337 -378.848 1.182
-44.479 -81.590 -428.882 1.082
50.550 -66.017 -451.133 1.028
2.890 51.062 -459.832 0.974
43.065 56.308 -435.044 1.019
-5.254 -39.588 -369.399 0.871
97.760 -21.680 -458.008 0.867
-48.311 37.902 -418.049 0.899
57.503 55.021 -491.673 0.990
59.130 82.891 -408.665 0.937
-6.211 -87.416 -421.975 1.012
-31.724 27.649 -328.311 1.067
31.865 -29.327 -493.400 0.967
-33.001 -0.831 -314.307 1.157
-26.798 78.935 -391.510 1.066
-34.043 62.034 -436.698 1.029
-99.215 29.952 -328.523 1.031
-0.598 -74.964 -351.162 1.018
76.225 90.055 -396.113 1.037
-2.921 32.298 -422.274 1.103
98.491 16.130 -426.390 1.122
41.656 -63.373 -376.637 1.073
-19.679 -84.329 -432.174 0.750
-33.404 -58.248 -477.931 0.917
-94.615 -82.196 -312.614 0.912
-1.696 75.911 -411.753 1.150
32.066 -11.917 -332.629 1.164
-98.225 15.459 -423.874 0.918
60.285 89.993 -375.569 0.935
-97.812 -10.279 -459.163 1.046
-25.727 -50.416 -445.805 0.816
72.791 38.482 -349.276 1.128
41.265 26.399 -303.229 0.986
2.414 67.651 -355.865 1.024
-38.458 -5.364 -438.183 1.155
-19.892 -94.753 -337.148 0.962
-11.549 4.568 -400.454 1.066
8.833 67.377 -403.352 1.022
-32.848 78.274 -347.078 0.914
-26.432 -92.465 -331.926 1.118
-42.768 82.361 -491.551 0.970
94.085 -83.552 -410.593 1.189
-46.896 -19.496 -311.928 0.948
70.581 -40.936 -425.032 0.915
-70.998 -87.743 -375.947 0.938
-79.743 24.465 -483.600 0.892
10.346 62.638 -448.014 0.988
-92.291 39.678 -380.501 0.920
-60.646 11.079 -443.471 0.902
-42.798 41.111 -322.163 1.041
-1.496 -84.376 -322.990 0.915
-9.403 -23.414 -487.654 1.116
-40.359 -22.328 -442.221 1.065
-57.978 65.652 -304.113 0.946
12.679 -8.853 -476.192 0.910
-12.610 60.977 -461.001 0.995
96.948 34.943 -464.292 0.977
91.482 -72.230 -331.860 0.972
12.588 77.787 -311.902 1.027
-12.625 7.559 -448.380 0.988
22.220 -61.883 -387.704 0.912
-92.465 24.917 -475.497 0.919
-35.623 23.694 -488.815 0.900
93.363 -42.878 -360.980 1.090
3.069 98.508 -340.195 0.941
-26.617 -56.389 -351.246 0.913
-23.767 -52.022 -360.302 1.224
-32.161 -54.520 -381.517 0.872
45.022 81.843 -471.970 1.007
33.690 35.161 -319.050 0.921
89.918 -10.822 -405.931 0.983
50.290 20.094 -305.674 0.835
14.983 -57.945 -366.383 1.079
-59.545 34.600 -325.702 0.966
8.108 3.692 -308.802 0.916
28.156 -7.486 -382.373 0.821
1.208 -40.780 -405.997 1.129
9.055 -57.409 -429.159 0.943
-11.829 -79.007 -391.091 1.012
-18.111 -66.647 -344.499 1.120
-59.830 -52.369 -426.662 1.046
-87.269 -56.654 -474.628 1.071
-95.134 12.780 -371.727 0.956
89.626 -84.255 -317.911 1.088
2.759 -3.730 -471.186 0.998
-58.738 56.544 -322.062 0.983
54.419 -34.045 -347.878 0.971
8.277 14.531 -399.354 1.058
69.517 -9.168 -486.224 0.940
61.760 21.170 -317.429 0.871
-64.707 -70.363 -349.340 1.187
61.644 39.611 -356.941 1.014
81.988 79.900 -334.138 1.022
32.894 -46.722 -317.881 0.874
-25.215 75.586 -416.376 0.922
1.543 22.583 -343.022 0.838
-30.578 -7.883 -438.501 0.897
48.787 17.632 -341.645 1.226
66.662 20.612 -316.610 1.000
-93.586 25.929 -456.084 1.106
91.881 18.113 -496.938 1.136
47.774 62.471 -430.813 1.131
-64.847 66.081 -436.962 1.089
-61.594 62.850 -398.856 0.940
-26.192 28.020 -390.629 1.153
-78.844 92.799 -366.129 0.919
56.454 36.267 -464.497 0.988
43.786 14.421 -494.426 0.920
-2.983 5.857 -370.194 1.048
-10.307 -91.251 -366.458 0.867
-84.711 75.879 -475.913 0.855
-42.701 15.183 -367.617 1.050
77.663 38.766 -349.253 1.004
-78.383 45.330 -464.392 0.876
45.059 -62.761 -422.944 1.097
61.458 82.016 -421.192 0.895
-23.717 -39.909 -491.369 1.077
-34.651 22.234 -457.849 0.856
0.932 -16.133 -489.753 0.930
20.632 85.523 -446.606 1.041
71.940 -25.604 -472.557 1.073
3.478 -88.157 -380.026 0.914
30.119 76.870 -351.760 0.877
69.053 -37.387 -310.756 1.170
-3.011 -60.715 -432.333 0.888
-74.042 52.929 -467.819 1.005
45.331 63.460 -367.712 1.125
62.330 50.263 -458.388 1.045
-26.576 -96.678 -315.987 1.106
-70.015 -85.228 -431.833 0.948
-96.472 -4.762 -341.931 0.997
-81.605 -46.330 -395.168 1.164
4.072 -84.424 -303.304 0.845
-26.990 91.051 -408.547 1.032
-27.686 -41.710 -394.379 1.132
99.667 -87.284 -461.238 1.058
-1.673 65.461 -449.756 0.905
-18.070 -70.024 -457.188 0.955
-26.756 82.949 -492.681 1.012
14.067 -17.701 -330.957 1.103
24.569 2.238 -498.278 0.909
-82.420 -67.529 -425.153 0.973
-77.335 -74.100 -440.119 0.933
-45.554 -82.426 -428.411 1.055
87.639 35.846 -445.330 1.054
17.304 -70.464 -359.310 1.102
20.568 27.577 -491.454 1.020
-61.292 64.115 -307.221 0.993
11.046 -77.271 -455.437 0.907
99.462 65.615 -344.873 0.871
-84.759 97.731 -453.385 1.091
36.846 29.698 -477.365 1.093
99.309 -91.510 -452.088 0.906
66.927 5.493 -483.576 0.984
-13.900 -79.902 -437.130 1.162
-92.999 60.068 -377.316 0.915
-72.112 -98.398 -381.513 0.961
-31.260 60.341 -433.472 1.094
-28.989 93.464 -358.720 0.968
15.425 -13.915 -358.721 0.946
-21.061 43.740 -376.456 0.917
24.194 -16.538 -390.587 1.022
-1.754 -89.795 -457.934 0.899
-41.037 -55.564 -396.554 0.966
-48.148 -70.253 -469.186 1.118
68.041 -20.139 -445.317 0.894
91.849 -64.628 -400.200 1.050
38.628 -45.567 -385.640 0.973
-92.091 13.658 -309.247 0.895
14.884 -13.008 -302.233 1.034
77.554 -91.437 -496.518 1.105
-16.123 -34.385 -307.793 0.918
9.346 -84.145 -392.498 1.047
-17.085 63.046 -493.267 1.078
9.503 81.864 -340.495 0.799
-13.780 -17.061 -397.693 1.071
-94.308 -94.396 -338.112 0.883
-92.540 8.597 -396.531 1.075
4.150 45.834 -308.114 0.946
-46.245 -55.478 -395.675 0.875
48.998 -30.862 -310.140 0.943
78.542 39.293 -341.431 0.951
14.151 55.610 -343.128 0.832
-72.221 -21.873 -388.956 1.056
14.374 -69.559 -373.296 1.139
83.404 73.076 -350.894 1.247
77.729 -27.489 -440.936 0.921
-17.601 -5.526 -338.447 1.034
-58.423 -63.516 -447.493 0.865
-73.159 57.289 -492.641 1.023
77.336 -53.123 -314.914 0.898
49.602 40.603 -375.616 0.998
33.335 53.360 -384.874 0.909
-83.329 59.645 -437.617 1.005
-15.014 -55.591 -477.531 0.991
4.345 -87.027 -478.574 1.046
81.965 -5.493 -313.256 1.116
38.398 7.823 -346.216 0.762
30.324 0.450 -439.130 1.082
26.257 46.842 -480.275 1.075
-87.659 -14.160 -359.084 0.951
-61.733 -0.794 -475.588 0.833
98.490 -32.033 -309.484 1.045
-2.927 -35.183 -366.164 1.083
-82.165 15.665 -435.609 0.864
2.347 77.705 -302.100 0.981
49.893 98.003 -354.516 1.144
88.840 -41.719 -359.648 1.072
-17.105 -37.565 -310.253 1.187
52.998 -98.435 -360.279 1.001
-25.459 -86.543 -483.415 1.100
-13.601 96.664 -303.860 0.821
-78.818 -66.377 -373.340 0.990
-36.376 -53.749 -370.542 0.961
79.846 -68.722 -413.028 1.019
-57.799 44.594 -361.608 0.845
-39.816 55.904 -312.627 1.110
68.256 4.595 -486.184 0.839
57.915 -44.012 -449.917 0.945
8.728 64.766 -436.326 1.021
-0.947 -19.868 -431.221 1.046
25.291 7.403 -349.662 0.798
66.427 -63.841 -400.218 1.094
88.294 -83.844 -439.148 1.037
34.788 12.153 -314.995 1.144
73.497 -56.525 -449.232 0.868
-22.025 5.348 -429.679 0.984
-41.536 66.778 -406.402 0.831
90.007 34.505 -373.192 1.102
87.715 28.009 -319.068 1.099
-53.493 52.466 -320.600 0.838
-29.634 83.893 -359.541 0.937
93.589 -99.876 -448.763 0.994
40.705 -54.522 -454.727 0.927
0.842 -7.531 -352.270 1.108
-69.374 -36.078 -370.753 1.105
-68.647 -36.484 -343.676 1.129
-63.450 73.298 -417.447 0.994
-57.226 69.090 -381.428 0.911
-35.823 -78.278 -347.229 0.929
47.062 89.484 -403.161 1.095
31.555 76.560 -300.380 0.946
-42.055 -25.994 -403.218 1.019
-52.062 73.315 -485.360 1.149
96.997 37.197 -400.902 0.960
71.079 -78.471 -498.970 0.702
75.223 8.046 -481.513 0.861
18.073 -31.657 -325.292 0.799
78.281 82.054 -400.147 1.004
99.554 44.158 -447.122 1.101
12.694 -13.864 -318.151 0.919
-34.690 96.613 -435.838 0.950
-4.259 -73.172 -363.486 0.930
69.323 -3.705 -355.762 0.996
-3.665 -30.984 -372.070 1.047
44.262 28.816 -367.938 0.873
-95.144 -29.383 -362.344 0.816
6.649 69.953 -416.004 1.099
-13.508 -9.238 -305.777 1.058
-23.625 -68.801 -430.303 0.981
-26.402 52.937 -447.542 1.050
39.677 97.263 -398.409 0.928
-51.750 33.130 -432.527 0.892
-42.644 38.534 -417.599 1.066
70.776 74.045 -453.867 0.744
60.654 79.004 -444.482 0.921
-37.683 -13.352 -304.060 0.805
48.009 -92.629 -304.289 1.052
50.091 -87.419 -307.196 1.152
30.551 14.514 -419.009 1.022
54.614 -95.257 -416.921 1.053
89.064 11.324 -395.193 0.948
81.346 -53.858 -460.126 1.028
-82.613 -55.759 -366.518 0.946
-90.044 -0.661 -388.442 1.055
-36.831 -5.249 -427.474 1.042
-2.258 28.269 -466.679 1.048
-24.516 76.222 -491.114 0.945
-13.726 64.332 -394.683 1.102
-46.590 -58.815 -453.059 1.006
-11.200 -24.965 -390.497 1.030
-86.748 96.024 -350.508 1.111
-91.432 -55.590 -391.327 0.828
-57.594 82.378 -382.171 0.844
-44.750 16.459 -449.924 1.092
-89.445 77.611 -371.713 0.969
-46.966 54.543 -488.820 1.044
37.528 -36.861 -344.942 0.888
37.199 47.563 -470.372 0.986
93.455 81.369 -319.693 1.032
-16.192 -67.647 -301.254 0.920
-3.939 9.985 -329.718 0.923
-6.856 98.545 -355.617 0.907
-29.751 -69.787 -403.111 1.028
58.726 16.293 -363.505 1.000
98.671 -70.319 -410.351 1.028
69.129 64.698 -381.882 0.947
-74.953 39.700 -434.782 1.177
-47.869 -2.310 -481.936 1.004
-54.018 11.694 -389.332 1.036
-3.793 44.748 -484.380 0.836
-39.359 -60.484 -469.875 1.073
13.630 80.522 -330.248 0.882
98.391 55.574 -463.332 1.021
-52.109 81.838 -480.231 1.072
-54.847 44.534 -406.715 1.025
-65.643 97.369 -394.865 1.087
97.687 -33.882 -355.498 0.896
94.390 30.370 -417.649 1.017
43.334 -77.264 -316.462 0.858
86.132 41.106 -348.995 1.057
55.118 -10.953 -321.875 1.073
70.110 -0.529 -326.633 0.901
-55.676 -24.701 -411.122 0.938
75.246 36.618 -318.538 0.996
23.865 71.496 -343.177 0.926
-48.522 -27.594 -315.540 0.920
-97.052 -74.981 -429.444 1.013
-92.847 -64.481 -356.340 0.995
19.918 72.939 -416.652 0.835
41.521 4.079 -440.592 0.895
-22.494 83.587 -443.427 0.855
-3.327 -39.547 -412.442 0.889
77.220 -69.157 -337.560 1.119
89.992 72.448 -398.646 1.051
-57.478 -51.498 -336.297 1.188
-76.572 60.753 -303.360 0.974
16.926 70.965 -358.789 1.052
21.692 45.455 -333.217 1.052
4.185 -37.428 -442.493 1.052
-54.413 -92.166 -442.161 1.169
-10.808 -20.768 -462.433 0.984
-68.083 97.279 -317.113 1.172
57.301 -33.884 -406.007 1.060
50.042 -15.715 -377.074 0.925
25.879 14.081 -401.038 0.909
-4.725 64.332 -301.804 1.145
-1.754 57.401 -314.883 1.053
48.646 -29.083 -354.593 0.929
-58.328 69.356 -314.288 0.987
-75.144 66.806 -363.219 0.929
-34.334 95.250 -330.779 1.016
1.336 -17.929 -351.771 0.933
96.613 8.344 -463.280 0.996
62.219 -76.823 -367.062 1.056
6.490 13.524 -379.106 1.019
-16.855 -61.017 -426.189 1.003
83.427 82.605 -445.043 1.072
-56.852 -33.648 -384.095 1.021
25.883 -93.889 -480.467 1.149
-83.892 -15.079 -396.016 1.056
60.068 37.728 -369.934 1.130
15.287 -26.064 -448.882 0.810
45.327 -77.183 -347.927 0.819
-31.326 -38.044 -310.962 0.902
30.050 62.132 -388.411 0.955
-38.015 -26.511 -395.816 1.108
55.048 -89.995 -475.707 1.085
0.546 -69.394 -433.931 0.960
-75.476 -49.764 -320.549 0.931
-16.138 10.937 -422.479 0.903
39.712 -30.439 -455.731 0.880
88.620 -26.318 -402.262 0.996
60.314 -76.206 -398.267 1.073
21.703 -30.722 -362.068 0.844
33.666 65.371 -316.194 0.935
46.952 13.989 -351.845 0.981
97.579 -11.390 -367.743 1.051
82.730 59.406 -441.815 0.981
14.134 33.360 -303.749 0.959
-54.314 28.652 -308.965 0.963
-3.823 46.646 -382.071 1.103
-94.510 39.951 -433.767 0.973
9.283 37.167 -394.106 1.150
64.853 71.620 -418.435 0.982
78.978 4.216 -410.329 0.868
-52.892 -70.008 -410.415 0.891
-53.829 28.691 -326.911 1.050
-6.937 -58.663 -308.146 0.863
-11.001 -35.698 -481.186 0.996
81.578 -5.336 -315.737 0.821
-9.601 -56.917 -396.506 0.851
9.608 -3.662 -313.312 1.031
-7.945 63.070 -432.476 0.946
-75.807 62.692 -321.674 1.072
76.675 -68.008 -431.663 1.040
-4.833 -79.307 -464.094 1.045
-8.706 22.802 -301.172 0.943
4.998 -39.943 -475.265 1.068
47.387 -18.188 -418.736 1.022
63.533 26.037 -387.119 0.915
-19.179 -87.685 -410.104 0.949
58.886 71.956 -495.487 1.067
34.983 -2.318 -309.843 0.964
38.942 -81.618 -370.173 1.055
-45.300 -21.157 -328.262 1.127
-41.384 78.362 -391.928 0.922
-34.704 25.922 -463.857 0.775
23.724 0.030 -413.086 1.075
92.489 -49.570 -421.543 0.971
-0.064 -15.518 -445.967 1.123
-28.769 46.661 -397.824 1.053
-40.054 -40.620 -479.665 1.098
-22.200 -50.767 -324.193 1.139
1.279 -10.111 -402.899 0.961
-51.596 -3.512 -475.319 1.046
45.084 -43.125 -448.752 0.916
85.675 -94.779 -465.216 0.822
-42.999 78.096 -343.520 1.003
20.159 6.154 -481.797 0.978
-85.563 8.129 -345.855 0.974
-75.523 -16.971 -419.472 0.954
62.568 -34.802 -382.319 1.086
20.907 97.520 -394.312 0.892
12.364 29.511 -385.683 0.988
91.661 -20.455 -467.799 0.967
-60.747 51.704 -374.952 1.196
10.118 -3.116 -372.638 0.908
-25.165 -77.664 -310.487 1.008
-39.980 -8.176 -317.612 1.033
-28.973 26.070 -376.617 1.187
-83.994 66.610 -348.441 0.930
48.474 -90.729 -344.477 1.048
-0.549 55.638 -332.636 0.926
-62.251 94.416 -338.383 1.137
-69.473 -27.727 -480.455 0.996
2.397 -26.814 -455.297 1.014
-2.102 85.616 -405.082 0.950
-64.990 -71.034 -351.900 0.946
34.228 22.152 -372.018 1.030
-87.660 49.544 -399.961 0.989
61.317 78.515 -318.319 1.016
-44.236 -48.600 -353.913 0.890
16.998 47.765 -387.667 0.827
18.854 89.623 -490.528 0.829
21.920 -51.358 -300.385 0.918
-56.080 16.657 -339.595 0.909
5.820 98.254 -423.396 1.024
31.805 -6.073 -375.819 1.119
73.851 23.597 -483.731 1.062
-87.726 -80.231 -466.851 0.998
75.774 -47.587 -352.909 0.939
5.945 49.974 -420.914 0.936
74.686 -57.294 -399.108 0.933
15.030 50.158 -331.414 0.975
-37.702 94.795 -465.083 1.227
-77.005 0.640 -421.775 1.020
7.929 0.835 -371.760 0.818
28.444 -41.263 -461.117 0.839
-26.036 48.929 -315.929 1.017
10.070 21.379 -331.688 0.913
-45.850 -9.194 -445.554 1.080
32.385 35.337 -332.106 0.897
65.405 -68.101 -398.329 1.028
26.559 -20.441 -384.475 0.770
68.227 54.520 -452.066 0.832
29.877 55.103 -398.557 1.015
88.149 67.237 -490.582 1.005
92.319 44.012 -446.165 1.042
-33.086 93.648 -408.724 0.971
-46.937 -53.822 -368.442 1.040
47.174 89.534 -492.092 0.982
19.946 -36.857 -468.123 1.037
-16.343 -60.848 -309.153 1.133
-2.456 -77.314 -484.250 1.014
-94.197 42.585 -472.484 1.013
79.627 -14.156 -395.740 1.237
6.569 -22.092 -397.034 0.941
-22.327 -78.994 -479.928 1.164
-80.070 96.436 -463.845 0.924
37.899 -77.288 -498.975 1.028
19.933 -63.372 -472.733 0.836
13.367 -97.439 -478.686 1.020
-53.310 -34.199 -349.724 1.172
-17.998 68.165 -365.656 0.943
-59.811 29.359 -341.506 1.107
24.171 -22.446 -493.883 1.070
-93.901 -80.636 -364.304 1.050
-59.471 -71.916 -330.294 1.100
63.293 81.314 -312.912 1.081
-56.850 -51.253 -336.245 0.974
27.932 97.353 -362.663 1.033
60.390 -77.857 -349.802 0.988
58.638 -29.456 -451.511 1.028
5.848 52.521 -418.838 0.950
-23.914 -91.706 -497.019 1.080
71.275 9.840 -308.526 0.929
-54.799 -79.367 -453.340 1.047
2.071 28.730 -492.473 1.003
41.809 -54.756 -318.952 0.963
-76.052 47.648 -364.677 1.095
36.861 78.381 -383.040 1.059
-59.965 -96.169 -342.542 1.042
5.114 -53.453 -419.367 1.072
45.679 95.427 -417.505 0.979
-82.533 82.708 -462.515 0.940
-7.775 6.883 -305.789 0.999
99.864 -44.543 -326.339 0.868
-0.726 -65.028 -494.618 0.935
14.319 -91.652 -416.072 0.813
-66.105 -37.309 -456.066 1.008
6.336 -11.905 -454.827 0.944
90.076 -91.610 -441.171 1.000
-99.379 -36.807 -377.707 0.952
-26.378 -27.893 -323.085 0.900
44.310 87.336 -448.716 0.904
59.906 91.010 -351.481 1.066
17.103 -88.779 -454.423 1.066
-89.963 53.711 -316.999 0.900
-11.452 92.126 -320.166 0.929
-45.209 -42.218 -427.409 0.947
7.504 -31.597 -373.427 0.875
80.034 -32.544 -439.757 0.894
54.911 -38.030 -376.604 0.933
36.022 -51.868 -493.923 1.027
-20.695 51.377 -315.349 0.907
-64.904 54.998 -337.629 0.996
-10.137 29.744 -319.056 1.115
-62.765 7.143 -375.952 0.985
58.003 -82.198 -425.049 0.837
-19.288 60.545 -385.414 0.967
-2.356 98.842 -312.022 1.027
51.186 -47.274 -367.747 1.128
90.505 -5.069 -446.446 0.992
84.720 78.927 -347.863 0.945
-70.049 36.428 -406.089 0.912
-44.002 32.701 -343.885 1.058
29.715 75.585 -498.901 0.922
62.521 86.175 -363.571 1.075
-48.923 26.973 -478.027 0.988
-93.035 74.634 -443.714 0.966
2.790 -30.107 -367.409 0.910
-64.021 16.697 -313.269 0.814
98.066 78.377 -430.520 0.880
64.246 -11.052 -356.817 1.089
-72.979 -31.055 -361.304 0.843
-11.289 70.694 -445.634 1.022
-67.896 24.843 -443.606 1.032
-7.246 12.293 -409.156 1.033
-79.420 22.965 -363.589 0.974
36.320 97.725 -310.038 1.132
-7.310 -56.882 -387.097 0.975
-91.056 99.393 -366.663 0.955
99.035 3.964 -432.716 1.017
34.071 -89.868 -427.902 0.963
-22.755 -3.209 -302.257 1.183
-11.874 52.288 -401.616 0.987
2.132 -40.791 -426.999 0.921
32.789 -91.270 -498.208 1.193
-27.582 -51.052 -425.364 1.021
-13.972 20.260 -444.802 0.980
-13.005 83.715 -413.153 0.968
-97.988 25.606 -379.553 1.222
-54.420 42.373 -385.299 0.905
-93.617 65.587 -349.052 0.775
-48.250 -65.786 -470.197 0.986
25.958 -62.093 -331.621 1.049
42.891 36.097 -461.115 1.184
63.215 31.488 -339.504 1.055
-71.908 82.791 -344.530 1.183
-42.187 -83.319 -428.902 0.896
-79.754 -72.774 -402.005 0.829
34.087 -52.962 -455.751 0.899
-91.926 91.376 -388.861 0.938
27.347 75.534 -493.416 1.088
30.295 -19.061 -353.059 1.143
7.460 42.842 -394.845 1.010
12.092 17.550 -384.004 0.810
65.521 68.754 -474.673 0.893
-87.970 -17.469 -477.384 1.041
-71.769 81.630 -458.999 1.081
-27.785 42.192 -441.595 0.926
35.629 -84.329 -489.756 1.071
-20.277 86.512 -392.760 1.079
82.420 -83.307 -387.484 1.151
2.961 52.127 -489.904 1.002
-11.895 -32.640 -448.188 0.964
-59.687 -97.062 -409.209 0.801
81.932 23.616 -355.980 0.985
-43.068 21.618 -467.019 0.949
-64.795 58.628 -385.989 1.049
48.979 -52.419 -340.113 1.013
-86.785 -87.011 -398.399 1.156
12.068 41.717 -479.870 0.947
56.768 92.871 -479.407 0.923
95.345 -99.206 -484.065 0.913
-97.533 -41.260 -377.871 0.951
11.724 54.442 -483.357 1.033
17.849 63.124 -355.418 0.919
63.620 -62.149 -402.554 1.124
57.636 12.286 -444.173 0.985
-0.556 -83.819 -449.981 0.837
66.718 15.605 -424.678 0.886
-27.647 97.004 -342.182 0.992
27.225 -69.190 -402.698 0.899
-19.895 -14.726 -436.522 1.012
-64.371 -49.416 -497.678 0.924
-89.474 87.685 -393.577 1.077
-87.805 72.443 -476.355 0.980
99.749 -59.801 -304.235 1.044
71.258 -72.273 -418.475 1.004
44.862 -48.657 -307.339 0.906
79.668 -5.086 -334.889 1.141
-39.445 -20.681 -365.555 0.988
55.597 0.677 -369.775 0.972
-94.890 70.239 -411.173 1.080
33.784 74.262 -474.047 1.039
84.789 -39.499 -450.575 1.082
-68.089 -29.094 -426.005 1.041
74.870 37.395 -488.866 1.056
-55.695 -96.662 -338.527 0.999
77.856 98.156 -468.024 1.043
-66.399 -70.109 -324.043 0.949
11.016 -38.501 -331.815 0.932
80.628 -38.358 -390.408 0.836
-57.728 -52.217 -344.034 0.999
-68.624 14.664 -492.151 0.990
28.829 -90.369 -489.419 0.981
-11.842 -52.006 -378.307 1.011
41.547 39.288 -379.670 0.994
-17.411 85.033 -396.585 0.971
-84.100 -54.324 -447.186 1.012
25.721 -80.339 -424.187 1.063
-67.960 -57.219 -400.316 1.164
-1.920 94.131 -475.485 1.057
-87.613 68.542 -482.833 1.040
99.268 -65.568 -484.713 0.918
-79.204 -67.673 -332.908 0.989
80.784 -89.276 -475.372 0.992
95.839 -1.300 -351.674 1.032
-49.719 98.682 -316.297 1.098
54.983 -24.956 -437.343 0.803
-60.802 -94.493 -461.332 0.970
-31.764 86.556 -441.644 1.035
97.394 22.498 -364.743 1.022
5.355 -83.224 -459.969 0.995
54.770 -45.039 -374.809 0.849
34.315 11.229 -324.983 1.231
99.801 -20.439 -474.247 1.075
-44.923 -45.087 -349.670 0.795
-27.778 78.609 -494.071 0.882
52.120 38.555 -493.349 1.082
-4.914 54.830 -427.022 1.085
-86.000 -9.164 -495.772 0.915
5.368 98.705 -398.710 1.074
-61.229 35.609 -497.100 1.120
