61.350 -32.957 -439.477 0.903
4.083 -56.056 -478.745 0.947
44.136 -14.990 -458.184 1.015
80.199 63.477 -462.838 1.165
58.454 3.800 -487.325 1.187
34.728 32.953 -499.840 0.978
5.533 -65.294 -374.274 0.981
52.578 24.659 -497.072 1.043
-12.485 61.509 -450.121 1.262
-79.079 -63.565 -400.275 1.062
-52.594 62.969 -482.140 0.900
51.337 29.083 -462.813 0.991
-28.296 -51.598 -411.306 1.319
-27.233 -66.013 -492.572 0.909
-61.936 96.417 -455.263 0.964
-36.396 32.149 -456.924 1.121
-12.472 92.969 -435.837 1.029
-28.428 -71.382 -383.054 0.959
-92.231 5.021 -422.032 0.855
20.572 99.755 -436.663 1.077
76.401 13.824 -338.294 1.068
-72.690 14.699 -416.625 1.078
-97.853 -60.762 -339.638 1.170
80.233 -93.145 -396.199 1.080
-33.586 7.410 -433.402 0.892
64.284 -88.214 -363.688 1.080
-90.039 57.740 -448.270 0.909
97.785 38.641 -433.304 1.145
-96.106 -41.929 -330.522 0.912
-53.062 35.981 -346.091 1.000
-63.221 95.719 -448.260 0.890
19.192 63.068 -464.691 0.992
99.961 -54.161 -430.890 1.156
-98.469 29.760 -386.437 0.999
-67.749 90.640 -423.631 1.032
-37.581 -15.704 -321.975 0.974
21.467 6.715 -395.335 1.040
43.513 -99.883 -375.081 1.154
-46.926 -88.880 -397.128 0.840
-5.925 86.896 -405.873 0.963
82.293 46.572 -445.629 1.131
-80.237 -78.675 -365.142 0.919
-57.346 23.668 -366.666 0.931
23.197 -95.999 -314.279 0.811
20.919 -91.160 -321.608 0.874
25.919 -44.215 -342.329 1.202
32.124 -16.469 -458.998 1.076
63.126 -13.147 -409.061 1.001
0.729 -92.995 -331.357 1.072
49.825 -60.644 -428.256 0.891
99.591 24.860 -468.997 1.041
24.551 36.816 -345.301 0.869
64.864 -44.868 -488.952 0.908
13.714 92.020 -489.451 0.957
41.203 -81.916 -496.523 1.015
-75.009 72.036 -337.356 0.864
-45.298 -43.643 -492.490 0.987
-12.112 40.311 -450.109 1.031
69.082 -35.419 -388.439 1.021
17.852 76.693 -467.157 0.806
-42.934 -9.130 -415.883 1.127
86.751 -54.775 -415.093 1.055
22.443 -85.311 -455.470 1.035
29.605 35.717 -399.213 1.096
-7.500 22.464 -426.358 1.072
74.625 -23.069 -380.754 0.919
-17.453 -58.794 -314.757 0.917
-63.456 -87.643 -380.567 0.837
64.212 83.880 -310.053 0.971
-76.214 -50.151 -305.514 0.900
-78.448 -86.221 -382.980 1.005
-15.331 36.380 -370.198 1.163
28.441 61.167 -367.625 0.925
-38.359 62.136 -425.170 0.999
95.169 68.435 -329.848 1.069
-16.600 85.719 -370.349 0.912
-40.590 92.366 -388.574 1.054
71.056 -22.373 -446.864 1.115
-2.752 -77.065 -494.828 1.002
-53.590 8.139 -312.193 1.129
-89.011 77.111 -392.173 0.933
24.022 35.184 -374.256 0.967
-87.214 41.905 -377.490 0.992
16.538 -66.616 -367.629 0.933
7.900 31.422 -402.965 1.021
-37.542 56.317 -455.621 0.892
96.521 -47.567 -356.410 0.851
76.780 -50.407 -450.715 1.091
60.922 -52.108 -310.858 0.994
56.692 65.118 -353.006 0.981
-99.606 63.684 -398.877 1.033
46.937 -43.878 -415.018 0.997
-73.785 20.997 -458.857 0.914
-47.550 -76.179 -329.701 0.983
-51.328 33.026 -312.243 1.026
-60.749 -90.054 -350.982 0.944
74.985 16.894 -496.076 1.055
-12.029 -92.221 -440.669 0.946
47.349 91.835 -487.475 1.006
-81.664 -71.921 -451.352 1.175
96.076 89.204 -327.937 0.886
-32.841 89.082 -367.658 1.129
-77.803 -46.742 -484.763 1.126
-75.721 -11.715 -442.611 0.909
-57.921 22.826 -316.039 1.027
25.034 -67.570 -488.078 0.900
-52.592 -47.022 -408.553 0.976
-17.291 7.468 -331.574 1.132
-88.257 78.269 -449.599 1.092
59.051 -62.676 -449.010 0.887
-21.624 -8.265 -482.254 0.914
-77.040 58.309 -453.497 0.991
-90.816 -61.775 -480.543 1.017
3.715 39.421 -312.794 1.022
49.117 -18.219 -422.125 0.868
-75.806 -35.118 -444.331 1.051
-19.155 -86.954 -487.205 1.064
85.154 -78.019 -458.651 1.078
29.144 5.611 -392.058 1.088
94.954 -5.081 -418.505 0.890
59.185 -20.047 -370.713 1.026
-3.779 -42.234 -441.127 0.877
39.288 -85.642 -490.628 1.027
-63.090 -99.862 -419.227 1.178
14.642 -56.478 -443.804 1.019
86.215 -42.175 -328.783 1.001
0.323 -65.863 -471.299 1.210
-10.040 -3.541 -325.577 1.061
-45.733 -51.122 -409.840 1.022
90.715 3.422 -360.621 0.871
-94.617 76.249 -403.683 0.983
47.911 -30.841 -436.923 0.968
-55.696 89.036 -351.994 0.989
-51.773 98.208 -373.481 0.947
20.545 52.253 -366.958 0.965
-38.628 -52.715 -338.573 1.061
-57.883 84.663 -350.608 1.131
79.900 41.653 -394.445 0.965
-74.641 84.759 -490.366 1.079
-35.210 23.497 -339.283 1.199
-28.581 97.620 -430.152 1.153
-37.931 8.875 -461.699 0.983
-87.945 -1.179 -427.286 0.897
83.166 89.375 -358.455 0.921
-57.593 84.372 -325.814 0.946
86.796 -77.359 -399.919 0.989
-18.658 64.402 -428.017 1.120
-84.638 -3.951 -340.800 0.986
16.211 68.720 -479.095 1.093
99.162 66.422 -372.436 1.022
-84.638 -0.932 -371.005 1.060
-23.974 12.681 -469.948 1.025
-20.260 -71.161 -325.907 1.169
-88.108 -75.953 -306.813 0.885
-95.563 -35.461 -375.994 1.034
68.410 68.482 -478.866 0.937
42.780 97.741 -362.908 0.904
68.613 -41.940 -354.200 1.036
-60.548 20.544 -314.870 0.959
-33.952 91.284 -390.448 0.929
-14.828 -91.651 -491.969 1.135
-96.838 43.813 -386.283 1.216
-67.261 11.558 -403.928 1.067
-25.937 -68.652 -306.966 1.110
-53.535 -55.364 -478.289 0.831
41.674 -20.359 -486.596 1.073
-19.846 -96.215 -465.205 0.867
-60.675 -2.417 -403.569 0.946
59.906 -6.202 -332.434 1.070
-55.520 65.205 -441.509 0.970
45.731 73.986 -301.643 1.027
21.039 31.021 -372.508 1.188
-27.902 -22.076 -371.019 0.917
-72.889 19.255 -328.613 1.151
3.383 -18.032 -372.357 0.960
81.819 88.502 -470.283 0.888
89.189 -31.647 -333.898 0.969
55.552 -41.589 -357.227 0.960
-31.996 2.692 -310.268 1.090
-41.979 -85.586 -318.788 1.039
-58.368 -7.392 -432.661 1.075
-80.290 -67.490 -309.338 0.974
-92.821 -47.487 -308.731 0.916
-70.920 38.707 -346.019 0.859
89.819 8.650 -401.676 0.965
89.892 38.140 -496.100 1.007
18.911 -82.380 -393.526 0.920
-14.825 39.809 -496.494 0.987
-71.044 23.014 -437.005 1.131
-22.450 -67.995 -416.985 0.994
-3.960 -33.224 -303.160 1.020
-70.251 21.645 -348.525 1.071
-87.690 -89.102 -355.650 0.953
49.207 -75.715 -325.493 1.082
21.446 9.950 -413.108 1.046
-25.698 72.593 -315.195 0.991
92.460 31.592 -317.488 0.962
76.959 24.826 -387.605 0.992
-41.527 16.191 -329.823 0.958
43.047 46.921 -407.245 0.959
6.192 3.793 -380.007 0.929
61.421 -10.347 -318.340 0.990
89.010 -6.510 -483.230 0.953
45.728 2.775 -440.983 0.981
52.130 -80.221 -313.437 1.017
-30.196 -26.934 -366.405 0.940
-41.342 -13.688 -370.810 1.035
43.179 33.040 -436.122 1.197
98.962 -62.335 -339.999 1.045
37.162 15.508 -339.819 1.000
-19.980 -20.729 -300.752 1.108
-86.722 62.488 -354.649 0.985
-49.969 -70.750 -394.255 0.916
44.710 -9.470 -446.040 0.928
14.430 -52.757 -324.920 1.010
-58.246 88.696 -492.315 0.991
7.173 78.616 -350.877 0.898
-41.964 -44.925 -477.457 1.000
46.547 76.615 -402.297 0.975
-16.623 -78.570 -487.618 1.016
-41.720 -42.319 -369.642 1.015
-25.016 1.503 -385.627 0.920
32.730 97.156 -411.223 0.871
-75.253 82.336 -472.061 0.973
80.073 -65.436 -329.472 1.015
15.354 -36.107 -470.347 1.003
16.749 -69.949 -498.897 0.845
-99.899 10.793 -305.308 1.033
63.667 85.443 -491.085 1.079
37.544 -72.485 -376.731 0.954
59.019 24.293 -383.333 1.077
38.271 89.920 -342.271 0.850
-83.931 78.799 -491.758 1.009
-45.150 -60.448 -420.932 1.210
-98.239 38.022 -397.304 0.865
40.563 83.339 -408.043 1.010
-31.675 85.376 -317.580 1.046
36.846 -61.735 -321.216 1.063
-30.462 -65.948 -444.716 1.205
34.758 90.721 -308.698 0.962
33.569 -41.107 -451.108 1.072
80.102 -73.371 -459.740 1.118
-64.238 -94.503 -404.642 0.980
0.946 80.758 -497.643 1.089
20.794 -2.076 -337.346 1.010
70.717 66.713 -442.068 0.993
-98.785 -0.154 -485.484 1.163
-85.292 90.344 -490.453 0.948
27.347 -32.976 -335.668 1.033
-34.992 -88.906 -399.746 1.103
23.438 -1.296 -463.070 1.006
-89.868 -7.227 -315.132 1.112
23.521 13.724 -472.989 0.830
77.708 -23.968 -394.160 0.944
-75.928 72.622 -318.887 0.892
75.608 -81.050 -353.346 0.894
44.842 -91.042 -374.337 1.131
17.972 84.085 -340.987 0.957
-70.105 -27.861 -408.162 1.086
-69.737 -98.207 -355.711 1.203
-61.427 87.658 -363.614 0.994
65.794 -14.533 -378.677 0.934
-77.336 64.036 -485.735 0.886
-72.204 76.218 -339.112 1.015
-6.602 -9.330 -389.205 1.169
25.553 95.645 -315.965 1.064
-40.036 -87.501 -441.488 0.940
-17.155 -25.236 -395.474 1.035
-77.538 -75.425 -394.020 0.918
35.075 62.775 -372.618 1.109
-20.079 18.035 -449.463 1.002
25.816 27.994 -412.728 1.022
-30.884 -60.917 -318.724 0.797
18.534 -88.396 -404.833 0.846
-74.465 -23.644 -411.123 1.080
-78.176 3.029 -415.319 0.950
-24.666 68.729 -395.421 1.108
38.006 12.347 -458.929 1.041
49.840 -74.191 -454.868 1.137
96.638 -73.256 -471.756 1.091
63.483 37.819 -343.019 1.152
-9.313 -20.566 -435.830 1.104
-85.459 -37.711 -406.392 1.126
-36.822 28.968 -306.529 0.956
-9.431 -17.401 -347.440 1.168
-51.401 -83.873 -434.890 0.931
-91.583 32.299 -404.143 1.104
-70.538 78.555 -388.610 1.182
57.782 -96.470 -482.188 0.986
85.310 -49.734 -403.830 1.090
-22.669 -1.008 -443.683 1.052
47.020 -78.674 -346.642 0.940
36.255 55.070 -359.006 0.914
26.994 -36.787 -395.869 0.855
34.131 46.300 -305.435 1.085
57.946 -37.913 -313.280 0.929
-85.524 -98.879 -324.834 0.956
-13.754 -47.591 -359.381 1.067
-90.711 39.700 -370.527 1.064
23.104 68.009 -438.777 1.091
13.104 -57.565 -400.726 0.901
72.249 17.421 -378.949 1.122
-93.464 64.377 -441.547 0.999
-7.014 -87.879 -430.008 0.915
-44.494 1.439 -377.140 1.008
70.801 -6.906 -334.624 0.853
-84.302 56.646 -480.696 1.025
-62.644 -54.033 -461.765 0.943
-21.206 99.516 -446.491 0.823
93.520 76.948 -369.287 0.893
75.653 55.881 -498.257 0.982
-69.713 -89.227 -346.853 0.910
72.912 32.985 -300.384 0.874
97.315 -68.847 -475.462 0.990
-19.557 95.480 -313.644 1.198
1.234 12.815 -313.508 1.189
-21.714 34.162 -480.798 1.055
-25.767 89.247 -306.803 1.056
-91.048 16.789 -372.305 0.861
33.737 -65.766 -376.980 0.943
54.244 47.589 -471.099 0.776
94.950 -82.658 -408.745 1.063
-52.520 48.051 -369.296 1.081
7.210 -63.120 -472.275 0.993
-96.661 -25.672 -358.628 1.099
40.118 -28.872 -384.840 0.711
72.406 80.075 -317.380 0.978
-26.664 5.469 -471.893 1.028
-58.305 -48.974 -489.405 0.869
-85.077 2.922 -429.716 1.037
81.463 -14.455 -446.684 0.987
99.538 -27.052 -382.951 1.157
81.526 -88.588 -468.173 0.880
-71.836 4.125 -462.514 1.133
-53.975 58.451 -309.540 1.066
-44.677 30.352 -447.729 0.946
-63.291 97.809 -309.322 0.962
-88.289 75.441 -483.813 1.041
-13.962 91.375 -358.647 0.974
-34.743 56.732 -355.355 1.013
34.968 -60.986 -350.955 1.074
-48.638 -38.098 -405.564 1.201
30.591 -33.711 -408.005 1.031
-52.154 11.231 -394.998 0.995
0.276 31.459 -424.475 1.245
-79.636 62.093 -407.388 1.063
83.070 65.882 -496.782 0.905
-42.927 13.112 -423.520 1.051
98.916 -6.556 -354.629 1.116
-94.234 -23.632 -301.250 1.002
65.518 -16.511 -491.793 1.005
-89.202 -6.743 -328.624 0.908
-31.519 15.443 -304.994 1.092
28.565 12.351 -486.860 0.930
-98.460 -4.090 -369.257 1.015
81.575 27.963 -466.573 0.994
-31.281 30.582 -300.812 0.914
-95.622 -87.635 -363.259 1.111
-29.320 60.697 -357.371 0.836
38.812 21.957 -440.934 1.039
65.967 -46.281 -426.224 0.923
-6.744 -75.487 -308.126 1.051
74.590 76.906 -379.781 0.927
-20.099 -64.934 -404.735 0.958
71.698 46.268 -318.139 1.017
16.151 -54.081 -305.212 0.955
62.864 -23.931 -415.363 0.929
-70.305 20.641 -421.095 0.751
25.514 87.808 -423.812 1.147
-21.091 -61.963 -429.106 0.932
-68.370 -37.753 -470.962 1.020
-8.903 -96.326 -442.257 0.999
-8.643 6.773 -346.896 0.879
36.520 -71.888 -421.579 1.063
-35.749 71.323 -338.339 0.958
-41.108 98.543 -341.950 0.977
-45.432 -15.756 -375.024 0.818
80.711 89.843 -305.854 1.156
99.617 62.576 -369.765 1.117
-44.270 57.891 -451.375 0.972
-34.960 -63.373 -305.697 0.942
-82.764 -42.527 -311.509 1.014
-28.349 -25.648 -419.633 0.952
98.787 -47.172 -406.615 0.881
95.352 1.026 -351.965 0.928
-0.944 83.198 -499.556 0.962
-9.984 31.826 -376.644 1.129
17.974 16.820 -349.395 1.135
-46.510 -78.173 -343.433 1.156
15.746 -1.519 -424.938 1.023
94.826 -43.040 -433.205 1.115
-84.026 -18.868 -404.413 1.138
-11.437 -15.814 -363.854 1.057
-74.583 27.261 -303.140 0.910
-23.428 42.933 -318.544 1.015
64.140 -25.815 -336.958 0.943
64.432 -17.240 -430.151 1.172
-57.213 -43.074 -494.250 1.003
-28.308 37.272 -358.438 0.968
-94.563 64.728 -421.571 0.941
45.556 2.738 -367.536 1.078
44.074 70.350 -475.479 1.326
56.599 20.586 -348.237 1.020
-39.014 91.090 -447.720 1.019
-16.462 41.622 -416.249 1.021
-69.798 79.908 -339.222 0.932
1.687 -88.156 -321.115 1.082
-33.437 -7.486 -344.537 0.947
0.767 98.569 -336.632 0.916
-53.068 -99.864 -349.321 1.207
-7.800 -90.356 -485.253 1.047
-44.603 -45.643 -300.601 0.866
19.362 31.531 -485.003 0.886
-17.121 22.334 -433.740 0.944
86.441 96.296 -467.576 0.925
-95.059 -53.662 -486.785 1.020
-60.038 84.917 -313.960 0.926
-57.439 -69.384 -377.161 1.054
-10.091 -57.415 -488.597 0.961
-60.359 -30.505 -317.251 1.120
-44.009 -93.584 -316.904 0.938
12.325 -44.570 -308.050 1.042
-19.849 66.172 -448.505 1.074
13.463 83.147 -374.820 1.161
38.443 -7.594 -495.685 1.108
9.702 -14.554 -329.077 0.974
61.664 76.889 -356.085 0.900
48.161 -7.380 -498.278 1.049
-78.359 -76.597 -460.371 1.173
15.181 95.127 -469.488 0.906
-31.926 57.603 -420.293 0.933
-55.643 85.505 -399.025 1.053
-49.868 61.251 -446.467 0.936
99.811 7.150 -471.553 0.729
-81.152 -28.526 -467.302 0.820
0.347 -24.839 -452.273 1.040
27.021 -73.866 -399.710 1.105
-69.996 -93.312 -348.502 0.987
4.354 0.061 -325.473 0.942
16.009 16.750 -375.049 1.027
77.393 44.674 -302.678 1.003
5.733 -63.638 -455.712 1.072
-62.901 -58.847 -458.247 0.833
-89.996 60.122 -471.744 0.903
-67.019 -81.091 -398.757 0.890
29.722 46.112 -368.623 0.823
-1.987 -24.948 -464.527 0.892
-35.412 -17.235 -348.337 0.956
-9.167 -94.036 -312.126 0.999
-44.746 64.155 -487.268 0.956
12.301 97.651 -301.657 0.750
-24.505 -25.402 -449.069 1.050
-36.311 -82.910 -342.491 1.002
74.145 -56.942 -443.332 1.103
22.359 -52.700 -371.825 0.810
15.362 -6.403 -326.242 1.038
-34.806 -98.239 -441.628 1.058
87.411 71.050 -337.613 0.975
38.779 14.018 -465.291 1.013
58.284 29.257 -355.554 0.911
-49.076 -0.751 -403.476 0.873
-11.322 18.957 -425.116 1.014
-22.739 -99.397 -336.584 1.028
-50.264 -37.387 -330.755 1.043
67.386 -75.913 -386.916 1.083
-44.549 33.917 -316.684 0.957
-2.014 13.350 -424.839 1.125
35.280 76.944 -436.680 0.860
76.385 -1.951 -473.530 0.945
50.370 13.981 -488.570 0.852
59.221 59.489 -420.618 0.992
33.190 75.043 -432.427 0.943
77.127 76.422 -431.475 0.929
-34.679 62.583 -388.347 1.081
-22.559 -54.140 -454.370 0.884
85.085 -11.201 -363.689 0.921
69.342 -94.920 -428.311 0.946
53.162 -12.826 -373.592 0.944
19.314 24.750 -361.769 1.089
-63.993 82.127 -447.269 0.930
13.310 56.194 -457.876 1.016
59.392 -42.094 -461.480 0.969
-23.933 -15.176 -415.963 1.004
-63.515 25.594 -380.217 0.977
76.537 -20.798 -438.373 1.112
-25.883 52.786 -408.868 1.160
99.896 37.055 -392.499 1.001
-62.822 -37.938 -358.500 0.983
10.350 76.757 -421.192 1.113
38.944 -27.292 -300.751 1.041
-42.575 60.155 -406.547 1.066
-42.874 1.052 -310.092 0.854
54.458 33.266 -406.310 0.968
-74.165 -34.462 -351.089 0.825
5.627 -27.170 -306.838 1.024
54.065 50.660 -395.513 0.965
90.810 -13.793 -346.428 0.779
-65.242 -30.503 -436.356 1.099
-98.925 66.691 -360.039 0.870
13.888 57.128 -454.054 0.813
86.602 -72.849 -486.058 1.173
30.422 20.400 -370.607 1.010
44.329 80.081 -415.292 0.984
-94.393 -68.499 -358.061 0.944
-32.436 -93.532 -480.548 1.151
-52.025 -46.565 -393.302 0.881
-16.534 29.545 -346.733 0.872
16.336 59.323 -302.929 0.862
-2.864 16.135 -365.641 1.012
84.871 -37.708 -404.679 1.215
7.320 -26.075 -477.971 1.103
-66.019 -93.777 -484.593 1.077
23.238 13.146 -367.605 0.974
18.723 14.685 -396.408 0.977
85.429 28.196 -440.940 1.138
21.327 80.382 -358.169 1.101
-10.553 -6.996 -379.254 1.143
2.960 17.232 -433.634 0.851
59.660 30.738 -334.859 1.008
83.847 55.042 -497.306 1.014
72.088 46.563 -378.314 1.009
77.206 -23.323 -488.081 0.919
-81.598 4.917 -427.383 0.847
86.839 -3.483 -437.605 0.955
-46.422 73.672 -481.696 1.096
90.409 15.925 -382.343 1.048
-56.227 -16.252 -316.475 1.091
-27.291 -48.304 -412.554 1.028
48.193 -96.879 -350.720 1.020
-19.725 38.738 -316.869 0.942
37.756 -96.148 -421.685 0.940
-79.727 65.138 -418.497 1.007
-49.037 20.138 -386.035 1.028
-94.353 62.672 -382.870 0.935
12.730 59.243 -471.370 0.984
73.346 70.180 -426.377 1.053
57.197 89.189 -316.438 1.004
4.567 -44.280 -488.415 0.967
-55.848 -60.902 -334.806 0.943
-38.660 46.022 -357.877 0.820
13.823 9.322 -459.551 1.093
78.252 91.113 -401.235 1.114
-92.063 33.449 -442.907 0.975
-49.094 29.517 -406.352 0.999
49.588 -57.246 -396.280 0.990
-95.259 83.826 -370.791 0.956
-10.738 57.872 -455.209 1.018
-67.219 -31.164 -447.571 1.127
-81.264 -27.015 -462.603 1.068
32.217 43.445 -310.750 1.136
-90.606 11.432 -323.928 1.119
-51.422 24.232 -353.867 1.146
80.428 37.054 -494.086 1.073
22.595 14.938 -483.676 1.022
-64.777 -37.209 -327.711 0.881
-33.860 -81.567 -476.130 0.881
87.820 63.538 -400.009 0.947
-66.388 25.446 -346.765 1.074
70.148 65.902 -438.909 1.090
-79.625 52.177 -414.978 1.143
70.589 42.368 -414.895 0.906
72.862 -97.361 -427.538 1.005
63.389 63.148 -333.131 0.935
9.637 38.744 -477.754 0.918
-43.391 -35.785 -468.462 0.991
43.289 -40.941 -404.763 0.952
14.439 -26.095 -344.113 1.109
37.552 -33.861 -431.828 1.026
-21.112 -11.127 -346.862 1.009
80.631 70.020 -420.851 1.150
57.522 81.623 -430.510 0.969
13.142 32.763 -435.115 0.997
21.364 22.817 -415.764 1.075
-16.053 76.776 -357.906 1.066
53.965 27.095 -420.465 0.888
92.630 -63.110 -383.767 0.971
-35.053 38.332 -389.167 1.077
-25.067 17.198 -317.072 1.018
-68.082 84.640 -317.781 0.934
-36.255 41.832 -366.129 0.962
-51.037 -48.494 -394.011 1.082
-84.651 -85.551 -439.135 1.030
-16.778 -49.429 -451.992 1.046
-39.365 -25.550 -436.018 0.980
-89.645 -10.946 -331.241 0.980
-93.602 -70.675 -417.241 1.016
55.483 -11.420 -352.806 0.993
70.048 -69.151 -354.838 1.009
-47.351 -59.193 -394.611 0.938
96.380 48.612 -406.095 1.025
-2.076 -47.684 -352.191 1.006
17.949 10.325 -472.258 0.958
-9.438 55.047 -364.056 0.981
-54.853 -78.469 -495.176 0.906
-32.880 -5.571 -437.749 0.982
-74.936 -62.998 -496.333 1.069
41.982 73.382 -446.781 0.832
36.402 -60.591 -314.901 0.885
-9.234 21.593 -392.096 1.090
-33.233 -14.832 -417.576 0.850
10.873 -70.763 -473.232 1.053
61.299 61.215 -450.428 1.053
-94.325 -0.855 -319.028 1.074
30.869 -38.729 -448.897 0.991
-0.959 68.057 -340.545 1.079
72.558 40.652 -316.422 0.894
-13.048 41.215 -319.595 1.000
-84.874 -14.622 -406.494 1.063
-32.005 -97.298 -357.124 1.091
63.490 -43.309 -436.653 1.108
32.346 -6.029 -398.515 0.914
-28.026 74.221 -471.124 0.938
-63.724 -16.001 -411.402 1.080
10.004 -14.175 -487.302 0.999
-44.222 -38.035 -337.989 1.069
47.892 1.811 -408.833 1.028
37.011 -54.883 -364.407 1.045
71.124 -74.297 -317.951 0.989
-97.412 91.752 -442.065 0.994
-56.764 77.335 -457.772 1.018
-72.177 -46.054 -459.248 1.020
60.536 54.478 -312.944 1.024
-43.703 43.647 -359.565 0.972
54.295 63.346 -366.961 0.913
37.498 -45.256 -321.335 0.868
-7.690 34.977 -379.981 1.056
78.922 9.094 -477.986 1.157
25.745 -32.407 -469.165 1.003
93.557 51.012 -427.145 1.071
88.317 -51.915 -479.549 1.047
57.555 -92.171 -362.840 1.013
-7.302 54.613 -409.310 0.923
-9.855 -71.315 -394.404 1.042
-55.446 48.445 -317.273 0.929
64.620 15.981 -375.499 0.941
37.667 66.906 -412.094 0.972
39.563 -82.275 -346.586 0.931
-32.427 -14.338 -357.559 1.235
-12.376 87.624 -372.113 0.977
21.574 78.002 -430.940 0.980
-77.099 13.459 -422.691 0.956
69.456 -74.550 -442.803 1.086
98.266 67.370 -334.758 1.075
-48.275 27.154 -479.944 0.924
64.662 34.495 -398.455 1.006
45.023 62.883 -311.686 0.982
-93.689 -23.410 -463.242 0.987
66.056 66.712 -438.796 0.808
-54.555 32.954 -378.152 1.041
-38.921 30.722 -343.299 0.904
-17.019 -70.953 -324.615 0.931
-76.632 -87.077 -491.147 1.085
-90.468 18.616 -394.268 0.983
47.135 95.514 -344.411 0.826
43.712 49.381 -302.666 0.938
53.395 -72.488 -445.546 1.021
-46.452 -8.196 -434.073 0.883
-45.513 13.658 -470.243 0.985
-82.340 33.935 -396.943 0.875
-99.100 77.212 -430.668 0.978
53.653 -35.300 -495.309 1.015
43.857 -78.752 -465.334 0.944
-25.522 -33.983 -392.661 1.057
-80.972 27.858 -495.809 1.015
92.093 -66.681 -390.789 0.890
-53.917 -0.975 -312.638 1.073
98.460 -92.439 -372.826 0.960
-29.554 -84.979 -377.224 1.099
64.686 76.037 -333.352 1.137
14.638 -42.064 -454.830 1.080
38.948 -40.982 -433.403 1.014
-60.989 -18.471 -418.534 1.154
-30.048 -51.798 -460.580 0.870
98.440 -14.061 -414.565 0.950
-5.769 92.833 -305.775 0.928
95.895 32.888 -351.235 0.913
28.806 60.424 -444.582 1.068
53.371 -24.117 -482.561 0.939
-56.300 -53.619 -363.924 1.001
2.365 -52.000 -490.946 0.931
2.835 99.990 -317.297 1.063
74.478 80.519 -333.712 0.955
70.668 -62.243 -312.093 1.016
-83.805 57.440 -438.531 0.979
-6.178 71.722 -434.181 1.080
-79.721 -48.946 -376.283 1.044
94.924 43.362 -407.359 0.792
-80.039 -45.846 -396.423 1.035
87.615 -30.799 -308.948 0.948
72.310 -90.999 -331.376 0.984
25.822 80.568 -454.292 1.247
-42.910 -11.734 -406.499 0.987
82.133 41.606 -301.957 0.932
-2.307 -19.240 -433.417 1.150
-22.830 63.424 -404.660 0.933
17.866 13.567 -324.445 0.841
80.261 -43.308 -321.333 0.929
41.139 49.052 -395.332 1.029
-92.157 98.453 -341.454 1.092
-65.223 -37.354 -486.057 1.167
-10.176 -21.350 -487.785 0.991
-71.756 -61.875 -385.944 1.068
-62.011 -25.718 -461.332 0.824
11.629 -80.714 -459.581 0.997
-6.182 -20.024 -465.799 0.972
77.850 -28.749 -443.385 0.968
-8.472 -27.005 -373.691 1.088
-76.982 -58.113 -411.647 1.179
-28.124 42.896 -382.750 1.061
-9.368 98.798 -444.186 1.026
-93.163 65.037 -417.073 1.103
-14.424 78.705 -470.464 1.034
26.408 -32.757 -496.521 0.841
88.027 90.718 -300.905 1.017
-66.692 8.103 -389.167 0.954
-31.758 -24.337 -401.782 0.925
-43.058 -37.366 -336.959 1.169
-92.991 96.910 -317.396 1.007
29.767 -56.225 -367.617 0.993
36.740 -79.822 -458.291 0.894
66.020 -41.448 -394.783 0.850
21.766 6.566 -347.003 0.935
-37.316 -12.995 -487.535 1.163
-64.367 95.530 -458.826 1.324
75.782 82.634 -393.482 0.849
35.112 62.597 -467.696 1.139
56.738 -57.430 -461.069 1.021
-97.795 -15.357 -413.792 0.862
11.977 74.159 -481.569 1.063
-20.118 86.118 -308.290 0.929
30.919 13.415 -413.201 0.940
-55.447 -97.846 -416.263 0.894
57.037 76.733 -371.186 0.887
-86.940 -31.096 -395.094 1.118
48.232 -79.489 -492.429 1.049
-3.038 -47.802 -449.880 0.944
-22.095 -47.561 -416.711 0.916
56.276 17.258 -427.437 0.943
-73.995 -92.269 -350.541 0.982
-96.808 -78.808 -347.948 0.827
85.304 -92.609 -458.652 1.091
82.836 -92.257 -396.666 1.159
34.266 -99.030 -423.089 1.167
-17.762 2.205 -469.688 1.080
-66.096 -94.610 -313.081 0.855
71.223 58.212 -471.283 1.028
4.081 -35.162 -386.715 1.083
-66.205 -44.061 -348.874 0.956
48.404 -55.105 -315.219 1.041
77.085 59.399 -382.911 1.038
-58.187 87.186 -435.619 0.873
36.843 -44.583 -300.650 1.207
-32.013 8.944 -347.123 0.891
-48.551 -45.838 -329.820 0.815
-29.872 23.424 -443.767 1.002
8.166 -80.193 -402.340 0.920
-75.051 56.080 -477.762 1.036
65.526 -30.101 -476.179 1.105
-73.008 -40.097 -464.965 0.948
-12.732 19.233 -475.678 1.023
-6.637 69.716 -302.946 0.937
-1.056 70.641 -359.458 0.917
-57.759 -51.086 -358.159 0.839
-56.195 -64.830 -342.129 0.785
-18.230 43.231 -393.708 1.084
51.741 -10.683 -303.785 0.953
-38.092 -3.234 -498.266 0.876
-32.024 8.185 -434.141 1.013
-97.374 -69.632 -390.320 0.854
-29.300 77.077 -320.993 0.887
-65.173 -56.042 -432.531 1.041
-78.032 71.702 -413.123 1.309
90.051 3.222 -327.609 1.086
-91.038 98.636 -443.883 0.971
20.045 14.579 -485.133 0.766
43.285 73.820 -488.130 0.955
-94.508 -66.774 -441.526 0.923
-12.412 59.688 -335.157 0.916
-41.014 75.834 -405.264 0.906
24.381 13.909 -303.257 1.027
17.070 -2.144 -433.308 0.769
46.142 89.451 -301.592 1.065
39.281 -44.997 -480.250 0.974
66.698 -28.957 -329.104 0.950
73.387 -28.039 -477.848 0.796
-16.033 -19.469 -413.628 1.092
-65.068 -89.725 -417.931 1.048
-88.475 -53.350 -484.883 0.984
79.694 54.351 -449.129 1.063
46.216 -86.548 -394.617 0.958
-97.398 -76.466 -489.136 1.007
59.035 -84.430 -446.665 0.893
52.030 -45.678 -398.087 1.005
-47.803 57.115 -350.970 0.985
62.347 -47.172 -461.435 0.996
23.970 -84.497 -324.843 0.897
-76.674 3.483 -404.903 1.121
-37.779 -34.905 -385.188 1.197
81.737 -54.010 -315.970 0.995
14.636 28.942 -366.528 1.024
-70.658 91.835 -429.088 1.008
-4.282 -40.477 -421.525 1.063
94.546 84.557 -451.141 0.884
29.971 -3.242 -451.565 0.883
41.951 -63.844 -303.742 1.061
58.274 -80.676 -302.235 0.935
39.858 87.057 -396.046 1.039
-28.742 92.986 -492.432 0.843
55.840 2.090 -486.845 0.815
-83.624 -61.045 -475.143 0.973
46.137 27.874 -400.898 1.002
48.806 52.423 -406.979 1.233
65.585 79.966 -361.095 1.170
-76.048 -39.690 -372.529 1.089
-95.888 27.797 -318.233 0.946
37.107 -98.478 -432.239 1.022
52.603 13.592 -454.115 0.836
-15.156 88.245 -315.479 1.018
30.042 94.228 -358.716 0.911
71.980 80.588 -490.836 0.977
-75.303 -0.456 -491.419 0.928
-19.002 40.822 -416.475 1.096
-86.782 65.880 -329.734 0.916
19.048 82.227 -368.718 1.084
-33.467 75.300 -318.904 1.018
51.627 -56.077 -485.314 1.239
-0.911 -76.129 -491.796 0.970
-15.186 -54.021 -330.075 1.046
-35.442 -85.503 -456.457 1.135
62.076 -55.011 -407.848 0.862
-29.187 36.881 -324.076 0.916
90.359 77.938 -340.767 0.975
51.625 -90.954 -389.861 0.871
87.909 98.539 -460.841 1.052
65.578 -59.121 -466.028 1.184
12.489 74.789 -366.437 1.112
73.772 -95.035 -490.202 1.131
-8.986 15.159 -482.726 0.872
80.298 -70.072 -320.158 1.015
-19.082 -10.232 -351.933 1.204
-70.250 32.600 -314.463 0.884
75.746 17.832 -446.876 0.973
-69.694 99.516 -430.543 1.157
69.431 -87.332 -421.063 1.094
-27.722 -82.024 -449.812 0.969
1.929 24.693 -423.297 0.903
-78.572 -48.727 -369.078 0.981
2.376 79.767 -394.404 1.135
-79.620 8.210 -326.217 0.995
-18.648 51.996 -450.524 0.940
71.507 7.445 -436.011 0.963
-39.370 92.775 -307.354 1.038
-76.628 44.522 -331.098 1.050
-75.003 1.744 -436.165 1.036
19.789 39.249 -336.766 1.021
14.886 -67.469 -373.639 0.866
28.741 -92.004 -414.694 0.943
-10.097 -5.683 -434.077 1.083
-81.289 84.572 -434.835 1.078
91.042 -40.055 -393.781 0.877
-89.759 -59.240 -349.587 0.955
26.225 21.938 -387.465 0.863
-54.241 58.433 -336.082 1.039
-74.449 52.513 -402.179 0.853
-11.415 27.152 -328.824 1.118
-29.773 -48.393 -324.081 1.069
-4.507 88.504 -348.454 1.040
56.412 69.386 -493.605 0.846
-55.954 -14.310 -393.505 0.945
79.664 56.705 -393.918 0.884
-77.307 81.469 -344.926 0.937
-98.076 -7.821 -416.973 1.086
-58.404 37.653 -404.323 1.075
32.288 75.459 -333.855 1.019
95.507 -57.639 -496.312 0.979
64.726 70.724 -310.846 0.874
13.689 -84.942 -365.464 0.968
0.532 -23.697 -364.488 1.104
86.006 -10.148 -357.626 1.009
-44.728 -87.763 -451.774 1.144
87.378 -8.669 -302.946 0.856
-25.005 -97.728 -338.664 1.094
5.864 -64.044 -357.510 1.080
22.485 -32.931 -313.259 1.109
90.115 67.718 -415.228 1.101
72.391 -36.371 -478.528 0.973
3.979 -78.830 -371.658 1.105
-59.996 69.213 -348.041 1.155
-7.586 -65.033 -430.129 1.118
-57.507 -23.719 -498.872 0.887
-30.234 30.665 -342.578 1.038
33.490 73.957 -403.306 0.895
12.754 -93.247 -353.991 0.909
38.511 -57.761 -319.992 1.135
-93.839 -65.925 -343.897 0.963
-91.912 70.385 -411.932 0.900
-82.841 -91.477 -433.240 1.167
71.046 93.308 -342.819 1.078
37.480 -26.792 -355.571 1.140
-26.881 -72.815 -383.708 0.836
-22.226 -60.456 -473.675 1.038
-97.403 -56.909 -390.214 1.034
46.204 18.770 -338.995 0.805
11.334 -69.545 -435.923 1.051
-67.707 -23.248 -397.677 0.958
31.299 66.821 -423.801 0.785
-52.977 85.973 -481.881 1.087
-73.158 32.760 -377.288 1.001
-19.076 -23.448 -435.061 1.151
43.502 57.883 -370.816 1.003
-31.413 -29.427 -406.395 1.026
-93.911 -74.543 -349.740 1.152
-6.238 44.538 -495.928 0.910
-70.882 38.177 -361.441 1.155
-71.062 33.504 -391.493 1.017
-3.479 -64.099 -390.614 1.103
-58.576 -4.356 -348.050 1.091
-3.101 -22.280 -386.796 1.020
-54.735 56.253 -362.667 1.127
22.466 58.004 -439.116 0.850
9.817 32.033 -420.869 1.073
-47.415 -33.046 -424.076 1.042
5.734 -52.530 -435.360 0.949
-91.013 -47.596 -490.558 0.815
96.854 -91.301 -322.953 0.922
-45.442 -81.982 -385.619 0.941
-41.233 48.208 -450.763 1.133
-66.170 7.894 -313.860 1.018
15.056 9.295 -370.934 0.974
1.805 88.521 -356.113 1.219
-93.100 77.387 -401.877 0.928
71.116 22.844 -337.034 1.091
74.249 -46.796 -346.303 1.099
11.065 60.762 -432.506 1.033
88.164 -63.161 -475.165 0.897
39.927 -52.494 -323.588 0.796
63.057 -84.600 -420.626 0.983
-9.947 -8.463 -392.786 0.918
5.173 77.995 -489.937 1.094
-77.246 -9.917 -323.830 0.923
-58.361 -55.863 -468.739 0.898
-90.207 -24.018 -347.479 0.975
42.292 -65.824 -445.898 1.171
-77.231 -50.088 -495.507 0.917
-7.525 -55.628 -496.502 0.981
-26.216 -73.323 -354.643 0.988
-34.511 -89.138 -491.090 1.001
-12.799 0.234 -456.682 0.906
50.929 4.647 -420.230 0.978
-47.209 -81.146 -345.622 0.913
-66.616 -19.747 -410.522 1.100
6.132 -96.825 -436.614 0.765
-4.808 -81.972 -392.586 0.907
-0.191 -16.613 -373.873 1.205
66.427 3.936 -362.919 1.040
-0.538 -30.731 -443.012 0.955
-85.822 19.291 -325.378 0.997
33.966 -24.901 -329.685 1.130
11.962 -92.762 -311.236 0.938
96.764 -53.160 -397.308 1.041
45.316 22.486 -350.143 1.097
-70.910 73.889 -442.251 0.986
-34.138 -49.831 -343.628 1.215
3.923 -67.900 -413.175 1.001
-63.664 -44.962 -304.130 0.757
16.778 91.209 -393.695 1.037
78.819 87.139 -417.303 0.899
9.660 56.552 -342.064 0.996
-46.121 38.278 -332.915 1.025
20.054 41.783 -484.214 1.205
-90.713 -25.544 -417.063 1.102
-56.187 22.386 -364.092 0.911
67.454 27.959 -406.561 1.097
31.942 96.378 -394.424 0.944
59.779 -22.122 -313.940 1.002
-93.920 87.175 -349.010 0.989
-93.261 -34.085 -348.777 1.052
46.074 -30.940 -463.637 0.891
-11.191 -22.181 -337.988 0.985
15.747 -17.365 -424.144 0.865
-13.157 -91.387 -487.843 1.080
22.295 -74.212 -463.905 0.985
-17.179 40.952 -499.849 1.046
-48.266 -43.268 -499.467 1.117
3.924 -57.962 -470.828 0.894
34.252 65.166 -341.840 0.912
85.369 -25.487 -495.302 1.121
-99.997 -36.767 -406.680 1.032
-83.735 84.750 -474.044 1.088
30.743 99.463 -479.287 0.812
61.958 81.945 -450.857 1.212
-99.481 -80.597 -414.751 1.042
-58.750 24.861 -343.731 1.274
-89.831 69.900 -461.319 0.948
88.731 7.875 -308.387 0.871
12.459 -5.348 -399.719 0.994
9.315 -17.072 -436.355 1.050
-97.514 22.462 -467.727 0.977
-83.752 58.781 -365.965 1.135
31.337 -18.010 -310.276 1.078
