971 495
280 677
178 495
839 229
746 300
1036 869
1069 798
573 842
816 107
740 176
784 293
472 610
441 128
862 598
556 593
696 662
350 493
890 906
940 753
972 222
1000 915
481 298
863 946
778 714
330 217
336 831
561 485
552 346
621 70
908 800
261 705
966 297
802 893
251 498
895 747
946 931
665 514
847 219
739 208
493 332
264 543
624 1014
387 85
361 121
1075 867
627 402
909 327
746 358
289 88
812 952
460 385
880 389
952 331
274 247
947 767
484 323
1059 6
824 82
574 218
1090 804
833 800
585 652
1038 316
861 812
358 829
213 321
596 311
442 320
708 605
367 357
591 423
693 759
769 215
861 291
431 47
202 580
903 532
246 817
699 804
626 191
426 297
768 722
1062 735
735 619
195 124
754 794
529 628
680 624
833 526
415 424
625 603
560 594
898 333
717 385
868 237
1056 685
433 463
1038 176
477 569
266 496
509 274
790 703
343 627
238 194
1052 820
746 95
818 325
1060 704
546 296
363 414
591 986
998 155
457 427
328 677
406 107
281 161
344 367
684 403
411 728
1027 95
1028 1043
275 284
796 898
856 380
774 599
750 327
645 720
234 695
514 83
586 628
1050 674
351 904
282 379
579 529
381 537
540 409
631 329
931 404
279 698
1027 843
299 291
676 328
535 798
667 738
314 515
1133 898
569 674
265 521
537 971
585 345
949 173
328 452
530 116
285 866
907 492
181 958
1118 359
364 280
828 538
457 295
892 501
187 719
221 261
698 686
487 553
1101 366
633 200
421 363
540 397
879 393
1117 821
526 676
636 394
377 263
671 133
223 558
1046 195
818 560
696 681
483 406
758 751
907 919
537 798
547 843
758 726
463 27
913 822
377 391
632 255
964 67
491 181
681 266
342 179
587 516
674 668
525 839
275 497
469 120
346 673
184 780
633 820
687 698
348 654
747 489
1150 600
954 700
463 414
639 314
1000 859
301 709
221 357
480 426
501 802
984 710
903 138
393 186
1044 808
748 875
578 907
933 883
674 378
279 1000
223 725
793 887
861 110
1016 866
803 474
773 345
754 782
635 239
518 165
960 834
998 528
996 582
204 858
464 115
923 835
691 203
571 355
442 801
557 899
234 177
592 125
561 81
591 726
645 939
320 265
541 723
988 113
369 398
990 508
425 686
755 764
972 746
937 748
393 168
368 251
562 331
405 891
628 562
837 830
878 505
370 811
634 823
236 579
400 19
199 774
906 886
1018 249
344 836
681 774
1136 747
1067 798
550 99
478 514
264 551
497 182
557 252
651 331
993 675
622 297
982 895
459 720
781 409
465 584
579 567
483 560
740 852
666 472
151 785
634 804
961 446
928 976
589 866
1038 603
906 597
408 631
235 519
1037 990
790 533
127 71
519 374
306 496
498 759
533 418
456 243
670 493
484 505
727 446
708 308
493 738
889 326
590 374
973 640
517 556
296 604
627 802
664 828
854 524
495 571
143 1033
885 297
705 573
917 362
523 246
247 903
846 719
193 369
341 737
551 73
241 97
749 278
823 606
875 359
710 690
967 775
617 134
290 383
650 553
728 720
689 811
539 920
667 662
592 831
1096 643
804 442
758 654
436 314
127 753
757 900
180 764
609 527
380 474
412 90
937 908
1162 249
709 347
797 945
442 284
545 80
747 351
845 898
765 163
276 908
800 147
1036 287
420 234
438 386
927 111
980 810
342 942
567 574
926 753
612 723
1038 571
763 589
1149 76
993 674
990 803
275 594
832 546
411 312
885 63
1089 298
443 127
798 245
755 431
1017 654
763 894
307 971
957 84
244 919
687 461
1078 892
292 323
989 233
676 263
942 862
584 436
679 805
969 635
238 560
855 578
803 953
815 348
940 296
375 347
234 559
843 256
505 726
916 652
327 833
564 592
259 829
673 875
985 207
992 346
324 299
769 506
661 169
349 441
484 369
632 890
747 707
326 942
799 348
416 374
211 410
979 144
1076 145
399 241
558 745
517 448
565 731
228 914
809 983
338 437
578 645
1050 694
1055 850
372 758
920 266
640 855
368 353
765 113
922 664
714 647
601 236
339 250
760 846
508 464
920 726
598 639
350 204
404 790
978 319
797 387
284 199
720 602
474 579
566 458
1101 610
771 784
530 638
120 743
687 909
210 922
606 223
1085 473
989 603
249 719
729 515
345 952
301 578
1026 400
995 864
393 428
465 322
413 932
1004 244
758 909
732 358
449 160
538 437
834 822
423 534
206 396
899 333
1071 668
682 690
384 477
251 677
569 118
334 543
649 138
345 126
591 356
932 694
662 1040
692 730
1026 230
317 853
226 564
921 631
456 802
398 537
638 918
871 78
974 880
452 233
1027 317
515 237
427 165
864 372
395 829
971 847
490 346
978 539
781 871
943 747
493 114
420 598
681 1033
387 175
1055 757
308 300
903 402
523 439
880 769
902 805
610 153
1040 947
471 354
592 547
842 662
915 588
832 181
769 162
596 736
201 141
195 601
943 511
748 456
277 852
1045 464
1026 323
879 438
654 503
999 878
878 625
213 167
498 793
526 947
230 273
705 457
510 781
1039 837
810 410
772 131
643 256
395 310
944 770
1024 769
349 371
818 215
845 814
335 548
752 887
795 493
502 895
592 553
821 716
933 740
269 666
455 602
853 445
477 148
302 456
955 243
956 716
996 205
518 186
501 723
1094 351
248 9
204 734
495 704
302 729
303 296
669 185
135 966
709 545
930 823
298 36
798 415
1012 942
729 658
852 348
818 636
605 334
401 672
930 290
754 611
168 387
877 379
770 417
502 315
922 403
278 731
783 238
972 191
1002 445
326 993
349 942
319 184
283 157
277 502
429 824
475 734
425 983
470 874
978 62
745 498
361 132
823 377
851 189
854 525
304 840
887 409
361 612
234 243
426 442
951 535
539 100
259 644
985 587
199 568
960 77
955 493
262 595
490 813
652 394
586 891
1044 258
358 628
837 1031
557 520
235 641
1106 738
1015 776
678 816
162 586
368 907
309 609
933 958
429 425
537 188
786 791
634 373
464 848
986 897
773 662
960 581
982 743
418 856
1097 440
499 180
825 853
492 143
273 305
825 671
761 242
391 150
815 541
833 406
305 643
899 788
473 214
872 611
935 723
1019 45
855 436
418 509
467 412
1061 584
954 564
660 555
397 549
919 49
536 600
823 518
874 628
895 165
427 658
1061 444
535 850
444 198
443 605
248 444
664 945
981 367
882 756
910 585
406 383
1021 851
673 371
726 797
860 337
447 318
988 -5
518 88
416 804
1025 362
345 807
634 279
917 275
1005 856
526 286
980 741
739 715
1018 835
259 581
440 815
804 431
936 302
352 286
181 729
956 629
835 627
705 453
1014 726
439 172
676 778
479 159
265 244
862 431
815 387
548 227
404 662
296 766
990 473
356 360
634 938
457 790
286 192
628 455
730 271
578 731
941 844
630 532
295 599
676 887
145 82
536 953
364 58
224 782
1036 666
296 507
530 562
652 118
532 962
398 753
483 303
377 978
219 1013
266 628
822 620
363 551
1005 173
686 115
981 408
551 923
661 279
666 888
585 157
552 1044
1023 652
491 696
279 533
830 940
795 742
515 516
684 420
435 146
808 807
937 132
663 486
887 189
991 492
342 558
639 411
1105 340
941 109
371 836
579 605
794 304
944 810
1080 790
474 688
666 328
645 974
522 608
463 630
626 -3
444 293
918 619
694 272
1039 721
437 213
918 230
287 161
1014 848
248 34
953 297
411 875
609 805
1017 667
238 700
224 612
771 945
1108 946
634 648
434 418
1086 182
289 739
493 752
250 325
689 74
514 565
950 440
259 920
521 838
403 560
1019 358
554 861
680 625
771 695
927 421
431 477
865 481
536 464
636 156
515 493
530 727
256 870
703 849
896 654
953 510
367 302
743 909
1084 599
832 970
581 275
1036 723
792 222
200 852
998 624
562 152
454 230
986 100
421 169
970 783
711 881
678 317
390 357
955 639
333 701
665 409
796 776
334 242
693 867
801 918
403 459
565 677
942 492
431 685
320 880
1061 222
841 154
498 939
779 909
535 662
893 214
935 273
561 492
823 663
331 80
555 259
541 311
903 525
869 786
397 847
886 547
583 778
218 994
753 872
1007 822
875 143
385 290
409 812
909 373
793 800
331 567
290 151
862 834
1093 183
218 761
1128 98
701 581
273 811
918 875
798 236
593 699
307 467
673 240
934 320
212 775
233 740
520 202
938 641
1029 429
529 656
371 524
692 424
1030 465
808 179
528 619
198 873
909 834
989 133
884 768
195 517
601 513
164 64
325 561
516 816
1064 890
866 403
748 57
348 420
403 585
756 305
174 321
1050 511
803 900
930 548
757 266
861 145
244 239
375 700
327 293
361 808
942 131
362 38
933 199
679 967
231 598
644 223
967 1037
251 712
984 785
929 973
1004 622
281 717
576 142
694 876
815 756
703 938
1088 270
710 230
935 116
402 184
643 555
988 855
691 351
372 931
842 580
399 752
429 746
268 353
543 125
864 965
599 792
219 296
258 438
696 163
620 469
652 698
1053 34
581 132
1075 796
735 514
392 372
643 784
876 543
890 704
266 418
468 140
538 758
441 577
602 938
652 415
1104 872
982 200
406 334
614 349
1046 894
748 241
167 52
149 417
623 596
484 926
656 816
857 160
570 659
584 572
843 160
340 833
210 84
455 810
1140 233
620 624
505 629
440 297
897 759
387 680
496 433
760 797
879 146
691 375
251 122
793 578
953 766
986 345
573 394
884 671
645 690
929 654
894 94
746 257
552 191
625 296
627 805
522 153
560 519
813 276
537 640
1040 246
533 822
232 887
376 551
843 845
755 753
775 748
558 200
1078 753
975 425
587 470
261 537
454 841
365 805
238 962
975 319
682 129
984 508
425 182
806 662
859 510
200 442
723 374
1087 288
1109 86
596 802
671 101
529 753
1095 852
736 831
553 142
638 905
594 750
728 773
1159 677
986 163
266 432
1070 535
1054 708
1016 256
261 533
1056 842
468 471
248 804
569 297
336 757
240 403
283 854
651 455
636 329
1002 214
764 330
739 236
207 893
300 545
657 821
808 159
1000 745
547 577
706 763
736 289
578 417
947 945
481 707
777 663
168 448
921 381
503 212
676 273
232 647
427 677
719 374
1167 921
200 690
933 297
983 215
515 832
266 375
425 600
649 876
862 132
241 833
297 488
266 724
303 852
543 387
765 432
850 225
423 728
894 812
126 651
652 767
389 912
988 520
1119 878
962 82
247 431
712 492
781 126
597 90
723 144
1060 29
858 777
661 497
787 20
566 818
527 347
671 491
758 601
756 635
945 727
1062 38
425 248
437 307
825 810
463 5
628 785
863 710
271 115
693 453
280 546
679 801
675 256
513 434
794 915
1036 667
1098 531
971 115
916 154
387 632
204 786
744 918
629 270
627 113
478 63
401 200
365 704
1036 872
1078 143
229 631
828 520
423 707
323 547
838 805
635 593
987 263
825 651
282 414
620 163
762 588
703 335
1075 347
841 648
610 80
449 362
339 706
210 330
210 211
684 924
411 122
226 680
993 175
306 162
582 680
499 757
937 530
569 495
848 828
748 266
979 512
470 26
314 851
199 506
922 580
1036 823
704 120
313 145
759 37
750 429
825 754
417 444
323 955
399 13
978 686
874 954
675 670
770 87
950 7
230 721
700 749
611 880
912 834
390 813
911 895
594 823
462 888
503 827
563 685
169 794
894 414
522 515
212 627
574 807
723 960
739 634
544 458
766 446
172 776
570 523
275 650
1052 920
517 439
1098 506
1029 866
834 651
748 71
410 548
402 578
937 753
1002 782
883 502
817 533
1011 907
499 733
426 602
500 627
377 797
927 835
857 91
336 546
278 404
590 244
862 401
513 804
833 896
281 898
682 658
267 724
779 985
291 430
186 465
751 64
435 524
575 180
592 325
444 479
667 433
948 671
413 183
182 646
649 223
929 246
605 189
750 347
678 160
771 588
588 172
340 66
517 850
785 448
1099 260
914 782
886 193
572 800
569 495
917 367
1057 663
427 573
629 307
863 185
842 286
318 200
409 237
176 49
691 809
1172 287
447 453
938 764
542 417
1031 523
871 105
1050 418
949 730
100 322
726 256
563 460
633 377
762 796
856 795
820 498
333 995
1037 231
404 699
516 397
150 857
332 299
622 301
936 745
588 444
834 335
450 817
338 159
834 352
873 583
1085 264
656 464
867 652
750 924
840 433
727 42
164 548
1055 888
339 974
727 870
563 438
264 827
157 146
396 856
364 956
435 354
932 625
936 277
364 473
389 359
812 805
330 209
375 232
451 548
685 841
328 537
1050 145
661 787
203 351
1017 847
523 189
953 410
456 648
627 293
308 613
819 675
282 768
704 479
251 451
568 561
661 624
1008 884
936 704
804 616
561 432
558 837
667 717
994 545
1085 28
868 329
631 33
583 777
752 281
460 61
642 146
642 864
971 785
446 748
1037 158
960 604
286 672
555 659
419 739
535 334
329 777
246 501
987 751
421 604
923 246
415 500
285 718
224 799
646 -16
663 386
723 158
813 378
1029 577
759 577
720 830
1114 258
291 694
478 846
937 446
782 331
508 739
257 667
303 677
646 460
417 236
559 505
614 908
759 717
855 155
798 241
478 547
320 878
559 425
619 300
190 633
956 642
971 840
938 775
351 346
1006 570
315 405
319 141
177 189
941 574
1009 390
542 753
533 305
358 512
361 728
815 63
450 659
491 563
823 653
767 580
944 840
492 923
778 713
852 887
965 888
357 930
407 649
858 39
855 601
805 680
1137 363
315 577
297 340
809 35
977 146
361 288
747 683
958 439
700 441
1116 439
246 358
299 348
953 290
488 383
745 723
860 621
721 655
569 364
492 1047
112 790
707 224
168 367
273 459
607 197
1104 575
643 506
855 93
289 283
461 787
974 1009
568 405
1013 576
415 625
487 366
602 165
977 201
260 325
478 515
1105 54
520 443
599 347
356 324
920 147
696 573
190 663
818 621
590 514
720 645
224 715
714 921
751 343
347 716
253 511
336 224
298 688
487 372
355 337
968 315
346 932
248 376
351 130
1039 591
748 337
370 597
321 86
351 239
544 269
363 603
404 345
940 396
318 713
719 719
344 843
894 515
378 284
305 197
264 88
834 671
1035 673
600 352
1027 765
766 193
878 877
646 604
902 310
888 699
292 964
894 901
473 405
610 801
1104 742
591 675
709 728
974 876
264 731
936 341
612 703
200 708
378 955
1009 331
704 8
306 886
333 141
824 998
381 839
334 320
845 206
462 501
534 288
188 461
1020 242
229 766
709 412
913 267
637 565
555 109
566 450
1012 897
321 641
995 110
710 612
577 899
861 832
283 702
688 754
307 118
850 5
1041 525
832 378
615 478
758 849
576 195
250 239
374 633
658 895
892 216
760 813
868 627
506 537
782 15
457 352
225 825
640 211
466 654
637 661
831 486
563 420
834 223
579 403
628 604
486 374
958 592
244 250
559 701
1047 405
826 330
501 166
857 875
585 286
1093 563
481 397
206 99
997 284
1053 311
1012 281
591 906
426 310
982 7
956 730
1093 758
597 756
686 949
598 480
161 668
380 633
1055 709
134 534
601 42
851 342
779 916
163 573
1011 836
588 426
989 263
1148 632
972 857
948 803
250 875
840 745
776 66
466 908
326 330
793 467
1001 250
289 118
988 608
894 309
898 462
660 427
324 448
335 427
1055 753
891 488
355 810
504 152
310 843
285 577
660 294
465 369
840 553
969 546
823 505
245 924
834 775
128 75
428 347
143 964
256 737
600 129
719 570
341 465
1048 164
296 525
785 520
395 901
677 417
941 194
1027 446
445 497
687 402
882 771
1113 973
356 691
1072 974
809 163
612 338
319 862
450 883
1119 764
344 914
745 133
489 566
530 499
384 638
302 664
765 47
497 1024
393 462
764 475
362 215
897 0
551 289
717 413
263 803
583 694
583 292
663 873
779 209
975 85
160 883
243 1011
733 855
534 651
1022 491
281 637
475 509
1078 -20
528 93
235 92
919 722
972 447
1086 937
694 486
978 573
786 762
801 567
759 706
913 517
561 107
876 739
771 190
625 526
777 68
932 900
263 345
875 886
1060 137
263 639
830 231
276 272
351 711
990 823
647 985
643 307
310 633
331 523
732 203
1074 415
932 768
1090 402
274 424
228 138
589 515
368 537
800 621
1157 841
396 188
610 576
347 463
620 489
975 573
878 431
781 806
566 660
313 893
752 152
1073 40
376 914
318 302
663 153
1051 62
787 520
906 128
580 972
935 514
432 522
513 969
730 515
290 883
813 250
432 650
737 743
940 386
379 519
733 636
429 745
693 723
595 363
559 627
1023 837
655 473
225 314
820 727
580 714
278 618
559 335
330 597
362 172
887 406
334 1009
1049 678
1028 77
1002 963
202 850
1040 415
705 496
381 901
405 517
740 600
1108 295
966 127
956 160
476 138
857 889
429 582
1006 437
285 807
927 676
1027 819
627 945
800 580
806 180
470 175
326 332
235 450
714 453
479 375
783 645
921 401
439 694
530 16
894 157
1061 213
139 174
1073 550
1001 191
247 357
446 913
312 582
773 324
676 668
779 780
936 131
764 199
370 187
296 1041
866 990
445 985
288 390
490 950
521 236
287 685
1091 164
308 146
320 363
344 1017
802 464
856 427
571 826
831 440
520 305
311 220
361 557
698 195
398 556
1028 81
531 677
731 35
361 696
196 204
519 656
441 185
442 473
941 639
507 872
813 874
943 336
763 395
934 413
685 716
504 908
741 982
287 81
1011 136
431 805
885 774
793 373
168 318
495 939
679 771
552 846
574 435
778 228
726 754
558 880
513 955
807 774
361 124
820 751
433 408
801 433
601 108
573 813
953 670
982 649
153 88
1011 585
741 418
171 131
601 415
806 556
352 188
413 715
615 235
279 752
223 705
143 297
847 667
338 626
720 357
796 485
291 889
450 220
987 187
581 202
709 336
534 816
1095 568
697 828
573 269
869 968
519 448
471 624
940 443
175 321
625 567
456 128
519 519
625 214
772 702
651 147
737 742
592 913
526 302
1001 363
358 215
686 717
659 329
1093 440
228 557
824 474
997 380
771 871
360 813
933 600
478 768
903 282
347 631
271 850
868 626
660 790
970 114
185 606
240 915
1031 343
498 373
777 500
489 544
935 361
488 593
598 220
