1011 533
692 780
210 271
478 738
309 202
789 423
952 915
489 514
947 503
769 490
559 668
661 879
418 483
468 589
909 414
191 567
800 173
406 878
1016 793
1065 441
650 332
707 923
882 722
847 108
705 281
931 629
997 774
800 117
398 895
608 388
550 424
506 641
1076 201
542 777
344 861
684 509
787 368
1057 921
603 398
866 582
216 365
1077 656
628 188
704 654
1092 647
520 385
247 782
658 812
670 156
245 588
580 955
614 211
642 315
889 384
961 106
305 734
1141 926
493 550
426 653
375 429
584 867
859 94
961 176
802 836
731 380
656 444
301 734
767 340
1021 296
603 419
780 209
595 69
547 788
935 729
709 597
242 212
192 526
731 243
378 652
508 515
670 279
1066 713
937 290
342 261
798 124
129 823
737 820
650 877
762 644
512 502
237 403
664 237
1058 851
747 88
566 129
597 333
897 833
446 620
225 669
901 214
885 850
470 100
326 912
507 695
649 278
657 958
367 617
195 288
665 590
388 511
774 539
302 565
586 239
744 236
565 164
844 532
367 217
999 674
276 690
757 679
1113 641
558 311
823 272
676 330
683 324
442 496
902 924
918 515
309 101
697 275
609 433
312 462
689 484
448 511
845 419
1159 876
758 243
682 748
410 932
419 628
973 234
495 881
449 288
259 162
564 646
286 696
749 237
941 313
1076 199
309 1022
786 217
578 674
591 577
702 799
749 362
957 581
369 713
812 143
1040 794
743 234
1059 365
383 118
1037 710
962 872
241 821
700 935
780 553
343 458
687 439
1043 185
805 413
1004 873
942 799
1017 678
329 318
490 782
797 630
715 409
278 656
441 264
1026 393
1017 282
591 185
608 510
404 861
492 417
499 268
865 346
775 341
879 641
292 510
455 606
1065 668
887 151
898 547
591 819
690 407
607 707
774 916
512 930
505 868
930 193
833 129
905 778
724 989
460 633
699 813
906 852
996 414
750 424
259 566
774 769
726 557
1091 892
723 167
285 190
545 889
1043 562
211 351
926 73
838 183
846 832
1014 383
420 324
668 569
378 704
588 279
713 671
890 892
929 561
1011 639
660 946
419 299
353 584
292 137
318 303
581 360
443 694
1085 765
681 426
389 420
886 411
713 757
675 662
246 299
178 567
548 210
826 262
635 239
500 557
750 554
899 699
718 172
566 89
403 652
962 939
465 821
648 427
1031 275
906 340
861 217
609 275
288 484
1042 903
773 968
884 652
636 479
238 870
271 289
1021 124
586 413
316 256
706 639
635 504
828 508
255 801
412 709
1125 752
285 251
725 817
285 674
644 856
943 422
832 933
339 895
682 557
731 513
393 442
428 681
672 746
1042 114
1051 183
601 3
379 473
304 147
1030 240
608 428
882 862
423 483
652 978
693 580
302 161
116 362
347 776
781 928
948 601
903 528
390 701
1043 227
762 386
322 232
1069 359
480 633
821 50
465 492
730 221
685 962
606 607
670 317
816 236
833 248
802 166
458 281
643 399
1044 179
422 417
867 432
505 141
394 770
173 324
135 224
196 681
1124 312
176 213
244 542
905 608
896 821
324 238
318 680
143 -29
651 891
689 822
276 188
759 694
896 410
627 441
613 301
1046 683
360 390
986 705
818 536
307 179
906 58
351 561
683 701
562 533
700 540
745 589
782 378
416 861
933 824
941 103
161 787
989 446
476 255
214 188
832 477
748 55
178 867
757 938
700 376
758 473
536 579
813 876
498 196
181 689
1108 53
950 81
1031 19
1055 200
855 154
971 491
439 530
405 654
333 301
366 819
993 820
736 437
932 46
208 700
949 505
513 20
1118 925
821 529
864 544
922 867
599 575
670 728
625 124
1024 195
211 383
347 879
280 776
317 226
320 843
942 832
563 522
791 911
543 819
144 602
359 107
1074 573
870 116
329 858
589 584
644 651
803 526
1124 679
931 284
302 718
773 810
287 742
881 1020
970 527
943 355
550 796
648 364
503 169
158 487
914 173
982 729
540 294
645 516
570 601
597 110
582 993
608 708
842 910
884 576
619 790
662 130
711 909
589 896
285 800
832 343
324 639
763 773
946 516
736 514
139 262
1038 683
777 878
678 683
761 793
968 210
720 565
474 751
1001 689
231 538
331 368
340 467
308 479
317 871
988 929
762 398
641 638
628 124
314 725
677 613
472 908
904 62
537 204
376 205
726 243
385 167
1071 547
442 603
506 967
699 567
350 902
271 733
804 712
634 397
759 274
583 357
653 119
626 591
906 841
304 74
438 442
829 650
471 113
242 494
1021 208
276 528
730 938
889 288
956 473
1040 856
735 262
1107 487
1113 255
578 755
800 941
457 880
579 501
1102 80
896 358
514 106
1078 196
656 559
426 492
381 541
618 466
209 725
683 300
887 262
773 873
585 934
735 898
625 309
388 790
665 672
540 1016
845 868
329 761
922 626
723 354
621 781
916 736
195 589
224 380
388 609
875 535
546 522
296 288
589 221
801 415
804 905
816 695
833 869
749 852
1032 300
1043 189
965 552
825 64
720 892
689 299
958 113
448 790
960 865
249 493
365 346
723 755
416 56
1047 283
701 807
671 320
1095 387
817 931
612 403
953 183
173 58
644 185
957 942
569 136
780 313
525 229
1047 401
177 753
622 534
1031 559
1154 186
850 95
382 950
867 914
441 431
905 315
837 139
476 351
856 637
212 504
550 893
359 673
984 655
669 688
766 264
261 127
193 729
622 180
379 183
298 501
290 298
647 215
843 288
685 656
419 355
940 705
795 768
857 478
220 775
170 256
803 129
795 633
852 107
678 89
576 787
1015 289
521 414
690 954
1014 703
1139 258
806 70
576 496
689 104
1040 670
588 558
809 523
642 104
428 259
805 403
518 703
778 215
189 367
548 303
291 444
630 629
576 323
341 463
461 685
487 193
359 283
962 183
361 443
661 426
913 266
887 523
946 485
685 743
762 546
992 712
985 633
520 888
491 838
549 650
557 837
522 415
773 464
460 135
541 398
539 149
486 843
805 368
207 455
334 890
752 899
298 195
859 42
1077 556
1022 603
577 503
832 214
1080 341
746 709
752 737
366 906
306 396
851 900
676 500
975 724
1073 532
389 386
376 491
639 499
872 888
1070 909
805 96
153 999
1020 822
281 585
756 559
247 879
1036 348
185 700
500 211
937 370
114 530
319 870
310 498
888 200
431 845
122 612
433 614
919 47
537 636
741 156
1044 134
666 786
955 924
586 154
832 751
975 830
464 357
567 902
247 211
389 261
938 310
711 362
567 881
1020 217
211 786
725 631
187 88
860 365
334 784
182 641
500 273
365 726
422 899
465 631
227 830
327 659
707 104
578 546
539 423
1055 188
685 73
200 577
219 336
1040 486
712 379
974 939
200 46
553 645
952 207
834 121
1022 710
912 173
286 570
672 748
659 730
892 393
1029 500
995 189
441 134
371 190
485 810
1080 383
718 744
1057 399
580 45
983 65
625 721
935 351
611 597
455 599
859 90
214 410
299 173
827 768
335 378
318 700
608 873
447 501
923 413
240 903
842 34
566 277
918 687
150 962
482 883
257 345
1015 236
727 678
361 571
756 247
700 415
408 744
895 239
496 838
939 596
256 569
888 395
763 293
436 571
1025 528
188 906
753 205
631 71
490 634
831 724
650 401
1019 817
673 168
632 234
918 756
370 329
684 711
1007 879
367 281
685 512
315 710
711 180
773 649
880 884
1057 883
159 742
946 775
295 214
1000 781
386 131
781 721
1105 60
933 794
202 817
587 247
948 583
878 867
969 715
366 285
793 264
627 464
1010 83
165 892
261 476
969 897
918 924
283 834
935 898
881 552
659 322
210 440
318 605
666 142
579 187
705 521
233 511
660 800
669 884
843 810
660 623
845 407
721 455
319 381
708 723
829 782
892 229
1047 511
370 244
969 760
541 872
912 154
957 176
644 724
851 561
576 187
1142 60
253 449
601 496
987 103
571 568
454 456
608 133
916 420
490 117
937 215
173 346
688 334
226 664
457 234
573 358
821 820
487 719
242 82
318 85
1025 264
672 352
225 356
892 307
754 558
515 743
631 608
1144 993
751 128
319 311
740 65
869 832
223 724
616 418
435 281
494 990
1019 324
541 911
921 529
270 849
369 333
765 218
554 443
197 364
510 438
479 707
645 312
292 160
433 235
1036 354
958 963
1011 141
643 481
825 302
475 600
754 788
621 251
322 337
461 746
1080 375
972 234
403 154
510 150
1071 835
392 324
896 833
889 158
223 55
1038 841
546 369
368 667
674 712
163 246
608 232
319 28
1143 1041
628 767
603 792
665 913
896 837
281 205
570 449
1056 256
1071 242
855 682
761 142
261 859
756 868
417 287
918 164
932 329
1111 68
1021 627
539 922
981 981
649 327
516 899
424 566
832 967
890 606
620 751
580 270
716 558
745 125
502 911
596 208
788 557
475 645
723 433
275 99
147 585
1093 995
1035 471
276 43
819 266
759 280
756 220
766 113
961 235
736 732
708 840
380 828
309 861
256 930
827 489
239 191
600 361
356 364
853 494
544 1011
525 344
310 892
312 258
1138 482
684 866
963 792
247 276
1051 199
858 253
426 319
671 723
925 903
1042 809
576 840
855 699
649 828
285 757
684 763
977 315
675 208
921 658
470 863
165 282
532 532
381 419
339 510
363 814
266 609
974 564
701 253
888 674
472 582
1078 733
1009 747
450 596
618 871
403 229
785 285
197 813
648 219
486 899
1068 726
667 711
396 109
267 553
830 741
1057 681
949 498
455 284
686 158
183 184
978 147
262 929
960 431
1094 234
1010 636
742 758
539 705
987 640
827 703
805 335
282 697
535 -10
1026 964
636 715
691 833
250 113
329 681
203 838
381 760
357 768
1033 613
234 786
816 696
1043 121
322 901
954 29
961 870
729 906
492 413
256 557
803 320
650 405
124 579
766 94
602 172
1149 731
859 732
429 780
355 2
803 909
287 286
178 65
843 223
557 636
785 440
1056 1006
357 1019
347 240
975 167
548 70
762 745
607 338
948 748
829 632
461 734
1028 238
1004 192
688 877
1003 259
390 839
464 696
744 583
980 197
723 703
807 226
266 103
687 718
828 568
682 99
329 805
958 664
430 719
664 339
905 744
928 641
996 874
279 639
386 522
757 847
960 376
598 201
923 715
823 751
199 136
445 593
999 806
1044 472
581 527
328 392
961 557
655 813
765 613
948 824
255 512
913 532
837 51
629 493
565 249
321 255
487 597
244 714
639 876
399 113
689 746
459 195
897 410
622 293
573 397
704 647
561 446
341 434
756 154
224 877
762 25
413 123
322 778
262 689
539 367
1040 922
308 593
642 178
798 544
646 668
551 926
769 428
804 232
733 746
921 198
671 351
484 739
396 325
813 477
737 125
780 730
489 736
175 515
469 915
921 367
313 705
336 653
1080 118
825 701
285 627
218 461
422 566
897 99
578 291
324 894
667 421
321 857
586 865
356 188
463 252
1006 373
694 831
843 483
327 831
413 582
523 893
371 315
302 477
570 782
509 557
956 942
225 811
900 296
735 229
391 179
704 506
585 1024
398 746
735 690
472 245
904 430
1131 1036
513 541
861 668
278 169
590 149
256 39
935 125
430 543
379 231
636 908
962 463
1028 787
962 976
344 132
588 212
597 308
507 734
738 717
430 192
622 810
339 930
958 706
939 331
1066 390
984 392
874 435
831 368
459 410
593 166
405 379
183 282
840 224
250 216
1033 513
434 606
290 335
893 40
369 882
456 786
705 362
448 407
290 179
203 284
553 778
404 274
355 595
308 869
248 939
282 823
786 397
638 264
479 291
841 288
291 139
310 654
722 681
296 830
773 194
529 518
1031 148
770 4
1058 142
953 776
627 938
395 587
941 246
660 766
257 16
427 712
829 632
443 882
243 808
984 287
314 757
347 464
818 558
847 113
947 274
987 47
395 194
200 442
214 213
175 764
679 831
530 327
941 891
995 670
897 898
380 466
269 703
315 858
410 262
589 616
549 791
385 921
802 732
358 235
704 526
264 563
233 1014
422 109
901 569
465 874
521 270
576 730
589 519
262 737
603 407
320 532
504 297
970 712
341 765
286 411
927 279
264 806
443 572
281 194
271 499
912 199
717 518
1073 843
747 853
599 673
779 796
957 839
486 271
820 691
699 507
806 850
893 447
908 882
668 393
739 424
764 409
243 718
188 137
1092 516
338 56
1032 379
710 123
509 464
858 423
683 591
922 125
648 235
545 165
291 740
250 375
816 416
544 852
712 906
730 26
443 640
985 935
711 480
561 459
433 177
825 372
228 562
736 851
462 850
1075 576
902 840
370 85
620 237
529 452
452 80
521 683
572 464
409 566
740 985
1021 851
478 395
1142 108
955 970
1000 130
235 157
418 120
566 624
1061 405
680 713
883 147
948 998
463 327
829 865
455 802
870 781
828 276
744 426
692 137
846 571
729 841
845 759
913 246
619 780
534 727
739 437
490 588
620 483
360 823
486 670
328 240
747 121
303 605
468 395
218 626
523 743
499 190
432 830
333 736
819 167
1075 839
694 642
1011 720
484 834
837 579
313 725
1138 742
419 377
616 151
924 323
576 900
763 634
841 366
468 596
297 773
673 240
416 258
413 275
920 193
555 89
613 964
258 245
170 704
1027 879
852 484
389 672
1018 574
493 549
480 96
804 289
790 17
738 729
991 324
1100 45
701 155
247 505
388 897
1145 811
579 98
922 890
767 379
1083 125
714 581
865 969
367 289
512 308
909 840
954 810
237 311
682 756
156 302
559 791
1031 808
526 685
610 271
830 901
449 291
699 843
948 389
942 672
824 674
715 823
829 667
555 749
273 424
549 456
808 205
602 55
705 164
661 241
423 335
473 115
683 14
218 742
233 884
954 468
769 365
961 123
808 548
805 254
208 409
180 788
1073 940
361 272
671 471
1084 1004
860 717
1063 219
855 852
844 728
906 671
199 228
440 572
418 623
456 416
205 80
1012 795
897 198
256 350
1015 169
912 258
903 115
981 542
862 862
971 722
245 401
302 483
543 414
603 609
491 836
1075 522
247 345
438 296
280 773
663 112
1022 887
651 726
896 943
645 950
590 501
278 419
698 563
436 276
930 90
580 784
504 312
401 144
713 112
288 -5
810 278
586 264
588 928
494 325
1073 788
266 89
343 425
366 136
854 758
369 919
720 186
294 470
312 589
589 131
347 822
285 794
596 340
475 738
1073 907
409 596
471 921
1013 598
450 639
1011 702
660 285
823 345
860 306
482 926
560 337
514 568
1146 186
326 740
935 592
254 731
732 467
363 564
267 555
818 993
860 512
260 447
720 796
686 253
425 84
762 232
408 410
511 309
1052 104
442 119
300 646
703 417
571 159
721 878
597 388
1125 81
334 207
668 1007
340 543
658 666
955 478
292 260
743 926
774 409
537 183
980 838
1032 367
612 309
205 405
791 292
427 403
328 689
551 815
940 120
917 95
1071 585
415 386
840 318
1013 437
186 415
509 201
773 411
1020 453
1077 175
844 656
605 861
341 244
509 159
586 708
249 830
989 202
714 110
1042 132
615 283
313 939
332 186
772 978
838 963
342 792
982 549
1101 963
374 564
909 477
297 813
471 605
1019 648
331 144
150 843
506 952
970 335
540 705
494 412
653 851
163 238
862 255
232 856
930 77
845 449
1000 424
567 984
846 798
705 682
717 113
834 520
483 121
1125 251
391 436
664 160
358 604
263 717
330 612
235 219
396 427
528 878
136 412
444 391
313 892
199 834
1110 257
1075 36
432 599
744 445
796 290
885 660
427 898
321 789
812 702
949 603
498 727
278 719
333 962
657 116
794 462
605 850
434 235
896 447
625 274
768 880
347 691
826 282
1043 99
419 377
211 850
707 647
243 990
974 511
948 580
167 958
494 699
288 188
485 116
241 343
528 32
914 370
941 337
968 657
591 644
344 377
658 439
345 539
546 294
634 368
197 506
239 177
590 536
307 183
820 839
601 734
526 861
178 35
459 524
677 421
129 771
400 130
965 927
548 198
267 176
454 737
386 359
960 133
358 864
708 634
1019 124
959 891
491 843
407 514
348 394
212 725
886 650
254 735
444 544
1074 920
589 451
1015 849
600 199
612 292
619 542
962 615
279 834
825 710
647 299
640 477
462 256
1074 633
658 735
684 366
752 711
867 545
346 447
958 486
366 808
1041 304
381 724
441 298
701 478
634 229
908 551
646 432
757 596
619 321
443 771
456 528
305 921
580 435
425 510
886 564
900 410
991 161
241 430
652 300
278 633
297 751
189 818
670 334
210 17
504 345
935 900
891 194
447 54
257 428
869 718
168 100
576 812
824 114
431 403
876 973
1021 819
213 1008
937 146
560 368
732 816
647 766
1121 396
925 749
358 154
655 152
1113 706
937 503
727 264
990 314
422 579
516 937
479 957
740 221
727 599
270 774
787 405
700 574
465 458
1023 720
1029 366
607 766
691 58
992 773
1026 694
424 732
221 411
786 963
703 25
517 394
877 875
974 206
1025 236
385 69
795 257
818 625
1020 877
533 815
257 602
373 75
1026 150
1064 699
535 864
496 762
654 835
833 624
757 80
1104 387
774 111
678 495
904 684
738 888
773 550
231 793
599 304
816 166
227 825
920 145
722 504
1031 189
522 406
925 451
895 386
612 983
419 817
871 648
397 735
627 759
774 695
594 306
200 125
260 391
331 23
219 754
600 303
808 1042
548 325
524 240
1081 189
1018 207
729 277
604 80
648 312
691 400
588 682
1045 239
923 224
760 250
1100 59
386 445
434 841
331 372
752 506
609 256
582 257
468 688
404 875
253 542
392 660
813 387
377 914
226 728
659 947
254 379
385 323
785 486
356 594
291 590
357 850
1046 92
824 58
263 442
639 122
858 859
1087 182
909 560
873 235
478 282
758 881
124 139
412 720
656 313
276 989
860 323
1055 393
414 424
381 69
307 613
462 192
1026 208
879 984
219 654
222 286
488 953
883 98
968 174
222 746
576 252
1018 156
919 247
909 760
976 615
775 242
351 610
330 748
728 435
581 867
308 777
981 753
400 346
382 169
262 352
412 658
841 226
503 880
482 520
969 507
1086 183
450 840
944 496
510 213
1091 545
578 500
942 630
1063 911
979 460
649 49
681 376
898 591
295 903
724 176
466 827
869 584
710 235
821 653
700 755
680 81
978 87
923 827
962 610
663 130
808 300
